0 1 3
1 2 3
2 3 3
3 4 3
4 5 3
5 6 3
6 7 3
7 8 3
8 10 3
10 11 3
11 12 3
12 13 3
13 14 3
14 16 3
16 17 3
17 18 3
18 19 3
19 20 3
20 21 3
21 22 3
22 23 3
23 24 2
24 25 0
25 26 3
26 27 3
27 28 3
28 88 0
30 88 0
30 31 3
31 32 3
32 33 2
33 34 2
34 35 3
35 36 1
36 37 3
37 38 3
38 40 3
40 41 1
41 42 1
42 43 3
43 44 3
44 45 3
45 46 3
46 47 3
47 48 3
48 49 1
49 50 3
50 51 3
51 52 3
52 53 2
53 54 3
54 55 3
55 56 3
56 57 3
10 67 1
8 67 1
38 39 3
39 40 3
14 73 3
16 73 3
43 102 3
44 102 3
41 99 2
36 94 2
53 111 2
37 94 3
7 64 3
42 100 3
43 100 3
50 108 3
52 110 3
6 64 3
14 72 3
28 86 3
35 93 3
45 103 3
46 103 3
51 110 3
53 110 2
5 64 3
11 69 3
12 69 3
72 73 3
86 88 0
32 90 3
33 90 2
47 105 2
48 106 2
51 108 3
54 111 2
2 60 3
3 60 3
7 65 3
8 66 3
13 71 3
14 71 3
25 83 1
33 91 3
34 91 2
34 93 3
37 95 3
38 95 3
49 106 0
51 109 3
0 58 3
0 59 3
1 59 3
3 61 3
4 62 3
5 63 3
65 66 3
10 68 3
10 69 3
12 70 3
16 74 3
18 77 3
19 77 3
20 78 3
23 82 2
24 82 3
25 82 1
26 83 1
26 85 3
27 85 3
35 94 1
39 95 3
40 99 3
46 104 3
48 105 1
49 107 3
50 107 3
108 109 3
109 110 3
54 113 3
55 113 3
57 115 3
59 60 3
60 61 3
61 62 3
62 63 3
63 64 3
64 65 3
67 68 0
69 70 3
70 71 3
73 74 3
18 76 3
77 78 3
21 78 3
31 89 1
31 90 3
103 104 3
56 115 3
68 69 3
17 74 3
17 76 3
21 80 3
22 80 3
82 83 2
28 85 3
30 89 1
89 90 0
90 91 2
93 94 1
94 95 3
100 102 3
44 103 3
47 104 3
107 108 3
58 59 3
66 67 1
71 72 3
42 99 3
102 103 3
106 107 1
110 111 0
55 114 3
56 114 3
76 77 3
21 137 3
23 80 3
85 86 3
91 93 2
39 99 3
99 100 3
105 106 0
39 97 3
104 105 3
74 76 3
80 137 3
78 137 3
114 115 3
83 85 0
111 170 2
54 170 3
113 114 3
23 139 3
88 89 2
95 97 3
80 139 3
82 139 2
113 170 3
39 156 3
99 156 3
85 142 3
97 156 3
110 168 0
111 169 2
83 142 0
109 168 0
88 146 0
89 146 0
95 154 3
95 155 3
97 155 3
100 159 3
102 159 3
82 140 0
86 145 3
88 145 1
94 152 3
103 160 3
104 162 3
83 141 0
95 152 3
102 160 3
72 131 3
73 131 3
76 133 3
139 140 3
89 148 0
90 148 3
93 151 1
94 151 3
154 155 3
99 157 3
115 173 3
74 132 3
74 133 3
76 134 3
77 136 3
86 144 3
145 146 3
91 150 0
93 150 0
100 157 3
103 162 3
67 125 3
68 125 1
71 129 3
73 132 3
77 134 3
78 136 3
85 144 3
105 162 3
105 164 3
106 164 1
111 168 2
114 173 3
58 116 3
59 117 3
60 118 3
61 119 3
62 120 3
62 121 3
63 121 3
64 122 3
65 123 3
66 124 3
68 126 3
69 127 3
70 128 3
72 129 3
132 133 3
133 134 3
77 135 3
85 143 3
91 149 0
152 153 3
95 153 3
159 160 3
105 163 3
107 164 3
107 166 3
108 166 3
108 167 3
109 167 3
113 171 3
116 117 3
117 118 3
118 119 3
119 120 3
121 122 3
122 123 3
123 124 3
67 124 0
125 126 0
126 127 3
127 128 3
128 129 3
134 135 3
135 136 3
136 137 3
140 141 3
142 143 3
163 164 3
107 165 3
167 168 0
141 142 3
151 152 3
153 154 3
156 157 3
157 158 3
100 158 3
162 163 3
164 165 3
165 166 3
166 167 3
168 169 3
170 171 3
114 171 3
124 125 1
143 144 3
90 149 3
149 150 3
150 151 1
155 156 3
158 159 3
169 170 3
120 121 3
131 132 3
144 145 3
146 148 3
129 131 3
160 219 3
103 219 3
114 172 3
172 173 3
162 219 3
171 172 3
148 149 3
134 193 3
135 193 3
144 202 3
146 205 3
131 188 3
148 205 3
164 223 3
173 231 3
163 221 3
165 223 3
139 196 3
140 198 3
141 198 3
143 202 3
172 231 3
120 178 3
132 190 3
136 195 3
137 195 3
137 196 3
80 196 3
139 197 3
140 197 3
148 206 3
149 206 3
157 215 3
159 217 3
119 178 3
123 181 3
124 181 3
131 190 3
143 201 3
152 210 3
156 215 3
158 215 3
158 217 3
169 227 3
170 227 3
172 230 3
230 231 3
116 174 3
117 174 3
118 176 3
120 179 3
129 187 3
129 188 3
135 194 3
136 194 3
142 200 3
146 204 3
150 208 3
151 210 2
160 217 3
168 225 2
171 229 3
172 229 3
117 176 3
119 176 3
121 179 3
187 188 3
195 196 3
141 200 3
201 202 3
145 204 3
149 208 3
162 220 3
163 220 3
163 222 2
164 222 3
166 223 3
166 224 3
167 224 3
167 225 0
168 227 3
170 228 3
171 228 3
229 230 3
122 180 3
123 180 3
124 182 3
125 183 3
126 184 3
127 185 3
128 186 3
131 189 3
196 197 3
204 205 3
154 212 3
155 212 3
155 213 3
156 214 3
158 216 3
218 219 3
220 221 3
179 180 3
180 181 3
125 182 0
126 183 1
184 185 3
185 186 3
186 187 3
188 189 3
189 190 3
133 250 3
143 200 3
151 208 0
153 211 3
213 214 3
214 215 3
160 218 3
219 220 3
222 223 3
181 182 3
182 183 1
183 184 0
194 195 3
197 198 3
144 203 3
145 203 3
205 206 3
151 209 2
153 210 3
211 212 3
216 217 3
228 229 3
132 250 3
193 194 3
200 201 3
208 209 1
209 210 1
212 213 3
178 179 3
210 211 3
215 216 3
217 218 3
221 222 3
225 227 3
227 228 3
202 203 3
174 176 3
176 291 3
203 204 3
224 225 0
174 291 3
178 235 3
119 235 3
190 250 3
223 224 3
176 235 3
198 200 3
206 208 3
215 273 2
218 277 3
219 277 3
220 278 3
134 250 3
200 257 3
225 284 3
193 250 3
198 257 3
208 265 3
249 250 3
206 265 3
218 275 2
277 278 3
227 284 1
182 240 3
190 249 3
208 266 3
187 246 3
188 246 3
202 260 3
203 260 3
214 273 2
217 275 0
224 284 0
216 273 3
221 279 3
227 285 3
228 285 3
183 240 0
212 270 2
213 272 2
214 272 3
179 237 3
183 241 3
184 241 1
189 247 3
195 253 3
196 253 3
204 263 3
205 263 3
211 269 2
213 270 2
220 279 3
228 286 3
229 287 3
230 287 3
178 237 3
186 244 3
190 247 3
197 255 3
197 256 3
198 256 3
206 263 3
213 271 3
223 282 0
224 282 0
229 286 3
181 240 3
185 244 3
196 255 3
256 257 3
200 258 3
201 258 3
209 268 2
210 268 0
210 269 3
223 281 3
224 283 0
180 237 3
184 242 3
185 243 3
187 245 3
189 246 3
190 248 3
193 252 3
194 252 3
194 253 3
196 254 3
201 259 3
204 262 3
209 267 2
270 271 1
222 279 3
222 281 3
241 299 0
242 243 3
243 244 3
244 245 3
246 247 3
247 248 3
248 249 3
253 254 3
255 256 3
258 259 3
259 260 3
203 262 3
262 263 3
266 267 1
267 268 3
272 273 3
278 279 3
281 282 0
286 287 3
230 288 3
240 241 1
241 242 0
245 246 3
252 253 3
265 266 3
222 280 3
283 284 3
284 285 0
285 286 3
287 288 3
181 239 3
254 255 3
257 258 3
268 269 3
212 269 0
271 272 3
279 280 3
231 347 3
180 239 3
280 281 3
174 232 3
235 291 3
178 236 3
263 265 3
282 283 3
236 237 3
180 296 3
216 275 0
230 347 3
235 236 3
239 296 3
239 240 3
288 347 3
193 251 3
250 251 3
251 252 3
269 270 1
218 276 0
276 277 1
270 328 0
232 291 3
237 295 3
243 301 3
269 328 2
216 332 0
275 332 2
275 276 2
271 330 0
271 329 0
272 330 0
273 330 0
273 332 0
291 292 3
236 295 3
239 297 3
270 329 2
279 337 3
235 292 3
235 352 3
237 296 3
240 299 3
254 313 3
255 313 3
257 316 3
258 316 3
260 319 3
280 337 3
232 290 3
236 352 3
236 294 3
242 300 3
242 301 3
203 319 3
203 320 3
262 320 3
263 321 3
265 321 3
265 323 3
267 326 3
268 326 3
290 291 3
294 352 3
296 297 3
240 297 3
300 301 3
243 302 3
244 302 3
266 325 3
267 325 0
275 333 2
278 336 3
286 344 3
288 346 3
301 302 3
246 304 3
247 304 3
250 308 3
252 310 3
321 323 3
266 324 3
269 326 2
273 331 2
332 333 3
280 338 0
287 346 3
244 303 3
245 303 3
248 306 3
249 307 3
249 308 3
251 308 3
252 368 3
253 310 3
253 311 3
254 312 3
255 314 3
256 314 3
256 315 3
257 315 3
259 317 3
260 318 3
269 327 2
327 328 3
328 329 3
329 330 3
276 334 3
276 335 0
277 335 0
278 335 0
285 343 3
287 344 3
287 345 3
294 295 3
295 296 3
240 298 3
246 303 3
247 306 3
306 307 3
311 312 3
316 317 3
317 318 3
263 320 3
266 323 3
326 327 3
275 334 2
278 337 3
281 338 0
284 343 0
343 344 3
346 347 3
297 298 3
302 303 3
247 305 3
307 308 3
310 368 3
312 313 3
315 316 3
318 319 3
319 320 3
323 324 3
330 331 3
336 337 3
281 339 0
282 339 0
344 345 3
345 346 3
235 293 3
303 304 3
304 305 3
251 368 3
310 311 3
314 315 3
320 321 3
331 332 3
333 334 3
305 306 3
313 314 3
325 326 1
335 336 1
338 339 2
324 325 3
334 335 2
282 340 3
283 340 3
337 338 0
241 300 0
339 340 1
293 352 3
298 299 3
283 399 0
283 400 0
284 400 0
340 399 0
399 400 3
343 400 3
323 381 1
241 416 3
315 373 1
333 391 3
299 416 1
300 416 1
332 391 3
300 358 3
303 362 3
304 362 3
321 380 3
292 350 3
301 358 3
307 366 3
326 383 0
338 396 3
235 350 3
305 362 3
308 366 3
320 378 3
325 383 3
339 396 2
295 354 3
296 354 3
298 356 3
358 416 1
311 368 3
323 380 3
323 382 3
324 382 3
325 382 3
330 388 3
337 395 3
338 395 1
339 397 3
344 402 3
290 349 3
291 349 3
293 350 0
295 353 3
297 356 3
301 360 3
302 360 3
319 378 3
321 378 3
381 382 0
327 385 3
331 388 3
331 389 3
332 389 3
332 390 3
334 391 3
334 392 3
335 392 1
396 397 3
340 397 3
343 402 3
294 353 3
296 355 3
297 355 3
305 363 3
306 364 3
307 365 3
251 366 3
316 374 3
317 375 3
318 376 3
319 376 3
319 377 3
328 385 3
328 386 3
329 387 3
330 387 3
390 391 3
336 394 3
343 401 3
345 402 3
345 403 3
347 463 3
349 350 3
353 354 3
354 355 3
303 360 3
363 364 3
364 365 3
311 369 3
312 369 3
315 374 3
374 375 3
375 376 3
377 378 3
380 381 1
386 387 3
387 388 3
394 395 2
338 453 1
397 398 3
340 398 3
402 403 3
345 404 3
346 404 3
301 359 3
376 377 3
382 383 3
385 386 3
388 389 3
392 393 3
335 394 1
395 453 2
398 399 0
400 401 3
401 402 3
403 404 3
346 405 3
347 405 3
355 356 3
358 359 3
359 360 3
362 363 3
313 371 3
335 393 1
405 463 3
352 353 3
365 366 3
312 371 3
314 371 3
391 392 3
312 370 3
389 390 3
396 453 1
404 405 3
368 425 3
370 371 3
327 383 0
327 384 0
251 425 3
369 370 3
314 373 1
321 437 3
380 438 3
384 385 1
362 420 3
378 437 3
380 437 3
381 438 2
383 384 3
363 420 3
371 373 1
315 432 3
401 459 3
299 356 3
360 362 3
368 369 3
374 432 3
402 459 3
437 438 2
384 386 1
368 426 3
373 432 0
387 446 3
362 419 3
419 420 3
381 439 0
388 446 3
299 415 1
360 419 1
425 426 3
356 415 1
397 456 0
382 439 3
396 454 3
369 428 3
370 428 3
397 454 3
350 408 1
352 409 1
352 410 1
354 411 1
354 412 1
355 412 1
356 412 1
359 419 1
364 422 3
364 423 3
384 443 1
386 443 3
389 446 3
390 448 3
391 449 3
392 449 3
454 456 0
293 409 2
352 411 1
353 411 1
411 412 3
365 423 3
368 427 3
369 427 3
391 448 3
398 456 0
399 456 0
400 458 3
349 406 1
349 408 1
293 408 3
409 410 3
363 422 3
366 423 3
366 425 3
375 432 3
389 448 3
400 456 0
401 458 3
403 461 3
410 411 3
356 414 1
363 421 3
376 434 3
377 434 3
387 445 3
402 460 3
402 461 3
349 407 1
408 409 3
414 415 3
415 416 3
420 421 3
421 422 3
366 424 3
426 427 3
375 433 3
377 435 3
378 436 3
392 451 3
393 451 3
394 452 3
456 458 1
403 462 3
404 462 3
407 408 3
412 414 3
427 428 3
371 428 3
432 433 3
433 434 3
434 435 3
435 436 3
436 437 3
438 439 0
386 444 3
387 444 3
335 451 1
335 452 1
395 452 0
453 454 0
456 515 1
459 460 3
460 461 3
423 424 3
424 425 3
371 429 3
444 445 3
445 446 3
458 515 3
458 459 3
359 417 1
422 423 3
373 431 3
384 442 1
448 449 3
449 451 3
404 463 2
406 407 3
373 429 0
383 441 1
446 448 3
461 462 3
359 416 1
417 419 0
428 429 3
429 431 1
431 432 0
441 442 3
451 452 2
429 488 3
431 488 3
442 443 3
445 503 3
452 453 1
416 417 3
443 444 3
382 441 1
462 463 2
451 508 3
456 514 1
439 498 1
382 498 1
441 498 3
446 503 3
514 515 3
420 478 3
454 514 0
417 476 3
449 508 3
409 468 3
410 468 3
419 478 3
514 572 3
463 521 3
438 496 1
443 502 3
444 502 3
446 506 3
452 510 2
462 521 3
415 473 3
416 473 3
428 486 3
429 487 3
448 506 3
451 510 2
459 518 3
460 518 3
406 465 3
407 465 3
414 473 3
417 534 2
419 534 1
425 483 3
426 484 3
427 484 3
429 486 3
487 488 2
433 491 3
445 502 3
503 506 3
453 511 2
454 511 1
454 572 0
461 519 3
348 406 1
408 466 3
417 475 3
421 479 3
424 483 3
434 491 3
441 499 3
449 506 3
508 509 3
451 509 3
452 511 1
454 512 3
458 516 3
461 518 3
462 519 3
465 466 3
411 469 3
414 472 3
416 474 3
416 475 3
476 534 3
420 479 3
422 479 3
423 480 3
425 484 3
427 485 3
428 485 3
486 487 3
434 492 3
435 492 3
439 496 1
496 497 0
439 497 3
442 499 3
442 500 3
442 501 3
443 501 3
449 507 3
511 512 0
459 516 3
468 469 3
412 472 3
473 474 3
475 476 3
432 490 3
432 491 3
437 496 1
497 498 1
498 499 3
501 502 3
507 508 3
509 510 3
462 520 3
409 466 3
412 469 3
472 473 3
474 475 3
478 479 3
422 480 3
490 491 3
436 494 3
437 495 3
510 511 1
516 518 3
518 519 3
519 520 3
520 521 3
483 484 3
485 486 3
494 495 3
454 513 3
515 516 3
484 485 3
491 492 3
495 496 1
502 503 3
506 507 3
513 572 3
466 468 3
500 501 3
431 490 3
499 500 3
516 517 3
479 480 3
424 540 3
435 494 3
517 518 3
512 513 3
424 480 3
492 494 3
469 529 3
412 529 3
412 530 3
480 540 3
486 544 1
506 565 3
507 565 3
468 525 3
472 530 3
419 535 3
466 525 3
529 530 3
534 535 0
406 523 3
465 523 3
487 546 2
488 546 2
511 569 3
348 523 1
486 545 2
487 545 2
466 524 3
469 528 3
476 533 3
545 546 3
497 555 2
524 525 3
528 529 3
473 530 3
475 533 3
485 543 1
496 555 0
503 564 3
506 564 3
479 538 3
484 543 1
544 545 0
492 551 2
564 565 3
473 531 3
483 540 3
485 544 1
431 548 2
490 548 2
494 551 2
512 569 1
518 577 3
519 577 3
474 531 3
480 538 3
490 549 2
491 549 2
492 549 2
495 553 2
496 553 0
496 554 3
498 557 3
499 557 3
510 569 1
515 572 3
515 573 3
525 526 3
468 526 3
474 532 3
475 532 3
483 541 3
492 550 2
494 552 2
494 553 2
554 555 3
498 555 0
500 557 3
503 561 3
508 566 3
512 570 3
518 576 3
520 577 3
521 579 3
469 527 3
488 547 2
550 551 3
551 552 3
498 556 3
500 558 3
501 558 3
507 566 3
509 566 3
517 575 3
517 576 3
466 523 3
526 527 3
543 544 3
546 547 3
547 548 3
548 549 3
549 550 3
552 553 3
555 556 3
556 557 3
557 558 3
501 559 3
502 559 3
503 563 3
512 571 3
575 576 3
576 577 3
577 579 3
527 528 3
531 532 3
533 534 3
538 540 3
540 541 3
484 541 2
484 600 2
543 600 3
553 554 3
502 560 3
503 560 3
563 564 3
565 566 3
569 570 0
513 571 3
572 573 3
516 573 3
516 574 3
516 575 3
478 536 2
479 536 2
541 600 3
510 568 3
523 524 3
532 533 3
560 561 3
509 568 3
568 569 1
570 571 3
574 575 3
530 531 3
478 535 3
536 538 3
566 567 3
509 567 3
573 574 3
535 536 2
559 560 3
558 559 3
567 568 3
536 595 3
561 563 3
538 595 2
571 572 3
530 588 3
531 588 3
527 585 3
529 587 3
540 597 2
528 585 3
528 587 3
532 591 3
534 593 2
538 597 2
540 598 2
570 627 1
523 582 3
524 582 3
533 591 3
534 592 2
535 593 1
536 594 3
538 596 2
541 598 3
564 623 3
565 623 3
569 627 3
572 630 3
573 630 3
524 583 3
525 583 3
531 589 3
532 589 3
592 593 3
595 596 3
596 597 3
597 598 3
541 599 3
544 603 2
545 603 3
554 612 2
555 612 3
556 614 2
575 633 3
576 633 3
577 635 3
577 637 3
579 637 3
526 584 3
599 600 3
548 606 3
555 614 3
560 619 3
561 619 3
568 627 1
577 636 3
523 581 3
527 584 3
535 594 1
546 604 3
549 606 3
552 610 3
553 610 3
553 612 3
555 613 3
566 623 3
635 636 3
636 637 3
348 581 1
525 584 3
529 588 3
534 591 3
594 595 3
598 599 3
547 606 3
549 607 3
549 608 3
550 608 3
551 609 3
553 611 3
612 613 3
613 614 3
559 618 3
560 618 3
566 624 3
573 631 3
574 631 3
576 634 3
583 584 3
584 585 3
587 588 3
532 590 3
591 592 3
603 604 3
547 604 3
547 605 3
606 607 3
607 608 3
608 609 3
609 610 3
563 623 3
571 629 3
574 632 3
574 633 3
633 634 3
634 635 3
588 589 3
590 591 3
593 594 3
604 605 3
611 612 3
557 614 2
557 615 2
558 616 2
627 628 3
570 629 3
572 629 3
630 631 3
631 632 3
582 583 3
528 586 3
544 602 2
614 615 3
615 616 3
559 616 2
559 617 2
563 619 3
566 625 3
567 625 3
570 628 3
632 633 3
585 586 3
586 587 3
602 603 3
605 606 3
610 611 3
617 618 3
618 619 3
563 621 3
621 623 3
623 624 3
624 625 3
568 625 3
568 626 3
581 582 3
589 590 3
543 601 2
543 602 2
625 626 3
626 627 1
600 601 3
601 602 3
616 617 3
619 620 3
563 620 3
628 629 3
633 691 3
629 630 3
620 621 3
632 691 3
624 683 3
625 683 3
600 658 3
599 658 3
626 683 3
591 649 2
623 681 3
631 689 3
592 649 3
621 681 3
626 684 3
588 647 2
589 647 2
590 649 2
598 656 3
599 656 3
601 658 3
616 674 3
617 674 3
619 678 3
620 678 3
627 684 3
629 687 3
632 689 3
636 694 3
585 643 2
595 653 3
596 653 3
603 661 3
605 664 3
606 664 3
612 671 3
613 671 3
621 678 3
624 681 3
682 683 3
630 687 3
630 689 3
586 643 2
587 647 3
590 647 3
593 651 3
594 651 3
594 653 3
602 661 3
614 672 3
615 674 3
621 679 3
624 682 3
630 688 3
634 692 3
637 694 3
581 639 2
584 642 2
584 643 2
594 652 3
596 654 3
597 655 3
599 657 3
601 659 3
602 660 3
604 662 3
605 663 3
607 665 3
613 672 3
615 673 3
617 675 3
618 676 3
681 682 3
627 685 2
688 689 3
632 690 3
635 693 3
635 694 3
637 695 0
583 642 2
642 643 3
649 651 3
592 651 3
652 653 3
598 655 3
656 657 3
657 658 3
658 659 3
659 660 3
660 661 3
661 662 3
662 663 3
663 664 3
664 665 3
672 673 3
674 675 3
618 675 3
618 678 3
678 679 3
628 685 3
687 688 3
689 690 3
690 691 3
633 692 3
692 693 3
693 694 3
694 695 0
586 644 3
587 644 3
587 704 2
590 648 2
651 652 3
653 654 3
654 655 3
671 672 3
673 674 3
676 678 3
679 681 3
628 686 3
581 640 2
582 640 2
583 640 2
587 645 2
647 704 3
648 649 3
608 665 3
608 666 3
612 728 3
680 681 3
685 686 3
629 686 3
640 642 3
644 645 3
645 704 3
655 656 3
665 666 3
609 666 3
671 728 3
683 684 3
684 685 3
686 687 3
639 640 3
679 680 3
647 648 3
609 667 3
609 668 3
610 668 3
611 668 3
643 644 3
666 667 3
667 668 3
691 692 3
348 639 1
611 669 3
348 697 1
668 669 3
640 698 3
611 728 3
675 676 3
640 699 3
642 699 3
649 708 3
651 708 3
669 728 3
684 742 3
685 742 3
674 733 3
675 733 3
647 705 3
648 705 3
676 733 3
683 741 3
684 741 3
644 702 3
651 709 3
676 735 3
678 735 3
687 746 3
688 746 3
688 747 3
689 747 3
643 701 3
704 705 3
652 709 3
671 729 3
678 736 3
680 739 3
681 739 3
686 744 3
693 752 3
695 753 1
642 701 3
643 702 3
645 703 3
668 726 3
669 726 3
728 729 3
735 736 3
679 737 3
682 739 3
682 741 3
685 744 3
686 745 3
687 745 3
690 747 3
694 752 3
644 703 3
655 713 3
656 713 3
658 717 3
659 717 3
679 736 3
680 738 3
690 749 3
691 749 3
694 753 0
698 699 3
703 704 3
648 707 3
649 707 3
708 709 3
652 710 3
653 711 3
654 712 3
656 714 3
657 715 3
658 716 3
660 718 3
661 719 3
662 720 3
662 721 3
663 721 3
664 722 3
665 723 3
666 724 3
669 727 3
679 738 3
745 746 3
690 748 3
692 749 3
692 750 3
693 750 3
639 698 3
707 708 3
710 711 3
711 712 3
712 713 3
713 714 3
714 715 3
715 716 3
716 717 3
717 718 3
718 719 3
719 720 3
664 721 3
722 723 3
723 724 3
667 724 3
667 726 3
727 728 3
672 729 3
736 737 3
738 739 3
744 745 3
747 748 3
702 703 3
709 710 3
667 725 3
733 735 3
746 747 3
748 749 3
701 702 3
720 721 3
721 722 3
724 725 3
725 726 3
726 727 3
672 730 3
741 742 3
742 744 3
729 730 3
733 734 3
737 738 3
639 697 3
705 707 3
734 735 3
673 733 3
739 741 3
749 750 3
750 752 3
673 730 3
673 790 3
673 731 3
733 790 3
697 754 3
730 731 3
752 753 0
699 701 3
697 698 3
731 790 3
739 798 3
741 798 3
742 800 3
701 758 3
699 758 3
705 764 3
707 764 3
742 801 3
703 762 3
704 762 3
705 762 3
707 765 3
800 801 3
744 801 3
698 756 3
708 765 3
697 756 3
699 757 3
738 797 3
739 797 3
745 803 3
746 803 3
746 804 3
699 756 3
741 800 3
803 804 3
747 804 3
748 806 3
752 811 1
753 811 1
701 759 3
733 791 3
734 793 3
735 793 3
741 799 3
744 803 3
747 805 3
697 755 3
758 759 3
702 759 3
702 760 3
703 760 3
703 761 3
705 763 3
708 766 3
709 767 3
710 768 3
711 769 3
712 770 3
713 771 3
714 772 3
715 773 3
716 774 3
717 775 3
718 776 3
719 776 3
721 779 3
722 780 3
723 781 3
724 782 3
725 783 3
730 788 3
790 791 3
733 792 3
734 792 3
797 798 3
804 805 3
805 806 3
749 806 3
754 755 3
755 756 3
756 757 3
762 763 3
763 764 3
765 766 3
766 767 3
767 768 3
768 769 3
769 770 3
770 771 3
771 772 3
772 773 3
773 774 3
774 775 3
775 776 3
719 778 3
720 778 3
720 779 3
779 780 3
780 781 3
781 782 3
724 783 3
726 783 3
726 785 3
727 785 3
728 787 3
729 787 3
729 788 3
731 788 3
731 789 3
798 799 3
799 800 3
749 808 3
750 808 3
760 761 3
761 762 3
778 779 3
727 787 3
788 789 3
736 793 3
744 802 3
750 810 3
752 810 1
757 758 3
782 783 3
802 803 3
750 809 3
810 811 3
759 760 3
764 765 3
791 792 3
737 797 3
801 802 3
809 810 3
776 778 3
785 787 3
789 790 3
792 793 3
808 809 3
787 788 3
783 785 3
793 796 3
736 796 3
737 796 3
796 797 3
787 844 3
796 852 3
785 844 3
793 852 3
806 864 3
749 864 3
749 865 3
778 835 3
808 865 3
776 835 3
783 842 3
785 842 3
864 865 3
792 851 3
793 851 3
771 829 3
772 829 3
755 814 3
756 814 3
761 820 3
762 820 3
764 822 3
765 822 3
768 826 3
769 826 3
773 831 3
851 852 3
796 853 3
757 816 3
758 816 3
759 816 3
763 820 3
763 821 3
772 831 3
774 831 3
782 840 3
783 840 3
788 846 3
852 853 3
805 864 3
764 821 3
767 826 3
774 832 3
775 832 3
785 843 3
787 846 3
790 848 3
791 849 3
791 850 3
792 850 3
800 858 3
801 858 3
808 866 3
809 866 3
754 812 3
755 812 3
759 817 3
760 818 3
761 819 3
765 823 3
765 824 3
766 824 3
767 824 3
767 825 3
769 827 3
831 832 3
776 834 3
778 836 3
779 837 3
780 838 3
781 839 3
783 841 3
787 845 3
789 846 3
789 847 3
789 848 3
848 849 3
849 850 3
799 857 3
800 857 3
801 859 3
802 859 3
802 860 3
809 925 2
811 869 3
816 817 3
817 818 3
819 820 3
822 823 3
823 824 3
824 825 3
825 826 3
770 827 3
770 828 3
834 835 3
835 836 3
836 837 3
837 838 3
838 839 3
840 841 3
841 842 3
842 843 3
843 844 3
844 845 3
845 846 3
846 847 3
850 851 3
803 861 3
803 862 3
804 862 3
805 863 3
810 869 3
755 813 3
757 814 3
757 815 3
818 819 3
820 821 3
821 822 3
827 828 3
828 829 3
772 830 3
839 840 3
847 848 3
798 857 3
857 858 3
858 859 3
859 860 3
802 861 3
804 863 3
863 864 3
865 866 3
812 813 3
815 816 3
826 827 3
829 830 3
830 831 3
798 856 3
861 862 3
810 925 3
810 868 3
796 854 3
796 798 3
813 814 3
814 815 3
775 834 3
853 854 3
796 856 3
860 861 3
862 863 3
866 925 3
868 869 3
856 857 3
868 925 3
814 872 3
796 913 3
856 913 3
813 872 3
775 891 3
834 891 3
854 913 3
856 914 3
913 914 3
863 921 3
832 891 3
844 902 3
864 921 3
866 924 3
813 871 3
829 887 3
842 900 3
843 900 3
843 902 3
857 914 3
871 872 3
819 878 3
820 878 3
821 879 3
825 883 3
826 883 3
827 886 3
828 886 3
845 902 3
862 921 3
816 874 3
817 874 3
817 876 3
818 876 3
822 879 3
822 881 3
823 881 3
826 884 3
834 892 3
835 894 3
836 894 3
847 906 3
848 906 3
854 912 3
860 919 3
861 919 3
812 870 3
815 873 3
815 874 3
819 877 3
821 878 3
822 880 3
824 882 3
824 883 3
883 884 3
830 887 3
830 888 3
831 889 3
832 890 3
835 892 3
837 895 3
838 896 3
839 897 3
840 898 3
841 899 3
843 901 3
845 903 3
846 903 3
849 906 3
849 907 3
850 908 3
851 909 3
852 910 3
853 911 3
857 915 3
924 925 3
868 927 3
869 927 3
870 871 3
872 873 3
873 874 3
819 876 3
879 880 3
881 882 3
882 883 3
827 884 3
886 887 3
887 888 3
888 889 3
889 890 3
890 891 3
835 893 3
894 895 3
895 896 3
896 897 3
897 898 3
898 899 3
899 900 3
902 903 3
847 905 3
907 908 3
908 909 3
909 910 3
910 911 3
911 912 3
912 913 3
914 915 3
862 919 3
862 920 3
865 923 3
817 875 3
876 877 3
877 878 3
892 893 3
893 894 3
901 902 3
846 904 3
846 905 3
905 906 3
865 924 3
868 926 3
874 875 3
875 876 3
878 879 3
891 892 3
900 901 3
903 904 3
904 905 3
906 907 3
858 916 3
919 920 3
925 926 3
926 927 3
915 916 3
864 922 3
864 923 3
923 924 3
922 923 3
880 881 3
859 916 3
920 921 3
827 943 3
886 943 3
859 919 3
921 922 3
884 943 3
859 975 3
916 975 3
919 975 3
919 976 3
975 976 3
921 979 3
921 980 3
922 980 3
876 934 3
877 934 3
900 959 3
901 959 3
919 977 3
920 978 3
926 984 3
927 984 3
873 931 3
874 931 3
914 973 3
915 973 3
976 977 3
923 980 3
924 982 3
927 985 3
879 937 3
882 940 3
884 942 3
887 945 3
899 958 3
900 958 3
906 964 3
910 968 3
915 974 3
916 974 3
919 978 3
923 982 3
872 931 3
874 932 3
875 932 3
877 935 3
880 937 3
880 938 3
881 938 3
881 940 3
883 942 3
888 945 3
889 948 3
890 948 3
896 954 3
899 957 3
907 964 3
908 966 3
909 968 3
911 968 3
925 983 3
926 983 3
984 985 3
870 928 3
871 929 3
872 929 3
872 930 3
875 934 3
934 935 3
878 936 3
878 937 3
886 944 3
887 944 3
888 946 3
889 946 3
891 949 3
893 951 3
894 952 3
895 952 3
895 954 3
897 955 3
898 956 3
898 957 3
902 960 3
903 961 3
904 962 3
905 963 3
907 966 3
909 967 3
911 969 3
912 970 3
913 971 3
914 972 3
920 979 3
923 981 3
928 929 3
929 930 3
930 931 3
931 932 3
935 936 3
936 937 3
883 940 3
943 944 3
948 949 3
892 949 3
892 950 3
892 951 3
951 952 3
954 955 3
955 956 3
956 957 3
957 958 3
958 959 3
959 960 3
960 961 3
961 962 3
962 963 3
963 964 3
966 967 3
968 969 3
969 970 3
970 971 3
971 972 3
978 979 3
980 981 3
981 982 3
925 982 3
875 933 3
942 943 3
950 951 3
967 968 3
977 978 3
979 980 3
932 933 3
933 934 3
937 938 3
883 999 3
944 945 3
949 950 3
973 974 3
974 975 3
940 999 3
945 946 3
972 973 3
982 983 3
942 999 3
889 1005 3
948 1005 3
881 997 3
946 1005 3
983 984 3
940 997 3
895 1011 3
907 1023 3
952 1011 3
954 1011 3
964 1023 3
966 1023 3
938 997 3
938 996 3
937 996 3
975 1033 3
931 990 3
932 990 3
974 1033 3
978 1035 3
979 1038 3
980 1038 3
977 1035 3
979 1037 3
935 994 3
936 994 3
960 1019 3
961 1019 3
963 1021 3
978 1037 3
984 1043 3
929 988 3
930 988 3
935 993 3
943 1001 3
944 1001 3
958 1016 3
962 1019 3
962 1021 3
974 1032 3
985 1043 3
934 993 3
936 995 3
937 995 3
944 1002 3
945 1002 3
957 1016 3
963 1022 3
964 1022 3
972 1031 3
973 1031 3
973 1032 3
981 1038 3
981 1039 3
984 1042 3
931 988 3
995 996 3
942 1001 3
957 1015 3
958 1017 3
959 1017 3
960 1017 3
1032 1033 3
1037 1038 3
1038 1039 3
984 1041 3
928 986 3
929 987 3
933 991 3
934 991 3
993 994 3
940 998 3
945 1003 3
946 1004 3
948 1006 3
949 1007 3
950 1008 3
951 1010 3
952 1010 3
954 1012 3
955 1013 3
956 1014 3
1015 1016 3
960 1018 3
966 1024 3
967 1025 3
968 1026 3
969 1027 3
970 1028 3
971 1029 3
972 1029 3
976 1033 3
976 1034 3
977 1034 3
978 1036 3
983 1041 3
1042 1043 3
986 987 3
987 988 3
932 991 3
994 995 3
997 998 3
998 999 3
1001 1002 3
1002 1003 3
1003 1004 3
1004 1005 3
1005 1006 3
1006 1007 3
1007 1008 3
951 1008 3
1011 1012 3
1012 1013 3
1013 1014 3
1014 1015 3
1016 1017 3
1022 1023 3
1023 1024 3
1024 1025 3
967 1026 3
1026 1027 3
1027 1028 3
1028 1029 3
1035 1036 3
1036 1037 3
982 1039 3
982 1040 3
942 1000 3
1017 1018 3
1018 1019 3
1025 1026 3
1033 1034 3
1039 1040 3
996 997 3
999 1000 3
1000 1001 3
1031 1032 3
1034 1035 3
982 1041 3
1041 1042 3
1010 1011 3
1040 1041 3
988 990 3
1019 1021 3
1021 1022 3
990 991 3
1008 1010 3
