0.0201894 -0.0348672 10.9889
0.0118006 -0.018873 10.902
0.0155543 0.0368368 9.69448
0.0236102 0.0613956 8.56794
-0.0096689 0.0339372 12.0642
-0.0299515 0.0270428 14.1413
-0.0491034 0.0407732 16.3612
-0.193657 0.118844 36.0844
0.114516 0.084501 6.80285
0.117007 0.146404 -19.7542
0.116991 0.159972 -19.9263
0.159621 0.0383933 -28.5174
0.065054 0.127592 -15.7555
0.078883 0.0690733 -18.5941
0.0824719 0.059042 -18.9917
0.0614606 0.0366268 -12.1324
0.0209919 -0.0020646 1.55262
0.00189403 -0.0153009 8.81506
-0.00493603 -0.0267464 11.5705
-0.0353255 0.0449754 18.7281
-0.0559342 0.016525 28.275
-0.00115831 0.000603618 4.20548
0.0148896 0.684646 -4.26107
0.0174408 -0.0187534 -2.98171
0.0090642 -0.0315376 1.92282
0.0261467 0.00220926 -8.07731
-0.00383411 0.24396 13.594
-0.000661812 0.241799 11.8593
-0.015881 -0.046879 18.41
-0.0254116 -0.0647138 24.3134
0.00115501 -0.0801963 7.4113
0.00786822 -0.118102 3.83947
0.00601582 -0.0574415 2.98488
0.00114338 -0.13507 9.46721
0.00836349 -0.000545741 4.44441
0.0325786 -0.00094738 -14.6666
0.00274566 -0.124675 8.28018
0.00327028 -0.135705 8.3446
-0.0286521 -0.0757557 32.6315
-0.0183582 -0.0774303 23.7924
-0.00495969 -0.0646809 11.6767
-0.0131206 -0.0370612 17.6578
-0.0284622 -0.0241551 31.8683
-0.00895197 -0.0136369 12.706
0.0400674 0.0114807 -34.764
0.039289 0.0195052 -33.9652
-0.0566279 -0.00784179 64.0844
0.0196978 0.0126704 -14.0126
0.00425478 0.013591 1.46193
-0.00229294 0.0115481 8.43072
-0.00337839 0.00458159 9.60596
-0.0121079 0.0126689 19.2734
-0.0143001 0.0175249 21.544
-0.0280984 0.00695293 50.1292
0.0226852 0.0250997 -10.1443
0.0649437 -0.0225311 -59.8908
0.0401536 -0.0331203 -29.0922
0.0242054 -0.0248731 -9.7112
0.0243511 -0.022931 10.5638
0.0354744 0.0162786 9.34377
0.0360286 0.0790941 7.41994
-0.0123033 0.115345 10.4994
-0.0239182 0.0911012 12.0597
-0.0615511 0.0814519 16.3112
-0.0484264 0.0345059 16.2432
0.856384 -0.00350254 -117.265
-0.0249353 0.00420804 34.4512
-0.023185 -0.0114593 34.7652
0.114116 -0.0961329 -13.8965
-0.160783 0.0713139 52.998
0.0940163 -0.0284837 -10.2359
0.0552746 0.0617572 -10.6569
0.0593902 0.0175413 -11.3292
0.0348983 -0.00415577 -2.64104
0.00641226 -0.000507188 7.16428
-0.0261852 -0.0185834 19.6795
-0.0799784 0.00633558 39.4847
-0.14215 0.0170424 63.9654
-0.0345015 -0.00463672 19.9743
-0.00985102 0.0302588 7.57777
-0.0234122 0.0154136 17.224
0.0157339 -0.0192508 -1.89665
0.0645029 -0.0212331 -28.14
0.024447 -0.103958 -4.74218
0.0362292 -0.0254641 -12.333
0.00148404 -0.0385782 7.7027
-0.0219419 -0.0588174 22.3551
-0.04164 -0.0711685 34.8647
-0.00654032 -0.0805804 12.419
0.000222692 -0.0758255 7.8198
-0.0178485 -0.0480928 18.7695
-0.0452972 0.115949 39.2479
0.41673 0.0664099 -313.176
0.000106019 -0.0772587 8.51594
0.0413436 -0.0154437 -26.8325
-0.00338407 -0.0810285 11.7873
-0.0156359 -0.0461825 20.832
-0.0244078 -0.0345047 26.8857
-0.0116921 -0.0684371 17.4807
0.00110404 -0.0566255 5.99687
-0.0172706 -0.0469477 21.9784
0.0233088 -0.0253636 -17.7979
0.0424842 -0.0161087 -35.9722
0.0371431 -0.0119057 -30.6116
0.00392687 -0.0150465 3.11353
0.000377804 0.00180625 5.75349
0.00477569 0.00928765 0.991873
-0.00293071 0.00523701 9.42309
-0.00562839 0.0145558 11.9529
-0.00667655 0.0245653 12.9042
-0.0179456 0.00227751 26.0222
-0.0375278 0.0249315 60.5246
-0.0186532 0.0229561 38.4266
0.00767954 -8.64752e-05 8.09914
0.035629 -0.0224527 -24.173
0.0213043 -0.00950209 -7.07524
-0.056042 0.0738695 16.5119
-0.0509971 0.0731028 16.3737
-0.0389191 0.0495681 17.2754
-0.0169989 0.0949365 12.4397
0.0172191 0.0970306 8.82367
-0.0417007 0.107493 13.6874
-0.120254 0.0984714 23.4252
-0.00737206 0.000897651 31.29
-0.0182568 -0.002694 33.5644
-0.0129935 0.0145687 31.5721
-0.0358227 0.00537664 15.5811
0.00811667 0.0752908 0.654765
-0.000383206 0.0415527 4.59291
0.0177493 0.0266022 0.527626
0.0364275 -0.0109857 -3.22528
0.0256772 -0.0290263 1.29817
0.000577056 -0.0396789 10.5585
-0.0743674 -0.021908 38.9245
-0.10914 -0.00785437 51.7352
-0.0667832 0.0117179 33.374
-0.00816306 -0.0128706 19.7073
-0.00514623 -0.0041087 6.4809
-0.0391666 -0.0819922 30.8257
-0.013926 -0.044189 15.0028
-0.117253 0.07414 63.1482
0.0250496 -0.0447545 -5.36623
0.00776288 -0.0191817 3.1882
-0.0161817 -0.0699712 19.9084
0.00627236 -0.0423727 5.07457
-0.0217381 -0.054997 22.3038
-0.02294 -0.0493963 21.6418
8.98665e-05 -0.141458 10.5287
-0.0151743 -0.0066952 13.8164
-0.0025834 -0.0300105 6.73321
-0.00511561 -0.0680354 11.0301
-0.0448436 -0.0249421 44.2427
-0.0260883 -0.0103405 27.7345
-0.00523222 -0.0919026 15.2567
-0.0159755 -0.0839684 23.0747
-0.0226585 -0.0557491 27.0449
-0.00775482 -0.0194689 10.8516
0.0051662 -0.0510976 1.34208
-0.0138228 -0.0356206 17.6177
-0.0132165 0.00854981 14.4422
0.00979857 -0.0272349 -5.20847
0.0530518 -0.0396309 -45.185
0.00505127 -0.0108809 1.64309
0.0145659 0.00179997 -8.75359
0.00859673 0.00793903 -3.0707
0.00743209 0.00794911 -1.7646
0.00137049 0.0306538 3.66335
0.44106 0.11746 -484.806
0.0566157 0.0426103 -49.3954
0.0113949 0.0234198 4.3775
-0.00269046 0.0436071 19.4672
0.00708296 0.00498523 9.42911
0.0135745 0.03777 0.652066
0.0187169 0.0387991 -5.88762
0.772586 0.480343 -36.7218
-0.0390354 0.0324026 18.6911
-0.0418095 0.0357913 18.323
-0.0409839 0.0512804 17.2324
-0.0381043 0.056915 16.696
-0.0688557 0.0721132 19.2603
-0.0929643 0.0918717 21.1236
0.00463362 0.00922917 28.6772
-0.0136283 0.0120643 31.7622
-0.0175842 0.00435251 33.2964
-0.00287303 0.0709674 3.63814
-0.0206461 0.0615163 8.86626
-0.0295887 0.0462166 12.2409
0.0107421 0.0093776 3.54086
0.00732251 0.0118714 4.05975
0.0247217 -0.0376886 2.2973
0.000282978 -0.0307394 9.63026
-0.0118881 -0.0242292 13.8213
-0.0525572 -0.017496 29.2168
-0.00738299 -0.0150131 8.21155
0.0120716 -0.018755 -0.175681
-0.037755 -0.355483 50.7771
-0.0300838 -0.0553905 23.9665
-0.00810454 -0.0355592 11.1856
0.0266642 -0.0314813 -7.11295
0.166028 0.020972 -87.2941
0.0200685 -0.0306197 -3.09782
-0.013012 -0.0571932 16.7713
0.0100519 -0.119391 7.75076
-0.0124306 -0.078419 18.3027
-0.0291315 -0.0445742 25.4984
0.00205517 -0.0453496 4.64799
-0.0158941 -0.00483179 15.0316
-0.0113958 -0.00881296 12.1936
0.327237 -0.0746971 -235.152
-0.00335599 0.146481 -5.666
0.00629812 -0.0528717 2.2808
0.00593072 -0.0441885 1.91019
0 0 -1
0.0119095 -0.0229903 -5.47558
0.0119291 -0.0216387 -5.69427
0.00828038 -0.0230617 -1.84216
-0.0210996 -0.0048698 22.9379
-0.0658937 -0.0532525 67.6889
0.0345864 -0.0121778 -29.9379
0.0745285 -0.0291853 -67.2057
0.0543334 -0.00993672 -48.1674
0.0213485 -5.05964e-05 -15.5135
0.00999403 0.0114065 -4.80518
0.0236203 0.00940351 -19.0106
0.0213466 0.0173609 -17.3786
0.0559797 0.018577 -46.3843
0.0360713 0.0153114 -23.6794
0.0143637 -0.00397851 2.82043
0.00866465 -0.000114198 8.9789
0.00882259 0.0169332 7.54679
0.0255745 0.00796891 -11.7134
0.00646196 0.0350881 9.46251
-0.031263 0.00454379 20.8359
-0.0317924 0.00637443 20.6955
-0.031129 0.0202299 19.1567
-0.0339174 0.0248178 18.8184
-0.0351295 0.0236319 19.0274
-0.0464346 0.0328393 19.3495
-0.049278 0.0446327 18.7531
0.00840669 0.0101674 27.8854
-0.0029406 0.011631 29.9295
-0.0157159 0.00133204 33.1625
-0.0559507 0.0939643 15.0786
-0.046108 0.0852546 13.7745
-0.0692024 0.0595424 21.5508
-0.0217741 0.0289579 11.2555
-0.00289597 0.016251 6.93094
-0.00757148 0.00740043 9.22794
-0.00343113 0.00349779 8.12267
-0.010937 0.00795079 10.5184
-0.0504501 0.0082221 26.3419
-0.0390448 -0.023741 22.9898
-0.0451699 0.00291626 23.6737
-0.00934809 0.0101771 6.71459
0.000157959 -0.0205445 5.20612
-0.00543366 -0.038243 9.73329
-0.0084917 -0.0423481 11.7075
0.0236288 -0.0425012 -5.43368
-0.00351932 -0.0553518 11.0146
-0.00882646 -0.0134788 8.8833
-0.0127261 -0.0591879 16.4551
-0.0108029 -0.0350088 12.7901
-0.00760557 -0.0095322 8.39988
-0.00991904 -0.0238417 11.4396
0.0148022 -0.00864886 -6.28665
-0.00636703 -0.00502969 8.24512
0.00019488 -0.039186 5.7775
-0.00949945 -0.00917285 10.0824
-0.271401 -0.0917845 221.788
-0.00433089 -0.0428105 9.9933
0.00178057 -0.0357295 4.16472
0.00564738 -0.0112291 -0.332635
0.0206757 0.0359837 -17.4811
0.00361919 0.0408888 -2.81704
-0.020229 0.0405809 19.3181
-0.00880315 0.0285955 8.40667
0.0113248 0.0290598 -11.233
0.0787942 0.0125009 -74.1457
0.0497711 0.00490738 -44.6141
0.0131062 0.0044651 -7.46965
0.0177496 9.29566e-05 -11.9982
0.0179566 0.00657493 -12.6713
0.483859 -2.10171e-05 -515.039
0.0181007 0.0173722 -4.04414
0.0320323 0.00979696 -19.1003
0.0192357 -0.00934849 -2.5711
0.011388 -0.00970926 6.21532
0.0234174 0.00357565 -9.25092
0.0299802 -0.000274825 -16.6556
0.0269875 0.00625335 -13.4678
-0.0313475 0.00499834 20.7833
-0.0321882 0.00623492 20.6578
-0.0281554 0.0144363 19.588
-0.0290994 0.0180958 19.0226
-0.0376567 0.0198171 19.7001
-0.0450208 0.0226748 20.0926
-0.0332746 0.0228101 18.6199
0.000560119 -0.00668516 31.0739
-0.00634842 -0.00969286 32.5192
-0.00657035 -0.00112179 31.5656
-0.0551786 0.0462622 20.2234
-0.0716285 0.0602979 22.7151
-0.0861897 0.0657002 25.4833
-0.0361744 0.0437405 13.7858
-0.00999347 0.0191693 8.84822
-0.00758595 0.0146084 8.62424
-0.00408431 0.0121861 7.70064
-0.0133229 0.0125914 11.1622
-0.0419481 0.0265357 20.9452
-0.0104779 -0.0246251 11.032
-0.0143989 0.00689403 9.11904
-0.00893972 -0.000913507 7.59328
-0.00414607 -0.0230648 7.88756
-0.00669767 -0.024187 8.93142
-0.0150498 -0.0137137 11.8653
0.00168874 -0.0255847 4.58288
-0.00405753 -0.030193 8.08895
-0.0203864 -0.0372882 18.5225
-0.00049577 -0.0136127 3.73088
0 0 -1
0.0106388 -0.00660867 -3.94872
0.00919657 0.00281713 -3.84734
-0.00828236 -0.00178752 8.82088
-0.022539 0.00984442 17.8913
-0.0161165 0.06559 6.44605
-0.0209443 0.0266196 15.0975
-0.0133453 0.0158251 10.289
0.0037428 -0.00750144 -0.315913
0.0257389 -0.00132174 -19.5079
0.0733522 0.0565778 -65.9746
0.036174 0.0207972 -28.9522
0.00616902 0.0314093 -3.8224
-0.00575093 0.0256753 7.6227
-0.0238933 0.049651 21.5116
-0.00838774 0.061626 5.12049
0.0536181 0.0235731 -51.3244
0.0260165 0.0124307 -22.0847
0.0230498 -0.0124425 -15.5565
0.0111915 -0.00722654 -4.13989
0.0252698 0.00520302 -20.4867
0.513059 -0.0255 -543.989
0.0119393 -0.0225351 7.34859
0.0190764 -0.0273574 -0.0530225
0.0291899 -0.0230919 -12.3745
0.0299017 7.23881e-05 -16.4562
0.0215941 0.00657736 -7.06965
0.0233234 0.0121546 -9.79582
0.0274443 0.0114867 -14.7358
-0.0283644 0.00536766 20.7011
-0.0291082 0.0026798 21.1147
-0.0316913 0.0111592 20.0498
-0.0259345 0.0104175 19.7419
-0.0368129 0.00697113 21.2604
-0.0343048 0.0184906 19.2143
-0.0298287 0.0498392 14.0596
0.00685203 -0.0587324 23.8534
-0.00310124 -0.0089194 31.8793
-0.0112246 -0.0032917 32.6572
-0.0329268 0.0316466 16.7277
-0.0574357 0.0387472 21.6674
-0.0722617 0.0522353 23.4241
-0.0618944 0.0555036 19.5566
-0.0222039 0.0276532 11.5089
-0.0107101 0.0128866 9.87016
-0.00687994 0.011623 8.73375
-0.0056389 0.00804328 8.82726
-0.0184112 0.0130327 13.2432
-0.0504412 0.0357809 23.1189
-0.0363321 0.0363916 15.4133
-0.0233262 0.0265147 10.8186
-0.0134085 0.0176256 7.40557
-0.0189263 0.016963 10.0229
-0.00314023 0.0849975 -8.28698
-0.011562 -0.000759847 8.39465
0 0 -1
-0.00317954 -0.0215462 6.62718
0.000126693 -0.0132486 3.30245
0.0141675 -0.00728794 -6.16565
0.0455421 0.0224906 -30.7232
0.0539662 0.0380633 -38.4455
-0.00927104 0.0389068 6.35505
-0.0177598 0.0714925 8.09727
-0.0503115 0.0838837 29.8893
-0.0121491 0.0924932 -0.20544
-0.0154303 0.0760193 4.61534
-0.0225045 0.054467 13.5137
0.0165745 0.0521638 -17.9066
0.056509 0.0485827 -50.5136
0.0251908 0.0343223 -21.2974
0.00774389 0.0265817 -4.85136
0.00818022 0.0446353 -8.05538
0.0108262 0.0835123 -15.7714
-0.0159017 0.0651715 11.8044
-0.00454399 0.0513995 2.63906
0.0126108 0.0937094 -20.5178
0.030424 0.0701739 -35.0579
0.048174 0.0487537 -51.2696
0.0615591 0.0352911 -63.276
0.0276126 -0.0134526 -11.6387
0.0239943 -0.112747 4.90682
0.0413771 -0.101272 -16.2377
0.0794541 -0.0637221 -64.5446
0.0419267 -0.0241778 -26.9254
0.0439435 0.00341288 -33.2156
0.0373713 0.00702429 -26.0155
0.0189233 0.012734 -4.41027
-0.0277872 0.00857244 20.1871
-0.0219363 0.0121478 19.4009
-0.0315959 0.00637721 20.7977
-0.0327146 0.000624951 21.7162
-0.0367999 0.00492809 21.4086
-0.0199816 0.0189678 17.1957
0.00346782 0.0423245 10.3509
-0.0767457 0.0876475 15.3631
-0.0448012 0.00974753 22.0165
-0.00918353 0.0411526 10.1646
-0.0243807 0.0719672 8.33066
-0.0671376 0.0724829 18.5694
-0.05258 0.0347703 20.5197
-0.0275299 0.0703705 7.7655
-0.0466391 0.0302318 18.9288
-0.0250637 0.0135782 14.584
-0.00986544 0.00671267 10.5526
-0.00471222 0.00719286 8.61213
-0.00346961 0.0145294 6.92328
-0.0192136 0.0266847 11.4719
-0.0351627 0.055123 13.5413
-0.0588778 0.0809071 19.0099
-0.0229146 0.0492582 7.05215
-0.0192455 0.0327149 8.18499
-0.0244979 0.039816 9.55989
-0.0290953 0.0144896 16.0821
-0.0117565 -0.01867 11.158
-0.00193438 -0.026083 6.43224
0.00467655 -0.00174706 -1.12857
0.0282127 0.0142056 -18.2166
0.0640547 0.102014 -55.024
0.0632266 0.0789554 -50.2314
0.0279603 0.0628974 -23.3688
0.00523774 0.0538479 -5.81484
-0.00167264 0.0935057 -7.42021
0.0162964 0.125078 -26.1898
0.0105344 0.137166 -23.968
0.27262 0.0654898 -222.134
0.00260628 0.148705 -19.8667
0.00626548 0.147185 -22.7081
0.0216291 0.118633 -31.4299
0.0061764 0.106308 -15.8984
0.0111745 0.133755 -24.1701
0.00699439 0.115028 -17.4165
-0.00358718 0.116701 -7.34854
-0.0068963 0.133174 -6.79182
0.0138626 0.139623 -28.5207
0.0219101 0.138603 -36.5126
0.0203167 0.117063 -30.9419
0.00283536 0.0916471 -8.25428
0.0254992 0.0803543 -31.1858
0.106495 -0.0348989 -101.119
0.123321 -0.0760063 -113.727
0.0870172 -0.0452594 -76.9848
0.0618286 -0.0545627 -46.4256
0.0605895 -0.0262936 -49.2912
0.0664863 0.0229518 -64.0938
0.0261379 0.0190125 -14.2806
-0.0284782 0.00857333 20.2512
-0.0310857 0.00736101 20.5769
-0.0376029 0.00276768 21.6921
-0.0312037 0.00345769 21.1066
0.00446855 0.034547 12.0538
0.0107366 0.0501676 7.76159
0.0566964 0.0868825 -4.70056
0.0255575 0.055824 5.96431
-0.00547515 0.0115821 14.3482
-0.0190004 0.129843 -2.36746
-0.0105032 0.0823881 4.50211
-0.0921772 0.0852571 23.2629
0.0146852 0.0254026 3.95676
0.0565993 0.0596506 -12.9191
0.04925 0.0518967 -9.02944
-0.0410551 0.00644478 21.289
-0.010517 0.00364227 11.2556
0.00277684 0.018297 3.71369
0.0395862 0.0419647 -15.0931
-0.00765733 0.031456 5.61486
-0.0229461 0.114352 -2.77832
-0.0491947 0.119386 8.40273
-0.0411372 0.147377 -0.908709
-0.0328382 0.142502 -3.42968
-0.0374833 0.118595 3.16968
-0.0362838 0.106838 4.55657
-0.0156437 0.24985 -33.5741
-0.0021913 0.283451 -47.9466
0.0250752 0.295146 -66.5066
0.10688 0.214441 -102.689
0.0658444 0.0814166 -50.8001
0.0272955 0.101823 -29.6362
0.00126897 0.1064 -12.841
0.0106169 0.0909472 -16.5277
0.033917 0.128447 -40.2401
0.02981 0.122661 -35.9132
0.0239525 0.115241 -29.9019
0.0406417 0.10287 -41.0396
-0.00215655 0.128552 -11.4067
0.00710275 0.127907 -19.1427
0.0106867 0.132921 -23.2612
0.00633322 0.135089 -19.8643
0.00659629 0.119432 -17.1676
0.00773904 0.109953 -16.4563
0.0028536 0.109766 -11.554
0.00218281 0.128557 -14.4922
0.00463022 0.126447 -16.7617
0.011399 0.123454 -22.9442
0.00920297 0.0918971 -15.1828
0.024527 0.0875689 -30.9979
0.0122069 0.0702445 -14.974
0.0491873 0.0792975 -57.4105
0.0981629 0.0664247 -110.132
0.0399863 0.0305656 -35.9576
0.0525732 -0.0147679 -42.4279
0.0984228 -0.00709462 -97.4924
0.0633898 0.0716524 -68.2164
0.0295915 0.0538551 -24.0093
-0.0316108 0.00432882 21.1174
-0.0318519 -0.00254866 22.5393
-0.0344153 -0.00508979 23.0829
-0.0222828 -0.00461722 22.0138
0.024946 -0.00740107 18.2346
0.0296958 0.021703 11.958
0.0250331 0.0288742 11.7724
0.00909306 0.0239393 15.1147
-0.0103623 0.00341506 22.3443
-0.0592251 0.012991 29.3529
-0.0262745 0.0166668 20.9209
-0.0257736 0.0381329 16.3992
0.1032 -0.00720112 -14.1675
0.082559 0.024962 -13.9535
0.0391907 0.0212568 0.650287
-0.0246024 -0.00130509 17.0621
0.00718466 0.00984477 3.69247
0.017372 0.054833 -9.03086
0.00745283 0.0388782 -1.80638
0.0121178 0.452563 -86.61
-0.0066499 0.197392 -25.8469
-0.0322842 0.192609 -13.2231
-0.023029 0.217766 -22.9012
-0.0217228 0.261337 -32.8055
-0.0251279 0.241465 -27.2472
0.00693444 0.329087 -62.1599
0.0162082 0.321154 -66.0732
0.0121771 0.307247 -60.996
0.0141858 0.318062 -64.3553
0.0212818 0.301677 -65.5926
0.0234477 0.300185 -66.5858
0.0111736 0.189481 -35.2654
0.0241365 0.208967 -48.9746
0.0169189 0.258651 -54.4176
0.0164916 0.14898 -31.2652
0.00759602 0.097453 -13.8957
0.0189636 0.0974464 -22.7797
0.0139184 0.0963309 -18.452
0.0304392 0.147214 -42.7751
0.021914 0.18798 -44.4379
0.0139174 0.177155 -35.3025
-0.00478579 0.162686 -15.9226
0.00756879 0.15649 -25.9259
-0.00623335 0.193762 -19.9003
-0.00216505 0.167923 -18.4746
-0.00447214 0.185182 -18.5221
0.0375473 0.294749 -82.1285
0.0343343 0.429768 -106.562
0.0199877 0.46704 -99.6081
-0.00682526 0.423669 -62.3985
-0.0439498 0.374339 -11.4806
-0.00114474 0.25998 -35.5677
0.0170547 0.186214 -40.3463
0.00637282 0.214554 -33.5063
-0.00247706 0.0510393 9.30963
0.0101198 -0.017014 8.45013
-0.015984 0.00322836 35.224
-0.0130793 0.00371115 31.5872
-0.0356485 0.000799304 21.9252
-0.0394134 0.00120861 21.9589
-0.0343745 0.000537426 21.7925
-0.0260211 -0.0093905 23.3564
0.0210839 -0.0309307 23.8427
0.0437729 -0.0241564 20.7195
0.0298052 -0.0595408 30.1161
-0.0079276 -0.09504 43.5917
-0.0332235 -0.0455754 36.7932
0.107739 0.0670824 -21.6416
0.0275749 -0.0488685 22.9885
-0.0109581 0.00141184 20.3574
-0.0126974 -0.00180552 21.1903
0.071955 0.0464407 -15.7525
0.0305785 -0.00982274 10.0075
-0.0262654 -0.0185277 29.4804
0.037805 0.545891 -122.686
-0.0221712 0.194925 -17.1429
-0.0344323 0.19592 -12.8086
-0.0144036 0.248493 -33.6916
-0.0230662 0.240519 -28.2349
-0.0222048 0.272194 -35.561
-0.00729062 0.282782 -44.7933
-0.00124437 0.294965 -50.2987
0.00566687 0.31229 -57.7676
0.00369593 0.329473 -60.362
0.00232106 0.33154 -60.1797
0.00961362 0.330348 -64.0762
0.00846238 0.327078 -62.6918
0.00794441 0.328146 -62.6711
0.0127306 0.317147 -63.2264
0.000934102 0.316051 -55.1419
0.00978535 0.30978 -60.2369
0.00609273 0.291493 -53.6023
-0.0010834 0.338135 -58.7497
0.0167672 0.333984 -71.4251
0.0125399 0.336945 -68.4842
-0.00640244 0.339548 -53.9179
0.00649262 0.253786 -44.8206
0.00668689 0.256972 -45.5826
0.0081562 0.252585 -45.9516
0.017368 0.233074 -49.505
0.0126046 0.249842 -48.8063
0.0205891 0.268366 -60.3865
0.0225294 0.26883 -61.9748
0.0200629 0.236383 -51.3961
0.0287378 0.217138 -55.7036
0.0176917 0.181438 -36.2801
0.0183355 0.176477 -35.9748
0.00466642 0.19694 -25.7949
-0.0126908 0.199083 -7.77248
-0.00829731 0.25473 -25.5084
0.0114022 0.226197 -41.3298
0.0353556 0.205703 -63.9052
0.0436961 0.0704951 -40.9729
0.0118331 0.0969192 -9.89989
0.0227848 0.142681 -34.0576
0.0628472 0.184311 -92.2228
-0.037024 -0.00015259 22.1228
-0.0357361 0.000524977 21.8865
-0.0337128 0.0106625 19.3082
-0.0390304 0.00332407 21.3653
-0.0334667 -0.00678501 23.2932
0.0130663 -0.0620735 31.9672
-0.0154513 -0.104849 46.1831
-0.0455842 -0.123773 55.8124
-0.0139787 0.0282903 11.3608
0.0533067 0.0282379 -1.8569
0.0132603 0.266662 -49.6805
0.0131284 0.274829 -51.8564
0.0293764 0.375212 -81.1477
0.00515235 0.327748 -63.0346
0.0364579 0.326514 -70.3717
0.0261095 0.301709 -60.9539
0.0127359 0.256034 -44.9775
0.000911996 0.263556 -42.8212
-0.00509386 0.26574 -41.2551
-0.0220695 0.274481 -35.9918
-0.00451902 0.30556 -51.2096
0.00458889 0.319528 -58.7875
0.00359868 0.321471 -58.633
0.0020324 0.325291 -58.8502
0.00917364 0.32347 -62.1195
0.00806681 0.330338 -63.0429
-0.0030816 0.344025 -60.1429
0.00462473 0.334378 -62.1232
0.00638418 0.334286 -62.9621
0.00805867 0.332502 -63.7606
0.00885413 0.323432 -62.0242
0.00288752 0.336734 -61.081
-0.00599334 0.33943 -55.7486
-0.000447913 0.328081 -56.9327
0.0062712 0.329332 -62.4054
0.0156998 0.339872 -72.0683
0.0110254 0.353588 -71.5754
-0.0106178 0.341103 -51.2092
-0.0170885 0.290446 -33.7757
-0.0159624 0.319672 -41.6365
-0.0179451 0.341444 -45.8887
0.0126178 0.244384 -47.9357
0.00863066 0.243469 -44.1092
0.0232185 0.219554 -51.5802
0.0276679 0.201548 -50.6185
0.0255847 0.215859 -52.3128
0.0198077 0.206888 -44.3613
0.0164123 0.211138 -42.2594
0.0238281 0.214738 -50.9414
0.0164169 0.209932 -41.6907
0.0042659 0.210709 -28.5918
-0.0105375 0.24135 -20.2642
-0.00239493 0.229605 -26.488
0.0169925 0.194862 -39.9381
0.0228072 0.16623 -39.641
0.0115501 0.133832 -18.2986
0.015121 0.132591 -22.5005
-0.000465878 0.194067 -18.8745
-0.0324488 0.00188872 21.5444
-0.0314307 0.00913769 19.5625
-0.0412495 0.0211904 16.858
-0.0414495 0.0128795 19.0303
-0.0370446 0.0136581 18.593
-0.0191861 -0.0303577 28.0135
0.00999051 0.416201 -89.6739
0.0170458 0.393952 -84.5876
0.0152609 0.356005 -73.5212
0.0244042 0.347492 -73.034
0.0356376 0.383847 -85.3326
0.0301133 0.349701 -73.3393
0.0316637 0.3505 -74.2545
0.0282927 0.320126 -65.3466
0.00522001 0.312782 -56.791
0.00510157 0.326462 -60.5796
0.0102556 0.311453 -58.287
0.0102725 0.304205 -56.5051
-0.00433301 0.3216 -55.4405
-0.000872078 0.307845 -53.0965
0.00696916 0.328961 -62.2052
0.00387632 0.320565 -58.5208
0.00992879 0.331128 -64.1532
0.00384426 0.33259 -61.6108
0.00722736 0.329001 -62.385
0.0150504 0.329614 -66.6632
0.0152083 0.336957 -68.8316
0.0041811 0.318073 -57.4047
0.0046755 0.327541 -60.2394
0.0158681 0.342905 -71.4026
0.00559527 0.321307 -58.936
0.000594723 0.319773 -55.1938
0.00757086 0.32705 -61.954
1.46073e-05 0.339471 -59.9972
0.00631795 0.340629 -65.0472
0.0247597 0.340208 -78.7397
0.0144337 0.335083 -69.2118
-0.0137004 0.352503 -51.5037
0.00262431 0.366488 -68.5406
-0.0154978 0.382 -57.4452
-0.0140525 0.396277 -61.9152
-0.0469884 0.447715 -47.6341
-0.0322959 0.351703 -34.8578
-0.0212239 0.343201 -43.0892
0.0144806 0.200767 -38.3789
0.0355268 0.181877 -53.4437
0.0232377 0.201647 -46.5158
0.024569 0.19523 -45.8707
0.0136631 0.223101 -42.1828
0.0218633 0.226113 -51.6268
0.000919142 0.226854 -29.3747
-0.00597182 0.242898 -25.9287
0.00414393 0.236589 -36.0435
0.0034658 0.220502 -31.3489
0.0240276 0.213398 -53.2072
0.0117544 0.200979 -35.4717
-0.00175645 0.22864 -26.7431
-0.0096266 0.225083 -15.8075
0.0346767 0.352939 -73.6792
0.0304828 0.336461 -68.6834
0.029432 0.33866 -69.8869
0.0582177 0.400934 -89.7292
0.0117722 0.378173 -77.4825
-0.00774286 0.412393 -87.004
0.0185359 0.405204 -88.1867
0.00370986 0.408149 -85.707
0.0265417 0.403512 -89.1038
0.0330252 0.388195 -85.507
0.0289098 0.380026 -82.0195
0.0112175 0.336325 -64.9485
0.00962292 0.322918 -60.6595
0.00064862 0.322474 -58.1165
0.00105736 0.328997 -60.1094
0.0050713 0.337525 -63.9531
0.0084269 0.326681 -61.8124
0.00887673 0.328324 -62.4181
0.00053435 0.321713 -57.1597
-0.00289683 0.326482 -57.2031
0.00228656 0.33372 -61.5046
0.00623675 0.331312 -62.6106
0.00821365 0.331004 -63.4521
0.00262168 0.330088 -60.2791
0.0125216 0.327208 -64.5945
0.0138171 0.330233 -66.2694
0.00585575 0.318677 -58.3155
0.00483523 0.323132 -59.0396
0.00532478 0.324159 -59.5532
-0.00622602 0.331311 -54.3347
0.00229603 0.319579 -56.4616
0.00520578 0.323302 -59.3666
0.00873315 0.329662 -63.596
0.00914205 0.323874 -62.1705
0.00335915 0.329658 -59.6658
0.00960821 0.327705 -63.8044
0.0191288 0.330475 -72.041
0.0197746 0.332337 -72.9412
0.00567105 0.356967 -68.8649
0.0158789 0.369842 -80.2863
-0.00855923 0.377595 -61.6779
-0.0161241 0.399817 -61.2
-0.0289281 0.431952 -59.2702
-0.0606834 0.438317 -31.3541
-0.0534994 0.446279 -41.7546
-0.00468825 0.25541 -34.5479
-0.0254829 0.248623 -11.3234
0.0075894 0.198691 -29.9973
0.0322979 0.172168 -47.5778
0.0303492 0.166771 -43.8073
0.0138749 0.17039 -27.2348
0.00479931 0.228803 -34.2166
0.010083 0.273048 -53.1423
0.00627769 0.278956 -50.4992
0.00618021 0.279346 -50.4657
0.00824446 0.274814 -51.4588
0.00890816 0.279724 -53.4205
0.0229158 0.271308 -68.1495
0.0313283 0.362641 -76.6608
0.032092 0.385544 -84.0992
0.0449505 0.522325 -128.308
0.0394154 0.370669 -79.0582
0.026215 0.345718 -69.8906
0.0041449 0.35353 -69.792
0.00401343 0.360877 -71.8162
0.00642052 0.367784 -73.932
0.0130723 0.384979 -80.4909
0.0125534 0.364563 -73.9927
0.013903 0.340826 -67.027
0.0139391 0.335642 -65.6328
-0.00289201 0.330737 -59.7185
-0.000985136 0.331565 -60.2954
0.00588959 0.333891 -63.1108
0.00601815 0.338529 -64.5271
0.00466201 0.328187 -60.9026
0.00370078 0.325303 -59.5334
0.000627866 0.323013 -57.6811
0.00535764 0.32474 -60.1889
0.00910695 0.331243 -63.7964
0.00661686 0.332276 -63.0526
0.00642301 0.330934 -62.5121
0.00964555 0.329446 -63.6465
-0.000660944 0.329996 -58.5008
-0.000930162 0.333935 -59.4094
0.00634208 0.323197 -60.0925
0.0128166 0.310151 -59.7301
0.00870516 0.317949 -59.6495
-0.000432509 0.328787 -57.4077
0.00365608 0.321724 -57.9441
0.00420539 0.319431 -57.4426
0.00667737 0.325732 -61.0895
-0.00166594 0.329487 -56.3759
0.0109564 0.322659 -63.2369
0.00379863 0.3231 -57.8932
0.0049099 0.325652 -59.6864
-0.00818048 0.309395 -44.0582
0.031281 0.299883 -73.1608
0.045355 0.293991 -82.8473
0.0287103 0.327803 -78.3641
0.00834086 0.3563 -69.5305
-0.0168266 0.382881 -55.0807
0.00263193 0.388216 -75.2623
-0.0514248 0.448458 -43.2508
-0.145113 0.535991 20.5112
-0.0279762 0.230091 -2.96985
-0.0173098 0.220586 -10.9586
5.3994e-05 0.187192 -18.655
0.0238575 0.161725 -35.9692
0.0772986 0.0237717 16.2251
0.057803 0.0128391 41.5495
0.0022266 0.277436 -45.6981
0.015032 0.239366 -48.1894
-0.00660623 0.2586 -28.5042
0.0160825 0.237711 -48.72
0.0209121 0.249143 -58.0131
0.0411711 0.254258 -84.5141
0.0444572 0.385576 -84.0783
0.044283 0.395759 -87.4208
0.0373982 0.388469 -84.1352
0.0212276 0.376475 -78.9059
0.0126487 0.358472 -72.0651
0.00313922 0.335859 -63.4333
0.00155007 0.339458 -64.1616
-0.00285562 0.33739 -62.7822
0.00639503 0.340172 -65.1065
-0.000527393 0.327473 -59.6076
0.00607486 0.326324 -60.7955
0.0073226 0.328256 -61.558
0.00821795 0.330751 -62.4737
0.00268276 0.32675 -59.7855
0.00511388 0.32534 -60.1311
0.00597905 0.329405 -61.6944
0.00371666 0.32996 -61.122
0.000351385 0.329304 -59.6064
0.00312321 0.326897 -59.9569
0.00844868 0.332331 -63.9632
0.00320496 0.327024 -59.7826
0.00871542 0.324252 -61.291
0.00240365 0.324999 -58.4385
0.00103746 0.327274 -58.54
0.0054932 0.325174 -60.1199
0.00486392 0.328491 -60.8822
0.00320506 0.323783 -58.3137
0.00497732 0.322231 -58.9124
0.00773206 0.322087 -60.4822
0.000592019 0.338059 -61.12
0.00104101 0.321539 -55.9321
-0.00478605 0.295752 -43.4614
0.00199515 0.310002 -52.671
0.00390554 0.32397 -58.631
-0.00228627 0.320306 -52.6541
0.0103757 0.309897 -58.7048
0.00687721 0.324581 -60.7067
0.00506017 0.321456 -58.295
0.018638 0.290952 -59.2219
0.0155163 0.279684 -52.857
0.0416788 0.257446 -67.9704
0.0365433 0.275556 -69.3229
0.0212245 0.318378 -69.3781
0.0216149 0.330626 -73.7118
-0.0147845 0.37989 -55.4255
-0.0310728 0.386111 -42.2209
-0.00701054 0.326196 -46.0639
0.028832 0.353 -91.145
0.0447873 0.364595 -111.321
0.0463427 0.363585 -112.598
0.0679668 0.0198756 27.6925
0.0556963 0.00679341 45.7081
-0.0204173 0.24718 -10.7801
-0.0106117 0.229654 -15.9144
0.0132173 0.19444 -31.9751
0.0133004 0.202287 -34.4136
0.00155666 0.18608 -14.9559
0.018508 0.178515 -32.8216
0.0417046 0.389139 -85.1816
0.0398996 0.384181 -83.307
0.0423297 0.373783 -79.7062
0.01993 0.356962 -72.1457
0.000623514 0.325917 -59.9204
0.00548526 0.301124 -51.7339
0.00867483 0.319216 -58.4905
0.00601142 0.316464 -57.3044
0.00881819 0.318876 -58.4616
0.0023208 0.325839 -59.5723
0.00269038 0.318115 -57.1069
0.0108891 0.319791 -59.6241
0.00217839 0.330679 -61.1756
0.00242198 0.323067 -58.4374
0.00582769 0.323288 -59.5494
0.0114121 0.319746 -60.0979
0.00405862 0.319796 -57.6884
0.00292658 0.31496 -55.7477
0.0177992 0.328946 -66.3962
0.00421254 0.315498 -56.1444
0.00823052 0.327124 -62.073
0.0033599 0.325976 -59.3995
0.0108288 0.318495 -60.2764
0.00258867 0.324448 -58.3813
0.00301851 0.324789 -58.7489
0.00325923 0.328289 -60.0313
0.00683744 0.318476 -58.5674
0.00798683 0.321101 -60.1171
0.00635268 0.326851 -61.2469
0.00321865 0.32674 -59.2043
0.00478988 0.324251 -59.2826
0.000982259 0.329513 -58.7335
0.0047542 0.325646 -59.8315
0.010247 0.326602 -63.9828
0.0115227 0.319637 -62.6033
0.0171548 0.334499 -72.0392
0.00741175 0.344796 -68.099
-0.00251281 0.323424 -52.6382
-0.000895322 0.310525 -49.6488
0.0100296 0.291342 -52.0254
0.00994729 0.288092 -50.9744
0.0457639 0.247264 -68.0841
0.0545983 0.252031 -77.9566
0.0524416 0.313198 -97.2421
0.00263188 0.352385 -63.0636
-0.0122161 0.373804 -56.9984
0.00500826 0.348905 -65.6465
0.0401019 0.352501 -102.297
0.0446277 0.358186 -108.78
0.0444458 0.361309 -109.757
0.0623837 0.0203359 33.699
0.0483778 0.0174125 50.2795
0.00307253 0.255802 -40.5609
-0.0148318 0.256507 -20.1597
0.00115642 0.20198 -20.3899
-0.0241367 0.217358 4.82337
-0.0363134 0.145853 44.4272
0.042089 0.134333 -47.1398
0.0392209 0.38918 -85.1684
0.0383289 0.385732 -83.8673
0.0289146 0.367007 -76.5657
-0.00708841 0.310774 -53.8321
-0.00340675 0.282455 -44.1022
0.0120533 0.290818 -48.7739
0.00723986 0.300847 -51.8168
0.00972687 0.306935 -54.3863
0.0117947 0.302853 -53.3706
0.0034748 0.310554 -54.4971
0.00394558 0.288559 -46.7407
0.0181028 0.303927 -55.7034
0.0135017 0.316888 -59.2873
0.0111833 0.323304 -61.0432
0.00236242 0.317263 -56.3349
0.00102371 0.303758 -50.9142
-0.000913424 0.29484 -46.9982
0.0023238 0.314799 -55.4117
0.00537828 0.297468 -50.3099
0.00489414 0.292657 -48.336
0.00513973 0.284587 -45.4609
0.0103017 0.280297 -46.3598
0.0107651 0.293869 -51.4622
0.0113089 0.304521 -55.6476
0.00483187 0.30683 -53.2705
0.00335893 0.301473 -50.513
0.00418641 0.300194 -50.4604
0.0117303 0.298249 -54.1594
0.00907072 0.311556 -57.4246
0.00563287 0.316526 -56.9914
0.00355677 0.308753 -52.8733
0.012079 0.318759 -62.1157
-3.70615e-05 0.330447 -57.9893
-0.00767475 0.288369 -37.3876
0.00559999 0.279904 -44.2338
0.0315447 0.27948 -63.4162
0.0086605 0.318312 -59.7348
-0.000161684 0.311208 -50.1684
-0.00472095 0.309556 -45.9501
0.00651124 0.304224 -53.5358
0.00980094 0.288949 -50.8264
0.0109349 0.267773 -44.048
0.0552961 0.209698 -63.3911
0.0830701 0.265415 -108.659
0.0526478 0.324363 -100.999
-0.0246712 0.398994 -53.4143
-0.00459885 0.333652 -50.4815
0.0430954 0.319061 -93.475
0.0588234 0.330323 -113.749
0.0575491 0.355063 -121.539
0.0539241 0.0180514 43.7315
0.052405 0.0186368 45.2563
0.0395725 0.0102247 62.4422
-0.0129989 0.2725 -28.0777
-0.0365782 0.273838 -1.2684
-0.0503434 0.229261 31.0822
-0.0578843 0.0822748 93.3824
-0.0215425 0.0562987 58.4789
