-0.00478827 -0.0241021 12.9147
-0.00158647 -0.0228273 12.5328
0.00649829 -0.0283339 12.387
0.0102654 -0.00700058 11.4888
-0.0114455 -0.0104869 13.2911
-0.00732071 -0.00536101 12.9511
-0.00674335 -0.00317953 12.7214
0.00178095 -0.00775681 11.4779
0.0141311 -0.0315581 9.96301
-0.0078054 -0.0825549 21.5132
-0.018513 -0.062986 23.5602
0.327583 -0.580625 -52.5035
-0.0249952 -0.119774 32.7279
-0.020948 -0.0820739 30.101
-0.063248 -0.0268869 41.6486
-0.0929938 -0.0113906 50.7763
-0.0573389 -0.0189628 38.2851
-0.0304004 -0.0430077 29.1378
-0.0256198 -0.0267035 26.6913
-0.0166666 -0.0297636 23.1353
0.265557 -0.0356853 -105.905
-0.107419 -0.0430757 65.0841
0.0530248 0.0597797 -22.4353
-0.0422034 -0.0141893 30.7774
-0.0328143 -0.0176158 25.8105
0.0615219 -0.0335699 -24.6484
0.0658102 -0.0504866 -26.4409
0.0192275 -0.0547354 1.3435
0.0259284 -0.0166111 -3.98481
0.0548666 -0.0613614 -20.9128
0.0172158 -0.0147375 2.85542
0.0153468 0.0147 3.46068
0.521076 0.0405968 -346.712
0.0528993 -0.0155201 -13.4587
0.0545592 -0.0425399 -14.2973
0.0371609 -0.0440382 -0.955187
0.021266 -0.0468442 11.3663
0.0219384 -0.0404876 10.473
0.00792229 -0.0144752 22.2627
-0.0801809 0.0626551 94.9486
-0.0497899 0.0813861 67.6916
0.0241285 -0.00149135 11.2239
-0.425975 0.0974878 418.858
-0.0514048 0.0753135 69.8975
-0.00533974 0.0854614 25.8641
0.0682797 -0.0385393 -43.231
0.0588715 -0.0324615 -34.2692
0.0286232 -0.0307932 -3.4506
0.0108929 -0.0199282 14.7084
0.00185043 -0.0313619 24.3939
-0.0697543 -0.109422 102.244
0.0126259 0.0406082 -10.4339
0.0102319 -0.0307828 -8.96822
0.0109591 -0.0337698 -9.7712
0.0374302 -0.00049974 -41.8468
0.055924 0.0217581 -64.8601
0.0927746 0.0707931 -109.54
0.116186 0.0334262 -136.927
0.00465157 -0.0357464 12.9937
0.00702921 -0.0234904 11.9553
0.00957655 -0.0167143 11.8959
0.00301095 -0.0218473 12.4639
0.00168152 -0.0068519 12.0115
-0.0082869 -0.00119504 12.861
-0.0101518 -0.00317381 13.1514
-0.00487765 -0.00473359 12.4076
0.0118854 -0.0454131 10.4383
0.0180976 -0.057423 16.0237
-0.0238197 -0.0231579 23.2444
-0.042702 -0.0281172 28.3526
-0.0284136 -0.0619826 26.2228
0.188476 -0.450935 -20.3044
-0.0694558 -0.00497886 43.2346
-0.106148 -0.0187943 55.2568
-0.0690851 -0.0387 42.7446
-0.0519467 -0.0663843 37.8383
-0.0316685 -0.0531743 29.8397
0.0384716 -0.0382673 -6.8906
0.193605 -0.0629633 -73.2993
0.0567719 -0.0627361 -8.64809
-0.17489 0.0221937 93.0722
-0.144388 -0.112683 91.3104
0.0695081 -0.0169091 -29.1721
0.0554522 -0.0463519 -20.7809
0.0637788 -0.0546369 -25.2999
0.0254017 -0.0433068 -2.65506
0.0206755 -0.063967 0.470563
0 0 -1
0.0557086 -0.0433644 -21.509
0.0330264 0.0115094 -8.59455
0.0388708 0.0151282 -12.6654
0.0713766 -0.0223346 -26.8819
0.041097 -0.0397719 -4.13709
0.0251479 -0.0704852 8.9561
0.0300282 -0.102822 5.41201
0.036258 -0.0681867 -0.22285
0.0338423 -0.0361608 0.865266
0.0305188 0.0412648 0.903129
0.0912939 0.00435873 -48.8897
0.038319 0.00332001 -1.49462
0.00160239 0.00829529 31.2958
-0.108094 0.0542854 125.127
-0.0194984 -0.00741848 42.0256
0.0338708 0.00335687 -10.2495
0.0478632 -0.0285252 -23.1059
0.0250559 -0.0293276 0.167076
0.0453452 -0.116434 -17.9386
-0.00864394 0.0132457 9.87694
0.0110108 0.00524957 -11.1022
0.00922883 0.00850932 -9.39475
0.0200511 -0.0114132 -20.7477
0.0151922 -0.0248406 -14.958
0.0488668 -0.000652386 -55.0563
0.0530578 0.0379168 -61.1813
0.0938578 0.031461 -109.391
0.0715276 0.0205326 -81.645
0.0265808 -0.00530559 10.7641
0.0181084 0.003333 10.5716
0.00922522 0.0126813 10.3109
0.00358171 0.000805673 11.2934
-0.0041661 -0.00632052 12.5268
-1.49251e-05 0.000396794 11.7085
-0.00726749 0.00884204 12.3583
-0.0233426 -0.00328352 15.3576
-0.00961934 -0.0254836 14.5083
0.0279093 -0.290735 24.5312
-0.043138 0.0207582 27.0768
-0.0359612 -0.0102973 26.3519
-0.234564 -0.43446 97.7576
0.0173287 -0.0950629 15.1316
-0.0254797 -0.0159946 14.0387
-0.0919382 -0.00528364 50.3253
0.00629654 0.0181227 2.35485
0.0246607 -0.0482891 -0.475304
-0.0363881 -0.0501304 31.3549
0.0333243 -0.0471053 -4.84364
0.0720822 -0.0984437 -18.4931
-0.102565 -0.059113 63.3734
-0.186257 -0.00746986 99.8915
0.0144839 -0.128465 6.08389
0.0472187 -0.0258047 -16.8251
-0.39246 -0.030288 220.992
0.0398109 -0.0412593 -12.2459
0.0237983 -0.0602453 -1.5792
0.0152148 -0.0797817 4.45387
0.0797372 -0.0591911 -37.402
0.0986896 -0.0335503 -49.6722
0.0498957 0.00544259 -19.5581
0.0573958 0.00891042 -25.0262
0.0474447 -0.0337658 -9.17559
0.0215396 -0.0714734 12.0369
-0.011052 -0.0746376 36.6403
0.0122157 -0.0529143 16.8485
0.0382257 -0.0594096 -3.07769
0.0407614 -0.0629387 -4.10817
0.0388423 -0.0720708 -2.2385
-0.082729 0.0243653 91.036
0.0322496 0.00543714 3.83544
0.0026391 -0.000197663 19.5704
0.00332264 -0.0083281 19.3624
-0.00300432 -0.0352053 27.0355
0.000196458 -0.0782997 25.9741
0.0170422 -0.157195 12.7355
0.00925088 -0.193172 22.4766
-0.00192287 0.046212 1.18431
-0.00944759 0.0294161 10.1414
-0.000920078 0.00895459 1.68943
-0.317646 -0.0368 358.328
0.0143649 -0.0060525 -14.4537
0.0186582 -0.000352674 -19.7481
0.0673437 0.0158264 -77.4646
0.0789897 -0.00185336 -90.5787
0.0990708 0.0252864 -115.342
0.0515494 0.0139443 -56.8221
0.0242123 0.0092061 10.2381
0.0195902 0.0180803 9.72442
-0.00577489 0.00369358 12.3427
-0.00797122 -0.0131884 13.477
-0.00718729 0.00615354 12.1707
-0.0161739 0.000976252 13.9656
-0.0162513 -0.0109216 15.111
-0.0241484 0.00411233 15.2556
-0.0417604 -0.0357004 20.8847
-0.040602 -0.0587387 22.2836
-0.034832 -0.0404036 19.1831
-0.0705295 -0.0756096 30.6022
-0.0350915 -0.0278208 17.9547
-0.00540879 0.0128654 6.46033
0.00600907 0.0270406 1.7928
0.00991778 0.0409407 -0.481597
0.0064893 0.0209964 2.13387
-0.00113431 0.0165296 5.30618
-0.00193233 0.00904387 5.8555
-0.000266475 -0.0143636 6.73409
0.011639 -0.0297512 2.79204
-0.0348541 0.00676804 22.699
-0.0470483 0.018203 26.354
-0.0159827 0.269293 -9.6986
0.015625 0.0160284 -4.89204
-0.00261211 -0.0372283 9.08037
0.0382215 -0.0374023 -12.1737
0.0177325 -0.0493497 1.23635
-0.0137719 -0.0724967 21.4939
0.11306 -0.0511462 -59.1289
0.108267 -0.0192575 -56.6311
0.0645231 -0.0120564 -28.2185
0.0219775 -0.0232559 1.70454
0.0248917 -0.0829062 9.88361
0.00942793 -0.110391 22.886
0.0137723 -0.0619595 16.552
0.0185335 -0.0332952 10.7466
0.0328016 -0.0304393 -0.636157
-0.0368554 -0.0118495 56.0293
-0.0984992 0.0147878 104.705
-0.0689744 0.0352351 77.9779
0.0227104 0.000626453 12.7514
-0.00428826 0.000317988 26.0587
0 0 -1
-0.00957306 -0.0164118 32.2049
-0.00688553 -0.172318 36.8079
0.00798245 -0.186628 22.8965
0.00150398 -0.0178513 7.62396
-0.0920347 -0.0338878 105.957
-0.0374508 0.0692077 38.8296
-0.00407994 0.0117529 5.1531
-0.0292195 0.0854678 28.1827
0.00643131 0.000736109 -6.06576
0.0360966 -0.00934517 -39.5679
0.0959976 0.0155568 -111.906
0.108506 -0.0257772 -122.761
0.0414712 0.00378112 -43.5582
0.023262 0.000390816 -20.9951
0.0326779 0.0215985 9.43719
0.0160809 0.00633947 10.844
-0.009753 -0.0180762 14.2562
-0.0025251 -0.0226433 14.2204
-0.0101347 -0.0130318 13.8743
-0.00440326 -0.00527025 12.6085
-0.0200218 -0.0159402 15.9828
-0.0442597 -0.013985 19.9757
-0.0926733 -0.0333638 30.1164
-0.0561183 -0.0128285 20.8983
-0.0413548 -0.0265535 19.4746
-0.0263173 -0.0111474 14.38
-0.0129714 0.00479889 9.35582
-0.00779209 0.00700543 7.72659
0.0037734 0.0131915 3.6872
0.00932109 0.00928878 2.23403
0.00779103 0.0150917 2.23313
-0.011031 0.00194798 10.3883
-0.020123 0.00430641 13.7232
-0.010658 0.00377068 9.79397
-0.0114675 -0.00623175 10.9151
-0.0115437 -0.0362225 13.9978
-0.0326392 -0.0071758 21.6341
-0.0131065 -0.0194746 13.4178
0.0102299 0.171093 -17.4113
0.015222 -0.00558156 -2.90896
0.0297803 -0.0208882 -8.6453
-0.0172579 -0.0324522 19.9657
0.0437483 -0.0200071 -18.5513
0.134697 -0.0388869 -73.5165
0.122779 -0.0412376 -64.5718
0.0586775 -0.0299756 -22.5443
0.0133477 -0.0293571 8.41371
0.00945953 -0.0161931 9.73193
-0.0154786 -0.0429893 30.683
-0.0151248 -0.0545779 31.4537
0.0252268 -0.026499 5.32945
0.332694 -0.356648 -213.94
-0.0236208 0.0214928 41.781
-0.0411055 0.0542215 53.1392
0.431735 -0.0177174 -347.511
0.0255588 0.000190099 10.3221
-0.0238838 -0.00313861 55.3282
0.86928 0.469436 -836.296
0.0662842 0.0202801 -60.7528
0.0592919 -0.0100326 -50.7522
0.0310017 0.0143947 -25.5249
0.00887498 0.00532558 -2.18742
-0.0389391 0.0312998 45.4653
-0.0521321 0.0804921 55.1635
-0.0646297 0.130609 62.869
0.139785 0.525597 -201.096
-0.0232189 0.040192 24.8335
0.0158397 0.00371965 -17.2703
0.0928084 0.006657 -107.378
0.111062 -0.0124434 -127.471
0.0914635 0.0102423 -104.747
0.0371493 0.0164111 -39.5446
0.00586982 -0.0315407 15.3802
-0.00252839 -0.0239624 14.1813
-0.00931478 -0.0316901 15.6651
0.00508982 -0.0131084 12.4939
-0.00776955 -0.00587895 12.7158
0.00977914 0.00221127 10.1518
-0.0180176 -0.0263096 17.1995
-0.0553049 -0.0191191 22.024
-0.0706463 -0.0494899 28.8641
-0.0502574 -0.000187448 18.0433
-0.0210936 -0.0132681 13.7494
-0.0128514 -0.00986589 11.2515
-0.00816982 -0.00124411 8.84755
-0.00590424 0.00378378 7.65359
-0.00432555 -0.010134 8.80232
0.0136736 -0.00667385 2.36046
0.00419822 -0.0110825 6.29034
-0.00563267 -0.0125971 9.92624
-0.0178976 -0.0171532 15.3303
-0.0196197 -0.00661063 14.6665
-0.0264905 -0.0117507 18.137
-0.0213677 -0.017243 16.1164
-0.0190837 -0.0348137 17.184
-0.000788321 -0.040623 8.89814
-0.0107509 -0.0276689 13.6271
0.018182 -0.0137282 -3.0543
0.0460961 -0.00807163 -19.342
-0.0034789 0.0106015 6.90308
0.0613448 -0.0406069 -27.8629
0.100786 -0.0545676 -50.0509
0.119543 -0.0647331 -60.5898
0.0734928 -0.11471 -23.6626
0.0470675 -0.0916887 -8.3746
0.00474275 -0.0326624 15.0361
-0.0085215 -0.0355212 24.5836
0.0225273 0.0178884 -5.55989
-0.0106162 -0.00719837 22.8219
0.0240489 -0.00187106 4.65394
-0.00707792 0.0044797 29.7131
-0.0492249 0.00733791 64.6101
0.493945 -0.0125741 -402.416
0.0229592 -0.0106837 14.0465
0.00700697 0.0060473 26.2843
0.0632142 0.0372667 -60.2844
0.0650256 0.0450528 -63.1261
0.0431028 0.0268332 -38.8903
0.0242737 0.0238719 -19.903
0.0186684 0.0264678 -14.6171
0.00218177 0.0217056 3.19628
-0.013114 0.0273888 18.8567
-0.0275875 0.0347101 33.7055
-0.0654362 0.0874619 69.3908
-0.110231 0.136758 113.666
-0.0624707 0.0746042 65.6641
0.115921 0.0389658 -138.451
0.1309 0.0799904 -160.352
0.10695 0.0313361 -126.304
0.0237506 0.0379083 -25.4454
0.00386549 -0.0430423 16.4395
0.0157793 -0.0261545 14.0663
2.17036e-05 -0.0236869 14.2482
-0.00144015 -0.0270858 15.1201
-0.0222519 -0.00976265 14.5719
0.00642404 -0.0133399 12.3418
-0.0173416 -0.0246581 16.7826
-0.0494165 -0.0541881 25.176
-0.0584869 -0.0408479 24.8031
-0.0386819 -0.0281077 19.3285
-0.0203693 -0.015264 13.7249
-0.0181574 -0.0255757 14.6032
-0.0103025 -0.0161974 11.3285
-0.0110539 -0.016685 11.7691
-0.00983309 -0.00665255 9.79109
0.00788263 -0.021455 6.32648
-0.00384454 -0.0226102 10.6175
-0.0136084 -0.0136464 13.0745
-0.0206503 -0.0348586 18.3919
-0.0144353 -0.0332386 15.7357
-0.0191451 -0.0312748 17.6718
-0.0211689 -0.022587 17.2504
-0.0152652 0.000809101 10.6848
-0.00549548 -0.0166378 8.03199
0.0107418 -0.0507461 4.74362
0.0233232 -0.0599627 -0.575817
0.0485611 -0.0280274 -18.4849
0.0187954 0.0565596 -10.7994
-0.0256622 0.0804526 11.5063
0.0895148 -0.07084 -41.0839
0.060685 -0.111321 -16.1797
0.0473114 -0.12371 -5.91155
0.0513686 -0.0753799 -15.1726
0.0500322 -0.0402037 -17.5681
0.0410105 -0.00268855 -16.2041
0.0166442 -0.0218811 3.6508
0.027024 -0.0189255 -4.6152
0.854691 -0.0636255 -666.523
0.0260344 -0.00185772 3.05132
0.021106 0.00327123 -14.3972
-0.0492249 0.00733791 64.6101
0.0525926 -0.00457692 -13.3908
0.0357816 0.0119655 -0.667077
0.00317911 0.0501967 -3.55113
0.0400995 0.0402208 -37.5264
0.0293169 0.02211 -24.7272
0.0224091 0.0232412 -17.9286
0.00779986 0.023652 -3.18971
0.00677079 0.0106029 -0.339471
-0.0013621 0.0160251 7.6007
-0.00368087 0.0186117 9.76658
-0.0295921 0.0437902 34.8798
-0.0675843 0.0767534 73.5082
-0.0921483 0.114277 95.3303
-0.0332076 0.041637 36.7323
0.13552 0.0456993 -162.037
0.093273 0.0451835 -110.403
0.0441981 0.0502639 -51.8259
0.0124729 -0.00700823 10.9327
-0.00878653 -0.0226901 14.1595
0.00270068 -0.0410547 16.7121
0.0144442 -0.0409496 15.7841
-0.00380634 -0.0360626 16.7386
-0.0314073 -0.0429371 21.4689
-0.061229 -0.0589201 27.9352
-0.0447141 -0.0423836 22.2199
-0.0295254 -0.0300052 17.9496
-0.0235952 -0.0144266 14.0698
-0.0127127 0.000961642 9.3889
-0.0161221 -0.00128422 10.3639
-0.00845817 -0.0130798 10.3719
-0.01404 -0.0157199 12.4334
-0.0141911 -0.0172962 12.4975
-0.000599771 -0.0215832 8.82292
0.0122449 -0.00949042 2.71803
-0.0162784 -0.0100295 13.2729
-0.0298156 -0.0134407 19.0819
-0.0303449 -0.0222416 20.8444
-0.00932732 -0.0205375 11.3901
-0.0234578 -0.0176531 17.5105
-0.026341 -0.0124857 17.8789
-0.0160568 -0.0166495 13.3833
0 0 -1
0.00671505 -0.0386744 4.89971
0.00601061 -0.0605412 8.69221
0.00546442 0.035992 0.512724
0.00484309 0.0206247 3.2415
0.0769872 -0.058362 -35.4502
0.0693604 -0.0619285 -30.0372
0.0875943 -0.0588672 -43.3573
-0.0238904 0.026552 16.2113
0.0640174 -0.0156306 -30.8902
0.00449578 0.0190864 -5.53935
0.00388041 0.0183239 -4.9531
0.00885408 0.0430807 -12.4249
0.365843 -0.0180505 -273.029
0.0250538 0.00127323 3.29322
0.0168353 -0.000994664 -10.049
0.089274 -0.0324404 -41.8539
0.0896226 -0.00737155 -46.0699
0.0473549 0.00246441 -9.67854
0.000939735 0.000169653 5.8882
0.0235413 0.00961758 -17.0303
0.0265473 0.0144739 -20.7072
0.0107126 0.00567673 -3.44837
0.00248207 -0.00259039 6.17067
0.00814164 0.00495885 -0.987813
0.0030341 0.00458809 4.44378
0.00372439 0.00938071 3.00679
-0.0115728 0.0180992 18.5567
-0.0330592 0.0319995 40.5295
-0.0714025 0.0518943 81.0978
0.0438735 0.0508923 -55.3204
0.107741 0.0529929 -130.026
0.0579267 0.0256254 -64.7077
0.0482604 0.0283809 -53.6739
-0.0157032 0.0567363 -0.283777
-0.0254598 0.0210288 6.37992
-0.0125588 -0.0311983 15.5667
0.0183048 -0.00493998 8.74624
-0.0135338 -0.0343545 17.4931
-0.0441034 -0.0313952 21.0532
-0.0494191 -0.0288423 20.3747
-0.0165128 0.00863607 8.52401
-0.0101241 -0.00942958 11.0094
-0.0160166 0.00308543 9.59608
-0.0164518 0.00605975 9.21877
-0.0222257 0.0165501 8.75053
-0.0250336 0.020864 8.63588
-0.0211035 0.0267861 6.58751
-0.00872721 0.0124045 5.29497
0.0097833 0.0118894 -0.514066
0.0105641 0.0220813 -2.14117
-0.030474 0.00304778 16.3178
-0.0430895 -0.00206035 22.3851
-0.0383451 -0.0143069 22.65
-0.00211251 -0.0157774 7.12054
-0.00981147 -0.0185984 11.6671
-0.0253186 -0.0095994 16.736
-0.0219988 0.0358408 7.04949
-0.0108389 -0.00212124 7.98012
-0.00150181 0.0610722 -8.08936
-0.0144791 0.194378 -24.7232
0.00219605 -0.00357997 8.90556
-0.00477187 -0.00560289 13.4871
-0.0954791 -0.0166932 71.4028
0.0612472 0.0148959 -37.4709
0.0587319 0.00485806 -33.6864
0.0983583 -0.0160415 -56.9792
0.00168782 0.0424633 3.83948
0.0580557 -0.0103444 -27.4368
0.000660122 0.0300675 -4.13886
0.00324071 0.0399232 -7.47807
0.0814769 0.0175486 -46.5341
0.0400684 -0.00285853 -8.30652
0.0194044 -0.00346227 -11.8243
0.1382 -0.0518759 -81.7848
0.12029 -0.00958026 -73.3447
0.047646 -0.00596929 -8.51592
0.0119404 -0.0125824 -2.47476
0.0313525 -0.0161246 -20.1102
0.0190679 -0.00633339 -9.77023
0.00848114 -0.0138495 2.05732
0.00847071 -0.0177093 2.6929
0.010985 -0.00128949 -2.9926
0.0166564 -0.00368935 -8.60948
-1.20762e-05 0.00135035 8.46721
0.00513752 -0.00282693 3.69683
-0.0219179 0.00578655 32.4613
-0.0289195 0.0277839 36.1395
0.0203303 0.0564628 -27.1302
0.0910112 0.0438682 -108.344
0.0424455 0.0141846 -44.1975
0.0474923 0.0100977 -49.7776
-0.0469942 0.134986 -14.9815
-0.083798 0.105525 -8.54327
-0.0207755 0.0171411 6.45731
0.0142617 0.0251204 2.98992
0.00635912 0.0101295 7.38331
-0.0365035 0.00463949 13.3185
-0.0394405 -0.00026309 13.6946
-0.0155401 0.0389034 2.42855
-0.0208025 0.0448612 2.18932
-0.00405002 0.0991374 -12.1901
0.00185698 0.038088 -1.10872
-0.00901963 0.0784387 -6.61301
-0.022727 0.100473 -7.75623
-0.0114164 0.0930249 -8.91677
-0.0158094 0.076369 -4.77608
0.0110418 0.0836103 -14.6475
-0.00219939 0.0495936 -2.9319
-0.00379386 0.0698333 -6.78942
0.0254637 0.343911 -74.6312
0.0187014 0.364939 -75.951
-0.00175922 0.388293 -71.9939
0.00388248 0.322943 -61.2229
-0.0131978 0.385282 -65.6589
0.00550361 0.375178 -72.3883
-0.0222259 0.272521 -35.3992
0.00583096 0.305676 -58.1814
0.0239254 0.273954 -61.9297
0.0188037 0.0194846 -5.6719
-0.00902878 0.00652977 13.5994
-0.00420832 0.226548 -34.6019
0.028957 0.263916 -63.4827
0.0594329 0.275191 -86.1174
0.0647387 0.256892 -86.0557
0.0637684 0.263819 -86.5643
0.0232753 0.190708 -41.9553
-0.00888066 0.372971 -56.3968
0.196876 0.536045 -251.161
0.0761194 0.0106754 -40.6129
0.0428789 -0.00892187 -9.33669
0.125682 -0.0393115 -74.1745
0.183233 -0.049367 -122.002
0.0933896 0.0171787 -54.5605
-0.0077261 -0.00711147 42.4062
0.00593121 0.00872702 -1.15427
0.0233935 -0.0155432 -12.78
0.0209926 -0.0229641 -8.5891
0.00334561 -0.033794 11.0481
0.0153736 -0.016139 -4.80517
0.0210168 -0.00799616 -12.1051
0.012346 0.000358055 -4.69527
-0.00109284 -0.00574292 11.0922
-0.0134533 -0.0146716 26.5286
-0.0126309 -0.015002 25.4865
-0.00348439 0.00244115 11.4811
0.0266597 0.00954669 -25.0446
0.0489423 0.00607298 -50.4381
0.0374214 -0.0202998 -31.2914
0.0255454 -0.0315424 -14.4904
0.0299909 0.0978883 -8.78557
-0.00180907 0.0685183 -0.350421
-0.00864031 0.026694 3.83102
0.00700493 0.116929 -16.903
-0.0172225 0.0106346 9.33755
-0.0262552 0.0169126 9.0285
-0.0053889 0.0542819 -2.64997
0.000670241 0.118264 -17.5631
0.0230276 0.158436 -30.0237
0.036785 0.297125 -64.3022
0.0329735 0.192808 -41.076
-0.00439981 0.228759 -40.1708
0.000368195 0.336961 -65.1941
-0.00593852 0.337025 -63.3631
-0.0286149 0.345301 -57.7197
0.000191474 0.345613 -66.5844
0.0190422 0.366223 -77.7922
0.0242146 0.355516 -77.0593
0.0410471 0.358249 -84.2301
0.03917 0.3769 -86.7053
-0.0193375 0.319763 -47.0481
-0.0365672 0.305905 -36.4373
-0.0277708 0.298571 -38.7732
-0.0125528 0.296421 -46.1736
-0.0117016 0.307896 -49.2264
0.00646433 0.306371 -58.8645
-0.00079351 0.303814 -54.0674
0.004131 0.311558 -58.6312
0.00408474 0.317981 -60.1032
0.0305772 0.290106 -70.5603
0.0525669 0.270568 -80.3776
0.0541201 0.271212 -81.9461
0.0433836 0.288491 -78.5032
0.0620471 0.248869 -82.6409
0.0664732 0.235323 -82.766
0.0836178 0.270433 -103.005
0.0591913 0.18788 -65.1343
0.0630341 0.256286 -84.1214
0.0448948 0.230633 -62.7256
0.0535035 0.249026 -74.7156
0.0772021 0.174052 -77.4554
0.0718527 0.141577 -64.8706
-0.00530848 0.0103082 36.2861
-0.443441 0.256539 386.207
0.0410992 0.277582 -79.3515
0.0202323 0.00192574 -13.3657
0.0122055 -0.0230558 -0.103184
0.0206336 -0.0110236 -11.3291
0.0263563 -0.00158282 -19.2152
0.0135997 0.000776623 -6.16702
-0.00573961 0.00255223 14.287
-0.0140354 -0.00142948 24.188
-0.00433253 -0.00062087 13.276
0.00620493 -0.00719993 2.4994
0.014573 -0.00439769 -8.07194
0.0317434 -0.0223206 -24.4346
0.00911557 -0.0241321 3.23297
0.00604231 -0.0227208 6.9134
0.0140994 0.0869436 -5.55595
-0.0485094 0.0599809 2.1875
0.0118854 0.250334 -48.9417
0.0253745 0.384827 -82.8949
0.00619385 0.31422 -63.3332
-0.000295999 0.387497 -81.023
0.027411 0.413517 -90.8822
0.0291595 0.406701 -89.504
0.0459934 0.377109 -85.3448
0.0465249 0.357259 -79.9916
0.0147827 0.34422 -70.5682
-0.00130577 0.332555 -63.5911
-0.00950169 0.287283 -50.3171
-0.0124693 0.311671 -54.9942
-0.00453484 0.312186 -57.7275
0.0221184 0.335534 -71.6934
0.0348982 0.399804 -91.237
0.0345998 0.396024 -89.7942
0.0145257 0.352638 -71.3778
-0.0226357 0.282729 -37.7173
-0.0317593 0.253836 -26.7854
-0.0342052 0.254817 -25.8764
-0.00591026 0.293655 -49.0095
-0.00185717 0.291768 -50.2987
-0.0071623 0.315544 -53.5615
0.00177482 0.313057 -57.6822
0.00818972 0.31987 -62.9001
0.00925085 0.315924 -62.4936
-5.99756e-05 0.321746 -58.5031
0.0103203 0.310317 -62.2046
0.0272532 0.295899 -69.7088
0.0584314 0.281547 -86.7941
0.0444775 0.309652 -84.0907
0.0383809 0.289127 -74.8851
0.0348866 0.308998 -77.3064
0.0638111 0.247521 -83.6896
0.0774858 0.25776 -96.5475
0.0750501 0.195043 -78.7992
0.0564553 0.222377 -69.9762
0.0392729 0.254973 -62.8243
0.0496044 0.248244 -70.9931
0.0561949 0.203163 -65.6522
0.00655259 0.276945 -38.4428
0.00100379 0.342842 -49.7988
0.00227443 0.517558 -94.7036
-0.0361507 0.483043 -49.0431
-0.0403738 0.634477 -82.9648
0.0509326 0.224684 -76.9112
-0.0187728 0.238168 0.121354
0.0427165 0.216317 -67.2113
0.0533095 0.0881667 -47.047
0.0541717 0.0818295 -46.2437
0.0472756 0.13027 -51.0514
0.0550257 0.135167 -61.0069
0.033867 0.138786 -37.6136
0.055301 0.161567 -69.1235
0.0714492 0.16212 -88.6297
0.0658527 0.161282 -81.573
0.00874867 0.0938124 -7.39267
0.0305459 0.32611 -65.8356
0.0545096 0.44489 -100.191
0.0149692 0.337554 -68.7678
0.0112342 0.343677 -70.7354
0.00916838 0.338762 -69.192
0.00978682 0.349488 -71.9688
0.00582862 0.341263 -69.4242
0.0331441 0.341225 -73.9625
0.0396439 0.353706 -78.6472
0.0283343 0.345715 -73.8317
0.010118 0.388542 -81.4158
-0.0156351 0.0688837 24.1752
-0.0765752 0.0961488 34.2961
0.0274517 0.31485 -67.922
-0.0871622 0.156293 20.4445
-0.0463392 0.359555 -50.7712
-0.019293 0.296921 -43.287
-0.0189078 0.281599 -39.8258
-0.0243676 0.268842 -34.2884
-0.022939 0.295287 -41.8505
0.00150235 0.303415 -55.1229
0.00639436 0.314988 -60.4313
0.00474753 0.321479 -61.3626
0.000197479 0.325744 -60.0968
-0.00515329 0.315055 -54.2173
0.00997936 0.319304 -63.7899
0.00977771 0.323685 -64.824
-0.00459892 0.322864 -56.1008
0.00670723 0.332443 -65.7285
0.0134265 0.324852 -68.0934
0.0440313 0.296636 -81.0479
0.0562678 0.293359 -88.1017
0.0362705 0.316349 -79.702
0.026803 0.325357 -75.3742
0.0327158 0.311993 -76.3352
0.0331168 0.30275 -74.1426
0.0638236 0.240274 -82.0577
0.0605731 0.227388 -75.55
0.0538434 0.209834 -64.9318
0.0628593 0.205428 -71.1193
0.0670826 0.208824 -75.5766
0.0601461 0.259529 -82.8306
0.0603806 0.261416 -83.9059
0.0636382 0.268106 -88.1712
0.0297063 0.350012 -78.147
0.0323965 0.345017 -79.7405
0.0114638 0.486648 -96.67
-0.0191749 0.280952 -11.0543
0.0355261 0.194738 -45.0921
0.0178582 0.190341 -23.9985
0.0284089 0.0977827 -10.7788
0.0412801 0.0727001 -18.2844
0.056908 0.129179 -61.6219
0.0454892 0.147427 -53.5471
0.0726364 0.120606 -79.0575
0.0694767 0.149826 -82.8619
0.0548252 0.152594 -65.639
0.0232909 0.256696 -45.2815
0.0232946 0.256696 -45.2815
0.00701463 0.213898 -31.2833
-0.000453753 0.245729 -40.6496
-0.0229806 0.290969 -52.2922
0.00846451 0.295925 -56.6223
0.0119447 0.347758 -71.9111
0.0252007 0.357606 -77.4203
0.0321151 0.37867 -84.0564
0.0345382 0.438142 -101.686
0.0577889 0.382262 -91.2226
0.146605 0.470358 -136.363
0.0594311 0.147623 -18.8264
-0.0493831 0.133402 15.2973
-0.0812467 0.136629 23.5184
-0.0557641 0.19277 -1.1725
-0.0495831 0.233914 -15.0932
-0.00888645 0.279444 -43.4812
-0.014343 0.291202 -44.8581
-0.00128192 0.304198 -53.6827
-0.00289253 0.317928 -56.9863
0.00311762 0.319079 -60.0138
0.0114999 0.332782 -67.8858
0.00505143 0.333518 -64.9159
-0.0035676 0.333527 -60.4054
0.00483136 0.330701 -64.1391
0.00751096 0.329195 -65.1278
0.00398558 0.339305 -65.7951
-0.00208176 0.335045 -60.9898
0.00357053 0.33736 -65.1156
0.0102113 0.329097 -67.1031
0.0117449 0.324671 -66.9333
0.0415098 0.296431 -79.4587
0.0867872 0.269259 -103.251
0.0659859 0.302728 -97.5305
0.029824 0.336698 -80.7237
0.0327639 0.335609 -82.9477
0.0338717 0.310931 -76.8989
0.0498295 0.253062 -73.5828
0.0526804 0.291782 -87.4444
0.0707518 0.236093 -87.3085
0.0721375 0.219789 -83.682
0.0839261 0.202835 -89.4457
0.0853442 0.220107 -95.6146
0.0728305 0.221404 -83.3557
0.0374161 0.251377 -58.2975
0.080123 0.234428 -95.5854
0.0752716 0.186917 -76.8556
0.072157 0.240901 -89.9983
0.111802 0.223823 -126.672
0.0951157 0.276087 -124.442
0.0955399 0.286332 -128.481
0.123495 0.0947271 -99.2235
0.0225425 -0.0111274 33.3587
0.0107855 0.000150363 44.0746
-0.0113269 0.0586639 53.4138
-0.0223892 0.0750059 61.9721
-0.0289052 0.0714044 70.9311
0 0 -1
0.0169945 0.237101 -39.6761
0.0265635 0.2383 -40.3304
0.0217851 0.240479 -40.2576
0.00563864 0.280106 -51.8454
-0.202147 0.131063 40.476
-0.0723125 0.20405 -5.51803
0.0417086 0.557075 -139.301
0.136155 0.584648 -164.74
-0.00574596 0.187517 -9.84515
-0.0427335 0.199173 -6.43533
-0.0447873 0.214259 -10.9342
-0.0200928 0.197861 -12.3045
-0.0444832 0.202815 -7.55851
-0.0473208 0.216621 -11.3917
-0.00643887 0.279223 -44.1348
-0.0211637 0.277189 -38.5656
0.00850961 0.312452 -60.2058
0.00545096 0.322993 -61.8214
0.00300971 0.328561 -62.672
0.00278868 0.330692 -63.0956
0.0107058 0.337675 -69.013
0.0104712 0.345591 -71.3023
0.00218048 0.335513 -63.8499
0.00087801 0.332557 -62.4097
0.00447448 0.32749 -62.6432
0.0105937 0.339205 -69.7003
0.00395418 0.337885 -65.3161
-0.00228831 0.332576 -60.0545
0.00571503 0.334277 -65.5543
0.00180866 0.321227 -58.9955
0.00495132 0.3173 -59.9004
0.0154037 0.315609 -66.7304
0.066603 0.27755 -91.6802
0.106419 0.24614 -110.808
0.0787611 0.2994 -105.669
0.0204465 0.339651 -74.2145
0.0231076 0.336369 -75.4814
0.0254004 0.319639 -72.3989
0.0218342 0.32794 -71.9498
0.0362548 0.308784 -78.4316
0.0402062 0.299643 -79.1927
0.0662833 0.260688 -90.9428
0.0790452 0.236363 -95.4713
0.0853311 0.196501 -88.7196
0.0523655 0.203615 -59.0176
0.0649537 0.208689 -73.2877
0.0761167 0.218948 -87.7545
0.0853219 0.237118 -102.852
0.111553 0.244993 -132.433
0.104792 0.223876 -117.583
0.0983722 0.258395 -122.286
0.0878925 0.166643 -81.3966
0.0693422 0.156701 -56.2223
0.0348169 0.132322 -8.15824
0.000479893 0.0689797 52.3769
0.0028459 0.1224 32.7952
-0.00772479 0.126762 44.2232
-0.036135 0.329833 -42.636
-0.0362919 0.331633 -43.2281
0.0368203 0.245268 -43.3215
-0.101901 0.0529332 57.644
-0.179605 0.0909924 51.5323
-0.216257 0.12701 43.7974
-0.295776 0.252316 12.3047
-0.0064754 0.298012 -45.9848
-0.0103043 0.252729 -30.0323
-0.0531803 0.183725 1.24654
-0.060382 0.189917 0.702799
-0.0403133 0.208867 -10.5531
-0.0372906 0.210031 -11.85
-0.0197782 0.256927 -32.172
-0.0158473 0.289101 -44.3377
0.00632613 0.314647 -59.7679
0.00562509 0.32162 -61.6727
0.00961483 0.328182 -65.083
0.00223527 0.332276 -63.6216
0.00890561 0.327333 -64.6878
0.0150273 0.323789 -66.1413
0.00684229 0.335767 -66.4738
0.0147258 0.333145 -69.1684
-0.00369547 0.325036 -57.6024
0.0030637 0.328868 -62.4327
0.00812072 0.324765 -63.7664
0.012469 0.330118 -67.8441
0.00110274 0.328113 -60.5959
0.00266336 0.332715 -63.0424
-0.000179028 0.325914 -59.058
-0.00284755 0.324726 -56.9644
0.00442146 0.323242 -61.5156
0.00408283 0.321964 -60.6686
0.0164296 0.311602 -66.3671
0.106519 0.21183 -100.694
0.106084 0.238018 -107.862
0.0639001 0.298399 -94.7619
0.0280307 0.333417 -78.312
0.0232254 0.348172 -79.4641
0.0214466 0.345909 -77.1169
0.0264194 0.338931 -79.2753
0.0259444 0.334656 -77.3438
0.0304477 0.319915 -76.6639
0.0418556 0.30314 -81.7946
0.0569197 0.268166 -84.7041
0.0544012 0.251917 -77.0883
0.0595742 0.234232 -76.3348
0.095193 0.186016 -95.2563
0.0778385 0.194422 -79.8542
0.09085 0.170378 -85.8389
0.0993527 0.186617 -100.083
0.115795 0.198558 -122.033
0.087208 0.196476 -89.2704
0.0337077 0.15025 -12.4521
0.00245622 0.147996 25.3856
-0.00188727 0.141483 32.7141
-0.0115968 0.13088 47.4919
-0.00276397 0.137031 34.7355
-0.037945 -0.0140418 76.2145
-0.0391058 -0.0183583 77.8073
-0.0486611 -0.0249971 80.7019
-0.0823341 0.0021549 73.4171
-0.14356 0.0553515 60.1012
-0.12663 0.0931394 44.7946
-0.10026 0.150705 20.9732
-0.0454361 0.247095 -21.9842
-0.0720533 0.180129 6.78466
-0.072997 0.165461 11.5597
-0.0255875 0.208869 -14.1343
-0.0147524 0.240458 -27.8676
-0.007661 0.260752 -36.9488
0.00911277 0.308209 -58.1889
0.0164779 0.323842 -66.0361
0.012702 0.335838 -68.8528
0.00660621 0.3305 -64.7807
0.00657097 0.322605 -61.9221
0.00578022 0.323848 -61.9961
0.00622932 0.324062 -62.3076
0.0154135 0.317822 -64.0415
0.00764063 0.323566 -62.5511
-0.00123758 0.316746 -55.9754
-0.000581843 0.321785 -58.1543
0.0129999 0.319824 -64.5876
0.0173093 0.320464 -67.2082
0.0128789 0.322062 -65.3697
0.0054985 0.321701 -61.0007
-0.00031347 0.31853 -56.3838
0.00149946 0.32637 -60.3295
-0.000922317 0.32448 -58.0289
0.0034636 0.320307 -59.6093
0.000645398 0.321045 -57.8449
-0.00743907 0.315916 -50.3386
0.0257302 0.294629 -67.6027
0.105464 0.216937 -100.799
0.145972 0.20179 -125.916
0.0827212 0.302331 -111.308
0.0250012 0.334714 -76.2554
0.0259405 0.322246 -72.7206
0.024747 0.337659 -77.1519
0.0182091 0.337125 -71.1461
0.0145693 0.332118 -66.1848
0.0272476 0.32425 -75.0612
0.0301882 0.321267 -76.8357
0.0347527 0.296983 -72.8659
0.0381111 0.279072 -69.9183
0.0692789 0.217263 -79.8189
0.072556 0.168786 -66.0404
0.0870246 0.158959 -78.0637
0.106407 0.195591 -111.647
0.107348 0.16968 -103.17
0.0791548 0.182504 -75.4109
0.0300711 0.159588 -11.3996
0.0311082 0.148949 -9.16387
-0.00696248 0.157577 33.0444
-0.0125192 0.156869 39.9061
-0.0125201 0.148016 43.0582
-0.0405537 -0.0159442 76.9587
-0.0465288 -0.0207939 78.9144
-0.0585398 -0.0375551 85.6698
-0.0746564 -0.0480268 90.5088
-0.106647 -0.00741349 78.6012
-0.0958341 0.0652091 50.6435
-0.0784738 0.143306 20.2716
-0.0659516 0.161276 11.9071
-0.0720641 0.137415 21.5417
-0.0470123 0.178009 1.71861
-0.014245 0.199443 -13.2617
-0.00537362 0.245948 -32.0802
0.016513 0.285515 -52.1625
0.0204327 0.303746 -59.7904
0.0235384 0.316087 -65.2858
0.0227922 0.339475 -73.4128
-0.006258 0.323479 -57.5923
0.00312555 0.30884 -55.774
0.00493246 0.29882 -52.796
0.0033326 0.295242 -50.7668
0.00559472 0.28291 -47.2781
0.00833382 0.280093 -47.395
0.00347031 0.284943 -46.9128
0.00265478 0.303896 -53.4762
0.0102179 0.296691 -54.8063
0.0139716 0.310598 -61.8351
0.0147604 0.317174 -64.7429
0.000874918 0.304603 -52.1403
-0.00179873 0.305339 -50.7484
0.000760397 0.307714 -53.1123
0.00148014 0.311394 -54.993
0.000558617 0.3224 -58.3327
-0.00861115 0.309966 -47.3537
-0.00775759 0.29849 -43.8813
-0.000945756 0.297094 -48.4061
0.0289137 0.279777 -64.6743
0.128154 0.215561 -117.098
0.119896 0.226968 -114.648
0.0615504 0.318733 -100.559
0.0261876 0.311879 -69.1169
0.0269583 0.320715 -73.0356
0.0137343 0.326915 -63.5013
0.0186978 0.325687 -67.5921
0.0209693 0.313996 -65.4204
0.0228804 0.3191 -68.9605
0.019328 0.309501 -62.0008
0.0262946 0.293679 -63.2075
0.0370656 0.266458 -64.1934
0.0423573 0.201548 -45.9963
0.0864712 0.16755 -80.2444
0.103576 0.165336 -97.6797
0.0940654 0.13969 -77.8023
0.0962468 0.141888 -80.7739
0.0503961 0.14654 -30.1607
0.0250743 0.161424 -6.31032
-6.7967e-05 0.169204 20.5016
-0.0117612 0.163275 36.7149
-0.0174102 0.156137 46.2299
