-0.0793692 0.0468537 34.1118
-0.072643 0.0436814 33.8509
-0.07456 0.0400191 33.9245
-0.100958 0.0240139 35.6411
0.0843706 -0.107803 20.8971
0.0145399 -0.0555068 26.7534
0.0116907 -0.115337 28.4095
0.0854398 -0.148935 16.5665
0.169489 -0.27055 4.52889
0.0589384 0.034127 13.3579
-0.0577944 -0.0396521 45.638
-0.0500123 -0.0367912 43.1551
-0.0294269 -0.0626655 38.5123
-0.0406121 -0.0656992 41.5108
-0.0262295 -0.0948422 38.6367
-0.0385081 -0.142801 43.3378
-0.0520507 -0.097461 46.5677
-0.0327815 0.00657482 37.975
-0.0302298 -0.0214428 37.4265
-0.036853 -0.0551313 40.6676
-0.00760617 -0.16762 28.1006
-0.00149643 -0.128157 25.4089
-0.124421 -0.054736 80.2704
-0.0552531 -0.0164205 44.5654
-0.509143 -0.375133 286.158
-0.00198864 -0.161355 11.8425
-0.00448597 -0.0813372 11.6754
-0.010093 -0.0924335 15.2849
0.0207845 -0.138335 -3.06533
0.00909856 -0.10682 3.60274
0.0373044 -0.0964807 -14.8705
0.026614 -0.0613659 -8.32552
0.0321582 -0.0765456 -11.3122
-0.00105042 -0.0833756 11.1706
0.0206872 -0.026522 -5.94364
0.0675739 -0.0316027 -34.5902
0.0764018 -0.0131828 -41.6458
0.101295 0.00154542 -61.1277
0.122995 0.012433 -78.5964
0.102287 -0.0233149 -60.668
0.0612772 -0.0534514 -25.2854
0.084851 -0.00224942 -46.9271
0.108624 0.0186259 -68.6343
0.10127 -0.00465164 -61.5339
0.100593 -0.00308017 -61.0461
0.0916455 -0.00713512 -52.3993
0.0965184 0.00156417 -57.3891
0.0992739 0.00105886 -60.1031
0.107948 0.00937189 -69.1247
0.107624 0.0157517 -69.0802
0.142892 0.0160183 -100.855
0.136167 0.00453943 -93.4846
0.0973313 0.00159285 -50.5794
0.0425485 0.0282767 10.5192
0.0256794 0.0532802 29.7193
0.0318613 0.093325 21.5669
0.0541931 0.140526 -6.20546
0.0702242 0.161644 -25.9162
-0.0786778 0.0462123 34.1378
-0.0807392 0.0380336 34.4606
-0.0987272 -0.00463319 35.7631
0.0262327 -0.0330554 11.0382
0.0312573 -0.0191618 10.2244
-0.00239874 -0.0715201 29.2479
-0.0318727 -0.165788 35.6298
0.0188879 -0.113488 25.9702
0.0316923 -0.140483 25.0866
0.00953959 0.0906665 21.8513
-0.0559079 -0.0526009 39.5043
-0.0462172 -0.0205535 41.3589
-0.0333814 -0.0467695 39.4923
-0.0226707 -0.0121493 35.0435
-0.0539835 -0.108974 46.9388
-0.0377186 -0.112369 41.8102
-0.0123625 -0.0424503 31.609
-0.0722365 -0.0577653 54.4404
-0.0645419 -0.0620045 46.7565
0.0287553 -0.0532509 8.86245
0.0316073 -0.0796516 7.94149
-0.0229943 -0.114263 34.0675
-0.093867 -0.0935626 66.3897
-0.0893376 -0.0497932 62.5023
-0.0571786 0.0115894 37.6752
-0.0238768 -0.0554449 21.7238
-0.0228368 -0.0812433 22.3282
-0.0172663 0.0789268 15.3814
-0.00948081 -0.102601 14.5972
0.00582541 -0.100875 5.7199
0.0320758 -0.0876086 -12.2597
0.055181 -0.0228425 -28.3766
0.0103414 -0.0318899 -1.82298
0.0167711 -0.00655279 -7.81034
0.0133921 -0.109941 1.04556
0.205963 0.0944338 -146.91
0.148122 0.00546034 -97.9061
0.116353 0.012045 -72.9904
0.0930345 -0.0230152 -52.8937
0.0820075 -0.0219339 -43.9021
0.0791552 -0.0193499 -41.4592
0.0895794 -0.00563854 -50.9739
0.0951226 -0.00126487 -56.0158
0.0972401 -0.00570849 -57.8182
0.0980194 -0.00438755 -58.5658
0.0975591 -0.00570423 -58.2066
0.0901963 -0.00604204 -50.6321
0 0 -1
0.108742 -0.00695365 -69.2022
0.1117 -0.0193141 -72.3506
0.185477 -0.457575 -133.113
0.12225 -0.0304047 -77.0014
0.0950787 -0.00384605 -47.7962
0.0558012 0.00761586 -3.94791
0.0588151 0.0230709 -8.10264
0.0585936 0.0528415 -8.8029
0.0938297 0.0663978 -51.255
0.0866767 0.143678 -45.1381
-0.167729 -0.221474 40.718
-0.16706 -0.218514 40.5929
0.0209772 0.0132169 9.45387
0.0250695 0.00125384 9.62471
0.0259879 -0.0109278 10.3545
0.0161107 -0.0047036 10.8528
0.0202852 -0.0108536 10.9107
0.0248906 -0.37373 35.6595
0.129266 -0.149986 8.10744
0.000868658 0.0978324 24.3666
-0.00502735 0.0505484 28.1881
-0.00228056 0.0127092 28.3402
-0.00114749 -0.00849079 29.162
0.0171141 0.0187141 23.2512
0.00790274 0.0123504 25.9522
-0.0118423 0.183144 20.907
-0.08354 -0.0458578 57.4096
-0.158393 -0.135172 87.539
-0.0234363 -0.0504822 30.0034
0.00260577 -0.0492106 20.1772
-0.00165603 -0.0703742 22.7824
-0.0557816 -0.112714 48.5936
-0.0540897 -0.129154 48.5974
0.016634 -0.00614034 1.65063
-0.0338945 0.00872425 26.0361
-0.0694622 0.0113121 43.8746
-0.0540478 0.0164187 34.6747
-0.0177214 -0.0355315 15.7348
0.00178172 -0.0332348 4.46609
-0.00646509 -0.04124 9.95292
0.0183455 -0.0771642 -4.14986
0.0981856 -0.0688072 -56.2769
0.126754 0.0475626 -86.4635
0.13906 0.131308 -98.9563
0.120329 0.0393071 -80.6762
0.180854 0.0280348 -124.416
0.126034 -0.00646282 -79.3793
0.0969965 -0.00494915 -57.0834
0.0517882 -0.0153567 -19.2042
0.0874418 -0.0108341 -48.9632
0.0899476 -0.00500543 -51.3715
0.0979174 0.00301995 -58.7983
0.0953315 0.000836784 -56.3146
0.0948122 -0.00261444 -55.6646
0.10009 -0.00486676 -60.3815
0.103716 -0.0325262 -62.4305
0.0973694 -0.0281919 -56.9956
0.0983241 -0.0190738 -58.2749
0.0852691 -0.0389847 -43.4632
0.103372 -0.0349884 -63.1475
0.101064 -0.024899 -60.8568
0.131544 -0.0201148 -87.4562
0.105147 -0.0230845 -58.2502
0.0857608 -0.0156397 -37.0249
0.0698317 -0.00199901 -19.6024
0.069876 0.0141153 -20.762
0.0915242 0.0110973 -46.411
0.125446 0.0228202 -87.7758
-0.166204 -0.21967 40.6158
-0.0393185 0.0580254 9.36339
0.00602081 0.0375565 8.59872
-0.00385893 0.0206593 10.5437
0.0137706 0.00762057 10.1898
0.0234218 -0.00231376 9.78197
0.035999 -0.0101259 9.19157
0.04047 -0.0413784 11.0454
-0.0301439 -0.00273039 20.2873
-0.0473349 0.0214181 21.6269
-0.00541504 0.0151041 13.2964
-0.0166632 -0.00356949 33.4176
0.0161492 -0.000602067 24.4961
0.0177126 0.00916393 23.5739
0.00546217 0.0112923 26.6456
-0.0178588 -0.19854 39.654
-0.024174 -0.0641315 31.4559
-0.0269888 -0.0691987 32.7344
-0.0192803 -0.0389161 27.6992
-0.0133961 -0.0745864 27.5866
-0.0263689 -0.0934419 34.1532
0.0150698 -0.012787 2.99778
0.0124478 -0.00399834 3.48664
-0.00483457 -0.00536626 12.0977
-0.0381033 0.0119408 27.9229
-0.0687325 0.0299331 42.6046
-0.0514757 0.0340742 32.0662
-0.0295868 0.08054 15.0315
-0.0178296 0.00079346 14.4046
-0.183378 0.0442109 115.117
0.00751955 -0.0507663 1.46164
0.264714 0.00969924 -172.698
0.0546199 0.0181887 -30.5567
0.077291 0.0479967 -49.3311
0.13832 0.0170771 -91.8251
0.185914 -0.00809435 -125.718
0.154394 -0.00149105 -102.087
0.0996516 -0.00163276 -59.3361
0.0922702 -0.00722522 -53.1975
0.0937998 -0.000384625 -54.9129
0.0985219 0.00161049 -59.1882
0.0991849 0.0127871 -60.5515
0.0734558 0.0772383 -41.7669
0.0888651 0.00916932 -50.9611
0.0861504 -0.0114591 -46.9335
0.0776976 -0.02458 -37.9751
0 0 -1
0.0968231 -0.0323075 -56.0189
0.0708503 -0.0389063 -28.9048
0.104729 -0.0429917 -64.0794
0.0263284 -0.053603 28.6273
0.129157 -0.0341581 -83.6428
0.108279 -0.0642096 -59.1138
0.10524 -0.0306783 -58.3669
0.0780487 -0.0106615 -28.8544
0.0803904 -0.0133653 -31.7776
0.103972 0.00759069 -61.1356
0.0919874 -0.0169179 -45.0905
0.625286 -0.0292908 7.55218
-0.138542 0.109445 10.6198
-0.0372893 0.0712654 8.30011
-0.0197048 0.0423212 9.93446
0.00840931 0.0216632 9.51944
0.0118198 0.0260909 8.95301
0 0 -1
0.0441048 -0.00825774 7.14145
0.0292412 -0.000316596 9.88676
-0.00764622 -0.00552021 16.5629
0.272729 -0.0443346 -43
0.362341 -0.119015 -55.7794
0.0777457 -0.0781931 14.6973
0.100394 -0.0220766 3.06167
0.00936284 0.018804 7.03028
0.0443057 0.0150293 -4.25185
0.0974604 -0.0543801 -15.353
0.0737807 -0.059595 -5.9954
0.0273201 -0.0390647 9.80932
-0.0452395 -0.0412442 38.4678
0.0577919 -0.0597981 -12.0645
0.0229035 -0.020004 0.0932092
0.0100483 -0.0227185 6.42165
0.0077803 -0.0248009 7.68533
-0.0240086 -0.0262059 24.1239
-0.0521793 -0.000508695 36.6435
-0.0789076 -0.00855575 51.4231
-0.0389717 0.00718646 26.9432
-0.0342107 0.0137338 23.4379
-0.0121978 0.00597683 10.1804
0.0857516 0.0315267 -55.1074
0.10679 0.0128454 -65.7505
0.066077 0.020863 -38.7699
0.0585068 0.0221449 -34.0498
0.111126 0.0109 -72.1492
0.16356 0.010828 -110.167
0.121517 0.00190062 -77.0509
0.0970077 0.00825533 -58.1907
0.104869 0.0159845 -65.6411
0.0316422 0.0144214 6.85898
0.0382999 0.0518973 -2.6916
0.0274732 0.0110004 11.1095
-0.00467898 0.0162367 39.2418
-0.0484417 0.040385 75.9077
0.0653204 0.00941096 -28.5963
0.0354646 -0.0028705 1.36347
0.0875849 -0.0214377 -48.5808
0.122765 -0.0118577 -83.7019
0.0837741 -0.0237915 -43.1871
0.0863103 -0.0357622 -45.4286
0.155475 -0.0250045 -120.096
0.201866 -0.0359039 -168.999
0.199604 -0.0122312 -167.353
0.135533 0.00252815 -95.8835
0.0708549 -0.0240919 -19.1504
0.0730082 -0.0117124 -23.263
0.0993036 -0.00182289 -55.1271
0.0923859 0.00350246 -47.3147
0.676032 -0.0183515 5.84375
-0.165735 0.0773163 16.5345
-0.0693672 0.0606513 12.5005
0 0 -1
-0.01299 -0.0128389 15.5239
0.004971 -0.0113948 13.6925
0.0240288 -0.0106392 11.452
0.0180172 -0.0040455 10.7621
0.0244006 -0.0265876 12.782
-0.00532046 -0.0176453 17.4308
0.0278305 -0.0214526 9.56922
0.416594 -0.13541 -66.9675
0.203544 -0.00752481 -26.7539
0.136525 -0.00265479 -9.1989
0.00611713 0.00280968 9.44005
0.0438263 -0.0317078 0.822356
0.07809 -0.074137 -6.44182
0.069317 -0.0623471 -4.0922
0.0721515 -0.0370635 -7.66237
-0.0989652 0.033833 45.3653
-0.00983581 -0.0141569 12.1566
0.0340534 -0.053646 -1.70412
0.0158509 -0.0495509 6.30528
-0.0188564 -0.0494673 23.8068
-0.0411776 -0.0568744 35.7718
-0.0531792 -0.0500094 41.5883
-0.0504297 -0.0324728 37.781
-0.0315518 -0.012721 24.777
-0.0281916 -0.00791653 22.1278
-0.00837554 0.00729977 7.92159
0.0977526 0.0141617 -60.8822
0.102209 0.0126506 -62.6211
0.0757664 0.0131393 -44.6774
0.0455061 0.00399651 -22.65
0.118538 0.0318927 -79.3146
0.169283 0.000643673 -113.637
0.119325 0.0247444 -78.0549
0.11391 0.0184341 -73.1494
0.111078 0.050075 -74.3683
0.0371595 2.19766e-05 3.59247
0.0471197 0.0153884 -6.40352
8.84781e-06 0.00670823 35.9877
-0.0288558 -0.000324663 62.9365
-0.0641707 7.53165e-05 95.8817
-0.0124827 0.0310503 42.5781
0.0367871 0.00321837 -0.598909
0.078569 -0.000736115 -41.229
-0.163156 -0.0407436 209.569
0.0604392 -0.0170579 -19.4364
0.0679585 -0.0218633 -27.4361
0.133837 -0.0390954 -95.8363
0.212779 -0.0405359 -180.379
0.252004 -0.0106245 -226.017
0.112216 -0.0100451 -67.7625
0.0781582 -0.0159999 -28.7889
0.103397 -0.00505833 -59.4067
0.104998 -0.00408189 -61.5876
0.0671188 0.0165968 -17.9583
0.364374 0.0291687 4.20354
-0.112326 0.0230062 22.9008
-0.175028 0.032745 22.4907
-0.0141868 -0.00395276 14.27
0.0117827 -0.0105891 13.1295
0.0258212 -0.00705447 9.98188
0.0140314 -0.0161127 13.0484
0.0171694 -0.0218465 13.2465
0.0117098 -0.0220358 14.0758
-0.00312777 -0.0187164 16.2241
0.0121975 0.0176527 7.6897
0.160202 -0.0758918 -13.2413
0.157066 0.0296954 -18.6348
0.139013 0.021666 -12.8139
-0.00319352 0.0321634 8.29742
-0.0174572 0.0321437 12.985
0.00511914 -0.00578442 10.054
0.0649088 -0.0206449 -9.36135
0.120304 -0.0397227 -26.27
-0.0512156 -0.00209264 29.1986
-0.002842 -0.0176475 8.97965
0.0180316 -0.0377118 2.51008
0.0381367 -0.0412108 -6.57606
-0.0069681 -0.0424128 16.3755
-0.0492591 -0.0402527 37.2276
-0.0347803 -0.0214941 27.1396
-0.0185239 -0.0158319 17.3628
-0.0240394 -0.0293435 22.2889
-0.0063095 -0.0130938 9.32686
0.0501173 0.0340073 -32.3271
0.0878586 0.0575828 -59.4479
0.0960435 0.0477346 -63.18
0.0656588 0.0155383 -38.076
0.0548374 0.0286165 -32.8493
0.102137 0.0526234 -71.266
0.166606 0.0816098 -121.376
0.119217 0.0866161 -85.0359
0.0835448 0.0834273 -55.5581
0.075115 0.069372 -47.0184
0.0671316 -0.00303837 -21.3293
0.0493397 -0.00461118 -5.76027
0.0038666 -0.00422523 33.9544
-0.0314061 1.88716e-05 65.1402
-0.0718636 -0.00602171 102.736
0.00683369 0.0178003 25.2038
0.0356653 0.0098916 -0.544063
0.0636253 0.00422252 -27.1927
0.100453 -0.00568173 -61.9888
0.0417309 -0.0125841 -1.00524
0.0839416 -0.00638264 -47.1284
0.135532 -0.0387873 -97.6081
0.339378 -0.0216854 -321.402
0.169504 -0.0226474 -130.524
0.0938871 -0.0323188 -44.2276
0.0805461 -0.0206831 -30.7409
0.104413 -0.0168672 -59.4525
0.117527 -0.00681321 -76.4453
0.101275 -0.00603481 -56.8881
0.105946 0.0564903 7.29671
-0.100141 -0.0597284 33.9476
-0.224625 0.00445361 29.4102
-0.13338 -0.000466611 23.7627
-0.0286997 -0.00197545 15.5943
0.00362107 -0.0176657 14.8605
0.00578075 -0.00950237 12.9768
0.0152669 -0.00810093 11.3455
0.01536 -0.0145032 12.3943
0.0188892 -0.0139796 11.5617
0.0302653 0.0212911 3.52256
0.0300263 0.0135318 4.937
0.123359 0.0113704 -6.79455
0.126011 0.00461678 -6.46382
-0.0023609 0.0318631 8.29022
-0.0106051 0.0323607 11.0595
-0.0167487 0.0264728 13.5998
0.0910294 0.0156182 -24.8461
0.159109 -0.0194215 -43.7943
-0.0370194 0.0335003 17.8576
-0.031008 0.0337927 14.6292
-0.0194693 0.0315248 9.73405
0.0177979 0.0336511 -7.65825
-0.0273204 0.00996292 19.261
-0.0434289 0.00648607 27.6259
-0.0308271 0.0163861 19.4752
-0.0403716 0.0231273 23.6705
-0.0204259 0.0495003 7.97244
0.0363665 0.0557473 -27.4763
0.0944995 0.0565239 -63.6872
0.0907938 0.0614504 -61.9716
0.0694552 0.0735948 -49.4839
0.0658879 0.055657 -44.4317
0.104795 0.0666682 -74.5948
0.124249 0.0823001 -91.2227
0.195979 0.0911024 -144.666
0.141728 0.0513984 -96.0145
0.0742067 0.0227612 -38.6533
0.074066 0.0444228 -42.5321
0.0977259 -0.0123692 -45.9802
0.0501599 -0.011194 -5.63079
0.0196441 -0.00108869 19.2933
-0.0231176 0.0140484 55.3089
-0.0519089 0.0183854 81.153
0.0397607 0.0159064 -5.57568
0.0592461 0.015016 -24.3369
0.0568186 0.00599991 -20.8571
0.0907855 0.00695818 -54.1486
0.0601972 0.00266722 -22.1238
0.0574409 0.0149955 -21.7774
0.123643 0.00501407 -91.085
0.219764 -0.0180564 -190.854
0.0840222 -0.0282335 -33.6711
0.0864262 -0.00794109 -39.6358
0.0956655 -0.014619 -49.3893
0.0973552 -0.0123069 -52.1018
0.120499 -0.00306611 -80.9329
0.0972298 -0.00715291 -52.1205
0.0697521 0.04241 11.2735
0.0226091 0.272597 -28.7625
-0.156065 0.0252049 22.1564
-0.287217 0.31651 -8.94375
0.015491 -0.0346062 16.5149
0.00911732 -0.0180266 14.2654
0.00426191 0.00217901 11.3578
0.00955228 -0.0121365 12.9935
0.0225951 -0.0147741 11.1623
0.0358972 0.00037935 5.89708
0.0186989 0.0310666 4.59561
-0.0500544 0.0210471 22.6807
-0.0123929 0.0277653 12.1145
0.130032 -0.0236038 -2.70439
-0.0573504 0.10145 14.203
-0.0290137 0.0648309 11.2386
-0.0162528 0.0648397 6.86372
0.0845571 0.0230888 -22.6027
0.101914 0.00922926 -26.326
-0.0410264 0.0635387 14.0175
-0.0227358 0.0737523 4.40198
0.00451064 0.0765666 -8.89464
0.0165146 0.0789601 -14.72
-0.0424654 0.0808892 13.9212
-0.0316205 0.0383152 15.9598
-0.0260295 0.0341448 13.9182
-0.00801634 0.074918 -3.41968
0.0274051 0.153416 -37.5829
-0.0100753 0.150636 -15.0233
0.071971 0.102098 -58.0396
0.112799 0.0743766 -78.2606
0.0778276 0.0888059 -58.0789
0.0567528 0.114392 -48.2531
0.0714572 0.103712 -56.6068
0.109228 0.110887 -84.6679
0.131207 0.0805756 -94.5351
0.127941 0.02154 -80.5052
0.0654487 0.0129024 -30.0836
0.0445419 0.0085651 -12.7649
0.07735 0.0108284 -32.7831
0.0463461 0.00225789 -4.8191
0.0554646 0.0691894 -25.1492
0.00579251 0.0393973 24.4767
-0.0215358 0.0440156 48.565
-3.70704e-06 0.0283045 30.7761
0.032903 0.00129293 3.51335
0.0768371 0.00743367 -41.1092
0.0808953 0.0298736 -48.2137
0.0497734 0.0224789 -14.7328
0.0598287 0.0420648 -29.242
0.121441 0.0598529 -98.1891
0.203764 0.0129221 -178.597
0.19765 0.0228375 -173.358
0.140124 -0.0107319 -100.998
0.112148 0.016448 -73.8192
0.100718 0.0185234 -61.0524
0.104825 0.0388521 -69.5024
0.0813036 0.042838 -41.9174
0.00259428 -0.000263335 0.740199
0.264787 0.273906 -36.395
-0.0102777 0.0538646 21.234
-0.0476923 0.0488724 24.4615
-0.0298089 0.0611626 20.2026
-0.0736983 0.0463125 28.44
0.129953 -0.0526475 22.0947
-0.0878976 -0.178254 80.5624
-0.0234536 0.0358952 20.8475
-0.0140788 -0.0132825 28.9084
0.00654474 0.113892 -8.61474
-0.0110011 0.113094 -4.55093
0.486007 0.0628223 -120.188
0.0986363 -0.0169631 4.50718
-0.0618407 0.0152191 32.6675
-0.0481471 0.0805425 14.9159
-0.0250338 0.0959771 3.64069
0.0133241 0.0795221 -7.19894
0.0965214 0.0526694 -33.1426
-0.178401 -0.0149465 90.6737
-0.0357945 0.193991 -12.951
-0.0105784 0.167495 -18.698
0.0146193 0.206166 -38.6167
0.00573261 0.244606 -42.4333
0.00532278 0.30413 -54.6144
0.00982273 0.330995 -62.4742
0.00924959 0.314755 -58.7847
0.019607 0.27537 -56.8654
0.00666712 0.267665 -47.6904
0.0056464 0.237884 -41.0133
0.0407276 0.249888 -65.5614
0.0613702 0.141447 -57.0014
0.0701011 0.159524 -65.7798
0.106582 0.135015 -86.8573
0.131405 0.14674 -107.308
0.0580278 0.108589 -44.7471
0.0950407 0.0442941 -59.8633
0.0458335 0.0197462 -16.0337
0.0256492 7.11045e-05 4.07606
0.115031 0.0811632 -78.4984
0.0736393 0.109943 -48.7694
0.0541962 0.151156 -40.0123
0.0507001 0.162799 -39.2727
0.0217161 0.0850512 1.01858
0.132341 -0.000264017 -69.937
0.134486 0.00019823 -72.0521
0.109201 0.34963 -136.985
0.0611862 0.426253 -104.02
0.0488687 0.342352 -74.9996
0.0172018 0.199955 -13.2399
0.0855931 0.116103 -69.3662
0.158665 0.024601 -131.067
0.185127 0.0256787 -159.184
0.150753 -0.00266705 -114.814
0.119575 0.0270698 -84.299
0.131876 0.0355716 -100.756
0.12998 0.0822485 -107.871
0.105646 0.0976977 -81.4747
0.00259428 -0.000263335 0.740199
0.262838 0.1311 -7.4085
-0.0669057 0.0455345 26.2599
-0.0493355 0.0501158 24.2293
-0.0207036 0.055694 20.1825
-0.0676496 0.0354374 29.115
-0.0515187 0.00205347 33.7729
-0.0301929 0.101162 7.41859
-0.0398608 0.0950659 10.6812
-0.0650668 0.0225367 31.881
-0.0934126 0.023377 37.7261
-0.045574 0.239923 -23.0571
0.345636 0.114426 -93.4738
0.0705884 -0.0118227 11.3657
0.018218 0.183275 -28.7371
-0.00929075 0.177506 -18.8572
-0.0183494 0.207847 -22.5727
-0.00203174 0.188681 -24.1705
-0.0163355 0.196397 -19.8719
-0.0215383 0.253222 -31.0012
-0.0259979 0.282955 -35.9087
-0.000447637 0.289597 -49.0165
0.0130636 0.297392 -57.0237
0.0150237 0.302904 -59.335
0.01236 0.310357 -59.4362
0.00195046 0.321227 -56.2084
0.00878192 0.314386 -58.5222
0.00691345 0.309391 -56.2658
0.00582581 0.306344 -55.0091
0.014471 0.298839 -58.9376
0.0509344 0.25766 -73.5387
0.0546345 0.242743 -72.9194
0.0245491 0.253615 -54.7111
0.0427352 0.215281 -58.8551
0.0939232 0.132831 -76.6491
0.0609339 0.135831 -52.6472
0.0583462 0.104811 -44.1647
0.254615 0.097507 -197.619
0.120283 0.0533275 -76.8037
0.138374 0.0644325 -94.1152
0.100583 0.11664 -72.9431
0.0868863 0.108593 -57.8422
0.0782339 0.145753 -59.4576
0.0374413 0.232423 -41.8835
0.145337 0.0109982 -84.9579
0.138384 0.00686908 -77.2901
0.305594 0.0607493 -271.555
0.0925777 0.0174281 -48.7557
0.148464 -0.0267511 -78.8186
0.146929 -0.0231689 -77.9619
0.166016 0.00551029 -104.757
0.163443 -0.0142389 -97.4115
0.149547 0.0149135 -88.7964
0.170387 -0.0274514 -102.471
0.154443 -0.0199895 -85.9696
0.162639 -0.0475055 -89.2015
0.151845 -0.00967453 -85.3417
0.0979799 0.112884 -75.3647
0.00259428 -0.000263335 0.740199
0.149107 0.0831288 7.44643
-0.0306185 0.0350104 25.8592
-0.0400624 0.0500477 22.8075
-0.0384636 0.090075 13.1459
-0.0370058 0.0898374 11.9482
-0.0507571 0.125236 4.9932
-0.0188591 0.163453 -8.7515
-0.0381099 0.184938 -10.5978
-0.0359952 0.161029 -5.7986
-0.0435129 0.234621 -22.1737
-0.00752452 0.262139 -36.8859
0.0849728 0.194273 -43.3896
0.0168608 0.0717508 6.23974
-0.0287894 0.0892461 15.3612
-0.0223325 0.265806 -34.5835
-0.0161112 0.262602 -36.0047
-0.00694038 0.265169 -39.979
-0.00616181 0.258269 -38.48
-0.00568509 0.289147 -46.1897
-0.0189023 0.292018 -41.1488
0.0110131 0.318937 -60.8179
0.015705 0.327812 -65.1728
0.0168875 0.334328 -67.1032
0.014811 0.328664 -64.7645
8.95388e-05 0.330352 -57.3084
0.00192123 0.325948 -57.3196
0.00229385 0.320557 -56.2429
0.00877521 0.310892 -57.8097
0.00630055 0.319352 -58.3203
0.0131142 0.297845 -57.7135
0.0204867 0.295761 -61.973
0.0224259 0.290809 -62.0046
0.0237384 0.289055 -62.6423
0.0496861 0.204515 -60.8415
0.058201 0.190734 -64.1249
0.0948873 0.194676 -94.3282
0.136111 0.160621 -117.977
0.168004 0.0305863 -110.841
0.152385 0.0398087 -100.368
0.146021 0.0111551 -87.4166
0.102131 0.0647242 -61.8663
0.117282 0.119835 -89.01
0.135818 0.240399 -135.325
0.142415 -0.0288702 -72.3626
0.145894 0.0191335 -87.5474
0.140518 0.0549967 -105.966
0.100455 0.0188794 -57.0951
0.076097 0.00713341 -29.4806
0.0638115 -0.00244969 -14.5075
0.0652182 0.000724106 -16.7661
0.165052 -0.0107764 -100.035
0.153961 -0.00813812 -88.4212
0.156888 -0.0111293 -91.0977
0.152406 -0.0187994 -84.0723
0.157801 -0.0184679 -90.4478
0.150908 -0.012223 -83.6252
0.165983 -0.0231688 -99.0839
0.0130362 0.202836 -19.957
0.0830162 0.137459 -5.94521
-0.000345767 0.13913 -2.59212
-0.0142344 0.167539 -9.30368
-0.0305034 0.175177 -9.608
-0.0481026 0.163415 -4.86024
-0.0258963 0.208166 -19.0583
-0.00933222 0.20435 -20.4262
-0.0315283 0.198989 -14.3593
-0.0311435 0.195794 -13.7195
-0.0263099 0.241461 -27.1253
-0.00406044 0.230989 -29.5955
0.0184353 0.203774 -28.3558
-0.0112631 0.161939 -9.13679
-0.0238056 0.177068 -9.50885
-0.062912 0.210179 -5.96308
-0.0276833 0.258622 -30.7828
0.0100393 0.302333 -55.933
0.0159267 0.312718 -60.835
0.0114961 0.317957 -60.5778
0.00902882 0.321366 -60.4538
0.0140698 0.325616 -63.5824
0.0159211 0.329173 -65.4667
0.00182131 0.319905 -55.5788
0.00463594 0.313436 -55.4142
0.00151288 0.321198 -55.691
-0.000685124 0.309221 -51.169
-0.00169125 0.330642 -56.113
0.0108865 0.329028 -63.8004
-0.000372621 0.337053 -58.4561
0.00188071 0.323115 -56.4322
-5.79946e-05 0.310726 -51.665
0.00942535 0.314928 -59.2775
0.0244502 0.303685 -66.6231
0.0209837 0.298766 -63.0284
0.0341599 0.283652 -69.036
0.0422723 0.263507 -70.0427
0.0241269 0.288613 -62.5584
0.0962004 0.14645 -82.3343
0.15332 0.0206758 -96.2523
0.147963 0.00327303 -87.299
0.147829 0.00355784 -87.2748
0.170669 0.014359 -110.388
0.187206 0.0231668 -127.41
0.162533 0.0397515 -108.608
0.156952 0.0360023 -102.376
0.151654 0.0413969 -98.7934
0.140694 0.0528043 -90.9901
0.138542 0.0475416 -87.4302
0.146762 0.0443007 -95.1222
0.151773 0.0385843 -98.8535
0.154819 0.0136843 -95.3641
0.158192 -0.00109148 -95.1531
0.154138 -0.000109351 -90.9311
0.157672 -0.00234078 -94.4326
0.163314 -0.00582495 -100.213
0.160108 -0.0121281 -94.7673
0.159685 -0.0146306 -93.6077
0.00678438 0.222232 -25.2717
0.0410766 0.17866 -14.794
0.00142257 0.21647 -23.3626
-0.024951 0.209144 -19.2639
-0.0264354 0.209164 -19.2337
-0.0210257 0.222465 -23.8321
-0.0270852 0.233426 -26.0733
-0.0208662 0.220252 -23.1586
-0.00721399 0.209507 -22.2561
-0.0206411 0.218278 -22.148
-0.0190768 0.221806 -23.6327
-0.0118094 0.224867 -26.2842
-0.00691947 0.220981 -26.6479
-0.00168778 0.242411 -34.4213
-0.00150943 0.257159 -38.7747
-0.00257759 0.287515 -47.2697
0.0100762 0.308475 -57.5717
0.0198022 0.331464 -67.4834
0.0217999 0.334751 -69.1295
0.0150189 0.338222 -67.3459
0.0164291 0.345745 -70.2166
0.0144151 0.338108 -67.2432
0.0191199 0.331351 -67.9672
0.00987812 0.326466 -61.8435
0.0124092 0.307839 -57.9913
0.010991 0.315036 -59.2456
0.00829976 0.308247 -55.7238
0.00317231 0.323162 -57.1167
0.0034987 0.330145 -59.2444
0.00495812 0.324898 -58.6281
-0.00452206 0.335834 -55.648
-0.00304448 0.341106 -58.1407
0.00111411 0.318898 -54.5398
0.016396 0.309418 -62.5277
0.0194839 0.308624 -64.3493
0.01174 0.306278 -57.7472
0.0238374 0.307918 -67.7446
0.0192084 0.321383 -67.9883
0.0193113 0.308589 -64.3313
0.0189012 0.29412 -59.7805
0.0209358 0.304251 -64.3098
0.149301 0.00289452 -88.4688
0.170652 0.0089988 -109.339
0.202927 -0.00281017 -135.326
0.17682 0.0140998 -115.189
0.161261 0.0175038 -101.345
0.163409 0.0194954 -103.767
0.140485 0.0493974 -89.5254
0.144548 0.0473764 -93.29
0.143124 0.0461261 -91.7422
0.15065 0.0476934 -100.34
0.149122 0.0370332 -95.7567
0.1609 0.0269021 -106.095
0.155081 0.0224089 -98.2726
0.138053 0.0249265 -79.2733
0.153108 0.00591467 -91.3759
0.154636 0.00208501 -92.2079
0.156034 -0.00219335 -92.555
0.0100206 0.239254 -30.3395
0.00895538 0.241776 -31.0558
-0.0161753 0.235618 -27.7198
-0.0149009 0.23988 -29.2893
-0.016441 0.242892 -30.0608
-0.0248044 0.240153 -28.3223
-0.0307095 0.238769 -27.1119
-0.0274669 0.246566 -30.1304
-0.011264 0.243088 -31.6114
-0.0153095 0.246385 -31.4948
-0.00386724 0.251779 -36.0541
0.00963744 0.270198 -45.3071
0.0157255 0.293966 -54.4692
0.0219939 0.305489 -60.017
0.0145635 0.307998 -58.5611
0.0276926 0.320541 -66.4986
0.0185595 0.326275 -65.3846
0.0140958 0.331488 -65.2394
0.0200102 0.326153 -65.7571
0.019681 0.330091 -67.0088
0.00532103 0.335902 -62.5599
0.00146351 0.334573 -60.3206
0.0135674 0.338353 -67.0221
0.00200276 0.329456 -58.7205
0.0218509 0.334304 -70.5952
0.00833588 0.341874 -65.6056
0.00954031 0.334231 -63.9974
0.0104204 0.328507 -62.6709
-0.00636582 0.338202 -55.5252
-0.00150444 0.345888 -61.171
0.00396736 0.34301 -63.4937
0.00493121 0.337456 -62.237
0.00960757 0.315138 -58.4445
0.00601082 0.344462 -65.5791
0.00683014 0.326608 -60.6888
0.0182382 0.314262 -65.1945
0.0216599 0.312214 -67.1078
0.0212351 0.307407 -65.2524
0.0168895 0.314746 -64.2925
0.0211975 0.303696 -64.35
0.019884 0.307022 -64.3003
0.0294418 0.297247 -69.6924
0.0694145 0.255905 -92.8089
0.183766 0.0222228 -125.092
0.178949 0.00745501 -115.551
0.161789 0.00354015 -97.9938
0.159943 -0.00625197 -93.0668
0.150517 0.00313298 -86.3182
0.146872 0.0222557 -88.5134
0.158186 0.0289684 -102.274
0.143607 0.0383 -89.5465
0.141305 0.0516588 -91.1431
0.148308 0.052234 -99.3232
0.145651 0.0435529 -93.7496
0.135663 0.03664 -80.305
0.141949 0.0166564 -81.5253
0.152096 0.0268673 -96.8372
0.157181 0.00816043 -97.1579
0.00761989 0.250551 -33.8136
0.00401884 0.245919 -32.1504
-0.005619 0.235087 -28.0919
-0.0134427 0.234475 -27.431
-0.010718 0.236521 -28.466
-0.0210864 0.251056 -32.0483
-0.0284073 0.24511 -29.0982
-0.0145495 0.244707 -31.172
0.00207738 0.253076 -36.7975
-0.00319298 0.267058 -40.5195
0.00507901 0.280331 -46.9666
0.00927724 0.299547 -54.2393
0.00840355 0.31289 -58.0386
0.00736913 0.317535 -59.374
0.0230768 0.317624 -64.0326
0.0333417 0.331499 -72.0287
0.0304231 0.326748 -69.3467
0.0219024 0.33207 -68.2102
0.0135329 0.327402 -63.7472
0.0238936 0.345388 -73.3777
0.00458492 0.318621 -56.0672
0.000517981 0.322559 -55.443
-7.80264e-05 0.326008 -56.2951
0.0104117 0.322758 -60.4826
0.00325047 0.326254 -57.8567
0.0088706 0.320818 -59.0001
0.00247487 0.319334 -55.1536
0.00680801 0.327153 -60.1052
0.00722678 0.315927 -56.6837
0.00351329 0.323248 -56.7189
0.00416703 0.311554 -53.4308
0.00547242 0.312214 -54.2349
-0.00888465 0.317251 -46.0899
-0.00457134 0.335285 -55.1457
-0.0071988 0.327847 -50.7816
0.00540722 0.301711 -51.5356
0.0215029 0.295072 -61.6632
0.0312088 0.292864 -68.4382
0.011022 0.319642 -61.101
0.0209373 0.32036 -69.4779
0.015372 0.313358 -62.458
0.0190684 0.305556 -63.0977
0.0253287 0.30641 -69.0956
0.074509 0.272907 -103.366
0.107871 0.0894231 -74.3634
0.125462 0.0480017 -77.4598
0.155764 0.00290534 -91.9688
0.159333 0.00191558 -95.1339
0.160368 0.00349474 -96.683
0.160174 -0.00195212 -94.6352
0.158329 0.00520523 -94.9032
0.157234 0.0124228 -96.1922
0.159922 0.0211171 -102.057
0.140852 0.0415538 -87.3461
0.13224 0.0500775 -80.5788
0.142811 0.0557308 -94.7309
0.137219 0.0659944 -91.2828
0.13063 0.0566826 -80.309
0.00273807 0.25178 -34.143
0.000633276 0.245841 -31.9872
-0.00547178 0.237209 -28.5605
-0.0189099 0.221783 -22.206
-0.0187039 0.241213 -29.3077
-0.0116123 0.249379 -32.6652
-0.0338884 0.243342 -27.923
-0.0162171 0.254355 -34.2057
0.00312864 0.248008 -35.3715
0.00518419 0.279743 -46.2621
0.0114862 0.289178 -50.8515
0.0212547 0.315811 -62.0816
0.00314108 0.325539 -60.4605
0.00266641 0.324474 -60.3528
0 0 -1
0.0189592 0.321032 -63.4354
0.0256516 0.321974 -66.411
0.0460051 0.315018 -71.1201
0.0195135 0.316559 -61.6053
0.0190604 0.312747 -60.2263
0.0189613 0.323699 -64.269
0.0030971 0.310641 -52.5146
0.000243015 0.309369 -50.6502
-0.00127198 0.311215 -50.3673
0.0085679 0.320276 -58.7299
0.0123997 0.298001 -53.0281
0.0019683 0.307996 -50.6445
0.00660255 0.303529 -51.8521
-0.00270279 0.298244 -44.4765
-0.00595795 0.30372 -44.3843
-0.00182379 0.311348 -49.4886
0.0154406 0.289321 -53.3792
0.0197596 0.284528 -54.3488
-0.00157229 0.308607 -47.9004
-0.00752446 0.28954 -37.1392
0.0035781 0.278105 -41.669
0.0111658 0.283817 -49.6319
0.0246019 0.285503 -60.743
0.0300922 0.305879 -71.9256
0.0126583 0.320806 -62.5115
0.00805343 0.319375 -58.1986
0.0149031 0.318236 -63.774
0.0251823 0.314851 -71.8112
0.0370377 0.304174 -78.9686
0.0354728 0.300179 -76.0602
0.0406707 0.277314 -73.1148
0.0770553 0.12029 -53.8177
0.134727 0.0440158 -84.8765
0.153841 0.00503277 -90.4883
0.159188 -0.00732059 -91.8335
0.160258 -0.00922533 -92.1844
0.16092 -0.00743972 -93.5501
0.166197 -0.00846019 -99.0644
0.158895 0.0142289 -98.7075
0.146952 0.0347767 -92.0943
0.142022 0.0484092 -90.6337
0.123039 0.0697334 -75.4179
0.119879 0.0876381 -77.8682
-0.000984484 0.251499 -34.0037
-0.00182339 0.245119 -31.658
-0.00122132 0.232588 -27.274
-0.0309801 0.245793 -29.6175
-0.0241844 0.214236 -19.1589
-0.0150726 0.234219 -26.9851
-0.0261442 0.244231 -29.2955
-0.0154926 0.227149 -24.7765
0.0215732 0.224931 -30.4809
0.0211526 0.225976 -30.7835
0.0320562 0.231551 -34.9682
0.0363131 0.279154 -52.9429
0.0151737 0.312374 -59.4332
0.0260729 0.316322 -64.0232
0.0203481 0.323217 -64.6139
0.0206045 0.326595 -65.897
0.0198626 0.34248 -71.5417
0.021901 0.308506 -59.975
0.0127646 0.256081 -37.8547
0.0166084 -0.0155801 59.7132
0.0156147 -0.0357055 67.4905
0.0222562 0.0299354 40.3651
0.0125993 0.256199 -37.7731
0.00485466 0.283907 -43.8455
0.00921363 0.291381 -48.8575
0.00266429 0.303697 -49.6815
-0.00876801 0.282406 -35.6064
-0.00244061 0.275321 -36.7563
-0.00193149 0.28403 -40.0407
-0.00158315 0.294639 -43.8952
-0.00448622 0.281462 -37.1743
0.00475437 0.265766 -37.4885
0.0131776 0.247038 -36.7632
0.00782146 0.278329 -43.9339
-0.00723395 0.290817 -37.741
0.000607417 0.302828 -47.9075
0.00665942 0.301701 -52.1841
0.0115506 0.28318 -49.4286
0.0400166 0.261799 -64.6634
0.0349813 0.297457 -73.068
0.0110831 0.313675 -58.7262
0.00980568 0.303758 -54.1136
0.0200742 0.293908 -59.793
0.027309 0.295798 -66.9601
0.0256062 0.279516 -59.4584
0.0318507 0.264761 -60.1272
0.0532449 0.192442 -55.5333
0.0835083 0.109656 -56.2073
0.124113 0.0194007 -64.8437
0.150723 -0.00189593 -84.8027
0.153828 -0.0130137 -83.9349
0.157264 -0.0171705 -86.1604
0.16867 -0.0165108 -99.0509
0.164454 -0.00300526 -99.0225
0.164939 0.0149992 -106.128
0.156044 0.0274806 -100.066
0.141698 0.0518855 -91.6767
0.127071 0.0644287 -78.5651
