0 1 3
1 2 3
2 3 3
3 5 3
5 6 3
6 8 3
8 9 3
9 11 3
11 13 3
13 14 3
14 16 0
16 17 2
17 76 3
19 76 3
19 20 3
20 21 3
21 23 0
23 24 3
24 26 1
26 30 3
30 31 3
31 33 3
33 34 3
34 35 3
35 94 3
37 94 3
37 38 3
38 39 3
39 40 3
40 41 3
41 42 1
42 43 1
43 44 3
44 45 3
45 46 3
46 47 3
47 48 3
48 49 2
49 50 3
49 51 1
51 52 3
52 53 3
53 54 3
54 55 3
55 56 3
56 57 3
24 83 3
26 83 0
26 28 0
28 30 1
26 85 3
30 87 0
8 66 3
28 87 3
28 85 3
8 67 3
9 67 3
9 126 3
11 126 3
35 93 3
54 112 3
69 126 3
6 65 3
14 73 3
33 90 3
66 67 3
13 70 3
17 75 3
75 76 3
50 51 3
8 65 3
37 96 3
45 103 3
53 112 3
0 58 3
1 59 3
2 59 3
3 61 3
16 74 3
38 96 3
39 97 3
40 97 3
46 103 3
2 61 3
5 62 3
6 63 3
11 69 3
11 70 3
73 74 3
93 94 3
51 109 3
52 109 3
55 112 3
3 62 3
17 74 3
85 86 3
28 86 3
48 106 3
49 106 2
5 63 3
26 84 3
90 91 3
37 95 3
49 107 3
53 111 3
55 113 3
20 78 3
21 78 3
84 85 3
30 88 2
31 88 2
31 89 2
95 96 3
52 111 3
55 114 3
56 114 3
2 60 3
67 126 3
19 78 3
24 82 3
83 84 3
33 91 3
34 91 3
94 95 3
40 98 3
41 99 3
44 102 2
45 102 2
106 107 3
49 108 3
112 113 3
60 61 3
61 62 3
19 77 3
34 92 3
39 96 3
41 98 3
42 99 0
43 102 2
46 104 2
47 105 3
50 108 3
52 110 3
111 112 3
57 115 3
58 59 3
59 60 3
77 78 3
86 87 3
87 88 3
31 90 2
35 92 3
96 97 3
42 101 0
43 101 0
102 103 1
103 104 0
46 105 3
48 105 3
107 108 3
50 109 3
110 111 3
114 115 3
65 66 3
14 70 3
23 82 3
89 90 2
91 92 3
97 98 3
104 105 1
6 122 3
69 70 3
78 79 0
92 93 3
99 100 3
42 100 0
108 109 3
109 110 3
62 63 3
63 122 3
14 189 3
21 79 0
105 106 3
65 122 3
74 75 3
88 89 3
100 101 3
113 114 3
76 77 3
23 79 3
98 99 3
101 102 1
77 137 0
78 137 0
23 138 3
79 138 3
82 83 3
126 127 3
70 189 3
82 138 3
69 127 3
73 189 3
73 131 3
89 147 3
109 167 3
86 145 3
87 145 3
90 147 2
93 152 3
94 152 3
112 170 3
63 121 3
85 143 3
86 143 3
106 165 3
107 165 3
107 166 3
108 166 3
108 167 3
110 167 3
62 121 3
82 141 3
113 172 3
114 172 3
131 189 3
83 141 3
165 166 3
74 133 0
75 133 0
76 134 0
77 134 3
95 152 3
98 156 3
102 161 2
103 161 0
104 163 2
61 118 3
66 124 3
95 153 3
96 153 3
99 156 3
105 163 0
110 168 3
111 168 3
60 118 3
65 124 3
125 126 3
73 132 3
76 133 0
83 142 3
84 142 3
101 159 3
102 159 0
166 167 3
114 173 3
115 173 3
58 116 3
59 117 3
62 120 3
120 121 3
67 124 3
67 125 3
74 132 0
133 134 3
79 137 3
82 140 3
143 144 3
143 145 3
91 149 3
92 150 3
97 155 3
97 156 3
99 157 3
100 157 3
104 161 2
106 164 0
116 117 3
117 118 3
61 177 3
61 120 3
124 125 3
131 132 3
77 135 3
138 140 3
88 146 3
92 149 3
93 150 3
93 151 3
96 155 3
156 157 3
100 159 3
161 162 3
104 162 2
164 165 1
113 171 3
120 177 3
132 133 3
134 135 3
141 142 3
84 143 3
144 145 3
88 145 3
89 146 3
152 153 3
106 163 0
112 171 3
121 122 3
135 137 0
145 146 3
149 150 3
150 151 3
151 152 3
111 169 3
112 169 3
140 141 3
142 143 3
146 147 3
155 156 3
167 168 3
171 172 3
172 173 3
118 177 3
69 129 3
70 129 3
102 160 2
160 161 3
91 206 3
162 163 3
168 169 3
127 129 3
129 189 3
90 206 3
149 206 3
159 160 3
163 164 1
126 184 3
100 158 3
125 184 3
127 184 3
133 192 3
157 158 3
122 124 3
124 181 3
147 206 3
170 228 3
112 228 3
158 159 3
127 185 3
96 212 3
122 181 3
184 185 3
153 212 3
155 212 3
162 219 3
169 228 3
171 228 3
159 218 3
161 219 3
164 222 3
173 231 3
160 218 3
172 231 3
142 200 3
146 205 3
147 205 3
168 227 3
169 227 3
120 179 3
121 179 3
137 138 3
141 200 3
149 207 3
150 207 3
151 209 3
171 230 3
172 230 3
129 185 3
150 209 3
153 270 3
222 223 3
165 223 0
166 223 0
230 231 3
125 183 3
132 249 3
134 192 3
144 202 3
145 203 3
146 203 3
155 214 3
156 214 3
159 217 3
160 219 3
162 220 3
163 222 1
167 226 3
168 226 3
116 174 3
117 175 3
118 176 3
124 183 3
133 249 3
137 193 1
138 196 3
143 201 3
143 202 3
145 202 3
206 207 3
207 208 3
150 208 3
212 213 3
156 215 3
157 215 3
158 216 3
219 220 3
166 225 3
167 225 3
227 228 3
174 175 3
175 176 3
177 235 3
120 178 3
122 179 3
134 193 3
135 193 3
196 254 0
140 196 3
141 196 3
143 200 3
201 202 3
205 206 3
208 209 3
155 213 3
158 215 3
159 216 3
166 224 0
178 235 3
178 179 3
183 184 3
129 187 3
187 189 3
152 209 3
215 216 3
217 218 3
163 220 3
163 221 3
164 223 1
225 226 3
171 229 3
176 177 3
129 244 3
189 246 3
131 248 3
132 248 3
137 196 3
200 201 3
203 205 3
214 215 3
216 217 3
223 224 3
224 225 1
226 227 3
229 230 3
192 249 3
193 196 3
213 214 3
228 229 3
202 203 3
152 270 1
218 219 3
221 222 1
181 183 3
131 247 3
181 240 3
183 240 3
187 246 3
247 248 3
220 221 3
181 238 3
203 262 3
179 181 3
187 244 3
189 247 3
248 249 3
192 193 3
196 200 3
205 262 3
212 270 3
192 250 3
222 279 3
193 250 3
200 258 3
152 268 3
221 279 3
179 238 3
196 253 0
196 256 0
181 239 3
196 252 2
254 256 3
200 256 3
200 257 3
257 258 3
201 258 3
209 268 3
268 270 3
239 240 3
193 252 3
252 253 3
253 254 3
256 257 3
201 259 3
213 271 3
224 282 0
225 282 0
176 234 3
177 234 3
183 241 3
250 252 3
258 259 3
214 271 3
225 284 0
226 284 0
230 288 3
175 233 3
176 233 3
234 235 3
246 247 3
206 264 3
212 271 3
214 272 3
228 286 3
229 288 3
231 288 3
179 237 3
238 239 3
205 264 3
208 266 3
209 266 3
215 272 3
218 276 3
220 278 3
221 278 3
227 286 3
231 289 3
237 238 3
240 241 3
209 267 3
217 275 3
217 276 3
229 287 3
288 289 3
174 232 3
178 236 3
184 243 3
185 243 3
202 259 3
202 260 3
205 263 3
207 264 3
267 268 3
215 273 3
216 274 3
223 281 3
224 281 3
225 283 0
227 284 0
228 287 3
287 288 3
232 233 3
233 234 3
235 236 3
236 237 3
203 260 3
262 263 3
207 265 3
270 271 3
216 273 3
216 275 3
275 276 3
283 284 3
259 260 3
264 265 3
265 266 3
274 275 3
286 287 3
244 246 3
266 267 3
271 272 3
272 273 3
273 274 3
278 279 3
281 282 0
282 283 3
183 243 3
129 243 3
249 250 3
252 309 3
263 264 3
219 278 3
222 280 3
284 285 3
227 285 0
250 309 3
279 280 3
223 280 3
286 344 0
241 243 3
254 313 3
256 313 3
260 262 3
276 334 3
285 286 1
285 344 0
286 343 0
287 343 0
218 278 3
281 339 0
343 344 3
280 281 3
282 339 3
252 310 3
253 310 3
260 319 3
243 358 3
248 306 3
253 311 3
254 311 3
262 319 3
288 346 3
241 358 3
244 303 3
246 303 3
249 307 3
254 370 3
260 318 3
288 343 0
247 306 3
249 306 3
249 308 3
250 308 3
311 370 3
313 370 3
318 319 3
268 326 3
268 327 3
275 334 3
270 327 3
257 315 3
263 321 3
343 346 1
289 346 3
235 293 3
301 358 3
243 301 3
262 320 3
263 320 3
264 321 3
267 326 3
270 328 3
271 328 3
280 337 3
284 342 0
234 293 3
257 374 3
258 315 3
264 322 3
265 322 3
279 337 3
283 342 3
289 347 3
232 290 3
233 291 3
234 292 3
237 295 3
238 296 3
239 297 3
240 298 3
241 299 3
129 303 3
246 304 3
310 311 3
315 374 3
259 317 3
260 317 3
271 329 3
272 329 3
272 330 3
273 330 3
273 331 3
274 331 3
274 332 3
280 338 3
282 340 3
346 347 3
290 291 3
291 292 3
295 296 3
238 297 3
297 298 3
298 299 3
299 358 3
243 303 3
247 304 3
258 317 3
320 321 3
321 322 3
275 332 3
281 338 3
338 339 0
339 340 3
285 342 0
292 293 3
236 295 3
308 309 3
256 372 3
267 325 3
276 335 3
337 338 3
236 293 3
293 295 3
303 304 3
257 372 3
319 320 3
266 325 3
325 326 3
334 335 3
218 335 3
278 335 3
296 297 3
301 303 3
317 318 3
331 332 3
332 334 3
279 336 3
327 328 3
278 336 3
283 340 3
313 372 3
372 374 3
326 327 3
330 331 3
283 398 3
293 294 3
307 308 3
328 329 3
329 330 3
336 337 3
342 398 3
294 295 3
306 307 3
315 317 3
322 381 3
335 336 3
358 359 3
301 359 3
303 360 3
319 377 3
301 360 3
304 306 3
265 381 3
293 351 3
338 396 3
340 398 3
304 363 3
252 308 3
320 377 3
342 344 3
292 350 3
293 350 3
306 363 3
398 399 3
342 399 3
346 404 1
294 351 3
294 353 3
295 353 3
265 325 3
337 395 3
338 395 3
342 401 3
344 401 3
343 404 1
303 361 3
308 367 3
317 374 3
265 382 3
360 361 3
306 364 3
307 364 3
308 366 3
252 367 3
318 377 3
381 382 3
325 382 3
327 385 0
328 385 0
366 367 3
317 434 3
326 384 2
327 384 2
335 393 3
336 393 3
343 401 3
322 379 3
384 385 3
328 386 0
395 396 3
339 396 1
299 357 3
357 358 3
318 434 3
321 379 3
385 386 3
329 387 3
330 387 3
339 397 3
340 397 3
342 400 3
347 405 3
290 348 3
291 349 3
296 354 3
297 355 3
298 356 3
363 364 3
318 376 3
325 384 3
328 387 3
331 447 3
334 392 3
396 397 0
399 400 3
346 405 3
348 349 3
349 350 3
353 354 3
354 355 3
355 356 3
356 357 3
307 365 3
310 369 3
311 369 3
376 434 3
376 377 3
321 377 3
330 388 3
331 390 3
332 390 3
335 392 3
350 351 3
294 410 3
359 360 3
308 365 3
322 438 3
386 387 3
353 410 3
364 365 3
365 366 3
310 367 3
387 388 3
332 391 3
392 393 3
336 452 3
336 395 3
396 454 3
397 398 3
400 401 3
351 410 3
304 361 3
331 388 3
390 447 3
390 391 3
334 391 3
397 454 1
404 405 0
379 438 3
388 447 3
369 370 3
370 372 3
374 434 3
382 384 3
393 452 3
395 452 3
343 403 3
381 438 3
361 363 3
374 433 3
384 442 2
343 405 1
367 369 3
433 434 3
382 442 3
367 426 3
369 426 3
377 379 3
391 392 3
401 460 1
343 460 1
377 436 3
379 436 3
374 431 3
403 460 1
343 462 1
372 431 3
403 462 1
405 462 1
372 430 3
387 445 3
392 450 3
370 429 3
372 429 3
430 431 3
377 435 3
386 445 3
393 509 3
435 436 3
386 444 3
391 450 3
350 409 3
361 420 3
363 420 3
429 430 3
381 439 3
384 443 2
397 456 1
398 456 1
399 457 1
405 463 1
349 408 3
350 408 3
351 409 3
358 417 3
359 417 3
369 428 3
370 428 3
382 439 3
382 441 3
385 443 3
385 444 3
462 463 3
360 418 3
367 425 3
425 426 3
441 442 3
359 418 3
361 418 3
363 421 3
364 422 3
365 423 3
379 437 3
437 438 3
382 440 3
388 446 3
452 509 3
400 459 1
401 459 1
348 406 3
349 407 3
353 411 3
354 412 3
355 413 3
356 414 3
357 415 3
361 419 3
363 422 3
364 423 3
366 424 3
431 433 3
439 440 3
442 443 3
443 444 3
390 448 3
392 451 3
393 451 3
454 455 1
397 455 1
459 460 3
406 407 3
410 411 3
411 412 3
412 413 3
413 414 3
414 415 3
358 415 3
418 419 3
423 424 3
424 425 3
440 441 3
444 445 3
445 446 3
446 447 3
447 448 3
455 456 3
399 456 1
408 409 3
417 418 3
421 422 3
376 435 3
434 435 3
391 448 3
460 461 3
403 461 1
407 408 3
419 420 3
422 423 3
438 439 3
450 451 3
451 509 3
409 410 3
358 474 3
436 437 3
456 457 3
415 474 3
417 474 3
428 429 3
461 462 3
426 428 3
420 421 3
400 457 1
415 473 3
395 511 3
473 474 3
425 484 3
426 484 3
452 511 3
395 454 3
400 516 1
457 516 3
459 516 3
435 493 2
395 512 3
454 512 1
428 485 3
434 493 2
439 496 3
447 505 3
391 507 3
450 507 3
457 515 3
426 485 3
433 493 3
439 497 3
440 497 3
442 500 3
443 500 3
446 504 3
419 477 3
420 477 3
421 480 1
422 480 1
423 481 1
438 496 3
447 504 3
448 507 3
456 514 3
515 516 3
421 477 3
421 478 1
422 481 1
431 490 2
447 506 3
457 514 3
459 518 3
460 518 3
462 520 3
477 478 1
421 479 1
424 481 1
425 483 3
433 490 2
496 497 3
443 501 3
444 501 3
504 505 3
505 506 3
448 506 3
461 520 3
406 464 3
407 464 3
407 466 3
408 466 3
409 467 3
417 475 3
418 475 3
480 481 3
424 483 3
429 488 3
430 488 2
431 489 2
442 499 3
452 510 3
510 511 3
511 512 3
461 518 3
410 469 3
411 469 3
412 470 3
413 471 3
414 471 3
418 477 3
479 480 3
430 489 2
489 490 3
435 494 3
440 498 3
441 498 3
441 499 3
499 500 3
445 503 3
446 503 3
450 508 3
509 510 3
455 513 3
455 514 3
514 515 3
459 517 3
409 466 3
469 470 3
470 471 3
414 472 3
414 473 3
474 475 3
475 476 3
418 476 3
483 484 3
484 485 3
488 489 3
493 494 3
436 494 3
437 495 3
500 501 3
444 502 3
503 504 3
507 508 3
508 509 3
512 513 3
454 513 1
513 514 3
517 518 3
464 466 3
437 496 3
501 502 3
463 521 3
466 467 3
472 473 3
478 479 3
444 503 3
516 517 3
462 521 3
464 522 3
409 469 3
481 483 0
436 495 3
466 523 3
471 472 3
429 545 2
495 496 3
464 523 3
476 477 3
488 545 3
497 498 3
498 499 3
518 520 3
428 545 2
467 469 3
494 495 3
502 503 3
506 507 3
433 549 1
493 549 3
503 561 3
483 539 1
499 557 3
481 539 3
485 544 2
428 544 2
473 532 2
504 561 3
474 532 2
490 548 3
477 536 1
433 548 1
494 552 2
518 576 3
520 576 3
520 521 3
478 536 3
485 543 2
543 544 3
544 545 3
511 569 3
483 541 2
483 542 2
484 542 2
493 552 3
501 560 3
502 560 3
469 527 3
541 542 3
488 546 3
495 552 2
495 553 2
496 553 2
497 555 3
501 559 3
505 564 3
512 569 3
512 570 3
517 576 3
467 524 3
467 527 3
470 528 3
471 528 3
539 541 0
493 550 3
496 555 3
559 560 3
506 564 3
513 570 3
515 573 3
516 574 3
576 578 3
520 578 3
466 524 3
472 528 3
480 538 3
485 542 2
489 546 3
549 550 3
552 553 3
498 555 3
498 556 3
499 558 3
500 558 3
500 559 3
507 564 3
507 565 3
508 565 3
514 573 3
517 574 3
479 537 3
479 538 3
481 538 3
545 546 3
489 547 3
493 551 3
499 556 3
504 562 3
505 563 3
508 566 3
510 568 3
511 568 3
514 572 3
516 573 3
517 575 3
575 576 3
521 579 3
523 524 3
469 528 3
536 537 3
547 548 3
551 552 3
555 556 3
503 560 3
561 562 3
562 563 3
563 564 3
509 566 3
509 567 3
573 574 3
574 575 3
578 579 3
546 547 3
553 555 3
564 565 3
565 566 3
568 569 3
513 572 3
522 523 3
527 528 3
476 533 2
537 538 3
548 549 3
550 551 3
557 558 3
560 561 3
566 567 3
510 567 3
475 532 2
475 533 2
538 539 3
556 557 3
569 570 3
572 573 3
558 559 3
567 568 3
542 543 3
570 572 3
532 533 3
536 593 3
539 597 3
522 524 3
477 533 1
477 593 1
472 530 2
473 530 2
538 597 3
530 532 3
576 636 3
578 636 3
528 530 3
555 613 3
556 613 3
467 583 2
555 612 2
576 635 3
527 583 3
528 586 2
553 612 3
570 629 3
635 636 3
527 585 3
528 585 2
530 586 3
559 617 3
569 627 3
572 629 3
524 583 3
585 586 3
539 598 2
558 617 3
570 627 3
527 584 3
586 587 3
530 587 3
530 588 3
549 607 2
550 607 3
564 623 3
565 623 3
566 623 3
568 627 3
570 628 3
628 629 3
575 634 3
576 634 3
583 584 3
584 585 3
532 588 3
533 591 3
541 598 3
541 599 3
542 599 3
634 635 3
532 591 3
547 606 3
548 606 3
550 609 3
551 609 3
568 626 3
579 637 3
524 582 3
532 590 3
537 596 3
538 596 3
596 597 3
547 605 3
549 606 2
553 611 3
560 618 3
579 636 3
582 583 3
590 591 3
536 594 3
543 599 3
544 603 3
545 603 3
545 604 3
546 604 3
605 606 3
606 607 3
550 608 3
552 610 3
552 611 3
612 613 3
558 616 2
559 618 3
561 619 3
561 620 3
562 620 3
563 621 3
564 622 3
623 624 3
566 624 3
566 625 3
567 625 3
572 630 3
573 631 3
574 632 3
574 633 3
575 633 3
522 580 3
522 581 3
522 582 3
532 589 3
537 594 3
537 595 3
543 602 3
544 602 3
547 604 3
607 608 3
608 609 3
609 610 3
611 612 3
557 616 2
618 619 3
620 621 3
622 623 3
567 626 3
629 630 3
631 632 3
632 633 3
636 637 3
581 582 3
588 589 3
589 590 3
477 591 1
594 595 3
603 604 3
610 611 3
619 620 3
621 622 3
626 627 3
627 628 3
633 634 3
593 594 3
595 596 3
598 599 3
543 601 3
602 603 3
604 605 3
616 617 3
617 618 3
624 625 3
625 626 3
573 630 3
599 601 3
556 614 3
556 616 3
580 581 3
587 588 3
601 602 3
613 614 3
597 598 3
630 631 3
477 650 1
636 694 3
591 650 2
637 694 3
614 616 3
614 673 3
599 658 3
616 673 3
601 658 3
593 650 2
593 595 3
607 665 3
634 692 3
588 645 3
602 661 3
603 661 3
606 665 3
610 668 3
587 645 3
593 651 1
595 653 3
597 655 2
605 663 3
609 668 3
629 688 3
630 688 3
582 641 3
583 641 3
585 644 3
586 644 3
586 645 3
590 648 3
591 648 3
598 655 3
599 657 3
604 661 3
604 663 3
612 671 3
613 671 3
629 686 3
580 639 3
581 639 3
581 640 3
582 640 3
584 641 3
595 651 3
596 653 3
596 654 3
597 654 3
657 658 3
601 660 3
602 660 3
604 662 3
606 664 3
608 665 3
612 670 3
627 685 3
628 686 3
629 687 3
640 641 3
588 646 3
654 655 3
661 662 3
605 664 3
611 670 3
618 676 2
619 676 2
620 679 3
621 679 2
626 685 3
687 688 3
632 690 3
633 691 3
635 693 3
636 693 3
694 695 3
589 646 3
591 649 3
649 650 3
658 659 3
601 659 3
660 661 3
662 663 3
608 666 3
609 667 3
611 668 3
614 671 3
616 674 3
617 674 3
617 675 3
619 678 2
620 678 2
622 680 3
623 681 3
625 683 3
626 684 3
631 688 3
631 689 3
632 689 3
632 691 3
634 691 3
635 692 3
637 695 3
639 640 3
589 648 3
648 649 3
659 660 3
663 664 3
664 665 3
665 666 3
666 667 3
667 668 3
611 669 3
670 671 3
673 674 3
618 675 2
678 679 3
621 680 3
623 680 3
623 682 3
624 682 3
624 683 3
683 684 3
684 685 3
686 687 3
691 692 3
580 638 3
584 642 3
585 642 3
645 646 3
650 651 1
598 657 3
669 670 3
614 672 3
674 675 3
675 676 3
619 677 2
682 683 3
688 689 3
690 691 3
638 639 3
641 642 3
644 645 3
668 669 3
671 672 3
676 677 3
677 678 3
679 680 3
681 682 3
628 685 3
689 690 3
692 693 3
642 758 1
595 710 3
680 681 3
646 648 3
653 710 3
655 657 3
642 644 3
651 710 3
653 654 3
672 673 3
685 686 3
693 694 3
646 705 1
648 705 1
655 714 3
657 714 3
642 701 3
644 701 3
651 709 3
709 710 3
655 713 3
713 714 3
658 716 3
639 698 3
640 698 3
645 702 3
659 716 3
680 738 2
681 738 2
685 743 3
639 697 3
644 702 3
654 712 3
662 720 3
679 738 3
688 746 3
694 752 3
638 697 3
697 698 3
641 698 3
650 709 2
655 712 3
663 720 3
664 722 3
665 722 3
668 726 3
669 726 3
670 728 3
672 730 3
672 731 3
673 731 3
674 731 3
674 732 3
681 739 2
686 743 3
687 746 3
689 746 3
693 752 3
695 752 3
695 753 3
641 699 3
642 699 3
645 703 3
650 708 2
653 711 3
657 716 3
659 717 3
660 717 3
663 722 3
667 726 3
669 728 3
671 730 3
675 732 3
738 739 3
682 739 2
692 750 3
638 696 3
696 697 3
699 758 1
702 703 3
646 703 3
654 711 3
712 713 3
657 715 3
660 719 3
661 719 3
663 721 3
665 723 3
666 724 3
667 725 3
671 729 3
730 731 3
675 733 3
675 734 3
676 734 3
677 735 3
679 737 3
682 740 2
683 741 2
684 742 3
686 744 3
689 747 3
690 747 3
690 748 3
690 749 3
691 749 3
693 750 3
752 753 3
701 702 3
708 709 3
715 716 3
719 720 3
721 722 3
722 723 3
723 724 3
724 725 3
669 727 3
728 729 3
729 730 3
731 732 3
732 733 3
733 734 3
677 734 3
678 735 3
678 737 3
739 740 3
682 741 3
683 742 3
684 743 3
743 744 3
692 749 3
693 810 3
703 705 1
649 705 1
725 726 3
726 727 3
727 728 3
678 736 3
737 738 3
749 750 3
752 810 3
649 708 1
711 712 3
714 715 3
720 721 3
735 736 3
736 737 3
740 741 3
742 743 3
687 745 3
745 746 3
747 748 3
698 699 3
649 764 1
710 711 3
734 735 3
741 742 3
687 744 3
705 764 2
748 749 3
716 717 3
746 747 3
693 809 3
708 764 3
717 719 3
744 745 3
750 809 3
809 810 3
705 763 2
703 763 1
701 758 1
716 774 3
729 789 3
730 789 3
731 789 3
717 774 3
714 772 3
715 772 3
717 776 3
752 811 3
712 770 3
713 770 3
719 776 3
738 797 3
739 797 3
753 811 3
763 764 3
713 771 3
713 772 3
715 774 3
697 755 3
703 761 1
770 771 3
724 782 3
698 757 3
699 757 3
710 768 3
711 768 3
711 769 3
771 772 3
715 773 3
774 775 3
717 775 3
725 782 3
727 785 3
729 787 3
742 800 2
744 802 2
747 805 3
810 811 3
702 761 1
768 769 3
772 773 3
773 774 3
775 776 3
722 781 3
723 781 3
725 784 3
726 784 3
728 785 3
728 787 3
732 789 3
733 791 3
741 799 3
741 800 3
743 802 2
746 804 2
746 805 3
748 805 3
748 806 3
749 808 3
696 754 3
696 755 3
697 756 3
703 762 1
708 765 3
769 770 3
719 778 3
720 778 3
721 779 3
722 780 3
723 782 3
728 786 3
732 790 3
732 791 3
734 791 3
736 794 3
740 797 3
740 798 3
749 806 3
750 808 3
754 755 3
755 756 3
698 756 3
701 759 1
761 762 3
762 763 3
764 765 3
778 779 3
722 779 3
780 781 3
726 785 3
785 786 3
786 787 3
788 789 3
790 791 3
735 794 3
737 794 3
737 795 3
737 796 3
738 796 3
798 799 3
743 800 2
743 801 2
744 803 2
745 803 2
757 758 1
702 759 1
781 782 3
725 783 3
783 784 3
784 785 3
729 788 3
789 790 3
794 795 3
796 797 3
797 798 3
799 800 3
800 801 3
802 803 3
745 804 2
756 757 3
758 759 2
779 780 3
782 783 3
801 802 3
804 805 3
787 788 3
734 792 3
735 792 3
735 793 3
795 796 3
709 768 3
792 793 3
793 794 3
805 806 3
749 807 3
791 792 3
806 807 3
759 761 3
709 765 3
803 804 3
807 808 3
808 809 3
709 825 3
776 778 3
765 825 3
768 825 3
758 816 2
761 818 3
776 835 3
778 835 3
759 816 3
759 818 3
787 845 3
789 847 3
790 847 3
788 845 3
782 840 3
807 865 3
762 820 3
783 840 3
763 820 3
788 847 3
803 861 3
768 826 3
802 861 3
810 868 3
763 822 3
769 826 3
778 836 3
799 857 3
800 859 3
801 859 3
808 865 2
808 866 3
809 866 3
811 868 3
764 822 3
773 831 3
774 832 3
784 842 3
785 842 3
785 844 3
786 844 3
786 845 3
798 857 3
804 863 3
805 863 2
809 868 3
811 869 3
754 812 0
761 819 3
762 819 3
771 829 3
772 831 3
773 832 3
775 833 3
778 837 3
779 837 3
780 839 3
781 839 3
783 842 3
792 850 3
795 854 3
796 854 3
797 855 3
798 856 3
809 867 3
868 869 3
755 812 0
756 815 1
757 815 1
759 817 3
763 821 3
764 823 3
765 823 3
769 827 3
770 828 3
771 828 3
772 829 3
831 832 3
774 833 3
776 833 3
776 834 3
834 835 3
835 836 3
780 837 3
785 843 3
790 848 3
791 849 3
793 850 3
794 852 3
854 855 3
797 856 3
800 858 3
802 860 3
804 861 3
804 862 3
862 863 3
805 864 3
806 864 3
807 864 3
865 866 3
755 813 3
758 815 0
817 818 3
821 822 3
825 826 3
826 827 3
827 828 3
828 829 3
772 830 3
782 839 3
783 841 3
847 848 3
791 848 3
849 850 3
793 852 3
795 852 3
795 853 3
856 857 3
799 858 3
858 859 3
801 860 3
860 861 3
861 862 3
866 867 3
812 813 1
820 821 3
765 824 3
824 825 3
829 830 3
830 831 3
833 834 3
836 837 3
840 841 3
842 843 3
843 844 3
844 845 3
845 846 3
788 846 3
793 851 3
855 856 3
863 864 3
864 865 3
756 813 3
818 819 3
822 823 3
823 824 3
841 842 3
846 847 3
848 849 3
850 851 3
851 852 3
852 853 3
853 854 3
857 858 3
859 860 3
867 868 3
832 833 3
780 896 3
816 817 3
819 820 3
839 896 3
815 816 3
837 896 3
839 840 3
813 815 1
837 895 3
813 872 1
815 872 3
827 886 3
828 886 3
865 924 3
866 924 2
815 873 3
823 881 3
846 905 3
861 919 3
862 919 3
867 924 2
822 881 3
847 905 3
817 875 3
843 901 3
844 901 3
867 925 2
816 873 3
818 875 3
825 883 3
826 883 3
834 836 3
836 895 3
841 899 3
842 899 3
850 908 3
851 908 3
858 916 3
859 917 3
860 917 3
862 920 3
864 922 3
924 925 3
869 927 2
821 879 3
822 879 3
824 883 3
830 888 3
895 896 3
849 908 3
854 912 3
855 912 3
859 916 3
860 919 3
863 920 3
863 922 3
865 923 3
868 927 3
813 871 3
871 872 3
816 875 3
818 876 3
829 886 3
829 888 3
839 898 3
840 898 3
840 899 3
845 903 3
846 903 3
846 904 3
847 906 3
848 906 3
851 909 3
852 911 3
853 911 3
919 920 3
863 921 3
864 923 3
812 870 1
872 873 3
819 876 3
819 877 3
820 878 3
820 879 3
824 881 3
824 882 3
826 884 3
827 884 3
829 887 3
831 889 3
832 891 3
833 891 3
834 892 3
839 897 3
842 900 3
844 902 3
845 902 3
904 905 3
848 907 3
849 907 3
908 909 3
852 909 3
857 915 3
858 915 3
916 917 3
921 922 3
922 923 3
868 926 2
870 871 1
877 878 3
822 880 3
881 882 3
827 885 3
885 886 3
886 887 3
887 888 3
831 888 3
832 889 3
891 892 3
836 892 3
836 894 3
894 895 3
896 897 3
897 898 3
899 900 3
900 901 3
901 902 3
902 903 3
903 904 3
907 908 3
854 911 3
856 915 3
920 921 3
867 926 2
876 877 3
879 880 3
880 881 3
836 893 3
898 899 3
905 906 3
911 912 3
917 918 3
860 918 3
926 927 3
873 875 3
875 876 3
882 883 3
883 884 3
884 885 3
852 910 3
855 913 3
856 913 3
918 919 3
923 924 3
878 879 3
906 907 3
912 913 3
888 889 3
893 894 3
909 910 3
910 911 3
915 916 3
925 926 3
913 915 3
892 893 3
889 891 3
873 932 3
875 932 3
913 972 3
915 972 3
909 968 3
910 968 3
875 933 3
894 953 3
895 953 3
899 957 3
908 966 3
909 966 3
909 967 3
917 975 3
918 975 3
919 977 3
920 977 3
923 982 3
872 930 3
873 930 3
873 931 3
876 933 3
889 947 3
891 948 3
900 957 3
966 967 3
967 968 3
911 968 3
912 970 3
916 975 3
918 977 3
924 982 3
925 983 3
931 932 3
932 933 3
878 937 3
879 937 3
884 942 3
888 947 3
889 948 3
898 957 3
904 962 3
905 963 3
911 970 3
924 983 3
926 983 3
927 985 3
930 931 3
878 936 3
883 942 3
885 942 3
885 944 3
886 944 3
886 945 3
887 945 3
894 952 3
895 954 3
896 954 3
897 955 3
901 959 3
903 962 3
905 962 3
906 963 3
906 965 3
907 965 3
907 966 3
915 973 3
915 974 3
916 974 3
918 976 3
923 981 3
926 985 3
870 928 1
871 929 3
877 936 3
882 940 3
883 941 3
888 946 3
891 949 3
893 952 3
896 955 3
898 956 3
900 958 3
900 959 3
906 964 3
911 969 3
913 971 3
972 973 3
975 976 3
921 980 3
922 980 3
922 981 3
926 984 3
928 929 3
929 930 3
876 934 3
877 935 3
936 937 3
880 937 3
881 940 3
940 941 3
944 945 3
888 945 3
946 947 3
948 949 3
892 949 3
892 950 3
893 950 3
893 951 3
954 955 3
955 956 3
957 958 3
902 959 3
902 960 3
903 960 3
968 969 3
912 971 3
974 975 3
920 978 3
983 984 3
984 985 3
933 934 3
876 935 3
880 938 3
881 938 3
881 939 3
885 943 3
945 946 3
951 952 3
958 959 3
959 960 3
963 964 3
970 971 3
973 974 3
976 977 3
977 978 3
921 978 3
921 979 3
981 982 3
982 983 3
934 935 3
938 939 3
943 944 3
947 948 3
949 950 3
952 953 3
953 954 3
956 957 3
962 963 3
964 965 3
965 966 3
969 970 3
980 981 3
935 936 3
937 938 3
950 951 3
971 972 3
978 979 3
941 942 3
942 943 3
903 961 3
961 962 3
979 980 3
939 940 3
960 961 3
957 1015 3
959 1017 3
976 1034 3
930 988 3
960 1017 3
975 1034 3
931 988 3
929 988 3
937 995 3
958 1015 3
960 1018 3
962 1020 3
967 1025 3
933 991 3
934 991 3
938 995 3
1017 1018 3
961 1018 3
961 1020 3
966 1025 3
968 1025 3
970 1028 3
932 990 3
933 990 3
936 994 3
937 994 3
943 1001 3
945 1003 3
954 1012 3
956 1015 3
958 1016 3
969 1028 3
978 1036 3
982 1040 3
983 1040 3
984 1042 3
942 1001 3
944 1003 3
947 1005 3
953 1012 3
955 1013 3
968 1026 3
971 1028 3
974 1032 3
977 1036 3
981 1039 3
982 1039 3
985 1042 3
985 1043 3
990 991 3
934 992 3
939 997 3
941 1000 3
942 1000 3
944 1001 3
948 1005 3
949 1007 3
951 1009 3
956 1013 3
958 1017 3
966 1023 3
1025 1026 3
973 1031 3
973 1032 3
975 1032 3
977 1034 3
977 1035 3
983 1042 3
928 986 3
929 987 3
931 989 3
935 992 3
938 997 3
940 997 3
940 998 3
940 999 3
941 999 3
1000 1001 3
944 1002 3
946 1005 3
948 1007 3
950 1008 3
952 1009 3
952 1010 3
953 1011 3
956 1014 3
1015 1016 3
963 1021 3
964 1021 3
964 1022 3
965 1022 3
965 1023 3
969 1027 3
972 1030 3
972 1031 3
975 1033 3
1034 1035 3
978 1037 3
979 1037 3
980 1039 3
983 1041 3
1042 1043 3
986 987 3
987 988 3
988 989 3
989 990 3
991 992 3
997 998 3
999 1000 3
1001 1002 3
946 1003 3
1007 1008 3
1008 1009 3
1012 1013 3
1014 1015 3
1020 1021 3
966 1024 3
1026 1027 3
1027 1028 3
1031 1032 3
1032 1033 3
1033 1034 3
1035 1036 3
980 1037 3
980 1038 3
1039 1040 3
1040 1041 3
1041 1042 3
994 995 3
998 999 3
1002 1003 3
1010 1011 3
1011 1012 3
1013 1014 3
1016 1017 3
1023 1024 3
1024 1025 3
971 1029 3
971 1030 3
1036 1037 3
1038 1039 3
935 994 3
1021 1022 3
1022 1023 3
1030 1031 3
1037 1038 3
1009 1010 3
1028 1029 3
1029 1030 3
1005 1007 3
1018 1020 3
