0.0321868 0.00310111 7.77678
0.0181494 -0.00123868 8.21697
-0.000826634 -0.0081112 9.092
-0.00897943 -0.00296496 9.60082
-0.0213779 -0.00909224 10.8072
-0.0159018 -0.00181232 10.2183
-0.0291719 0.00114 11.8928
-0.00826271 -0.00408703 8.79106
-0.0145737 -0.000339155 9.98823
-0.0120137 -0.00635803 9.53397
-0.0131802 -0.0177872 9.9005
0.0267549 -0.068125 0.927747
0.0334838 -0.046136 -0.978002
0.0514105 -0.0532697 -6.18177
0.0363239 -0.0265484 -1.5918
0.00244674 -0.039503 10.0527
0.031388 -0.00330038 -1.20589
0.0226215 -0.00747412 2.05959
0.0061079 -0.0013967 8.53126
0.0314602 0.018873 -2.43451
0.0467377 -0.0759787 -6.35225
0.0464353 -0.106237 -5.55682
0.0244282 0.0159516 3.83782
0.0160414 0.0717145 6.96095
0.00603669 0.0929024 11.7468
-0.0207106 0.076074 26.3992
0.0149654 -0.0671484 2.538
0.062871 -0.084632 -24.9192
0.0566387 -0.13419 -19.6629
0.100179 -0.13376 -46.9967
0.0725579 -0.0573889 -28.7212
0.066753 -0.0717635 -24.8856
0.0254115 -0.04146 2.64404
0.0070373 -0.00135395 14.6233
0.019806 -0.0343874 6.00471
0.0109591 -0.0588673 12.7398
-0.0202659 -0.0335646 36.5206
0.0138462 -0.0132419 8.97684
0.0399267 0.00541976 -12.7551
0.0508421 -0.00403727 -21.6177
-0.032518 -0.0190992 50.6386
-0.0156129 0.0440583 33.7654
-0.00187809 0.0407807 21.3186
-0.0151084 0.0430963 34.372
-0.0156271 0.0181688 35.0367
-0.00389167 0.00471741 24.0498
-0.00325362 0.0045697 23.4379
-0.0274084 0.0194803 95.2795
-0.024102 0.00138732 92.1598
0.0102719 -0.040776 56.4516
0.0160423 -0.0386995 50.8026
-0.0190442 -0.0224814 89.0036
-0.0450611 -0.00350404 117.925
-0.0453265 -0.0908524 117.622
0.0294687 -0.0668993 30.4135
0.0288331 -0.0753683 31.9419
0.00355807 -0.0519204 61.7755
0.0146314 -0.0519216 47.9421
0.0180217 0.0134735 7.67806
0.014581 -0.0048962 8.46424
0.000953896 -0.000200801 8.86663
-0.0109042 -0.00808739 9.96433
-0.0170134 -0.00333753 10.3623
-0.0111968 -0.00659822 9.64237
-0.0151675 0.00483265 9.86138
-0.0164162 0.0120054 9.7397
-0.00991011 -0.0052534 9.25582
-0.0106039 -0.00792861 9.38182
-0.0269884 -0.00877175 12.9389
0.00835863 -0.0560783 5.33734
0.0584804 -0.0641901 -7.43861
0.070213 -0.0539657 -12.1352
0.0598007 -0.0512946 -8.28075
0.0200512 -0.0164787 3.74822
0.0379068 -0.0328548 -2.6554
0.026163 -0.0392956 2.59965
0.00449454 -0.00339173 9.70232
-0.00766217 -0.061688 17.1279
0.108709 -0.37364 -24.8974
-0.0143782 -0.119726 21.2691
-0.0335929 -0.0774405 27.8735
-0.00457873 -0.0627971 12.8999
0.0119478 -0.0396074 3.50359
0.011099 -0.0506278 4.47411
0.0141289 -0.0601263 2.84429
0.0312835 -0.0659327 -7.15613
0.0420995 -0.102537 -11.9029
0.05841 -0.115104 -22.0142
0.044157 -0.098205 -13.5196
0.0604661 -0.0701305 -20.6643
0.0556403 -0.0382197 -18.6174
0.00378162 -0.0321606 18.4357
-0.00348378 -0.0500094 23.7103
0.0148147 -0.0482635 8.48643
6.49878e-05 -0.0379168 20.9221
0.0366733 -0.0191875 -9.25575
0.0449361 0.00095965 -16.6916
0.0116818 -0.00492707 12.0408
-0.0173011 0.00727496 36.8893
-0.0019952 0.0338672 21.6033
-0.00315185 0.027885 23.1761
-0.00231934 0.0289549 22.0244
-0.0176913 -0.00520939 37.6882
-0.0055393 -0.00803494 26.1708
-0.0060704 0.0031694 26.3142
-0.0364225 0.0238265 104.52
-0.0337002 0.00226497 102.297
-0.00259973 -0.0347821 70.1774
0.0125846 -0.0405159 54.3397
-0.00545153 -0.0153867 73.515
-0.151999 -0.105631 238.77
-0.0912493 -0.150958 170.678
0.0742861 -0.127341 -20.8517
0.0516284 -0.075796 4.45902
0.032387 -0.059921 26.5731
0.0335262 -0.0391397 23.8199
0.00712291 0.001559 8.31764
0.00331491 -0.00875968 8.97974
2.89329e-05 -0.0140795 9.49811
-0.0115474 -0.0141204 10.2457
-0.014735 -0.00417863 9.97886
-0.0153256 -0.000554591 9.91502
-0.00750225 0.00550171 8.62956
-0.0146158 0.00673809 9.68446
-0.0164821 -0.00151618 10.3347
-0.0180625 -0.00442525 10.7921
-0.0181463 -0.00508321 10.8683
-0.0261004 0.00218368 11.4943
0.0290063 -0.0355385 -0.972025
0.0290972 -0.0267648 -1.66172
0.062192 -0.0468963 -9.55588
0.0303985 -0.0571124 1.13645
0.0346206 -0.0754526 0.794222
0.0255016 -0.0775904 4.34649
0.0108486 -0.0951821 10.3376
0.00998904 -0.097792 11.0901
-0.0250462 -0.117383 26.9405
-0.025542 -0.0833261 24.2227
-0.0270835 -0.0980357 25.7331
-0.00441047 -0.0889495 13.6323
0.0155065 -0.0649504 2.87696
0.0117839 -0.0645218 4.99744
-0.00805403 -0.078852 16.9072
0.0409819 -0.102778 -11.0808
0.0553186 -0.100122 -20.5407
0.0556424 -0.127835 -19.926
0.103671 -0.00880849 -57.0314
0.107475 -0.0574471 -54.7105
0.207339 -0.0454456 -125.937
0.0405174 -0.039161 -8.06717
-0.0289036 -0.0494183 42.2935
0.0213134 -0.0307269 3.57448
0.0335987 0.00188006 -7.69383
0.0341225 0.00709948 -8.65258
0.0535045 -0.0099556 -23.4854
0.0470681 -0.00717832 -18.3286
-0.00802115 0.00199819 28.8481
-0.000374095 0.0143263 21.5445
-0.0178814 0.000719581 37.5006
-0.0045682 0.0198957 24.0166
-0.00477951 -0.0145054 25.2414
-0.000595735 0.00205144 20.5107
-0.0403109 0.0152053 49.8641
-0.019725 0.0258837 28.2901
-0.0539666 0.0237816 122.695
-0.0199203 -0.0359119 89.1405
-0.0783594 -0.0181911 145.917
0 0 -1
0.00914744 -0.00771681 15.4834
0.0146694 -0.28305 54.0413
0.104987 -0.155522 -56.7107
0.0561639 -0.0974893 -0.541942
0.0458903 -0.0210326 7.99179
0.0572048 0.000906619 -7.00149
0.00629964 -0.00671123 8.96394
-0.0024418 -0.000903795 8.65026
0.00115892 -0.00193232 8.44165
-0.0032613 -0.000688091 8.60235
-0.00752964 0.00597681 8.61568
-0.0127682 -0.000524605 9.59632
-0.00961681 -0.00327266 9.55303
-0.0165982 -0.00403486 10.6969
-0.0136246 -0.00468989 10.0023
-0.0167547 0.00126341 10.2326
-0.0141092 0.00788662 9.04559
-0.0164721 0.0120039 9.51563
-0.0306643 0.0201836 12.1937
0 0 -1
0.0479312 -0.036457 -5.93016
0.00788939 -0.0514865 8.731
0.03186 -0.049065 -0.195535
0.00306803 -0.0568365 10.9445
4.04601e-05 -0.0727934 13.3188
0.00120417 -0.0997459 14.2593
-0.0169233 -0.100716 22.3712
0.0351456 0.093608 -14.9932
0.0942533 -0.0419629 -36.6994
0.00252014 -0.0715476 8.99967
0.0303342 -0.0667824 -4.62816
0.00549468 -0.0830891 10.1213
0.000540954 -0.0889531 13.2695
0.0299051 -0.0879846 -5.46291
0.0247306 -0.0930075 -2.07047
0.0902092 -0.04436 -47.6924
0.153392 0.00472839 -90.4636
0.13816 -0.00758864 -79.2422
0.0736579 -0.0471403 -30.4957
-0.0121852 -0.0416893 29.924
-0.0268242 -0.0432067 40.3799
0.0495696 -0.024051 -18.0335
0.0275878 -0.0129982 -1.50818
0.0308164 -0.00249485 -5.02495
0.0313359 0.0172123 -7.29373
0.0626992 0.00739359 -32.9897
0.0282103 0.00109136 -2.57827
-0.00301965 -0.011268 24.8669
-0.0432645 -0.011462 61.2393
0.00877711 0.0140425 10.8508
-0.00971524 0.00352533 28.6993
-0.0883138 -0.0165598 99.982
-0.0223433 0.0199833 31.3889
-0.016672 0.025603 25.2227
-0.00264647 0.00275278 12.2301
0.313295 -0.033612 -319.531
0.401459 -0.0176715 -416.28
0.0331739 -0.0106239 -11.0784
0.0131202 -0.00274472 10.6324
0.0116622 -0.00968748 12.8634
0.00619871 -0.0175075 19.6637
0.159795 0.0234168 -137.4
0.0766723 -0.00991617 -30.1018
0.0699528 0.00567701 -22.9712
0.0111819 0.00259347 8.06575
0.00131294 0.0112192 7.50575
0.00487242 0.00728361 7.6777
0.000725181 0.00713564 7.88226
-0.00200915 0.00388053 8.2882
-0.0168565 -0.00220365 10.3233
-0.0139557 -0.00480302 10.2608
-0.0153371 -0.00782673 10.693
-0.015051 -0.00116135 10.0997
-0.00848276 -0.00209073 8.92063
-0.00801023 0.00752419 7.94904
-0.012395 0.00141056 9.60156
-0.0512182 0.00751016 18.7578
-0.0161946 0.000750052 9.24569
0.017323 -0.00997683 0.477575
0.0105396 -0.0224245 4.46206
-0.00658503 -0.036662 12.0844
-0.0162891 -0.0421179 15.8086
-0.0151818 -0.0470787 15.77
-0.0199507 -0.0740418 20.4221
-0.0163144 -0.043366 15.0551
-0.0295546 -0.0707835 24.4649
-0.0263858 -0.0601108 21.7625
0.0108768 -0.064531 4.06839
0.0658 0.0315357 -34.1526
-0.00124597 -0.0623951 11.1557
-0.0201021 -0.0799875 23.1507
-0.000195468 -0.0539064 8.71145
0.0577079 -0.0546407 -25.5077
0.128078 -0.000241568 -74.4773
0.153181 -0.0253329 -88.1341
0.0999154 -0.018182 -52.0934
0.0480906 -0.136057 -5.61151
0.0212406 -0.102368 11.087
0.0185295 -0.106124 12.2754
0.0346414 -0.0606719 -4.00118
0.0594495 -0.0393244 -24.4154
0.0334583 -0.0136786 -5.92754
0.0313717 0.00374185 -6.11469
0.0531724 -0.00273642 -23.7119
-0.0130684 0.00401493 32.9346
-0.0138464 -0.0203034 35.2142
-0.00601277 -0.0122244 27.7255
-0.0208496 0.00814776 39.2944
-0.0322669 -0.0285462 46.2411
-0.0501589 -0.0217647 63.087
-0.0231934 0.00209503 34.1697
-0.0099916 0.00749814 20.1567
-0.00235087 0.0260618 10.3759
0.089318 -0.0319078 -80.7206
0.42985 -0.0806592 -441.83
0.0409048 -0.0120254 -19.2824
0.00803693 0.00740688 15.8059
0.0102462 -0.028718 16.478
0.00866017 -0.0227509 17.5709
0.117049 0.029667 -97.0666
0.131484 0.0619815 -117.484
0.109719 -0.00705569 -70.6652
0.00974181 0.0111664 7.16333
0.00531822 0.00304548 8.27325
-0.00907384 0.000280055 9.19132
-0.00468396 0.00210063 8.62609
-0.0104401 0.000600957 9.40994
-0.0227193 0.00546925 10.1051
-0.0160729 -0.00370304 10.2407
-0.0085952 -0.00456302 9.20973
-0.0151409 -0.00922477 10.979
0.00470451 -0.00318753 6.16554
0.00109035 0.00303372 6.36549
-0.0161941 0.00475528 10.3065
-0.0518352 0.00527397 19.2247
-0.0131362 -0.00272086 8.66314
0.0315455 0.00539931 -5.42335
0.0178737 -0.0363123 4.60027
0.0730132 0.0478937 -23.9982
-0.0293279 -0.0438953 21.057
-0.00912982 -0.0342337 12.4438
-0.0315645 -0.0506274 23.4251
-0.00798432 -0.0627677 13.5585
-0.0110401 -0.0479082 13.0764
-0.00119367 -0.047151 7.80528
0.0066924 -0.0408796 3.47639
0.023873 -0.060522 -2.6489
0.00100723 -0.062972 10.0138
-0.0225603 -0.0641159 22.7554
0.0268342 -0.0413529 -8.55287
0.0990505 -0.0153557 -54.7302
0.114594 -0.0514669 -59.7183
0.122233 -0.14088 -54.1986
0.0611547 -0.129175 -15.5432
0.0129709 -0.168979 21.9359
0.0606813 -0.132006 -15.6873
0.0482581 -0.0786282 -12.7865
0.0847786 -0.080073 -41.1744
0.0656939 -0.101702 -23.6329
0.0839718 -0.0674517 -41.2868
0.0443282 -0.0237776 -14.1512
0.0609324 -0.000759574 -30.7929
-0.00630383 -0.000329973 27.4746
-0.0236996 0.00216328 41.7708
-0.00154383 -0.0124488 23.0254
0.0111796 -0.00786996 11.111
-0.040147 -0.0810074 60.0229
-0.0136448 -0.0396899 29.4381
-0.016061 -0.0521073 32.9415
-0.00426925 -0.049927 20.7585
0.0182125 -0.0312808 -4.79029
0.0450019 -0.0284331 -33.8706
0.572615 -0.0322185 -602.671
0.0659807 0.0106604 -50.1032
0.0274562 0.00423372 -6.08979
0.060655 0.0731322 -34.1967
0.0345444 0.0678526 -2.92876
0.0372806 0.0494585 -4.11879
0.142345 -0.0194442 -109.238
0.143633 -0.0259293 -110.214
0.0025475 0.0155771 6.74152
-3.56935e-05 0.010106 7.52915
-0.00960267 0.00399697 8.80872
-0.00773578 0.00097395 9.06598
-0.00910228 0.00734293 8.40338
-0.0243173 0.00578995 10.372
-0.0196802 -0.0010311 10.1676
-0.018668 -0.000131932 10.1755
-0.00720011 -5.01276e-05 8.23566
0.0033363 0.0162061 3.88149
-0.00594851 -0.00153735 8.54188
-0.0385759 -0.0114433 17.921
0.0738487 -0.0709085 -3.09969
-0.00215931 -4.51971e-05 25.8128
-0.0110072 -0.00496393 29.0557
0.0308557 -0.0304296 -1.8372
-0.00873407 -0.0448452 14.7226
0.0108358 -0.583372 79.7829
-0.0277206 -0.0325595 18.3472
0 0 -1
-0.0164026 -0.0324236 13.1926
-0.00414916 -0.0471779 9.74882
-0.0215576 -0.0541028 18.8653
0.00643426 -0.0328163 2.3886
0.0135995 -0.046076 0.651754
0.00908696 -0.0273537 0.336733
0.0313548 -0.00547299 -15.4747
0.0474904 0.0040846 -26.2722
0.0792382 -0.00917156 -43.3433
0.0645052 -0.0385853 -29.4796
0.0508083 -0.0677793 -16.8543
0.0317912 -0.0540413 -6.55084
0.0426466 -0.105648 -7.24385
0.0623258 -0.0689525 -26.5871
0.105372 -0.077585 -56.1627
0.0738747 -0.0461635 -36.9969
0.0852807 -0.0225606 -49.3637
0.101125 -0.0322108 -59.6207
0.0850114 -0.0152907 -48.9664
0.0719443 -0.00384546 -39.4598
6.52013e-05 0.0233787 18.7198
-0.0191469 0.0515965 30.729
-0.0109945 0.0450707 24.4217
0.00447172 0.0199072 13.6383
0.0209702 -0.0110909 2.84076
-0.0606146 -0.0682058 78.1635
-0.0141163 -0.0439116 29.169
0.00188542 -0.0638007 16.0197
0.0302213 -0.0615602 -13.7376
0.0266648 -0.0391742 -12.9812
0.651059 -0.0204828 -689.431
0.0765178 0.0129079 -61.871
0.0724544 0.0811808 -48.5784
0.0609226 0.0765447 -35.1829
0.0405803 0.0849269 -12.2392
0.0401244 0.0861998 -12.3106
0.21832 -0.0496862 -198.653
0.193231 -0.0128359 -173.163
-0.00148231 0.0162422 6.75173
-0.0137249 0.0202347 6.3416
-0.00495406 0.00750209 7.91308
-0.00317782 0.00938506 7.49139
-0.00806559 0.00568542 8.5642
-0.016685 -0.00242392 10.8536
-0.0310431 0.00846823 10.7073
-0.0228557 0.00349436 10.2798
-0.00389352 -0.00666623 8.70978
-0.00275436 -0.0104339 9.30811
-0.0157291 -0.0317759 15.6528
-0.0319923 -0.0193632 17.3914
-0.0340586 -0.0244428 18.2576
-0.0487874 -0.0051249 19.4523
-0.00257758 -0.000531038 26.0121
0.029533 -0.038027 -0.213083
0.0134474 0.000122376 -1.01985
-0.00220392 -0.00531789 5.92864
-0.00334767 0.00217742 3.27938
-0.0296186 0.0148752 12.0323
-0.0349528 0.0124138 14.8439
-0.01662 -0.00896817 10.205
-0.0125022 -0.00920762 8.47413
0.000786128 0.0354332 -5.04304
-0.0098874 0.00971491 4.85119
0 0 -1
0.044289 0.0187563 -26.4221
0.0349666 0.048181 -25.9229
0.0506319 0.00264085 -27.8548
0.0424942 -0.00974543 -20.5259
0.0405231 -0.0326451 -15.4257
0.0519054 0.00494419 -29.1601
0.0473786 0.00580133 -26.3525
0.0568452 0.0166522 -35.6007
0.081009 0.00670002 -51.215
0.0944352 -0.00284431 -59.7716
0.106526 -0.0045536 -68.5876
0.100426 -0.0140359 -61.4261
0.0836266 -0.0189837 -47.193
0.0771416 0.000502609 -44.6479
0.0168096 0.0533746 -0.727955
0.0166741 0.0855471 -6.28645
0.0160155 0.0959186 -7.36949
0.0395576 0.112841 -32.1238
0.146154 0.401254 -179.494
0.139631 0.300466 -156.243
0.0597793 0.0984779 -43.7645
0.0180714 0.0660413 3.51768
0.00366748 0.111891 10.2109
0.00929079 -0.0310879 4.13918
-0.191001 -0.0566051 262.581
0.0753737 0.0311546 -44.4146
0.0755326 0.0592495 -48.5836
0.0445403 0.0766621 -15.9146
0.0418569 0.0649051 -11.2656
0.106429 0.105528 -94.9098
0.347441 -0.0416412 -358.251
0.289209 -0.0295835 -288.708
0.00600503 0.0113283 7.31179
-0.00916872 0.00872361 8.32164
-0.0106181 0.0103743 7.84361
-0.0109782 0.00782272 8.31977
-0.0106256 0.0107821 7.71133
-0.0145897 0.00483085 9.28765
-0.0266397 0.0103 9.81091
-0.0408481 0.00604506 12.8094
-0.0197577 -0.0226491 14.4293
-0.0197819 -0.0426949 18.3529
-0.0282583 -0.0688839 24.2209
-0.0256313 -0.0574704 22.2788
-0.019787 -0.029421 15.0952
-0.0213884 -0.00963786 12.0363
0.0300463 -0.0084405 -5.80739
0.0746131 0.0162881 -24.8776
0.0384919 0.0147132 -11.4266
-0.0187372 0.035528 5.84363
-0.0406632 0.0434199 12.9653
-0.0468054 0.04514 15.0107
-0.0521961 0.0457773 16.7965
-0.0288482 0.032725 8.92663
0.0269022 0.0926192 -27.8246
0.0159377 0.13744 -30.8138
0.0136708 0.101267 -23.4738
0.0586942 0.082542 -45.0478
0.0847954 0.164672 -75.5085
0.0302186 0.137186 -37.8305
0.0330788 0.0736985 -29.9371
0.0291194 0.0317429 -18.837
0.0456469 0.0183927 -27.4348
0.0707361 0.0313166 -46.4101
0.0724018 0.0510132 -51.0378
0.0616964 0.0677597 -46.4735
0.0709054 0.0718275 -54.18
0.0737584 0.0629839 -55.3598
0.072438 0.061411 -53.3551
0.0976541 0.0197959 -65.4625
0.0726536 0.0256654 -46.4766
0.0819083 0.0325029 -55.1055
0.0680638 0.00771538 -37.9769
0.0434974 0.0307757 -19.8625
0.0133847 0.0536289 3.28062
0.0053065 0.0329496 14.7947
0.0873423 0.0642482 -64.0978
0.0627197 0.0511964 -37.7886
0.0224873 0.0679437 -1.22475
0.0231242 0.0916554 -6.30141
0.0421401 0.136214 -34.5904
0.0998626 0.157773 -99.118
0.188573 0.0568841 -175.237
0.108987 0.0422552 -84.1908
0.0826482 0.0403396 -53.775
0.0784997 0.0611338 -52.6638
0.0525606 0.0807637 -26.6472
0.108416 0.0831898 -93.6976
0.437653 -6.13394e-05 -475.746
0.356019 -0.00842706 -374.428
0.0103645 0.02962 3.49429
-0.00775011 0.0216972 5.56166
-0.0175052 0.0248521 5.32767
-0.00858094 0.0326924 3.06099
-0.00647178 0.0507282 -0.839699
-0.0200661 0.0576498 -0.79214
-0.0229633 0.0457722 2.06782
-0.0613723 0.0357463 10.0745
-0.0458583 -0.0361598 21.5736
-0.0169377 -0.0160204 11.0174
0.00254324 -0.00826885 5.09244
0 0 -1
-0.00325136 0.247486 -45.1188
-0.000473599 0.0774731 -10.2098
-0.0135714 0.0672877 -4.37002
0.00160756 0.103866 -16.3482
0.0350309 0.0497973 -17.0037
-0.0372938 0.0430792 11.3087
-0.0344991 0.0507049 8.97991
-0.0463762 0.0796468 8.25682
-0.0587139 0.155646 6.07159
-0.0780098 0.145567 17.1322
-0.0383514 0.241739 -22.5568
-0.0209028 0.265438 -36.1999
-0.00782765 0.239812 -37.9462
0.0289209 0.305737 -71.3859
0.0548903 0.276453 -80.1878
0.0156765 0.260922 -54.5362
-0.0035709 0.225058 -35.6966
0.00641622 0.281365 -53.1705
0.029168 0.316398 -75.2403
0.0472823 0.30551 -85.1598
0.0939441 0.119492 -79.6601
0.0602045 0.0779907 -47.4715
0.0685498 0.08493 -54.9083
0.0788186 0.112348 -68.4094
0.0677289 0.119388 -61.0322
0.0923116 0.0676726 -70.5172
0.0846686 0.0692969 -64.5074
0.0615908 0.0484227 -40.6313
0.0707228 0.0161126 -41.8785
0.065657 0.0132622 -36.5113
0.0379767 0.0112476 -11.2011
0.0191672 0.026697 2.77675
0.100535 0.0580447 -76.2161
0.0691015 0.0639489 -46.558
0.0587268 0.105071 -44.864
0.0515841 0.132991 -43.3852
0.0647159 0.149146 -60.1357
0.0822095 0.128671 -74.4911
0.147702 0.0854586 -136.414
0.124849 0.0734342 -107.605
0.094796 0.0553973 -70.5004
0.0765328 0.068347 -51.2416
0.0381903 0.0972045 -12.8924
0.0331638 0.0761912 -2.77718
0.31857 -0.000113802 -331.072
0.35357 -0.00391914 -372.2
-7.43516e-05 0.112877 -14.9313
-0.0133675 0.108538 -13.6443
-0.00170442 0.079656 -7.55308
-0.0114564 0.100262 -11.5193
-0.0143521 0.0865447 -7.90006
-0.0229555 0.151956 -21.4039
-0.0326401 0.145227 -18.1563
-0.019636 0.126369 -15.8808
0.00246562 0.29661 -57.5424
0.0105865 0.309408 -62.0271
0.0292757 0.330652 -70.8331
0.01411 0.338597 -69.0948
0.0109249 0.33923 -68.6392
-0.140019 -0.40504 154.05
-0.123245 0.00130115 62.8766
-0.0173164 0.224699 -34.9382
-0.0962915 -0.0154193 58.7155
-0.0743963 0.0139269 43.8994
-0.0652689 0.146093 10.6078
-0.0551261 0.184846 -2.35312
-0.0331503 0.236293 -23.572
-0.045947 0.228852 -15.9923
-0.0230895 0.296911 -41.862
-0.0118824 0.323265 -53.2639
0.00393268 0.315609 -59.78
0.00695205 0.336846 -65.9308
0.0129803 0.328249 -67.4845
0.0115722 0.337494 -69.1976
0.00701018 0.285271 -54.5589
0.0222411 0.30753 -68.9296
0.0398072 0.310509 -80.6794
0.0380261 0.348465 -88.3099
0.0423559 0.338767 -89.3149
0.0223997 0.305642 -67.8386
0.0272927 0.324008 -75.3297
0.0315256 0.193926 -49.1211
0.0260864 0.237908 -54.7107
0.076218 0.163271 -78.0281
0.0626769 0.101292 -53.494
0.0472122 0.177496 -57.9412
0.0658031 0.0809259 -52.0271
0.0682551 0.0170708 -40.1078
0.0427861 0.0179802 -17.275
0.0622862 0.0441546 -41.4923
0.089258 0.0509961 -63.2843
0.0854737 0.0512918 -59.975
0.0918118 0.0556668 -67.1382
0.0604947 0.0871418 -41.9338
0.0715325 0.0722365 -50.078
0.0673961 0.085136 -49.115
0.112574 0.116253 -105.272
0.135475 0.0778048 -121.057
0.0914449 0.0451341 -64.5847
0.100701 0.0418351 -74.6601
0.0757088 0.0411669 -45.1409
0.0894378 0.0723892 -68.7071
0.304077 0.000216464 -312.968
0.319772 0.00587228 -333.422
0.0157961 0.240969 -45.4617
0.0183249 0.236383 -44.3605
-0.00160829 0.24479 -45.7582
-0.126099 -0.341801 139.57
-0.0102991 0.254981 -46.4018
-0.0100603 0.248963 -44.7663
-0.0582388 0.0189535 42.6264
-0.122385 0.013284 54.7472
0.0151638 0.315687 -64.2178
0.00596304 0.302631 -59.4944
0.0593659 -0.103935 26.241
-0.0303834 0.107379 10.528
-0.0721818 0.198338 -3.11826
-0.0150526 0.127125 -1.34432
-0.0576318 0.0983336 19.0039
-0.0324488 0.230986 -23.0298
-0.0309067 0.229341 -23.0769
-0.0239357 0.233507 -26.7912
-0.0105387 0.256518 -37.953
-0.00304353 0.324458 -58.1979
-0.0126274 0.286209 -44.3456
-0.00587856 0.305789 -52.1177
0.00256092 0.329325 -61.6796
0.00451349 0.345992 -66.7553
0.00692249 0.338646 -66.2272
0.0172614 0.329501 -69.4468
-0.000148864 0.33875 -62.0307
0.00269196 0.33865 -63.8853
0.00944879 0.325805 -64.6716
0.019169 0.314566 -68.185
0.0318272 0.310379 -75.4836
0.0424159 0.31236 -82.906
0.0324913 0.329341 -80.0346
0.0282259 0.333234 -78.3365
0.0211227 0.330992 -72.5429
0.0253401 0.311801 -71.1663
0.0128542 0.33692 -67.5718
0.0152648 0.317274 -64.5304
0.030253 0.316476 -76.8297
0.028349 0.295245 -69.9209
0.0172777 0.309342 -63.853
0.0173802 0.265531 -52.8031
0.0396194 0.284347 -77.5632
0.0535655 0.284393 -90.3241
0.151365 0.021772 -116.426
0.0950142 0.0235084 -62.4709
0.0931936 0.0329202 -63.111
0.0817307 0.0498255 -55.6577
0.0772251 0.0449871 -49.3311
0.0782458 0.0749635 -58.1299
0.0943232 0.0651249 -72.484
0.092891 0.0570937 -68.8091
0.0788969 0.0198695 -44.4115
0.11561 0.0180701 -85.7502
0.0691844 0.0418797 -37.0833
0.0521436 0.0114305 -10.003
0.0599598 0.00658445 -18.3971
0.180959 0.0422765 -171.073
0.0336669 0.316418 -64.8605
0.0191577 0.315599 -64.1525
0.000132939 0.302203 -59.9235
0.00243938 0.267685 -50.3185
-0.0201384 0.215834 -34.6195
-0.110551 0.129508 19.1262
-0.0763514 0.054205 35.4542
-0.0886646 0.00775951 50.4791
-0.099281 -0.0023419 54.2194
-0.0439239 0.0928271 17.1003
-0.0159897 0.134466 -0.780474
-0.0542156 0.139673 7.40009
-0.0365458 0.172515 -5.86021
-0.0233126 0.216623 -22.1243
-0.0347109 0.20612 -15.8415
-0.0227762 0.244517 -30.1293
-0.00698855 0.296057 -49.4795
-0.0124425 0.281002 -43.4026
0.00453656 0.314556 -58.7037
-0.00242501 0.32192 -57.7085
0.00323887 0.327871 -61.7272
0.0134271 0.334211 -68.0217
0.00473407 0.335104 -63.8787
-0.0036069 0.333373 -59.352
0.00109407 0.330737 -61.2069
0.00608107 0.331401 -64.1646
0.0148431 0.335649 -69.9958
0.00266795 0.341117 -64.4823
0.000875408 0.337855 -62.576
0.00525614 0.338754 -65.6986
0.0259299 0.312247 -71.9242
0.0303553 0.320067 -76.8657
0.0313895 0.311846 -74.7628
0.0386823 0.307222 -78.9438
0.0281439 0.329851 -77.281
0.0216421 0.335489 -74.0001
0.0211785 0.343355 -75.7886
0.0198611 0.332941 -71.9339
0.0218544 0.333642 -73.8703
0.0253166 0.341345 -78.9075
0.0186355 0.341121 -73.0842
0.0202225 0.326198 -70.6624
0.0166444 0.322587 -66.4184
0.0253017 0.312853 -71.7586
0.0272113 0.308072 -71.9413
0.026844 0.205562 -43.5102
0.0832922 0.0543886 -58.9721
0.0925029 0.0809179 -75.3538
0.0666535 0.0408316 -37.8752
0.0847864 0.0138621 -49.6553
0.0740421 0.0138561 -38.0198
0.0735621 0.0120095 -36.3795
0.100021 0.0290607 -71.3611
0.118051 0.021292 -89.4178
0.0826371 0.0130988 -45.937
0.0446325 0.0205805 -3.58336
0.0367033 0.00660558 9.49013
0.0848318 0.0137491 -45.0415
0.0365438 0.35875 -76.6775
0.0415315 0.370513 -80.3296
-0.0769885 -0.191881 109.57
-0.112338 0.0302928 47.8188
0.0257695 0.357161 -75.0017
0.0598464 0.306223 -63.4833
0.130713 -0.0898283 43.934
-0.0818739 -0.00172549 51.7262
-0.0642282 0.0555531 31.364
-0.0203546 0.203131 -19.4485
-0.00808424 0.21791 -26.3202
-0.0138486 0.235799 -29.8855
-0.0167424 0.248908 -32.9727
-0.0155958 0.280365 -42.3631
-0.00519173 0.282824 -46.3172
0.00775289 0.320457 -61.2668
0.00428146 0.319791 -59.811
0.00541461 0.322133 -61.0831
0.00616429 0.319996 -60.6314
0.0113445 0.327474 -64.9336
0.00517155 0.331599 -63.3771
0.00827303 0.333225 -65.3578
-0.00413193 0.324022 -56.5459
0.00148795 0.329609 -60.9527
0.00515384 0.337225 -65.2513
0.0176181 0.333513 -70.9675
0.0111992 0.345845 -70.8859
0.00329977 0.338971 -64.2633
-0.00754186 0.341734 -58.6339
0.00397891 0.33705 -64.3674
0.0158847 0.331846 -70.5275
0.0190287 0.322775 -70.0579
0.0237132 0.312246 -70.1621
0.036659 0.301386 -76.2982
0.0524728 0.29484 -85.5197
0.0413791 0.300407 -78.6872
0.0238919 0.328191 -73.6497
0.0170832 0.329893 -68.6378
0.025676 0.338388 -78.3384
0.0231003 0.343541 -77.7096
0.0216424 0.343558 -76.4784
0.0183452 0.333397 -70.4231
0.0135646 0.339138 -67.7406
0.0189964 0.339438 -73.0134
0.0217745 0.332682 -73.617
0.0138784 0.313901 -60.6166
0.00641008 0.343972 -61.9569
0.0392517 0.355358 -98.4284
0.0106121 0.275185 -44.8392
0.0125473 0.301544 -54.6987
0.0149434 0.202085 -27.7268
0.0454138 0.0659833 -21.1283
0.115469 0.079841 -103.965
0.0947828 0.0709634 -76.913
0.0452193 0.0575503 -15.0702
0.0344934 0.0377704 3.49673
0.0170681 0.0359549 24.8994
-0.0331589 0.0120354 100.563
0.046777 0.382518 -83.785
0.0500445 0.38666 -85.1382
0.0487592 0.385868 -84.634
0.0210423 0.384382 -82.4314
0.0101266 0.355762 -72.4326
0.0186098 0.371219 -78.2718
0.0135112 0.327157 -63.6697
0.00370029 0.315197 -58.197
0.00909406 0.311794 -58.1922
-0.00181158 0.284078 -47.225
-0.00130943 0.290386 -49.2777
-0.00709317 0.285997 -46.5843
-0.00451548 0.304427 -52.7697
-0.00252353 0.318466 -57.3514
0.00106014 0.315675 -57.6326
0.0113534 0.321461 -62.5824
0.00272076 0.32067 -59.4559
0.00152031 0.32732 -61.1119
0.0112292 0.320602 -62.8287
0.0127595 0.326804 -65.2466
0.00109998 0.330823 -61.4402
0.00998801 0.330057 -65.2293
0.00628357 0.318095 -59.7382
0.0163941 0.316195 -63.9946
0.00106639 0.336546 -62.9078
0.0289479 0.340413 -79.4796
0.0265704 0.347245 -80.1814
0.00840582 0.345007 -68.9792
-0.0107778 0.351184 -59.2891
-0.00136908 0.345668 -63.4579
0.00478736 0.342577 -66.3373
0.00716913 0.32355 -62.1472
0.0242298 0.317132 -71.9204
0.0220187 0.321227 -71.677
0.0376976 0.299908 -76.5441
0.0655334 0.27762 -90.1626
0.0414361 0.319105 -84.6366
0.0294908 0.344303 -82.8122
0.0199756 0.339181 -73.7233
0.0294595 0.343346 -83.0768
0.0207807 0.352793 -78.4573
0.0159787 0.340211 -70.4439
0.0173651 0.335362 -70.2045
0.0253513 0.34244 -79.8948
0.024286 0.337196 -77.1869
0.0148224 0.347121 -71.1944
0.013731 0.360241 -74.1442
0.02459 0.352044 -82.6958
0.0218845 0.336892 -75.2165
0.0265829 0.33519 -79.8821
0.00910669 0.336897 -61.5876
0.0131096 0.359085 -72.4981
0.0616566 0.337361 -121.244
0.0710413 0.19491 -87.1424
0.0562973 0.210146 -75.1431
0.0451485 0.105502 -29.7774
0.0328722 0.0945102 -12.0324
0.0550913 0.0824013 -30.8574
0.0402337 0.380847 -83.0099
0.0336098 0.364437 -77.2337
0.0303618 0.356444 -74.4237
0.0232939 0.349981 -71.7587
0.0135905 0.351892 -71.5276
0.0125787 0.343232 -68.5929
0.00662471 0.314653 -58.2484
-0.00181143 0.305248 -53.9482
0.00171006 0.310279 -56.4582
0.0028942 0.302463 -54.1445
0.00496017 0.319246 -60.1195
0.00580999 0.310535 -57.3584
0.00992724 0.320028 -61.2385
-0.00231162 0.32401 -59.1002
-0.00599753 0.315594 -55.1626
0.00474466 0.312804 -57.6425
0.0105345 0.322213 -62.5597
0.0115089 0.318694 -62.0837
0.00591851 0.331117 -63.9444
0.00435296 0.334469 -64.1517
0.0003159 0.33001 -60.929
-0.00106394 0.319332 -56.8352
-0.010138 0.323601 -54.0322
0.0182131 0.316019 -65.3978
0.0177367 0.314184 -64.2403
0.0229375 0.353214 -80.3728
0.00810523 0.32676 -62.8188
0.00845155 0.315646 -59.6598
0.00323896 0.314071 -55.5169
-0.00438131 0.319302 -52.0489
0.00274794 0.326765 -59.7201
0.00554904 0.304172 -54.2654
0.0210119 0.312671 -67.9899
0.0205188 0.310888 -67.058
0.0251596 0.298365 -66.6183
0.0574639 0.275906 -83.759
0.0757916 0.245012 -87.5607
0.0531954 0.245218 -69.1816
0.0215048 0.317658 -67.7654
0.0260748 0.324269 -73.7862
0.019171 0.336839 -72.0335
0.0111158 0.341174 -66.2918
0.0154683 0.33454 -68.0932
0.0276983 0.339499 -81.0564
0.012681 0.333818 -64.8887
0.0183875 0.339767 -72.4075
0.020062 0.346849 -76.2915
0.0240666 0.339444 -77.8399
0.0250294 0.346509 -81.2842
0.0182273 0.356244 -77.3236
0.0150901 0.351676 -72.6052
0.00808006 0.343094 -62.2711
0.0200758 0.356905 -80.2812
0.0396987 0.301572 -83.9191
0.0316728 0.289427 -70.9227
0.0437923 0.272415 -79.755
0.0505155 0.298524 -96.9009
0.0257972 0.20639 -35.7179
0.0232541 0.369676 -78.942
0.0259103 0.357476 -74.6194
0.0222899 0.347831 -71.0106
0.0165008 0.328402 -63.5382
0.00520911 0.31769 -58.9619
0.00485209 0.309897 -56.3255
0.00311325 0.309823 -56.2239
0.000833256 0.315613 -57.9315
0.00147319 0.327949 -62.3719
0.0138288 0.325057 -63.992
0.0104186 0.314509 -59.2917
0.00719969 0.312971 -58.2967
0.00657169 0.301613 -53.4678
-0.0141526 0.339063 -60.7576
-0.0195748 0.294384 -43.7264
0.0185778 0.309975 -61.0497
0.0199927 0.312383 -62.4787
0.010222 0.336961 -67.4162
0.0149115 0.310822 -60.2778
0.00582353 0.326102 -61.7375
-0.0158501 0.317047 -49.1044
-0.0122348 0.299557 -44.6293
-0.00141044 0.325325 -58.6549
0.00617566 0.329717 -63.8811
0.0248157 0.297196 -62.2325
0.0342028 0.288275 -63.8757
0.0178366 0.299848 -58.9285
-0.0136865 0.310318 -44.6561
-0.00324127 0.302104 -47.7778
-0.00836542 0.305352 -45.4318
-0.00882569 0.293172 -41.0496
0.00684421 0.277462 -46.2358
0.023346 0.308932 -68.1781
0.0119585 0.330835 -67.7543
0.007349 0.314091 -58.5966
0.0178486 0.293119 -59.0613
0.0403499 0.257607 -64.1747
0.0702891 0.225329 -76.5999
0.0839445 0.211635 -82.6892
0.0474802 0.277226 -75.0556
0.0332544 0.314499 -76.1589
0.0189625 0.345393 -75.0217
0.0189699 0.361083 -80.4969
0.0220078 0.345323 -78.1379
0.013265 0.335292 -66.0955
0.0249679 0.343406 -80.1839
0.0121248 0.325261 -61.0478
0.0240255 0.329267 -74.6082
0.0290359 0.313094 -74.1252
0.033733 0.319376 -81.2265
0.0269192 0.324209 -75.7192
0.0148568 0.358267 -74.5617
0.0268979 0.348746 -84.7979
0.0199049 0.34769 -76.7457
0.0187028 0.316504 -64.6153
0.0264548 0.307551 -70.7805
0.0355373 0.304556 -80.7893
0.00862531 0.277316 -38.5312
0.0196301 0.364852 -77.1935
0.020542 0.353427 -73.0098
0.00859548 0.339587 -67.4507
0.00792281 0.313172 -57.6717
0.00236946 0.277359 -44.326
0.000424189 0.286193 -47.3639
0.00756572 0.299144 -52.9706
0.0110626 0.322203 -61.8959
-0.0124166 0.312443 -54.3483
0.00629131 0.285546 -48.4607
0.0218548 0.299649 -56.6535
0.00231085 0.311432 -56.3494
0.0156263 0.269464 -44.8681
0.0104662 0.296149 -52.6805
-0.0132099 0.322062 -55.1446
0.00929131 0.292937 -52.105
0.0160372 0.331331 -67.8713
0.00876981 0.320271 -61.1216
-0.000139943 0.296356 -48.9383
-0.00822418 0.265456 -34.2269
-0.00521654 0.293611 -45.8991
0.00374397 0.287791 -48.0798
0.00445546 0.315252 -58.0428
0.00942558 0.304518 -56.6283
0.0116191 0.262998 -42.9689
0.0309902 0.274398 -57.2408
0.0247172 0.300382 -62.9145
-0.00478446 0.312243 -50.4468
-0.00313756 0.303949 -48.4464
-0.0067195 0.303229 -45.8221
-0.0108811 0.284636 -36.5325
0.0158448 0.301009 -60.3254
0.0161357 0.28431 -54.5485
0.0140559 0.294989 -56.6948
0.0122423 0.290257 -53.751
0.0173608 0.282959 -54.9638
0.025786 0.284533 -62.0314
0.0370721 0.234808 -52.8312
0.0772737 0.20076 -73.3787
0.0606515 0.261647 -81.1062
0.0467841 0.295304 -81.2626
0.0327161 0.318603 -77.5237
0.0194179 0.369673 -83.8426
0.00802027 0.373036 -74.5672
0.00159301 0.337517 -55.5631
0.0157125 0.305621 -57.7271
0.0231141 0.305122 -64.8944
0.0225545 0.307666 -65.4761
0.0283682 0.310944 -72.6889
0.0306622 0.306119 -72.9759
0.0109983 0.303657 -51.1046
0.0209226 0.295903 -59.1656
0.0303819 0.291863 -68.4577
0.0160382 0.32968 -65.8623
0.0152741 0.300923 -54.9721
0.0101823 0.317767 -54.6087
0.00017063 0.300271 -36.1719
-0.0230497 0.280029 -0.389022
