0.0182059 -0.241659 11.0575
-0.00447746 -0.00810718 8.75305
-0.0246154 -0.0394119 10.1712
-0.0399932 -0.038073 11.2809
-0.0614003 -0.0580052 13.4068
-0.0176901 -0.075257 8.32709
0.0426871 -0.118205 1.36502
0.0669076 -0.00688566 -1.71475
0.0252562 -0.0709951 5.36718
0.00662538 -0.0645224 8.96241
-0.0376633 -0.131241 19.1478
-0.0381329 -0.0890333 18.2806
0.00290083 -0.09893 7.82499
-0.00861177 -0.0219903 18.678
-0.0101978 0.0226981 11.1843
0.0232466 0.0295965 0.474725
-0.00441698 -0.173738 19.929
-0.00766324 -0.222114 22.0535
-0.0551808 -0.186029 39.6806
-0.0818684 -0.072503 47.9224
-0.0611307 -0.0523208 38.1794
-0.0436279 -0.0580642 30.2764
-0.0236021 -0.0488789 20.4201
-0.0131396 -0.081513 16.5109
-0.0372544 -0.202312 32.3713
-0.00424384 0.164143 15.821
-0.0854051 0.00144372 58.0374
-0.00445408 0.151121 16.0465
-0.00284281 0.14981 15.1335
-0.000178804 -0.223037 12.3498
0.0225267 -0.234372 -3.1852
0.020754 -0.269666 -0.530393
0.0475976 -0.127177 -20.6713
0.0599651 -0.0528096 -30.7497
0.0486658 -0.0219175 -22.856
0.00778672 -0.0309687 8.00385
0.000245416 -0.078609 15.0638
-0.0114303 -0.0712537 23.9733
0.00223599 0.0027529 11.5696
-0.0113835 -0.0301923 23.6679
0.0430816 -0.0727041 -22.295
0.0392249 -0.0866348 -17.5163
0.00997323 0.0264795 6.56668
0.0210216 -0.0897001 -1.46557
0.0288393 -0.106952 -8.57755
0.0637403 -0.0703482 -43.0068
0.0540841 -0.056898 -33.3144
0.0513828 -0.0519833 -30.9086
0.0295673 -0.0896666 -7.98578
0.0319491 -0.043182 -11.1775
0.00796836 -0.0145345 14.1176
-0.0339397 -0.0136123 60.1144
0.0197577 -0.00646768 0.682451
0.0237446 -0.0358312 -3.38382
0.00602629 -0.073438 17.6179
0.017249 -0.112817 4.59236
0.0208954 -0.120257 0.227398
-0.000604604 -0.119091 26.3423
0.0224249 -0.0102797 8.01965
0.00937374 0.00767192 8.19174
-0.0247639 -0.00389002 9.17033
-0.0521928 -0.0304942 11.9341
-0.044838 -0.0192199 9.93867
-0.0351089 0.00172481 8.33515
-0.0345569 -0.0262734 8.63792
-0.0328028 -0.00665725 8.50277
0.00157785 0.00860922 2.83912
0.0082959 0.00622588 1.53549
0.0261732 -0.00684464 -1.73344
-0.0180741 -0.10737 13.0609
0.0733696 -0.141757 -8.22721
-0.00468686 -0.0340861 17.7785
0.00722417 -0.0332057 13.7306
0.0276965 -0.447112 15.1951
0.0037323 -0.368316 20.9688
-0.023407 -0.406646 32.0226
0.0555337 -0.364227 1.06377
0.0231817 -0.0405292 -1.08641
-0.0200316 -0.0819984 20.4404
-0.0416282 -0.0692828 29.7063
-0.0494752 -0.0676388 33.4476
-0.0272741 -0.124433 24.5266
-0.0226711 -0.0510681 19.1898
-0.051794 -0.092142 37.0816
-0.088739 -0.00176197 59.876
-0.0516115 0.00357171 37.3686
0.00737091 -0.0519475 4.04644
-0.0209185 -0.0206354 20.7566
0.00513735 0.00140926 2.83376
0.0724925 -0.0283874 -41.3615
0.0755531 -0.0418852 -42.709
0.0895093 -0.0291108 -52.8291
0.0403158 -0.025825 -16.2051
0.000445722 -0.0403852 13.917
-0.00264685 -0.0369652 15.572
0.00227882 -0.0450836 12.5121
0.0224484 -0.00555281 -4.88507
0.00325034 -0.0168239 11.4208
0.0389854 -0.0589829 -18.5077
0.0279774 -0.0722425 -8.41392
0.0132047 -0.0623506 4.47772
0.0183389 -0.0450709 -0.370908
0.00924426 -0.0464636 7.93976
0.0688509 -0.0868649 -48.7327
0.0821451 -0.0719796 -60.9841
0.0587675 -0.0527092 -38.5771
0.0285933 -0.0443099 -7.19033
0.0251954 -0.0239226 -4.32653
0.0127341 -0.0168708 8.95956
-0.0070782 -0.0146757 30.9946
-0.00679033 -0.0451667 31.7455
-0.00463973 -0.0608814 29.2482
-0.00390326 -0.0564463 28.116
-0.00741379 -0.0889441 33.0208
0.00603026 -0.10238 17.6304
0.0190516 -0.108999 1.94783
0.0969773 -0.214391 17.0072
-0.0470212 -0.0314085 11.58
-0.0445241 -0.0228925 11.7126
-0.0814184 0.00554245 12.2789
-0.0690424 -0.0484361 14.2621
-0.0259409 -0.0536835 9.56589
-0.018389 0.000480749 5.8735
0.000546847 0.00804065 2.97492
0.00286098 0.00529635 2.77463
0.00789848 0.00404457 1.82149
0.00753971 -0.0207156 3.09729
-0.00473711 -0.0291018 6.36144
0.000928183 -0.0193561 4.33834
0.0243571 -0.015263 -2.06379
0.0198886 -0.0234477 -0.651428
0.0147318 -0.0388938 1.34088
0.0191474 -0.0422026 -0.17281
0.0230758 -0.045518 -1.41727
0.0275218 -0.0191685 -3.58097
0.0716688 -0.0164985 -23.485
0.018431 -0.0500411 1.95348
-0.0178747 -0.0631412 18.5377
-0.0313371 -0.0572385 22.7959
-0.039404 0.215738 18.3738
-0.0245562 -0.0576606 21.0089
0.0324537 -0.0191782 -12.9841
-0.0752975 0.0117819 51.8064
-0.0140532 -0.0621206 19.1498
-0.00669442 -0.0289847 12.5074
-0.00207251 -0.0160864 9.06597
0.0337358 0.00858307 -16.2355
0.0414429 0.0232733 -22.3012
0.0573633 0.00133776 -31.8102
0.0802675 -0.0391754 -45.4843
0.0156334 -0.0443756 2.74396
0.00339973 -0.0253195 11.2248
0.00253955 -0.0139696 10.9395
0.0252658 -0.00929319 -7.31133
0.0101284 -0.0124174 5.37041
0.00920053 -0.0251725 6.73895
0.00659935 -0.0318848 9.07534
0.0378098 -0.0216381 -19.4213
0.0367866 -0.0100242 -19.0481
0.0232747 -0.00773404 -6.3172
0.00929283 -0.00157586 6.61429
0.0670124 -0.0400332 -47.7896
0.0512348 -0.054269 -31.2004
0.0754012 -0.0473113 -55.6102
0.0484758 -0.0133762 -29.1354
0.0261574 -0.0115456 -6.05278
0.0234952 -0.00265512 -3.37987
-0.00294659 -0.00694467 25.7054
-0.0223593 -0.00625574 47.2696
-0.0303621 0.0010767 56.0012
-0.0237442 -0.0390499 50.9361
-0.0159913 -0.0760614 43.2164
0.0138156 -0.0876299 6.90535
0.037654 -0.00924079 -26.4665
0.236581 0.0210455 4.71577
-0.0800117 0.0190688 11.092
-0.0299337 -0.0599948 14.4474
-0.0379659 -0.025845 12.0655
0.00632648 0.0268008 5.6113
-0.0393438 -0.0193877 9.51099
-0.00942279 -0.00943662 5.6265
0.00065606 0.00520424 3.22203
-0.000217134 0.000344975 3.68978
-5.30399e-05 0.00319917 3.43076
-0.00915867 -0.00220787 5.84742
0.00253327 -0.0055412 3.1795
0.0111399 -0.00344794 0.853496
0.00298699 -0.0104683 3.55936
0.00264411 -0.00627063 3.35498
0.00548805 -0.011397 2.73994
0.00351553 -0.0108224 3.2063
0.022904 -0.0404433 -1.73125
0.0202815 -0.0328532 -1.61358
0.0490693 -0.0451574 -12.583
0.00721086 -0.0437093 5.15091
-0.0291351 -0.0568473 23.3387
-0.00434486 -0.0961696 14.4439
-0.0154885 -0.0489047 16.836
-0.0263832 -0.0147959 18.6874
0.0411025 -0.0227105 -17.034
0.0438125 -0.030142 -17.8328
0.0350744 -0.0310186 -12.9877
0.0167881 -0.0150286 -3.21099
0.0150451 0.00539167 -3.57448
0.0524118 0.023351 -29.5595
0.0373579 0.0254718 -18.6811
0.0179576 0.0117022 -4.81987
0.0548307 -0.0363728 -27.2104
0.0149639 -0.0405232 3.48258
0.0127824 -0.056181 5.93449
0.0265926 -0.0374627 -6.02225
0.0283159 -0.031174 -7.83801
0.0127305 -0.018697 3.90433
0.0135613 -0.0132938 2.06773
0.0224546 -0.0270809 -4.50298
0.0343497 0.00552719 -17.8887
0.0382068 0.0026843 -20.8427
0.0224953 -0.016458 -4.70097
0.0141731 -0.00408494 2.37703
0.0278912 -0.0246284 -9.82279
0.0361415 -0.0331126 -17.4997
0.0739135 -0.0640415 -53.165
0.097581 -0.0492978 -78.3039
0.0441555 -0.0066299 -25.1228
0.0175865 0.0123224 1.99125
0.00213446 0.0240341 18.0513
-0.0200344 0.028954 43.1781
-0.0311866 0.0147045 56.5954
-0.029021 -0.0379131 56.3945
-0.0162855 -0.0316954 40.5327
-0.00589781 -0.0348875 28.3726
0.0419941 0.0134506 -33.5618
0.0518973 -0.0842634 20.5089
-0.0962204 -0.00660006 14.4437
-0.0214838 -0.0592277 14.4361
-0.24736 -0.0121602 25.2065
-0.0529001 -0.0381374 12.592
-0.00688635 -0.0158715 5.66191
0.0218426 -0.00589272 1.05958
0.0234376 0.00330116 10.3234
0.0353389 -0.01065 -1.9372
0.00189891 0.0120467 2.20754
-0.00283666 0.0128771 3.0922
0.00200519 0.00373831 2.76023
-0.00313961 0.00200448 4.2729
0.0026561 0.00845398 1.96011
-0.00312729 0.012591 3.51435
0.000312663 0.00551888 3.08076
-0.00528016 0.0113981 4.45174
-0.00377088 -0.00154283 5.15025
0.0105519 -0.0146955 0.707588
0.0317766 -0.0160594 -7.96277
0.0050096 -0.0274789 5.47985
-0.0131012 -0.0355034 13.9423
-0.000344045 -0.0368658 7.53407
-0.0482113 -0.0236293 31.451
-0.0119112 -0.0182599 11.2594
-0.0076653 -0.0234514 9.72506
0.0403285 -0.0198852 -16.6249
0.0265129 0.00184332 -10.319
0.0365252 -0.0368845 -11.9724
0.0284728 -0.0430901 -7.59109
0.0471735 0.0284064 -25.1548
0.0325518 0.00498857 -13.446
0.0076353 0.00830814 3.09978
-0.0143392 -0.0250351 22.0174
0.0338565 -0.044766 -11.4405
0.036642 -0.0481395 -13.5401
0.0225487 -0.0452054 -2.57283
0.0270039 -0.0537086 -5.38558
0.0176381 -0.0526844 2.62305
0.0326181 -0.022375 -13.0986
0.0237727 -0.0103253 -6.97585
0.0535884 0.00624092 -35.2056
0.0211368 0.0224041 -6.69679
0.00794202 0.00457389 7.25993
0.00583751 -0.0152556 10.9563
0.00904269 -0.0174461 8.16834
0.0281075 -0.0206307 -10.6794
0.0844587 -0.0392726 -66.5383
0.122685 -0.0200005 -106.998
0.0651689 0.002387 -48.501
0.029395 0.026063 -12.3372
0.0188675 0.0311917 -1.15183
0.0189556 0.0442767 -2.64729
-0.0304432 0.0723162 50.8159
-0.0555885 0.0397813 81.2266
-0.0358582 -0.000803257 61.5597
-0.0339374 -0.411455 118.813
0.0716906 0.0404756 -57.8857
0 0.112957 -4.7332
-0.0981398 -0.206598 33.2998
0.302742 -0.0368394 -7.45358
-0.0252829 -0.0532924 12.2671
-0.0135961 -0.0215241 7.09806
0.00389544 -0.00551178 3.3508
0.00770554 0.001933 2.25966
0.0015336 0.014975 12.367
0.0175814 0.00903773 10.7315
0.0123116 0.0165704 -0.217792
-0.0123199 0.0105174 5.72141
-0.00593151 0.00986367 4.12288
-0.000648603 0.0154289 2.08155
0.0113874 0.00936496 -0.624053
0.0178405 0.02687 -4.89746
0.0270262 0.0109363 -4.63265
-0.00985909 0.029068 4.16468
-0.00909943 0.00853334 6.20076
0.00411578 0.00736191 1.12654
0.0182399 -0.0069361 -3.1226
0.00574983 -0.0339607 5.55088
0.0129324 -0.0180438 -0.351375
0.0199634 -0.0226139 -3.85276
0.0168448 -0.0369398 0.138249
0.0191166 -0.0142931 -5.42901
0.0324413 -0.0261633 -11.1315
0.0156153 -0.0877552 5.51367
0.0319462 -0.0484733 -8.43185
0.050796 -0.089248 -14.5171
0.0583829 -0.0824334 -21.3336
0.0499337 -0.0594025 -18.1221
0.0115154 -0.0168002 3.22556
-0.00231553 -0.0100824 11.8104
-0.029057 -0.0303493 32.7461
0.0218029 -0.0596798 -0.879813
0.0385046 -0.0524724 -14.1429
0.0199034 -0.0373403 -1.87245
0.0418934 -0.0339527 -19.9721
0.0426026 -0.0419738 -19.122
0.0157802 -0.0219198 1.36787
0.0438695 -0.00825093 -25.6468
0.0781301 0.0156702 -58.4157
0.0554319 0.0139075 -37.3111
0.00671308 0.00500841 8.34896
0.00396861 0.00110908 11.2969
0.00323586 -0.0115779 13.5144
0.03137 0.00175418 -16.4926
0.0830093 0.0101061 -70.4884
0.138613 0.0364095 -130.119
0.0632886 0.0452073 -51.0545
0.0397002 0.0614625 -26.5959
0.0147265 0.0404929 2.01028
0.041173 0.0493728 -28.699
0.0613616 0.0848331 -55.9357
-0.130433 0.471844 125.438
0.102316 0.026123 -92.9914
0.0707833 0.0450516 -57.5512
0.0991104 0.0452843 -91.9799
0.01047 -0.00691172 2.31064
-0.0780101 0.0966222 -8.84846
0.0830776 0.0111607 2.15144
-0.342607 -0.0639582 41.215
0.00560183 -0.0329516 6.90901
0.0196488 -0.00855598 2.07788
0.0230814 -0.00119293 0.793639
-0.000968161 0.0106767 13.4643
0.034818 -0.016165 -0.250167
0.015641 -0.00764477 2.77619
-0.0217321 0.00145683 8.93036
-0.000687786 0.00876965 2.91854
0.0124292 0.0156891 -1.24437
0.00258783 0.00499858 2.6066
0.0208187 0.00536958 -2.93541
0.0206408 -0.0154394 0.183663
-0.0277768 -0.00714217 15.1383
-0.014957 0.00170571 9.32421
0.00258136 0.00421435 2.19635
0.00843043 0.00255086 0.366647
-0.0159723 -0.0268261 14.026
0.0165422 -0.0175892 -2.58007
0.00368744 -0.0140188 2.66915
-0.177559 -0.0671424 102.677
0.0079374 -0.0317841 2.1174
0.0217356 -0.0591664 -1.7822
-0.000341121 -0.0613261 10.8491
0.0221994 -0.0829756 0.981098
0.0257552 -0.0796451 -2.0522
0 0 -1
0.0110184 -0.0321996 5.69509
0.0105257 -0.0454627 7.67986
-0.0227576 -0.043939 30.8461
-0.0232937 -0.0865654 36.3283
-0.00877173 -0.0280668 17.364
0.0385811 -0.0329738 -17.0431
0.049498 -0.00904791 -29.0052
0.0564118 0.00135667 -36.0752
0.0416015 -0.0100573 -22.1187
0.0191525 -0.0346427 -0.2833
0.0465961 -0.00147675 -28.1942
0.0613331 0.0149412 -43.0963
0.0242491 0.0175025 -9.39922
0.00532232 0.0133729 8.25695
0.0425337 0.0411932 -31.373
0.0854106 0.0642698 -76.4005
-0.0514784 0.148125 40.3968
0.107259 0.271202 -128.778
0.0897205 0.126557 -90.201
0.0686483 0.0743815 -60.2041
0.0162285 0.0503496 0.569278
0.0119064 0.0642259 2.48553
0.0367346 0.0480674 -23.4336
0.107705 0.033416 -102.523
0.15918 0.0374112 -162.493
0.0967633 0.0441499 -88.4671
0.0684334 0.0340235 -53.368
0.105685 0.0156758 -96.18
-0.00218636 -0.0510677 10.7873
-0.0119891 -0.0721666 14.3472
0.0352523 -0.0271659 10.7987
-0.0217845 -0.10742 28.3609
-0.0027654 -0.0312941 7.20682
0.023106 0.0225076 -3.15213
-0.000813071 0.0201958 0.747186
-0.0269346 0.0036392 18.6509
0.0481174 -0.0114637 -3.73537
0.0405023 -0.00622901 -2.99468
-0.0158376 0.00734843 6.81194
-0.00675663 0.00792746 4.35603
0.0109988 0.0175206 -1.41056
-0.0094023 0.00256267 6.3488
-0.00233343 0.00763965 3.42635
0.00648697 -0.00655522 3.1701
-0.0144809 -0.0125109 11.3996
-0.0149622 0.00381027 8.59149
0.00699912 -0.00706632 2.05903
0.0160665 0.00300735 -2.69082
-0.0201793 0.00478404 11.3092
-0.0163071 0.0179761 7.61878
-0.00221748 0.0334554 -2.17995
0.00416625 -0.0253384 3.80179
-0.0147077 0.00867112 8.05833
-0.00249375 -0.0219686 6.04772
-0.0116102 0.0474142 -0.157994
0.00451951 -0.0689296 9.36402
0.0238088 -0.0592133 -3.95374
0.0508746 -0.0714163 -18.6282
0.028482 0.0510969 -24.5821
0.0360231 -0.0700846 -6.7846
-0.012663 -0.0479762 22.5059
-0.00548759 -0.0442889 16.7881
0.0367797 -0.00747291 -19.914
0.0572567 0.0324767 -41.3913
0.0434131 0.0476628 -33.7329
0.0338992 0.009629 -19.0971
0.0234931 -0.00554892 -8.07971
0.0349675 0.0095403 -20.5252
0.0797852 0.0309901 -61.8577
0.044233 0.0304208 -30.0432
0.0171533 0.0125656 -2.28032
0.0191408 0.0331299 -7.45113
0.0474713 0.0674813 -40.4801
0.103027 0.0749832 -94.8325
0.0594808 0.0480486 -44.8968
0.0844683 0.108014 -80.645
0.047715 0.0833074 -39.3312
0.0236619 0.0507478 -8.34883
0.00572524 0.0226335 15.1632
0.0145232 0.0390668 3.48354
0.0198295 0.0436361 -3.62397
0.11867 0.0308911 -115.446
0.146154 0.00409681 -142.417
0.11249 0.00769206 -102.183
0.08021 0.000202004 -62.4195
0.0766812 -0.00853543 -57.0101
0.220238 -0.0832232 13.1909
-0.00291465 -0.0193813 4.95777
0.190882 -0.0495274 0.861516
-0.00498285 -0.00507232 9.67178
0.00246944 0.0165412 -1.19347
0.00132571 -0.0585546 11.4136
-0.00905596 -0.0368147 11.5488
0.00466506 0.00988856 0.657578
0.018895 0.0116569 -2.62226
0.0647195 0.0549961 -18.8977
0.0142572 0.0384104 -5.02396
-0.0205937 0.0375582 2.30451
0.00392761 0.0223707 -0.643608
0.0164622 0.0527011 -10.5839
0.00343889 0.0783927 -11.7554
0.00553657 0.0294405 -2.74641
-0.0223604 0.0710185 -0.542119
-0.0131327 0.114719 -11.8219
-0.00620829 0.0724308 -7.42728
0.0103872 0.0586293 -10.514
-0.0182852 0.0545141 2.29094
-0.0154212 0.101112 -7.65487
0.000629374 0.174756 -28.4213
0.0104147 0.0732029 -14.764
-0.0328617 0.151662 -7.30426
-0.0374173 0.149757 -4.4359
0.0176982 0.237202 -51.4062
0.0300184 0.268734 -64.0558
0.0246077 0.207208 -48.1217
0.023353 0.171542 -42.6968
0.0486331 0.185551 -61.2474
0.0467796 0.135737 -50.2767
-0.0207882 0.0151293 17.7652
0.0156324 0.00553144 -6.36545
0.0607126 0.0576026 -48.3443
0.0577945 0.0682202 -46.9513
0.0170779 0.0536207 -13.4791
0.0386245 0.0408677 -28.4328
0.0231299 0.0274729 -13.6
0.0501635 0.0583578 -41.9928
0.0792772 0.041324 -62.8568
0.0335662 0.0333131 -20.7893
0.0414792 0.0286211 -27.4168
0.0481747 0.0417305 -35.201
0.0646962 0.00244517 -26.4845
0.0646368 0.00704002 -27.4455
0.0296022 -0.00223215 8.73119
0.0548067 0.0477892 -40.1624
0.0418456 0.0262617 -22.782
0.018554 0.0264905 1.68257
0.0172228 0.0342165 1.43549
0.00212714 0.0364597 18.1339
-0.00212613 0.025946 24.5205
0.0537962 0.0169973 -38.3439
0.159347 0.0155635 -160.184
0.0932783 0.00560844 -78.9552
0.0381526 0.0193561 -15.4135
0.0535178 0.0499613 -39.6608
0 0 -1
0.0602615 -0.0241121 5.64229
0.0837695 0.202655 -42.5133
-0.0475255 0.279994 -48.4804
0.0102223 0.26369 -50.7359
0.0248401 0.0570693 -8.34461
-0.0290328 0.127036 -16.095
-0.0147924 0.232884 -40.7551
0.0216906 0.166896 -32.5807
0.0621999 0.141188 -35.4252
0.0124164 0.173494 -31.5529
0.0168172 0.271038 -53.404
0.0350987 0.230771 -50.4
0.0400307 0.19197 -43.9379
0.00800378 0.200447 -35.7593
-0.00758057 0.187212 -28.3235
-0.0140782 0.130344 -13.7203
-0.00640221 0.215855 -34.4169
-0.0178916 0.145853 -15.5924
0.0126267 0.160641 -30.8825
0.0135637 0.261447 -50.3753
-0.0135621 0.249126 -34.5773
-0.00406863 0.245323 -39.0169
-0.0124421 0.226632 -30.8025
-0.0344152 0.22617 -19.9256
0.00170771 0.275483 -49.4912
0.0313497 0.277369 -66.9191
0.0378632 0.24861 -64.8783
0.00409326 0.262894 -47.5042
-0.0222762 0.263941 -31.3929
0.031784 0.320724 -77.9314
0.0524679 0.252053 -77.3018
0.0756758 0.231866 -88.8488
0.0846625 0.193656 -87.0212
0.0823778 0.184263 -83.2061
0.0960068 0.19321 -95.0342
0.0278364 0.0405244 -19.6438
0.0324646 0.0396303 -23.2707
0.0421002 0.051215 -33.457
0.0641442 0.0615564 -54.1874
0.0343793 0.0341271 -22.2595
0.0335763 0.0283527 -20.005
0.0296384 0.0280196 -16.7785
0.0782542 0.0299873 -61.4776
0.0580583 -0.00943656 -17.8469
0.0527099 0.000954028 -14.6878
0.024212 0.00921001 11.8288
0.0394918 0.00693981 -17.7417
0.0437101 0.00955145 -22.3306
0.0225742 -0.0027646 3.15761
0.018165 0.0113353 5.13243
0.00933661 0.0186346 13.1628
0.00763709 0.0275067 12.9057
0.0637845 0.0314271 -53.4344
0.184576 0.0144819 -189.62
0.0898989 0.000887627 -73.8136
0.063176 0.00912421 -43.0516
0.0708312 0.0205363 -54.9212
0.0282905 -0.104346 40.9959
0.0264472 -0.0264647 23.6101
-0.000157593 0.314755 -59.9248
0.0268069 0.28218 -54.5933
-0.0067956 0.0867751 -2.82458
0.0349754 0.292718 -58.9177
0.0122024 0.15884 -23.5788
0.0240804 0.0235514 5.2664
-0.0184313 0.00391061 17.0116
0.0195752 0.301904 -60.797
0.0168055 0.286258 -56.5611
0.0121122 0.222609 -41.066
0.0163409 0.19328 -35.5455
0.00664357 0.251911 -46.8677
0.0122603 0.24909 -47.8958
0.0107959 0.291721 -56.8361
0.0209056 0.401993 -84.8627
-0.0401016 0.0159299 30.7063
-0.0803603 -0.0119123 52.624
-0.0388956 0.16267 -3.46089
-0.00833387 0.253086 -37.9632
-0.0058495 0.269681 -43.1868
-0.00543996 0.278387 -45.4036
-0.00464621 0.294575 -49.7014
-0.00689433 0.286588 -46.676
-0.00449695 0.306046 -52.1714
0.00182692 0.317428 -58.2765
0.0217709 0.292769 -64.5037
0.00384019 0.315931 -58.78
0.00374006 0.314886 -58.5629
0.0295188 0.303697 -72.6882
0.047275 0.278038 -78.7202
0.0504718 0.272538 -80.0546
0.0643266 0.26846 -89.2799
0.0618613 0.250017 -83.5923
0.103927 0.14054 -89.9959
0.111128 0.0863759 -83.2796
0.0978608 0.126185 -81.8087
0.115601 0.124334 -95.38
0.11175 0.155897 -100.325
0.104813 0.134223 -88.5426
0.0772729 0.152623 -68.5659
0.061754 0.203078 -66.2405
0.0405328 0.249909 -56.9489
0.0252752 0.247954 -42.4085
0.00861941 0.0813217 11.5376
0.0148835 0.052465 11.5643
0.0568741 0.0348862 -41.5833
0.0440805 0.0361515 -28.4194
0.0320451 0.0247424 -13.2571
0.0203646 0.0178779 1.16231
0.0224497 0.0321355 -4.80215
0.0412427 0.0411874 -28.2947
0.0866887 0.077973 -89.2549
0.1089 0.04928 -108.116
0.0996729 0.0193049 -89.4185
0.0559307 -0.0025235 -31.5721
0.0657944 -0.00241933 -43.7609
0.0622067 0.198535 -32.7078
0.055685 0.0570794 2.20578
-0.0130613 0.248665 -42.9142
0.0111627 0.223946 -38.6755
-0.0065538 0.140498 -15.937
-0.0153231 0.174874 -23.8965
-0.00518507 0.174533 -24.8975
-0.0233469 0.248177 -40.1223
0.0164041 0.351085 -72.4669
0.0218693 0.331076 -68.3949
0.0499232 0.317463 -71.8173
0.00867543 0.454798 -95.648
0.0408791 0.440283 -100.637
0.00298317 -0.0340135 35.2267
0.0749421 0.503773 -127.094
0.027844 0.356686 -75.0377
0.00960621 0.335086 -63.9124
0.0126654 0.301417 -57.1038
0.0075504 0.275305 -49.303
-0.000666839 0.261968 -42.8508
0.00172045 0.313111 -56.5535
0.000532243 0.315021 -56.6807
-0.00469589 0.323461 -56.1777
0.00227906 0.33378 -62.2488
-0.00299618 0.330121 -58.5476
-0.0033985 0.320258 -55.8718
0.00554504 0.330445 -63.459
0.0128166 0.325356 -66.3933
0.00302706 0.333124 -62.2951
0.00112925 0.34106 -63.2233
0.00158737 0.331176 -60.9893
0.0389461 0.304489 -79.2969
0.0366266 0.300289 -76.3887
0.0345177 0.295215 -73.8345
0.0383707 0.309638 -80.4494
0.0376432 0.281574 -72.8285
0.0431854 0.277617 -76.3201
0.0792222 0.125964 -67.2222
0.105435 0.108775 -84.2335
0.106626 0.122326 -88.5585
0.125149 0.0899518 -96.4466
0.103021 0.105852 -80.0939
0.0844877 0.136024 -70.4479
0.060218 0.236997 -72.2862
0.057329 0.318233 -88.7882
0.0367442 0.499632 -114.101
0.0548636 0.600662 -157.112
0.0382671 0.0548027 -26.6583
0.0340076 0.0621 -23.8822
0.0233406 0.0425386 -7.9693
0.0160976 0.0440391 -0.576734
0.0332564 0.0634153 -24.0694
0.0379993 0.0652064 -29.879
0.0737429 0.0503983 -67.3701
0.0948594 0.0423375 -89.4519
0.074494 0.0371922 -63.971
0.0711144 -0.00761676 -49.165
0.0617814 -0.012121 -36.6775
0 0.0739945 1.58047
0.0205085 0.282277 -53.7613
0.00574266 0.279739 -52.6798
-0.0122745 0.285287 -53.1503
-0.0253701 0.205355 -31.0811
-0.105948 -0.00198973 56.0578
0.0613881 0.402206 -92.5
0.0554471 0.542026 -128.402
0.0720862 0.667028 -165.681
0.0785121 0.693042 -174.041
-0.0417459 0.189977 -8.45235
-0.0334325 0.428452 -76.4445
0.0153935 0.39501 -80.722
-0.015184 0.263501 -36.3977
-0.0197694 0.224929 -24.5504
-0.0224124 0.279068 -38.4615
-0.0134935 0.2852 -43.3633
0.00190168 0.302987 -53.9171
0.00893929 0.311158 -58.996
0.000297977 0.322144 -58.3194
0.0131183 0.325406 -64.5965
0.00960016 0.334481 -65.7851
0.00411279 0.34878 -66.9487
0.000167934 0.345304 -64.1644
-0.0093162 0.325379 -53.7877
0.00342939 0.319718 -59.2893
0.00840407 0.334885 -66.0708
0.00831056 0.334353 -66.053
0.00794508 0.339781 -66.9129
0.0107834 0.354751 -72.683
0.0118861 0.347661 -71.8972
0.0231153 0.335225 -76.5172
0.0361515 0.304403 -77.1129
0.0486535 0.311457 -87.7059
0.0412962 0.322341 -85.4507
0.0234825 0.32771 -73.3919
0.0122212 0.321402 -62.9538
0.0242943 0.325675 -73.7953
0.0433054 0.298219 -81.8228
0.0478953 0.220518 -64.6249
0.0780306 0.126217 -65.0539
0.124762 0.0783198 -93.507
0.143746 0.084158 -111.75
0.125865 0.0657463 -90.5779
0.111395 0.0200248 -64.4778
0.113884 0.0350524 -70.8787
0.105626 0.0504034 -66.5749
0.0982111 0.102599 -73.2303
0.0611312 0.17206 -53.3011
0.0762957 0.0846438 -44.7846
0.0610368 0.130789 -41.0396
0.0347138 0.266613 -49.3847
0.0626726 0.235295 -71.1388
0.0592498 0.232705 -66.9081
0.074927 0.0162821 -27.5729
0.0846838 0.362263 -132.742
0.104533 0.356092 -154.164
0.0643648 -0.0128952 -39.6837
0.0544817 0.310758 -62.4027
0.0283494 0.342515 -70.4481
0.0218166 0.365415 -76.8318
0.15145 0.730709 -190.117
0.101896 0.398215 -87.5492
0.0306313 0.0660379 20.0255
-0.0245187 0.435322 -84.3732
-0.0135528 0.338791 -57.8775
-0.0240544 0.259041 -32.2118
-0.024376 0.235585 -25.5405
-0.028681 0.201019 -14.423
-0.022511 0.212455 -19.1939
-0.0203444 0.281586 -40.3697
-0.00660282 0.290895 -47.1372
-0.00994521 0.278431 -42.6336
0.00145966 0.303841 -53.7742
0.00408728 0.313364 -57.5019
0.0062405 0.322347 -60.8189
-0.00654194 0.323909 -56.0876
0.0117692 0.334105 -66.6765
0.00573749 0.333974 -63.9867
0.0155396 0.318511 -63.9211
0.00605484 0.327451 -62.0704
0.00543074 0.335845 -64.3221
0.00463632 0.346918 -67.2355
-0.00061944 0.338756 -62.0376
0.010523 0.33564 -67.4573
0.0159993 0.33885 -71.5645
0.0104084 0.34639 -70.4392
0.00300663 0.335419 -62.5876
0.00330137 0.34124 -64.6874
0.0127671 0.344119 -72.0771
0.0219147 0.333111 -75.1692
0.0302744 0.317952 -76.6864
0.0451846 0.293519 -79.9373
0.0338605 0.30878 -75.7065
0.0226596 0.329985 -73.51
0.0202159 0.323037 -68.9661
0.0147381 0.328867 -66.3018
0.0122042 0.31139 -59.2246
0.0253587 0.322746 -73.5082
0.0429019 0.304944 -84.015
0.0906481 0.119372 -73.5158
0.0966767 0.0777335 -67.0707
0.118565 0.0568462 -82.2688
0.121097 0.0534518 -83.585
0.116777 0.0779687 -85.9264
0.10006 0.0743054 -67.7294
0.0942962 0.085762 -64.685
0.0932888 0.0767567 -61.0635
0.109828 0.104216 -86.9794
0.0882455 0.173618 -82.7533
0.118772 0.281127 -147.292
0.0895588 0.0896177 -56.4757
0.0545418 0.138426 -30.5152
0.0637921 0.261242 -77.8008
0.111679 0.365685 -165.62
0.0783839 0.355066 -122.169
0.00224098 0.328124 -58.5067
0.0152568 0.351886 -66.4372
0.00296029 0.288093 -44.8
0.0334671 0.337068 -62.8678
0.00757461 0.28286 -43.4464
-0.0149138 0.22025 -21.2238
-0.0378679 0.191276 -9.04442
-0.0446456 0.213559 -15.0244
-0.0311575 0.228064 -22.127
-0.0284986 0.240853 -26.8729
-0.0229354 0.250578 -30.983
-0.00633896 0.282439 -44.7191
0.00560726 0.292221 -50.7441
0.0102857 0.300044 -54.8508
0.00384207 0.32562 -60.9862
0.0109455 0.323377 -62.4457
0.0127206 0.323181 -63.1852
-0.00201461 0.337998 -62.3285
-0.00984832 0.34605 -61.8051
0.0150734 0.329967 -66.4532
0.00811782 0.327387 -62.5148
-0.00021682 0.341981 -63.6426
0.0147603 0.3404 -70.3867
0.0365765 0.342437 -81.9679
-0.00470545 0.340329 -60.3115
0.00531529 0.336024 -64.6775
0.013529 0.339209 -70.1139
0.0258885 0.350875 -81.1044
0.0118539 0.334103 -67.3272
0.00463444 0.344557 -66.6913
0.0139757 0.346945 -73.5425
0.0151347 0.337575 -70.837
0.00810288 0.332185 -64.9519
0.0304549 0.312358 -74.8625
0.0289081 0.299305 -69.9517
0.0584941 0.27488 -84.4899
0.0456414 0.296823 -81.2084
0.0298726 0.319612 -75.757
0.018179 0.3283 -68.9936
0.0193888 0.328676 -69.934
0.0220539 0.328949 -72.3606
0.00892114 0.331626 -61.6356
0.00751656 0.360629 -69.5097
0.0391205 0.347263 -94.2942
0.0689967 0.312684 -112.073
0.0979882 0.158556 -92.5405
0.129885 0.149463 -120.121
0.0732005 0.156739 -65.7203
0.0706745 0.0945372 -43.4416
0.102198 0.0891156 -74.7596
0.110978 0.106082 -89.4419
0.143317 0.0700001 -113.28
0.135077 0.0487845 -96.6445
0.106182 0.0354496 -59.5093
0.125052 0.0687606 -91.9953
0.141198 0.0927011 -119.075
0.133864 0.0496879 -96.4094
0.0944643 0.0808655 -58.7941
0.00864858 0.311503 -53.1219
0.014388 0.308309 -52.2042
0.0178219 0.275509 -41.1403
-0.00910388 0.261588 -35.0732
-0.0255982 0.216902 -18.8324
-0.0254113 0.217717 -19.3099
-0.0369327 0.203988 -13.4193
-0.0176768 0.248793 -31.4202
-0.0106513 0.282175 -43.6849
-0.00704692 0.295988 -49.0059
0.00713788 0.301563 -54.0668
0.0132514 0.320743 -61.8273
0.00665005 0.322457 -60.6547
0.00611988 0.3213 -60.0657
0.00988677 0.333208 -65.1504
0.00725784 0.32988 -63.1755
0.00589868 0.331844 -63.3161
-0.00160665 0.326784 -58.8504
0.014861 0.332924 -67.477
0.0137478 0.328542 -65.3817
0.00738732 0.324907 -61.4591
0.00245923 0.331797 -61.5502
0.00711348 0.331744 -63.962
0.0116736 0.320487 -62.2947
0.00651906 0.31546 -57.8704
0.00410341 0.326386 -60.5748
0.0204437 0.333345 -72.1623
0.0148744 0.337811 -70.4713
-0.00666759 0.321986 -52.1907
0.0032753 0.332569 -61.9259
0.00513658 0.32461 -60.4596
0.00297128 0.313107 -55.2047
0.00804011 0.307429 -56.9458
0.0109057 0.310089 -59.7871
0.0139353 0.321598 -65.9841
0.02668 0.300848 -68.745
0.0535505 0.282949 -83.4781
0.0577379 0.295583 -90.3843
0.0294963 0.321823 -76.1203
0.0274079 0.322666 -74.6706
0.0192414 0.331335 -70.6142
0.0171524 0.340033 -71.4666
0.0206206 0.339463 -74.3759
0.0301799 0.34281 -84.4093
0.0220272 0.336616 -74.4796
0.0528273 0.276426 -84.8279
0.0855678 0.216527 -97.5902
0.0591633 0.186007 -61.1167
0.0768184 0.181342 -78.9401
0.0977898 0.140787 -86.9656
0.0943308 0.11478 -74.8243
0.0894724 0.085294 -59.5025
0.133806 0.0306993 -90.2938
0.117033 0.0616094 -80.8525
0.108152 0.0183011 -56.3664
0.137758 0.032698 -96.147
0.136029 0.0285418 -92.4793
0.134267 0.047417 -97.1301
-0.0105236 0.256159 -33.9512
-0.013589 0.270941 -38.5908
-0.0262801 0.221437 -20.4029
-0.0092959 0.24662 -30.628
-0.0156146 0.235061 -26.3966
-0.0111896 0.24859 -31.5972
-0.022423 0.256892 -33.3482
-0.0033001 0.274412 -42.2697
0.00229241 0.297975 -51.4261
0.0176058 0.307998 -58.0287
0.0146228 0.316598 -60.5614
0.0176193 0.335057 -67.6394
0.0156579 0.320741 -62.1696
0.00793975 0.329058 -62.8604
0.0032588 0.332625 -62.7759
0.00197279 0.323561 -59.1732
-0.00209006 0.321183 -56.7849
0.00277712 0.319953 -58.1259
0.00276944 0.316133 -56.7513
0.00949569 0.320686 -60.8609
0.00858517 0.325207 -61.8119
-0.00459331 0.317987 -53.5546
0.0111013 0.302225 -55.702
0.0117801 0.314987 -60.5051
0.000993178 0.29983 -49.3005
0.00744059 0.316315 -58.931
0.0111064 0.323017 -63.0654
0.00903088 0.322546 -61.6693
-0.000338249 0.322019 -55.9847
-0.000226547 0.33243 -59.6694
-0.00436232 0.311704 -49.5901
-0.00976777 0.314114 -46.678
-0.00267443 0.312031 -51.1191
0.0172559 0.294139 -58.963
0.0166941 0.308827 -63.6556
0.0254622 0.300154 -67.3734
0.0308225 0.290954 -68.3895
0.0766315 0.257204 -92.9283
0.0520957 0.305221 -88.9509
0.019711 0.316126 -65.2712
0.0212594 0.336834 -74.4545
0.0208458 0.335778 -73.6131
0.0213314 0.313645 -65.9128
0.0197128 0.31493 -64.6543
0.016832 0.292065 -53.831
0.0188357 0.284799 -53.4922
0.0404953 0.249564 -63.2725
0.043451 0.246615 -65.3403
0.0532688 0.241773 -74.4341
0.0551901 0.207899 -64.8787
0.0628395 0.172501 -60.2485
0.068722 0.147933 -58.5278
0.0922643 0.144893 -83.5786
0.109745 0.0462738 -68.2289
0.104535 0.0106851 -50.165
0.149385 -0.0221686 -91.7045
0.157333 0.0149222 -114.106
0.191758 0.068999 -175.357
-0.0149451 0.253179 -32.9191
-0.0363146 0.246816 -29.3277
-0.0143497 0.248936 -31.4238
-0.0160404 0.230843 -24.9704
-0.00395401 0.240582 -29.3432
-0.0053839 0.247238 -31.6941
-0.00175494 0.260004 -36.9572
0.00124161 0.28992 -48.3069
0.00552757 0.282003 -46.248
0.0230302 0.322524 -64.2276
0.00790035 0.327931 -63.0229
0.0188672 0.289344 -51.7832
0.0200044 0.295222 -54.1896
0.00887151 0.293819 -50.6659
0.00565322 0.284577 -46.3292
0.00643625 0.29357 -49.9763
0.00347335 0.291358 -48.0638
0.00243945 0.298744 -50.421
0.0133309 0.272673 -45.5262
0.022326 0.290038 -55.444
0.00571318 0.300671 -51.9925
-0.00260926 0.310416 -51.8119
-0.00272066 0.314292 -53.1917
0.00979488 0.294919 -52.3632
0.0108296 0.298016 -54.0257
0.0139956 0.333943 -68.5651
0.00998564 0.313101 -58.9008
0.00313782 0.312049 -54.5014
0.000699116 0.315414 -54.2644
-0.00448733 0.313599 -50.2563
-0.0104001 0.288922 -37.4463
-0.00469912 0.284209 -39.5627
-0.0069868 0.28917 -39.8386
0.0202456 0.307746 -65.81
0.0180185 0.312854 -65.8915
0.0145369 0.325485 -67.869
0.0211607 0.291536 -60.7933
0.0345161 0.259635 -60.0166
0.0969085 0.24271 -104.182
0.0365719 0.328803 -84.508
0.0258591 0.341826 -80.2192
0.0108822 0.327326 -61.7935
0.0287579 0.313183 -72.7494
0.01462 0.301678 -55.3147
0.00466469 0.284136 -39.4693
0.00551415 0.271165 -35.7132
0.0291818 0.288803 -65.6744
0.0440587 0.269167 -73.5255
0.0361602 0.256036 -61.0145
0.0485441 0.240242 -68.7504
0.0411657 0.196104 -44.3684
0.0535981 0.170781 -49.2644
0.0727265 0.111456 -49.2401
0.0765521 0.0980349 -48.2308
0.0793984 0.0504367 -34.5674
0.138033 -0.0283116 -75.6662
0.205263 0.0349039 -179.882
0.213698 0.0802318 -206.427
