-0.00769596 -0.0133244 8.80946
-0.0126616 -0.0161114 9.00441
-0.0943139 0.0635772 10.0531
-0.0204909 0.0180846 5.33942
-0.0302773 0.0367487 6.35857
0.00358841 -0.0174658 3.85743
0.0152385 -0.0641283 2.99972
-2.47049e-05 -0.0676356 6.07527
-0.058871 0.118184 16.07
0.0143745 -0.0356621 1.20698
0.0535512 -0.0599295 -5.84291
0.022127 -0.052688 2.22891
-0.00384979 -0.0526217 8.66012
0.00589769 -0.0391759 6.00453
0.00369172 -0.0311127 6.42228
0.0192565 0.0129042 0.559261
0.00848756 0.0484034 3.8236
-0.00531558 0.0682476 8.29057
0.00899631 0.034771 3.18137
0.00759145 0.0369407 3.51861
0.0346105 0.035827 -8.61655
0.0204372 0.0601768 -2.81627
-0.0151721 0.0603198 14.1262
0.116036 -0.423052 -44.7016
0.0839748 -0.318538 -28.9515
0.0794129 0.0316575 -37.1529
0.0214116 0.0371918 -4.23185
-0.00657091 0.0303927 11.8816
0.00582046 0.0233522 4.712
-0.00301285 -0.00177496 10.951
0.00322104 0.00700194 6.1761
0.0221956 0.00549998 -6.4548
0.0370614 0.00223374 -16.7333
0.0286709 -0.00174701 -4.40115
0.0136066 0.0106079 6.32059
0.0422433 0.0308131 -15.757
0.0483598 0.0724367 -20.9349
0.0532067 0.0696524 -24.9174
0.0417438 0.0443238 -15.1875
0.00863294 -0.0405502 20.4808
0.0163013 -0.0563796 13.6779
0.00484824 -0.0838841 24.4648
0.0206172 -0.058334 10.3277
-0.016733 -0.0910706 44.6007
0.0352012 -0.0806328 -4.79105
0.144449 -0.137872 -106.383
0.0564714 -0.0407026 -20.3325
0.0564854 -0.0365642 -31.8634
0.037435 0.00112074 -12.484
0.00715421 0.0143165 18.5417
-0.00275395 0.00107628 28.7094
0.00256938 0.0323284 22.6388
-0.028204 -0.0122002 65.0902
-0.0087804 0.00454247 37.2722
0.0137523 -0.0246431 11.7602
0.0144571 -0.019523 10.5187
0.0390613 -0.0624115 -18.4584
0.0364118 -0.0651817 -15.0792
-0.00684585 -0.00939651 8.71399
-0.00888982 -0.00509066 8.68577
-0.0754757 0.0201106 10.9823
-0.0525131 0.0276282 7.62249
-0.0107217 0.000307852 5.00763
-0.00686556 -0.00195784 4.67585
-0.00589567 -0.0108623 4.92879
-0.0014699 -0.0443344 5.3031
-0.00517828 -0.0438912 6.11908
0.0292085 -0.0199686 -2.02011
0.0360649 -0.0579428 -2.26094
0.0455945 -0.0608158 -3.44684
0.0112009 -0.0671214 4.94571
0.00878641 -0.0423884 5.51123
0.0315929 0.0423231 -4.10345
0.0374982 -0.017432 -4.39153
0.0180424 0.0369938 0.533598
-0.00617532 0.0964233 8.28877
-0.00958612 0.043622 10.6054
0.033449 0.0150202 -6.34056
0.0230821 0.0320009 -3.02759
0.00832009 0.0544412 3.90465
-0.0293083 0.110576 20.1415
0.00108346 -0.0203493 7.89802
0.00841061 0.0377126 2.79877
0.00968919 0.00355396 3.16022
-0.0117901 -0.00446557 16.3488
-0.0104003 -0.0172469 15.3215
-0.00221499 -0.0189569 10.8329
-0.0130305 -0.0382709 18.3481
0.0114525 -0.0119916 1.29219
0.0353781 0.022402 -15.9379
0.0837784 0.0654751 -50.2485
0.0426552 -0.0171745 -13.7681
0.0227113 0.00902825 -0.403116
0.06136 0.0120955 -29.9722
0.0441538 0.0256749 -16.2111
0.0349077 0.0354959 -9.37458
0.0259697 0.00799055 -1.15403
0.0226172 -0.0606708 8.09921
0.0147204 -0.0544727 14.8164
-0.00361131 -0.0913763 32.7117
-0.0287974 -0.103784 56.0641
0.0118666 -0.0957991 17.5513
0.150466 -0.0885816 -114.518
0.170359 -0.0762352 -133.443
0.147774 -0.0474862 -111.554
0.0521528 0.0111067 -28.5131
0.0471492 0.00764788 -22.6569
-0.0282484 0.00710788 56.6536
0.00333799 0.057863 20.7318
0.0796611 0.0541856 -58.3035
-0.000116309 -0.00898789 27.7262
-0.00669558 -0.0045957 35.343
-0.0108951 -0.0183046 40.57
-0.0131742 -0.0328647 43.732
0.00605599 -0.04584 20.3792
0.0378449 -0.0509982 -17.5014
-0.00825426 -0.00961896 8.67228
-0.00691326 -0.00783793 8.64165
-0.0639405 0.0225147 9.82148
-0.072415 0.0210511 9.24711
-0.0223236 0.00199115 6.01891
-0.00661456 0.00371076 4.48596
-0.00861857 0.00127742 5.01216
-0.017398 5.45827e-05 6.14186
-0.00967806 0.00184421 4.75518
-0.00274689 -0.0203789 4.63703
0.0271651 -0.0350691 -1.30837
0.0186812 -0.0199509 -0.0441902
0.0176031 -0.0284824 1.01945
0.31459 -0.0421787 -85.9922
0.703482 -0.229851 -200.137
0.0189627 -0.0122801 -1.7758
-0.00223956 -0.0217431 6.43203
0.00841016 0.0047008 -0.0343757
0.0883899 -0.0322667 -27.4596
0.00968454 0.00385857 -0.255702
0.00644311 -0.0516622 7.94565
0.0167586 0.0215893 -5.36182
0.047898 -0.0236961 -17.2419
0.0590696 -0.0267377 -22.129
0.0404742 -0.0235319 -12.8572
0.0207511 -0.0295744 -2.26064
-0.00391043 -0.0215418 12.1131
-0.00920212 -0.0399596 15.3397
0.00833358 -0.0745298 7.31777
0.0237287 -0.0540461 -4.63308
0.040784 -0.000113617 -18.4759
0.0727019 0.0179693 -41.069
0.163248 0.0135091 -102.09
0.0648849 -0.0266872 -28.9232
0.0297189 -0.0167746 -4.27661
0.067141 -0.0104626 -33.1876
0.0644574 0.00618095 -31.8695
0.0332913 0.00414468 -6.89406
0.0183044 0.00301777 5.01535
0.0323248 -0.00501382 -6.51978
-0.0165685 -0.0785138 43.8023
-0.0163386 -0.0915289 44.6484
-0.0187819 -0.0770777 45.575
0.00238232 -0.0622589 24.2313
0.0932523 -0.0646676 -60.5254
0.175164 -0.0241864 -140.167
0.148353 -0.0541014 -111.455
0.150635 -0.0495051 -114.315
0.0848189 0.0435732 -64.0499
-0.169526 -0.35501 221.799
0.137203 0.128502 -126.075
0.0811284 0.0637073 -60.2989
-0.00797904 -0.014517 36.383
-0.00280655 -0.0208682 30.9266
-0.0163161 -0.0310524 47.1675
-0.00575887 -0.0288102 34.2486
0.0369132 -0.0203089 -17.4339
0.0324977 -0.0166688 -12.3637
-0.00402173 -0.00687864 8.50211
-0.00989986 -0.00474203 8.71042
-0.0663359 -0.00755418 11.5569
-0.0668957 0.0214182 8.53446
-0.0235839 0.0107879 5.63761
-0.0081362 0.00472395 4.64399
-0.0100855 0.00541561 4.94377
-0.0126041 0.01295 4.69139
-0.0100173 0.0174103 3.91415
0.00113919 -0.0030256 2.91071
0.00554402 -0.0186386 2.85651
-0.0125327 -0.0537599 11.8772
-0.0109024 -0.037247 10.3671
0.0166381 -0.0906495 7.00056
-0.000235426 -0.12161 14.3956
0.0104279 -0.048249 4.93729
0.0068471 -0.0252073 4.32633
0.0486585 0.00487673 -13.9963
0.036083 -0.0296398 -6.90239
0.0379558 -0.0603926 -5.74728
0.0479694 -0.167639 -0.804896
0.0371735 -0.472166 28.4397
0.0369533 -0.0172083 -11.8639
0.0523189 -0.041684 -17.3915
0.0467909 -0.0523552 -13.6638
0.0302582 -0.0491486 -5.35434
-0.0176548 -0.0672177 22.5841
-0.028399 -0.0745127 28.9613
-0.0358353 -0.111868 35.9503
0.0395725 -0.0787609 -13.6851
0.0694215 -0.0334959 -35.0749
0.109365 -0.0101524 -63.663
0.128547 -0.035885 -73.9204
0.0225949 -0.05982 4.29502
0.0194765 -0.068067 6.76923
0.0802341 -0.0485689 -40.7625
0.0489365 -0.031329 -16.8667
0.0208547 -0.0191573 4.31636
0.0206251 -0.00593991 3.54927
0.0214507 -0.0125512 2.99634
0.0282116 -0.107872 5.83196
0.00824012 -0.123059 26.1096
-0.017695 -0.0717405 44.4383
0.040681 -0.0781892 -9.32194
0.0422808 -0.0737189 -11.7233
0.0421286 -0.0875761 -10.264
0.155792 -0.0815056 -117.253
0.153381 -0.0868126 -114.486
0.0694452 0.0919523 -50.194
0.102732 0.065562 -83.8779
0.0988029 0.0889435 -80.9113
-0.0865697 -0.0232418 125.7
-0.0278711 0.00358606 57.772
-0.0242978 -0.0110638 54.8025
-0.00753759 -0.00525568 34.64
0.00875445 0.0148102 13.6455
0.0120788 0.0080608 10.6739
0.0466842 0.00657736 -31.3062
-0.00886181 -0.00722819 8.77111
-0.0341762 -0.0165362 10.5295
-0.0573019 -0.00486942 10.3999
-0.047878 0.011583 8.14752
-0.0436446 0.0148989 7.54817
-0.00744976 0.00648591 4.42191
-0.0102923 0.00736587 4.88746
-0.00547075 0.00820921 4.04596
-0.0114431 0.0118053 4.83652
-0.0244132 0.017291 6.65853
0.0231535 -0.000741857 -2.22532
-0.00741383 -0.00999655 6.64516
0.0177809 -0.0356534 1.25598
0.000511306 -0.0618729 9.52141
-0.00476349 -0.0335453 7.52356
0.0151358 -0.0157952 -0.0681661
0.0225121 -0.0231202 -1.40611
0.0303861 -0.0194441 -4.91063
0.021698 -0.0438814 -0.0331974
0.0163171 -0.0548425 2.31937
0.0194917 -0.0313228 -0.725532
0.0153907 -0.00319821 -2.1962
0.0101353 -0.0470625 4.33184
0.0151303 -0.0606758 2.85448
0.00907276 -0.0743792 7.96662
0.0026449 -0.0716088 11.5712
-0.014203 -0.0726672 20.5861
-0.0587432 -0.0561796 45.0165
0.0134129 -0.0557751 1.37998
0.0933877 -0.030075 -51.569
0.0916121 -0.037732 -48.9203
0.106718 -0.0388401 -58.5824
0.100147 -0.0411731 -53.7246
0.0219544 -0.0683518 4.91815
0.0288979 -0.0963 1.60877
0.0918432 -0.0624292 -48.3123
0.0614564 -0.0409191 -25.8159
0.039507 -0.0507049 -7.73449
0.0202347 -0.0311772 6.29425
0.0347498 -0.120049 0.806566
0.0338613 -0.147828 4.18169
0.0181721 -0.160159 19.3642
0.0142872 -0.145215 21.2839
0.0338169 -0.118253 0.727739
0.0551674 -0.0872114 -22.3386
0.0210759 -0.0825325 10.2289
0.0623697 -0.056242 -33.8024
0.17683 -0.0960383 -137.999
0.0552137 0.0870395 -34.9186
0.0908433 0.0865141 -72.3905
0.0890756 0.113044 -73.3691
-0.0638141 -0.0195102 100.318
-0.0238726 -0.00259057 53.5648
-0.00220738 0.0175731 26.8795
0.00588392 0.039765 15.4396
-0.00974165 0.0208124 36.1711
0.0182036 0.0101955 2.4528
0.002798 -0.00783706 23.7221
-0.00267394 -0.0163117 9.50262
-0.0221716 -0.00863918 9.23427
-0.0535412 -0.00139678 9.72751
-0.0404109 -0.00636719 9.39028
-0.0403322 -0.0120588 10.0364
-0.0057758 0.00335043 4.64904
-0.0106484 0.0063097 5.09204
-0.00712865 0.00370987 4.85287
-0.00992825 0.00290353 5.49607
-0.0202602 0.00460929 7.31854
-0.0182157 0.0129975 5.74334
-0.0145103 -0.0251166 9.28504
-0.0102651 -0.00406318 5.37427
0.00565385 -0.0312017 4.39339
0.0146912 -0.0242638 0.997313
0.0154028 -0.0249357 0.200265
0.0137953 -0.0441075 3.48461
0.00657913 -0.0389087 5.68314
-0.00729887 -0.0546616 11.7936
0.0115932 -0.0770434 6.76612
0.00535672 -0.0737654 8.90936
0.00903634 -0.0674489 6.89836
0.0111387 -0.0788379 6.8031
-0.00458982 -0.0680413 13.2856
0.017335 -0.0854673 4.36653
0.00944441 -0.0943368 9.78717
-0.0186713 -0.0922502 25.1563
-0.0100835 -0.0404467 14.3197
0.0263855 -0.00704557 -11.4974
0.0662176 -0.0107575 -36.2776
0.0908323 -0.0473654 -47.4959
0.112376 -0.0587012 -61.2079
0.07521 -0.0554955 -34.5606
0.022407 -0.0758322 4.88373
0.0521694 -0.0741758 -17.5195
0.0827071 -0.0751394 -40.4548
0.0763002 -0.0819894 -34.2301
0.00421769 -0.0906949 23.6713
0.0389484 0.0108134 -19.565
0.041769 0.0102515 -20.5829
0.0383557 -0.0469466 -11.488
0.00765581 -0.0947644 20.799
0.0509139 -0.147033 -12.5107
0.0685529 -0.116608 -32.691
0.0677753 -0.0548667 -38.8235
0.0895793 -0.0310886 -64.9479
0.187691 -0.0396738 -160.53
0.39701 -0.122425 -361.816
0.049738 0.0355887 -22.0544
0.0788185 0.0757651 -58.2334
0.140189 0.113515 -128.527
0.124311 0.122092 -111.799
0.0758968 0.0901409 -53.2817
0.0253439 0.059067 7.76429
0.0167331 0.018181 4.93021
0.00928384 0.00730884 14.8764
-0.000691187 -0.00896559 28.2673
-0.0153699 0.00183532 44.8802
0.00243059 -5.9786e-05 7.33248
-0.0141156 0.000191679 7.726
-0.0436433 0.00214074 8.82246
-0.0550043 -0.0088672 11.0573
-0.0228436 -0.0105852 8.15419
0.000380146 -0.00722825 5.35273
-0.00323945 -0.00594534 5.65783
-0.00741788 -0.000215471 5.48576
-0.0123743 -0.000784032 6.40806
-0.00589056 0.00415307 4.31241
0.00188768 0.00914616 2.00984
-0.0191131 -0.0109194 9.85965
-0.0239448 -0.00520789 9.33691
0.00214258 -0.00757595 2.35938
0.015154 -0.0111334 -1.67257
0 0 -1
0.00680995 -0.00566798 0.458496
-0.0122145 -0.0165962 9.22233
-0.0130732 0.00949553 5.43249
-0.00660781 0.00253376 3.91379
0.0106312 -0.0221676 -0.0354413
-0.00244924 -0.00943062 3.94633
0.00857943 -0.0452817 3.73915
-0.00935712 -0.0383387 11.6755
0.00516875 -0.0665132 8.32915
0.00133402 -0.0740793 11.7545
0.0194068 -0.0529417 -1.57789
0.0334369 -0.0197284 -13.8161
0.0301138 -0.000977411 -14.1402
0.0393756 -0.012565 -18.8216
0.079334 -0.0375103 -40.8438
0.0915462 -0.0626737 -46.0499
0.068382 -0.0643462 -29.4469
0.0327923 -0.0565321 -5.48721
0.0359026 -0.0568194 -7.86813
0.0716688 -0.0172957 -40.3108
0.0624471 -0.0290843 -30.4168
-0.0135069 -0.011683 27.4847
0.08973 0.0452748 -64.5634
0.017291 0.0314095 -2.30244
0.016763 0.0313197 -2.06402
-0.183358 -0.27454 216.433
0.0741461 -0.184171 -29.5867
0.122881 -0.160504 -77.3914
0.0657455 0.0280833 -47.7075
0.0281535 0.0480332 -14.2672
0.122311 0.0163578 -103.021
0.511215 -0.0851485 -483.446
0.0730269 0.0360537 -46.8071
0.124683 0.0534126 -104.621
0.169041 0.0719655 -154.733
0.130102 0.0552516 -109.061
0.0578774 0.0678978 -30.381
0.0310033 0.0610892 1.00543
0.0292619 0.091631 -1.29974
0.0136269 0.0429894 24.4198
-0.0084695 0.0486079 49.9006
-0.00307678 0.0498439 43.1849
0.000602064 -0.0386523 13.7249
-0.0141095 -0.015632 10.3458
-0.0378801 -0.0275561 13.224
-0.053401 -0.00866401 10.6311
-0.0134498 -0.00366274 6.18494
-0.00586302 -0.0058446 5.95803
-0.00138389 -0.00900962 5.83058
-0.00344801 -0.00685329 5.73696
-0.00293036 0.0038017 3.91608
-0.0112626 0.00989754 4.45126
0.00432273 -0.00104917 2.92957
-0.0323938 0.000292563 11.8258
-0.0306295 -0.00120791 10.6951
-0.00110795 0.0105423 0.822465
-0.00324594 0.0112241 0.573173
0.0135387 -0.00400555 -2.17216
0.0279637 0.0245521 -11.8587
-0.00527186 0.0301271 -0.429346
-0.00845718 0.0873856 -8.53231
-0.0178384 0.0358828 3.64625
0.00284518 0.0290837 -4.13254
0.0127491 0.0259631 -8.08998
0.000768215 0.0124552 -0.815976
-0.0143487 -0.0135442 11.0796
-0.00952893 -0.039668 12.3758
-0.00286166 -0.0617179 12.2086
0.0229835 -0.0347638 -6.41684
0.0394441 -0.0465345 -13.7018
0.0384164 -0.0203399 -16.9714
0.017232 0.00569108 -8.27002
0.0605177 -0.0279659 -30.737
0.0742624 -0.00356067 -43.496
0.0847862 0.00146917 -51.3822
0.0609905 0.0240206 -37.927
0.0522957 0.0198497 -31.3274
0.0583336 0.0329026 -37.4502
0.0593442 0.00975371 -34.3232
0.0363463 0.0197072 -17.3404
0.104202 0.0765437 -81.4497
0.0435233 0.0780257 -30.0658
0.0296757 0.064406 -16.0713
-0.0100829 0.0567927 19.9988
0.0894887 -0.0959776 -56.8257
0.0933712 -0.164304 -50.2691
0.0280956 0.148896 -29.1208
0.0584164 0.104777 -51.9846
0.0470578 0.0873994 -37.899
0.0525514 0.041262 -36.0031
0.108247 0.0164815 -81.3511
0.143455 0.036235 -122.177
0.151209 0.0377878 -129.49
0.0702212 0.0489909 -41.4525
0.0418067 0.0239502 -5.56738
0.0222702 0.0331035 15.5868
0.0278206 0.0117646 12.5417
0.0173546 0.0282835 22.2348
-0.0111706 0.0172576 58.4081
0.0140451 0.0467287 22.842
-0.000837391 -0.0636955 17.8174
-0.00805976 -0.0628011 18.0623
-0.0268354 -0.0627931 18.6872
-0.0342038 -0.0290949 12.5156
-0.0102868 -0.00193553 5.56892
-0.00380948 -0.00668882 5.81731
-0.00210386 -0.00959599 5.9357
0.00149997 -0.00745556 5.01485
0.0100785 0.0168949 -0.797734
-0.0136011 0.0196154 3.16787
-0.00455677 0.00168536 4.38429
-0.0411347 0.0280359 8.59096
-0.0222919 0.0211226 4.54775
-0.00122602 0.045365 -5.43605
-0.00406058 0.176366 -28.9876
-0.00423176 0.0456274 -4.80073
0.0298938 0.0289082 -13.2727
0.0985048 0.10251 -50.821
0.0363145 0.242786 -52.387
0.0305153 0.170864 -34.7266
-0.0462392 0.154037 1.26372
0.0248286 0.0719606 -21.6595
0.018145 0.218014 -43.5566
-0.0495805 0.24582 -15.3305
-0.0152273 0.269948 -37.9821
0.00527188 0.224786 -40.7731
0.038886 0.25758 -65.7509
0.02304 0.202332 -44.7757
-0.000834679 0.227516 -36.4839
0.0021744 0.154608 -24.9023
0.0622765 0.0512781 -44.8893
0.0673573 0.0516764 -48.2406
0.0821003 0.0255136 -53.3383
0.0779796 0.0513018 -55.166
0.067771 0.0430418 -45.944
0.0581008 0.0542397 -40.8885
0.0637179 0.047714 -44.1506
0.080516 0.0369031 -55.3704
0.0759558 0.0333173 -49.1542
0.033048 0.0520126 -16.4774
0.0195759 0.0568041 -5.90027
-0.00335371 0.0698285 11.6183
0.0724375 0.14493 -71.5235
0.0652494 0.172883 -68.1146
0.0500504 0.18968 -57.0974
0.0413996 0.209819 -53.0585
0.0214945 0.0869276 -12.1113
0.0292086 0.0436534 -12.4199
0.14623 0.0597553 -129.398
0.161386 0.0399503 -142.119
0.106546 0.0364346 -80.9055
0.109466 0.0272358 -81.9224
0.0490623 0.0135173 -11.9123
0.0226859 0.0181633 17.1831
0.0192302 0.0205922 20.4365
0.0245264 0.0138404 15.9342
0.0159403 0.0202285 24.7252
0.0254403 0.0202966 13.3503
0.0149292 0.0107734 2.38783
-0.0180054 -0.00419595 6.44821
-0.00408547 0.2772 -50.8608
-0.0102339 0.284906 -52.3159
0.016227 0.352269 -68.563
0.00986595 0.34216 -65.6686
0.0130285 0.296447 -56.1415
0.020339 0.359005 -70.6969
0.00347073 0.305385 -56.5971
0.00956435 0.316801 -60.2562
0.00449719 0.290825 -53.6596
0.00240437 0.301927 -55.5861
0.0191685 0.314546 -62.4973
0.0280013 0.312974 -65.1215
0.00873457 0.295136 -55.675
0.014487 0.330254 -65.0881
0.0561459 0.302823 -74.1186
0.0603385 0.339252 -82.542
0.0605035 0.2628 -65.6946
0.00247156 0.196983 -28.6767
-0.024518 0.211454 -20.7399
-0.023085 0.225465 -24.3506
-0.0149415 0.258133 -35.3855
-0.0073523 0.281522 -44.2728
-0.00927212 0.296966 -46.6782
0.00569651 0.297043 -54.6402
0.0206107 0.28426 -60.5556
0.0158429 0.255205 -51.7738
0.0167652 0.272542 -56.2898
0.0115981 0.258164 -49.9109
0.0244294 0.333953 -74.0174
0.0236489 0.329981 -72.5208
0.053905 0.281438 -83.4548
0.0417144 0.226343 -63.4892
0.052678 0.0765651 -41.0753
0.0589726 0.0460615 -39.6765
0.054594 0.0418032 -35.3499
0.0471684 0.0316339 -27.893
0.108182 -0.0413388 -63.064
0.0528697 0.0327419 -29.86
0.0277835 0.0565781 -13.4983
0.0852187 0.114205 -77.0241
0.128093 0.143279 -121.411
0.102379 0.135676 -95.4221
0.0648595 0.15251 -63.1291
0.0619641 0.201498 -70.7729
0.0807635 0.18747 -86.1574
0.0926587 0.159019 -92.5542
0.0763144 0.110975 -65.6702
0.135698 0.0537483 -116.776
0.104235 0.0412828 -79.5702
0.0993321 0.0268319 -70.6965
0.0379001 0.0416965 -4.82466
0.0381981 0.0352274 -4.01732
0.017535 0.0373003 18.8797
0.0160632 0.0227542 23.8666
0.0264392 0.0595863 3.57794
0.00785595 0.0474974 29.2878
0.0077431 0.233992 -41.2783
-0.00391227 0.251635 -44.9226
0.00668187 0.278227 -51.3221
0.00615063 0.276561 -50.786
0.00377905 0.282539 -51.9487
0.0115462 0.287127 -53.9419
0.006803 0.304256 -57.0778
0.00735441 0.2971 -55.5195
0.000611664 0.282571 -51.2988
0.00299601 0.315754 -59.0413
-0.00748338 0.316745 -56.6169
0.0434357 0.320268 -70.095
0.0195246 0.315244 -63.2272
0.0516602 0.339067 -77.4219
0.0414491 0.363609 -80.6809
0.0306019 0.379349 -80.6796
0.0216856 0.364949 -74.6533
0.0420617 0.309965 -68.4979
0.0242469 0.305872 -61.2878
-0.0153547 0.243416 -31.4587
-0.0177204 0.236946 -29.3351
-0.00592758 0.285794 -45.8004
-0.0138944 0.288071 -42.4425
-0.00457711 0.308032 -51.3043
-0.00261411 0.312277 -53.148
0.00805643 0.312807 -58.9944
0.00624032 0.313643 -58.4466
0.00619076 0.306222 -56.7834
0.00982116 0.313441 -60.6006
0.0215249 0.303094 -65.8276
0.0323673 0.29719 -71.314
0.0303892 0.309567 -72.7685
0.031518 0.304643 -72.6882
0.0165834 0.336696 -69.5867
0.0204046 0.342158 -73.5702
0.0190832 0.340741 -72.1581
0.0142518 0.332244 -66.6674
0.0314334 0.313798 -76.0762
0.0468702 0.287835 -82.7254
0.0523578 0.106401 -45.9144
0.0740835 0.135545 -71.6081
0.107788 0.12243 -99.3354
0.126642 0.122651 -115.825
0.0672226 0.0823838 -51.0005
0.0812159 0.0687205 -60.6658
0.0717531 0.100291 -58.4562
0.0938383 0.0930673 -78.89
0.0871617 0.0971268 -73.3817
0.0626603 0.0881898 -46.1053
0.0782619 0.0807453 -60.9907
0.115335 0.0534395 -94.6941
0.101642 0.0353145 -75.686
0.0612509 0.0447603 -31.7658
0.0506069 0.0480619 -21.0472
0.0150618 0.0706307 15.0098
0.033211 0.0862476 -10.2184
0.0418936 0.13591 -32.0711
0.0594012 0.129501 -51.3314
0.0294347 0.28257 -53.0845
0.0190155 0.285034 -53.4519
0.0109342 0.28617 -53.3017
0.00753803 0.284653 -52.7759
0.00130099 0.274283 -49.8527
-0.0127009 0.267121 -46.6628
0.0101918 0.28723 -53.5133
0.0258774 0.315122 -63.1598
0.0453367 0.349665 -75.3258
0.0614165 0.440239 -100.937
-0.0831673 -0.0381176 59.5516
-0.136114 0.000464845 62.3576
0.0433234 0.596994 -136.424
0.010714 0.299069 -51.6578
0.0110884 0.38548 -74.9009
0.0137945 0.330653 -62.7899
0.00427003 0.316845 -56.1461
-0.0116697 0.2616 -37.0594
-0.0077583 0.283001 -44.0146
-0.00443001 0.307092 -51.4931
0.0053493 0.311856 -57.0069
0.00320927 0.320055 -57.9962
0.00115994 0.321503 -57.3438
-0.00150932 0.323725 -56.4725
-0.00199174 0.316562 -54.5054
0.00223556 0.322036 -58.1857
0.00793725 0.316199 -59.7605
-0.00204764 0.33634 -59.1544
0.00313621 0.323291 -58.8989
0.0124487 0.309503 -61.4434
0.0306487 0.299693 -71.0233
0.0449143 0.284292 -76.4814
0.033438 0.31116 -75.1497
0.0290027 0.334351 -77.7198
0.0183451 0.348182 -73.3682
0.0158614 0.340356 -69.4441
0.0136571 0.332838 -66.0423
0.0212802 0.331787 -71.7233
0.0167015 0.317851 -64.7945
0.00738881 0.346387 -63.9412
0.0276768 0.356331 -83.87
0.0171755 0.297741 -60.0615
0.0957584 0.164967 -98.1898
0.087313 0.0861654 -71.6886
0.0817604 0.032011 -53.0892
0.0873934 0.0264898 -57.0302
0.0764874 0.0233824 -45.2126
0.074677 0.0594225 -52.0352
0.0690728 0.0752529 -50.3068
0.081499 0.0879858 -66.777
0.114188 0.0751889 -98.218
0.0946757 0.0569109 -72.6262
0.0848772 0.0438867 -58.6384
0.0602619 0.0618494 -34.957
0.0549785 0.102956 -39.04
0.0552356 0.157007 -52.3609
0.0680864 0.138731 -62.9448
0.0914185 0.178637 -101.792
0.0382665 0.300799 -58.1601
0.0261019 0.301116 -57.9496
0.0154751 0.315472 -61.3645
0.018914 0.309363 -60.3703
0.0260642 0.294949 -57.0879
-0.00989756 -0.0109275 44.9238
-0.0661499 -0.0127128 52.4948
-0.000572246 0.661525 -149.185
-0.0100238 0.327538 -53.7976
0.000996962 0.389948 -73.5831
0.00893978 0.304954 -51.7248
-0.0194195 0.253911 -31.544
-0.0178403 0.243738 -29.4281
-0.024425 0.260535 -32.3051
-0.0205823 0.266512 -35.1772
-0.00689584 0.293311 -47.1314
0.00086237 0.288509 -48.5706
0.000472546 0.301288 -51.732
-0.00065028 0.308237 -53.1878
-0.000807963 0.327454 -58.2291
0.0037938 0.324354 -59.442
0.00694543 0.327975 -61.7205
0.00203088 0.325875 -58.7577
-0.00655237 0.32542 -54.3193
-0.000908516 0.32693 -57.7151
0.00716879 0.325128 -61.4754
0.0057935 0.329378 -61.7312
0.000105139 0.329346 -58.4748
-0.00121349 0.316736 -54.3412
0.000350292 0.323388 -57.2036
0.00446309 0.326852 -60.9037
0.0303654 0.308105 -73.1222
0.0576664 0.275015 -82.8852
0.0421742 0.29947 -77.878
0.0176506 0.319018 -65.2029
0.0146315 0.330522 -66.0368
0.0117678 0.329453 -63.4513
0.0132921 0.327544 -64.2556
0.0186577 0.316816 -65.718
0.0270396 0.322979 -74.5299
0.0172284 0.33806 -70.1211
0.00872627 0.33384 -61.6594
0.0170709 0.308905 -62.7202
0.0165862 0.322283 -65.8061
0.018695 0.298053 -61.0665
0.0331146 0.290096 -72.46
0.0412207 0.260999 -72.787
0.074066 0.113221 -65.9268
0.0667929 0.145641 -66.7509
0.0600912 0.124778 -53.9531
0.0985832 0.0820083 -83.613
0.0813025 0.0849956 -65.434
0.0772244 0.0749314 -57.9246
0.0705078 0.0848208 -52.936
0.078197 0.0735145 -58.479
0.0778397 0.103348 -65.9899
0.0825535 0.0685972 -62.3382
0.0924085 0.111003 -85.6191
0.0334555 -1.09132 352.413
0.0453017 0.287038 -54.3955
0.0156797 0.186692 -13.7781
0.00571862 0.212975 -21.0274
-0.0127051 0.221958 -22.1767
-0.0129632 0.202631 -16.3331
-0.0311378 0.224477 -20.2392
-0.0321331 0.224831 -20.276
-0.0204946 0.261208 -33.0009
-0.0242045 0.236512 -25.5274
-0.0302022 0.225106 -20.8348
-0.0217165 0.244944 -29.0364
-0.00403763 0.289255 -46.7844
-0.0108547 0.284348 -43.4086
-0.00639161 0.300974 -49.6183
0.00552631 0.319192 -58.5588
0.0040729 0.316606 -57.2815
0.00452792 0.315772 -57.0785
0.00911617 0.326597 -62.2803
0.00946675 0.324351 -61.6448
0.00288773 0.327835 -59.8888
0.00121058 0.329713 -59.6021
-0.000861963 0.324943 -57.1388
-0.00117327 0.318549 -55.1792
0.00459212 0.326664 -60.5591
0.0148518 0.321637 -64.6754
0.00631091 0.323474 -60.3977
0.00010647 0.327174 -57.9612
-0.00368838 0.325841 -55.4162
0.00609084 0.321781 -60.3317
0.00682059 0.314939 -58.8596
0.0120372 0.313276 -61.8564
0.0182869 0.306057 -64.173
0.0549416 0.26376 -77.8314
0.0531972 0.283652 -81.8279
0.0216148 0.31582 -67.311
0.0246373 0.320719 -71.2971
0.0241305 0.332337 -74.5009
0.0190819 0.331053 -70.0845
0.0195775 0.332724 -71.0136
0.0191812 0.326178 -68.6428
0.00888301 0.31734 -56.6698
0.0099695 0.342182 -64.8804
0.0164511 0.335354 -69.0975
0.0292486 0.323192 -77.6527
0.0235919 0.307048 -67.5319
0.000482483 0.31616 -47.2219
0.0251845 0.316395 -72.6413
0.0629089 0.207667 -80.2048
0.0581863 0.183811 -68.713
0.0731453 0.120901 -66.8348
0.0758477 0.134187 -74.2109
0.0903742 0.0818216 -74.5115
0.0785495 0.0602143 -55.0629
0.0757961 0.0704385 -55.1098
0.0909814 0.0671327 -72.0471
0.0632262 0.0427553 -31.2784
0.0859847 0.0403618 -58.4152
0.0367633 0.362363 -67.7296
0.00753699 0.255798 -34.2072
0.0118634 0.248041 -32.1303
-0.00195443 0.249214 -30.9844
-0.0289124 0.22314 -20.1751
-0.0270696 0.230043 -22.6768
-0.0339765 0.209595 -15.6865
-0.0295573 0.221313 -19.9402
-0.0261487 0.239452 -26.3911
-0.00622836 0.258121 -36.2427
-0.00852047 0.272888 -40.4842
-0.00459819 0.308461 -52.4203
0.000565034 0.317233 -56.57
0.00782285 0.319034 -59.0755
-0.00146054 0.317408 -55.6988
0.00294345 0.319215 -57.5419
0.00805806 0.318074 -58.9836
0.0102323 0.316434 -59.2972
0.00644093 0.328577 -61.7849
0.0101304 0.320807 -60.7435
-0.000192262 0.328376 -58.5406
-0.0022891 0.318421 -54.6386
-0.00173148 0.323418 -56.4867
0.00562192 0.328012 -61.6059
0.0108243 0.320578 -62.1302
0.00819397 0.32759 -62.8611
0.00520427 0.329239 -61.6183
-0.00494312 0.327553 -55.1014
-0.00832585 0.327334 -52.9387
0.00239789 0.326925 -59.6789
0.00724606 0.323452 -61.5342
0.00734731 0.324966 -62.1539
0.0111468 0.314231 -61.3268
0.0149633 0.314572 -64.2292
0.0552714 0.265571 -78.5263
0.0542342 0.271249 -78.6779
0.0388585 0.30504 -77.2082
0.0149553 0.330735 -66.4771
0.0148551 0.332229 -66.7393
0.0168169 0.32576 -66.4194
0.0152597 0.326894 -65.4158
0.0184908 0.329993 -69.304
0.013789 0.336291 -67.0126
0.0292923 0.31814 -75.6996
0.0168982 0.320008 -64.5534
0.0120576 0.334168 -64.36
0.0121114 0.333288 -64.2783
0.0138597 0.315836 -60.6409
0.0168041 0.314481 -63.4166
0.00187917 0.312016 -46.9084
0.0143163 0.331068 -66.0459
0.0242629 0.248176 -50.9809
0.0259949 0.25184 -53.7164
0.0329431 0.239091 -57.857
0.0440021 0.133686 -37.4631
0.0542882 0.0906883 -35.6958
0.0496168 0.00481134 -3.2661
0.068484 0.000700002 -25.3109
0.00874306 0.253215 -33.3845
0.0147123 0.248635 -31.9748
0.00195051 0.234247 -26.3685
-0.0248883 0.211829 -17.2192
-0.0333189 0.206523 -14.8656
-0.0320764 0.216008 -18.1481
-0.0177102 0.270746 -38.3234
-0.0131759 0.277289 -41.0605
0.00100002 0.301522 -51.3296
-0.00921513 0.297332 -47.8835
0.000802798 0.316292 -56.1799
0.00321773 0.318665 -57.3803
0.00391516 0.318974 -57.7252
0.00251359 0.325122 -59.4661
0.00435948 0.326615 -60.4256
0.00465501 0.329238 -61.4365
0.0134304 0.329183 -64.5303
0.0105688 0.326041 -62.396
0.00812204 0.324071 -60.8476
0.00322255 0.316694 -56.4079
-0.00336254 0.321832 -55.2937
-0.00059279 0.318528 -55.3354
-0.000617684 0.310495 -52.761
0.00653961 0.311795 -56.7676
0.0104513 0.32349 -62.6615
0.00937695 0.335725 -66.1681
0.00441238 0.330338 -61.5616
-0.00689601 0.327719 -54.0331
-0.00956045 0.31915 -49.4376
-0.00358601 0.320364 -53.4704
-0.00325596 0.326576 -55.79
0.00277898 0.327048 -59.9319
0.00528183 0.330508 -62.7153
0.0110804 0.330963 -66.784
0.013967 0.30647 -60.7774
0.0523138 0.262657 -75.3121
0.0727249 0.255591 -88.0801
0.0361278 0.28392 -67.5534
0.0190687 0.31139 -63.1187
0.0123916 0.323498 -61.6293
0.0190012 0.324816 -67.9162
0.0248755 0.317874 -70.7863
0.00696121 0.325721 -57.1824
0.0146787 0.328361 -65.368
0.0228987 0.318191 -69.6683
0.0161107 0.323943 -65.0715
0.016769 0.323936 -65.6687
0.0118478 0.318459 -58.927
0.00896975 0.333445 -61.1253
0.00626499 0.338657 -59.8168
0.00568494 0.333343 -57.4437
0.0159122 0.309862 -61.0408
0.00963403 0.295818 -49.0878
0.00542327 0.304283 -47.2913
0.00675122 0.290958 -44.3996
0.0222123 0.344332 -80.7886
0.0459541 0.31463 -99.7006
0.0579137 0.294553 -107.451
-0.000362969 0.2518 -32.8064
-0.00278286 0.23924 -28.2554
-0.00813394 0.225016 -22.9993
-0.0048248 0.250042 -32.3272
-0.0163298 0.263832 -36.2545
-0.00171902 0.281009 -43.721
0.00285146 0.300647 -51.2224
0.00920047 0.304994 -53.9086
0.00285055 0.308673 -53.9382
0.0037795 0.321197 -58.4803
0.00702104 0.326893 -61.1519
0.000332809 0.321389 -57.6057
0.00355101 0.31605 -56.4358
0.000265736 0.325615 -58.9188
0.00859648 0.33087 -63.3039
0.00817274 0.323955 -60.6441
0.00596562 0.332238 -62.8339
0.00233108 0.327501 -59.6705
0.00514041 0.320495 -58.2425
-0.00523902 0.321433 -54.3047
-0.00503199 0.320755 -54.2063
5.34191e-05 0.311095 -53.0474
-0.000820403 0.31674 -54.7382
0.0149605 0.319146 -63.3929
0.0100941 0.313279 -58.5805
0.0057359 0.320317 -58.699
-0.00286152 0.323588 -54.9445
-0.00669503 0.322485 -52.3866
-0.0099243 0.315091 -47.8186
0.000274251 0.301667 -49.5098
0.00240653 0.310563 -54.0547
0.00650705 0.315581 -58.5168
0.0124462 0.318029 -63.3761
0.0132863 0.319367 -64.3303
0.00427656 0.32524 -59.859
0.0224319 0.292179 -62.1972
0.0609573 0.246231 -76.1075
0.0837133 0.247474 -93.9919
0.0516925 0.275692 -77.7415
0.0211522 0.301097 -61.111
0.00639266 0.321932 -55.7404
0.000963434 0.308915 -46.3321
0.01722 0.317713 -64.0336
0.0249922 0.330252 -75.6068
0.0149511 0.328359 -65.4081
0.013095 0.314069 -58.6491
0.0172322 0.303431 -59.0478
0.0129375 0.311147 -57.4232
0.012907 0.310238 -56.9882
0.00561218 0.311623 -49.6616
0.00951021 0.327377 -59.3175
0.00570248 0.339155 -59.3431
0.00243049 0.332022 -53.2303
0.0058085 0.333124 -57.3128
0.00649338 0.336807 -59.6019
0.0244858 0.338483 -81.5151
0.0107567 0.33068 -62.2297
0.00914623 0.334911 -61.6105
-0.00799445 0.24816 -31.4338
-0.00866245 0.235407 -26.713
-0.00630862 0.228302 -24.23
-0.000425822 0.241041 -29.1985
-0.00136028 0.279582 -43.0287
0.00904063 0.266952 -39.801
0.0117692 0.297895 -51.3629
0.00164935 0.30131 -51.1503
0.0123096 0.307278 -55.0946
0.00608003 0.314521 -56.5019
0.00691533 0.313671 -56.4425
-0.0016723 0.304836 -51.1688
0.00687177 0.290463 -48.1879
0.00904236 0.307842 -55.1665
0.00837341 0.312137 -56.5374
0.00649516 0.310488 -55.2491
0.00830385 0.312276 -56.5039
0.0024774 0.313619 -54.8527
-0.000296042 0.295939 -47.262
-0.00331282 0.298841 -47.0939
-0.00270336 0.308178 -50.7359
-0.002165 0.296852 -46.9105
-0.0025433 0.290447 -44.5024
0.0105469 0.300762 -54.5652
0.0167768 0.287054 -52.6889
0.0106426 0.305196 -55.9652
0.00384631 0.308227 -53.3118
-0.00504672 0.305294 -47.1613
-0.0100897 0.306346 -44.5343
-0.0104335 0.307922 -44.9252
0.00238867 0.289922 -46.6739
0.00738235 0.303651 -54.8153
0.0089889 0.295593 -52.9652
0.011409 0.294868 -54.2891
0.00319714 0.289996 -46.5675
0.0120721 0.283028 -50.9043
0.0350885 0.265447 -62.4786
0.0803357 0.223222 -82.9444
0.0703767 0.237528 -79.7665
0.0438747 0.270643 -69.6522
0.0199693 0.294375 -57.7791
0.0206834 0.293981 -58.3815
0.0151512 0.31401 -60.6792
0.0187537 0.310482 -62.6823
0.0187534 0.311383 -62.9647
0.00602086 0.318329 -53.1372
-0.0146499 0.267384 -13.942
0.0157936 0.294914 -54.6634
0.012195 0.302144 -53.444
0.00878702 0.281525 -42.2676
0.017693 0.282049 -51.9712
0.00771102 0.323579 -56.0393
0.00964358 0.31502 -55.2814
0.00815491 0.307596 -51.0001
0.0154248 0.316326 -62.7616
0.0196099 0.325912 -71.1994
0.0140257 0.344842 -71.1042
0.00257938 0.325942 -50.2639
