0 1 3
1 2 3
2 3 3
3 5 3
5 6 3
6 7 3
7 8 3
8 9 3
9 11 3
11 12 3
12 13 3
13 14 3
14 15 3
15 16 3
16 17 3
17 19 2
19 20 3
20 21 3
21 22 3
22 23 3
23 24 0
24 25 3
25 26 2
26 84 3
26 27 3
27 28 3
28 29 3
29 30 3
30 31 3
31 32 3
32 33 3
33 34 3
34 35 3
35 36 3
36 37 3
37 38 0
38 39 1
39 40 0
40 41 3
41 42 3
42 102 3
45 102 3
45 46 3
46 47 3
47 49 0
49 50 3
50 109 3
53 109 3
53 54 3
54 113 3
56 113 3
56 57 3
11 68 3
9 68 3
47 221 0
47 107 0
5 62 3
164 221 2
3 62 3
5 63 3
23 81 0
62 63 3
24 81 3
49 107 3
11 69 3
38 95 3
47 164 0
12 71 3
13 71 3
17 76 3
19 76 3
42 159 3
102 159 3
37 95 0
107 164 1
6 63 3
9 67 3
67 68 3
27 85 3
28 85 3
19 77 3
24 82 3
42 100 3
1 59 3
2 59 3
20 77 3
25 82 3
30 88 3
41 100 3
3 61 3
22 80 3
23 80 3
31 88 3
38 97 1
50 107 3
53 111 3
54 111 3
2 61 3
68 69 3
12 128 3
20 78 3
38 96 3
40 99 3
41 99 3
0 59 3
2 60 3
8 66 3
12 69 3
14 71 3
15 73 3
16 73 3
21 79 3
21 80 3
28 86 3
29 87 3
31 89 3
32 90 3
33 90 3
33 91 3
34 92 3
35 93 3
40 98 3
54 112 3
0 58 3
61 62 3
14 73 3
16 75 3
21 78 3
25 141 3
86 87 3
87 88 3
88 89 3
89 90 3
34 91 3
92 93 3
36 93 3
95 96 3
39 97 3
39 98 0
100 159 3
50 166 3
109 111 3
112 113 3
56 114 3
57 114 3
7 66 3
14 130 3
17 75 3
76 77 3
79 80 3
82 141 3
25 84 3
27 84 3
85 86 3
96 97 1
98 99 3
99 100 3
107 166 3
111 112 3
58 59 3
60 61 3
9 66 3
71 130 3
77 78 3
78 79 3
84 85 3
91 92 3
46 102 2
71 128 3
84 141 3
90 91 3
113 114 3
63 64 3
6 64 3
73 130 3
73 75 3
75 76 3
80 81 0
37 93 2
59 60 3
7 64 3
66 67 3
81 82 3
7 123 3
97 98 0
109 168 3
64 123 3
66 123 3
46 104 0
46 221 0
111 168 3
69 128 3
73 131 0
104 221 0
109 166 3
73 132 0
75 132 3
100 158 3
158 159 3
102 104 0
104 220 0
130 131 3
131 132 3
159 160 3
107 165 3
78 136 3
102 160 3
165 166 3
76 135 3
77 135 3
84 142 3
37 152 0
166 167 3
109 167 3
59 117 3
79 136 3
85 142 3
93 152 3
58 117 3
71 129 3
95 153 3
167 168 3
64 122 3
128 129 3
85 143 3
91 150 3
92 150 3
95 152 3
114 172 3
63 122 3
69 126 3
79 138 0
80 138 0
152 153 3
68 126 0
75 134 3
76 134 3
86 144 3
93 150 3
97 155 3
62 120 3
67 126 0
136 138 3
81 138 3
85 144 3
87 145 3
87 146 3
88 146 3
90 148 3
91 148 3
96 154 3
99 157 3
104 160 3
112 170 3
113 170 3
58 116 3
61 119 3
63 120 3
75 133 3
81 139 3
82 140 3
88 147 3
89 147 3
98 156 3
98 157 3
100 157 3
116 117 3
60 119 3
61 120 3
63 121 3
138 139 3
82 139 3
141 142 3
86 145 3
147 148 3
95 154 3
97 154 0
97 156 0
156 157 3
164 222 0
111 169 3
114 170 3
60 118 3
120 121 3
121 122 3
122 123 3
129 130 3
140 141 3
143 144 3
153 154 3
155 156 0
221 222 3
164 165 0
170 172 3
60 117 3
145 146 3
118 119 3
133 134 3
77 136 3
139 140 3
144 145 3
146 147 3
157 158 3
168 169 3
112 169 3
117 118 3
119 120 3
134 135 3
139 197 3
142 143 3
150 209 3
93 209 3
161 220 0
135 136 3
154 155 1
104 161 3
169 170 3
132 133 3
148 207 3
91 207 3
160 161 3
67 123 3
126 128 3
128 187 3
140 198 3
141 198 3
150 207 3
152 209 3
67 124 3
67 183 0
141 199 3
145 203 3
124 183 3
126 183 3
131 190 3
135 193 3
136 195 3
138 195 3
198 199 3
144 203 3
220 221 3
134 192 3
134 193 3
143 201 3
161 276 0
123 124 3
142 201 3
168 225 3
132 190 3
192 193 3
142 200 3
169 225 3
120 178 3
121 178 3
130 188 3
159 217 3
160 217 3
172 230 3
116 175 3
117 175 3
126 184 3
138 196 3
144 201 3
201 203 3
146 203 3
154 213 1
158 217 3
166 224 3
172 289 3
123 181 3
129 188 3
189 190 3
139 196 3
142 199 3
146 262 3
152 268 3
155 213 3
156 214 3
220 222 3
165 224 3
167 224 3
230 289 3
118 176 3
118 177 3
119 177 3
121 179 3
122 181 3
129 187 3
131 189 3
199 200 3
203 262 3
148 206 3
153 268 3
154 212 3
157 214 3
116 174 3
118 175 3
120 177 3
122 179 3
124 182 3
128 184 2
130 189 3
136 193 3
200 201 3
147 206 3
153 211 3
157 215 3
170 230 3
175 176 3
123 182 3
183 184 3
195 196 3
206 207 3
154 211 3
212 213 1
156 213 1
214 215 3
158 215 3
167 225 3
174 175 3
181 182 3
187 244 3
132 191 3
133 191 3
134 191 3
193 195 3
197 198 3
211 268 3
213 214 0
165 223 3
170 228 3
176 177 3
128 244 3
188 189 3
191 192 3
223 224 3
169 228 3
228 230 3
178 179 3
182 183 3
184 244 3
187 188 3
165 222 3
177 178 3
196 197 3
146 206 3
222 223 3
206 262 3
211 212 3
215 274 3
158 274 3
217 274 3
190 191 3
207 209 3
179 181 3
224 225 3
209 268 3
160 276 0
230 287 3
220 337 3
222 337 3
228 287 3
190 248 3
207 266 3
209 266 3
217 276 0
181 238 3
276 393 3
179 238 3
193 252 3
201 260 3
220 276 3
203 260 3
181 239 3
182 239 3
188 246 3
209 267 3
178 236 3
183 240 3
183 241 3
188 247 0
267 268 3
182 240 3
184 241 3
246 247 3
189 248 3
192 249 3
196 254 3
201 259 3
259 260 3
207 265 3
265 266 3
230 288 3
240 241 3
189 247 0
191 249 3
260 262 3
206 264 3
274 276 3
224 282 3
225 228 3
287 288 3
175 234 3
176 234 3
178 237 3
241 242 3
184 242 3
195 252 3
198 256 3
266 267 3
214 272 3
225 282 3
225 285 3
228 285 3
228 286 3
288 289 3
177 234 3
179 237 3
239 240 3
196 255 3
197 255 3
197 256 3
199 256 3
223 337 3
174 232 3
175 232 3
177 235 3
178 235 3
237 238 3
238 239 3
199 257 3
200 258 3
201 258 3
206 265 3
212 270 3
213 271 3
213 272 0
278 337 3
175 233 3
234 235 3
184 243 3
187 245 3
250 252 3
195 254 3
254 255 3
257 258 3
262 264 3
211 270 3
270 271 1
271 272 0
276 337 3
337 338 3
223 338 3
282 285 3
285 286 3
232 233 3
233 234 3
235 236 3
242 243 3
243 244 3
244 245 3
187 246 3
247 248 1
192 250 0
193 250 0
258 259 3
264 265 3
268 269 3
211 269 3
286 287 3
245 246 3
255 256 3
269 270 3
214 273 3
215 273 3
393 450 3
236 237 3
190 249 3
273 274 3
276 450 3
276 278 3
248 249 3
256 257 3
264 321 3
249 250 0
262 321 3
266 325 3
278 450 3
195 311 3
252 311 3
267 325 3
272 273 3
286 345 3
287 345 3
250 309 3
254 311 3
282 338 3
252 309 3
262 320 3
320 321 3
282 342 3
285 342 3
285 343 3
287 346 3
288 346 3
249 307 3
309 310 3
260 318 3
260 319 3
262 319 3
270 328 3
286 343 3
233 291 3
248 307 3
259 318 3
345 346 3
235 293 3
243 301 3
265 381 3
268 326 3
288 347 3
289 347 3
232 291 3
234 291 3
236 293 3
244 302 3
247 306 2
266 381 3
269 326 3
270 329 1
271 329 3
272 330 3
273 330 3
282 341 3
235 292 3
244 301 3
248 306 3
249 308 0
309 311 3
255 313 3
258 316 3
259 316 3
269 328 3
328 329 1
341 342 3
346 347 3
234 292 3
241 300 3
242 300 3
306 307 2
250 308 3
254 313 3
256 313 3
256 315 3
257 315 3
286 344 3
236 294 3
237 294 3
237 296 3
238 296 3
239 297 3
243 300 3
246 304 3
247 304 3
307 308 0
256 314 3
272 329 1
276 392 3
392 450 3
338 396 3
342 343 3
344 345 3
232 290 3
291 292 3
292 293 3
293 294 3
237 295 3
296 297 3
240 299 3
241 299 3
301 302 3
245 303 3
247 305 3
310 311 3
254 312 3
313 314 3
315 316 3
259 317 3
264 322 3
274 391 2
276 391 3
337 396 3
343 344 3
290 291 3
294 295 3
299 300 3
308 309 3
314 315 3
316 317 3
318 319 3
321 322 3
265 322 3
267 384 3
239 298 3
240 298 3
300 301 3
245 304 3
304 305 3
305 306 2
311 312 3
312 313 3
317 318 3
325 381 0
325 384 3
298 299 3
244 303 3
267 326 3
330 331 3
319 320 3
326 384 3
326 328 3
329 330 0
273 331 3
273 391 3
338 341 3
295 296 3
302 303 3
303 304 3
391 392 3
335 391 3
273 335 3
297 298 3
322 380 3
330 388 3
341 396 3
329 388 0
278 394 3
304 362 3
310 367 3
322 381 3
394 450 3
303 362 3
309 367 3
278 396 3
380 381 3
325 382 2
328 385 3
329 387 3
291 349 3
293 352 3
294 352 3
387 388 0
331 335 3
341 398 3
290 349 3
302 360 3
303 360 3
304 363 3
326 385 3
396 398 3
305 363 3
312 371 3
313 371 3
306 364 3
381 382 3
341 399 3
294 353 3
362 363 3
307 364 3
311 368 3
321 379 3
382 440 3
342 399 3
293 351 3
295 353 3
306 363 2
310 368 3
318 376 3
320 379 3
351 352 3
352 353 3
297 355 3
300 359 3
301 359 3
317 376 3
394 396 3
299 357 3
300 358 3
316 374 3
319 376 3
322 379 3
328 387 1
396 397 3
398 399 3
296 355 3
298 355 3
298 356 3
298 357 3
299 358 3
301 360 3
303 361 3
307 365 3
308 366 3
308 367 3
314 373 3
315 373 3
315 374 3
317 375 3
319 377 3
320 378 3
328 386 3
331 388 3
397 398 3
342 400 3
343 401 3
344 401 3
344 402 3
345 403 3
346 404 3
290 348 3
292 349 3
292 350 3
292 351 3
296 353 3
355 356 3
356 357 3
360 361 3
361 362 3
364 365 3
365 366 0
314 371 3
314 372 3
374 375 3
376 377 3
320 377 3
386 387 1
331 391 3
399 400 3
400 401 3
402 403 3
403 404 3
347 404 3
348 349 3
350 351 3
358 359 3
371 429 3
377 378 3
378 379 3
385 386 3
331 389 3
394 395 3
347 405 3
349 350 3
357 358 3
312 429 3
371 372 3
372 373 3
388 389 3
401 402 3
359 360 3
366 367 3
373 374 3
375 376 3
395 396 3
404 405 3
367 368 3
312 368 3
429 486 3
384 385 3
366 424 3
325 499 3
384 441 3
389 391 3
353 355 3
365 424 0
312 486 3
440 499 2
382 499 2
441 499 3
389 448 3
391 448 3
363 364 3
379 380 3
349 408 3
350 408 3
364 421 3
353 411 3
395 453 3
396 453 3
397 455 3
352 411 3
355 411 3
365 423 3
384 442 3
398 455 3
356 415 3
423 424 0
367 426 3
450 452 3
394 452 3
355 413 3
357 415 3
368 426 3
373 431 3
378 437 3
379 437 3
381 440 2
385 442 3
392 452 3
398 456 3
411 412 1
355 412 1
356 413 3
358 415 3
363 421 3
312 426 3
372 430 3
377 437 3
396 455 3
399 456 3
356 414 3
367 424 3
379 438 3
351 410 3
352 410 3
414 415 3
358 417 3
359 417 3
360 418 3
361 418 3
371 430 3
380 438 3
441 442 3
388 446 3
395 452 3
453 455 3
349 407 3
410 411 3
374 432 3
381 438 3
387 446 0
389 446 3
392 448 3
348 406 3
348 407 3
351 409 3
358 416 3
361 419 3
429 430 3
373 430 3
373 432 3
374 433 3
375 433 3
376 434 3
377 435 3
385 443 3
386 444 3
387 445 3
389 447 3
455 456 3
399 458 3
400 458 3
404 462 3
406 407 3
350 409 3
409 410 3
413 414 3
415 416 3
416 417 3
359 418 3
362 419 3
364 423 3
367 425 3
433 434 3
434 435 3
438 440 0
442 443 3
443 444 3
444 445 1
446 447 3
447 448 3
401 458 3
401 459 3
403 462 3
412 413 2
417 418 3
425 426 3
430 431 3
445 446 0
392 508 2
452 453 3
399 457 2
458 459 3
405 462 3
418 419 3
421 480 3
423 481 3
424 425 3
426 485 3
312 485 3
431 432 3
432 433 3
437 438 3
456 457 3
402 459 3
362 478 3
421 423 3
438 497 3
440 497 2
457 458 3
363 478 3
423 480 0
435 437 3
419 478 3
408 409 3
421 478 3
485 486 3
453 454 3
454 455 3
407 408 3
408 466 3
403 519 2
407 466 3
402 460 3
462 519 2
405 521 2
402 519 2
462 521 2
410 468 3
409 468 3
452 508 3
452 511 3
453 511 3
459 460 3
460 519 3
409 466 3
412 470 2
412 471 2
426 484 3
448 507 3
392 507 3
462 520 2
411 468 3
411 470 3
484 485 3
454 511 3
437 493 2
508 510 3
452 510 3
519 520 3
413 471 3
435 493 2
497 499 1
507 508 3
455 514 2
456 514 3
457 514 3
458 516 3
414 472 3
424 482 2
434 493 2
446 504 3
447 506 3
448 506 3
508 509 3
509 510 3
510 511 3
454 513 3
455 513 2
459 516 3
520 521 3
413 472 3
417 476 3
418 476 3
425 482 3
443 501 3
444 501 3
513 514 3
457 516 3
406 464 3
407 465 3
409 467 3
411 469 3
415 473 3
416 474 3
417 475 3
419 476 3
419 477 3
421 479 3
425 483 3
432 490 3
433 492 2
434 492 2
437 494 2
437 495 2
442 500 3
445 503 3
445 504 0
447 505 3
459 517 3
460 517 3
464 465 3
465 466 3
466 467 3
467 468 3
469 470 3
470 471 3
471 472 3
472 473 3
473 474 3
475 476 3
478 479 3
480 481 1
424 481 1
429 487 3
430 488 3
433 490 3
492 493 3
493 494 3
438 495 2
500 501 3
504 505 3
506 507 3
454 512 3
457 515 3
516 517 3
468 469 3
416 475 3
477 478 3
481 482 0
482 483 3
426 483 2
486 487 3
430 487 3
444 503 1
505 506 3
512 513 3
515 516 3
460 518 3
476 477 3
431 490 3
503 504 0
511 512 3
514 515 3
517 518 3
518 519 3
441 500 3
474 475 3
479 480 3
487 488 3
431 488 3
433 491 2
494 495 3
438 496 2
491 492 3
496 497 3
495 496 3
490 491 3
483 484 3
444 561 1
503 561 3
510 569 2
511 569 2
488 490 3
488 547 3
490 547 3
497 556 3
512 569 3
479 537 3
499 556 2
499 557 2
441 557 2
501 560 2
444 560 2
513 572 3
515 573 3
556 557 3
560 561 1
512 572 3
516 573 3
468 526 2
476 533 1
478 536 3
479 536 3
480 537 3
510 568 2
469 526 2
473 532 1
474 532 1
474 533 1
475 533 1
476 534 1
477 535 1
491 550 3
492 550 3
500 557 2
568 569 3
514 572 3
517 575 3
518 575 3
532 533 3
533 534 3
477 534 1
477 536 3
520 579 3
521 579 3
465 524 3
466 524 3
469 527 1
470 527 1
473 531 1
531 532 3
534 535 3
482 540 1
493 550 3
496 554 3
500 558 2
509 568 3
518 577 3
519 577 3
519 578 3
520 578 3
467 526 2
472 530 1
472 531 1
481 539 3
481 540 3
495 554 3
497 555 3
501 558 2
501 559 2
503 562 0
504 562 2
507 509 2
515 572 3
518 576 3
465 523 3
467 524 3
467 525 3
470 528 1
471 528 1
471 529 1
471 530 1
480 539 1
487 546 3
488 546 3
495 553 3
558 559 3
505 562 2
505 565 2
577 578 3
578 579 3
464 522 3
464 523 3
529 530 3
530 531 3
484 542 3
493 551 3
494 553 3
557 558 3
562 565 3
506 565 1
573 574 3
516 575 3
522 523 3
523 524 3
524 525 3
536 537 3
483 542 3
485 543 2
490 548 3
491 549 3
494 551 3
553 554 3
555 556 3
559 560 3
507 565 1
573 575 3
575 576 3
526 527 3
528 529 3
485 487 3
546 547 3
491 548 3
549 550 3
494 552 3
561 562 0
509 567 1
572 573 3
576 577 3
527 528 2
483 540 1
483 541 3
551 552 3
497 554 3
569 572 3
574 575 3
525 526 2
535 536 0
541 542 3
484 543 3
485 544 2
487 544 2
547 548 3
548 549 3
550 551 3
562 563 3
563 565 3
509 565 1
509 566 1
539 540 3
542 543 3
543 544 3
544 546 3
552 553 3
565 566 3
566 567 3
567 568 3
537 539 1
540 541 3
554 555 3
572 631 3
572 630 3
537 596 3
539 596 3
569 630 3
630 631 3
573 631 1
537 595 3
595 596 3
552 610 3
553 610 3
527 585 3
528 586 3
543 601 3
544 601 3
550 609 3
551 609 3
558 616 3
559 616 3
527 586 2
535 593 3
536 593 1
542 600 3
543 600 3
549 607 3
551 610 3
554 612 3
524 582 1
525 584 1
526 584 1
536 594 2
548 607 3
550 607 3
555 612 3
627 630 3
523 581 3
523 582 2
532 590 3
533 592 3
534 592 3
537 594 3
546 603 3
546 604 3
547 604 3
547 605 3
548 605 3
550 608 3
608 609 3
568 626 3
568 627 3
569 627 3
628 630 3
576 635 1
577 635 1
522 580 3
525 583 1
526 585 2
529 587 3
530 588 3
531 589 3
532 589 3
533 590 3
533 591 3
535 592 3
540 598 2
541 598 3
541 600 3
544 602 3
544 603 3
548 606 3
609 610 3
553 611 3
553 612 3
563 621 3
563 622 3
565 622 3
626 627 3
627 628 3
574 633 1
575 633 1
576 633 1
580 581 3
524 583 1
583 584 3
585 586 3
587 588 3
588 589 3
600 601 3
602 603 3
603 604 3
604 605 3
605 606 3
606 607 3
607 608 3
610 611 3
566 622 3
567 626 3
574 631 1
574 632 1
577 636 1
578 636 1
579 636 1
584 585 3
586 587 3
589 590 3
590 591 3
592 593 3
562 621 3
621 622 3
631 632 3
632 633 3
633 635 3
581 582 3
594 595 3
540 596 3
601 602 3
611 612 3
559 561 2
582 583 3
593 594 0
557 616 3
566 681 3
566 624 3
635 636 3
591 592 3
541 599 3
622 681 3
624 681 3
566 626 3
598 599 3
599 600 3
556 672 3
556 616 3
562 619 3
619 621 3
624 626 3
616 672 3
561 619 2
635 692 3
596 598 3
556 612 3
559 675 3
559 619 3
633 692 3
596 655 3
612 672 3
619 677 3
598 655 3
616 675 3
619 675 3
626 683 3
624 683 3
636 693 3
616 673 3
675 676 3
619 676 3
619 678 3
621 678 3
635 693 3
636 695 3
612 671 3
672 673 3
621 679 3
622 679 3
628 686 3
671 672 3
616 674 3
681 682 3
624 682 3
627 685 3
628 687 3
586 644 3
587 645 3
588 646 3
596 654 3
654 655 3
606 664 3
606 665 3
607 665 3
673 674 3
674 675 3
626 685 3
627 686 3
686 687 3
630 687 3
633 690 3
581 639 3
589 646 3
664 665 3
683 684 3
626 684 3
632 690 3
601 659 3
602 659 3
604 662 3
605 664 3
677 678 3
690 692 3
580 639 3
583 642 3
584 642 3
585 642 3
585 644 3
644 645 3
645 646 3
605 662 3
608 665 3
676 677 3
678 679 3
685 686 3
636 694 3
694 695 3
580 638 3
585 643 3
589 648 3
590 648 3
591 648 3
595 654 3
600 659 3
602 661 3
603 661 3
605 663 3
608 666 3
610 668 3
611 668 3
611 669 3
612 669 3
682 683 3
631 689 3
632 689 3
693 694 3
638 639 3
582 639 3
598 657 3
599 657 3
600 657 3
604 661 3
663 664 3
665 666 3
609 666 3
609 667 3
609 668 3
669 671 3
684 685 3
630 689 3
593 651 3
595 653 3
600 658 3
602 660 3
661 662 3
662 663 3
666 667 3
667 668 3
642 643 3
589 647 3
594 651 1
653 654 3
657 658 3
659 660 3
660 661 3
668 669 3
687 689 3
689 690 3
583 641 3
646 647 3
692 693 3
582 641 3
641 642 3
592 651 3
594 653 3
658 659 3
647 648 3
582 640 3
651 653 3
655 657 3
622 738 3
681 738 3
639 640 3
689 746 3
643 644 3
591 707 2
591 651 3
679 738 3
687 746 3
640 641 3
692 749 3
648 707 3
690 749 3
654 712 3
651 707 3
655 712 3
655 713 3
655 714 3
657 714 3
713 714 3
659 718 3
660 718 3
653 712 3
681 739 3
641 700 3
642 700 3
651 709 2
653 709 3
653 710 3
653 711 3
712 713 3
677 735 3
678 735 3
682 739 3
686 744 3
687 744 3
749 750 3
709 710 3
711 712 3
663 721 3
664 721 3
666 725 3
667 725 3
673 731 3
674 733 3
675 733 3
676 733 3
692 750 3
693 750 3
693 751 3
645 703 3
651 708 2
710 711 3
659 717 3
717 718 3
672 730 3
673 730 3
674 731 3
676 734 3
690 748 3
641 699 3
644 703 3
645 704 3
646 704 3
657 715 3
662 721 3
664 722 3
676 735 3
687 745 3
689 747 3
689 748 3
694 751 3
695 753 3
639 697 3
640 698 3
641 698 3
699 700 3
644 702 3
648 706 3
658 715 3
658 717 3
721 722 3
665 722 3
666 724 3
724 725 3
674 732 3
733 734 3
738 739 3
682 740 3
682 741 3
683 741 3
684 743 3
745 746 3
746 747 3
747 748 3
750 751 3
694 753 3
638 696 3
639 696 3
643 701 3
702 703 3
647 704 3
706 707 3
707 708 3
708 709 3
661 719 3
662 720 3
665 723 3
665 724 3
668 725 3
730 731 3
731 732 3
732 733 3
734 735 3
735 736 3
678 736 3
679 737 3
684 741 3
748 749 3
640 697 3
698 699 3
642 701 3
701 702 3
647 705 3
714 715 3
660 719 3
719 720 3
720 721 3
722 723 3
668 726 3
668 727 3
669 727 3
736 737 3
737 738 3
739 740 3
685 744 3
744 745 3
700 701 3
703 704 3
723 724 3
685 743 3
696 697 3
697 698 3
715 717 3
726 727 3
740 741 3
743 744 3
704 705 3
647 706 3
725 726 3
671 727 3
671 730 3
705 706 3
751 753 3
718 719 3
671 787 3
741 743 3
727 787 3
743 800 3
741 800 3
730 787 3
727 786 3
751 810 3
753 810 3
715 774 3
717 774 3
786 787 3
711 769 3
712 769 3
721 779 3
739 797 3
704 763 2
705 763 2
720 779 3
733 791 3
738 797 3
744 802 3
746 804 3
749 807 3
750 809 3
751 809 3
753 811 3
700 758 3
706 763 3
707 765 3
713 771 3
714 772 3
714 773 3
715 773 3
732 791 3
735 794 3
736 794 3
743 802 3
745 803 3
745 804 3
747 804 3
750 807 3
706 764 3
712 771 3
713 772 3
772 773 3
718 776 3
719 776 3
719 778 3
720 778 3
787 788 3
730 788 3
743 801 3
748 807 3
809 810 3
699 758 3
701 758 3
707 764 3
708 766 3
709 767 3
722 779 3
725 783 3
726 784 3
731 788 3
737 795 3
739 798 3
740 798 3
741 798 3
801 802 3
744 803 3
747 806 3
748 806 3
810 811 3
696 754 3
697 755 3
698 756 3
699 757 3
702 760 3
708 765 3
709 766 3
710 767 3
710 769 3
771 772 3
719 777 3
724 783 3
727 784 3
732 790 3
734 792 3
794 795 3
738 796 3
747 805 3
697 754 3
755 756 3
756 757 3
757 758 3
701 759 3
701 760 3
703 760 3
703 762 2
704 762 2
766 767 3
710 768 3
712 770 3
773 774 3
717 776 3
727 785 3
731 789 3
790 791 3
791 792 3
735 792 3
795 796 3
796 797 3
804 805 3
758 759 3
759 760 3
764 765 3
765 766 3
768 769 3
770 771 3
777 778 3
778 779 3
722 780 3
725 784 3
784 785 3
788 789 3
732 789 3
800 801 3
805 806 3
806 807 3
754 755 3
703 761 3
762 763 3
767 768 3
769 770 3
779 780 3
723 780 3
723 781 3
723 782 3
724 782 3
797 798 3
802 803 3
803 804 3
760 761 3
761 762 3
776 777 3
780 781 3
781 782 3
782 783 3
789 790 3
807 809 3
763 764 3
774 776 3
783 784 3
785 786 3
798 800 3
792 794 3
798 857 3
800 857 3
776 833 3
774 833 3
792 851 3
794 851 3
762 820 3
763 820 3
807 866 3
768 826 3
791 849 3
806 865 3
807 865 3
760 818 3
773 832 3
774 832 3
792 849 3
792 850 3
857 858 3
800 858 3
759 817 3
760 817 3
781 839 3
782 839 3
789 847 3
790 847 3
850 851 3
809 866 3
809 867 3
756 815 3
757 815 3
817 818 3
761 818 3
773 831 3
849 850 3
801 858 3
801 860 3
802 860 3
866 867 3
761 819 3
776 834 3
777 834 3
777 835 3
787 845 3
787 846 3
790 849 3
794 853 3
795 853 3
795 854 3
796 854 3
754 813 3
755 813 3
756 813 3
756 814 3
762 819 3
766 825 3
767 825 3
769 826 3
772 831 3
831 832 3
778 836 3
779 838 3
780 838 3
781 838 3
786 845 3
788 846 3
794 852 3
796 855 3
797 855 3
801 859 3
859 860 3
804 862 3
805 862 3
805 863 3
810 867 3
810 869 3
811 869 3
754 812 3
814 815 3
758 816 3
766 824 3
768 825 3
832 833 3
833 834 3
778 835 3
782 841 3
783 841 3
784 843 3
785 843 3
789 846 3
851 852 3
852 853 3
798 855 3
798 856 3
806 863 3
810 868 3
757 816 3
816 817 3
763 822 3
764 822 3
765 822 3
765 824 3
825 826 3
772 830 3
838 839 3
783 842 3
784 842 3
786 844 3
856 857 3
803 860 3
803 861 3
803 862 3
812 813 3
813 814 3
815 816 3
818 819 3
824 825 3
771 828 3
772 828 3
834 835 3
779 837 3
837 838 3
841 842 3
786 843 3
845 846 3
853 854 3
854 855 3
858 859 3
861 862 3
867 868 3
826 827 3
769 827 3
828 830 3
830 831 3
835 836 3
778 837 3
842 843 3
843 844 3
846 847 3
862 863 3
868 869 3
819 820 3
770 827 3
847 849 3
855 856 3
863 865 3
865 866 3
770 828 3
836 837 3
839 841 3
860 861 3
820 822 3
844 845 3
822 824 3
847 906 3
849 906 3
827 828 3
863 923 3
865 923 3
822 881 3
824 881 3
832 890 3
828 887 3
830 887 3
839 898 3
841 898 3
841 899 3
842 899 3
858 916 3
837 895 3
845 903 3
849 907 3
814 872 3
820 879 3
822 879 3
832 891 3
838 895 3
844 903 3
818 876 3
819 876 3
819 878 3
820 878 3
831 890 3
890 891 3
833 891 3
835 894 3
836 894 3
836 895 3
842 900 3
853 911 3
857 916 3
859 916 3
814 873 3
822 880 3
838 897 3
839 897 3
898 899 3
843 900 3
846 903 3
854 911 3
856 914 3
813 872 3
815 873 3
816 873 3
816 874 3
817 875 3
818 875 3
830 888 3
831 888 3
895 896 3
838 896 3
899 900 3
846 904 3
846 905 3
847 905 3
857 914 3
859 917 3
860 918 3
861 918 3
923 980 3
867 925 3
812 870 3
813 871 3
873 874 3
887 888 3
834 891 3
834 893 3
835 893 3
894 895 3
896 897 3
897 898 3
843 901 3
844 902 3
903 904 3
904 905 3
906 907 3
850 908 3
851 909 3
854 912 3
855 913 3
856 913 3
859 918 3
862 919 3
862 921 3
863 921 3
868 926 3
870 871 3
826 884 3
827 886 3
828 886 3
834 892 3
893 894 3
901 902 3
902 903 3
849 908 3
908 909 3
852 909 3
912 913 3
913 914 3
861 919 3
862 978 3
863 980 3
866 923 3
868 925 3
869 926 3
874 875 3
879 880 3
891 892 3
892 893 3
900 901 3
852 910 3
921 978 3
925 926 3
872 873 3
875 876 3
825 883 3
825 884 3
827 884 3
886 887 3
905 906 3
907 908 3
911 912 3
916 917 3
917 918 3
919 978 3
880 881 3
881 883 3
909 910 3
853 910 3
918 919 3
921 980 3
866 925 3
871 872 3
878 879 3
883 884 3
819 935 3
914 916 3
923 925 3
876 935 3
878 935 3
910 911 3
884 886 3
831 947 3
890 947 3
888 947 3
881 940 3
914 973 3
916 973 3
918 976 3
884 942 3
886 943 3
917 976 3
884 943 3
942 943 3
925 982 3
875 933 3
876 933 3
883 940 3
919 977 3
925 981 3
883 942 3
890 948 3
916 974 3
923 981 3
981 982 3
873 932 3
874 932 3
875 932 3
881 939 3
888 946 3
891 948 3
917 974 3
919 976 3
977 978 3
926 985 3
932 933 3
876 934 3
880 939 3
939 940 3
883 941 3
887 945 3
887 946 3
946 947 3
947 948 3
900 959 3
901 959 3
902 959 3
904 962 3
911 969 3
912 970 3
871 930 3
872 930 3
873 931 3
933 934 3
934 935 3
940 941 3
941 942 3
886 945 3
892 951 3
893 951 3
894 952 3
895 952 3
900 958 3
903 961 3
903 962 3
906 964 3
912 969 3
870 929 3
871 929 3
873 930 3
931 932 3
879 937 3
880 938 3
886 944 3
945 946 3
891 949 3
892 950 3
895 953 3
896 954 3
897 955 3
898 956 3
899 957 3
958 959 3
902 960 3
905 963 3
907 964 3
907 965 3
908 966 3
908 967 3
909 967 3
910 968 3
911 968 3
913 971 3
914 971 3
914 972 3
917 975 3
925 984 3
926 984 3
870 928 3
929 930 3
878 937 3
879 938 3
938 939 3
943 944 3
944 945 3
948 949 3
949 950 3
950 951 3
894 951 3
952 953 3
953 954 3
954 955 3
955 956 3
956 957 3
957 958 3
959 960 3
960 961 3
961 962 3
962 963 3
906 963 3
965 966 3
966 967 3
967 968 3
970 971 3
971 972 3
973 974 3
974 975 3
925 983 3
984 985 3
928 929 3
937 938 3
963 964 3
969 970 3
972 973 3
975 976 3
976 977 3
982 983 3
983 984 3
951 952 3
964 965 3
968 969 3
930 931 3
935 937 3
980 981 3
935 994 3
937 994 3
978 1037 3
921 1037 3
977 1035 3
930 988 3
946 1004 3
973 1031 3
931 988 3
933 991 3
947 1004 3
947 1005 3
948 1005 3
952 1010 3
960 1018 3
966 1024 3
970 1029 3
971 1029 3
976 1035 3
980 1037 3
980 1038 3
981 1038 3
932 991 3
934 991 3
934 992 3
941 999 3
943 1001 3
944 1001 3
945 1003 3
950 1008 3
951 1009 3
953 1010 3
957 1015 3
959 1018 3
962 1020 3
965 1024 3
967 1025 3
968 1025 3
972 1030 3
976 1034 3
978 1035 3
978 1036 3
929 988 3
931 989 3
932 989 3
932 990 3
935 992 3
935 993 3
939 997 3
940 998 3
942 999 3
944 1003 3
948 1006 3
951 1008 3
952 1009 3
958 1015 3
963 1020 3
963 1021 3
964 1021 3
972 1029 3
973 1030 3
974 1032 3
975 1032 3
1034 1035 3
1035 1036 3
1036 1037 3
984 1043 3
985 1043 3
928 986 3
929 987 3
992 993 3
993 994 3
937 995 3
938 996 3
938 997 3
939 998 3
942 1000 3
944 1002 3
1005 1006 3
949 1007 3
949 1008 3
953 1012 3
954 1012 3
955 1013 3
956 1014 3
958 1016 3
959 1017 3
961 1019 3
964 1022 3
965 1023 3
968 1027 3
969 1027 3
981 1040 3
982 1040 3
983 1041 3
984 1042 3
986 987 3
987 988 3
988 989 3
994 995 3
995 996 3
998 999 3
999 1000 3
1000 1001 3
1001 1002 3
1002 1003 3
1003 1004 3
1004 1005 3
1006 1007 3
1008 1009 3
1012 1013 3
1013 1014 3
1014 1015 3
1015 1016 3
959 1016 3
1017 1018 3
1018 1019 3
1019 1020 3
1020 1021 3
1021 1022 3
1022 1023 3
1023 1024 3
970 1027 3
1029 1030 3
1030 1031 3
973 1032 3
975 1034 3
982 1041 3
984 1041 3
1042 1043 3
989 990 3
990 991 3
991 992 3
996 997 3
997 998 3
1007 1008 3
966 1025 3
1031 1032 3
1037 1038 3
1009 1010 3
1025 1027 3
1040 1041 3
1041 1042 3
1016 1017 3
1024 1025 3
1010 1012 3
1038 1040 3
