0 59 3
2 59 3
2 3 3
3 4 1
4 5 3
5 6 3
6 7 3
7 8 3
8 9 3
9 10 3
10 11 3
11 12 3
12 13 3
13 14 3
14 16 0
16 17 1
17 18 0
18 19 3
19 20 3
20 21 3
21 23 1
23 24 0
24 25 3
25 26 3
26 27 3
27 28 3
28 29 3
29 30 3
30 31 3
31 32 3
32 33 2
33 34 0
34 35 3
35 36 3
36 37 3
37 38 3
38 39 3
39 40 2
40 41 2
41 42 3
42 43 3
43 44 3
44 45 3
45 46 3
46 47 3
47 48 0
48 49 1
49 51 0
51 52 3
52 53 3
53 54 3
54 55 3
55 56 1
56 57 0
33 91 3
34 91 1
23 81 0
20 78 3
23 80 0
27 84 3
40 98 1
51 108 3
21 78 3
26 84 3
41 98 3
49 108 0
55 113 1
56 113 3
3 120 3
28 86 3
32 91 2
0 58 3
4 120 0
4 63 3
5 63 3
17 76 0
18 76 3
21 80 3
80 81 3
2 60 3
3 60 3
27 86 3
51 109 3
52 109 3
8 65 3
24 81 3
30 88 3
31 88 3
34 93 3
35 93 3
7 65 3
13 71 3
14 72 3
14 73 3
16 73 1
76 189 3
18 77 3
19 77 3
39 98 1
45 104 3
46 104 3
47 104 3
54 112 3
55 112 3
3 61 3
6 64 3
12 71 3
13 72 3
17 189 0
19 78 3
25 83 3
29 87 3
31 90 3
32 90 3
36 94 3
37 95 3
39 97 3
41 99 3
42 100 3
43 101 3
44 102 3
45 103 3
47 105 3
48 106 3
49 107 3
52 110 3
53 111 3
56 114 3
57 115 1
61 120 3
11 69 3
12 69 3
72 73 3
86 87 3
90 91 2
36 93 3
94 95 3
37 96 3
38 96 3
38 97 3
97 98 1
99 100 3
100 101 3
101 102 3
102 103 3
104 105 3
105 106 0
49 106 0
108 109 3
110 111 3
53 112 3
113 114 3
57 114 1
59 60 3
5 64 3
69 71 3
24 83 3
26 83 3
103 104 3
106 107 1
109 110 3
111 112 3
112 113 1
58 59 3
6 65 3
8 67 3
9 67 3
71 72 3
76 77 3
29 88 3
93 94 3
98 99 3
49 165 3
114 115 3
31 89 3
95 96 3
108 165 1
10 67 3
77 78 3
78 80 3
87 88 3
88 89 3
96 97 3
107 165 3
60 61 3
64 65 3
16 132 2
17 132 1
89 90 3
63 120 0
83 84 3
73 132 3
132 189 0
34 150 3
84 142 3
91 150 0
93 150 3
65 67 3
63 64 3
10 69 3
78 137 3
80 137 3
81 83 3
84 86 3
109 167 3
59 117 3
67 125 0
10 125 0
89 146 3
58 117 3
64 123 0
65 123 0
69 125 0
83 141 3
84 141 3
86 144 3
88 146 3
89 147 3
91 149 3
60 118 3
63 121 0
65 124 0
67 124 0
90 147 3
59 118 3
60 119 3
61 119 3
69 127 0
73 189 0
77 136 3
78 136 3
146 147 3
104 162 3
110 167 3
112 171 3
113 171 0
119 120 3
64 121 0
124 125 3
71 127 0
87 144 3
87 145 3
90 148 3
91 148 2
93 151 3
105 162 3
106 165 1
108 166 3
109 166 3
114 172 0
115 172 0
117 118 3
64 122 0
141 142 3
144 145 3
149 150 0
94 152 3
95 153 3
97 155 3
98 156 3
99 157 3
100 158 3
101 159 3
102 160 3
103 161 3
105 163 3
106 164 3
167 168 3
110 168 3
111 168 3
111 169 3
112 169 3
112 170 3
115 173 0
58 116 3
118 119 3
121 122 3
122 123 3
123 124 3
71 130 3
72 130 3
76 135 3
77 135 3
81 140 3
84 144 3
145 146 3
147 148 3
93 152 3
152 153 3
96 153 3
97 156 1
156 157 3
157 158 3
158 159 3
159 160 3
160 161 3
161 162 3
163 164 0
165 166 0
169 170 3
170 171 3
171 172 3
172 173 3
116 117 3
120 121 3
125 127 3
127 130 1
136 137 3
148 149 2
96 155 3
81 197 3
150 151 3
151 152 3
155 156 1
168 169 3
127 128 3
80 197 3
140 197 3
142 144 3
162 163 3
73 130 3
83 140 3
164 165 1
166 167 3
130 189 0
128 130 1
135 189 3
137 196 3
80 196 3
140 141 3
125 183 3
155 213 3
156 213 0
118 176 3
127 183 3
135 136 3
196 197 3
189 191 3
135 191 3
142 201 3
144 201 3
116 174 3
189 190 0
142 200 3
147 205 3
149 207 3
96 212 3
200 201 3
146 205 3
150 381 1
150 208 3
151 208 3
153 212 3
141 199 3
141 200 3
147 206 3
148 206 3
117 175 3
190 191 0
149 381 3
155 212 3
116 175 3
183 185 3
127 185 3
140 198 3
141 198 3
199 200 3
152 211 3
161 219 3
162 219 3
164 222 3
166 224 1
172 231 1
174 175 3
120 179 3
121 179 3
122 180 3
122 181 3
123 181 3
144 202 3
205 206 3
153 211 3
163 222 0
165 224 3
173 231 1
119 177 3
180 181 3
124 182 3
135 194 3
136 194 3
198 199 3
201 202 3
145 203 3
146 204 3
151 209 3
152 209 3
152 210 3
156 214 3
157 215 3
158 216 3
159 217 3
160 218 3
161 218 3
162 220 3
162 221 3
163 221 3
165 223 3
170 228 1
171 229 1
175 176 3
176 177 3
124 181 3
202 203 3
203 204 3
204 205 3
149 206 2
209 210 3
214 215 3
215 216 3
216 217 3
217 218 3
168 226 1
169 226 1
228 229 3
172 229 1
120 236 3
125 182 3
136 253 3
137 253 3
197 198 3
219 220 3
220 221 3
165 222 0
167 224 1
167 225 1
172 230 1
174 580 0
177 236 3
179 236 3
179 180 3
208 381 1
213 214 1
218 219 3
221 222 0
223 224 3
169 228 1
230 231 3
210 211 3
168 225 1
194 253 3
206 207 2
208 209 3
211 212 3
229 230 3
182 183 3
207 381 3
225 226 3
181 182 3
183 242 3
196 253 3
206 264 3
185 242 3
128 185 3
212 213 3
181 239 3
128 245 3
130 245 0
222 223 1
182 239 3
183 241 3
182 241 3
185 245 3
206 265 2
207 265 3
222 280 1
224 225 3
226 228 3
241 242 3
189 245 3
226 285 3
188 189 3
228 285 3
188 245 3
191 251 3
135 251 3
194 251 3
199 257 3
200 257 3
188 190 1
213 271 3
196 254 3
196 255 3
197 255 3
212 271 3
229 287 3
175 234 3
245 246 3
188 246 3
194 252 3
253 254 3
264 265 2
228 287 3
174 233 3
176 234 3
252 253 3
198 255 3
201 259 3
202 259 3
220 278 3
221 278 3
233 580 0
175 233 3
236 237 3
179 237 3
190 248 0
210 268 3
211 270 3
212 270 3
219 277 3
223 281 3
224 281 3
176 235 3
177 235 3
179 238 3
180 238 3
188 248 3
254 255 3
198 256 3
199 256 3
200 258 3
201 258 3
202 261 3
203 261 3
209 267 3
210 267 3
211 268 3
218 277 3
220 277 3
222 281 1
230 287 3
230 289 3
231 289 3
185 243 3
185 244 3
244 245 3
251 309 3
202 260 3
204 262 3
205 263 3
211 269 3
214 271 0
214 272 3
215 274 3
216 274 3
217 275 3
218 276 3
221 279 1
222 279 1
224 282 3
225 283 3
226 284 3
228 286 3
230 288 3
234 235 3
242 243 3
251 252 3
257 258 3
258 259 3
261 262 3
262 263 3
263 264 3
268 269 3
269 270 3
270 271 3
215 272 3
215 273 3
274 275 3
275 276 3
276 277 3
281 282 3
283 284 3
284 285 3
285 286 3
286 287 3
233 234 3
181 238 3
255 256 3
256 257 3
260 261 3
265 381 3
208 266 3
209 266 3
267 268 3
271 272 1
272 273 3
287 288 3
243 244 3
191 248 3
266 381 1
266 267 3
279 280 3
280 281 3
288 289 3
259 260 3
278 279 1
277 278 3
224 283 3
266 324 3
273 274 3
324 381 1
282 283 3
235 236 3
238 239 3
237 238 3
239 298 3
182 298 3
241 298 3
276 335 1
277 336 1
278 336 1
233 291 3
277 335 1
279 336 3
248 251 3
253 311 3
270 328 3
276 334 1
334 335 3
234 292 3
242 300 3
252 311 3
256 315 3
261 319 3
268 326 3
271 328 3
335 336 3
280 338 3
291 580 0
291 292 3
243 300 3
257 315 3
260 319 3
269 326 3
279 338 3
281 339 3
243 301 3
259 316 3
263 321 3
275 334 1
280 339 3
285 343 3
286 343 3
235 293 3
244 301 3
258 316 3
259 317 3
264 321 3
266 325 3
267 325 3
234 293 3
238 296 3
239 296 3
241 299 3
244 302 3
254 311 3
260 317 3
260 318 3
262 320 3
263 320 3
324 325 3
269 328 3
279 337 3
282 340 3
283 341 3
284 342 3
286 344 3
287 345 3
288 346 3
289 346 3
289 347 3
292 293 3
236 293 3
298 299 3
299 300 3
301 302 3
244 361 3
245 361 3
254 312 3
255 313 3
316 317 3
319 320 3
265 323 3
275 333 1
336 337 3
337 338 3
339 340 3
340 341 3
341 342 3
342 343 3
343 344 3
344 345 3
345 346 3
246 363 3
248 307 3
255 312 3
256 313 3
317 318 3
318 319 3
264 322 3
264 323 2
268 325 3
269 327 3
338 339 3
346 347 3
302 361 3
188 364 3
188 307 3
307 364 3
312 313 3
323 381 3
326 327 3
327 328 3
333 334 3
348 580 0
291 348 3
300 301 3
311 312 3
313 315 3
322 323 2
325 326 3
272 330 3
275 332 1
236 351 3
237 296 3
320 321 3
321 322 3
271 330 1
332 333 3
293 351 3
236 353 3
237 353 3
296 298 3
246 364 3
258 315 3
328 330 1
351 353 3
246 361 3
307 309 3
274 332 1
361 363 3
251 307 3
273 389 1
273 332 1
252 368 3
273 330 3
332 389 3
363 364 3
251 368 3
296 353 3
296 354 3
298 356 3
353 354 3
315 316 3
309 366 3
311 368 3
352 353 3
298 354 3
307 366 3
328 387 1
330 388 3
330 389 3
351 352 3
311 428 3
317 376 3
318 376 3
320 379 3
321 379 3
330 387 3
388 389 3
298 357 3
299 357 3
313 371 3
356 357 3
324 440 1
328 386 1
298 355 3
387 388 3
292 350 3
354 355 3
386 387 3
345 404 3
346 404 3
312 428 3
312 371 3
313 373 3
315 373 3
315 374 3
316 374 3
316 375 3
317 375 3
381 382 3
324 382 1
326 384 1
338 396 3
292 351 3
307 365 3
365 366 3
313 430 3
319 376 3
322 379 3
325 384 1
335 393 3
337 396 3
340 398 3
342 400 3
343 400 3
291 349 3
355 356 3
300 358 3
301 359 3
301 360 3
302 360 3
368 428 3
371 430 3
373 430 3
319 377 3
320 378 3
325 440 1
327 386 1
332 390 3
333 391 3
334 392 3
336 393 3
336 394 3
337 395 3
339 397 3
340 397 3
341 400 3
343 401 3
344 402 3
345 403 3
347 404 3
349 350 3
357 358 3
358 359 3
359 360 3
360 361 3
364 365 3
368 426 3
377 378 3
378 379 3
389 390 3
390 391 3
391 392 3
334 393 3
393 394 3
394 395 3
395 396 3
396 397 3
402 403 3
348 349 3
373 431 3
373 374 3
375 376 3
376 377 3
327 384 1
327 385 1
343 402 3
347 405 3
350 351 3
251 426 3
430 431 3
374 375 3
384 385 3
385 386 3
392 393 3
397 398 3
403 404 3
404 405 3
341 399 3
401 402 3
251 425 3
384 440 3
340 399 3
400 401 3
425 426 3
398 399 3
309 425 3
382 440 3
399 400 3
371 428 3
322 437 3
322 438 3
322 381 2
366 425 3
379 437 3
353 412 3
354 412 3
381 438 3
361 420 3
363 420 3
371 429 3
429 430 3
437 438 3
348 406 3
350 408 3
353 410 3
355 412 3
363 421 3
364 421 3
400 458 3
401 459 3
349 408 3
351 408 3
352 410 3
381 439 3
384 442 3
385 442 3
386 444 3
387 444 3
393 451 1
396 454 3
398 456 3
399 456 3
458 459 3
351 409 3
360 418 3
361 418 3
377 435 3
378 435 3
378 437 3
394 451 1
395 454 3
397 454 3
408 409 3
356 414 3
357 414 3
375 433 3
376 433 3
438 439 3
392 451 1
399 458 3
403 462 3
404 462 3
349 406 3
349 407 3
352 409 3
355 413 3
357 416 3
358 416 3
359 417 3
360 417 3
364 422 3
365 422 3
365 423 3
366 424 3
374 432 3
376 434 3
378 436 3
382 439 3
385 443 3
387 445 3
388 446 3
388 447 3
389 447 3
390 448 3
391 449 3
392 450 1
394 452 3
397 455 3
397 456 3
401 460 3
402 460 3
403 461 3
405 463 3
407 408 3
412 413 3
413 414 3
416 417 3
420 421 3
421 422 3
422 423 3
423 424 3
431 432 3
375 432 3
434 435 3
435 436 3
436 437 3
440 441 3
384 441 3
443 444 3
444 445 3
445 446 3
447 448 3
448 449 3
449 450 1
451 452 0
395 452 3
395 453 3
399 457 3
460 461 3
404 463 3
424 425 3
426 428 3
433 434 3
446 447 3
450 451 3
453 454 3
454 455 3
455 456 3
456 457 3
457 458 3
459 460 3
406 407 3
409 410 3
410 412 3
441 442 3
442 443 3
452 453 3
461 462 3
462 463 3
439 440 3
417 418 3
361 478 3
414 416 3
418 478 3
420 478 3
432 433 3
417 475 3
418 475 3
428 429 3
412 469 3
428 485 3
407 465 3
408 465 3
410 469 3
412 470 3
413 470 3
451 510 3
452 510 1
413 471 3
426 485 3
437 496 3
438 496 3
414 471 3
424 482 3
425 484 3
426 484 3
450 509 3
451 509 3
406 464 3
407 464 3
408 466 3
410 468 3
422 480 3
425 482 3
409 466 3
416 474 3
421 480 3
445 504 3
446 504 3
454 512 3
456 514 3
459 518 3
460 518 3
465 466 3
468 469 3
470 471 3
414 473 3
416 473 3
418 477 3
477 478 3
423 480 3
484 485 3
438 497 3
439 497 3
453 512 3
455 512 3
455 514 3
421 479 3
447 505 3
450 508 3
452 511 3
453 511 3
456 515 3
457 515 3
459 517 3
461 519 3
462 520 3
463 520 3
409 468 3
414 472 3
473 474 3
418 476 3
420 479 3
423 481 3
429 487 3
430 488 3
432 490 3
433 490 3
433 491 3
434 492 3
435 493 3
436 494 3
437 495 3
440 498 3
440 499 3
441 499 3
442 500 3
443 501 3
444 502 3
445 503 3
446 505 3
448 506 3
449 506 3
449 507 1
450 507 3
508 509 3
455 513 3
513 514 3
514 515 3
458 516 3
458 517 3
517 518 3
460 519 3
461 520 3
471 472 3
417 474 3
475 476 3
480 481 3
481 482 3
425 483 3
428 486 3
428 487 3
487 488 3
430 489 3
431 489 3
433 492 3
492 493 3
493 494 3
494 495 3
439 498 3
499 500 3
442 501 3
501 502 3
502 503 3
503 504 3
505 506 3
512 513 3
515 516 3
516 517 3
464 465 3
479 480 3
483 484 3
431 490 3
490 491 3
495 496 3
496 497 3
511 512 3
518 519 3
519 520 3
463 521 3
474 475 3
476 477 3
486 487 3
491 492 3
497 498 3
498 499 3
500 501 3
510 511 0
520 521 3
469 470 3
478 479 3
482 483 3
504 505 3
509 510 3
472 473 3
489 490 3
506 507 1
485 486 3
507 508 3
488 489 3
409 525 2
466 525 3
468 525 3
468 526 3
525 526 3
496 554 3
497 554 3
512 570 3
513 570 3
483 541 2
487 545 2
520 578 3
482 541 2
488 545 2
521 578 3
474 533 3
476 535 3
477 535 3
484 541 2
486 545 2
495 554 3
497 556 3
498 556 3
510 568 3
511 569 3
512 569 3
470 528 3
475 533 3
481 540 2
482 540 2
488 546 2
489 546 2
507 566 3
511 568 1
514 572 3
464 522 3
471 528 3
474 532 3
478 536 2
479 536 2
479 537 2
480 537 2
480 538 2
481 539 2
540 541 3
484 542 2
485 542 2
499 556 3
506 564 3
508 566 3
513 572 3
519 577 3
520 577 3
465 522 3
465 523 3
469 527 3
469 528 3
471 529 3
472 529 3
532 533 3
478 535 3
538 539 3
539 540 3
541 542 3
486 544 2
545 546 3
489 547 2
489 548 2
490 548 2
491 550 3
492 550 3
493 551 3
494 552 3
495 553 3
497 555 3
499 557 3
500 558 3
501 559 3
502 560 3
503 561 3
504 562 3
505 563 3
505 564 3
507 564 0
509 568 3
513 571 3
515 573 3
516 574 3
517 575 3
518 576 3
466 523 3
473 531 3
485 544 2
544 545 3
546 547 3
550 551 3
551 552 3
552 553 3
553 554 3
554 555 3
557 558 3
558 559 3
559 560 3
560 561 3
561 562 3
562 563 3
568 569 0
570 571 3
571 572 3
572 573 3
573 574 3
574 575 3
575 576 3
519 576 3
521 579 3
468 527 3
472 531 3
535 536 3
536 537 3
485 543 2
547 548 3
556 557 3
563 564 3
576 577 3
578 579 3
522 523 3
526 527 3
528 529 3
474 531 3
537 538 3
543 544 3
490 549 2
491 549 2
466 524 3
527 528 3
476 533 3
542 543 3
549 550 3
507 565 3
509 567 3
531 532 3
548 549 3
555 556 3
564 565 1
565 566 3
508 567 3
569 570 3
577 578 3
523 524 3
567 568 3
524 525 3
529 531 3
566 567 3
568 626 3
533 535 3
566 623 3
565 623 3
528 531 3
535 593 3
536 593 3
550 608 2
535 592 3
536 594 3
549 608 3
533 592 3
537 594 3
538 596 3
567 623 3
573 631 3
574 631 3
532 590 3
593 594 3
537 596 3
564 623 1
570 628 3
572 630 3
572 631 3
531 589 3
532 589 3
533 590 3
592 593 3
537 595 3
546 604 3
547 604 3
551 609 2
571 628 3
574 632 3
525 584 3
528 588 3
531 588 3
589 590 3
590 592 3
595 596 3
539 597 3
540 598 3
541 598 3
542 600 3
543 600 3
608 609 3
552 611 2
553 611 2
555 614 3
556 614 3
630 631 3
631 632 3
526 584 3
541 600 3
543 601 3
544 603 3
545 603 3
547 605 3
548 606 3
549 607 3
552 609 2
557 615 3
558 616 3
559 617 3
560 618 3
561 619 3
562 620 3
563 621 3
564 622 3
569 628 3
571 687 3
572 687 3
575 633 3
576 634 3
577 635 3
578 636 3
578 637 3
579 637 3
525 583 3
527 584 3
527 585 2
588 589 3
594 595 3
539 598 3
541 599 3
544 601 3
603 604 3
604 605 3
605 606 3
606 607 3
607 608 3
553 612 2
554 612 2
614 615 3
615 616 3
616 617 3
617 618 3
618 619 3
619 620 3
620 621 3
621 622 3
622 623 1
567 626 3
569 626 1
569 627 3
633 634 3
634 635 3
577 636 3
636 637 3
524 582 3
583 584 3
528 585 2
599 600 3
552 668 2
611 612 3
572 688 3
574 633 3
522 638 3
525 582 3
584 585 3
600 601 3
609 668 3
611 668 3
626 627 0
687 688 3
635 636 3
523 638 3
523 581 3
523 582 3
582 583 3
539 596 3
597 598 3
627 628 3
628 687 3
630 688 3
632 633 3
581 582 3
596 597 3
598 599 3
581 638 3
555 612 2
585 586 3
528 586 1
586 588 3
567 682 3
623 682 3
585 643 3
590 649 3
592 649 3
555 672 2
567 683 3
586 643 3
612 672 3
614 672 2
682 683 3
626 683 3
583 585 3
585 642 3
599 657 3
612 670 3
634 692 3
600 657 3
611 670 3
635 692 3
642 643 3
589 647 3
590 647 3
544 660 3
603 660 3
671 672 3
622 681 1
623 681 3
637 695 3
592 650 3
598 656 3
601 660 3
605 664 3
606 664 3
612 671 3
619 677 3
626 684 3
627 684 1
583 641 1
593 650 3
594 652 3
599 656 3
601 659 3
606 665 3
607 665 3
611 669 3
618 677 3
632 690 3
582 641 1
583 642 1
588 647 3
595 652 3
596 655 3
597 655 3
600 659 3
659 660 3
603 661 3
605 663 3
664 665 3
608 666 3
669 670 3
670 671 3
614 673 2
615 673 2
620 678 3
627 686 3
628 686 3
631 690 3
582 640 1
641 642 3
586 645 3
588 645 3
593 652 3
595 653 3
597 656 3
604 661 3
604 662 3
609 666 3
616 673 2
619 678 3
621 679 3
622 680 3
627 685 3
686 687 3
631 689 3
633 691 3
635 693 3
636 694 3
636 695 3
581 640 1
640 641 3
588 704 3
649 650 3
596 653 3
655 656 3
657 658 3
600 658 3
660 661 3
661 662 3
662 663 3
672 673 3
616 674 2
616 675 2
617 675 2
678 679 3
679 680 3
680 681 1
684 685 0
685 686 3
689 690 3
690 691 3
633 692 3
692 693 3
693 694 3
647 704 3
608 665 3
673 674 3
617 676 2
618 676 2
683 684 3
631 688 3
691 692 3
694 695 3
581 639 1
652 653 3
656 657 3
663 664 3
639 640 3
650 651 3
593 651 3
596 654 3
658 659 3
665 666 3
668 669 3
674 675 3
681 682 3
638 639 1
645 704 3
653 654 3
654 655 3
677 678 3
647 649 3
651 652 3
675 676 3
676 677 3
688 689 3
666 668 3
643 645 3
666 725 3
668 725 3
647 706 3
649 706 3
643 702 3
645 702 3
640 699 3
641 699 3
657 715 3
658 715 3
668 726 3
638 696 1
639 696 3
656 714 3
657 714 3
687 745 3
688 745 3
642 701 3
643 701 3
647 705 3
725 726 3
677 735 2
642 699 3
645 703 3
704 705 3
705 706 3
714 715 3
671 730 3
672 730 3
673 731 3
676 735 3
688 746 3
689 746 3
703 704 3
665 723 3
666 723 3
672 731 3
674 732 3
650 709 3
651 710 3
652 710 3
655 714 3
659 717 3
661 720 3
662 720 3
663 722 3
664 722 3
669 726 3
671 729 3
673 732 3
678 736 2
680 738 1
681 740 3
682 740 3
694 753 3
695 753 3
640 698 3
649 707 3
650 708 3
651 709 3
655 713 3
660 717 3
665 722 3
666 724 3
669 727 3
670 727 3
670 728 3
670 729 3
730 731 3
675 732 3
677 736 2
679 737 2
679 738 1
681 738 2
683 740 3
683 741 3
685 743 3
686 744 3
689 747 3
690 748 3
691 749 3
692 750 3
693 751 3
694 752 3
639 697 3
640 697 3
698 699 3
701 702 3
702 703 3
707 708 3
653 710 3
713 714 3
660 718 3
661 718 3
724 725 3
726 727 3
727 728 3
728 729 3
731 732 3
675 734 3
676 734 3
736 737 3
684 741 3
685 744 3
744 745 3
746 747 3
747 748 3
748 749 3
692 749 3
750 751 3
751 752 3
706 707 3
653 711 3
654 711 3
654 713 3
658 717 3
663 720 3
723 724 3
729 730 3
734 735 3
738 740 2
684 743 0
745 746 3
752 753 3
697 698 3
709 710 3
722 723 3
749 750 3
696 697 3
708 709 3
710 711 3
663 721 3
735 736 3
737 738 1
743 744 3
642 700 3
700 701 3
717 718 3
720 721 3
721 722 3
699 700 3
740 741 3
718 720 3
732 734 3
684 800 1
743 800 1
715 717 3
741 800 3
743 801 1
654 769 3
800 801 3
711 769 3
713 769 3
769 770 3
738 797 3
740 797 2
744 801 1
706 764 3
713 770 3
718 777 3
720 777 3
732 791 3
734 791 3
715 774 3
717 774 3
737 795 3
738 795 0
746 804 3
701 759 3
702 759 3
703 761 3
705 763 3
705 764 3
706 765 3
707 765 3
720 778 3
723 781 3
734 793 3
735 793 3
740 798 3
747 804 3
697 755 3
704 761 3
704 763 3
708 765 3
710 768 3
713 771 3
714 773 3
715 773 3
721 778 3
722 780 3
722 781 3
727 786 3
728 786 3
741 799 3
799 800 3
704 762 3
711 768 3
714 771 3
721 780 3
724 781 3
731 789 3
736 793 3
736 794 3
745 804 3
698 755 3
699 757 3
700 757 3
762 763 3
709 767 3
770 771 3
726 785 3
727 785 3
728 787 3
729 787 3
730 789 3
732 789 3
734 792 3
737 794 3
748 806 3
696 754 3
698 756 3
700 759 3
702 760 3
761 762 3
764 765 3
708 767 3
714 772 3
773 774 3
718 776 3
724 782 3
725 782 3
725 783 3
726 783 3
730 787 3
730 788 3
732 790 3
740 799 3
747 805 3
747 806 3
749 807 3
750 808 3
751 809 3
752 810 3
753 810 3
753 811 3
754 755 3
755 756 3
699 756 3
702 761 3
708 766 3
710 767 3
771 772 3
717 776 3
776 777 3
777 778 3
787 788 3
789 790 3
790 791 3
791 792 3
794 795 3
797 798 3
806 807 3
807 808 3
808 809 3
809 810 3
756 757 3
759 760 3
763 764 3
772 773 3
717 775 3
781 782 3
782 783 3
785 786 3
786 787 3
788 789 3
793 794 3
810 811 3
700 758 3
760 761 3
767 768 3
774 775 3
780 781 3
798 799 3
744 861 2
804 805 3
758 759 3
765 766 3
766 767 3
775 776 3
801 861 0
745 861 2
805 806 3
783 785 3
792 793 3
757 758 3
768 769 3
795 797 1
795 854 3
797 854 0
721 837 3
780 837 3
785 842 3
788 846 3
778 837 3
787 846 3
801 859 3
758 816 3
759 816 3
769 827 3
790 848 3
783 841 3
785 843 3
791 848 3
797 855 3
804 861 3
765 823 3
782 841 3
786 843 3
854 855 2
798 855 3
755 814 3
756 814 3
764 823 3
842 843 3
793 851 3
762 820 3
762 821 3
763 821 3
770 827 3
783 842 3
789 847 3
792 851 3
759 817 3
760 819 3
761 819 3
761 820 3
820 821 3
764 821 3
766 823 3
768 827 3
771 829 3
772 829 3
775 833 3
787 845 3
790 847 3
791 849 3
791 850 3
792 850 3
808 866 3
810 868 3
810 869 3
811 869 3
754 812 3
755 813 3
813 814 3
757 815 3
760 817 3
760 818 3
764 822 3
822 823 3
767 825 3
768 825 3
768 826 3
826 827 3
770 828 3
772 831 3
773 831 3
774 832 3
776 833 3
776 835 3
777 835 3
778 836 3
780 838 3
781 839 3
782 840 3
786 844 3
786 845 3
848 849 3
794 851 3
794 852 3
795 853 3
801 917 3
804 862 2
805 862 2
805 863 2
806 863 2
807 866 3
809 867 3
812 813 3
814 815 3
816 817 3
817 818 3
819 820 3
821 822 3
766 825 3
827 828 3
828 829 3
772 830 3
831 832 3
832 833 3
835 836 3
836 837 3
838 839 3
839 840 3
840 841 3
841 842 3
843 844 3
845 846 3
788 847 3
849 850 3
852 853 3
853 854 3
798 914 3
798 857 3
799 857 3
800 859 3
861 917 1
862 863 3
806 864 2
866 867 3
867 868 3
829 830 3
776 834 3
837 838 3
844 845 3
850 851 3
851 852 3
857 914 3
861 862 3
863 864 3
807 864 2
868 869 3
815 816 3
818 819 3
825 826 3
834 835 3
855 914 3
859 917 3
807 865 2
833 834 3
846 847 3
830 831 3
847 848 3
800 857 3
864 865 3
865 866 3
823 882 3
766 882 3
825 882 3
857 916 3
800 916 3
859 916 3
861 919 3
917 919 0
826 884 3
827 884 3
866 924 2
815 873 3
816 873 3
853 911 3
854 911 3
865 924 3
866 925 2
867 925 2
819 877 3
821 879 3
822 879 3
825 883 3
828 887 3
829 887 3
832 890 3
820 877 3
823 881 3
825 884 3
833 890 3
838 897 3
839 897 3
847 905 3
848 906 3
813 871 3
814 872 3
815 872 3
816 875 3
817 875 3
818 876 3
883 884 3
884 885 3
827 885 3
842 901 3
843 901 3
846 905 3
847 906 3
848 907 3
849 907 3
850 908 3
862 919 3
862 920 3
924 925 3
868 926 2
812 870 3
814 871 3
816 874 3
819 876 3
820 878 3
881 882 3
828 885 3
828 886 3
830 887 3
831 889 3
833 891 3
834 892 3
835 893 3
836 894 3
837 895 3
838 896 3
840 898 3
841 899 3
842 900 3
844 901 3
844 902 3
845 903 3
846 904 3
849 908 3
851 909 3
852 910 3
854 912 3
857 915 3
919 920 3
863 921 3
864 923 3
865 923 3
867 926 2
870 871 3
872 873 3
818 875 3
878 879 3
882 883 3
885 886 3
886 887 3
830 889 3
889 890 3
891 892 3
892 893 3
893 894 3
894 895 3
895 896 3
896 897 3
897 898 3
898 899 3
899 900 3
900 901 3
902 903 3
903 904 3
905 906 3
908 909 3
909 910 3
910 911 3
911 912 3
854 913 3
855 913 2
920 921 3
863 922 3
864 922 3
925 926 3
869 926 2
869 927 2
873 874 3
874 875 3
875 876 3
876 877 3
822 880 3
823 880 3
830 888 3
890 891 3
904 905 3
907 908 3
912 913 3
915 916 3
921 922 3
877 878 3
879 880 3
880 881 3
888 889 3
901 902 3
914 915 3
926 927 3
887 888 3
906 907 3
922 923 3
923 924 3
871 872 3
914 972 2
913 914 2
915 972 2
917 977 0
919 977 3
917 975 3
975 977 0
916 974 3
916 917 3
915 974 3
923 981 3
872 930 3
922 981 3
924 981 3
871 930 3
907 965 3
906 965 3
873 930 3
921 979 3
921 981 3
909 967 3
913 972 3
917 974 3
979 981 3
875 933 3
877 935 3
887 945 3
900 958 3
901 959 3
907 966 3
908 966 3
908 967 3
912 971 3
913 971 3
920 979 3
924 983 3
925 983 3
874 932 3
875 932 3
876 933 3
876 935 3
878 935 3
881 939 3
882 939 3
883 942 3
884 942 3
888 945 3
888 947 3
889 947 3
892 950 3
899 958 3
902 959 3
906 964 3
964 965 3
980 981 3
926 984 3
927 984 3
870 928 3
871 929 3
876 934 3
879 937 3
880 938 3
882 940 3
883 940 3
885 943 3
886 944 3
890 948 3
891 948 3
891 949 3
891 950 3
893 951 3
894 952 3
895 953 3
896 953 3
896 955 3
897 955 3
898 956 3
899 957 3
901 958 3
902 960 3
903 961 3
904 962 3
905 963 3
910 968 3
911 969 3
912 969 3
972 974 3
974 975 3
919 978 3
920 978 3
979 980 3
981 983 3
928 929 3
929 930 3
873 931 3
874 931 3
934 935 3
878 936 3
879 936 3
937 938 3
938 939 3
939 940 3
942 943 3
943 944 3
944 945 3
888 946 3
947 948 3
893 950 3
951 952 3
952 953 3
896 954 3
955 956 3
956 957 3
960 961 3
961 962 3
962 963 3
963 964 3
965 966 3
967 968 3
968 969 3
912 970 3
977 978 3
978 979 3
981 982 3
982 983 3
925 984 3
930 931 3
932 933 3
933 934 3
936 937 3
945 946 3
946 947 3
948 949 3
949 950 3
953 954 3
969 970 3
970 971 3
927 985 3
931 932 3
950 951 3
954 955 3
957 958 3
958 959 3
959 960 3
966 967 3
971 972 3
976 977 3
983 984 3
984 985 3
972 1031 3
974 1031 2
975 976 0
940 942 3
935 936 3
972 1030 3
971 1030 3
940 999 3
942 999 3
932 990 3
931 990 3
933 990 3
936 994 3
943 1001 3
1030 1031 3
1031 1032 3
974 1032 3
980 1037 3
935 994 3
937 994 3
942 1001 3
944 1003 3
945 1003 3
960 1018 3
979 1037 3
980 1039 3
981 1039 3
983 1041 3
930 988 3
937 996 3
938 996 3
945 1004 3
946 1004 3
957 1015 3
959 1018 3
980 1038 3
982 1041 3
929 988 3
939 996 3
939 997 3
944 1002 3
958 1015 3
958 1016 3
961 1018 3
970 1028 3
974 1033 2
975 1033 3
977 1035 3
978 1035 3
1037 1038 3
985 1043 3
931 988 3
933 991 3
934 991 3
940 997 3
943 1002 3
1003 1004 3
947 1006 3
948 1006 3
952 1011 3
953 1011 3
959 1016 3
966 1024 3
967 1024 3
967 1026 3
968 1026 3
969 1028 3
971 1028 3
971 1029 3
976 1034 3
976 1035 3
978 1036 3
928 986 3
929 987 3
931 989 3
934 992 3
935 992 3
935 993 3
937 995 3
947 1005 3
949 1007 3
950 1008 3
951 1009 3
952 1010 3
954 1012 3
955 1012 3
955 1013 3
956 1014 3
959 1017 3
961 1019 3
962 1020 3
963 1021 3
964 1022 3
965 1023 3
969 1027 3
1029 1030 3
975 1034 0
1035 1036 3
1038 1039 3
983 1042 3
984 1042 3
984 1043 3
986 987 3
987 988 3
988 989 3
989 990 3
990 991 3
992 993 3
993 994 3
994 995 3
995 996 3
942 1000 3
1002 1003 3
1004 1005 3
1006 1007 3
1007 1008 3
1008 1009 3
1009 1010 3
1010 1011 3
1011 1012 3
1013 1014 3
957 1014 3
1015 1016 3
1016 1017 3
1018 1019 3
1019 1020 3
1020 1021 3
1021 1022 3
1022 1023 3
1023 1024 3
1026 1027 3
1032 1033 3
1034 1035 3
978 1037 3
981 1040 3
982 1040 3
1042 1043 3
996 997 3
1000 1001 3
1001 1002 3
1005 1006 3
1017 1018 3
1027 1028 3
1028 1029 3
1033 1034 3
1039 1040 3
1041 1042 3
991 992 3
999 1000 3
1040 1041 3
1012 1013 3
1014 1015 3
1036 1037 3
997 999 3
1024 1026 3
