-0.00334833 -0.0540188 12.0281
-0.0198159 -0.0518555 12.4168
-0.0780509 -0.0348994 14.7456
-0.0222725 0.00265935 10.6277
-0.00554537 0.0137183 9.29338
-0.0140447 0.0337082 9.94079
-0.0196131 0.034038 10.5942
-0.0216413 0.0143742 11.1566
-0.029341 0.0160712 12.5094
0.0359258 -0.263164 17.021
0.0746578 -0.206029 9.48445
0.0191365 -0.084532 21.5167
0.00882063 -0.00482348 4.93409
-0.00220274 -0.0031866 8.05173
-0.0207882 0.0313139 12.8926
-0.00344309 0.038416 6.98389
0.016855 -0.00548792 0.910132
0.387276 -0.0632344 -134.222
-0.0070565 -0.587261 18.9066
-0.0501806 0.0269232 29.8553
-0.080641 0.0272993 43.0069
-0.138757 -0.841321 80.285
-0.128482 -0.0230083 65.3434
-0.0302626 -0.0101435 20.3291
0.0682303 -0.0156261 -27.4753
-0.0547579 -0.0114336 38.2921
0.132313 -0.077889 -65.0509
0.108644 -0.09639 -50.2007
0.108297 -0.106812 -50.0107
0.0837951 -0.0632814 -35.2795
0.0560355 -0.0570478 -17.452
0.0512945 -0.0640254 -14.8662
0.0301404 -0.0521168 -0.340916
0.0131723 -0.0418328 11.7384
-0.0169373 -0.0218768 33.9066
-0.0436513 -0.113583 54.8154
-0.0696548 -0.0407275 73.3994
-0.0721018 -0.0556262 76.2702
-0.00261582 -0.213567 44.4495
-0.0218537 -0.212453 60.8406
-0.0225099 -0.211741 61.0156
-0.0620983 -0.222169 96.7843
-0.0632448 -0.087795 95.2042
0.0454075 -0.062207 5.54511
0.00494073 -0.082956 44.1761
-0.0344011 -0.0594639 82.1823
-0.0882275 -0.0277325 135.125
-0.114503 -0.0488059 161.704
-0.153287 -0.0427928 201.326
-0.112712 -0.0234087 157.654
-0.0127714 -0.0145656 50.5018
0.00864605 0.00630064 27.0537
0.00291679 -0.0126271 33.9372
-0.00966987 -0.0274333 48.3641
0.0596521 -0.00162892 0.152904
0.0370672 -0.0107377 27.1122
0.0251326 -0.0181043 41.5299
0.035179 -0.00155626 29.2492
-0.0271081 -0.0308969 11.0502
-0.0304802 0.0293595 10.0294
-0.022304 -0.0132606 11.042
-0.007762 0.00130237 9.82104
0.00249692 -0.00153912 9.10348
-0.0130828 0.0021831 10.6449
-0.00566927 0.0251039 9.16077
-0.0338484 0.0244657 13.092
-0.0289102 0.0120444 12.435
-0.0161327 0.0111836 10.0391
-0.00052258 0.00577999 6.98614
0.0030663 0.00252602 6.08973
0.0110333 0.00241889 4.17129
0.000779086 -0.00521217 7.35757
-0.00981898 0.00959206 10.0328
-0.00813766 0.0181447 9.18079
0.0169114 0.0111009 0.437204
0.0288496 0.00967865 -4.12364
0.0229558 -0.0105422 -0.332581
-0.0352127 0.0636004 21.9973
-0.0594253 0.0191478 33.6767
-0.0472083 0.177861 22.3848
0.0112175 -0.0169426 -2.04007
-0.0227845 0.0319832 14.5066
0.0544811 -0.0148414 -22.7081
-0.0252637 0.022665 16.0004
0.0322561 -0.0141981 -9.19611
0.0722139 -0.10115 -28.9435
0.0753189 -0.153919 -29.4927
0.116433 -0.0764002 -56.0444
0.059517 -0.0174753 -20.6956
0.0290783 -0.00843516 -0.649466
0.0109063 -0.00468927 11.5402
0.0167608 -0.0331287 8.78327
-0.0273138 -0.0372667 41.7715
-0.060521 -0.0366919 66.5758
-0.0608769 -0.048363 66.6147
-0.0423555 -0.0429432 52.3299
0.0856999 -0.627686 -24.0388
0.00372123 -0.180017 37.7127
0.0131282 -0.136006 28.8538
0.00599232 0.0103922 30.4095
-0.0185969 0.1404 48.9313
0.0136586 -0.0745705 35.9034
-0.00394742 -0.100355 53.311
-0.016899 -0.073794 65.1372
-0.0771801 -0.0432823 124.865
-0.148878 -0.0569925 196.801
0.0180936 -0.0476309 0.791
-0.0210915 0.145033 34.8684
0.0109696 0.00633641 24.575
-0.00203177 -0.00593654 39.3908
-0.0217494 -0.0259291 62.0334
0.559746 -0.105085 -602.996
0.0564365 -0.019168 4.5792
0.0593579 -0.0133571 0.918879
0.0289834 -0.00144888 36.6523
0.0406467 -0.000736049 22.5209
-0.0158567 0.0595841 8.45848
-0.056269 0.0591704 9.45435
-0.0338315 0.0293338 9.8709
-0.0057443 -0.0026824 9.74859
-0.00356845 0.00381193 9.33294
-0.0025583 -0.0119417 10.0393
-0.01616 -0.00942887 11.9591
-0.0161169 0.00770568 10.7062
-0.0337713 0.0172633 13.1126
-0.0138122 0.00399565 9.7497
0.000813675 0.004224 6.76371
0.00114793 0.00459744 6.58677
0.0130453 0.0112914 3.09594
0.00262065 0.0129164 6.05223
-0.00831046 0.00757261 9.5853
-0.00064887 0.00295756 7.27138
0.00011312 0.00403869 6.88504
0.0105753 -0.0113769 4.02951
-0.0829681 0.0300115 44.6859
-0.0202554 0.154593 11.5114
-0.0746279 0.0662451 39.6721
-0.00234156 -0.22148 28.9394
-0.0370902 0.0144139 21.921
0.0376955 0.0553355 -17.9981
0.160883 0.0214453 -76.4678
-0.145494 0.236311 73.4537
0.06723 -0.0247574 -29.2875
0.00978988 -0.0443106 5.57182
0.0627292 -0.0844959 -24.3283
0.0407637 -0.00233358 -16.4271
0.0593195 -0.0102636 -20.7217
0.0411723 -0.010737 -8.62868
0.0171995 -0.0108201 7.71196
0.010936 -0.0176993 12.74
-0.0494215 -0.0133367 57.0457
-0.0715149 -0.0127316 73.5662
0.00520392 -0.000167036 11.963
0.0334027 -0.0298831 -8.15148
0.0734754 -0.104216 -35.7436
-0.0133072 -0.0208122 28.5404
0.00819218 0.00514589 8.28528
0.0159341 0.0272866 0.22401
-0.0156997 0.0154292 30.325
-0.00891258 0.0825387 19.3839
-0.000921291 -0.0802288 49.5876
0.00376033 -0.0650635 44.3172
-0.0476082 -0.0436723 94.4366
0.00882868 -0.0268551 10.7598
0.0041933 -0.00094064 13.9791
0.00721262 -0.0119569 11.1949
0.0131343 0.00744087 -11.6692
0.00343391 0.0170872 -1.62541
-0.0016933 -0.0230912 38.8207
0.0154293 0.0163842 -13.2343
0.0902527 -0.019347 -35.3813
0.0625999 -0.00797337 -2.78426
0.0344506 0.00242947 29.6987
0.0423485 0.00638063 20.0385
-0.0168603 -0.0028855 12.9036
-0.0555324 0.0179025 13.0071
-0.0457085 0.0124559 12.3148
-0.0285516 0.0272705 9.67322
-0.0108175 0.000689278 10.2747
-0.0153138 -0.0222685 12.2505
0.00187233 -0.0179111 9.65379
0.00438453 0.0127767 7.21386
-0.0240718 0.006342 12.5471
-0.0241679 0.0244655 10.8344
-0.00326903 0.0212371 6.59097
0.0083616 0.0198835 3.86553
0.00428519 0.0237396 4.81088
-0.00106154 0.0179922 6.66959
-0.0147886 0.0122648 11.2426
-0.00548295 0.00735092 8.50724
-0.00822099 0.00184907 9.92391
-0.0756225 -0.0319866 37.4162
-0.0122423 -0.0363954 13.4536
-0.0397044 -0.0471563 32.2048
-0.0931575 0.0146972 50.7395
-0.103308 0.0262325 53.846
-0.0271465 0.00384144 18.2988
0.0569015 -0.148055 -10.7249
0.0185527 0.0125292 -4.94251
0.0228461 -0.0618538 -0.765539
0.0467357 -0.0364362 -16.3862
0.0319449 -0.0377982 -7.97857
0.0400246 -0.0168012 -14.7775
0.0866289 -0.00690832 -44.5558
0.0554717 -0.0189079 -23.2337
0.0444812 -0.0335544 -9.53918
0.0144649 -0.0284874 10.686
0.0274046 -0.0379564 2.07632
-0.00257566 -0.0113733 22.3757
-0.0425664 0.0162046 49.7675
0.0108797 -0.00743107 9.16892
-0.0337554 -0.00725297 43.9211
0.00172787 -0.058405 19.4634
0.0184583 -0.0243741 2.23383
0.0042878 -0.00530606 12.0465
-0.00593773 0.00961767 20.7208
0.0169976 0.00657145 0.724017
-0.0247167 0.039641 36.666
-0.010253 0.0481486 22.4631
0.0175441 -0.0265129 28.3196
-0.0285709 -0.00583471 72.8054
0.0164128 -0.0200356 2.24202
0.0107869 -0.0136249 7.82632
-0.0103972 -0.0260673 30.9569
0.060352 0.0472413 -66.7385
0.0650795 0.0509688 -72.5264
0.0588294 0.0470021 -65.1527
0.0641597 0.0493466 -71.3855
0.0786293 -0.0111976 -22.192
0.0592868 -0.00411059 0.722061
0.0335271 -0.00117066 31.3856
0.0450516 0.00758608 16.6785
-0.0137886 -0.0187473 13.8824
-0.0264475 -0.0197563 14.3176
-0.0160947 -0.0164629 13.0465
-0.0336981 0.00835303 11.7257
-0.0319198 0.00419725 11.7942
-0.0191481 0.00844834 9.96448
0.00487447 -0.00259847 7.94975
-0.00615718 -0.000767102 9.64877
-0.00409291 -0.000458109 9.141
-0.00971475 0.0117952 9.25896
-0.00600462 0.00794236 8.57965
0.00618729 0.0175136 4.86266
-0.00139938 0.0116227 7.52119
-0.00880773 0.012777 9.45143
-0.0129329 0.00910687 10.9923
-0.016059 0.0047303 12.5863
-0.0342156 -0.00834996 20.3463
-0.060859 -0.013565 30.4994
-0.0320266 -0.0107727 18.955
0.333896 -0.304788 -102.833
-0.109542 0.00651893 57.9024
0.0902658 -0.390306 4.38268
-0.0558177 -0.0352362 35.2568
0.00532662 -0.0266908 4.66334
0.033962 -0.0341372 -9.67817
0.016901 -0.0934721 5.38768
0.0416364 -0.037393 -13.6377
0.0353362 -0.0312104 -10.7
0.0340372 0.00138682 -12.8042
0.0686907 -0.0241257 -31.7458
0.0507699 -0.00793673 -20.951
0.0269943 -0.0211825 -4.1177
0.00561365 -0.0526884 13.749
0.0334143 -0.0420418 -2.27268
-0.00032793 -0.0207251 20.7413
-0.0108837 -0.0133198 27.9888
-0.00325747 0.00786759 19.6495
-0.0256516 -0.00624298 37.2314
0.0108398 -0.010765 7.58245
0.0204727 0.00279973 -2.38234
0.00377056 0.0227841 9.96348
0.00995933 0.0125299 5.42846
0.0271737 0.0214088 -9.98266
0.00727311 0.0204756 8.6116
0.000440625 0.037787 13.2703
0.037317 -0.0157811 8.10833
0.0169833 -0.000518591 26.7841
-0.00198737 0.0140038 18.2244
0.00322316 -0.00771332 14.8891
0.00622313 -0.00651374 11.5393
-0.000134585 0.0109329 16.6812
0.0765781 0.0448936 -85.0138
0.00988969 0.0915507 -13.4159
0.0691696 0.0562811 -77.687
0.0904821 -0.0112613 -36.1645
0.0666545 -0.00602229 -7.89538
0.0312179 0.00343839 33.7032
0.0427506 -0.00176172 20.1599
0.00853119 -0.0384331 15.7226
0.00526472 -0.0180734 13.4555
-0.0195302 -0.0199606 14.1298
-0.028781 -0.00073685 12.6282
-0.0305103 0.0165442 10.4778
-0.0203414 -0.0033563 11.4452
-0.0129862 -0.0037966 10.2208
-0.00279688 -0.00417698 9.2374
-0.00459692 -0.015523 11.1392
-0.00511824 -0.0222523 12.4001
-0.0176964 6.6489e-05 12.2852
-0.0112242 -0.0060621 11.7513
-0.00204404 -0.0139877 10.4741
-0.00244268 -0.0006087 9.08934
-0.0229173 -0.00849898 16.2245
-0.0282193 -0.0237767 19.6522
-0.0278036 -0.0233231 19.4729
-0.0481074 -0.0163573 26.2106
-0.0390677 8.19116e-05 20.739
-0.044146 -0.00748697 23.6802
-0.024887 0.00300906 14.0798
-0.00254415 -0.0161039 6.58204
-0.00458775 -0.0212378 8.30194
0.00470849 -0.0442751 6.69039
0.0158839 -0.0447157 1.1562
0.0382194 -0.0304145 -13.1602
-0.00076046 -0.0435662 11.6361
0.010159 -0.000737596 1.581
-0.00851875 0.0119415 11.6113
0.0546965 -0.0531215 -19.4445
0.0655288 -0.04058 -26.9952
0.0162813 -0.0550739 6.96739
-0.00718995 -0.0379794 21.1881
-0.0125543 -0.0649256 28.117
0.0217498 -0.0333038 5.61758
-0.0186167 -0.0104655 33.6058
-0.0542815 -0.0104569 61.2753
-0.030192 0.000287769 40.0416
0.00533479 -0.00942713 11.5178
0.0104442 -0.0086433 7.69571
0.0114672 -0.0151263 7.57736
0.03816 0.00527629 -18.1963
0.0260914 -0.0171204 -3.8258
0.0178282 -0.0246431 3.33458
0.0129692 0.0171559 3.51588
0.0537865 -0.0147003 -8.22021
0.0338212 0.000517278 9.80128
-0.0110408 0.0440725 24.1552
-0.0139907 0.0308878 28.9863
0.00463926 0.0191357 10.4307
-0.00039106 0.0159349 16.4119
-0.0369583 0.018956 48.1152
0.0282974 0.120214 -37.7769
0.0559463 0.0920769 -66.2463
0.172106 -0.0910721 -122.867
0.0817582 -0.0203819 -24.607
0.0526509 -0.00422738 8.3652
0.0511824 0.00631736 8.8859
0.00575825 -0.0371046 15.3617
-0.00759994 -0.0409553 16.3694
-0.00680431 -0.0225343 13.6572
-0.0217189 -0.0394047 17.0656
-0.0243295 -0.0195879 14.254
-0.036586 -0.0163191 15.2365
-0.0160423 -0.0221662 13.5206
-0.00919649 -0.015552 11.373
0.00565681 -0.0213984 9.60289
-0.00137899 -0.0307517 12.6519
-0.0116094 -0.0192166 13.3608
-0.00261123 -0.0274879 12.3599
0.00528568 -0.0377759 11.7685
-0.00690145 -0.0200271 13.1178
-0.0325127 -0.0312372 22.3591
-0.0133334 -0.0353043 16.4577
-0.0226219 -0.0204648 17.1543
-0.0219798 -0.0178841 16.4132
-0.0289637 -0.0150113 18.7253
-0.0383137 -0.00151086 20.7071
-0.0143508 0.00218096 9.68171
-0.0109212 -0.00731955 9.66397
-0.0192978 -0.0239511 15.9418
-0.0115232 -0.0277999 12.5288
0.00117661 -0.0404287 7.79322
0.03354 -0.0439036 -9.20314
-0.0149288 0.0376223 13.3884
0.00297455 0.0503477 1.17305
0.00190743 0.0538497 0.810422
0.0803965 -0.104716 -29.7963
0.0576917 -0.0944974 -15.9754
0.0584711 -0.0574928 -22.2649
-0.0114814 -0.045478 25.1234
-0.027975 -0.055091 37.2417
-0.0169762 -0.0363129 26.7725
-0.0354217 -0.00228837 45.2895
-0.0619434 -0.00143016 65.7894
0.00929845 -0.000412956 -3.73196
-0.0220247 -0.00696639 34.1581
0.0260095 -0.0197788 -4.78675
0.0353089 -0.0135212 -13.2136
0.031411 -0.0131445 -10.0176
0.0035888 -0.0442361 19.4986
0.0533808 -0.0554825 -25.5958
1.02874 -0.111223 -942.685
0.0509242 -0.00134203 -6.98813
0.0498477 -0.00685 -5.16548
-0.0210729 0.0324068 36.2083
-0.018767 0.0367937 33.3672
0.00488541 0.0185942 10.5813
0.0101302 0.0228437 4.07401
0.00713514 0.0223573 -1.22248
0.0427899 0.129977 -55.5436
0.0234089 0.104796 -30.037
0.0891187 -0.00810804 -35.0667
0.0880504 -0.008691 -33.6593
0.0637757 0.00963452 -7.22023
0.0575142 0.00545835 1.19815
0.00981654 -0.02383 13.2864
-0.0052272 -0.0218009 13.4327
-0.0220613 -0.00409066 11.1825
-0.0269413 -0.0152362 13.1241
-0.0179893 -0.0183162 13.2336
-0.0237014 -0.0096804 12.6278
-0.0199441 -0.000922585 10.7802
-0.0110161 0.0105227 7.59225
-0.00698025 0.00454768 7.73024
0.0113124 0.000443944 5.15794
-0.0169083 -0.016015 13.5468
0.00359869 -0.0426139 12.803
0.0154204 -0.0274159 7.3548
0.0113467 -0.023155 8.07786
-0.03689 -0.0325208 24.0974
-0.0265163 -0.0287459 19.8082
-0.0217865 -0.0176093 16.3936
-0.0309318 -0.029046 21.5857
-0.0243769 -0.0209156 17.8818
-0.0366015 -0.0240166 23.3353
-0.0101185 -0.01975 10.9236
-0.00880605 -0.0219452 10.8763
-0.0202932 -0.0185046 15.7774
-0.0157352 -0.0101108 12.0383
-0.00827918 -0.00295986 6.86022
0.00745232 -0.0378551 3.91582
0.00593841 0.00850973 5.74668
-0.00397805 0.00945505 11.6247
0.00788147 0.00480783 5.15494
0.0697411 -0.0870657 -25.4731
0.0789598 -0.0530687 -36.9533
0.077468 -0.0344191 -38.9842
0.0237117 -0.0126896 -4.87893
0.0174922 0.0156218 -13.8288
0.0221892 0.0232361 -18.3162
-0.023158 0.00847363 34.4033
0.0234055 0.0187572 -18.1391
0.0154115 0.00945861 -10.1879
0.00642927 0.00462765 -2.09517
0.0130542 0.00895556 -8.40358
0.0439588 -0.00555703 -22.1211
0.0118324 -0.00974885 6.94321
-0.0127903 -0.0113517 29.1227
0.00641943 -0.0159035 11.4989
0.000224727 0.000430521 14.6912
0.0766099 0.0153809 -35.0341
0.0377589 0.00195255 5.55662
-0.0157443 0.0143445 33.5818
-0.0148402 0.0118337 33.2307
-0.0162893 0.0213673 32.9302
-0.012315 0.0102807 30.3909
-0.0636394 0.0265128 84.1682
-0.0535373 0.124273 55.4731
-0.0438713 0.101133 48.163
0.0757005 0.0105133 -22.0143
0.0807382 -0.000415333 -26.1744
0.0534553 0.00292501 6.59153
0.0542314 -0.000163717 6.00627
0.0118298 -0.00391228 9.91559
0.00499341 -0.00335142 10.1562
-0.0250238 0.0101355 8.74831
-0.0244834 -0.000299354 10.3031
-0.0117378 0.000112063 9.21593
-0.0177598 0.0124377 7.95313
-0.00720963 0.00379294 8.34659
-0.00915772 0.0156401 6.57361
0.00498666 0.0207831 2.52728
0.00557124 0.0192237 3.35821
-0.0224001 0.0187302 8.85756
0.0148345 0.0112637 0.778747
0.0168754 -0.00424067 2.92876
-0.0223472 -0.0179181 17.2639
-0.031478 -0.0102124 17.5065
-0.00789617 -0.000909434 8.75589
-0.0132434 -0.00802345 11.4795
-0.0278297 -0.00625732 16.2795
-0.0339865 -0.00780719 19.2393
-0.0318135 -0.00926278 18.6158
-0.0214279 -0.0141087 15.0203
-0.0200014 -0.0196757 15.7167
-0.0110105 -0.00439823 8.43439
-0.00813723 0.00687921 5.35288
-0.0253954 0.023282 11.4364
-0.00783157 0.0359463 -0.524704
0.0055285 0.00891488 5.95924
-0.00254767 8.67663e-05 12.4664
-0.0115829 0.00376183 17.2615
0.0722579 -0.0247395 -37.4002
0.076119 -0.0295163 -38.9886
0.0902457 -0.0130785 -51.3883
0.130351 -0.02788 -76.1536
0.0230852 0.0254375 -19.5967
0.0316014 0.0222886 -25.2745
0.00125008 0.00140043 16.7765
0.0208485 0.00370121 -13.5698
0.0086894 0.00052965 -3.25692
0.0126536 0.00284957 -6.99615
0.0284473 0.00685469 -21.0335
0.0506837 0.00998727 -31.098
0.0168272 0.0151378 -1.82995
-0.0164161 0.00434195 30.2424
-0.0116395 0.0111133 24.0243
-0.00660656 0.00922725 19.6781
0.0399382 0.00718574 2.58445
0.028836 0.000970497 14.7047
0.0148768 -0.00356185 4.93703
-2.88796e-06 -0.0237403 24.025
-0.0032487 -0.0181548 25.8568
-0.0120269 0.00869697 30.5301
-0.0560537 0.0157712 77.8355
-0.0633451 0.0896283 72.6489
-0.0577765 0.0983389 64.7004
-0.0303682 0.0298501 99.1187
0.082941 -0.000186361 -28.7274
0.0664023 -0.00524413 -8.12708
0.0777542 0.0034373 -23.5886
0.0163491 0.00788984 7.50414
0.00245338 0.00852662 7.71711
-0.00993634 0.0285729 4.05135
-0.0217273 0.0226122 5.53653
-0.00446731 0.0244045 3.67748
-0.0102059 0.0322211 2.9262
0.00689844 0.0400714 -0.86125
0.0137847 0.0577867 -5.58927
-0.00763231 0.0588361 -2.16808
-0.00269948 0.0630717 -3.93265
-0.0361503 0.0450436 7.47814
-0.0293814 0.0322685 8.21014
-0.000505308 0.00135688 7.31228
-0.021273 -0.0232617 18.2902
-0.0381413 0.00206882 18.0122
-0.00785239 0.0366966 1.26953
-0.000952154 0.0445022 -3.1641
0.00165445 0.0654637 -8.81865
0.00148687 0.320276 -60.6477
0.017835 0.365358 -77.0437
0.0269219 0.373713 -82.6203
0.0107507 0.370902 -74.6346
0.0216868 0.375419 -80.9631
0.00596436 0.381649 -74.1734
-0.00851144 0.342555 -58.8263
-0.0182997 0.322521 -49.0698
0.097686 -0.0173195 -42.8087
0.0112712 -0.0156992 7.23899
0.00575307 -0.0017504 7.63731
0.0570582 0.307404 -91.6758
0.0604787 0.284873 -89.0966
0.0623501 0.246946 -82.359
0.0456823 0.267085 -75.0086
0.0347534 0.306166 -75.7914
0.0269249 0.478968 -106.152
-0.00119693 0.0438097 9.84014
-0.206433 0.201455 135.951
0.016659 0.00360497 -10.2691
0.0130681 -0.00476113 -5.84148
0.0128022 -0.00453407 -5.59941
0.0420798 0.0866894 -39.0833
0.0210442 0.0654457 -15.7443
-0.0101218 0.102329 5.41459
-0.0120798 0.0194134 23.1332
-0.0142784 0.0161814 25.6961
0.0490333 -0.00206129 -4.61694
0.0214054 -0.00340956 23.0794
-0.0506126 0.0084666 69.7072
0.0185832 -0.077267 14.6377
0.0273972 -0.0183232 -16.3111
-0.00665903 0.0107634 24.1498
0.00684792 -0.00183027 2.10499
0.00161745 -0.0099473 9.61233
0.000928288 -0.011776 10.7673
0.0736104 0.000346993 -17.7986
0.0694594 0.00839162 -14.3088
0.0642439 0.0226886 -11.1381
0.05629 0.00379874 2.53257
0.0303837 0.0462166 -1.44469
0.0243659 0.0372411 0.417026
0.00100018 0.0604606 -3.85924
0.00679037 0.0849101 -10.3576
0.00705205 0.0642608 -5.95445
-0.0056329 0.10454 -13.6536
0.0264247 0.0790285 -11.4815
0.0183553 0.0889947 -12.6375
0.00214466 0.0963329 -11.6127
-0.00853265 0.1253 -16.5797
-0.0228287 0.10946 -9.8578
-0.0102628 0.120098 -14.9077
0.000318371 0.33327 -65.0269
0.00964001 0.377002 -77.7324
0.0230671 0.385917 -83.7119
0.0381758 0.386605 -88.845
0.0365724 0.40971 -93.9274
0.0322261 0.403309 -91.0365
0.0305356 0.376067 -84.4749
0.0261827 0.378529 -83.0764
0.0206163 0.366163 -77.7159
0.0257418 0.342981 -74.8542
-0.00145063 0.312482 -55.3958
-0.0200773 0.298562 -43.3616
-0.00193331 0.3144 -56.5743
0.00471222 0.324103 -62.2834
0.00727974 0.309699 -60.4115
-0.00861131 0.332575 -56.407
-0.00243281 0.323943 -58.1747
0.0224528 0.315192 -71.6428
0.0481307 0.293795 -83.1413
0.0521825 0.284298 -83.9003
0.0446638 0.277032 -76.9256
0.0530157 0.254047 -77.8188
0.0664109 0.215482 -78.3509
0.0470744 0.240469 -69.4768
-0.0692219 0.308063 5.07534
-0.00288357 0.37229 -62.9773
0.0103006 0.315411 -61.1698
0.0157964 0.209403 -36.7051
0.0370178 0.181526 -54.4406
0.0447916 0.133377 -50.7011
0.0593801 0.120372 -60.7695
0.0511224 0.175869 -65.595
0.0522497 0.162435 -63.599
0.0422395 -9.90326e-05 1.70128
0.0262552 -0.00665727 18.9914
0.0287046 0.328729 -80.4538
0.0411268 0.269696 -79.4954
0.0619148 -0.104357 -25.9779
0.00313853 -0.0133175 8.8563
-0.00523515 0.00297267 14.3184
-0.000658264 -0.00930027 12.016
7.77304e-05 -0.011674 11.7195
0.0823893 -0.000489961 -27.9524
0.081432 0.00264792 -27.3816
0.0539945 0.0103257 4.17122
0.0117566 -0.0059362 59.4504
0.0667654 0.114073 -18.1934
0.0284811 0.116569 -18.0853
0.0157701 0.14218 -23.7829
0.040003 0.145916 -26.6076
0.0185775 0.176915 -32.2893
0.0406647 0.311769 -67.0922
0.0147514 0.412884 -88.5312
0.0196307 0.426796 -93.0865
0.0182566 0.401084 -86.1668
0.0272075 0.400135 -87.9095
0.0234179 0.362038 -77.8049
0.024192 0.350272 -75.0623
0.0142079 0.344232 -71.2873
0.0184506 0.401069 -86.789
0.0273955 0.387517 -85.8588
0.0423211 0.395689 -92.7601
0.0489565 0.417916 -99.562
0.0413422 0.288036 -62.6218
-0.0556381 0.150926 10.3638
-0.0225962 0.335194 -51.2069
-0.0222046 0.286723 -39.9444
-0.00714092 0.293943 -48.6658
-0.00807204 0.297882 -49.4505
0.00357144 0.315879 -59.7733
0.00818781 0.324974 -64.3988
0.00651206 0.314565 -60.9631
0.000958831 0.319638 -59.0723
-0.00256335 0.320638 -57.1706
0.00602234 0.318183 -61.6773
0.00399669 0.318477 -60.4103
0.0283492 0.299776 -71.7976
0.052573 0.292168 -85.6844
0.037511 0.294444 -75.8694
0.0312311 0.314144 -76.282
0.0393097 0.275149 -72.6586
0.0356955 0.261969 -66.523
0.0706449 0.197458 -76.9331
0.120135 0.080233 -86.5164
0.0822671 0.120186 -65.5089
0.0186827 0.137524 -16.2538
-0.0189128 0.271848 -17.042
-0.0297765 0.215721 6.03532
-0.00214943 0.173966 -8.87418
-0.00444694 0.230585 -21.4757
-0.00183823 0.163366 -6.83341
0.0545463 0.00885715 -12.8662
0.0186371 0.0191715 20.3592
0.0512076 0.30414 -98.3906
0.026644 0.285852 -68.4997
0.0200059 0.226011 -46.2224
0.0337329 0.25779 -68.7035
0.0562739 0.180778 -74.0943
0.0579776 0.128936 -62.8154
0.0579776 0.128936 -62.8154
0.0812878 -0.00456456 -25.6956
0.08603 -0.00453056 -31.2805
0.0588821 0.00454973 -0.490291
0.0310567 0.00234526 33.8516
0.190962 0.173058 -34.5569
0.00375964 0.31021 -60.5964
0.0211096 0.324328 -65.7397
0.0155669 0.305269 -60.1182
0.00183602 0.316019 -61.617
0.00901432 0.337992 -68.6213
0.0233377 0.321685 -66.1999
0.00342125 0.351652 -70.6998
0.00673538 0.366957 -76.159
0.007666 0.373163 -77.5716
2.92328e-05 0.337442 -66.5717
0.0230525 0.373116 -81.0765
0.0370003 0.420277 -97.598
0.044639 0.444781 -105.764
0.0462 0.405875 -95.1303
0.0424921 0.402463 -93.9474
-0.000635354 0.326155 -57.5787
-0.0340987 0.209301 -13.6518
-0.0606156 0.212882 -4.57299
-0.0148015 0.287283 -43.4917
-0.000377736 0.317563 -58.281
-0.0049559 0.317324 -55.9911
0.00145684 0.313385 -57.8847
0.00992866 0.324272 -65.1003
0.00140347 0.324707 -60.7734
0.00145988 0.323069 -60.4331
0.00488165 0.328014 -63.6292
0.00428148 0.328426 -63.3621
-0.00127694 0.324732 -58.9886
0.00392339 0.316695 -60.0265
0.0139844 0.313229 -65.7939
0.0492659 0.28863 -82.8401
0.0521386 0.295265 -85.9443
0.0381522 0.318531 -82.1108
0.0357187 0.324192 -82.1592
0.0247683 0.321931 -73.352
0.0251508 0.277441 -61.6535
0.0515476 0.297137 -88.1687
0.080962 0.129015 -66.9906
0.086867 0.130986 -72.1294
0.109312 0.10356 -83.6371
0.0431913 0.10812 -24.9835
-0.0899046 0.514961 -15.718
-0.0628446 0.346111 3.62665
0.0119445 0.143917 -1.10189
0.0362983 0.050691 -5.60831
0.0222429 0.0288972 14.168
0.0100782 0.0578297 18.6265
-0.0471405 0.36179 -10.431
-0.000261347 0.115923 19.8512
0.39335 0.0233436 -396.508
0.312275 0.196693 -354.812
0.0898483 0.209679 -109.508
0.0858448 0.20752 -104.385
0.0803041 -0.00989562 -23.1782
0.0849098 -0.0126997 -27.993
0.0770298 0.00852963 -23.8949
0.0417808 0.00908814 18.8899
0.0175438 0.285074 -53.6857
0.0165397 0.285249 -53.6832
-0.000815588 0.305559 -58.8717
0.00478005 0.300985 -57.8164
0.00519948 0.312663 -61.4162
0.00997339 0.352967 -73.8293
0.00241324 0.356601 -73.3524
-0.0153283 0.367468 -73.5391
0.0331699 0.434086 -100.118
0.0276423 0.434195 -98.4759
-0.0599806 -0.0946023 88.033
0.0717382 0.540418 -139.769
0.0231763 0.452036 -101.761
0.00791343 0.361511 -71.1392
-0.0133374 0.306701 -48.4469
-0.0278318 0.236569 -23.5204
-0.0459419 0.221515 -12.883
-0.033945 0.257987 -28.0204
-0.025787 0.277831 -36.5591
0.00192652 0.308313 -56.3976
-8.88668e-05 0.310577 -56.4713
0.003904 0.324637 -62.1322
0.00172122 0.323974 -60.9503
0.00131734 0.323911 -60.5767
-0.00371457 0.32795 -59.1191
0.00348768 0.323547 -61.6625
0.0103816 0.328555 -66.8688
8.96656e-05 0.334239 -62.5196
-0.00164655 0.329246 -59.9475
-1.68508e-05 0.327744 -60.4858
0.00765365 0.32373 -64.2248
0.0259245 0.304619 -71.2649
0.0431751 0.29629 -80.7502
0.0764889 0.270493 -96.2255
0.0699547 0.301237 -100.573
0.0366387 0.343427 -88.0945
0.0254096 0.337241 -77.9089
0.0234556 0.343875 -78.1068
0.0256637 0.338692 -78.6859
0.0443182 0.316703 -88.03
0.044778 0.295614 -82.2468
0.0512658 0.251696 -75.0517
0.0758089 0.130166 -61.1758
-0.033923 0.102723 55.111
0.0153579 0.101366 8.50057
0.0290494 0.113656 -8.40079
0.0944484 0.13008 -78.9637
0.0455746 0.171853 -42.4238
-0.0167974 0.207499 10.6891
-0.0547589 0.131848 73.3681
-0.0306661 0.102293 56.1831
-0.0126167 0.0829663 42.2252
0.0519423 0.141861 -46.384
0.0862483 0.142625 -86.0072
0.549303 0.0472091 -596.371
0.0978497 0.014421 -50.8815
0.0794295 0.010992 -27.3894
0.0376377 0.0138732 22.5906
0.0124764 0.287149 -54.2866
0.0111875 0.30093 -58.6233
0.00307305 0.3191 -63.6727
0.0443081 0.381762 -85.5428
0.0505639 0.392483 -90.2312
0.0689511 0.415132 -99.1524
0.0360974 0.432853 -99.8975
0.0407841 0.447031 -104.812
0.0517294 0.45477 -109.147
0.0390117 0.385828 -84.3896
0.000851073 0.247077 -31.5028
-0.0576 0.229154 -12.2651
-0.0594472 0.265278 -23.2375
-0.026885 0.269904 -34.4264
-0.0175134 0.267753 -36.4651
-0.0200728 0.27284 -37.5047
-0.0215536 0.281976 -39.7479
0.000579964 0.309269 -56.2031
0.00510927 0.31713 -60.47
0.000938104 0.318626 -59.0454
0.00438647 0.318998 -60.7123
0.0140369 0.320408 -65.5421
0.00122753 0.32329 -60.3069
0.00153596 0.320772 -59.7056
0.00344887 0.322834 -61.3646
0.00618277 0.321544 -62.4663
0.0116199 0.330977 -68.3985
0.00781913 0.332512 -66.6126
0.00195572 0.326686 -61.2821
-0.00254964 0.328065 -58.8506
0.00510269 0.328041 -63.7378
0.0110089 0.318584 -64.8889
0.00958624 0.321412 -64.8589
0.0483005 0.285541 -81.2019
0.111684 0.259004 -118.443
0.0936263 0.320273 -123.724
0.0301243 0.340067 -82.0219
0.0186716 0.342804 -73.8082
0.0148052 0.350145 -73.0392
0.0264436 0.340191 -79.8043
0.0320093 0.322343 -79.1668
0.0329775 0.321017 -79.645
0.0320598 0.300695 -72.6156
0.0587922 0.22044 -72.3714
0.0850932 0.0937293 -56.9489
0.0686626 0.141504 -56.2237
0.0976616 0.156854 -91.025
0.0564601 0.208032 -64.5219
0.0141198 0.226188 -26.8564
-0.0346045 0.344181 -12.6629
0.0568845 0.115685 -28.1776
0.0531361 0.14211 -32.5678
0.0907826 -0.0320424 -25.594
0.0585645 0.18202 -66.5088
0.0792012 0.175878 -88.4899
0.0989596 0.0104541 -50.9897
0.0745875 0.00892057 -21.0338
0.061874 0.0293656 -11.9777
0 0 -1
0.0641721 0.385938 -87.7858
0.0753857 0.438124 -106.112
0.0551228 0.419764 -98.0162
0.0419174 0.420421 -97.0927
0.0494256 0.446334 -105.525
0.0611022 0.439423 -104.656
0.0227243 0.399249 -85.4199
0.0245928 0.348635 -69.1692
-0.0140972 0.269463 -35.7707
-0.036055 0.205204 -9.69064
-0.0475325 0.202917 -6.54411
-0.0428625 0.232398 -17.6535
-0.018511 0.273332 -38.2409
-0.00333266 0.294264 -49.8181
0.000616499 0.310846 -56.6199
0.00657885 0.316326 -60.4445
0.00355854 0.316127 -59.2617
0.00422998 0.32229 -61.745
0.00462693 0.320638 -61.3424
0.00642724 0.316797 -60.8375
0.00778638 0.321691 -62.9881
0.00188333 0.32189 -60.2375
0.00281168 0.321638 -60.5745
0.00518511 0.318297 -60.7465
0.0109527 0.327037 -66.7158
0.0110831 0.327015 -66.7984
0.0076931 0.326204 -64.5787
-0.00179557 0.321205 -57.2766
0.00839734 0.323446 -64.3497
0.00114394 0.333284 -62.9105
0.00320634 0.32442 -61.3858
0.0125845 0.321826 -67.0569
0.0315975 0.310102 -76.9749
0.101231 0.254867 -109.889
0.0919676 0.251289 -100.817
0.0425015 0.319122 -84.9378
0.0384664 0.326037 -84.1514
0.0181529 0.34216 -73.0858
0.0136641 0.345811 -70.697
0.0212525 0.334177 -73.3966
0.0190586 0.337812 -72.5823
0.0181285 0.334383 -70.7235
0.0245663 0.32098 -72.1801
0.0384183 0.325822 -87.0743
0.0468904 0.265553 -75.2224
0.0614751 0.232847 -78.6845
0.0691003 0.203468 -75.8778
0.075843 0.247095 -97.1619
0.0660471 0.112809 -36.3899
0.0520516 0.175898 -42.2378
0.0478392 0.158752 -32.5275
0.0663572 -0.0210612 -1.4806
0.101384 0.160485 -108.715
0.0918556 0.190905 -108.002
0.133188 0.0196551 -95.2237
0.0888216 0.0374251 -47.6287
0.0660462 0.0464487 -22.747
0.474619 3.05185 -1051.67
0.0852389 0.435284 -105.426
0.0861007 0.482368 -121.9
0.0722314 0.46163 -113.899
0.0479801 0.455504 -108.445
0.0421922 0.433552 -100.018
-0.0188126 0.322187 -52.7197
-0.0309871 0.291605 -40.4048
-0.0457295 0.24086 -19.8847
-0.0428185 0.182812 -0.684559
-0.0364559 0.206839 -10.6366
-0.0178791 0.243792 -28.137
-0.00875667 0.274337 -41.2854
-0.00320316 0.301448 -52.3618
0.0116044 0.296988 -55.0984
0.0108934 0.310805 -59.8615
0.00273532 0.316658 -59.013
0.000167012 0.308626 -55.1133
0.00111631 0.318212 -58.9682
0.00339031 0.321496 -61.0999
0.00894424 0.320953 -63.35
0.0087152 0.318882 -62.5171
0.00296613 0.318177 -59.4411
0.00656793 0.319208 -61.778
0.00794007 0.322589 -63.5939
0.0111987 0.318136 -63.8129
0.00893439 0.317696 -62.3571
0.0088793 0.318494 -62.7407
0.00438816 0.321574 -61.1213
0.00543703 0.32685 -63.6725
0.00134451 0.32441 -59.9993
-0.000386687 0.327927 -60.1625
0.00739457 0.322755 -63.543
0.00881605 0.311555 -60.6001
0.0568928 0.260574 -78.645
0.114757 0.204373 -102.9
0.128252 0.212843 -115.889
0.0789705 0.26972 -96.8211
0.0301803 0.334646 -80.5057
0.0178494 0.340457 -72.3853
0.018637 0.342964 -74.0214
0.0195345 0.344673 -75.3682
0.0191347 0.343253 -74.4266
0.01472 0.334364 -67.181
0.0180891 0.329448 -68.5982
0.0258135 0.312657 -70.2224
0.0518009 0.248584 -73.8617
0.0590221 0.226189 -73.3558
0.0811239 0.217939 -93.5704
0.182657 0.160946 -178.828
0.0845827 0.126565 -60.2003
0.0723181 0.131344 -49.3534
0.0515949 0.155794 -34.4062
0.0189686 0.197919 -12.5206
-0.0955298 -0.191708 241.75
0.133961 0.309377 -196.843
0.0746071 0.0919904 -48.3752
0.0727047 0.0940745 -47.1905
0 0.0550781 44.952
0 0 -1
0.0833618 0.517795 -134.354
0.0649722 0.500729 -126.597
0.0125721 0.390834 -81.9251
0.00475367 0.314233 -53.2025
-0.0339829 0.286984 -38.4309
-0.0514902 0.265714 -28.3759
-0.056762 0.197937 -3.13878
-0.0447804 0.209445 -9.63359
-0.0298866 0.209806 -13.0328
-0.00226063 0.242666 -31.4759
0.00746593 0.29072 -51.4595
0.00551097 0.296038 -52.8279
0.00267261 0.279155 -45.8751
0.00908862 0.289666 -51.7077
0.00931829 0.284344 -49.8693
0.00522952 0.298356 -53.4416
-0.0019935 0.29613 -49.8141
0.00844697 0.301343 -55.9934
0.00689873 0.304859 -56.6236
0.00400865 0.311595 -57.6503
-0.000661414 0.304582 -52.855
0.00740037 0.29578 -53.7868
0.00779703 0.30369 -56.7102
0.0147551 0.302761 -60.2382
0.0120679 0.305946 -59.9039
0.00809177 0.318849 -62.2648
0.00750496 0.32599 -64.5485
0.00226045 0.32134 -59.6796
0.00179864 0.297485 -50.6486
0.00583028 0.313122 -59.063
0.00520775 0.303792 -55.2279
0.0055129 0.300678 -54.2947
0.00719739 0.27584 -46.6193
0.0666524 0.229469 -74.9015
0.128123 0.193119 -109.069
0.106972 0.233182 -106.234
0.051962 0.298786 -85.6584
0.0244415 0.329264 -74.0629
0.0219301 0.32504 -70.4801
0.0257781 0.324905 -73.8622
0.0198138 0.3298 -70.2775
0.0147947 0.323645 -63.413
0.0153926 0.316911 -61.4941
0.00692111 0.302807 -48.1006
0.020698 0.27323 -51.0681
0.0456983 0.26173 -72.2403
0.0966146 0.213362 -107.63
0.168115 0.150972 -160.009
0.120282 0.139603 -103.907
0.0726113 0.122795 -46.1152
0.0668572 0.15101 -50.1167
0.0425965 0.172132 -30.2538
-0.0657968 0.277125 34.963
-0.0657968 0.277125 34.963
-0.0334776 0.068258 92.6591
0.00451887 0.10268 33.406
