0.450195 -0.0642578 -8.30596
0.0118241 0.0490182 2.3386
0.0704803 -0.0230461 -0.489659
0.0171026 0.0341014 2.47412
0.0279826 0.0180535 2.02767
0.00648707 -0.0101791 5.27857
0.00647081 -0.018627 5.60018
0.0118148 -0.0350262 4.87793
0.0218672 -0.555239 13.9281
0.022611 -0.0372837 3.05857
-0.126756 -0.169333 45.2384
-0.0581061 0.216496 19.2913
-0.0110817 -0.0272342 8.49543
-0.0194472 0.0257036 9.63105
0.0172179 -0.0121203 0.285019
0.0402593 -0.0480413 -5.647
0.0133439 -0.0748365 4.11606
-0.0041452 -0.0795962 10.5124
-0.00774006 -0.0710301 11.8622
-0.001929 -0.0653271 9.0912
0.012608 -0.0491967 2.75945
0.00916579 -0.0380815 4.08246
0.00948849 -0.0358876 3.90197
0.00576671 -0.0357932 5.74587
0.0501134 -0.131145 -14.5213
-0.00457278 -0.167906 15.9667
-0.0302064 -0.123447 28.7102
-0.0293544 -0.0287698 26.1871
0.00669876 0.0111269 3.58838
-0.0227583 -0.0997173 25.5205
-0.00387474 -0.0174409 10.9034
0.000459996 0.00314068 7.80038
0.0118775 0.00270824 -0.333194
0.0543857 0.00920861 -30.2136
0.0396362 -0.00551416 -19.1461
0.00981044 0.0221007 2.95111
-0.00347148 -0.000888243 13.5734
-0.00336516 -0.00086104 13.3921
-0.00202581 0.0168791 12.1529
-0.00860521 -0.00303335 17.8329
0.0357184 -0.0456327 -11.0521
0.036184 -0.0429994 -11.5662
-0.0705203 0.125043 67.2129
0.0473435 -0.00631589 -21.2513
0.0402636 -0.0213703 -13.8943
-0.0420296 -0.0899487 66.8926
-0.0452712 0.0030654 67.5395
-0.0194646 0.00398236 41.2684
0.0217856 -0.0299548 -1.48006
0.00652461 -0.029359 15.3312
-0.00635575 -0.0797624 29.943
0.0149818 -0.0327261 5.02265
0.0126391 0.0214763 6.12971
0.000718098 -0.0111985 20.7013
0.0230761 -0.0407464 -5.11
-0.00853188 0.0102965 25.0422
0.520554 -0.0353099 -614.421
0.0277678 -0.0323415 -10.0395
-0.00269695 0.0916647 1.43207
0 0 -1
0.0131007 0.0212847 3.22338
0.0107658 0.0215965 3.1003
0.0162735 0.00367768 3.34502
0.0153052 -0.0153265 4.41729
-0.0101319 -0.000548576 7.74187
-0.0067263 -0.0295284 7.50212
0.00928502 -0.0290308 5.0056
-0.00319614 -0.0133639 7.2751
0.0354521 -0.0504269 0.737098
-0.0298787 -0.00831823 14.3424
-0.0634669 -0.0635822 24.7808
-0.017771 -0.0177206 9.99772
0.019659 -0.053243 0.831804
0.0114979 -0.064277 4.34461
0.0141651 -0.0692759 3.60976
-0.00393314 -0.0732681 10.109
0.00439223 -0.0857188 7.06473
0.0122296 -0.0669845 3.10079
0.0156699 -0.0594802 1.80393
0.0127016 -0.0498358 2.68742
0.0174166 -0.0584842 0.701695
0.00388018 -0.0595483 7.47025
0.0356819 -0.0821571 -8.55494
0.00335571 -0.0902546 9.13077
-0.0179583 -0.0503243 20.0365
-0.0199586 -0.040075 20.8914
-0.001933 -0.0474342 10.2319
0.00677233 -0.0705025 5.93949
0.0176697 -0.0365253 -2.56613
0.00923631 0.0081876 1.82729
0.0206372 0.010602 -6.26333
0.032058 0.000632529 -13.994
0.0441836 0.0105095 -23.0129
0.00972123 0.00622933 3.33501
0.00178109 -0.00694394 9.77969
-0.0100491 0.00962545 18.514
0.00225141 0.00503841 8.60808
-0.0102421 0.0023227 19.3951
-0.0258237 0.0162218 32.4149
-0.070294 0.0607256 70.3088
-0.128693 0.132281 119.987
0.0294953 -0.011435 -4.02337
0.0208293 -0.051572 5.58062
-0.0426073 -0.0724955 66.6453
-0.0170394 -0.0840674 41.7452
-0.00818769 -0.0135388 30.2061
0.0101128 -0.00724794 10.7642
0.0388155 0.00178117 -19.5398
-0.0283536 -0.381141 59.3658
0.0111759 0.0188987 8.93118
0.000573811 0.0240229 20.6061
-0.124103 -0.131634 165.668
0.000210993 0.0119234 14.3629
0.0059849 0.00284599 7.65224
0.0112963 0.0122461 1.01238
0.00913875 0.0270783 3.20857
0.0104679 0.019594 3.35206
0.0100925 0.0171045 3.49868
0.00486406 0.0117314 3.91861
0.00415189 0.00700157 4.1807
0.00303338 -0.00596141 4.84588
0.00273236 -0.0102529 5.18643
0.00565924 -0.033806 6.33462
-0.00168917 -0.035536 7.0574
0.000550896 -0.0389408 7.12714
0.0163874 -0.0460395 4.58618
0.0051533 -0.0521739 8.43224
-0.0207026 -0.0928583 16.5251
-0.0347711 -0.0523455 16.6508
-0.00179636 -0.0599046 7.80807
0.0262423 -0.0438166 -1.54836
0.00467014 -0.0897418 7.98262
-0.00390415 -0.0894218 11.1877
-0.00480975 -0.0917143 11.2905
0.00956292 -0.091901 5.36272
0.00476858 -0.0899274 7.61532
0.0176539 -0.0825805 2.07205
0.00736292 -0.0633666 5.84193
0.00459855 -0.0709033 7.44428
0.00133387 -0.0777707 9.57834
0.0197763 -0.0913406 0.530291
0.0277491 -0.0738842 -4.78741
0.00169538 -0.0582054 9.20001
-0.017451 -0.0625636 20.4071
0.00179288 -0.0651502 8.18297
0.0141277 -0.0870606 1.93023
0.0507 -0.0654628 -23.1171
0.0432274 -0.0337489 -19.3654
0.0327055 -0.00356797 -13.9234
0.0436419 -0.004168 -21.4025
0.0330323 0.0102867 -14.5307
0.00485307 0.00663385 6.94155
-0.0004472 0.00556475 10.8298
-0.00124905 -0.00543353 12.1081
-0.00724269 -0.00657813 16.9967
0.00779975 0.000250308 4.05662
-0.0129594 0.0154043 21.3485
-0.0354121 0.0308625 40.2658
-0.0506371 0.058797 52.6004
0.00361684 -0.0848614 23.4055
-0.0252061 -0.0937532 50.6082
-0.020723 -0.0703717 44.5895
0.015354 -0.019892 6.1901
0.0053898 -0.0146288 16.2995
0.0390932 0.00412897 -20.4139
0.0571498 0.010436 -39.1282
-0.367327 -0.0134834 418.689
0.0411378 0.0421869 -33.8732
0.0147346 0.00688587 -1.79714
-0.0137158 -0.0180016 32.1098
-0.00121034 -0.0183217 17.3204
0.011764 0.00403014 0.968248
-0.00752804 0.0328487 23.2003
0.0160337 0.0169476 -4.65479
0.0144848 0.00433171 4.07341
0.00669171 0.00338852 4.35923
0.0031566 0.00640683 4.32717
-0.0104937 0.00810912 5.16719
-0.0022708 0.00283964 4.7398
-0.000442291 0.00373879 4.62226
-0.0230411 0.00367237 7.69494
-0.00295822 -0.0205749 6.18055
0.0104882 -0.0275063 4.15774
-0.00424508 -0.0428034 8.19226
0.00433714 -0.0489668 7.04473
-0.0342069 -0.0701698 17.5804
-0.0132607 -0.042513 9.18961
-0.00111121 -0.0411219 5.82796
0.00752408 -0.0357394 3.27823
0.00487549 -0.0175477 2.39805
0.00285295 -0.0573157 5.7962
0.00577423 -0.0275716 2.25977
-0.00266446 -0.0258164 5.20899
0.0243848 -0.054511 -3.03133
0.0250196 -0.0600277 -2.88066
0.00765648 -0.0242132 2.62157
-0.00903972 -0.0577611 13.6254
0.0242405 -0.0521911 -4.91124
0.00228466 -0.0847076 10.0275
0.0293119 -0.0930086 -3.66199
0.00462381 -0.0703535 8.39299
-0.0558528 -0.0721059 44.2732
-0.0118474 -0.0586413 16.3175
0.0212833 -0.0564137 -4.92539
0.0599688 -0.0344095 -31.4072
0.0404359 -0.0684174 -15.2642
0.0454848 -0.0449842 -20.1376
0.0401517 -0.0629606 -15.0095
0.0560911 -0.0326529 -28.8269
0.0326221 -0.0226875 -12.0618
-0.0059973 0.0124774 15.0698
-0.0203605 0.00933369 26.5779
0.00176314 -0.00816035 9.54605
0.013382 -0.0154327 0.366688
-0.000100902 -0.0165013 12.145
-0.0151628 -0.00516059 24.4712
-0.020095 0.0223956 26.9212
0.00128598 -0.0697945 23.8965
0.023319 -0.0202661 -0.818915
0.012644 -0.00798457 8.42321
0.00572859 -0.00866904 15.393
0.00618888 0.00312947 14.1116
0.031859 0.0141541 -13.7409
0.042873 0.00376822 -23.8746
-0.00590525 0.0562342 16.5548
0.0165159 0.0270904 -5.45578
0.000542214 0.000452636 14.7282
-0.0227092 -0.0108489 41.8979
0.00201301 -0.00911958 12.4943
0.0310817 -0.00656992 -21.5398
0.0141892 -0.0123752 -0.382818
0.0192711 -0.0153706 -6.27944
0.0239846 -9.70506e-05 4.33978
0.0142787 -4.84231e-05 4.48327
0.00577743 0.00655445 4.2192
-0.00181199 0.00988378 4.26103
-0.00478859 0.0151142 3.93871
-0.000502776 0.0101793 4.07809
-0.0340866 0.0135545 8.5437
-0.0228966 0.00453961 7.56091
-0.00163459 -0.0140376 5.4761
0.00155748 -0.0156046 5.11458
0.436214 0.166827 -107.493
0.0283138 0.059921 -1.86262
-0.017746 -0.0201689 9.15286
0.00546914 -0.000194407 0.700885
-0.0018126 -0.000843757 3.24618
-0.022561 0.0083178 8.76518
0.0053876 0.000557644 0.586283
-0.00197141 -0.000160388 3.03716
0.0119641 -0.0102691 -1.5851
0.0144412 -0.0166776 -2.09086
0.0165625 -0.0362128 -1.00758
0.00513504 -0.038655 4.19646
0.00118419 -0.0297011 5.1946
-0.00416919 -0.0447274 9.19214
0.0141341 -0.0501047 0.494447
0.0117106 -0.0452395 0.957216
0.00597739 -0.0419202 3.96551
-0.0103029 -0.0430319 13.7438
0.00712122 -0.0272989 1.68155
0.0434008 -0.0203479 -21.8867
0.0517159 -0.0305637 -26.0078
0.0390428 -0.0477026 -15.723
0.014411 -0.00784344 16.0828
0.0678369 -0.0613287 -35.3235
0.0703133 -0.0468944 -38.4841
0.0488762 -0.0584357 -21.0556
0.0222302 -0.0224114 -3.99688
-0.00632562 -0.0158814 17.7522
-0.00413656 0.00605853 13.3441
0.00436111 0.00191101 6.44741
0.00207217 -0.00207283 8.8638
-0.0100821 0.0107507 18.2563
0.000372729 0.00743452 9.29081
0.0587341 -0.00739867 -35.7008
0.0438438 -0.011089 -20.8862
0.0179829 -0.00490171 3.38763
0.00759687 0.00288035 12.8476
-0.00524509 0.0150188 24.8826
0.0243766 0.0164193 -5.96888
0.0164014 0.00378797 4.07111
-0.0229142 0.0121744 39.1837
-0.00359929 0.0112101 18.0409
-0.012927 -0.0218908 31.9376
-0.0232645 -0.00968978 42.3014
0.0200448 -0.00594569 -8.26287
0.00841585 -0.0173839 6.72908
0.00652705 -0.0360043 11.1024
0.0193883 -0.0565512 -2.8489
0.0150019 0.0359019 0.267002
0.0139501 0.0235293 1.79025
0.00742953 0.0166449 2.95968
0.0287957 0.0113245 1.72354
0.00881425 0.0256215 1.59186
0.000547423 0.0101815 3.81705
-0.0264346 0.00453494 8.55668
-0.028359 0.00311032 8.59037
-0.010872 -0.0020582 6.30232
-0.00975624 -0.000490554 5.89359
-0.0230639 -0.0123735 10.2232
-0.0351203 -0.0183216 13.5568
0.00383656 0.00362848 0.810986
0.00106354 0.0156868 0.441295
0.00100415 0.0109751 1.18915
0.158009 -0.0674224 -22.112
0.0205491 -0.0223 20.4767
-0.0048864 0.0126503 2.84596
0.00442195 0.00565368 -0.0685667
0.00786632 0.00361612 -1.3751
-0.00424116 0.00243531 4.02828
-0.00636787 -0.00608815 5.95121
-0.000975447 -0.0129923 4.34634
-0.00444827 -0.036723 8.64208
0.00166461 -0.0390754 5.82875
0.000757296 -0.0380312 6.12884
0.0120923 -0.0338571 -0.452185
0.00727549 -0.0251286 1.5294
0.0213983 -0.0103406 -8.76696
0.0354132 -0.00707859 -17.8294
0.0241161 -0.0329053 -7.39389
0.00597694 -0.0305743 4.46639
-0.00334507 -0.0107203 28.9184
0.0430176 -0.0625163 -16.6498
0.0582583 -0.0524777 -29.0937
0.062677 -0.0423311 -33.7158
0.0217151 -0.037199 -2.41851
0.0255929 -0.00604141 -9.7254
0.0540334 0.014356 -35.963
0.011256 0.056846 -5.21434
-0.0150174 0.0675344 16.2601
-0.0303892 0.0617411 30.403
-0.0170659 0.020603 23.3702
0.0610279 0.0176147 -40.192
0.0276569 -0.00175988 -5.88764
0.0145503 -0.00350212 6.7643
0.0104529 0.00518182 9.76657
0.0122179 0.0028796 8.1588
0.0197913 0.00961927 -0.313768
-0.0829491 0.0796443 99.8552
-0.0385742 0.217112 34.0937
0.0199944 0.00522387 -7.75576
-0.0160328 -0.0585447 39.2231
0.01303 -0.0426616 3.95824
0.0142406 -0.0133358 -0.405823
-0.0345672 -0.0290388 59.5129
0.0104161 -0.0493821 7.36348
-0.02513 -0.0839115 54.7409
0.00768302 0.0719682 -4.25986
0.0226424 0.0659622 -4.00909
-0.0134796 -0.0014372 18.8722
0.053202 0.0149124 -0.577862
0.10247 0.00484569 -3.9472
-0.0160263 0.0141552 5.34778
-0.0369349 0.00416605 9.95877
-0.0195371 0.000145261 7.57981
-0.0137826 -0.0011938 6.86252
-0.0200594 -0.00991262 9.36333
-0.0353201 -0.0171786 13.6697
-0.00361257 -0.00505074 3.92585
0.0313562 0.0236375 -9.19621
-0.030491 0.0238929 8.96721
0.920321 0.0300274 -282.14
0.127748 -0.0831675 -10.5447
0.094589 -0.0566115 -0.819137
0.358309 -0.00806875 -129.254
0.0120093 0.00755401 -3.30985
0.00420468 0.0131738 -1.01198
-0.0182777 0.0261521 7.1125
-0.00851837 0.0217163 3.34257
-0.0153841 0.008505 8.39126
-0.0135577 0.00150801 8.16828
0.084751 -0.0143925 -41.0097
-0.00889392 -0.0309188 10.4906
0.0141469 -0.0468915 0.650536
0.0275802 -0.0188759 -11.041
0.0272395 -0.0181441 -11.0641
0.0259999 -0.0292001 -8.74644
0.0136928 -0.0273917 -1.25044
0.0225134 -0.014305 -9.03818
0.0021238 -0.0105491 25.0213
0.0341247 -0.048919 -12.0645
0.0429021 -0.0522851 -17.5303
0.0565165 -0.0466139 -29.1967
0.0640749 -0.00673224 -40.4353
0.0632774 0.0170077 -43.4709
0.106028 0.0494852 -83.3895
0.033815 0.0499339 -22.1102
-0.0145853 0.100378 12.4298
-0.0139176 0.0911618 13.2554
-0.0541566 0.0663947 51.0128
0.0606983 0.017114 -39.8356
0.0332246 0.0153748 -13.1271
-0.00249878 0.0107726 21.7348
0.020945 0.0139647 -2.14582
0.0104051 0.0248364 6.88037
0.022549 0.0185167 -4.63682
0.0124356 0.0157466 6.58931
0.011402 0.0555812 1.88956
0.0299702 0.0718705 -20.6597
0.0024951 0.0169812 18.1858
-0.0348062 -0.00159373 63.8823
-0.184081 0.325137 189.534
-0.107218 -0.00612837 143.317
-0.0459033 -0.0720799 78.447
-0.0264821 -0.0695177 54.5789
0.0223871 0.0658794 -2.99927
0.0218628 0.0221502 4.25308
0.0109637 -0.00926272 18.7225
0.00779149 0.0066314 15.9711
0.0042882 0.0193523 3.77373
-0.034486 0.023457 6.63664
-0.0359154 0.0162374 7.91061
-0.035648 0.0032734 9.65144
-0.0150851 0.00617451 15.6367
-0.0086744 0.0664847 4.44813
-0.0320746 -0.0228728 13.721
0.0504116 0.0245373 -12.9147
0.0162135 0.0116261 -3.56581
0.0703739 0.0355734 -21.0325
-0.0226712 0.101931 -0.0593406
0.185587 -0.0979757 -27.4894
0.195041 -0.0908324 -31.4782
0.0167019 0.0188297 -6.34693
0.0197091 0.00898478 -6.3486
0.0209407 0.0355077 -11.8299
0.0275141 0.079971 -22.5243
0.00989051 0.049587 -9.87805
-0.0119929 0.0374723 2.29664
-0.0258561 0.0598526 5.45745
-0.0284186 0.00104124 16.3925
-0.00114987 -0.0220027 5.20273
0.0199956 -0.0363534 -4.5125
0.088993 0.244699 -91.4412
0.0393449 -0.00678215 -21.1595
0.040773 -0.0371626 -17.0491
0.0298369 -0.0218299 -12.8373
0.638597 0.2446 -464.639
0.0542092 -0.0180216 -10.8795
0.0348317 0.00424348 -1.18874
0.0865563 0.0324812 -45.0759
0.0640372 -0.085535 -29.42
0.0716233 0.0142652 -50.2631
0.0722893 0.0330821 -53.2676
0.0963896 0.032547 -72.6963
0.06189 0.0367367 -44.0315
0.0247495 0.0588947 -15.803
0.000236936 0.134656 -6.7848
0.101951 0.145587 -100.371
0.087808 0.0693922 -73.774
0 0 -1
0.0215321 0.0432168 -6.35076
0.00830902 0.0356323 7.43814
0.0100575 0.0229604 7.36601
0.0270886 0.0464938 -13.6297
0.0231383 0.0473651 -9.42711
0.019226 0.0445085 -4.67234
0.0125312 0.0229957 6.11921
-0.00287257 0.0103037 25.2845
-0.0316508 0.01787 57.1547
-0.0831816 0.00793846 119.153
-0.735451 0.0715879 883.059
-0.0744758 -0.0830044 114.717
-0.0240808 -0.0701788 51.2164
-0.000120016 0.0122649 6.16147
-0.0127728 -0.00218557 9.25205
0.0333874 -0.010706 17.2282
-0.00394402 0.0238187 2.56187
0.0104897 0.00762401 4.85564
-0.055191 0.0221094 9.17637
-0.0374166 0.00644586 9.77701
-0.0282755 -0.00314039 9.55609
0.0081915 0.0534213 3.21854
-0.0247644 -0.0502458 28.232
-0.0529847 0.027878 67.8971
-0.0901322 -0.0702483 96.1162
-0.0451011 0.138222 49.1849
-0.0280241 0.1928 34.0478
0.0166087 0.185153 22.317
0.0137653 0.254522 10.2974
-0.192391 0.129811 105.069
-0.160177 0.121764 94.2605
-0.191567 0.0319358 123.992
-0.196666 0.0148104 129.081
0.0398552 0.177073 -44.2592
-0.00308437 0.218642 -32.3233
-0.0121803 0.252249 -34.2167
-0.0491994 0.236381 -12.997
-0.0342252 0.256276 -24.3227
-0.00559762 0.292807 -46.3968
0.0325819 0.283367 -66.1994
0.0650075 0.26568 -81.7563
0.0230003 0.0933218 -23.8481
0.0233539 0.286039 -61.7161
0.041716 0.291383 -74.4165
0.702682 0.176769 -495.096
0.137462 0.00609203 -74.4107
0.0695078 -0.0020877 -25.0936
0.0706716 0.0299326 -32.366
0.056738 -0.0020606 -15.1313
0.0541626 0.0635489 -43.5623
0.0643747 0.0612145 -51.6397
0.0919511 0.0572591 -73.57
0.0677359 0.0567504 -52.8906
0.0680689 0.0777184 -56.7744
0.0414427 0.0849971 -34.6449
0.0923478 0.0627564 -76.8405
0.0580751 0.0252692 -37.6499
0.0258236 0.0241836 -6.61672
0.00229307 0.033317 14.0741
0.0125954 0.0571169 -0.383105
0.0105973 0.0613265 0.573941
0.015682 0.0496951 -1.64799
0.0103778 0.0456961 4.31747
0.00263149 0.0205891 17.2903
0.00547724 0.0180468 14.5088
0.000589406 0.0133009 20.8164
-0.0118989 0.0288829 32.3232
-0.0620836 0.00474911 94.9701
-0.84231 0.0378928 1017.42
-0.0713805 -0.0529815 104.903
0.0147292 -0.0329622 -3.10198
-0.0141109 0.070678 -5.42245
-0.05242 0.034023 2.79114
0.0905864 0.0154371 8.92962
0.0210985 0.034452 -1.27116
0.0180822 0.029281 0.062164
-0.0319034 0.0423138 3.10996
0.0673374 0.0238518 -8.31923
-0.0523475 0.00537665 12.2577
0 0.304588 -49.9018
-0.0764496 -0.00405131 80.1756
-0.102825 -0.0256286 90.0501
-0.209936 0.0109654 107.023
-0.238657 0.125194 91.14
-0.0323407 0.0812445 42.6201
-0.028525 0.229457 10.7483
0.350828 0.251612 -117.787
-0.165655 0.0762271 106.031
-0.165696 0.058673 108.906
-0.21069 0.0548625 127.291
-0.21874 0.0400814 133.039
-0.160602 0.0417123 107.753
-0.0128021 0.245695 -32.1545
-0.0294121 0.289679 -33.5081
-0.0209336 0.276011 -34.98
0.00209436 0.316147 -55.1493
0.00565565 0.310999 -56.0129
0.0101276 0.312543 -58.7954
0.00955448 0.304776 -57.0633
0.0155436 0.304533 -60.8836
0.0398765 0.296446 -74.3247
0.0382196 0.296677 -73.1168
0.040287 0.278745 -70.6731
0.119156 -0.0141326 -57.5671
0.0768155 0.0255833 -35.7269
0.0715242 0.0232703 -31.3596
0.0442326 -0.00556895 -4.78731
0.0792074 0.231499 -95.742
0.0493156 0.308264 -88.4284
0.0833743 0.14595 -83.5348
0.0823493 0.0858038 -70.9429
0.0532461 0.0850586 -45.4
0.0382793 0.0602856 -27.4672
0.0663951 0.0558659 -51.9136
0.0548299 0.0175602 -33.357
0.0299661 0.0216397 -10.4677
0.0270225 0.0446061 -12.477
0.0214747 0.0463177 -7.21096
0.0198338 0.0561388 -7.65043
0.0341245 0.0462821 -20.0891
0.00339242 0.0451851 11.5405
0.0152463 0.0482508 -2.31201
0.00478782 0.0249223 14.1439
0.00884448 0.0390307 6.32439
0.379027 0.0744984 -424.352
-0.03988 -0.0369167 76.8646
-0.218581 0.148327 244.09
-0.052299 -0.0434797 109.188
0.013197 0.349057 -74.8928
0.0678754 0.164553 -26.1951
0.102236 0.0750867 -4.92506
0.0480988 0.043577 4.97186
-0.0227941 0.325725 -58.8614
-0.031593 0.293118 -49.8705
0.016848 0.302386 -56.7406
0.139579 0.0605279 -17.526
0.139579 0.0605279 -17.526
-0.0691892 0.00363693 76.818
-0.0954117 0.00174428 82.7523
-0.144059 -0.0174741 96.7991
-0.122893 -0.0464957 98.711
-0.00747445 0.0500398 54.8463
-0.0292517 0.0751134 54.4914
-0.00174455 0.521426 -60.0383
0.515453 -0.0713817 -95.298
-0.0877221 0.0353076 87.1427
-0.191331 0.0817535 113.876
-0.222088 0.0708929 128.579
-0.209638 0.0324819 130.974
-0.186548 0.0348679 119.5
-0.0102575 0.284469 -41.9967
0.0471516 0.334642 -81.4766
-0.00445644 0.312381 -50.7993
0.00606749 0.329267 -59.8971
0.00479258 0.332482 -60.026
0.0103341 0.327231 -62.0377
0.00389437 0.327277 -58.3775
0.0066017 0.325646 -59.5044
0.0300901 0.308939 -70.668
0.0387987 0.291357 -72.2755
0.0329405 0.293308 -68.8981
0.132747 0.0233017 -75.1331
0.0632053 0.0333788 -27.7703
0.0582317 -0.00555947 -15.3371
0.0343124 0.0119412 -1.13349
0.00413095 -0.0408387 34.0246
0.0195374 0.328749 -68.2486
0.0198759 0.344288 -72.0215
0.0124824 0.323933 -61.3417
0.00475477 0.347215 -59.8237
0.0126268 0.340995 -65.6411
0.00399137 0.418551 -75.521
0.0170529 0.268528 -52.8891
-0.00900147 0.250986 -23.7909
-0.0189076 0.120286 15.8306
0.0194025 0.0711106 -10.6857
0.020423 0.084806 -14.6341
0.0150497 0.0530944 -1.64049
0.00662161 0.0810179 0.616645
0.0138561 0.0773442 -7.08817
0.0200865 0.0718935 -13.235
0.0366929 0.12098 -43.1309
0.0855087 0.0664657 -84.5302
-0.0306308 0.263502 0.998715
-0.0050939 0.284284 -33.5914
-0.151167 -0.0123718 222.643
-0.176241 0.157804 206.963
0.0852201 0.166494 -25.9279
0.0505286 0.149291 -20.2443
0.024142 0.13509 -15.9506
0.00481181 0.289762 -53.168
0.00549362 0.286896 -52.7902
0.0335254 0.292864 -56.549
0.212188 -0.0556833 21.0241
0.190367 -0.0340945 18.7531
-0.0489107 0.0101704 71.5197
-0.049599 0.0475925 62.7412
-0.00267092 0.0640566 48.3212
0.001934 0.015948 60.8764
0.000895227 0.0375035 56.3583
-0.00703032 0.0448329 55.9981
-0.047819 0.0121527 75.4283
0.0162692 -0.176625 100.232
0.0164253 0.0201745 52.8865
-0.139472 0.0597343 99.8399
-0.276036 0.0383316 158.873
-0.277795 0.0356252 159.268
-0.252062 0.0193527 151.735
-0.218599 0.0254445 135.48
0.00867975 0.339672 -63.4747
0.00600027 0.319015 -57.5238
0.00871392 0.314438 -57.7101
-0.00195599 0.318501 -52.8814
0.00832056 0.322718 -59.7482
0.00561543 0.324281 -58.5714
0.00323626 0.321574 -56.3471
0.00600576 0.315726 -56.8651
0.0168473 0.300251 -60.0783
0.0218569 0.296509 -62.3505
0.0480714 0.250314 -68.9106
0.0250868 0.255787 -54.0335
0.0107773 0.19549 -28.4415
0.00251586 0.12806 -4.94252
0.00876204 0.262801 -43.4127
-0.00586388 0.281079 -36.1017
0.0183235 0.299996 -60.4179
0.0121985 0.315665 -58.8635
0.0234891 0.311697 -67.8351
0.0114547 0.306594 -56.0667
0.012983 0.310649 -58.5978
0.00252015 0.314862 -50.0113
-0.0353512 0.218325 9.80123
0.133708 0.0492785 -89.2668
0.13012 0.0699371 -90.7566
0.113849 0.0763359 -75.8605
0.113358 0.131008 -89.5817
0.0410094 0.308761 -57.5654
-0.0187043 0.591312 -63.713
0.00837847 0.607272 -97.6819
0.0157767 0.109404 -16.255
0.0700802 0.0416477 -59.7633
-0.0386441 0.262503 11.6841
-0.0103519 0.294542 -29.6365
-0.0724896 0.0263178 117.518
-0.0890157 0.0924158 121.201
0.0901013 0.183739 -30.2137
0.0765533 0.188623 -31.0002
0.0395318 0.368268 -76.9201
0.0392973 0.357184 -73.4978
0.0456697 0.337724 -69.0732
0.126507 0.528889 -127.458
0.0602924 -0.00546648 30.5089
0.157484 -0.0204579 20.2944
-0.00136996 0.00993642 62.7384
-0.00571438 0.0122068 62.0838
0.0213933 0.0301568 51.943
0.0171286 0.0126963 58.4419
-0.0233537 0.0249625 66.0885
-0.0339361 0.0379665 65.3197
-0.0335812 0.0423289 63.5305
-0.00410877 0.0312967 57.8083
-0.0532763 0.0330932 74.8113
-0.0714196 0.0330072 81.3999
-0.321087 0.0183469 181.056
-0.288447 0.0163739 168.664
-0.246277 0.0140414 150.692
-0.200421 0.0102141 131.057
-0.00614833 0.318867 -51.3071
-0.000301002 0.323486 -55.2046
-0.00388809 0.316505 -51.5014
0.00616296 0.312527 -55.8812
0.00686856 0.310439 -55.536
-0.00206769 0.309909 -50.2523
0.0033046 0.315498 -54.9371
0.00415797 0.312707 -54.865
0.011311 0.309403 -58.6031
0.0130213 0.307744 -59.368
0.0292447 0.287662 -65.1112
0.0169989 0.27067 -51.7374
0.00722532 0.281406 -47.5974
0.0166238 0.266127 -50.6332
0.0209707 0.305462 -64.1535
0.0146944 0.317867 -62.7048
0.020584 0.318557 -67.5768
0.0301517 0.318101 -75.4663
0.0282223 0.327902 -76.5872
0.0217534 0.325595 -70.4014
0.022088 0.346284 -76.5104
0.0344127 0.370343 -94.4402
0.113174 0.00395608 -57.7823
0.155031 0.0123866 -100.21
0.133469 0.0290955 -83.0782
0.0992487 0.0753536 -60.4127
0.136848 0.0834767 -101.412
0.145595 0.091048 -112.397
0.130832 0.0932953 -96.9308
0.082481 0.13002 -53.44
0.0653864 0.178484 -47.5419
0.0502482 0.275784 -56.236
0.0780555 0.237795 -78.129
0.110359 0.220428 -111.305
0.111392 0.666639 -238.346
0.134605 0.676663 -268.675
-0.00915748 0.385137 -71.9553
0.000408864 0.411357 -80.163
0.00316314 0.398754 -76.0918
0.00752486 0.404783 -78.4663
-0.00136201 0.363901 -65.2683
0.0153829 0.351464 -63.7493
0.0176981 0.300351 -49.1355
0.0334136 0.301557 -51.2105
-0.0118747 0.00772253 65.3251
0.00937681 0.00620344 61.446
0.0249059 0.00501455 58.2957
0.024546 0.00922051 57.5097
0.000364146 0.00148729 66.0079
0 0 -1
-0.0136292 0.00911857 67.7393
-0.00858297 0.0176845 63.3709
-0.039114 0.0146136 74.6608
-0.0585659 -0.00559576 87.6555
-0.300686 0.00264989 177.824
-0.292868 -0.0134223 178.248
-0.247651 0.0222354 148.461
-0.182485 0.0350148 115.737
-0.0453631 0.293227 -24.6197
0.000570701 0.303342 -49.8834
-0.00514801 0.302095 -46.6622
0.00898195 0.313727 -57.7219
0.00416073 0.317927 -56.1411
0.00130183 0.32346 -56.2418
0.0191944 0.328274 -68.5326
0.00837353 0.320616 -59.7444
0.00583658 0.312177 -55.8907
0.0123353 0.309507 -59.4631
0.0196355 0.306092 -63.5127
0.0209085 0.299212 -62.3354
0.026328 0.320622 -72.6286
0.0459862 0.33429 -91.8057
0.0427783 0.340134 -91.2805
0.0272769 0.339408 -78.7453
0.016186 0.361527 -76.0372
0.0189596 0.370892 -80.6697
0.0240169 0.361495 -82.0051
0.0270843 0.390506 -93.294
0.0402355 0.395887 -106.798
0.0491398 0.380166 -110.564
0.175509 0.0501259 -130.88
0.149175 0.00248224 -91.5515
0.155744 0.0242457 -104.725
0.144107 0.0198634 -91.5397
0.145174 0.0232528 -93.151
0.161561 0.0384492 -114.892
0.156373 0.0206914 -104.2
0.126775 0.0674264 -84.9436
0.126238 0.0995582 -93.8024
0.089588 0.222139 -87.0464
0.086532 0.18887 -73.5524
0.131279 0.182879 -124.754
0.123708 0.147212 -105.197
0.118742 0.177284 -108.493
-0.00972096 0.35856 -63.6515
0.00917763 0.373556 -68.7955
0.0207586 0.330889 -55.5002
-0.0178304 0.339358 -55.7455
-0.0336223 0.313594 -46.268
-0.0168557 0.325422 -51.6892
0.000798909 0.317862 -51.2558
-2.47331e-05 0.249592 -29.7769
-0.0131988 -0.00856075 70.4505
-0.0157254 -0.0187313 74.3413
0.0380242 -0.0199813 62.309
0.02713 -0.0392595 71.8923
0.0254891 -0.00827679 61.8528
-0.00196349 -0.0166723 71.8402
-0.0145464 0.000186086 70.4581
-0.0155171 0.00858922 68.0602
-0.0485804 -0.00581671 83.9525
-0.0624045 -0.0180304 93.0396
-0.318472 0.00934256 182.912
-0.302595 -0.0225106 185.509
-0.0527963 0.228673 -1.80882
-0.0230824 0.294211 -35.8668
-0.00303234 0.309933 -50.3205
-0.00500582 0.298227 -45.718
0.014628 0.314806 -60.9815
0.0137613 0.323478 -63.1097
0.00183333 0.320977 -55.7869
0.00531666 0.322187 -58.3505
0.00402411 0.323402 -57.8267
0.000380755 0.324225 -55.9671
0.00320647 0.323078 -57.4377
0.000858898 0.322068 -55.5342
0.0120411 0.316662 -61.5473
0.037905 0.303925 -76.0498
0.0694583 0.317502 -103.468
0.0549669 0.358997 -105.395
0.0388905 0.397101 -104.847
0.0397626 0.397264 -105.566
0.0228156 0.38245 -86.8696
0.0239491 0.383888 -88.11
0.025558 0.389257 -91.1626
0.0375048 0.385652 -100.583
0.0307157 0.38493 -94.2424
0.027417 0.373671 -87.5961
0.0627749 0.322709 -105.149
0.0876358 0.22046 -97.1192
0.123838 0.113818 -99.8269
0.11566 0.0996787 -87.1465
0.152641 0.00943925 -97.2152
0.147558 -0.00218043 -87.9242
0.143333 0.018208 -89.9981
0.165761 0.0121404 -112.347
0.154612 0.0217556 -102.768
0.155389 0.00147316 -97.3667
0.125256 0.0454852 -76.0353
0.113652 0.0771106 -72.0559
0.118607 0.0798443 -77.8929
0.115106 0.115956 -85.3177
-0.0207395 0.320952 -51.2194
-0.00348183 0.309382 -47.6919
-0.0090978 0.266744 -33.081
-0.033539 0.279526 -35.6741
-0.0362889 0.248426 -24.8152
-0.0199321 0.239486 -23.6112
-0.0129483 0.229057 -21.2958
-0.00938185 0.207343 -15.2836
-0.0346584 -0.058706 90.8643
-0.0130692 -0.0760415 92.168
0.0385374 -0.036622 67.7404
0.0228081 -0.0208616 66.8543
0.00918427 -0.0301269 72.9339
0.0230068 -0.0244714 67.2932
0.0107663 -0.0225184 69.9843
-0.0247264 -0.0123326 78.2815
-0.0569859 -0.0345555 96.0618
-0.0675167 -0.0245362 96.7885
-0.378525 0.0353004 198.189
-0.0761771 0.250501 1.19136
-0.03017 0.28542 -29.9036
-0.00608677 0.303633 -46.7462
-0.00945353 0.3063 -45.8781
8.64964e-05 0.318766 -54.9353
0.0358928 0.328549 -76.9325
0.0101156 0.319327 -59.8584
0.00636692 0.31678 -57.0787
0.00931509 0.31595 -58.5778
0.00721182 0.314399 -56.7364
0.0060136 0.307777 -53.7547
-0.000642404 0.338773 -60.029
0.000964757 0.328225 -57.6706
0.0123239 0.31793 -62.1707
0.0175361 0.313609 -64.4562
0.0681007 0.283927 -91.8573
0.0847981 0.2754 -101.388
0.0534545 0.314835 -88.6168
0.0359656 0.356393 -88.6626
0.0156405 0.365678 -75.3568
0.0298492 0.357278 -84.6156
0.0291468 0.357298 -84.0594
0.032773 0.338592 -81.1682
0.0263298 0.341236 -76.1856
0.0235247 0.346619 -75.3183
0.033303 0.338239 -81.8927
0.0326797 0.315386 -73.7469
0.0479614 0.287908 -79.7622
0.0818624 0.155895 -70.4999
0.0780173 0.21591 -86.0389
0.102544 0.117291 -78.8541
0.117251 0.086335 -84.3997
0.16188 0.0465209 -119.688
0.14527 0.0108309 -88.9677
0.144177 -0.00104585 -83.848
0.148364 -0.00728399 -86.9325
0.151088 0.0100922 -96.0784
0.156897 0.00530268 -101.12
0.172317 0.00801726 -120.569
-0.0313972 0.310012 -47.3193
-0.0308294 0.289238 -39.9412
-0.0375571 0.266451 -31.4662
-0.0466459 0.198474 -7.16202
-0.0407394 0.190384 -4.74808
-0.0291202 0.193479 -7.25084
-0.00783991 0.223659 -20.9191
0.0114444 0.242505 -30.4814
0.026569 -0.0784404 85.7247
-0.00791297 -0.0701851 88.6159
0.0710671 -0.0314778 58.4281
0.0144358 -0.0417712 76.1516
-0.000735523 -0.0287512 74.9811
0.00851716 -0.0327976 73.6408
0.378508 -0.0247858 -49.0519
-0.0438537 -0.0355096 91.5342
-0.0615906 -0.0142334 90.2152
-0.0527592 0.0105733 78.3165
-0.118348 0.0631164 85.4314
-0.0525872 0.253617 -9.09649
-0.0213838 0.297433 -37.731
-0.00607382 0.304422 -46.8436
-0.000460259 0.288679 -44.1111
0.0210105 0.297275 -57.8864
0.0246681 0.319506 -67.7582
0.0185498 0.32204 -65.1158
-0.00948732 0.323152 -49.9148
-0.000693748 0.314182 -52.0388
0.00388792 0.28483 -44.0566
-0.00560758 0.299765 -43.2749
-0.00782424 0.317391 -48.3338
0.0133111 0.321558 -63.9634
0.000497645 0.296478 -46.1805
0.00884626 0.307522 -55.8527
0.0197992 0.301453 -62.0844
0.0741346 0.263846 -89.9934
0.131261 0.233458 -122.305
0.0584561 0.313744 -92.3967
0.025761 0.347169 -77.6683
0.0191181 0.3357 -68.0688
0.0252321 0.3315 -71.9873
0.0209419 0.327079 -66.591
0.0325542 0.329294 -77.8168
0.0281873 0.335166 -75.7498
0.0241033 0.336361 -72.448
0.0348449 0.330195 -80.8822
0.0290302 0.329826 -74.857
0.0461544 0.28966 -78.1283
0.0490875 0.263326 -72.3826
0.0792928 0.180872 -75.2527
0.0796578 0.150048 -64.9043
0.109217 0.102873 -80.4802
0.110833 0.0765858 -72.9931
0.130162 0.0293821 -78.2939
0.139744 0.0151235 -84.3049
0.136344 0.00666415 -76.9925
0.132366 -0.0370509 -56.744
0.170847 -0.0286186 -106.658
-0.0509616 0.305614 -45.5485
-0.0546838 0.276598 -34.7336
-0.0568071 0.252955 -26.0166
-0.0507292 0.179038 0.047624
-0.0249876 0.161621 3.76432
-0.00668685 0.218337 -18.7503
-0.000571891 0.236161 -26.1955
0.0278921 0.22157 -25.2031
0.00934042 -0.0222976 68.4441
0.0460698 -0.00912435 56.1748
0.0684787 -0.014206 52.9379
0.0319624 0.0120938 52.4505
-0.0062268 -0.0155713 71.8707
-0.00907349 -0.0170471 73.0092
0.380203 -0.0225198 -50.3752
-0.047852 -0.0122117 84.7882
-0.0289838 0.0177688 67.278
-0.0296324 0.0459974 57.2481
-0.0524604 0.136703 33.0818
-0.0244915 0.2453 -17.8334
-0.00496152 0.258565 -31.1733
-0.0137039 0.252813 -25.0668
0.0165416 0.23749 -34.2394
0.0281768 0.280237 -55.5697
0.0350087 0.285528 -61.0759
0.0157605 0.287373 -51.1691
-0.00371869 0.290886 -41.7618
-0.00956199 0.289219 -37.8104
0.00583629 0.283011 -44.6714
0.000398594 0.262433 -33.7127
-0.00047633 0.289271 -43.0096
-0.000791915 0.299199 -46.2352
0.000289013 0.292048 -44.4338
0.00518802 0.281868 -44.3059
0.0125432 0.285151 -50.9142
0.068693 0.246738 -79.3859
0.130437 0.222487 -118.001
0.102062 0.271605 -112.812
0.0342318 0.339825 -82.1768
0.0143887 0.289771 -47.6664
0.0297976 0.298445 -64.2157
0.0271807 0.31666 -68.4694
0.0313598 0.297064 -65.2445
0.0353319 0.313368 -74.7233
0.0244174 0.322743 -67.8793
0.0275314 0.325453 -71.8713
0.024324 0.313719 -64.278
0.0391882 0.290298 -71.1705
0.0233768 0.286771 -53.678
0.0562033 0.230409 -67.9671
0.0607639 0.21215 -66.1858
0.0876901 0.132661 -66.9611
0.0953212 0.0943158 -61.6743
0.107273 0.0843123 -71.4315
0.130385 0.0526094 -86.5752
0.127201 0.0248917 -72.7463
0.13729 0.00927015 -79.0959
0.15099 -0.0104964 -88.6913
