-0.0615941 0.0299408 13.8567
-0.0678748 0.0432209 13.8375
-0.0337771 0.0386766 13.1644
-0.0124711 0.00435808 11.901
5.28627e-05 0.00965805 11.0278
-0.00368106 0.0405182 11.126
-0.00292168 0.0157765 11.3225
0.00508846 0.00779936 10.3009
-0.0121522 -0.0307771 13.7445
-0.0140238 -0.0300374 14.2928
-0.0293434 -0.0129239 17.7268
-0.0414052 -0.0245263 20.7548
-0.0475956 -0.0290838 22.1274
-0.0515329 0.0836606 35.1028
-0.0499197 0.0311142 35.3375
-0.0568318 0.00915563 37.8273
-0.0621996 0.00455348 39.4688
-0.0404801 -0.0175169 31.7264
-0.0236496 -0.059825 26.2417
-0.0326865 -0.0634744 29.5669
-0.0418759 -0.0870315 33.663
0.00496581 -0.0999297 12.0812
0.00873697 -0.167915 12.0545
-0.0407154 -0.24526 38.1836
0.0414598 -0.0355139 -11.9138
0.0624654 -0.0787878 -21.3578
-0.000239658 -0.0724815 13.8946
-0.121575 -0.0832164 85.0274
0.053432 -0.0283401 -20.557
0.076795 -0.0485898 -35.3313
0.0634898 -0.0310719 -26.8043
0.0290361 -0.00840863 -4.22469
0.00805935 0.00848279 9.98163
0.047596 -0.00796782 -6.43708
0.0651451 -0.0208865 -19.0714
0.0578178 -0.045305 -13.2376
0.0397733 -0.0260193 0.667586
0.0198566 -0.0153252 16.3014
0.0143743 -0.0286146 21.069
0.0098863 -0.00493087 24.0352
0.00655443 -0.0171378 26.8264
0.0402476 -0.0424743 -1.99336
0.0522115 -0.101867 -11.1714
0.0583049 -0.113668 -16.7807
0.0291241 -0.00998893 0.198183
0.377732 0.00761996 -336.887
0.0596922 -0.0500817 -20.9285
0.0296816 0.203371 1.00331
0.0242674 -0.00989573 -0.286763
0.0227122 -0.000582081 1.05278
0.00363581 0.00153778 21.6742
-0.0114865 0.0779985 36.9638
0.312697 -0.0217884 -321.004
0.165778 -0.34603 -155.001
-0.0485741 0.0168339 94.3207
0.0270146 0.0161244 0.301059
0.045374 0.0172829 -21.969
0.0314083 0.0580816 -5.64396
-0.0464842 0.0184116 13.8874
-0.0252104 0.0353296 13.2049
-0.0412573 0.0552388 13.1414
-0.0148842 0.0381998 11.372
-0.00539364 0.00766806 11.8444
-0.000568367 0.00620421 11.1912
0.00164713 -0.00138985 11.2539
-0.0134871 0.00167869 13.451
-0.0104614 -0.0146291 13.2576
-0.0173243 -0.0154013 14.5476
-0.0139557 -0.0129885 13.8944
-0.0358687 -0.0016066 18.7498
-0.0239509 0.00640777 15.0651
-0.0601576 0.0603847 38.0849
-0.0558543 0.0390843 37.3845
-0.0754337 0.0164066 43.9569
-0.0755926 0.000871593 44.3325
-0.0541932 -0.0177535 36.6745
-0.0333632 -0.0407514 29.0297
-0.0548665 -0.023957 37.7001
-0.0692416 -0.0598822 44.4599
-0.011575 -0.071312 19.3338
-0.0117374 -0.115792 20.282
0.0199877 -0.19401 7.2007
-0.0194763 -0.0685925 21.9467
0.045134 -0.06444 -12.4417
0.00925612 -0.0627459 8.70208
-0.0043762 -0.0473855 15.9459
0.0259839 -0.0501911 -3.66715
0.0538171 -0.0270582 -22.1637
0.085894 -0.0365134 -41.3213
0.0445928 -0.0117148 -14.573
0.0357488 0.00342249 -9.14716
0.0296998 -0.0365697 7.48031
0.0570293 -0.0444357 -12.1815
0.0615617 -0.0188189 -16.3335
0.0471089 -0.0271119 -4.93788
0.0164023 -0.0312764 19.7226
0.00862137 -0.0543668 26.6775
0.00587607 -0.0681284 29.0293
0.0255805 -0.0462526 11.6861
0.0539927 -0.564209 -1.22441
0.0802404 -0.0127067 -47.7552
0.0213164 -0.073675 9.23986
-0.0469422 -0.0508156 72.4932
0.0669978 0.00740221 -30.3131
0.0138884 -0.0374021 23.8799
-0.0041223 0.0259633 39.447
0.0342495 0.00269041 -11.614
0.0459819 0.00466223 -23.7815
0.0308932 0.0391095 -8.60511
0.0145048 0.042757 8.68036
0.0498499 0.00496912 -29.9903
0.0859137 -0.0174157 -70.0319
0.142644 0.213174 -142.56
0.0690135 0.021737 -50.5238
-0.0492945 0.0213596 67.6258
0.0267091 0.0306649 -25.6346
-0.00591756 -0.0131023 14.464
0.000971907 -0.000838183 13.8647
-0.0266564 0.0259692 13.812
-0.0579571 0.0370387 14.863
-0.0181522 0.00538343 13.0197
0.00605562 -0.00305742 10.7402
-0.00801678 -0.0260791 14.0275
-0.00404309 -0.0357429 14.1942
-0.0304542 -0.0062197 16.8933
-0.0329239 -0.0140243 17.3433
-0.00233775 -0.0145187 11.1846
0.0135339 -0.00803109 7.18223
-0.0273247 0.0181356 15.9179
-0.0114023 0.00231605 12.3904
-0.02776 -0.00516969 17.8357
-0.0517691 -0.0212829 26.3993
-0.0197991 -0.00294092 13.5709
-0.00196585 -0.00120637 6.89168
0.00911407 0.00058063 2.60519
-0.0618834 -0.0476118 41.0884
-0.0638605 -0.0421911 41.4023
-0.0219728 -0.068902 23.6539
-0.0326761 -0.0550583 27.7403
-0.0247295 -0.0788394 25.018
0.0162445 -0.054392 2.4439
0.0352192 -0.0753178 -6.26573
0.0250508 -0.0732306 -0.518458
0.00485671 -0.0751516 11.4236
0.0132303 -0.0531583 4.61581
0 0 -1
0.0738036 -0.0192396 -35.3341
0.0684774 -0.0281266 -29.6856
0.037582 -0.0160263 -9.60427
0.0193985 -0.0520593 15.5963
0.0378236 -0.0934702 4.07497
0.0522044 -0.049558 -7.93616
0.0116737 -0.0585233 24.6588
-0.0570301 -0.18004 85.2472
-0.0552152 -0.356547 93.4653
0.0371165 -0.10927 3.2438
0.014362 -0.0878763 21.6729
0.0252687 -0.0401809 2.11393
0.0216684 0.00107498 5.86534
-0.0541894 -0.0559024 80.3816
-0.0388135 -0.0201562 62.6041
0.0022921 0.0297646 32.8995
-0.00485892 0.0304657 39.7343
0.00501808 0.028822 29.9535
0.0274457 -0.0124243 -3.2235
0.0409733 -0.00703547 -18.2192
0.0457678 0.0125974 -23.7608
0.0586735 -0.0104035 -36.5124
0.030282 0.0539458 -8.48523
0.0105571 -0.00513407 -3.6312
0.00720076 -0.00425575 0.244303
0.00287252 -0.00128851 5.33816
0.00329574 0.0153099 3.64505
0.0283569 0.0391613 -28.038
0.0141829 -0.0323038 15.4019
0.0212481 -0.0310027 14.7996
-0.00584814 -0.0070344 14.4205
-0.0454723 0.0202259 14.7861
-0.0442564 0.0157297 14.7705
-0.0319906 -0.00595221 15.3901
-0.0124592 -0.0303138 14.5272
0.00944507 -0.0511865 12.8263
-0.00460432 -0.0084137 11.821
-0.0205419 -0.00929565 14.7768
0.0064745 -0.0160286 9.74969
-0.00204446 -0.0119871 11.882
-0.030843 -0.00314057 18.8344
-0.0238862 -0.00427725 16.6915
-0.0461861 -0.0288636 25.2206
-0.0449035 -0.0190732 23.3094
-0.0103125 -0.000291282 9.82417
-0.00169788 0.000484193 6.56644
0 0 -1
-0.0117724 -0.0543017 20.2148
-0.0456723 -0.0364729 33.5818
-0.0421901 -0.0239181 30.5889
-0.0476352 -0.0319457 33.9122
-0.0158261 -0.0616682 19.697
0.00432028 -0.0436681 8.18071
0.00709026 -0.0501793 7.22237
0.0220173 -0.0660942 0.344539
0.0145695 -0.0725256 5.26252
0.0389949 -0.0446821 -11.6101
0.0907624 -0.0407681 -44.5631
0.107183 -0.0605811 -53.7513
0.078492 -0.0614792 -33.7688
0.0429445 -0.0255963 -12.4871
0.0233736 -0.0333283 1.57746
0.00864405 -0.0353567 12.4673
-0.0194223 -0.0694557 36.5827
-0.0433374 -0.0877747 56.6913
-9.44751e-05 -0.103045 23.4171
0.00563094 -0.264478 37.9208
0.245196 -0.0533198 -177.92
-0.00376509 -0.0475004 35.1316
-0.0272877 -0.056562 56.2954
-0.0824516 -0.149144 113.565
-0.048734 -0.0517861 74.1768
-0.0103852 -0.0330132 36.3599
-0.00999473 -0.0100144 34.2668
0.00434512 -0.0141643 20.5282
-0.00857256 -0.0225989 34.4657
0.0248823 -0.0102531 -0.905319
0.046742 -0.0180268 -23.4682
0.08194 -0.00891887 -61.9984
0.0567732 0.0242913 -37.368
0.0508271 0.0141242 -29.3711
0.0601085 0.0383749 -41.4334
0.0069772 0.00720016 -0.034658
0.0463304 0.109127 -61.9836
-0.0333161 -0.0193112 51.1934
-0.057955 -0.0237468 81.9506
0.0403652 -0.0305346 15.2296
0.021333 -0.0297382 15.1257
0.0188675 -0.0192543 14.3838
-0.0210921 0.0053892 14.2666
-0.0362797 -0.000701235 15.8798
-0.0623204 -0.0179306 19.6808
-0.0207681 -0.0323968 15.3425
0.0239 -0.0386741 9.29326
0.0047574 -0.0124476 10.4781
-0.0189063 -0.0241792 16.0678
-0.00132266 -0.0457766 14.297
-0.00365436 -0.0394275 14.33
-0.0215338 -0.0378552 19.0441
-0.0459305 -0.0417746 26.3941
-0.0349277 -0.0355299 22.5587
-0.0484592 -0.00468479 23.5378
-0.01345 -0.0055777 11.4549
-0.00318426 -0.00185651 7.40818
0.0216045 -0.00664117 -1.85138
0.0612257 -0.0545277 -13.083
0.00312187 -0.0940169 16.5061
-0.0199452 -0.0469502 23.0707
-0.0217786 -0.0815394 26.6855
-0.0283645 -0.0206387 23.0227
-0.0196399 -0.00126346 17.086
-0.00436755 -0.0259855 10.8794
0.00735655 -0.045298 6.57987
0.00455128 -0.0555571 9.18194
0.0407133 -0.0735614 -10.9996
0.0794125 -0.0505692 -36.4732
0.0835302 -0.0554437 -38.7748
0.0780968 -0.097828 -29.8402
0.0518302 -0.0830228 -13.3214
0.0209153 -0.0633107 6.04041
0.00178325 -0.0547173 19.405
-0.0179009 -0.0842903 37.0407
-0.0655471 -0.118532 77.1435
-0.0903017 -0.177686 101.279
-0.0642896 -0.0381125 64.9969
0.624307 -0.469324 -461.59
-0.0440731 -0.027745 68.7014
-0.0559761 -0.0739395 83.731
-0.0708125 -0.147421 102.612
0.000212231 -0.0607703 28.9434
-0.00514204 -0.0256193 30.8719
0.00570583 -0.0218733 20.068
0.00149164 -0.0202223 23.9101
0.0215695 0.0301364 -0.901769
0.0131113 0.0226197 8.57292
0.0510392 0.00678347 -30.0245
-0.00651137 0.179271 19.3783
0.050213 0.0140781 -28.5211
0.000868097 0.0137252 5.98652
0.00430642 0.00197747 3.36305
-0.0176665 0.0352679 25.2862
0.0637257 0.132637 -82.1028
-0.0223843 -0.0050007 36.4862
-0.0120007 0.00132004 23.2733
0.028257 -0.0474506 16.5453
0.0217062 -0.0498405 17.5854
0.0162838 -0.0420853 17.3482
-0.0391902 -0.034949 20.4395
-0.0550379 -0.0338537 21.6993
-0.0378758 -0.038384 19.1775
-0.027414 -0.0231918 15.4622
0.0131741 -0.034232 10.7472
0.0340594 -0.0136216 4.86676
-0.0216064 -0.0149696 15.949
-0.00635552 -0.0409639 14.8728
-0.00421634 -0.0230201 12.4948
-0.0335409 -0.0400339 22.1855
-0.0394165 -0.0459495 24.5158
-0.0104034 -0.0449857 15.349
-0.0272514 -0.0420841 20.8726
-0.0128515 -0.011937 12.1045
-0.0159751 -0.0114772 13.3306
0.00903457 -0.0298311 5.68773
0.00822294 -0.0594259 9.76397
-0.00642325 -0.11616 23.036
0.0047146 -0.122373 18.5378
0.0323068 -0.107149 4.76725
-0.0197795 -0.0795997 25.9736
-0.00692305 -0.0530398 16.5752
0.000322248 -0.0694381 13.634
0.00153334 -0.0562785 11.7952
-0.00239015 -0.0490831 12.8592
0.0425317 -0.0214539 -17.6012
0.0785059 -0.047444 -35.8473
0.053684 -0.0688652 -17.6138
0.0633749 -0.09407 -21.1186
0.0400928 -0.130578 -0.726105
0.0676717 -0.102799 -24.3454
0.029256 -0.0487355 -1.82745
-0.0143248 -0.0312879 22.2861
-0.00559405 -0.0620684 19.6753
-0.0170788 -0.0359624 25.6823
0.00943979 -0.0209473 2.25966
-0.0493875 0.00593421 70.0581
-0.101659 0.0196106 114.124
-0.140587 0.0523472 143.716
0.021111 0.0316397 -22.1794
0.0203856 -0.0650219 10.3617
0.0154694 -0.0539349 13.8888
-0.0458561 0.0166479 66.7898
0.00170782 -0.103093 32.5236
0.0010107 0.0738134 -8.9371
0.111425 -0.0963514 -102.956
0.000808701 0.0753404 -9.12608
0.00246515 0.0996156 -13.7426
0.0274872 -0.0343711 -18.3111
0.00319539 0.00613022 4.03959
0.00207834 0.0243612 3.31587
-0.00665567 0.0410264 11.6541
0.00830201 0.00267169 -1.314
-0.0060771 0.00754544 15.2281
0.00375296 0.0125652 2.70012
0.0249374 -0.0688699 19.1829
0.0127085 -0.101417 24.2212
-0.0103844 -0.104512 26.1969
-0.0272986 -0.102381 26.5901
-0.0440578 -0.0864308 26.1441
-0.026063 -0.0491987 19.4268
-0.0140268 -0.0198645 13.1867
0.0160404 -0.0189268 8.28513
0.0363321 -0.017062 5.43549
-0.0335009 -0.00113357 16.5473
-0.0276375 -0.0123447 16.6829
-0.0393107 -0.0337582 22.7597
-0.0266755 -0.0381206 20.0344
-0.0410804 -0.0289977 22.3346
-0.0161321 -0.0454093 17.0376
-0.00506488 -0.0308241 11.8503
-0.00146162 -0.0135953 8.1652
-0.00961702 -0.0143736 11.4261
-0.0170752 -0.0396797 17.4699
-0.0195035 -0.0744745 23.1445
-0.0175953 -0.0955474 25.0234
-0.0103847 -0.0803203 19.322
0.00465341 -0.105103 15.9732
-0.00535427 -0.093934 19.4203
-0.000615156 -0.0909986 16.9641
0.0326738 -0.0628999 -6.00666
0.0378104 -0.0636864 -8.10478
0.0407154 0.0522756 -24.8717
0.0564729 0.00656332 -28.9044
0.0538678 -0.0204514 -24.9405
0.0466035 -0.0865009 -11.149
0.0552636 -0.0724103 -19.046
0.034794 -0.0996477 -1.05729
0.122936 -0.0690207 -68.1668
0.136898 -0.0546545 -80.5101
-0.0045769 0.0207618 7.82308
0.000703348 0.00741627 5.91305
-0.00388938 -0.00198255 10.8292
-0.00558966 -0.00647489 12.8867
-0.0248436 -0.00231029 50.0272
-0.0588026 0.0277522 75.6222
0.0149049 0.0192565 -14.8824
0.0177715 0.022013 -17.9541
0.0158329 0.0519901 -20.0526
0.0110475 0.0992057 -21.7266
0.00950684 0.058442 -15.3793
0.0436179 0.0352024 -46.3205
0.00261296 0.0833454 -11.7727
-0.0029568 0.0906267 -7.40371
0.00529431 0.108882 -18.387
0.0275255 0.10314 -41.2883
0.0356456 0.111753 -51.8804
0.0262387 0.0043072 -21.621
0.00985074 0.0143359 -4.27266
-0.00177165 0.00889854 9.82418
-0.000401944 -0.00326175 10.285
-0.0156066 0.0137989 26.1486
0.00627303 0.012015 -0.332978
-0.00351262 -0.0226011 12.5039
0.00266666 -0.0599816 18.251
-0.00827391 -0.0296709 13.2374
-0.000517636 -0.0186897 10.9617
-0.00471875 -0.0369442 14.4321
0.00892931 -0.0188229 11.2633
-0.0102815 -0.0101005 11.359
0.0469323 -0.00793327 1.7487
0.0223544 -0.0101693 7.10691
-0.0298804 -0.0105928 17.1772
-0.0316051 -0.00939227 17.3826
-0.0470329 -0.00900305 20.2118
-0.0259831 -0.0225668 17.1223
-0.053441 -0.0148857 23.9577
-0.00922828 -0.0170786 10.8285
0.00392156 -0.0231033 7.62444
-0.00246729 -0.0109285 8.05698
-0.0186126 -0.0176146 15.0623
-0.0309017 -0.0150916 19.2648
-0.013759 -0.0056 10.083
-0.0124342 -0.0121163 10.9741
-0.025869 0.00077768 14.9509
-0.00656806 -0.0285322 10.0743
-0.00747635 -0.0188873 8.98277
9.81077e-06 -0.0270924 6.22916
-0.00625579 -0.0304287 10.0923
0.0619699 -0.0299979 -26.5282
0.0679138 0.00522736 -33.5239
0.0325404 0.0487228 -20.1263
0.0645622 -0.0752155 -24.6597
0.0778812 -0.037573 -39.6648
0.0377286 -0.00787045 -17.1094
0.0190307 -0.0565308 4.04212
0.0373761 -0.0654052 -8.82993
0.0561514 -0.0043258 -27.0375
-0.00101535 0.0144074 6.25878
-0.00470595 0.00871182 9.94523
-0.00549444 0.011694 10.3067
-0.0139705 0.00773147 17.8302
0.0136011 -0.013115 18.737
-0.0100387 0.00241968 36.6787
0.0221297 0.0143288 -20.6861
0.0271508 0.0206798 -26.3321
0.0631978 0.0325374 -61.5775
0.00698595 0.0560038 -10.8436
0.0184191 0.0769139 -25.4621
0.00451565 0.0893258 -14.3803
-0.00874618 0.0915307 -0.959533
0.00723302 0.101016 -18.8445
-9.59665e-05 0.0870613 -8.29245
0.0298903 0.128346 -47.5923
0.0613682 0.0916118 -75.3652
0.0333878 0.00697712 -30.256
0.00644372 0.0036281 0.908693
0.00580386 -0.0135652 4.37473
0.00316026 -0.00836624 6.74406
0.0124125 0.0109145 -7.9281
0.0151099 0.00529101 -10.2719
-0.0119536 -0.00962142 10.5671
-0.0205684 -0.0239632 13.2782
-0.010655 -0.0028709 8.77485
0.000679889 -0.00723916 8.83465
0.003989 -0.0060838 7.99466
0.0133218 -0.0250984 10.7123
0.0104549 -0.00779003 8.50446
0.033332 0.00750177 1.63245
0.0184996 -0.00606211 7.44223
-0.0167101 -0.000561757 12.7065
-0.015586 -0.00488115 12.866
-0.0412497 0.0200938 13.2808
-0.0121514 0.0218276 5.69329
-0.0299415 0.00774866 12.677
-0.00585128 0.00736195 5.37927
-0.000666014 0.0072333 3.86171
-0.00104901 -0.0157489 8.47704
0.00501404 0.0117295 0.708435
-0.0176655 0.0284053 6.31559
-0.0348999 0.0368941 11.8748
-0.011245 0.00685864 7.36385
-0.0285728 0.0384013 9.63479
-0.00848537 0.0317339 0.837748
0.00122683 0.0271671 -3.28511
0.0224122 0.0397903 -16.9389
0.0766337 0.0112106 -41.7277
0.00967388 0.268695 -52.4966
0.099183 0.0397964 -59.1336
0.0333938 0.0213639 -15.7368
0.112505 0.0345379 -74.5288
0.119525 0.0676471 -85.3994
0.103784 0.106259 -82.2704
-0.00562063 0.119986 -9.3137
0.00985408 -0.0125218 2.68595
0.10829 -0.00993448 -64.6367
0.0318058 0.0654204 -28.1873
-0.0103979 0.0771028 2.12558
-0.0137612 0.028756 13.6883
-0.00467671 0.00137149 11.1107
0.0525402 -0.0128907 -14.7798
0.0183986 -0.00555532 13.1269
0.0344679 0.0171069 -32.5063
0.0200034 0.0149631 -18.8482
0.0670808 0.0206064 -63.0614
0.0261537 0.0268255 -24.7846
0.0284952 0.0319903 -27.9273
0.0149605 0.0641159 -20.2881
0.00824497 0.0433953 -10.2588
0.0348259 0.0714107 -42.9169
0.0166634 0.0614047 -21.9179
0.0300369 0.0528428 -34.7633
0.0291152 0.0154591 -26.9642
0.0182157 -0.00639182 -10.855
0.00992569 -0.00904954 -0.81999
-0.00103839 -0.00285454 10.6871
0.00978926 0.00333003 -3.13087
0.00654476 0.00454759 0.521138
-0.00399635 0.00182161 13.9503
-0.000171851 0.0147005 5.62903
0.00078057 0.0459453 -0.773201
-0.0230095 0.073235 -5.22088
-0.0234414 0.070374 -4.83782
-0.0089753 0.0491929 -1.58716
-0.000410787 0.029003 1.82281
0.0228779 0.0350595 -2.16386
-0.00172035 0.011966 6.85806
-0.00137037 0.0399623 1.17698
-0.0014504 0.0409246 1.48361
-0.0382303 0.0375921 9.94703
-0.0319578 0.0659877 1.84534
-0.0153124 0.108424 -10.8395
-0.0460919 0.0524366 9.38581
-0.00725407 0.0690696 -6.18218
0.0316862 0.10466 -25.9597
0.0337919 0.266572 -59.5482
0.0192487 0.28144 -57.3197
0.0124754 0.143253 -27.4008
0.00512787 0.38129 -72.9479
0.0312108 0.453498 -99.0956
0.0286486 0.446218 -96.4638
-0.0135761 0.402572 -67.4071
0.00106439 0.393428 -72.7965
-0.0149368 0.364841 -58.8639
0.0092625 0.358483 -70.7247
0.0229419 0.317261 -69.9167
0.0248236 0.285784 -64.5361
0.0516169 0.038005 -30.6499
0.0179165 0.315535 -67.1888
0.0541757 0.3001 -87.1182
0.0664613 0.210937 -76.9146
0.0699691 0.201359 -77.3864
0.0825831 0.240806 -94.702
0.0452601 0.272261 -73.7662
0.00184726 0.498899 -89.3116
0.00891213 0.238484 -43.1276
-0.024064 0.436994 -56.685
0.222732 0.123325 -189.61
0.146217 0.0489396 -107.989
-0.0466093 0.0637025 55.7349
0.0628163 0.181561 -75.5834
0.0347456 0.413855 -99.5063
-0.0131937 0.104987 6.58429
0.0346382 -8.54575e-05 -27.792
0.026095 0.0103038 -21.4067
0.0115725 0.0328524 -11.5536
0.014262 0.0610753 -20.252
0.022407 0.0273534 -21.7104
0.0116178 0.00861504 -6.49736
0.0105378 0.00528669 -4.52994
0.0121863 -0.0103492 -3.07477
0.00613928 -0.0230289 6.42269
0.00605604 -0.0401117 9.91273
0.00818877 -0.0167756 2.63861
0.00652692 -0.0145387 4.22748
0.00287434 -0.0146763 8.69584
0.00923625 -0.00285197 -1.5172
0.0186305 0.0263434 2.90353
0.00731595 0.0694471 -6.64557
-0.00633578 0.122772 -17.1655
-0.00858169 0.127309 -18.2549
-0.0153773 0.145764 -21.668
0.00349136 0.0711912 -7.53361
0.021242 0.0598982 -7.02019
0.0169481 0.0604442 -6.52582
0.00317749 0.0884793 -10.2613
-0.000663451 0.128072 -17.8312
0.0120326 0.167777 -29.3208
0.015555 0.334123 -67.1933
0.00307745 0.395319 -78.0705
0.00983713 0.413329 -84.3177
0.0212194 0.417028 -89.1702
0.0364192 0.394357 -88.6691
0.0379534 0.352809 -79.6203
0.034588 0.387745 -86.0806
0.0128835 0.395373 -79.4493
0.0429501 0.41867 -96.5326
-0.0129982 0.289092 -41.4619
-0.0358729 0.302514 -34.9771
-0.0558937 0.312364 -27.443
-0.015893 0.318741 -48.8022
0.000688815 0.327983 -59.5987
0.00896763 0.33568 -65.6341
0.00380646 0.328737 -61.1559
0.00676033 0.335462 -64.4719
0.00667658 0.340259 -65.6971
0.0165307 0.321822 -67.8267
0.04933 0.299691 -83.9035
0.039883 0.310448 -79.8316
0.0464241 0.29818 -81.8821
0.0655882 0.25596 -86.0752
0.0697645 0.259416 -89.8422
0.0707581 0.252808 -88.6681
0.0899801 0.2912 -112.586
0.0921558 0.269517 -108.755
0.0652352 0.260118 -84.9115
0.0513594 0.191708 -57.8277
0.00734783 0.18443 -17.7492
-0.0705392 0.17006 54.3465
0.0453534 0.370612 -100.628
0.0199936 0.442662 -91.4494
0.0442387 0.498621 -127.273
0.0318408 0.452775 -104.746
-0.0422881 -0.0803505 96.2684
0.035251 0.104707 -31.8287
0.0274606 0.138035 -31.3295
0.0509766 0.096633 -46.5253
0.0844205 0.117111 -87.7132
0.105846 0.173702 -123.707
0.0109716 -0.0113567 -1.54815
0.03515 -0.0458388 -22.6023
0.0169371 -0.0187067 -7.22128
0.0205589 -0.0285199 -9.5773
0.00992812 -0.00580929 -1.87275
0.0126718 -0.00519667 -5.26489
0.0485706 0.418723 -89.4621
0.0590864 0.479617 -105.003
0.0296832 0.422898 -90.0961
0.0534264 0.446117 -97.432
0.00772943 0.427972 -89.3774
0.0109368 0.346696 -68.4618
0.0280775 0.340093 -68.9194
0.00379862 0.305209 -57.0355
0.0122502 0.301419 -57.431
0.0130393 0.397195 -81.3995
0.016184 0.333799 -66.9309
0.0189035 0.351336 -71.7686
0.0199722 0.392196 -82.1681
0.0129508 0.421394 -87.3555
0.0203133 0.378007 -79.7537
0.032379 0.428114 -94.7415
0.0269967 0.38942 -82.5308
-0.0153609 0.343328 -55.5088
0.022838 0.332727 -67.387
0.0202392 0.322319 -64.8201
-0.00971029 0.254961 -36.106
-0.0275071 0.251208 -27.2118
-0.0086609 0.305405 -49.4283
-0.00431781 0.32314 -55.9046
0.0132211 0.331693 -67.1192
0.00483874 0.330756 -62.2605
0.000716537 0.33157 -60.3049
0.00397794 0.331132 -61.9262
0.00452361 0.331735 -62.3789
0.0159981 0.32558 -68.3192
0.025132 0.324025 -74.1207
0.064581 0.287899 -91.2532
0.0481976 0.312598 -86.0864
0.0738914 0.0547638 -32.2896
0.0588327 0.307034 -92.6421
0.0468723 0.291213 -80.36
0.0845469 0.229106 -94.2771
0.0877974 0.201653 -89.5668
0.069464 0.198022 -74.1337
0.0747206 0.192583 -76.5234
0.0296916 0.248968 -51.7142
0.0708173 0.201039 -74.7334
0.0501449 0.23853 -66.0129
0.0516299 0.257811 -71.9265
0.00942352 0.546882 -104.712
-0.00320307 0.525028 -86.6002
0.00841963 0.451101 -80.9998
0.0190193 0.313671 -56.8538
0.00527213 0.232543 -21.0879
0.00278126 0.218857 -15.0659
0.0629033 0.0842103 -56.2959
0.0775847 0.0432419 -62.364
0.0445094 0.0526194 -27.6319
0.0331184 0.0787274 -21.0754
0.0376349 0.139774 -41.6314
0.0421871 0.151329 -49.9922
-0.00346007 -0.0184733 17.3944
0.0311005 0.00109791 -29.4101
0.0470635 0.388091 -81.4625
0.0313817 0.372007 -76.8408
0.00981167 0.364378 -73.5755
0.012196 0.36805 -74.8887
0.0107057 0.338619 -66.7844
0.00738415 0.319949 -61.1415
0.0182506 0.313581 -60.7462
0.0117804 0.312412 -59.5713
-0.0106285 0.307592 -54.2285
0.0183071 0.382657 -79.5826
0.0195083 0.399017 -84.2314
0.020321 0.4092 -87.0355
0.0444516 0.419784 -95.2815
0.0398477 0.401712 -89.0314
0.0118802 0.380547 -75.3859
-0.0465145 0.312048 -36.4069
-0.0276797 0.28361 -35.1508
-0.0336006 0.227215 -18.3242
-0.0270569 0.257061 -29.0342
-0.0137165 0.280704 -41.2156
0.000761481 0.310674 -55.6353
0.0030022 0.303759 -54.5957
0.0183691 0.318367 -65.6815
0.00874942 0.31774 -60.6953
0.0101436 0.325168 -63.7198
0.00338855 0.319449 -58.5386
0.00518562 0.333824 -63.5282
0.0087252 0.329026 -64.2351
0.00924005 0.330533 -64.9722
0.00967164 0.328582 -64.8791
0.00695669 0.324049 -61.9201
0.0280008 0.312714 -73.1133
0.110643 0.25552 -114.638
0.138688 0.15172 -105.42
0.00419648 0.353887 -63.6723
0.0141958 0.336698 -66.8359
0.025739 0.316909 -70.5251
0.043853 0.293372 -78.5914
0.0725173 0.225968 -84.2864
0.0822143 0.220049 -90.8822
0.0886823 0.185591 -87.0384
0.08438 0.182341 -82.193
0.0686014 0.216203 -76.847
0.0800976 0.2095 -85.008
0.0828355 0.196962 -84.4449
0.0414483 0.252153 -60.7623
-0.00195646 0.32633 -38.3294
-0.00422193 0.276879 -22.7555
-0.00740833 0.213207 -2.08703
-0.00234267 0.230245 -12.9788
-0.00640707 0.242818 -11.7949
0.000947173 0.313889 -39.085
0.0181558 0.260065 -43.3223
0.00125296 0.353962 -49.9891
0.0299451 0.329434 -76.5344
0.0467193 0.147574 -54.3727
0.0413459 0.131225 -43.719
0.0390895 0.153372 -46.8628
0.0230356 0.357797 -73.049
0.0287594 0.353192 -72.3422
0.035359 0.356089 -73.2667
0.0175843 0.360446 -73.6115
0.00393891 0.365292 -73.9765
0.0131477 0.328821 -64.6197
0.0180448 0.293307 -55.1837
0.0213392 0.295603 -56.6532
0.106208 0.511256 -133.744
0.0589441 0.568781 -141.054
0.0325818 0.446684 -99.9187
0.027694 0.373854 -77.7766
-0.0078928 0.278612 -39.7356
-0.000136283 0.296139 -47.7941
-0.0286516 0.26562 -30.6725
-0.0485455 0.226518 -12.681
-0.0297537 0.246407 -25.2858
-0.000494924 0.286735 -48.2523
-0.00144475 0.29662 -50.4485
0.00638625 0.318509 -59.9848
0.00777555 0.31733 -60.0952
0.00706694 0.31922 -60.4613
0.00492316 0.312956 -57.5761
0.0116767 0.319695 -62.9057
0.00308828 0.322403 -59.2138
0.00831898 0.332729 -65.1277
0.00621591 0.330144 -63.1231
0.00393257 0.326949 -60.6969
0.000393591 0.325353 -58.2795
0.00553903 0.325711 -61.538
0.00698561 0.314846 -59.295
0.00782834 0.320015 -61.3176
0.0474541 0.286829 -79.4182
0.100722 0.229263 -99.9528
0.050149 0.323865 -88.9166
0.0332199 0.306962 -72.6226
0.0277811 0.324588 -73.8929
0.0290378 0.324599 -74.9392
0.0306867 0.30962 -72.1704
0.0350436 0.305027 -74.6613
0.0763115 0.229385 -88.745
0.0807654 0.208144 -86.7028
0.091516 0.17895 -87.6219
0.0717671 0.175728 -68.6396
0.0640654 0.165384 -57.9186
0.0432578 0.208636 -50.4175
0.0152767 0.247261 -33.4893
0.102176 -0.317776 49.7728
-0.0504968 0.093152 87.0912
0.0366586 0.164617 -26.5396
0.0378967 0.20187 -39.7078
0.0775744 0.209806 -85.5407
0.0279064 0.271467 -57.9632
0.0224239 0.378097 -81.4251
0.0305011 0.389536 -94.8282
0.0351907 0.28072 -68.9842
0.0785814 0.0942974 -66.8869
0.0575631 -0.00265561 -13.6116
0.024241 0.366503 -75.7287
0.0254246 0.382572 -80.8399
0.0300131 0.369826 -77.1327
0.037201 0.395949 -85.1319
0.243576 0.722069 -205.08
0.0164772 0.0639387 34.2706
-0.02773 0.0498155 44.2179
-0.0661524 0.0393064 53.1957
-0.144305 0.0980817 47.2906
-0.0551524 0.2697 -25.5933
-0.0327125 0.264936 -28.916
-0.0254917 0.255633 -28.3236
-0.0422905 0.212223 -10.5703
-0.0333199 0.206306 -11.5834
-0.0167896 0.247241 -29.6122
-0.0178622 0.259606 -33.3371
0.00291577 0.297983 -52.3878
0.00921124 0.314349 -59.8691
0.0106141 0.323493 -63.1546
0.0106293 0.329681 -65.0931
0.00856155 0.329277 -64.1289
0.00713602 0.3293 -63.5615
0.00601462 0.320925 -60.3676
0.00814093 0.319988 -61.1024
0.00570837 0.324783 -61.3931
0.00714978 0.331435 -64.1881
0.00996385 0.316627 -61.0402
-0.00101067 0.319314 -55.4775
0.00211869 0.324536 -59.0251
0.0114634 0.326097 -65.498
0.00613941 0.323106 -61.1191
0.00915488 0.318254 -61.653
0.00672925 0.317511 -59.8638
0.0380131 0.285066 -72.2587
0.119503 0.213109 -108.916
0.0569843 0.277002 -81.3989
0.0301126 0.317859 -73.5204
0.0277065 0.324999 -73.9446
0.0202606 0.336701 -71.4763
0.0238968 0.334294 -73.7511
0.0300123 0.313909 -72.6317
0.0378001 0.29566 -73.9773
0.0614431 0.253739 -82.6221
0.0670568 0.257664 -89.4053
0.0723276 0.18821 -72.7209
0.058212 0.220571 -69.1218
0.0650432 0.214193 -73.784
0.0713385 0.169983 -65.8463
0.0678961 0.128571 -47.9608
0.0537322 0.182733 -50.5886
0.0474826 0.195226 -48.2354
0.107937 0.215341 -120.684
0.127382 0.188648 -133.726
0.136927 0.146124 -131.34
0.0428727 0.387099 -107.956
0.0234463 0.179742 -19.4196
-0.010807 0.168544 24.7907
-0.0103013 0.167473 24.5111
0.0424847 0.37257 -77.8711
0.0451945 0.38898 -83.4207
0.044194 0.39288 -84.5247
0.380166 -0.000752063 23.8993
0.0540591 0.128733 7.9495
0.00867349 0.0733131 31.7997
-0.0283552 0.088585 31.1089
-0.0552856 0.0889522 34.8829
-0.0873341 0.125252 27.7877
-0.0627566 0.195962 -0.585218
-0.0465748 0.201819 -6.08431
-0.0435713 0.198691 -6.15091
-0.0255152 0.235104 -23.1745
-0.0107209 0.257347 -34.6559
0.00272969 0.304634 -54.5338
0.00947345 0.309504 -58.2977
0.021855 0.327601 -68.5942
0.00540615 0.320038 -60.0027
0.0131337 0.327102 -65.3645
0.0124864 0.332542 -66.892
0.00696609 0.325365 -62.1195
0.0016056 0.327206 -60.3537
0.00442973 0.323385 -60.2512
0.00466397 0.324639 -60.7617
0.00369853 0.317622 -57.7771
0.00179576 0.321568 -58.196
0.0091047 0.323477 -62.8212
0.0013077 0.31864 -56.5833
0.00475834 0.321667 -59.6785
0.00410941 0.327292 -61.1716
0.0046756 0.328791 -61.988
-0.000703018 0.329616 -58.6939
0.00610564 0.325545 -61.9885
0.0136746 0.310566 -62.5586
0.0737923 0.254757 -88.511
0.12538 0.211514 -112.835
0.0516148 0.308209 -87.1968
0.0365001 0.336588 -84.6046
0.0300794 0.333448 -78.3814
0.0225679 0.340399 -74.3988
0.0241437 0.329544 -72.1153
0.0278418 0.336757 -77.8402
0.0359628 0.324994 -81.4339
0.0299117 0.32067 -74.4376
0.0414452 0.288899 -74.957
0.0318476 0.303371 -70.4222
0.0460053 0.271398 -73.6839
0.0587696 0.220194 -69.4504
0.0624849 0.187059 -61.8434
0.0678231 0.195401 -70.3472
0.0694035 0.197923 -72.7306
0.105839 0.200103 -113.031
0.111435 0.168776 -109.506
0.151513 0.144861 -147.41
-0.0700756 0.454246 2.89518
-0.0601315 0.427389 0.061759
0.0952175 0.117033 -71.9407
0.0852675 0.107433 -56.598
-0.0744714 0.176932 6.98194
-0.0744147 0.173983 8.05235
-0.0775976 0.171931 8.96158
-0.0904459 0.188756 3.86941
-0.0676506 0.223361 -11.4153
-0.0455015 0.151194 12.0445
-0.0441079 0.152734 11.4193
-0.0584487 0.14084 17.8499
-0.0653385 0.13991 19.2059
-0.0486059 0.163916 7.35674
-0.0373596 0.208509 -10.9812
-0.023724 0.250052 -28.8319
0.00326407 0.271118 -42.9972
0.0186538 0.311173 -61.4594
0.0134122 0.325311 -64.7556
0.0104494 0.330473 -65.5045
0.00268316 0.334634 -64.1456
0.00847266 0.321127 -61.528
0.0170082 0.330037 -67.9472
0.0119073 0.323885 -63.6076
0.0080239 0.326426 -62.98
0.0136494 0.332097 -67.551
0.00282728 0.318835 -57.7403
-0.0041796 0.31797 -54.1463
0.0079738 0.314129 -58.8667
0.0115347 0.329835 -66.3875
0.00762772 0.332541 -65.064
0.00554532 0.323669 -60.731
0.00889624 0.319814 -61.4773
0.00771517 0.328245 -63.7259
0.00270229 0.314283 -55.5059
0.00518707 0.31992 -59.284
0.00861194 0.315457 -60.0886
0.00233043 0.318683 -56.8687
0.00815923 0.312717 -59.2204
0.0580485 0.262368 -79.4916
0.12489 0.216402 -113.942
0.049592 0.322363 -90.4181
0.0617608 0.35263 -111.549
0.0305106 0.332079 -78.2789
0.0229416 0.326968 -70.1106
0.0298565 0.327748 -76.5411
0.0244126 0.326483 -71.1941
0.0297805 0.322485 -74.7714
0.0345206 0.321395 -78.957
0.0330492 0.323402 -78.2328
0.0246032 0.314852 -66.7937
0.0378828 0.280916 -68.4296
0.0343782 0.258841 -56.9541
0.0627105 0.219681 -73.1868
0.0732991 0.210926 -81.4203
0.0854642 0.199573 -90.6958
0.0815869 0.174909 -77.6661
0.0895076 0.160047 -81.4067
0.115057 0.156377 -109.785
0.109536 0.134905 -95.3592
0.0834977 0.114419 -56.9896
0.0806381 0.108064 -51.3057
-0.0770143 0.178316 6.52325
-0.0787625 0.173519 8.36245
-0.0853564 0.165352 11.7033
-0.0962172 0.171727 10.002
-0.0738661 0.161726 11.4538
-0.0459509 0.161326 8.60542
-0.0576506 0.158516 11.4456
-0.0590746 0.129692 21.8724
-0.0491649 0.134569 18.1888
-0.0375551 0.159545 6.85416
-0.0242092 0.207886 -13.4959
0.00349417 0.258179 -38.2233
0.011801 0.276833 -47.1142
0.0251774 0.310177 -62.8873
0.0202326 0.308321 -60.73
0.0108952 0.302118 -55.3619
0.00647336 0.314238 -58.2789
0.0118176 0.309901 -58.7312
0.0135805 0.313187 -60.5497
0.012111 0.316524 -61.199
0.0061779 0.30803 -55.5546
0.0018756 0.295713 -49.0855
0.00363672 0.288998 -47.5028
0.00822626 0.31054 -57.6686
0.00659241 0.303957 -54.5004
0.0125475 0.315195 -61.6741
0.00524316 0.315109 -57.4764
0.00160767 0.312401 -54.4017
-0.00320445 0.302381 -47.7528
-0.00162675 0.291159 -44.5142
0.0017337 0.288215 -45.6215
0.00601786 0.311379 -56.798
-0.00268187 0.298531 -46.076
-0.000606474 0.299884 -48.0303
0.00133381 0.29931 -49.3097
0.0247016 0.282465 -60.9263
0.107693 0.210743 -99.0756
0.125448 0.223821 -116.903
0.0440725 0.277895 -69.5308
0.0225272 0.300452 -60.1357
0.0261046 0.314771 -68.4809
0.0264407 0.314913 -68.8622
0.0255864 0.307779 -65.5695
0.030756 0.308883 -70.8022
0.0280169 0.306911 -67.4938
0.0275736 0.29849 -63.9596
0.0230737 0.298072 -59.2701
0.0258136 0.281178 -55.9912
0.0282266 0.278223 -57.399
0.0438723 0.229188 -56.232
0.0582398 0.198757 -60.5748
0.0653323 0.173175 -58.8003
0.0719699 0.139564 -54.1022
0.104126 0.134611 -89.1622
0.123064 0.12979 -109.89
0.114631 0.124224 -97.6012
0.0937148 0.137298 -77.4024
0.070631 0.11773 -42.283
