0 1 3
1 2 3
2 3 3
3 4 3
4 5 3
5 6 3
6 7 3
7 9 1
9 10 3
10 11 3
11 13 0
13 14 3
14 15 3
15 16 3
16 17 2
17 18 0
18 19 0
19 23 3
23 81 3
23 24 3
24 83 0
26 83 0
26 27 3
27 28 3
28 29 3
29 30 3
30 31 3
31 32 3
32 33 3
33 34 3
34 35 3
35 36 3
36 37 3
37 38 1
38 39 3
39 40 3
40 41 3
41 42 3
42 43 1
43 44 3
44 45 3
45 46 3
46 47 3
47 48 3
48 49 3
49 50 3
50 51 3
51 52 3
52 226 0
55 226 0
55 57 3
13 70 3
11 70 0
19 78 3
23 78 3
5 64 3
6 64 3
6 65 3
7 65 3
55 114 3
57 114 3
64 65 3
55 113 3
3 60 3
24 81 0
113 226 0
1 60 3
32 90 3
11 69 0
70 71 3
13 71 3
45 104 3
51 109 3
52 109 3
69 70 3
39 97 3
46 104 3
3 61 3
33 91 3
40 97 3
43 101 3
60 61 3
4 61 3
15 73 3
32 91 3
38 97 3
40 98 3
44 101 3
14 72 3
31 90 3
38 96 0
96 97 1
41 98 3
41 99 2
42 99 3
13 72 3
29 87 3
30 87 3
34 36 3
36 94 3
44 103 3
45 103 3
47 106 0
48 106 0
5 63 3
63 64 3
7 67 3
9 67 0
10 68 0
11 68 0
72 73 3
37 94 3
98 99 3
50 108 3
110 226 0
4 62 3
10 67 0
27 85 3
30 88 3
34 94 3
37 95 3
37 96 1
42 101 1
44 102 3
47 104 3
113 114 3
57 115 3
0 58 3
1 58 3
1 59 3
62 63 3
68 69 3
71 72 3
19 77 3
81 83 3
26 85 3
31 88 3
90 91 3
34 91 3
34 92 3
94 95 3
42 100 2
102 103 3
114 115 3
61 62 3
67 68 3
15 74 3
16 74 3
17 74 2
77 78 3
23 138 3
28 87 3
31 89 3
91 92 3
95 96 1
100 101 1
103 104 3
47 105 3
49 106 0
52 110 3
58 59 3
73 74 3
78 138 3
87 88 3
89 90 3
99 100 3
51 108 3
59 60 3
101 102 3
105 106 0
7 124 3
18 77 1
28 85 3
109 110 3
112 226 0
65 124 3
67 124 3
18 76 1
34 93 3
104 105 3
112 113 3
17 76 2
76 77 3
81 138 3
92 93 3
97 98 3
108 109 3
74 76 3
83 139 3
50 106 0
106 108 1
81 139 3
88 89 3
78 195 3
28 144 3
87 144 3
138 195 3
83 142 1
83 85 1
85 144 3
85 142 3
144 145 3
67 125 3
87 145 0
108 165 0
113 171 3
114 171 3
67 126 3
68 126 3
78 136 3
108 224 0
124 125 3
136 195 3
106 165 3
109 226 0
68 127 3
69 127 3
139 140 1
93 94 3
165 224 0
81 198 3
106 164 3
126 127 3
70 128 3
71 128 3
72 131 3
73 131 3
74 132 3
74 133 3
138 198 3
139 198 3
139 142 3
93 151 3
102 160 3
105 164 0
59 118 3
71 129 3
73 132 3
76 133 3
91 149 3
92 149 3
94 151 3
96 154 2
97 154 0
101 160 3
103 161 3
60 118 3
60 119 3
61 119 3
63 121 3
64 121 3
125 126 3
72 129 3
88 146 3
89 147 3
104 162 3
105 162 3
105 163 0
163 164 3
164 165 3
109 224 0
114 172 3
62 121 3
70 127 3
87 146 3
88 147 3
151 152 3
94 152 3
95 153 3
101 159 0
102 161 3
103 162 3
171 172 3
115 172 3
58 116 3
62 119 3
64 122 3
65 123 3
72 130 3
132 133 3
146 147 3
90 148 3
92 150 3
95 154 1
98 156 0
99 156 0
99 157 0
99 158 0
100 158 0
100 159 0
224 226 3
59 116 3
62 120 3
121 122 3
122 123 3
123 124 3
127 128 3
128 129 3
130 131 3
76 134 1
145 146 1
147 148 3
149 150 3
92 151 3
153 154 3
156 157 3
157 158 3
158 159 3
160 161 3
161 162 3
116 175 3
59 175 3
119 120 3
120 121 3
131 132 3
91 148 3
95 152 3
118 119 3
129 130 3
133 134 1
82 139 3
152 153 3
97 155 0
97 156 0
225 226 3
82 140 1
150 151 3
155 156 3
226 227 3
77 134 3
77 194 3
77 136 3
82 142 3
152 210 3
154 155 0
159 160 1
112 227 0
115 231 3
153 210 3
225 227 3
172 231 3
118 175 3
142 144 3
148 149 3
134 194 3
136 194 3
112 171 3
145 203 3
140 198 3
224 225 3
164 222 3
146 203 0
142 200 3
144 201 3
132 190 3
142 201 3
131 190 3
82 200 3
154 212 3
156 214 3
165 222 3
138 196 3
153 212 3
155 214 3
163 222 3
171 227 0
118 177 3
119 177 3
193 194 3
196 198 3
149 207 3
153 211 3
211 212 3
165 223 3
122 180 3
123 181 3
124 182 3
134 193 3
147 205 3
148 207 3
149 208 3
150 208 3
155 212 3
222 223 3
223 224 0
171 228 3
172 230 3
116 174 3
174 175 3
118 176 3
120 178 3
121 178 3
121 179 3
121 180 3
122 181 3
125 183 3
126 184 3
127 185 3
128 185 3
128 186 3
129 187 3
130 188 3
131 189 3
133 190 3
200 201 3
144 202 3
146 204 0
146 205 3
148 206 3
151 208 3
151 209 3
156 215 3
157 215 3
158 216 3
158 217 3
159 217 3
160 217 0
160 218 0
161 219 3
162 220 3
163 221 3
227 228 1
171 229 3
171 230 3
176 177 3
119 178 3
179 180 3
181 182 3
124 183 3
183 184 3
184 185 3
186 187 3
187 188 3
188 189 3
201 202 3
145 202 3
203 204 3
205 206 3
206 207 3
152 209 3
214 215 3
215 216 3
218 219 1
219 220 3
105 220 3
105 221 0
221 222 3
229 230 3
177 178 3
180 181 3
189 190 3
208 209 3
155 213 3
216 217 3
217 218 3
224 283 3
228 229 3
178 179 3
182 183 3
202 203 3
207 208 3
230 231 3
210 211 3
155 271 3
213 214 3
185 186 3
134 250 0
193 250 0
82 256 3
194 195 3
204 205 1
175 176 3
213 271 3
209 210 3
212 271 3
134 249 0
194 252 3
215 273 3
249 250 3
195 252 3
195 196 3
82 198 3
200 256 3
225 283 3
227 285 3
203 262 3
210 268 3
133 249 3
204 262 3
211 268 3
225 285 3
198 255 3
205 263 0
214 271 3
214 273 3
215 274 3
182 241 3
183 241 3
196 255 3
228 285 0
231 289 3
196 254 3
202 261 3
203 261 3
204 263 3
212 270 3
214 272 3
216 274 3
230 289 3
270 271 3
271 272 3
221 280 3
222 280 3
181 239 3
254 255 3
206 265 3
207 265 3
272 273 3
220 279 0
220 221 0
221 279 3
223 281 3
283 285 3
228 287 3
180 239 3
261 262 3
208 266 3
216 275 3
229 287 3
174 232 3
175 233 3
176 233 3
177 235 3
178 236 3
179 237 3
180 238 3
182 240 3
184 242 3
185 243 3
186 244 3
187 245 3
188 246 3
189 247 3
190 248 3
133 248 3
195 254 3
200 258 3
200 259 3
201 259 3
206 264 0
208 265 3
209 266 3
217 275 3
218 276 3
219 277 3
220 278 3
228 286 3
230 288 3
174 233 3
176 235 3
235 236 3
179 236 3
237 238 3
238 239 3
240 241 3
241 242 3
242 243 3
243 244 3
244 245 3
245 246 3
246 247 3
256 258 3
202 259 3
263 264 3
211 326 3
275 276 3
276 277 1
277 278 3
223 280 3
285 286 1
286 287 3
287 288 3
288 289 3
232 233 3
176 234 3
236 237 3
182 239 3
190 247 3
248 249 3
262 263 3
264 265 1
268 326 3
274 275 3
278 279 0
233 234 3
234 235 3
239 240 3
193 252 3
198 256 3
273 274 3
224 281 1
258 259 3
247 248 3
279 280 3
281 283 0
255 256 3
209 268 3
280 281 3
265 266 3
266 268 3
211 327 3
326 327 3
211 270 3
270 327 3
274 332 3
275 332 3
283 340 1
249 307 3
266 324 3
283 341 1
265 324 3
281 340 3
248 307 3
252 254 3
273 331 3
239 297 3
250 252 1
252 310 0
202 319 3
261 319 3
274 331 3
340 341 0
285 343 3
240 297 3
250 309 3
250 310 3
202 317 3
266 325 3
286 343 0
235 293 3
250 307 3
259 317 3
268 325 3
283 343 3
236 293 3
237 295 3
238 295 3
252 311 0
254 311 3
256 314 3
264 323 3
265 323 0
271 329 3
272 329 3
272 331 3
236 295 3
241 300 3
242 300 3
250 308 3
255 313 3
255 314 3
258 314 3
317 319 3
263 321 3
275 334 3
276 334 3
280 338 3
233 291 3
240 298 3
243 300 3
309 310 3
310 311 3
254 313 3
264 321 3
324 325 3
272 330 3
331 332 3
275 333 3
279 338 3
288 346 3
232 290 3
232 291 3
234 293 3
238 297 3
241 298 3
241 299 3
243 301 3
244 302 3
245 303 3
246 304 3
247 305 3
248 306 3
262 320 3
264 322 3
270 328 3
329 330 3
330 331 3
332 333 3
276 335 1
277 335 3
278 336 3
279 337 3
281 339 3
283 342 3
287 345 3
287 346 3
289 346 3
289 347 3
290 291 3
236 294 3
238 296 3
298 299 3
299 300 3
301 302 3
302 303 3
303 304 3
304 305 3
305 306 3
319 320 3
320 321 3
322 323 3
335 336 3
336 337 0
338 339 3
339 340 3
341 342 3
342 343 3
346 347 3
234 292 3
293 294 3
294 295 3
295 296 3
300 301 3
307 308 3
308 309 3
313 314 3
258 317 3
333 334 3
286 345 3
345 346 3
233 292 3
238 354 3
297 354 3
297 298 3
314 373 3
258 373 3
321 322 3
323 324 1
325 326 3
271 328 3
337 338 3
292 293 3
296 354 3
306 307 3
258 316 3
334 335 1
316 317 3
286 402 3
291 292 3
254 370 3
328 329 3
343 402 1
345 402 3
313 370 3
311 370 3
327 328 3
339 398 3
340 398 3
316 373 3
317 377 3
326 384 3
327 384 3
324 440 0
325 440 0
328 386 3
329 386 3
324 381 0
327 386 3
298 357 3
299 357 3
319 377 3
321 380 3
322 380 3
381 440 0
329 388 3
334 392 1
341 398 1
305 363 3
316 375 1
323 381 3
330 388 3
336 394 3
291 349 3
292 349 3
306 363 3
311 369 3
317 375 3
325 384 3
330 389 3
331 389 3
333 392 2
335 392 2
337 394 1
293 351 3
354 355 3
297 355 3
298 356 3
300 359 3
301 359 3
369 370 3
386 388 3
337 395 3
339 397 3
345 403 3
346 404 3
292 351 3
293 352 3
294 352 3
355 356 3
302 359 3
303 361 3
304 363 3
307 365 3
332 389 3
394 395 0
338 395 3
338 397 3
402 403 3
345 404 3
290 348 3
295 353 3
296 353 3
300 358 3
358 359 3
302 360 3
304 361 3
304 362 3
306 364 3
308 366 3
309 367 3
310 367 3
310 368 3
333 391 3
391 392 2
335 393 3
338 396 3
397 398 3
341 399 3
342 400 3
343 401 3
403 404 3
347 405 3
291 348 3
295 352 3
356 357 3
357 358 3
359 360 3
360 361 3
361 362 3
362 363 3
364 365 3
365 366 3
366 367 3
367 368 3
368 369 3
314 372 3
320 378 3
321 379 3
323 380 3
336 393 3
395 396 3
398 399 0
399 400 3
400 401 3
401 402 1
346 405 3
351 352 3
353 354 3
319 378 3
379 380 3
332 391 3
392 393 2
393 394 3
396 397 3
404 405 3
349 351 3
350 351 3
352 353 3
363 364 3
313 372 3
349 350 3
380 381 3
388 389 3
321 378 3
439 440 3
327 385 0
370 372 3
372 373 3
381 439 0
440 441 1
325 441 3
385 386 1
332 390 3
372 430 3
378 379 3
390 391 3
348 349 3
372 429 3
384 385 0
370 429 3
429 430 3
389 390 3
373 375 1
375 377 0
391 449 3
385 444 3
319 435 3
384 441 3
392 449 2
350 408 3
351 408 3
358 416 3
373 431 3
377 434 1
377 435 3
384 442 0
375 431 0
378 435 3
378 436 3
385 388 1
348 407 3
349 407 3
359 416 3
361 419 3
364 423 3
365 423 3
375 434 3
435 436 3
379 495 3
385 443 3
385 445 3
397 455 3
357 416 3
360 419 3
380 438 3
443 444 3
391 448 3
396 455 3
404 462 3
350 407 3
408 409 3
352 411 3
353 411 3
381 438 3
385 442 3
444 445 3
389 447 3
390 448 3
393 451 3
393 452 3
394 452 3
396 454 3
402 461 3
403 462 3
405 463 3
351 409 3
352 410 3
366 423 3
379 436 3
441 442 0
390 447 3
392 451 2
395 454 3
454 455 3
397 456 3
398 456 3
403 461 3
348 406 3
410 411 3
354 411 3
354 412 3
355 413 3
356 414 3
357 415 3
359 417 3
360 417 3
360 418 3
362 420 3
363 420 3
363 421 3
364 422 3
366 424 3
367 425 3
368 426 3
369 427 3
370 428 3
434 435 0
379 438 3
388 446 3
389 446 3
448 449 3
392 450 0
395 453 3
399 456 1
399 458 1
400 458 3
401 459 3
402 460 3
405 462 3
406 407 3
407 408 3
411 412 3
412 413 3
413 414 3
414 415 3
415 416 3
416 417 3
418 419 3
419 420 3
421 422 3
424 425 3
425 426 3
426 427 3
427 428 3
372 431 3
438 495 3
388 445 0
449 450 3
450 451 1
394 453 0
453 454 3
458 459 3
459 460 1
460 461 3
461 462 3
351 410 3
423 424 3
375 433 3
446 447 3
447 448 3
409 410 3
417 418 3
422 423 3
433 434 3
438 496 3
445 446 1
452 453 0
462 463 3
428 429 3
451 452 3
455 456 3
436 495 3
442 443 3
420 421 3
438 439 0
399 515 1
458 515 3
430 431 3
431 490 1
434 550 3
456 515 3
375 490 3
435 550 1
433 490 3
430 488 3
429 488 3
431 489 3
440 498 3
448 506 3
408 466 3
409 468 3
410 468 3
420 478 3
421 478 3
421 480 3
422 480 3
441 498 0
447 506 3
460 517 0
409 466 3
430 489 3
436 494 3
439 496 1
456 514 3
459 517 3
413 471 3
414 471 3
418 475 3
418 476 3
419 476 3
420 477 3
423 480 3
427 485 3
428 485 3
429 487 3
434 492 3
439 497 3
454 512 3
514 515 3
406 464 3
407 464 3
411 469 3
412 470 3
415 473 3
416 473 3
417 475 3
419 477 3
426 484 3
428 487 3
492 550 3
435 493 3
442 500 3
453 512 3
458 516 3
461 519 3
407 465 3
407 466 3
409 467 3
410 469 3
411 470 3
470 471 3
414 472 3
415 472 3
423 481 3
424 482 3
425 483 3
425 484 3
433 491 3
496 497 0
441 499 3
441 500 0
443 501 3
444 502 3
445 503 3
446 504 3
447 505 3
448 507 3
449 507 3
450 508 3
451 509 3
452 510 3
453 511 3
454 513 3
455 513 3
456 513 3
515 516 3
460 519 3
466 467 3
471 472 3
416 474 3
417 474 3
480 481 3
424 481 3
482 483 3
484 485 3
428 486 3
487 488 3
490 491 3
491 492 3
494 495 3
498 499 1
499 500 0
500 501 3
501 502 3
502 503 3
503 504 1
447 504 3
505 506 3
507 508 3
508 509 1
509 510 3
453 510 1
516 517 3
462 520 3
463 520 3
464 465 3
468 469 3
469 470 3
475 476 3
476 477 3
481 482 3
486 487 3
488 489 3
435 494 3
506 507 3
512 513 3
461 520 3
463 521 3
467 468 3
421 479 3
483 484 3
485 486 3
440 497 3
504 505 3
510 511 0
511 512 3
520 521 3
472 473 3
473 474 3
474 475 3
477 478 3
495 496 3
478 479 3
479 480 3
513 514 3
465 466 3
489 490 1
493 550 1
519 520 3
497 498 3
493 494 3
517 519 1
473 531 3
517 576 1
472 531 3
519 576 3
511 569 3
510 569 0
514 572 3
515 572 3
475 534 3
473 532 3
474 532 3
475 533 3
476 534 3
501 559 3
512 570 3
513 570 3
519 578 3
520 578 3
472 530 3
474 533 3
489 547 2
493 552 2
494 552 2
495 552 2
500 559 3
569 570 3
513 572 3
465 523 3
466 523 3
466 524 3
471 530 3
532 533 3
487 545 2
488 545 2
464 523 3
467 525 3
469 528 3
470 528 3
471 528 3
533 534 3
477 534 3
477 536 3
480 538 3
481 539 3
485 543 2
486 544 2
487 544 2
488 546 2
489 546 2
493 551 2
496 552 2
498 557 1
499 557 3
505 563 3
506 563 3
576 578 3
464 522 3
523 524 3
466 525 3
468 525 3
468 526 3
469 527 3
471 529 3
477 535 3
478 536 3
479 538 3
481 538 3
482 539 3
546 547 3
490 549 3
491 549 3
491 550 3
550 551 0
551 552 3
497 556 1
498 556 1
500 557 1
502 560 3
503 562 1
504 562 3
504 563 3
506 565 3
507 565 3
508 566 3
509 566 0
509 567 3
510 568 3
513 571 0
515 574 0
516 574 0
517 575 0
520 579 3
521 579 3
522 523 3
526 527 3
527 528 3
529 530 3
534 535 3
479 537 3
484 542 2
484 543 2
543 544 3
544 545 3
549 550 3
496 554 2
497 554 1
559 560 3
503 560 3
503 561 3
507 566 3
567 568 3
568 569 0
574 575 3
575 576 1
578 579 3
525 526 3
530 531 3
531 532 3
478 537 3
538 539 3
542 543 3
489 549 1
554 556 3
557 559 0
560 561 3
561 562 1
565 566 3
528 529 3
483 541 2
484 541 2
545 546 3
552 554 3
562 563 3
566 567 1
570 571 0
524 525 3
537 538 3
482 540 2
483 540 2
541 542 3
556 557 1
571 572 1
576 635 3
578 635 3
535 536 3
539 540 3
558 559 0
540 541 3
515 573 0
573 574 3
557 558 2
572 573 0
547 606 3
489 606 1
559 617 1
572 630 0
571 630 3
536 537 3
557 614 3
552 611 3
554 611 3
556 614 2
558 617 2
563 565 3
573 630 3
549 606 2
559 620 1
539 597 2
547 605 3
554 614 3
560 620 1
561 620 1
570 629 3
571 629 1
527 585 3
529 588 3
530 588 3
532 590 3
546 605 3
605 606 3
617 620 3
563 622 3
526 584 3
527 584 3
528 585 3
529 587 3
531 589 3
534 592 2
538 597 2
552 610 3
587 588 3
531 588 3
533 592 2
536 594 2
537 594 2
537 596 2
538 596 2
542 600 3
551 610 3
610 611 3
558 616 3
562 620 3
578 636 3
579 636 3
523 581 3
596 597 3
540 597 3
543 601 3
544 602 3
545 603 3
546 604 3
557 616 2
568 626 3
522 580 3
522 581 3
524 581 3
525 583 3
588 589 3
533 590 3
535 593 2
535 594 2
537 595 2
540 598 3
602 603 3
546 603 3
604 605 3
551 609 3
565 623 1
567 625 3
569 626 1
573 631 3
574 632 3
575 633 3
576 634 3
525 584 3
528 586 3
528 587 3
531 590 3
594 595 3
595 596 3
597 598 3
543 600 3
543 602 3
549 607 2
562 621 3
563 621 3
565 622 1
625 626 3
569 627 2
629 630 0
630 631 3
631 632 3
632 633 3
633 634 1
634 635 3
635 636 3
579 637 3
580 581 3
524 583 3
584 585 3
592 593 3
593 594 3
541 598 3
541 600 3
600 601 3
601 602 3
606 607 3
550 608 2
550 609 2
609 610 3
554 613 3
613 614 3
620 621 3
621 622 3
622 623 3
566 625 1
636 637 3
583 584 3
585 586 3
586 587 3
541 599 3
607 608 3
608 609 3
554 670 3
626 627 0
581 583 3
589 590 3
590 592 3
598 599 3
599 600 3
603 604 3
611 670 3
616 617 3
570 627 1
613 670 3
614 616 2
566 623 1
566 624 1
616 674 3
614 674 3
623 624 3
619 620 0
624 625 1
617 619 1
628 629 0
617 676 1
626 684 3
570 628 1
627 684 1
616 675 1
617 675 1
619 676 1
628 686 3
629 686 1
674 675 3
627 628 3
592 650 3
595 653 3
593 650 3
594 653 3
620 678 1
581 640 3
583 640 3
589 648 2
675 676 3
619 677 1
619 678 1
621 679 1
622 680 1
590 648 2
602 660 3
603 660 3
603 661 3
604 661 3
609 668 3
610 668 3
610 669 3
611 669 3
614 672 3
679 680 3
623 682 1
624 682 1
629 687 1
635 694 3
636 694 3
583 641 3
596 653 3
669 670 3
613 672 3
623 680 1
630 687 1
581 639 3
584 642 3
586 644 2
594 652 3
599 657 3
614 673 3
676 677 3
620 679 1
580 639 3
583 642 3
585 644 2
588 646 2
588 647 2
589 647 2
592 648 3
652 653 3
598 657 3
600 657 3
604 662 3
673 674 3
678 679 3
630 688 1
635 693 3
637 695 3
580 638 3
641 642 3
585 642 3
585 643 3
587 644 2
587 645 2
587 646 2
647 648 3
592 649 3
601 715 3
605 662 3
605 663 3
606 664 3
607 665 3
609 667 3
623 681 1
625 683 3
686 687 3
631 688 1
631 689 1
632 690 1
633 691 1
634 692 3
634 693 3
693 694 3
636 695 3
640 641 3
642 643 3
643 644 3
644 645 3
645 646 3
646 647 3
593 652 3
596 654 3
597 654 3
598 656 1
602 715 3
660 661 3
661 662 3
663 664 3
664 665 3
608 665 3
608 666 3
609 666 3
667 668 3
613 671 3
680 681 3
682 683 1
683 684 3
627 685 3
627 686 3
687 688 3
690 691 3
691 692 1
639 640 3
648 649 3
662 663 3
666 667 3
671 672 3
672 673 3
684 685 0
631 690 1
692 693 3
694 695 3
638 639 3
597 656 1
656 657 3
668 669 3
670 671 3
677 678 3
681 682 3
688 689 3
649 650 3
593 651 3
653 654 3
660 715 3
665 666 3
650 651 3
651 652 3
600 715 3
689 690 3
597 655 1
685 686 3
654 655 3
715 717 3
655 656 3
657 715 3
660 717 3
679 737 1
678 737 1
643 701 3
669 728 3
642 701 1
656 714 3
715 716 3
670 728 3
650 708 3
657 714 3
716 717 3
660 718 3
661 718 3
683 741 3
651 708 3
668 726 3
669 726 3
673 731 3
679 738 2
680 738 2
682 741 1
638 696 3
639 696 3
639 698 1
640 698 1
640 699 1
642 700 1
700 701 3
644 701 3
647 705 3
649 707 3
662 720 3
663 720 3
671 728 3
672 730 3
674 731 2
674 732 3
684 743 3
641 699 1
641 700 1
644 703 3
645 703 3
648 705 3
648 707 3
653 711 3
671 730 3
673 730 3
675 732 2
737 738 0
685 743 1
698 699 3
699 700 3
646 704 3
646 705 3
652 711 3
663 722 3
664 722 3
664 723 3
665 723 3
730 731 3
681 738 2
685 744 3
693 751 3
694 752 3
696 698 2
646 703 3
648 706 3
650 707 3
654 712 3
666 725 3
667 725 3
671 729 3
675 733 2
677 735 3
678 735 2
681 740 1
682 740 1
684 742 3
691 749 1
692 749 0
692 751 3
693 752 3
695 753 3
696 697 1
655 712 3
656 713 3
661 719 3
661 720 3
666 723 3
666 724 3
725 726 3
728 729 3
732 733 3
676 734 3
676 735 3
740 741 0
741 742 3
686 744 3
688 746 2
751 752 3
752 753 3
697 698 3
701 703 3
704 705 3
705 706 3
707 708 3
651 711 3
712 713 3
655 713 3
717 718 3
718 719 3
743 744 0
687 746 2
692 750 3
703 704 3
654 711 3
714 715 3
719 720 3
722 723 3
723 724 3
724 725 3
669 785 3
731 732 3
675 734 3
690 749 1
749 750 1
750 751 3
706 707 3
726 785 3
728 785 3
734 735 3
735 736 3
678 736 2
742 743 3
687 744 2
687 745 1
689 746 1
651 767 3
651 710 3
711 712 3
729 730 3
745 746 0
689 749 1
710 767 3
710 711 3
720 722 3
733 734 3
736 737 3
713 714 3
744 745 1
707 765 3
708 767 3
746 749 2
708 765 3
720 779 3
722 779 3
738 797 1
681 797 1
740 797 3
749 807 3
738 796 2
741 858 1
699 757 3
698 757 3
701 759 3
742 858 1
697 755 3
698 755 3
700 759 3
703 761 3
714 772 3
746 805 1
749 805 3
749 806 3
696 755 1
698 756 3
700 757 3
704 761 3
705 763 3
706 763 3
715 772 3
720 778 3
728 786 3
806 807 3
703 760 3
704 763 3
706 765 2
765 766 3
708 766 3
715 774 3
716 774 3
778 779 3
722 780 3
785 786 3
734 792 2
796 797 1
742 800 1
755 756 3
701 760 3
767 768 3
712 770 3
713 770 3
723 780 3
733 792 3
750 808 0
704 762 3
710 768 3
728 787 3
729 787 3
735 792 2
737 796 3
751 808 2
761 762 3
766 767 3
730 788 3
735 793 2
745 803 3
746 804 1
749 808 1
751 809 3
696 754 1
760 761 3
710 769 2
711 769 2
713 772 3
715 773 3
716 775 3
717 775 3
718 776 3
719 777 3
723 781 3
724 782 3
725 783 3
730 789 3
731 789 3
732 790 3
733 791 3
736 793 2
736 796 3
799 858 3
800 858 3
744 803 1
804 805 3
752 809 3
752 810 3
753 811 3
754 755 3
711 770 2
713 771 3
772 773 3
773 774 3
774 775 3
775 776 3
776 777 3
777 778 3
779 780 3
780 781 3
781 782 3
782 783 3
726 783 3
729 788 3
788 789 3
789 790 3
790 791 3
792 793 3
740 798 3
741 799 1
744 802 1
803 804 3
805 806 3
807 808 2
808 809 2
809 810 3
810 811 3
700 758 3
706 764 1
768 769 3
771 772 3
726 784 3
787 788 3
797 798 3
740 799 3
756 757 3
757 758 3
758 759 3
759 760 3
762 763 3
764 765 0
783 784 3
784 785 3
791 792 3
743 800 1
743 801 1
763 764 1
786 787 3
743 802 1
802 803 3
770 771 3
795 796 3
798 799 3
801 802 3
769 770 3
736 795 3
800 801 3
736 852 2
793 852 3
795 852 3
808 866 0
763 821 3
802 860 3
795 854 3
796 854 2
757 815 3
765 823 2
768 826 3
769 826 3
786 845 3
787 845 3
758 815 3
764 823 2
770 828 3
774 832 3
775 832 3
785 843 3
786 843 3
798 857 3
771 828 3
777 836 3
778 836 3
797 855 0
799 857 3
807 865 3
755 814 3
756 814 3
769 828 3
773 832 3
796 855 3
798 855 0
806 865 3
808 865 2
757 814 3
759 818 3
760 818 3
764 821 0
766 824 2
767 824 3
771 829 3
779 837 3
781 839 3
784 843 3
788 847 3
789 848 3
790 848 3
791 848 3
803 860 3
865 866 3
811 869 3
754 812 3
755 813 3
814 815 3
761 818 3
761 819 3
769 827 3
772 829 3
772 830 3
773 831 3
775 834 3
776 834 3
778 837 3
780 837 3
780 838 3
782 839 3
783 841 3
784 842 3
786 844 3
789 847 3
791 849 3
792 850 3
793 851 3
795 853 3
798 856 3
809 867 3
810 868 3
812 813 3
813 814 3
758 816 3
762 819 3
766 823 2
827 828 3
829 830 3
830 831 3
838 839 3
782 840 3
841 842 3
843 844 3
844 845 3
848 849 3
849 850 3
850 851 3
851 852 3
852 853 3
853 854 3
803 862 1
804 862 1
808 867 2
867 868 3
868 869 3
759 816 3
818 819 3
762 820 3
763 820 3
767 826 3
826 827 3
828 829 3
777 834 3
839 840 3
783 840 3
854 855 3
855 856 3
856 857 3
801 860 3
806 864 1
866 867 1
815 816 3
820 821 3
831 832 3
837 838 3
840 841 3
842 843 3
857 858 3
767 825 3
836 837 3
788 845 3
801 858 3
801 917 3
805 862 1
864 865 0
764 822 2
825 826 3
847 848 3
858 917 3
805 864 1
821 822 3
822 823 3
860 917 3
823 824 3
788 904 3
816 818 3
775 891 3
834 891 3
777 893 3
836 893 3
845 904 3
847 904 3
860 862 1
862 864 0
819 820 3
834 893 3
824 825 3
832 891 3
857 917 3
862 921 3
864 921 1
862 919 3
867 925 3
820 878 3
825 884 3
826 884 3
827 884 3
917 918 3
860 919 1
866 925 1
821 878 3
860 918 3
818 877 3
847 905 3
848 905 3
816 874 3
819 877 3
836 894 3
850 909 3
851 909 3
864 922 3
866 924 3
819 878 3
822 880 3
823 880 3
837 894 3
857 916 3
916 917 3
921 922 0
924 925 1
815 874 3
839 897 3
840 897 3
842 901 3
843 901 3
850 908 3
855 913 3
823 882 3
824 882 3
830 888 3
838 896 3
844 901 3
849 907 3
849 908 3
854 913 3
865 924 3
812 870 0
813 870 0
815 873 3
818 874 3
877 878 3
821 879 3
822 879 3
825 882 3
825 883 3
827 885 3
828 886 3
829 887 3
829 888 3
831 888 3
831 890 3
832 890 3
834 892 3
893 894 3
837 896 3
839 896 3
841 899 3
842 900 3
844 902 3
845 902 3
848 907 3
852 910 3
853 911 3
854 912 3
856 914 2
865 922 1
865 923 3
868 926 3
869 927 3
873 874 3
883 884 3
885 886 3
831 889 3
890 891 3
891 892 3
896 897 3
840 899 3
899 900 3
901 902 3
845 903 3
905 907 3
909 910 3
910 911 3
911 912 3
912 913 3
913 914 3
857 914 2
918 919 1
867 926 3
926 927 3
879 880 3
823 881 3
884 885 3
886 887 3
887 888 3
888 889 3
889 890 3
892 893 3
814 873 3
876 877 3
878 879 3
881 882 3
837 895 3
900 901 3
902 903 3
903 904 3
904 905 3
908 909 3
914 916 3
919 921 3
923 924 3
813 871 3
818 876 3
895 896 3
925 926 3
922 923 0
870 871 1
871 872 3
813 872 2
814 872 3
882 883 3
894 895 3
907 908 3
872 873 3
874 876 3
880 881 3
840 956 3
921 978 3
897 956 3
899 956 3
919 978 3
874 934 1
876 934 3
918 976 3
917 976 3
904 962 3
905 962 3
907 965 3
914 973 3
916 973 3
893 951 3
905 965 3
922 978 1
881 939 3
882 939 3
894 951 3
916 974 3
918 1035 3
919 1035 3
922 980 1
924 982 2
924 983 2
925 983 2
878 935 3
878 936 3
973 974 3
923 982 2
873 931 3
874 931 3
877 935 3
879 936 3
880 938 3
881 938 3
894 953 3
895 953 3
978 980 3
982 983 1
926 985 3
871 929 3
872 931 3
892 950 3
905 963 3
908 966 3
917 974 3
870 928 1
872 929 3
935 936 3
882 940 3
893 950 3
899 957 3
903 962 3
962 963 3
907 966 3
913 972 3
914 972 3
978 979 3
923 980 1
870 929 1
874 932 3
877 934 3
879 937 3
880 937 3
939 940 3
883 940 3
883 941 3
885 943 3
886 944 3
887 944 3
887 945 3
888 946 3
889 947 3
889 948 3
890 948 3
891 949 3
896 953 3
896 954 3
897 955 3
956 957 3
900 958 3
901 959 3
902 960 3
903 961 3
909 967 3
910 968 3
911 969 3
912 970 3
913 971 3
972 973 3
974 976 3
928 929 1
940 941 3
943 944 3
945 946 3
946 947 3
948 949 3
949 950 3
953 954 3
954 955 3
955 956 3
957 958 3
958 959 3
959 960 3
960 961 3
961 962 3
966 967 3
967 968 3
968 969 3
969 970 3
970 971 3
971 972 3
976 1035 3
978 1035 3
872 930 3
884 941 3
884 942 3
884 943 3
947 948 3
925 985 3
927 985 3
936 937 3
938 939 3
942 943 3
944 945 3
932 934 3
934 935 3
963 965 3
923 981 1
930 931 3
931 932 3
937 938 3
950 951 3
980 981 3
981 982 0
941 942 3
951 953 3
983 985 3
929 930 3
965 966 3
976 1033 3
934 991 3
935 994 3
936 994 3
974 1033 3
979 980 3
953 1010 3
951 1010 3
962 1020 3
965 1023 3
974 1032 3
976 1034 3
983 1042 2
985 1042 3
930 932 3
961 1020 3
963 1022 3
965 1022 3
973 1032 3
1033 1034 3
978 1037 3
979 1037 3
937 994 3
1022 1023 3
985 1043 3
938 996 3
939 996 3
942 1001 3
943 1001 3
963 1021 3
930 989 3
932 989 3
932 991 3
934 992 3
937 996 3
940 998 3
941 998 3
950 1008 3
955 1014 3
956 1014 3
962 1021 3
978 1036 3
981 1039 3
982 1039 1
991 992 3
937 995 3
951 1008 3
960 1019 3
961 1019 3
972 1030 3
980 1039 3
1042 1043 3
932 990 3
935 993 3
995 996 3
954 1013 3
955 1013 3
957 1015 3
959 1017 3
960 1017 3
965 1024 3
966 1024 3
1036 1037 3
928 986 0
929 987 0
930 988 3
990 991 3
934 993 3
993 994 3
939 997 3
941 999 3
944 1002 3
945 1003 3
946 1004 3
947 1005 3
948 1006 3
949 1007 3
951 1009 3
953 1011 3
954 1012 3
956 1015 3
958 1016 3
1020 1021 3
967 1025 3
968 1026 3
969 1026 3
971 1029 3
971 1030 3
973 1030 3
973 1031 3
980 1038 3
982 1040 2
983 1041 0
986 987 0
987 988 1
988 989 3
989 990 3
996 997 3
997 998 3
998 999 3
942 999 3
943 1002 3
1002 1003 3
946 1003 3
1004 1005 3
1005 1006 3
1006 1007 3
1007 1008 3
1009 1010 3
1010 1011 3
1011 1012 3
1012 1013 3
1015 1016 3
1016 1017 3
1021 1022 3
1023 1024 3
1024 1025 3
968 1025 3
969 1028 3
970 1028 3
970 1029 3
1029 1030 3
1030 1031 3
1031 1032 3
1032 1033 3
1034 1035 3
979 1038 3
1038 1039 3
1039 1040 0
1040 1041 3
1041 1042 1
1003 1004 3
1013 1014 3
1014 1015 3
1028 1029 3
1035 1036 3
992 993 3
994 995 3
1001 1002 3
1008 1009 3
1025 1026 3
1037 1038 3
999 1001 3
1026 1028 3
1017 1019 3
1019 1020 3
