-0.0203537 -0.0445903 7.39201
-0.0219963 -0.0116722 6.71453
-0.00159982 0.124853 3.58766
0.327107 -0.0484216 -12.4997
-0.00231744 -0.0111041 15.8814
-0.00116184 -0.0442156 16.2142
0.00543303 -0.0707693 15.7307
0.0026335 -0.0767553 16.235
-0.0164412 -0.209249 27.7348
0.00541791 -0.208755 23.2397
-0.0281872 -0.168716 30.7838
-0.0129776 -0.188823 26.8999
0.00167477 -0.181329 23.4181
0.025255 -0.156415 16.4759
0.0277611 -0.189198 16.2678
0.00689371 0.0204091 -1.34091
0.00768976 0.023582 -1.62959
0.634071 0.149555 -232.604
0.404211 -0.0129444 -155.922
0.00932854 0.0316067 -2.31236
0.00546318 -0.100959 18.124
-0.0405101 -0.114168 39.526
-0.0885435 -0.117707 62.1941
-0.0409241 -0.0723155 37.9114
-0.00544085 -0.0480945 19.7429
0.00928545 -0.0486252 11.84
0.0121119 -0.0653608 10.5711
-0.0212386 -0.118467 31.5113
-0.0866225 -0.142394 72.0418
-0.10569 -0.0988438 83.0498
-0.0669026 -0.00026366 55.9814
-0.0154207 0.013443 21.6269
0.00677895 0.00351209 6.69965
-0.00370181 -0.00667374 14.4129
-0.00849649 0.0253531 17.401
-0.0108225 0.00610185 19.7737
-0.0164711 -0.00251871 23.95
-0.00096621 0.00805649 11.5965
0.00303705 0.00992552 8.31888
0.0113939 0.0259376 1.03046
0.0117572 0.0216394 0.77024
0.036428 0.00710413 -6.37562
-0.00743713 0.0336399 16.5014
0.00260549 0.0267959 7.32486
0.0904219 -0.0102027 -68.4026
0.0531129 0.0405651 -33.4764
0.0456054 0.0150853 -25.18
0.0370991 0.0268452 -17.1895
0.0250015 0.00490343 -4.4551
0.0211366 0.0642335 -1.78828
0.031432 0.054064 -13.7045
-0.00204623 -0.00886453 25.0087
-0.0315337 -0.0318482 58.6277
-0.0965119 -0.000529081 131.974
-0.0746089 0.0408026 105.784
-0.0951431 0.0212011 130.654
-0.0327814 0.0476883 54.3255
-0.0231345 0.01133 42.8262
-0.0290267 -0.0443116 7.90784
0.000404368 -0.0503694 6.87144
0.0146104 -0.0783457 7.33216
0.38903 -0.0578438 -17.4552
-0.0313709 0.023661 17.3052
0.0137621 -0.246052 12.3873
0.00588598 -0.110389 8.76008
0.0185404 -0.0984629 6.2218
0.0274845 -0.101575 4.6864
0.0229333 -0.0948405 5.69717
0.0786498 -0.637208 18.5226
-0.00514089 -0.193102 25.2872
0.00918545 -0.198431 21.0421
0.00702611 -0.191867 22.1285
0.0137426 -0.184157 19.9968
0.0032724 0.0232795 -0.181559
-0.0362986 -0.0119214 31.3361
-0.0353796 -0.0186739 31.2374
-0.00813999 -0.0360718 21.1578
0.0308424 -0.0142501 3.73215
0.00896295 -0.0612236 15.1288
-0.0270024 -0.111206 33.2927
-0.0491122 -0.0844827 42.4331
-0.00547447 -0.0731912 20.3772
-0.00219027 -0.0580749 18.4189
0.0116902 -0.0556619 10.8481
0.00132558 -0.0388299 16.1196
0.00134361 -0.0517559 16.2382
-0.0524065 -0.0858388 48.7325
-0.109824 -0.0952964 85.4692
-0.0165448 -0.0480503 23.8822
-0.00354752 0.000256048 14.0552
-0.0129942 0.0116629 20.3859
-0.00179047 -0.00232986 12.9795
-0.0145763 0.00038473 22.3442
-0.025265 -0.000454899 30.2326
0.000545958 0.0179946 9.87259
0.0045654 0.0145034 6.85402
0.0139376 0.0146658 -0.968119
0.0162782 0.0157032 -2.90813
0.0177304 0.0217345 -4.45804
0.0461386 -0.0105334 -14.793
0.0179691 0.0377149 -7.18753
0.0511372 0.0336884 -31.3393
0.0649832 0.0191878 -44.1397
0.0542574 0.0239353 -33.9886
0.0459258 0.0216744 -25.508
0.0249539 0.0119111 -4.14501
0.0141141 0.0094846 7.09126
-0.0147471 0.0242541 37.1254
-0.00873721 0.0116598 30.6009
0.0144462 -0.0489523 6.92793
-0.019989 -0.0341795 45.8806
-0.0792743 -0.0363555 113.568
-0.0591058 0.0387903 88.9297
-0.135228 -0.0316464 179.809
-0.0647955 -0.0140698 93.8824
-0.023235 0.0107831 42.7816
-0.0125625 -0.0388522 6.64631
-0.00602909 -0.0453069 6.50174
-0.00467736 -0.0234629 5.43276
0.0029392 -0.0230088 4.94299
-0.00606212 -0.0055224 4.50332
0.0274363 -0.0317584 2.10339
0.0144886 -0.0361049 3.71255
0.0151713 -0.0679036 5.10604
0.00695403 -0.0398916 5.25308
-0.00248951 -0.0576312 8.24448
0.0267938 -0.0217241 -0.854127
0 0 -1
0 0 -1
-0.00597475 0.0489022 2.51445
-0.00422141 0.0465733 2.20892
0.00439632 0.0467891 -0.800373
0 0 -1
-0.00232513 0.0299515 2.61648
-0.0264629 -0.0383366 28.5978
-0.000322731 -0.0496417 18.5028
-0.00967232 -0.0743284 24.0305
-0.0412944 -0.0811644 38.774
-0.0565007 -0.0674327 45.0349
-0.00599133 -0.0739501 20.1713
0.00567552 -0.0633019 13.9943
0.0980942 0.00202134 -38.7543
-0.00926274 0.0711123 10.139
-0.000206188 0.0637817 5.63989
-0.0260132 -0.0540947 29.0783
-0.0343381 -0.0982464 37.1547
0.0168292 -0.0215523 1.01962
0.0159375 -0.0217937 1.94707
0.00382939 -0.0104604 9.56971
0.00205073 -0.0102285 10.7401
0.00118996 -0.0100183 11.2668
-0.0103244 0.0162178 18.5497
0.00666132 0.00654214 5.90673
0.00542962 -0.00522529 7.3057
0.046011 0.024124 -28.6001
0.0924649 0.106576 -71.8081
0.125997 0.361697 -113.938
0.173136 -0.0121946 -128.297
0.0140292 0.0238403 -2.73831
0.0155342 0.0218572 3.46534
0.0568041 0.0271289 -36.9101
0.0393155 -0.00170538 -17.8762
0.0383251 -0.0151508 -16.3948
0.0167935 0.0057758 4.41234
0.0252844 0.00657837 -4.63204
-0.000948148 0.0138749 23.0335
-0.058455 0.0178325 84.8443
-0.0171886 -0.0365797 41.1401
-0.0207845 -0.0560016 47.4498
-0.0332574 -0.0313301 59.2945
-0.096338 -0.041984 133.663
-0.0848851 -0.00674945 117.021
-0.0303622 0.0157412 50.8316
-0.0108751 0.0175842 27.1908
0.0178156 -0.00302159 2.85567
-0.00535366 -0.0213575 5.03037
0.006432 -0.0182281 4.28416
0.0193574 -0.0314003 4.96017
-0.0132247 -0.0105209 5.67811
0.0178721 -0.003303 1.63475
0.0132932 0.0103108 0.979227
0.00750548 -0.0159937 3.85925
-0.00433508 -0.0196115 6.21901
-0.00948081 -0.0134388 6.65821
0.00105818 0.00532951 3.27892
0.00289167 -0.00868036 3.93629
-0.00253616 0.0129933 3.82042
-0.0026671 0.0219686 3.14576
0.0334961 0.00430992 -6.07758
0.00140597 0.0436077 0.458109
-0.00808253 0.00730384 6.32437
-0.00721273 0.0149493 5.39325
-0.0123452 0.0228462 6.82904
0 0 -1
-0.0103792 0.00574338 7.31488
0.0495256 -0.079198 -2.6435
0.100101 -0.0811181 -39.5948
0.139722 -0.0841253 -52.7844
0.000340705 -0.0231283 13.5993
-0.038018 -0.020165 34.777
-0.0209902 0.124056 12.8626
-0.000885007 -0.0219426 13.0481
-0.0203779 0.0234442 20.1427
0.0161733 -0.0385116 2.40834
0.0185865 -0.01657 -0.437948
0.011554 -0.0196139 4.51156
0.0175679 -0.00888532 -0.708452
0.00750382 -0.0114676 6.49215
-0.00482321 -0.00902142 15.459
0.000252571 -0.0161621 12.2561
0.00685361 -0.00163673 5.69971
-0.00758621 -0.00735573 17.5769
0.0557058 0.0129475 -35.8089
0.197508 0.108187 -160.251
0.174595 0.0394338 -134.474
0.198611 0.00621628 -152.379
-0.0730228 -0.0286241 89.5059
-0.00973441 -0.00417217 28.7503
0.00327996 -0.000273588 16.0654
0.0418587 -0.0100643 -20.4673
0.0586988 0.000912887 -38.5046
0.0376329 -0.0136631 -15.6998
0.0362763 -0.0289254 -13.8199
0.0280491 -0.0315686 -5.20179
-0.0347471 -0.0259678 62.1386
-0.0572895 -0.0104031 84.9962
-0.0214183 -0.0499868 46.5804
-0.0346876 -0.0133852 60.0535
-0.0711938 -0.012006 102.512
-0.039169 -0.00811166 63.8823
-0.0130734 -0.00998366 32.1325
-0.0123644 0.0128636 29.6082
0.0118353 -0.00689962 3.40907
0.00134643 -0.010056 3.99714
0.00381036 -0.00728783 3.46933
0.0119319 -0.00667429 3.00346
-0.000634087 -0.00440903 3.90836
0.00580493 0.00815502 2.01553
0.0313632 0.0453288 -4.66606
0.00641598 0.0927846 -4.70665
-0.0134995 0.0253908 4.25538
0.0047436 0.00076481 2.60215
0.00463507 -0.00171751 2.92074
0.0123331 -0.000248232 0.872151
0.00457246 0.00496146 2.37113
-0.000290345 0.0117443 3.0378
0.011661 -0.00104651 0.669301
-0.0121104 -0.00340394 8.73266
-0.00298813 -0.00244666 5.09082
0.00425907 -0.000897645 2.42833
-0.00297173 0.00636054 4.70753
-0.0157186 0.00916128 9.31045
-0.0285279 0.0110418 14.8283
-0.0263767 0.0112819 13.4699
-0.00831348 0.00738007 4.76934
0.0345549 -0.022293 -12.7472
-0.0093724 -0.388337 50.9268
-0.0318271 -0.115999 35.817
-0.0183528 -0.116431 27.6755
-0.00212011 -0.203597 28.2272
0.0402578 -0.0944223 -8.22645
0.0577519 -0.0467083 -23.8448
0.0525977 -0.0209616 -22.181
0.0211779 0.00786368 -4.38702
0.0122562 0.024312 0.305104
-0.00656693 0.027422 13.3506
-0.000825609 -6.12105e-05 11.6734
0.00411339 0.0111143 6.76453
0.0265003 0.0229078 -11.9803
0.0196354 0.0107321 2.63793
0.0286555 0.0288852 -6.88113
0.0800131 0.0703428 -55.2934
0.162204 0.0156218 -121.468
0.162002 0.000746371 -119.118
-0.0148122 -0.00994738 33.7419
-0.00669519 0.00830891 24.5846
0.00174402 0.00928722 16.6178
0.0258778 0.013393 -6.92144
0.0287791 -0.00971357 -7.41043
-0.0169614 -0.000316896 38.2335
0.0329121 -0.036885 -9.97294
0.0214025 -0.0127065 0.463456
-0.0314928 -0.021655 57.9606
-0.0673272 -0.0219988 97.3731
-0.0485995 -0.0123278 75.7064
-0.0503051 -0.0608641 81.2918
-0.0380956 -0.040836 65.3598
-0.0375345 -0.0286773 63.5344
-0.0227263 -0.0306195 45.1887
0.00499369 -0.0433707 13.4982
0.0379341 0.0036808 2.11528
0.0093545 0.00114362 2.45633
0.0136023 0.00450899 1.77317
0.011853 0.0128893 1.14423
0.0068595 0.0103137 1.77646
0.0236639 0.0203317 -1.29045
0.0412409 0.0279157 -4.69105
-0.000425059 -0.00740898 8.14351
-0.0615318 0.016718 14.4306
-0.00731175 0.007412 4.37951
0.0072 0.00244791 1.97476
0.00247421 0.00205132 3.12655
0.0081753 -0.00469193 2.5563
0.013472 0.0187004 -1.76385
0.0118942 -0.00167305 0.868463
-0.00455139 0.000315217 5.47912
-0.00208946 0.00488581 4.0812
0.00135422 -0.00152332 3.51086
-0.00679252 -0.00502115 7.23252
-0.0130796 0.000390357 9.03303
-0.0269679 0.00305285 14.8743
-0.026497 0.0118395 13.3388
0.000600599 0.00694508 0.852499
0.0265172 -0.00991136 -10.1326
0.0641635 -0.0726907 -21.9362
-0.0175724 -0.119773 28.6958
-0.158103 -0.263555 126.082
-0.00484159 -0.09706 17.7377
0.0983825 -0.0376904 -51.3924
0.058055 -0.0259623 -26.1795
0.0849808 -0.023134 -43.6231
0.0459888 -0.012558 -18.3918
0.0328557 0.0149836 -12.9332
-0.00919064 0.0511551 12.9244
-0.0199814 0.0230659 23.6088
0.000532851 0.00335823 10.1535
0.0695754 0.0254797 -39.5983
0.0518615 0.0146533 -23.9443
0.0242145 0.0115374 -1.10976
0.0439063 0.018414 -18.8509
0.103365 0.0255691 -71.2457
0.140779 0.0103922 -101.561
-0.0416824 0.03745 54.3438
-0.0183954 0.0151724 35.1678
0.0155233 -0.00224521 4.7972
0.026917 0.0100485 -7.51065
0.00791863 0.00814057 11.4371
-0.00576241 -0.00595116 26.9609
0.019693 -0.0214005 2.16084
0.00977287 -0.025679 13.9006
-0.0321683 -0.0262482 59.2973
-0.058576 -0.00619904 85.9542
-0.0711765 -0.0358753 103.768
-0.0719626 -0.0592394 106.062
-0.0271666 -0.0213602 50.1415
-0.0207451 -0.0252916 43.3861
-0.0104537 -0.0212387 29.8559
-0.0173232 -0.0220048 38.4217
0.00820162 0.0131792 1.02727
0.0168878 0.0113243 1.06875
0.0115471 0.019088 -0.0417559
0.00166344 0.0174324 1.57889
0.0130515 0.0107224 1.05208
-0.051222 0.0873315 3.86669
0.0819977 0.0103206 -8.0955
-0.00548604 0.00816802 5.04355
-0.0686084 -0.0297588 21.784
-0.0565224 0.00397916 14.5993
-0.00251505 -0.000785947 4.2001
0.0113053 0.00379201 0.540915
0.00612175 0.00545698 1.63989
0.00952211 0.00185084 1.154
0.00452446 -0.0163409 12.3713
0.0174421 0.00353011 -2.44194
-0.000103531 0.00911489 2.71817
-0.00652613 0.00854978 5.05357
-0.00890502 0.000515594 7.31331
-0.0166877 0.00346651 10.1576
-0.0223257 0.00495141 12.4828
-0.0259299 0.00787306 13.6652
-0.00765542 0.0187672 3.30226
-0.00628836 0.00687234 4.18617
0 0 -1
-0.000207058 -0.0573446 10.7437
-0.000866908 0.00831495 0.743331
0.0705986 -0.0248368 -36.3414
0.07836 -0.0243092 -41.3604
0.0930902 -0.0251772 -48.3252
0.100908 -0.0208893 -53.9352
0.0486092 -0.0184449 -19.9392
0.0631806 -0.0089734 -31.3569
0.000655164 0.057591 4.61357
-0.0370996 0.0304641 35.4853
0.00638368 0.00418221 6.06695
0.116367 0.0637369 -81.7681
0.075219 0.0573493 -48.5848
0.0370019 0.0101919 -11.7493
0.0416567 0.00629819 -15.4541
0.109095 -0.00131001 -73.3013
0.118348 0.019249 -83.0016
-0.0391516 0.0187952 54.3228
0.0889628 -0.0331477 -39.0464
0.0320669 -0.0128708 -9.72387
0.0295181 0.0217643 -11.521
0.00642346 0.0250568 10.6664
-0.0128903 0.0351192 29.1946
-0.00352457 0.0299908 19.6652
0.00510241 0.00847846 14.0274
-0.0178239 -0.0085655 41.5303
-0.0702009 0.00650498 97.3417
-0.078216 -0.0078364 107.958
-0.0758495 -0.0148724 106.022
-0.0452957 -0.0536524 75.9323
-0.0179872 -0.0316457 40.3321
-0.0154965 -0.0213243 36.16
-0.0122426 0.00398207 28.7869
0.0271577 0.0132775 0.784272
0.00143686 0.0891505 -10.7442
0.0107533 0.035679 -2.68793
0.0233784 0.0161741 -0.0748295
0.020903 -0.00389394 2.97115
-0.0937992 0.0958182 7.1394
0.0570276 0.0178477 -5.92587
-0.0315416 0.00351629 10.4381
-0.0214544 -0.0137686 10.2843
-0.021908 0.018666 5.17313
0.00117974 0.0308871 -1.86947
0.00715434 0.0267169 -2.23552
0.00342594 0.0323671 -2.01865
-0.0120892 0.0388036 1.54486
0.0754065 -0.0406041 -6.2752
0.0206245 0.0190822 -6.10516
0.00659207 0.0328641 -3.54533
-0.00518694 0.0360342 -0.0365045
-0.00729338 0.0167447 4.06877
-0.00828471 0.0400098 0.666791
-0.0214456 0.0514029 4.52103
-0.0151347 0.0373811 3.83381
0.0105763 0.0490895 -10.3775
-0.00647131 0.0421256 -0.514836
-0.000631374 0.0577682 -5.41581
-0.0221693 0.0536028 6.25903
-0.0210818 0.0614301 4.18286
0.0299149 -0.030656 -11.1807
0.106398 -0.0431107 -55.5157
0.132781 -0.0624085 -68.3332
0.0819552 -0.0201451 -41.264
0.0522017 -0.0285401 -20.8192
0.092151 -0.00303648 -52.5536
0.0943449 0.0206656 -57.5122
0.0218169 0.108589 -18.8253
0.113971 0.0634105 -79.4748
0.117588 0.052088 -79.9749
0.0887801 0.113601 -67.3239
0.127297 0.0594329 -89.0723
0.124184 0.00954944 -78.1428
0.122872 0.00440085 -76.2011
0.11694 0.00436791 -71.0735
0.111594 -0.00633314 -64.3572
0.0960137 -0.00183074 -50.5308
0.0390153 -0.00545323 4.06664
0.00384563 -0.00827774 38.2734
0.000464747 -0.000821504 40.0998
-0.0279599 0.0527505 42.2303
0.0127184 0.061163 -1.92671
0.000140505 0.0616696 10.9074
0.00931076 0.0468342 3.18132
-0.0324101 0.0404957 50.0243
-0.0903168 0.0572414 111.264
-0.102771 0.0949445 120.186
-0.0308737 -0.0434786 56.9226
0.00569905 -0.0173879 10.2183
-0.00640648 0.0130147 20.0358
-0.0641515 0.0884018 80.0314
0.0761135 0.278364 -44.3565
0.0413426 0.280624 -43.9341
0.0068939 0.399381 -64.8379
0.0442541 0.224204 -31.2996
0.0100535 0.0831273 -0.709907
-0.0227205 0.10454 -1.61641
-0.0424091 0.0895502 3.85901
-0.0510522 0.217475 -23.1456
-0.07145 0.226929 -21.6064
-0.0490503 0.147487 -11.3494
0.0104892 0.137135 -22.3905
0.0113377 0.061006 -9.11881
-0.0298697 0.134691 -11.0205
-0.0480237 0.164061 -10.0959
0.088793 -0.0312989 -13.0524
0.00361173 0.245054 -40.9964
-0.0213068 0.141209 -12.73
-0.0212606 0.131059 -10.7566
0.00313694 0.0829293 -11.4037
-0.00516842 0.186277 -26.895
-0.000752891 0.171741 -25.9062
-0.026734 0.156136 -11.5619
-0.0053301 0.0893464 -9.40477
0.00865507 0.0642398 -11.9725
-0.00118442 0.069709 -7.35061
-0.0184847 0.0645319 2.80807
-0.0335013 0.193432 -12.2199
-0.0341673 0.232402 -18.9218
0.0385909 0.0264294 -25.4485
0.146851 -0.075565 -76.2068
0.15128 -0.0500099 -81.6939
0.0880805 -0.0144008 -47.7547
0.103234 0.0182736 -64.1243
0.10677 0.00555375 -63.9566
0.110217 0.0155762 -68.3104
0.101032 0.0322804 -64.0456
0.118879 0.013078 -74.2844
0.119469 0.0135829 -74.8747
0.122074 0.0113202 -76.6273
0.119649 0.00892597 -74.2354
0.11689 0.0037424 -70.9232
0.115253 0.00167455 -69.1247
0.111246 0.00410901 -65.821
0.0870437 0.00525564 -43.2464
0.0231679 0.00477049 17.5294
-0.0153868 0.00800821 54.2749
0.00492616 0.00303928 35.2041
-0.0214839 0.0856878 29.8771
-0.00591446 0.0865076 13.3461
-0.00543673 0.0808061 14.1416
-0.0200152 0.0545714 33.9484
-0.014059 0.0230471 33.0043
-0.0401784 0.0644969 54.4939
-0.0135344 0.05414 26.3277
-0.00498463 0.0256906 21.7114
-0.0175827 0.0172509 38.5898
-0.0386369 0.0842537 51.3364
0.000987327 0.0188255 15.665
0.0853965 0.269864 -42.9109
0.0687908 0.237526 -35.6585
0.0417596 0.240176 -35.7812
0.0201478 0.189255 -23.3636
0.0123584 0.136475 -11.8512
-0.00172456 0.142218 -12.1557
-0.0389747 0.102338 0.711951
-0.0911536 0.197351 -11.2714
-0.0400352 0.274596 -36.9145
-0.0341681 0.353546 -53.4304
-0.0314453 0.280512 -39.3987
-0.0150505 0.305675 -47.8862
-0.00765332 0.291473 -45.6741
-0.00645579 0.259788 -39.4365
-0.00731273 0.248803 -36.9123
-0.0316296 0.253238 -29.9748
-0.00788675 0.273396 -42.607
-0.00438878 0.277693 -44.7049
0.0109263 0.288452 -53.105
-0.00155057 0.277238 -45.7633
-0.0110314 0.267137 -39.6256
-0.0265742 0.282056 -35.4687
-0.00879795 0.311844 -49.9126
-0.00177655 0.311627 -53.2566
-0.00463667 0.306515 -50.7098
0.0067889 0.291281 -53.8023
-0.00896292 0.279639 -42.7181
-0.000148978 0.301688 -52.3494
-0.000480819 0.318008 -55.8351
0.0458325 0.301543 -81.6198
0.0302352 0.285703 -68.12
0.0320738 0.23231 -58.5115
0.0579442 0.0791278 -44.5083
0.0997463 0.0101898 -59.981
0.119289 0.00626197 -73.4294
0.115252 0.0127286 -71.6374
0.116188 0.00494995 -70.7304
0.117237 0.00688607 -71.9813
0.120462 -0.00146416 -72.8748
0.118469 -0.000941099 -71.3383
0.116291 0.00214784 -70.1666
0.121551 0.000875353 -74.5476
0.1153 0.00170959 -69.0098
0.0851409 0.00994436 -42.4178
0.0384026 -0.00193069 4.56296
-0.00111057 0.000368664 41.9911
-0.00811251 -0.00422642 49.6907
-0.0326709 0.0232108 54.1985
-0.00834892 0.048563 23.3148
0.0116158 0.0401895 4.3562
-0.0497047 0.0725918 63.3475
-0.0510165 0.052906 68.0674
-0.0259061 0.0300881 44.5953
-0.00901765 0.0265939 26.1412
-0.00271316 0.0117406 21.6447
-0.00302292 0.00783687 23.0418
-0.0159377 0.0230963 35.2709
-0.0262306 0.0172535 49.0046
0.035893 0.247661 -37.03
0.0218019 0.235559 -32.8619
0.0242275 0.224696 -31.1473
0.0442217 0.238078 -36.852
0.00640282 0.193333 -23.7018
-0.0118077 0.207883 -25.2375
-0.0323411 0.203139 -21.4502
-0.0279511 0.267253 -36.5669
-0.0136164 0.277552 -41.5028
-0.0157666 0.261042 -37.0513
-0.0115378 0.270368 -39.9812
-0.0148675 0.274441 -40.3208
-0.0115532 0.290387 -44.9381
-0.00671935 0.271582 -41.9981
-0.000288364 0.285236 -47.0068
-0.0168613 0.277071 -39.9362
-0.00846478 0.300259 -47.7331
-0.000343847 0.298954 -50.4328
-0.0133571 0.306164 -47.0867
-0.00271751 0.292789 -48.39
-0.0090143 0.292616 -45.5977
-0.0129116 0.296305 -44.6261
0.000545248 0.308602 -53.797
0.0019142 0.313919 -55.6339
0.000749753 0.313442 -55.1695
-0.0069739 0.307184 -49.4358
-0.00348565 0.309939 -51.9949
-0.00795687 0.314676 -50.3034
-0.00551572 0.31646 -52.2163
0.02263 0.307926 -68.0478
0.0275734 0.310349 -71.6327
0.0063773 0.334569 -62.9807
0.00355189 0.342053 -62.5746
0.0108717 0.351328 -69.8297
0.057645 0.097444 -47.0614
0.0966536 0.0524388 -66.2577
0.109582 0.0155133 -67.8517
0.110074 0.0237534 -69.9857
0.107902 0.0173167 -66.6357
0.1188 0.00569699 -73.2144
0.118234 0.00564674 -72.5948
0.119735 0.00168645 -73.0819
0.117772 0.0107361 -73.3148
0.0821155 0.00469934 -38.544
0.00954247 -0.00452634 32.5932
-0.00324028 -0.00624176 45.2381
1.98817e-05 0.00786047 38.9623
-0.00875929 -0.00610166 36.0963
0.00451483 -0.00123527 21.0625
-0.0180009 0.0446779 34.8027
-0.0455321 0.0427336 65.4397
-0.0790053 0.0375722 102.895
-0.0339385 0.0413148 51.0526
-0.0202053 0.0505814 33.4251
-0.0139155 0.0415069 28.0325
-0.00866037 0.0461583 21.3486
-0.0217293 0.0636778 33.0479
-0.0296624 0.0736296 40.7283
0.0378628 0.280617 -44.3721
0.0176111 0.276517 -43.1409
-0.0111946 0.261384 -38.2033
-0.0104186 0.256798 -37.1466
-0.00405723 0.253584 -36.7668
-0.00499779 0.280169 -43.7575
-0.00879102 0.26231 -38.6751
0.00142639 0.297834 -48.6273
-0.0166711 0.296956 -45.3182
-0.0143862 0.290525 -44.0881
-0.0154622 0.28058 -41.2187
-0.0166017 0.295704 -44.8252
-0.0064441 0.302663 -49.08
8.45217e-05 0.314402 -53.8652
-0.00125428 0.291689 -47.5845
-0.00455729 0.290857 -46.3896
-0.00707983 0.294685 -46.7045
-0.0147511 0.286884 -41.8165
-0.0161478 0.282484 -40.2173
-0.00802549 0.294859 -46.7228
-0.00357116 0.308199 -51.8389
0.00309497 0.310429 -55.5016
0.00204068 0.308752 -54.6448
0.000668489 0.31787 -55.986
-0.00629211 0.319304 -52.7503
-0.00035055 0.322927 -56.8501
0.00419666 0.321543 -59.1722
0.0049994 0.322338 -59.8481
-0.00354086 0.323885 -54.9223
-0.00761577 0.314055 -50.1121
0.0250371 0.315726 -71.6243
0.0319276 0.323174 -77.5138
0.013851 0.343049 -69.8731
0.0074354 0.349774 -66.8171
-0.00497356 0.362058 -60.9033
0.00628118 0.379931 -73.8966
0.0271254 0.330065 -77.837
0.0640813 0.106526 -52.4359
0.0666793 0.0710836 -45.4956
0.0984194 0.0221937 -59.8315
0.116891 -0.00537195 -68.8685
0.130413 -0.00430178 -81.1505
0.114531 0.00404163 -68.7867
0.0858361 -0.0061346 -39.477
0.0118774 -0.00457718 30.4189
-0.00368495 0.00590041 42.7685
-0.0116915 -0.0037667 53.2746
0.0429954 0.218234 -71.8941
0.0224822 0.187159 -43.3778
-0.00832546 0.158967 -3.84127
-0.0318208 0.0521716 47.8354
-0.0276997 0.251543 -6.27308
-0.0205159 0.253831 -14.7156
0.00124233 0.218079 -31.4148
0.00884754 0.179403 -30.8058
0.00543834 0.199979 -32.1496
0.012154 0.202118 -40.5606
-0.00302801 0.196466 -20.574
0.023015 0.299701 -48.9387
0.0123879 0.292054 -46.4931
-0.0151278 0.28355 -43.228
-0.00967268 0.303258 -48.8523
-0.00974429 0.294247 -46.5159
-0.00750837 0.297044 -47.6595
0.00394016 0.296532 -48.7802
-0.00809272 0.300894 -47.8956
0.00317204 0.304013 -51.0368
-0.0162809 0.306576 -47.892
-0.0129852 0.303502 -47.668
-0.00543965 0.288747 -45.4142
-0.00822105 0.29678 -46.8342
-0.00726059 0.303693 -48.8979
-0.00730804 0.281108 -42.7344
-0.0134379 0.280231 -40.764
-0.0117449 0.284898 -42.7635
-0.00981315 0.306787 -49.3142
0.00340581 0.316582 -57.0414
0.00572461 0.320254 -58.9431
-0.00102199 0.318035 -55.1898
-0.00399479 0.320239 -54.612
0.0023977 0.320192 -57.5502
-0.00451965 0.316505 -52.9674
-0.0083602 0.320016 -51.9385
0.00662541 0.328214 -62.2391
0.0110674 0.329036 -64.9961
0.0083205 0.330225 -63.6177
-0.0130186 0.325895 -49.5084
-0.0069195 0.331121 -54.8941
0.0126087 0.327005 -66.4493
0.041195 0.302897 -79.0177
0.0308966 0.32052 -75.8754
0.0103401 0.330843 -63.9205
0.000257195 0.33904 -58.6265
0.00272938 0.343196 -61.6367
0.0125128 0.336696 -67.4935
-0.00412284 0.32801 -51.9594
-0.00285014 0.347646 -58.6076
0.0116625 0.316957 -62.3696
0.0137965 0.281875 -54.2083
0.0843097 0.0561875 -55.5546
0.105466 0.00888643 -61.8002
0.0896256 0.0080753 -46.6963
0.0165556 0.0205666 19.1231
-0.00577146 0.0164642 41.9225
-0.0158248 0.0151223 52.3953
0.00536916 0.261783 -44.2129
0.0098695 0.296238 -58.4281
-0.00550631 0.247104 -29.1633
-0.0122427 0.268969 -27.2537
-0.0062153 0.318181 -48.1376
-0.0168111 0.288003 -28.3443
-0.0155471 0.29701 -31.6441
-0.00415116 0.28337 -42.2724
-0.00846078 0.29643 -41.0147
-0.0110679 0.271735 -31.1208
0.0269746 0.28789 -80.2166
0.00810251 0.301251 -49.1534
0.00220224 0.28912 -45.4343
-0.011437 0.279302 -41.9753
-0.0067383 0.301941 -48.99
-0.00360496 0.300484 -48.8581
0.0040159 0.298222 -48.935
-0.00503092 0.300662 -48.3155
-0.0050755 0.300033 -48.0673
-0.00919303 0.307077 -49.5421
-0.0041015 0.307627 -50.6168
-0.00711286 0.299274 -47.6281
-0.00794339 0.294828 -46.0833
-0.00904066 0.282627 -42.4592
-0.0111768 0.277076 -40.4881
-0.00287317 0.299857 -49.9027
0.00274396 0.313378 -55.6481
-0.000167905 0.320187 -56.5078
0.00731575 0.33243 -62.8366
0.00469635 0.32758 -60.3183
0.00255236 0.327596 -59.5077
-0.00141672 0.329004 -58.127
0.00441726 0.326015 -59.9912
-0.000844032 0.325265 -57.2687
0.000550921 0.324077 -57.6812
-0.00518543 0.336111 -58.0582
0.000936663 0.331644 -59.9867
0.00929788 0.333637 -65.1419
0.00756636 0.338968 -65.7075
-0.00659105 0.337593 -56.6901
-0.0123616 0.340508 -53.9381
0.0047094 0.337013 -64.0318
0.0165287 0.320703 -67.2147
0.043646 0.289138 -76.7637
0.0463937 0.284304 -76.7228
0.0109792 0.301077 -55.9151
0.00671347 0.308542 -55.1103
-0.0139406 0.287879 -32.6973
-0.0062251 0.29245 -40.3173
0.00191236 0.291037 -46.5234
-0.00106685 0.290745 -43.6742
-0.00567299 0.272581 -34.2443
-4.55481e-05 0.275674 -40.2367
0.0192532 0.244099 -48.5123
0.0311512 0.14463 -30.1514
-0.00457786 0.126943 9.14541
-0.00440101 0.121143 10.9484
-0.0735787 0.145526 72.8189
-0.0263359 0.0484154 53.5111
-0.0499667 0.279886 10.4418
-0.0169854 0.325596 -37.7332
-0.0167223 0.331418 -39.3934
-0.000703826 0.317725 -52.8719
-0.0101815 0.363632 -56.2814
-0.0257037 0.368626 -40.262
-0.0296742 0.354908 -31.7143
-0.0107114 0.354716 -54.1465
-0.000469672 0.349704 -65.2529
0.0163741 0.31089 -74.6419
0.0014976 0.301583 -49.1914
0.000120172 0.298018 -48.0494
-0.00275541 0.299616 -48.4064
0.000533353 0.30802 -51.2231
-0.0055051 0.315403 -53.0393
-0.00727707 0.303924 -49.2117
0.000670212 0.303577 -50.0168
-0.00519933 0.297982 -47.2744
-0.0119871 0.291707 -44.1589
-0.0139141 0.285925 -42.1282
-0.0177111 0.267654 -35.6017
-0.018892 0.273548 -37.3022
0.00166724 0.302409 -51.776
0.00916472 0.316476 -58.2823
0.00333845 0.33186 -61.3482
0.00240859 0.331509 -60.8372
0.00793644 0.332901 -63.1986
0.00314526 0.3256 -59.1076
-0.00172325 0.322903 -56.3161
0.000596999 0.329759 -59.3433
0.000644065 0.324637 -57.7493
-0.000714787 0.326164 -57.6169
-3.84709e-05 0.324659 -57.5659
0.00627254 0.330965 -62.7105
0.0052461 0.332746 -62.7508
0.00659348 0.338258 -65.2611
0.00491054 0.323744 -59.6109
-0.00145488 0.321497 -55.1669
-0.00732367 0.324156 -52.346
-0.0091557 0.326377 -51.8185
-0.00995328 0.31492 -47.6919
0.00433788 0.311564 -56.163
0.0121327 0.29799 -57.4172
0.0324828 0.274994 -64.606
0.014916 0.265054 -48.5756
0.0054552 0.269819 -43.013
0.00227998 0.265696 -39.2889
-0.00728821 0.273406 -33.9869
0.00115479 0.268276 -39.3801
0.00097974 0.259728 -36.5297
-0.00263305 0.257038 -32.6087
0.00416643 0.253704 -37.7348
0.00499622 0.246741 -36.4773
0.0152144 0.223348 -38.7236
0.0106288 0.219654 -33.4457
0.00930818 0.218689 -31.7754
0.000425734 0.230645 -26.6755
-0.0102481 0.27635 -29.9079
-0.00509351 0.283356 -37.2354
-0.00731425 0.304918 -41.7048
-0.00755668 0.309514 -42.8484
-0.00249248 0.306893 -47.9284
0.00331636 0.301206 -52.5451
-0.0103338 0.325748 -44.1096
-0.0120598 0.34076 -47.5608
-0.00475105 0.348412 -58.738
0.00236895 0.360949 -71.5624
0.00206197 0.336616 -64.0947
0.000782345 0.30398 -49.9731
0.00149695 0.306308 -50.7921
0.00871411 0.31658 -54.6214
0.00767093 0.314647 -53.6946
-0.00903834 0.307577 -49.6309
-0.009199 0.316578 -52.6288
-0.00614792 0.288166 -43.5771
-0.0251746 0.257813 -30.6399
-0.0310731 0.256925 -29.5641
-0.00500317 0.292012 -46.5397
-0.00109054 0.2951 -48.4169
0.0056758 0.322772 -59.2928
0.00942615 0.331683 -63.1268
0.00899864 0.329852 -62.4208
0.00281218 0.333588 -61.7167
0.00631385 0.3263 -60.449
0.00343682 0.32605 -59.3509
0.00218373 0.323085 -57.9295
0.00433582 0.323739 -58.9737
-0.00108648 0.322083 -56.2357
0.00143805 0.32026 -56.6596
0.00308157 0.320011 -57.3977
0.00387621 0.329418 -60.9987
0.00594113 0.328029 -61.5191
0.000210023 0.320717 -56.1638
0.00930767 0.327764 -63.4717
0.00500318 0.334967 -63.3415
-0.00675521 0.335166 -56.654
-0.00526157 0.333671 -56.9566
-0.00517164 0.329283 -55.5645
-0.0105326 0.327784 -51.6876
-0.00075478 0.328016 -58.269
0.0031511 0.325235 -60.1035
0.0172072 0.305811 -63.6109
0.0154341 0.298984 -59.9047
0.00197807 0.298516 -49.6976
0.00110047 0.302129 -50.2807
3.90791e-05 0.295625 -47.2176
0.000653108 0.303741 -50.5233
-0.00216682 0.311231 -50.6592
0.0036048 0.311016 -55.6213
0.000498903 0.326614 -58.0736
0.00496166 0.327823 -62.6736
0.0119988 0.314492 -64.9913
0.00591544 0.32185 -61.8268
0.0123914 0.321396 -67.9903
0.00372311 0.300906 -52.6373
0.00755967 0.298783 -55.8487
0.000603908 0.298021 -48.3382
0.00298994 0.318384 -57.558
0.00591245 0.326891 -63.529
-0.00127245 0.320996 -53.6472
-0.0021627 0.321553 -52.9382
0.000220406 0.3341 -59.7141
-0.013944 0.341989 -46.0363
0.00487431 0.347194 -70.1773
0.00584159 0.345859 -71.0062
0.0131023 0.351497 -81.6778
0.00391231 0.306034 -50.7055
0.00403529 0.310285 -52.2157
0.0149714 0.309514 -52.3573
-0.000882655 0.297878 -46.9658
-0.030075 0.246646 -26.322
-0.025814 0.259199 -31.3871
-0.0143275 0.243757 -27.7697
-0.00382345 0.26577 -37.3388
-0.010217 0.281113 -41.674
0.00450606 0.31069 -54.7933
0.00438522 0.318776 -57.6045
0.0153159 0.338965 -67.2134
0.0076546 0.330041 -62.0865
0.00429684 0.331027 -61.3919
0.00475824 0.325465 -59.556
0.00107254 0.323859 -57.7438
0.00120415 0.317283 -55.5413
-0.000118811 0.320537 -56.1841
0.00171073 0.315161 -55.0121
0.00467294 0.320868 -58.2255
-0.00250416 0.313808 -52.7105
0.00454479 0.316339 -56.7759
0.00597977 0.311399 -55.7914
0.0025275 0.314817 -55.257
0.00212333 0.312571 -54.1922
0.012368 0.326168 -64.6076
0.010137 0.32198 -61.91
0.00130761 0.328573 -59.0827
-0.00184573 0.331781 -58.334
-0.00316188 0.334366 -58.4833
-0.0077741 0.329182 -53.6882
-0.0126458 0.331006 -51.1394
-8.04254e-06 0.32512 -57.7574
-0.00272019 0.316674 -52.8132
0.0176132 0.300979 -62.1286
0.00609325 0.316898 -58.9933
-0.000151731 0.317581 -54.4442
0.00564542 0.316297 -58.6626
0.00511914 0.310829 -56.3672
0.00376099 0.31908 -58.1702
-0.00257544 0.322395 -53.8436
0.00266382 0.315726 -56.0733
0.0068257 0.322481 -62.1974
0.00601374 0.333609 -65.4413
0.00575513 0.337486 -66.6678
0.00117594 0.328185 -58.9119
0.0072665 0.330503 -65.8444
0.00473878 0.330434 -63.411
0.00386473 0.322789 -59.8355
0.00826733 0.327472 -66.1587
0.00426038 0.322028 -59.7999
0.00444736 0.328598 -62.3788
0.00345698 0.328992 -61.4276
-0.00509696 0.336956 -54.283
-0.00350542 0.335421 -55.7865
0.00716353 0.347932 -72.8783
0.0173391 0.330333 -79.3232
0.0164819 0.331694 -78.8741
0.00529438 0.306826 -51.0006
0.00531899 0.30846 -51.6009
0.00366407 0.303788 -49.7999
-0.019961 0.247198 -27.7195
-0.0293527 0.186747 -5.05267
-0.0251919 0.207965 -13.3461
-0.0151723 0.233991 -24.1534
0.00662153 0.255319 -35.2284
0.00259771 0.295085 -48.8201
0.0106096 0.299713 -52.0204
0.0173464 0.312744 -58.2702
0.00385325 0.316563 -56.3727
0.00470684 0.294908 -48.7407
0.0129335 0.310841 -56.6978
0.00425729 0.316853 -56.3172
-0.00332981 0.305826 -49.7922
-0.00461829 0.288653 -43.207
0.0021395 0.298124 -49.0554
0.0048839 0.31065 -54.6532
0.00130263 0.30664 -51.7997
0.00286061 0.302214 -50.9071
0.00763149 0.298888 -51.9062
0.000405968 0.307464 -51.5954
-0.000463618 0.294704 -46.5554
0.00653777 0.291756 -49.1305
0.0143804 0.305344 -58.2825
0.0128167 0.306884 -57.9683
0.00475982 0.297168 -49.8505
0.00349269 0.314068 -55.2579
-0.0046398 0.319675 -52.3028
-0.0151333 0.307193 -40.9894
-0.0127549 0.316455 -45.9076
-0.00500022 0.305049 -47.073
0.001999 0.291641 -47.2408
0.0169239 0.280302 -54.203
0.0126422 0.291227 -54.9088
0.00407862 0.299504 -51.3247
-0.00413436 0.296653 -43.6704
0.000432582 0.286574 -43.8022
0.00515108 0.294566 -50.6018
0.000107858 0.296014 -46.7859
0.00214692 0.291545 -47.0363
0.0107628 0.293682 -55.5842
0.00504508 0.303708 -53.9196
0.00922082 0.310191 -60.2631
0.00730688 0.312858 -59.4172
0.00506291 0.316312 -58.495
0.000764814 0.319969 -55.5351
-0.00359781 0.313509 -48.6901
0.013676 0.295746 -60.5237
0.00169915 0.295382 -47.472
0.00329484 0.288487 -46.7755
0.00584496 0.30773 -56.5806
-0.00128161 0.310114 -49.4138
0.00328268 0.300416 -51.2311
-0.000672979 0.316137 -52.2784
0.00709768 0.303988 -57.5111
0.0154034 0.305613 -68.2928
