0 1 3
1 2 3
2 3 3
3 4 3
4 5 3
5 6 3
6 7 3
7 8 3
8 10 3
10 11 0
11 12 3
12 13 3
13 14 3
14 15 3
15 16 3
16 17 3
17 18 3
18 19 3
19 20 3
20 22 3
22 23 3
23 24 3
24 25 3
25 26 3
26 84 0
26 27 3
27 28 3
28 29 3
29 31 3
31 32 3
32 33 3
33 34 3
34 35 3
35 36 3
36 37 2
37 38 2
38 39 3
39 40 3
40 41 3
41 42 3
42 43 3
43 44 2
44 45 2
45 46 3
46 47 3
47 48 1
48 49 3
49 50 3
50 51 3
51 52 3
52 53 3
53 54 3
54 55 3
55 56 3
56 57 3
28 86 3
29 86 3
36 94 1
37 94 1
29 87 3
10 67 3
31 87 3
8 67 3
26 85 3
27 85 3
50 108 3
20 79 3
22 80 3
32 90 3
34 92 3
51 110 3
1 59 3
2 59 3
22 79 3
23 80 3
33 90 3
33 91 3
35 92 3
42 100 3
43 101 3
45 103 3
49 107 3
17 76 3
18 76 3
31 88 3
34 91 3
44 103 2
46 103 3
46 105 3
47 105 3
52 110 3
0 58 3
2 60 3
3 61 3
6 64 3
11 68 1
14 71 2
19 77 3
19 78 3
20 78 3
87 88 3
35 93 3
37 95 3
38 96 3
41 99 3
42 99 3
42 101 3
48 105 3
53 110 3
54 112 3
55 112 3
56 114 3
57 114 3
10 68 3
12 70 2
12 71 2
13 71 2
15 71 2
91 92 3
36 93 3
39 96 3
40 98 3
41 98 3
100 101 3
44 102 3
55 113 3
3 60 3
5 63 3
7 65 3
8 65 3
11 70 2
15 73 2
16 74 2
17 74 3
23 81 3
24 81 3
25 84 0
28 85 3
31 90 3
92 93 3
94 95 3
46 104 3
48 106 3
53 111 3
113 114 3
57 115 3
0 59 3
59 60 3
60 61 3
6 63 3
8 66 3
71 73 3
15 74 2
18 77 3
77 78 3
79 80 3
80 81 3
86 87 3
37 96 2
39 98 3
44 101 3
103 104 3
105 106 3
49 106 3
107 108 3
51 108 3
110 111 3
54 111 3
114 115 3
63 64 3
6 65 3
68 70 0
70 71 3
73 74 3
93 94 1
51 109 3
111 112 3
66 67 3
24 84 0
85 86 3
95 96 3
98 99 3
99 100 3
101 102 1
102 103 3
104 105 3
108 109 3
109 110 3
112 113 3
58 59 3
4 63 3
65 66 3
67 68 3
76 77 3
78 79 3
24 140 3
4 61 3
64 65 3
84 140 1
88 90 3
84 142 1
90 91 3
81 140 3
84 85 2
88 146 3
90 146 3
39 155 3
106 107 3
110 168 3
61 63 3
96 155 3
98 155 3
111 168 3
58 117 3
59 117 3
60 118 3
68 127 0
70 127 2
70 128 2
59 118 3
68 183 0
17 133 3
76 133 3
84 141 1
90 148 3
96 154 0
63 120 3
140 141 3
91 148 3
95 154 0
104 161 3
61 120 3
71 129 2
117 118 3
70 129 2
87 145 3
94 152 0
95 153 0
100 159 3
101 159 3
113 115 3
64 180 3
128 129 3
73 130 3
74 132 3
74 133 3
85 142 3
93 152 3
154 155 3
99 158 3
100 158 3
61 118 3
66 125 3
68 125 3
71 130 2
79 137 3
86 145 3
88 145 3
99 157 3
101 160 3
102 160 0
103 161 3
107 165 3
108 165 3
108 166 3
63 121 3
67 125 3
125 183 0
127 183 3
77 136 3
78 136 3
78 137 3
80 138 3
86 143 3
146 148 3
91 149 3
98 157 3
103 160 0
105 163 3
106 165 3
165 166 3
112 171 3
113 171 3
113 172 3
58 116 3
64 121 3
73 132 3
132 133 3
76 134 3
77 134 3
80 137 3
81 139 3
86 202 3
92 149 3
92 150 3
92 151 3
93 151 3
104 163 3
105 164 3
106 164 3
109 166 3
111 170 3
112 170 3
115 172 3
115 173 3
80 139 3
85 143 3
143 202 3
148 149 3
151 152 3
98 156 3
157 158 3
164 165 3
172 173 3
116 117 3
65 123 3
129 130 3
133 134 3
141 142 3
150 151 3
94 153 0
156 157 3
158 159 3
159 160 3
163 164 3
109 167 3
170 171 3
61 119 3
64 123 3
137 138 3
139 140 3
145 202 3
145 146 3
149 150 3
152 153 3
153 154 3
161 163 3
166 167 3
111 169 3
120 121 3
121 180 3
127 128 3
130 132 3
142 143 3
155 156 3
118 119 3
119 120 3
136 137 3
138 139 3
169 170 3
171 172 3
77 193 3
134 193 3
136 193 3
160 161 3
125 182 0
168 169 3
66 182 0
136 195 3
137 195 3
146 205 3
148 205 3
123 180 3
143 201 3
168 226 3
66 123 3
132 189 3
132 190 3
169 226 3
171 229 3
123 182 0
130 189 3
133 191 3
140 198 3
170 229 3
134 191 3
139 198 3
141 198 3
201 202 3
146 204 3
161 219 3
161 220 3
110 226 3
118 176 3
145 203 3
151 210 3
155 214 3
156 214 3
160 219 3
163 220 3
110 167 3
117 176 3
120 178 3
134 251 3
146 203 3
204 205 3
205 206 3
148 206 3
152 210 3
157 216 3
158 216 3
166 224 3
167 226 3
119 178 3
123 181 3
142 200 3
154 212 3
157 215 3
165 223 3
166 223 3
119 176 3
121 179 3
132 191 3
141 199 3
142 199 3
143 200 3
155 213 3
156 215 3
158 217 3
223 224 3
167 225 3
116 174 3
117 175 3
120 179 3
179 180 3
127 185 3
129 187 3
130 188 3
190 191 3
138 195 3
199 200 3
148 207 3
149 207 3
150 208 3
150 209 3
151 209 3
154 213 3
159 217 3
219 220 3
164 222 3
224 225 3
170 228 3
174 175 3
175 176 3
128 185 3
128 186 3
129 186 3
187 188 3
136 252 3
138 197 3
139 197 3
203 204 3
206 207 3
207 208 3
215 216 3
160 217 3
165 222 3
225 226 3
169 228 3
183 241 3
189 190 3
208 209 3
209 210 3
153 211 3
213 214 3
214 215 3
164 221 0
169 227 3
178 179 3
182 183 3
185 186 3
188 189 3
198 199 3
202 203 3
152 211 3
154 211 3
212 213 3
216 217 3
160 218 3
163 221 0
226 227 3
180 181 3
186 187 3
193 251 3
200 201 3
211 212 3
217 218 3
222 223 3
228 229 3
172 230 3
183 185 3
229 230 3
181 182 0
218 219 3
220 221 3
195 197 3
197 198 3
221 222 1
195 252 3
217 274 3
227 228 3
195 253 3
210 211 3
216 274 3
218 276 3
172 289 3
185 243 3
230 289 3
191 251 3
217 276 3
222 280 3
193 252 3
252 253 3
176 235 3
119 235 3
183 242 3
185 242 3
198 256 3
189 247 3
274 276 3
241 242 3
242 243 3
188 247 3
199 256 3
207 265 3
178 236 3
201 260 3
202 260 3
208 266 3
209 266 3
215 273 3
179 236 3
182 241 3
185 244 3
186 244 3
195 254 3
197 254 3
199 257 3
199 258 3
200 258 3
208 265 3
216 273 3
243 244 3
189 248 3
190 249 3
191 249 3
206 264 3
214 272 3
220 278 2
220 279 2
221 279 3
223 282 3
224 282 3
228 287 3
229 287 3
190 248 3
203 260 3
203 262 3
204 262 3
207 264 3
213 272 3
219 277 3
219 278 3
225 283 3
226 283 3
227 285 3
174 232 3
175 233 3
176 234 3
180 237 3
186 245 3
187 245 3
188 246 3
197 256 3
205 263 3
210 268 3
210 269 3
211 269 3
219 276 3
277 278 3
278 279 3
224 283 3
228 285 3
228 286 3
230 287 3
232 233 3
233 234 3
234 235 3
119 236 3
179 237 3
245 246 3
246 247 3
191 250 3
197 313 3
201 258 3
262 263 3
263 264 3
264 265 3
268 269 3
212 269 3
212 270 0
215 272 3
274 275 3
222 279 0
223 280 3
226 285 3
285 286 3
181 237 3
247 248 3
248 249 3
250 251 3
254 313 3
213 270 0
273 274 3
275 276 3
279 280 1
226 284 3
230 288 3
235 236 3
256 257 3
265 266 3
210 266 3
272 273 3
276 277 3
283 284 3
286 287 3
287 288 3
288 289 3
251 252 3
253 254 3
282 283 3
236 237 3
256 313 3
269 270 3
282 340 3
244 245 3
249 250 3
270 329 3
213 329 0
284 285 3
182 298 3
266 325 3
210 325 3
272 329 0
181 298 0
280 282 3
237 297 0
268 325 3
280 339 3
282 339 3
257 258 3
201 317 3
263 321 3
264 321 3
339 340 1
181 297 0
241 298 3
258 317 3
260 376 3
260 262 3
237 296 3
252 310 3
296 297 0
251 310 3
260 317 3
285 343 3
286 343 3
237 413 0
241 300 3
242 300 3
258 316 3
297 298 3
250 309 3
251 309 3
276 334 3
236 294 3
249 307 3
269 327 3
270 327 3
273 331 3
274 331 3
275 334 3
287 344 3
237 294 3
298 299 3
241 299 3
299 300 3
244 301 3
250 307 3
257 316 3
316 317 3
262 321 3
265 323 3
268 327 3
272 331 3
275 333 3
235 294 3
296 413 0
243 300 3
243 301 3
244 302 3
245 302 3
309 310 3
254 312 3
317 376 3
262 320 3
266 323 3
274 333 3
277 334 3
286 344 3
289 347 3
232 290 3
233 291 3
234 292 3
235 293 3
245 303 3
246 304 3
247 305 3
248 305 3
248 306 3
253 311 3
253 312 3
260 320 3
320 321 3
264 322 3
266 324 3
268 326 3
270 328 3
277 335 3
278 336 3
279 338 1
280 338 3
283 341 3
288 347 3
290 291 3
291 292 3
292 293 3
303 304 3
304 305 3
306 307 3
252 311 3
312 313 3
257 315 3
322 323 3
324 325 3
327 328 3
334 335 3
335 336 3
282 341 3
284 343 3
301 302 3
311 312 3
315 316 3
321 322 3
325 326 3
328 329 3
272 330 3
333 334 3
287 345 3
288 345 3
293 294 3
294 413 0
300 301 3
302 303 3
310 311 3
323 324 3
340 341 3
284 341 3
345 347 3
305 306 3
326 327 3
331 333 3
279 336 3
344 345 3
257 313 3
329 330 3
330 331 3
260 378 3
320 378 3
338 339 3
343 344 3
313 315 3
284 400 3
343 400 3
296 355 0
297 355 3
341 400 3
250 366 3
309 366 3
306 422 3
307 422 3
307 366 3
336 338 3
331 390 3
333 390 3
333 391 3
294 352 3
334 391 3
344 402 3
293 352 3
310 368 3
311 368 3
376 378 3
378 435 3
338 340 1
344 403 3
352 413 0
304 362 3
305 363 3
306 363 3
313 371 3
315 371 3
315 374 3
321 379 3
324 383 3
325 383 3
325 384 3
338 396 3
343 402 3
297 356 3
298 356 3
298 357 3
299 357 3
300 358 3
303 362 3
320 379 3
322 380 3
323 381 3
324 381 3
326 384 3
330 388 3
331 388 2
340 396 0
299 358 3
301 358 3
305 362 3
321 380 3
383 384 3
331 389 3
335 393 3
336 393 3
336 394 3
340 397 0
341 399 3
345 404 3
357 358 3
302 360 3
303 361 3
363 422 3
366 422 3
309 367 3
375 378 3
324 382 3
327 385 3
334 393 3
393 394 3
338 394 3
340 398 3
347 404 3
347 405 3
290 348 3
292 352 3
356 357 3
301 360 3
360 361 3
366 367 3
367 368 3
312 371 3
316 374 3
375 376 3
375 435 3
380 381 3
381 382 3
384 385 3
328 385 3
329 387 3
388 389 2
338 395 3
396 397 3
340 399 3
399 400 3
400 402 3
344 404 3
404 405 3
291 348 3
361 362 3
317 375 3
379 380 3
329 388 0
389 390 3
390 391 3
334 392 3
398 399 3
355 413 3
358 416 3
312 370 3
371 374 3
378 379 3
382 383 3
392 393 3
397 398 1
403 404 3
357 416 3
311 370 3
387 388 0
395 396 3
402 403 3
348 349 1
291 349 1
355 356 3
416 473 3
362 363 3
370 371 3
317 374 3
328 387 3
394 395 3
292 349 1
292 350 1
350 352 0
368 370 3
374 432 3
349 350 3
352 410 1
301 417 3
371 432 3
391 392 3
395 453 3
396 453 3
350 410 3
352 353 1
358 417 3
360 417 3
366 423 3
367 426 3
368 426 3
353 413 0
422 423 3
328 444 3
409 410 3
353 410 3
385 444 3
387 444 3
350 409 3
374 375 3
404 462 3
403 462 3
348 406 1
349 406 3
390 448 3
402 459 3
389 448 3
391 450 3
416 417 3
388 446 1
392 450 3
394 452 3
395 452 3
397 455 3
398 455 0
361 419 3
362 419 3
362 420 3
383 441 3
384 441 3
396 455 3
353 411 3
382 440 3
387 446 3
393 451 3
402 460 3
405 462 3
419 420 3
370 426 3
370 427 3
383 440 3
389 447 3
391 448 3
403 460 3
349 407 3
350 408 3
360 418 3
426 427 3
381 440 3
447 448 3
406 407 3
407 408 3
356 414 3
417 418 3
420 478 1
363 421 3
366 425 3
367 425 3
371 430 3
430 432 3
380 438 3
385 443 3
452 453 3
396 454 3
400 458 3
461 462 3
405 463 3
355 414 3
357 415 3
361 418 3
363 420 3
421 422 3
366 424 3
379 438 3
380 439 3
381 439 3
384 442 3
443 444 3
387 445 3
388 447 2
392 451 3
393 452 3
453 454 3
399 457 3
400 457 3
403 461 3
408 409 3
411 413 0
356 415 3
418 419 3
420 421 3
423 424 3
431 432 3
439 440 3
440 441 3
441 442 3
384 443 3
444 445 3
445 446 3
454 455 3
398 456 0
458 459 3
459 460 3
462 463 3
410 411 3
415 416 3
425 426 3
370 429 3
371 429 3
375 432 3
378 436 3
379 436 3
450 451 3
451 452 3
455 456 2
399 456 2
457 458 3
460 461 3
414 415 3
424 425 3
456 457 2
413 414 3
423 482 3
370 486 3
438 439 3
427 486 3
442 443 3
429 486 3
436 438 3
448 450 3
460 518 0
461 518 0
430 431 3
424 482 3
429 430 3
446 447 3
455 513 3
413 470 3
414 470 3
375 493 2
435 436 3
411 470 0
435 493 2
456 513 2
409 467 3
414 471 3
429 487 3
430 487 3
436 493 2
470 471 3
415 473 3
436 495 2
447 506 3
448 506 3
453 511 3
419 478 1
490 493 3
438 495 2
454 513 3
410 467 3
422 480 3
375 490 2
452 511 3
407 466 3
408 466 3
421 480 3
451 508 3
417 475 3
419 477 3
421 479 3
450 508 3
462 520 3
462 521 3
463 521 3
406 464 3
410 468 3
414 472 3
416 474 3
418 475 3
477 478 1
420 479 3
427 485 3
461 520 3
407 464 3
408 467 3
467 468 3
415 472 3
418 476 3
426 484 2
426 485 2
430 489 2
431 489 2
432 490 2
440 498 1
444 502 3
457 515 3
407 465 3
411 468 3
411 469 3
475 476 3
423 480 3
425 482 3
438 497 3
439 497 3
445 502 3
445 503 3
456 515 2
459 516 1
520 521 3
469 470 0
473 474 3
484 485 3
431 490 2
441 499 3
442 500 3
443 501 3
443 502 3
446 504 3
446 505 3
447 505 3
508 509 3
458 516 3
464 465 3
419 476 3
425 484 3
493 495 3
440 497 3
440 499 3
499 500 3
500 501 3
503 504 3
505 506 3
448 507 3
450 507 1
507 508 3
451 509 3
452 510 3
512 513 3
458 515 3
468 469 3
471 472 3
472 473 3
476 477 3
479 480 3
485 486 3
501 502 3
510 511 3
459 517 1
460 517 1
466 467 3
478 479 0
489 490 3
497 498 1
498 499 0
502 503 3
504 505 3
506 507 3
511 512 3
453 512 3
465 466 3
451 510 3
454 512 3
461 519 2
417 474 3
430 546 2
489 546 3
490 492 3
518 519 3
519 520 3
487 546 2
492 493 3
509 510 3
513 514 1
456 514 2
516 517 3
517 518 0
474 475 3
486 487 3
495 497 3
514 515 3
515 516 3
511 569 1
495 555 3
497 555 1
490 549 3
495 552 3
425 541 2
492 549 3
493 552 3
423 539 2
482 541 2
476 534 1
476 535 1
477 535 1
478 535 3
480 539 2
484 541 3
501 560 3
520 578 3
521 578 3
502 560 3
480 537 1
480 538 1
500 558 3
506 564 3
508 566 3
466 524 3
468 526 3
469 527 3
470 529 1
479 537 1
537 538 3
482 539 2
482 540 2
540 541 3
484 542 3
499 558 3
505 564 3
507 564 3
507 566 3
511 570 1
517 575 3
465 524 3
470 528 1
471 529 1
478 536 3
479 536 1
538 539 3
486 544 1
487 544 1
490 548 3
554 555 3
512 570 1
513 571 1
514 571 3
516 574 3
516 575 3
517 576 3
469 528 3
528 529 3
474 532 1
548 549 3
495 554 3
502 561 3
503 561 3
515 574 3
518 576 2
519 576 3
519 578 3
578 579 3
469 526 3
535 536 3
539 540 3
485 542 3
498 556 3
501 559 3
504 562 3
505 563 3
509 567 3
509 568 3
510 568 3
511 568 3
514 572 3
515 573 3
519 577 3
467 524 3
467 526 3
527 528 3
475 532 1
475 534 1
534 535 3
536 537 3
541 542 3
485 544 3
544 546 3
495 553 3
558 559 3
560 561 3
504 561 3
504 563 3
563 564 3
508 567 3
567 568 3
568 569 3
569 570 3
513 570 1
571 572 3
573 574 3
574 575 3
576 577 3
577 578 3
526 527 3
544 545 3
492 550 3
552 553 3
498 555 3
498 558 0
559 560 3
561 562 3
562 563 3
570 571 3
515 572 3
575 576 3
464 522 3
465 522 3
471 473 3
545 546 3
489 548 3
493 550 3
493 551 3
553 554 3
555 556 3
507 565 3
522 524 3
471 530 1
473 530 1
473 532 1
550 551 3
551 552 3
565 566 3
556 558 0
564 565 3
566 567 3
542 544 3
549 550 3
529 530 3
475 591 1
572 573 3
576 634 3
577 634 3
530 532 3
532 591 3
556 557 3
557 558 0
534 591 3
546 548 3
522 580 3
557 559 0
559 617 1
560 617 1
524 580 3
560 620 1
541 544 3
546 605 3
548 605 3
557 617 3
617 620 3
561 620 1
571 629 3
467 583 3
526 583 3
530 589 3
532 590 3
532 589 3
540 598 3
541 600 3
544 600 3
550 608 3
555 613 3
556 613 3
562 620 1
544 601 3
563 620 1
572 630 3
575 633 3
526 584 3
589 590 3
537 595 1
600 601 3
549 607 3
551 609 3
573 630 3
574 633 3
577 636 3
578 636 3
538 595 1
548 607 3
549 608 3
552 609 3
554 613 3
634 635 3
577 635 3
538 596 1
551 608 3
619 620 3
566 625 3
567 625 3
570 628 3
571 628 3
576 633 3
578 637 3
579 637 3
524 583 3
527 586 3
528 586 3
530 588 3
534 592 2
535 651 1
539 596 3
544 603 3
545 603 3
545 604 3
546 604 3
604 605 3
548 606 3
556 614 3
557 616 3
616 617 3
620 621 3
568 626 3
569 628 3
628 629 3
572 629 3
526 585 3
527 585 3
529 586 3
529 587 3
529 588 3
535 592 2
536 595 1
544 602 3
605 606 3
552 610 3
553 610 3
553 612 3
554 612 3
557 615 3
618 620 3
618 619 3
568 625 3
569 626 3
573 631 3
574 632 3
633 634 3
585 586 3
587 588 3
590 591 3
535 594 2
536 594 2
595 596 0
541 598 3
601 602 3
603 604 3
606 607 3
607 608 3
612 613 3
613 614 3
556 615 3
617 618 3
563 621 1
631 632 3
636 637 3
584 585 3
586 587 3
594 595 1
539 598 3
602 603 3
553 611 3
625 626 3
629 630 3
632 633 3
635 636 3
598 600 3
608 609 3
610 611 3
614 615 3
564 621 1
565 624 3
626 628 3
627 628 3
588 589 3
591 592 3
592 651 1
594 651 1
596 655 3
539 655 3
611 612 3
615 616 3
626 627 3
630 631 3
524 582 3
583 584 3
609 610 3
582 583 3
566 624 3
564 622 1
565 622 1
624 625 3
580 582 3
623 624 0
621 622 3
622 624 0
598 655 3
622 623 3
598 657 3
600 657 3
619 678 3
596 654 3
654 655 3
620 678 2
600 658 3
601 658 3
623 683 3
624 683 1
627 686 3
584 642 3
604 662 3
625 683 1
630 688 3
631 688 3
584 701 1
585 701 1
585 643 3
594 652 3
605 662 3
616 675 3
617 675 3
618 676 3
622 681 3
623 681 2
651 652 0
601 660 3
602 660 3
602 661 3
603 661 3
617 676 3
628 686 3
580 639 3
590 648 2
591 648 2
619 677 3
677 678 3
622 680 2
632 690 3
582 639 3
583 641 3
643 701 1
592 650 3
657 658 3
601 659 3
610 669 3
611 669 3
612 669 3
614 672 3
621 679 2
682 683 3
626 683 1
629 686 3
629 687 3
629 688 3
633 690 3
582 641 3
584 641 3
586 643 3
592 648 2
659 660 3
660 661 3
605 663 3
609 668 3
610 668 3
612 671 3
613 671 3
613 672 3
620 679 2
680 681 3
623 682 2
626 684 1
633 691 3
636 694 3
580 638 3
641 642 3
586 645 3
587 645 3
595 653 2
596 653 3
598 656 3
658 659 3
662 663 3
606 665 3
607 665 3
608 666 3
609 666 3
615 672 3
627 684 1
631 690 3
690 691 3
634 691 3
634 692 3
635 693 3
635 694 3
637 695 3
638 639 3
588 647 3
589 647 3
594 653 3
656 657 3
661 662 3
606 664 3
665 666 3
668 669 3
669 670 3
612 670 3
671 672 3
616 674 2
675 676 3
618 677 3
684 686 0
686 687 3
687 688 3
634 693 3
694 695 3
590 647 3
605 664 3
615 673 3
615 674 3
674 675 3
678 679 3
621 680 2
683 684 3
691 692 3
692 693 3
693 694 3
642 701 1
586 644 3
652 653 3
653 654 3
663 664 3
672 673 3
676 677 3
643 644 3
644 645 3
588 645 3
647 648 1
664 665 3
670 671 3
679 680 3
650 651 1
673 674 3
681 682 3
655 656 3
639 641 3
648 650 3
685 686 0
684 685 3
666 668 3
666 725 3
668 725 3
686 748 1
687 748 1
688 748 1
631 748 1
641 698 3
690 748 1
648 708 2
650 708 3
668 727 3
669 727 3
686 744 1
639 698 3
588 646 2
646 647 3
645 646 3
707 708 3
685 744 2
648 707 2
682 741 3
683 741 2
692 750 1
651 709 2
657 715 3
669 728 3
670 728 3
684 743 2
685 743 2
745 748 0
639 697 3
650 709 3
655 713 3
656 713 3
658 715 3
670 729 3
671 729 3
676 735 3
677 735 3
679 737 3
684 741 2
686 745 1
691 748 1
638 697 3
674 733 3
675 733 2
680 737 3
641 699 2
647 705 1
708 709 3
652 709 3
658 716 3
668 726 3
680 739 3
681 739 3
682 740 3
744 745 3
694 753 1
695 753 1
654 712 3
659 716 3
664 722 3
725 726 3
674 732 3
678 737 3
740 741 3
691 750 1
638 696 3
697 698 3
644 702 2
645 702 2
646 704 3
647 704 1
647 706 1
648 706 2
655 712 3
656 714 3
656 715 3
659 717 3
660 718 3
661 719 3
662 720 3
663 721 3
664 721 3
665 722 3
665 723 3
666 724 3
672 729 3
672 730 3
672 731 3
673 731 3
732 733 3
678 736 3
680 738 3
682 739 3
684 742 2
746 748 0
693 750 1
696 697 3
642 699 3
704 705 3
705 706 3
706 707 3
653 709 3
713 714 3
714 715 3
717 718 3
718 719 3
719 720 3
720 721 3
722 723 3
723 724 3
724 725 3
726 727 3
727 728 3
729 730 3
674 731 3
676 733 2
735 736 3
736 737 3
737 738 3
738 739 3
741 742 3
748 749 1
691 749 1
698 699 3
645 704 1
715 716 3
716 717 3
728 729 3
730 731 3
742 743 3
743 744 3
643 702 2
653 712 3
712 713 3
721 722 3
731 732 3
739 740 3
693 751 1
694 751 1
642 700 3
700 701 1
745 746 3
747 748 2
749 750 2
702 704 3
699 700 3
746 747 3
750 751 1
694 752 1
733 735 3
751 752 3
752 753 0
701 702 0
709 769 3
653 769 3
722 780 3
745 804 3
702 761 2
704 761 3
712 769 3
723 780 3
746 804 3
735 793 2
733 793 3
709 768 3
745 803 3
702 760 2
768 769 3
733 792 3
744 803 3
803 804 3
792 793 3
736 795 3
737 795 2
740 798 3
748 806 2
760 761 3
708 766 3
719 777 3
720 778 3
726 784 3
728 787 3
729 787 3
738 796 3
739 798 3
747 806 2
749 806 3
749 807 3
750 809 1
751 809 3
696 754 2
697 755 2
698 756 2
705 763 3
706 764 3
707 765 3
709 766 3
718 777 3
725 784 3
731 790 3
732 790 3
732 791 3
733 791 3
743 801 3
806 807 3
754 755 3
704 763 3
707 764 3
708 765 3
713 771 3
719 778 3
721 779 3
736 793 2
738 795 2
739 796 3
741 800 3
742 800 3
742 801 3
750 808 2
698 755 2
704 762 3
706 763 3
712 770 3
712 771 3
714 772 3
715 773 3
715 774 3
716 774 3
717 775 3
718 775 3
718 776 3
720 779 3
722 779 3
723 781 3
724 782 3
725 783 3
726 785 3
727 785 3
728 786 3
730 789 3
731 789 3
790 791 3
791 792 3
739 797 3
741 799 3
743 802 3
744 802 3
747 805 2
749 808 3
751 810 3
752 810 3
753 810 1
753 811 1
761 762 3
762 763 3
764 765 3
765 766 3
769 770 3
771 772 3
772 773 3
773 774 3
774 775 3
776 777 3
777 778 3
778 779 3
780 781 3
781 782 3
782 783 3
785 786 3
786 787 3
730 787 3
730 788 3
789 790 3
736 794 2
795 796 3
799 800 3
802 803 3
746 805 3
808 809 3
810 811 1
755 756 3
699 756 2
699 757 1
700 757 1
770 771 3
775 776 3
783 784 3
793 794 3
741 798 3
800 801 3
763 764 3
709 825 3
779 780 3
784 785 3
788 789 3
794 795 3
796 797 3
797 798 3
804 805 3
805 806 3
701 757 0
766 825 3
787 788 3
807 808 3
809 810 3
768 825 3
756 757 3
798 799 3
801 802 3
701 760 2
800 858 3
801 858 3
757 816 2
701 816 2
810 868 3
788 846 3
809 868 3
760 816 3
760 817 3
778 836 3
787 846 3
802 860 3
811 869 3
755 813 2
756 813 2
779 836 3
796 855 3
797 855 3
798 856 2
801 860 3
809 867 3
810 869 1
760 818 3
761 818 3
761 819 3
789 846 3
792 851 3
793 851 3
794 853 3
795 853 3
795 855 3
797 856 3
801 859 3
803 861 3
754 813 2
816 817 3
762 819 3
768 826 3
790 848 3
791 849 3
792 849 3
793 852 3
794 852 3
859 860 3
804 861 3
808 866 3
808 867 3
868 869 3
757 815 2
762 820 3
763 820 3
764 822 3
765 823 3
766 823 3
766 824 3
769 826 3
775 833 3
787 845 3
789 848 3
799 857 2
861 862 3
804 862 3
805 862 3
754 812 2
815 816 3
763 821 3
763 822 3
765 822 3
824 825 3
769 827 3
770 828 3
771 829 3
772 830 3
773 831 3
774 832 3
774 833 3
776 834 3
777 835 3
779 837 3
780 838 3
781 839 3
782 840 3
783 841 3
784 842 3
785 843 3
786 844 3
790 849 3
792 850 3
852 853 3
795 854 3
798 857 3
799 858 3
803 860 3
866 867 3
812 813 3
756 815 2
826 827 3
827 828 3
828 829 3
829 830 3
830 831 3
831 832 3
833 834 3
834 835 3
835 836 3
836 837 3
837 838 3
838 839 3
839 840 3
840 841 3
841 842 3
842 843 3
843 844 3
787 844 3
849 850 3
850 851 3
851 852 3
853 854 3
854 855 3
806 864 3
817 818 3
818 819 3
819 820 3
820 821 3
823 824 3
825 826 3
844 845 3
845 846 3
855 856 3
857 858 3
858 859 3
860 861 3
821 822 3
822 823 3
832 833 3
856 857 3
807 865 3
808 865 3
756 872 2
805 863 3
805 864 3
807 864 3
813 872 3
846 848 3
862 863 3
865 866 3
867 868 3
848 849 3
815 872 3
862 920 3
863 864 3
864 865 3
846 905 3
848 905 3
863 920 3
855 913 3
854 913 3
861 920 3
865 923 3
869 927 3
823 881 3
846 904 3
860 918 3
864 923 3
868 927 2
815 873 3
822 880 3
823 880 3
824 881 3
836 894 3
845 904 3
856 913 3
861 918 3
863 921 3
864 921 3
867 925 3
816 873 3
816 874 3
817 874 3
825 883 3
826 883 3
835 894 3
904 905 3
861 919 3
865 924 3
866 924 3
868 925 2
873 874 3
832 890 3
833 890 3
834 892 3
835 892 3
844 902 3
851 909 3
859 917 3
919 920 3
812 870 3
813 871 3
817 875 3
818 876 3
819 877 3
820 878 3
821 879 3
822 879 3
824 882 3
826 884 3
827 885 3
828 886 3
829 887 3
830 888 3
831 889 3
833 891 3
835 893 3
837 895 3
838 896 3
839 897 3
840 898 3
841 899 3
842 900 3
843 901 3
845 902 3
849 907 3
850 908 3
850 909 3
852 910 3
853 911 3
854 912 3
856 914 3
858 917 3
918 919 3
920 921 3
864 922 3
866 925 3
868 926 2
870 871 3
871 872 3
875 876 3
876 877 3
820 877 3
878 879 3
881 882 3
882 883 3
883 884 3
884 885 3
885 886 3
886 887 3
887 888 3
888 889 3
889 890 3
890 891 3
833 892 3
893 894 3
894 895 3
895 896 3
896 897 3
897 898 3
898 899 3
899 900 3
900 901 3
901 902 3
848 906 3
848 907 3
849 908 3
908 909 3
909 910 3
910 911 3
911 912 3
912 913 3
913 914 3
859 918 3
923 924 3
925 926 3
926 927 3
872 873 3
879 880 3
845 903 3
857 915 3
858 915 3
922 923 3
874 875 3
880 881 3
891 892 3
892 893 3
902 903 3
906 907 3
907 908 3
857 914 3
917 918 3
921 922 3
924 925 3
903 904 3
905 906 3
858 916 3
916 917 3
877 878 3
915 916 3
914 915 3
925 983 3
926 983 3
921 978 3
920 978 3
922 978 3
902 960 3
903 960 3
906 964 3
905 964 3
915 973 3
919 977 3
905 963 3
914 973 3
920 977 2
922 980 3
872 930 3
877 935 3
878 935 3
904 963 3
907 964 3
978 980 3
927 985 3
871 930 3
873 930 3
916 973 3
916 975 3
917 975 3
918 977 3
923 981 3
924 982 3
925 982 3
926 985 3
876 934 3
877 934 3
881 939 3
892 950 3
904 962 3
963 964 3
907 966 3
908 966 3
909 966 3
918 975 2
980 981 3
924 981 3
870 928 3
871 929 3
878 936 3
879 937 3
880 938 3
882 939 3
883 941 3
884 942 3
885 942 3
885 943 3
886 944 3
887 945 3
888 946 3
889 947 3
890 948 3
891 949 3
891 950 3
893 951 3
894 952 3
895 953 3
896 954 3
897 955 3
898 956 3
899 957 3
900 958 3
901 959 3
902 959 3
903 962 3
909 967 3
910 968 3
911 968 3
916 974 3
918 976 3
928 929 3
929 930 3
875 934 3
935 936 3
936 937 3
937 938 3
938 939 3
882 941 3
941 942 3
943 944 3
944 945 3
945 946 3
946 947 3
947 948 3
948 949 3
950 951 3
951 952 3
952 953 3
953 954 3
954 955 3
955 956 3
956 957 3
957 958 3
958 959 3
903 961 3
966 967 3
967 968 3
911 969 3
912 969 3
913 972 3
914 972 3
973 974 3
974 975 3
873 932 3
874 932 3
882 940 3
942 943 3
949 950 3
960 961 3
907 1023 3
968 969 3
975 976 3
976 977 3
977 978 3
934 935 3
940 941 3
959 960 3
961 962 3
962 963 3
964 1023 3
912 970 3
913 971 3
969 970 3
913 970 3
971 972 3
972 973 3
981 982 3
982 983 3
939 940 3
970 971 3
983 984 3
926 984 3
875 932 3
966 1023 3
930 932 3
932 934 3
932 991 3
934 991 3
984 985 3
978 1036 3
978 1037 3
976 1034 3
977 1034 3
1036 1037 3
980 1037 3
932 990 3
981 1039 3
971 1029 3
980 1039 3
930 990 3
960 1018 3
972 1029 3
980 1038 3
982 1039 3
930 989 3
937 996 3
938 996 3
959 1018 3
966 1024 3
967 1024 3
970 1028 3
973 1032 3
974 1032 3
974 1033 3
975 1033 3
982 1040 3
934 992 3
935 992 3
943 1001 3
962 1020 3
964 1022 3
1022 1023 3
971 1028 3
1032 1033 3
976 1033 3
1037 1038 3
983 1040 3
939 997 3
940 997 3
941 999 3
944 1001 3
946 1004 3
947 1004 3
961 1018 3
961 1020 3
963 1020 3
963 1022 3
1023 1024 3
967 1026 3
968 1026 3
1033 1034 3
977 1036 3
985 1042 3
989 990 3
939 996 3
940 999 3
945 1003 3
948 1006 3
950 1008 3
951 1008 3
952 1010 3
963 1021 3
967 1025 3
968 1027 3
969 1027 3
972 1031 3
977 1035 3
1038 1039 3
983 1041 3
984 1041 3
984 1042 3
928 986 3
929 987 3
930 988 3
990 991 3
935 993 3
936 994 3
937 995 3
942 1000 3
944 1002 3
946 1003 3
947 1005 3
949 1006 3
949 1007 3
951 1009 3
953 1010 3
953 1012 3
954 1012 3
955 1012 3
955 1013 3
956 1014 3
957 1015 3
958 1016 3
959 1017 3
1017 1018 3
1018 1019 3
961 1019 3
1020 1021 3
1024 1025 3
1028 1029 3
972 1030 3
973 1031 3
1034 1035 3
1035 1036 3
985 1043 3
986 987 3
987 988 3
988 989 3
992 993 3
936 993 3
994 995 3
995 996 3
996 997 3
941 1000 3
1000 1001 3
1002 1003 3
1005 1006 3
1007 1008 3
1008 1009 3
1009 1010 3
1013 1014 3
1014 1015 3
1015 1016 3
1016 1017 3
1019 1020 3
1027 1028 3
1039 1040 3
1004 1005 3
1006 1007 3
1012 1013 3
1021 1022 3
1025 1026 3
1026 1027 3
1030 1031 3
1031 1032 3
1042 1043 3
991 992 3
993 994 3
1001 1002 3
1003 1004 3
1029 1030 3
1040 1041 3
997 999 3
999 1000 3
1010 1012 3
1041 1042 3
