0 1 3
1 2 3
2 3 3
3 4 3
4 5 3
5 6 3
6 8 3
8 9 3
9 10 3
10 11 3
11 12 3
12 13 3
13 14 3
14 15 3
15 16 3
16 17 3
17 18 3
18 19 3
19 20 3
20 21 3
21 22 3
22 23 3
23 24 3
24 25 3
25 27 3
27 28 3
28 29 3
29 30 3
30 31 3
31 33 3
33 35 1
35 36 3
36 37 3
37 38 3
38 39 3
39 41 3
41 42 3
42 43 3
43 44 3
44 45 3
45 46 3
46 47 3
47 49 3
49 50 1
50 51 3
51 52 3
52 53 3
53 54 3
54 55 0
55 56 1
56 57 3
33 92 3
47 106 3
35 92 2
49 106 2
31 90 3
47 105 3
33 90 3
38 96 0
105 106 3
45 103 3
46 104 3
6 65 3
8 65 3
41 98 3
39 98 3
46 103 3
49 107 2
50 107 0
9 67 3
41 99 3
8 67 3
39 96 0
103 104 3
29 87 3
31 89 3
42 101 3
57 115 3
8 66 3
30 87 3
89 90 3
36 94 3
43 101 3
106 107 3
50 108 0
51 108 0
51 109 3
53 111 3
54 111 3
5 63 3
65 66 3
66 67 3
9 68 3
10 68 3
11 68 3
14 72 3
15 73 3
16 73 3
25 83 3
25 84 3
27 84 3
27 85 3
28 85 3
28 86 3
33 91 3
37 94 3
98 99 3
42 99 3
47 104 3
51 110 3
52 110 3
52 111 3
0 58 3
1 58 3
1 59 3
2 60 3
3 61 3
4 61 3
4 63 3
6 64 3
11 69 3
11 70 3
12 70 3
13 71 3
17 75 3
18 76 3
19 77 3
20 78 3
21 78 3
22 80 3
23 82 3
24 82 3
24 83 3
84 85 3
29 86 3
90 91 3
42 100 3
104 105 3
107 108 3
54 112 3
55 113 1
59 60 3
60 61 3
63 64 3
64 65 3
68 69 3
13 70 3
13 72 3
15 72 3
16 75 3
75 76 3
76 77 3
20 77 3
21 80 3
23 80 3
86 87 3
35 93 3
36 93 3
38 94 3
99 100 3
100 101 3
44 101 3
109 110 3
112 113 1
55 114 1
56 114 3
83 84 3
44 103 3
110 111 3
111 112 3
113 114 3
58 59 3
70 71 3
71 72 3
73 74 3
16 74 3
77 78 3
21 79 3
85 86 3
30 89 3
93 94 3
67 68 3
69 70 3
72 73 3
74 75 3
78 79 3
79 80 3
82 83 3
108 109 1
80 82 3
92 93 2
57 114 3
96 98 1
94 96 0
94 153 0
44 159 3
103 159 3
114 115 3
91 92 2
101 159 3
61 63 3
96 153 3
61 120 3
63 120 3
107 165 3
96 155 3
98 155 0
89 147 3
106 165 3
80 139 3
82 139 3
109 167 0
110 167 0
152 153 3
103 161 3
108 165 3
60 118 3
61 118 3
82 141 3
85 144 3
86 144 3
87 145 3
30 147 3
93 151 0
94 152 0
159 161 3
108 167 3
59 118 3
64 121 3
83 141 3
87 144 3
87 147 3
91 148 3
99 157 3
110 168 0
111 169 3
113 171 3
114 171 3
115 173 3
63 121 3
67 126 3
68 126 3
77 136 3
78 136 3
84 142 3
90 148 3
100 157 3
101 157 3
167 168 0
110 169 3
58 116 3
59 117 3
61 119 3
64 122 3
65 123 3
66 124 3
66 125 3
67 125 3
83 142 3
85 142 3
96 154 3
154 155 3
98 156 0
157 159 3
104 163 3
105 163 3
106 164 3
112 170 1
113 170 3
116 117 3
117 118 3
118 119 3
119 120 3
120 121 3
122 123 3
123 124 3
69 129 3
70 129 3
75 134 3
76 134 3
147 148 3
92 150 3
93 152 0
155 156 3
98 157 3
106 163 3
164 165 3
169 170 1
114 172 3
121 122 3
125 126 3
71 129 3
71 131 3
72 131 3
74 134 3
76 136 3
79 136 3
141 142 3
144 145 3
157 158 3
163 164 3
108 166 3
171 172 3
115 172 3
124 125 3
69 126 3
73 131 3
139 141 3
93 150 0
151 152 3
166 167 3
168 169 1
170 171 3
172 173 3
142 144 3
145 147 3
92 148 1
104 161 3
165 166 3
153 154 3
156 157 1
150 151 3
158 159 3
126 129 3
134 136 3
159 218 3
161 218 3
129 131 3
73 134 3
79 139 3
145 204 3
147 204 3
150 208 3
161 219 3
161 220 3
104 220 3
153 211 3
219 220 3
154 211 3
126 184 3
126 186 3
129 186 3
129 187 3
73 190 3
79 195 3
139 196 3
141 198 3
92 207 2
163 220 3
125 184 3
126 185 3
131 187 3
131 188 3
134 190 3
134 191 3
134 192 3
136 192 3
136 193 3
136 194 3
136 195 3
79 196 3
139 197 3
139 198 3
141 199 3
142 199 3
142 200 3
142 201 3
144 201 3
144 202 3
147 205 3
150 207 3
186 187 3
187 188 3
190 191 3
191 192 3
192 193 3
195 196 3
148 207 3
193 194 3
194 195 3
196 197 3
198 199 3
199 200 3
201 202 3
145 203 3
204 205 3
156 214 3
158 218 3
164 222 3
164 223 3
165 223 3
119 178 3
120 178 3
121 179 3
131 190 3
197 198 3
200 201 3
157 216 3
158 216 3
163 222 3
166 223 3
167 225 0
169 227 0
170 227 0
122 179 3
185 186 3
203 204 3
148 205 3
152 210 3
154 212 3
155 213 3
157 215 0
222 223 3
168 225 3
173 231 3
116 174 3
117 175 3
118 176 3
119 177 3
120 179 3
122 180 3
123 181 3
124 182 3
125 183 3
184 185 3
148 206 3
151 209 3
153 210 3
155 212 3
156 213 3
156 215 3
163 221 3
221 222 3
168 226 3
169 226 0
171 230 3
172 230 3
172 231 3
174 175 3
175 176 3
176 177 3
180 181 3
181 182 3
182 183 3
206 207 3
207 208 3
150 209 3
152 209 3
211 212 3
212 213 3
215 216 1
166 225 0
225 226 3
177 178 3
178 179 3
145 202 3
226 227 2
230 231 3
183 184 3
188 246 3
205 206 3
220 221 3
166 224 0
179 180 3
210 211 3
170 228 0
170 230 3
208 209 3
209 210 3
213 214 3
223 224 0
224 225 3
228 230 1
218 219 3
227 228 0
202 203 3
214 215 3
158 275 3
216 275 3
218 275 3
188 190 3
208 266 3
209 266 3
225 284 3
226 284 3
190 246 3
198 256 3
230 287 0
231 289 0
230 289 0
197 254 3
228 287 3
213 270 3
198 200 3
201 259 3
202 259 3
212 270 3
186 244 3
213 271 3
220 278 3
223 281 3
182 241 3
183 241 3
185 244 3
191 249 3
211 327 3
214 271 3
218 276 3
219 277 3
220 277 3
224 281 1
227 284 2
186 245 3
187 245 3
190 249 3
192 249 3
203 261 3
206 265 3
207 265 3
209 268 3
210 268 3
210 327 3
219 276 3
221 280 3
222 280 3
174 232 3
175 232 3
175 234 3
176 234 3
192 250 3
195 253 3
208 265 3
214 272 3
214 273 3
215 273 3
275 276 3
224 282 3
193 250 3
196 253 3
204 261 3
206 264 3
211 270 3
271 272 3
281 282 0
224 283 3
225 283 3
227 285 3
230 288 0
175 233 3
179 237 3
180 238 3
181 239 3
182 240 3
183 242 3
184 242 3
249 250 3
194 253 3
216 274 3
223 280 3
228 285 3
228 286 3
287 288 3
232 233 3
233 234 3
178 237 3
237 238 3
238 239 3
239 240 3
240 241 3
185 243 3
204 320 3
205 320 3
205 263 3
265 266 3
266 267 3
270 327 3
270 271 3
215 274 1
277 278 3
285 286 3
288 289 3
242 243 3
243 244 3
188 245 3
206 263 3
221 278 3
221 279 3
280 281 3
282 283 3
283 284 3
177 235 3
178 235 3
244 245 3
245 246 3
190 305 3
190 306 3
193 309 3
194 309 3
194 252 3
196 254 3
200 258 3
261 320 3
264 265 3
209 267 3
272 273 3
274 275 3
284 285 3
177 234 3
252 253 3
253 254 3
198 254 3
256 258 3
201 258 3
263 264 3
273 274 1
278 279 3
279 280 3
241 242 3
246 305 3
305 306 3
249 306 3
250 309 3
252 309 3
254 256 3
258 259 3
202 261 3
276 277 3
286 287 3
234 235 3
263 320 3
267 268 3
306 307 3
268 327 3
274 332 0
254 313 3
235 237 3
249 307 3
256 313 3
273 332 3
283 342 3
284 342 3
258 315 3
238 296 3
256 315 3
267 325 3
268 325 3
235 294 3
237 294 3
237 296 3
253 312 3
254 312 3
268 326 3
275 334 3
202 318 3
261 318 3
325 326 3
270 328 3
276 334 3
265 322 3
327 328 3
279 338 1
285 342 3
239 297 3
264 322 3
270 329 3
271 329 3
280 338 1
238 297 3
246 304 3
250 308 3
261 319 3
263 321 3
265 323 3
266 323 3
279 337 3
285 344 3
240 298 3
241 298 3
241 300 3
242 300 3
243 300 3
243 301 3
245 304 3
249 308 3
252 310 3
253 311 3
256 314 3
318 319 3
320 321 3
272 329 3
272 330 3
273 330 3
277 334 3
281 338 1
282 340 3
282 341 3
283 341 3
286 345 3
287 345 3
288 345 3
288 346 3
289 347 3
297 298 3
300 301 3
304 305 3
309 310 3
310 311 3
311 312 3
312 313 3
313 314 3
314 315 3
258 316 3
319 320 3
263 322 3
328 329 3
329 330 3
273 331 3
337 338 3
281 340 0
341 342 3
286 344 3
289 346 3
241 299 3
244 301 3
244 302 3
245 303 3
259 316 3
331 332 3
277 335 3
342 343 3
285 343 3
346 347 3
296 297 3
298 299 3
301 302 3
244 303 3
308 309 3
259 318 3
322 323 3
267 383 3
326 327 3
330 331 3
332 391 1
334 335 3
345 346 3
303 304 3
266 383 3
274 391 3
278 337 3
340 341 3
343 344 3
294 296 3
299 300 3
315 316 3
321 322 3
323 383 3
275 391 3
300 357 3
278 335 3
299 357 3
302 303 3
307 308 3
334 391 3
344 345 3
325 383 3
232 290 3
232 234 3
234 290 3
327 385 3
234 349 3
316 375 3
259 375 3
290 349 3
318 375 3
328 385 3
234 351 3
235 351 3
294 351 3
278 394 2
337 396 0
338 396 0
338 397 0
281 397 0
335 394 3
337 394 1
340 397 3
341 399 3
349 351 3
294 352 3
340 399 3
351 352 3
326 384 3
396 397 3
294 353 3
320 378 3
321 378 3
325 384 3
328 386 3
397 398 3
340 398 3
346 404 3
347 404 3
290 348 3
348 349 3
352 353 3
323 381 3
323 382 3
385 386 0
398 399 3
342 399 3
294 354 3
296 354 3
307 365 3
313 371 3
319 378 3
321 379 3
382 383 3
353 354 3
305 363 3
306 365 3
308 366 3
309 367 3
310 367 3
312 371 3
314 372 3
315 372 3
318 376 3
319 376 3
378 379 3
322 379 3
329 386 3
330 388 3
334 392 3
342 400 3
344 403 3
345 403 3
297 354 3
297 355 2
304 363 3
303 363 3
307 366 3
308 367 3
310 369 3
311 369 3
311 370 3
312 370 3
371 372 3
375 376 3
319 377 3
322 380 3
323 380 3
381 382 3
331 388 3
335 393 3
399 400 3
343 400 3
402 403 3
345 404 3
354 355 3
298 355 2
377 378 3
383 384 3
327 384 3
391 392 3
334 393 3
347 405 3
298 356 2
306 363 3
376 377 3
403 404 3
404 405 3
355 356 3
365 366 3
366 367 3
299 356 2
369 370 3
370 371 3
383 441 3
384 385 3
392 393 3
344 402 3
380 381 3
329 388 3
332 388 3
397 455 3
356 357 3
367 369 3
315 373 3
379 380 3
393 394 3
398 455 3
343 402 3
316 373 3
381 440 3
382 440 3
383 442 3
386 388 3
332 448 1
394 396 0
357 416 3
300 416 3
372 373 3
441 442 3
388 448 1
391 448 3
369 426 3
349 408 3
388 446 1
351 408 3
301 419 3
388 445 1
446 448 3
348 406 3
349 406 3
349 407 3
302 419 3
367 426 3
400 459 3
343 459 3
406 407 3
300 419 3
363 365 3
375 432 3
351 409 3
416 419 3
316 432 3
381 439 3
439 440 3
386 445 1
447 448 3
394 453 3
404 462 3
405 462 3
408 409 3
352 409 3
303 419 3
303 478 3
403 462 2
407 408 3
352 410 3
353 410 3
353 412 3
354 412 3
418 419 3
419 478 3
303 421 3
373 432 3
378 436 3
384 442 1
446 447 3
396 453 1
402 459 3
353 411 3
371 429 3
379 436 3
397 454 3
409 410 3
410 411 3
411 412 3
421 478 3
370 429 3
379 437 3
382 441 3
396 454 3
402 518 0
403 518 0
403 461 3
461 462 3
355 412 2
373 431 3
431 432 3
380 437 3
385 443 3
454 455 3
459 518 0
355 413 2
356 413 2
356 414 2
357 415 3
416 417 3
363 423 3
365 423 3
366 424 3
369 427 3
386 444 1
392 448 3
392 450 3
455 514 3
398 514 3
399 458 3
400 458 3
412 413 3
413 414 3
357 414 3
363 421 3
365 424 3
367 425 3
370 427 3
372 429 3
375 433 3
376 434 3
376 435 3
377 435 3
444 445 3
445 446 3
393 450 3
398 457 3
399 457 3
405 463 3
414 415 3
415 416 3
417 419 3
424 425 3
432 433 3
433 434 3
434 435 3
440 441 3
384 443 1
448 450 3
462 463 3
425 426 3
378 435 3
436 437 3
442 443 3
385 444 3
457 514 3
458 459 3
421 423 3
373 429 3
426 427 3
457 458 3
417 418 3
423 424 3
380 439 3
450 508 3
394 451 3
453 454 0
435 436 3
443 444 3
445 503 3
448 508 3
393 451 3
394 510 3
453 510 3
444 503 3
380 496 1
461 518 2
437 496 1
439 496 1
450 451 3
451 510 3
462 520 3
373 488 2
429 488 3
415 474 3
416 474 3
444 502 3
519 520 3
431 488 2
436 494 3
502 503 3
451 509 3
462 519 0
417 474 3
370 486 2
429 486 3
435 494 3
445 504 3
446 504 3
450 509 3
453 511 3
455 513 3
408 466 3
411 469 3
413 471 3
477 478 3
425 484 3
426 484 3
442 500 3
447 504 3
447 505 3
448 505 3
448 507 3
510 511 3
454 513 3
461 519 2
409 466 3
410 468 3
410 469 3
419 477 3
423 481 3
431 489 2
443 500 3
503 504 3
507 508 3
513 514 3
462 521 3
463 521 3
414 472 3
427 485 3
439 497 3
443 501 3
509 510 3
415 473 3
421 481 3
424 482 3
425 482 3
425 483 3
433 491 1
434 491 1
434 493 2
435 493 2
436 495 3
437 495 3
439 498 3
440 498 3
441 499 3
444 501 3
454 511 1
457 515 3
457 516 3
458 516 3
459 516 3
412 469 3
412 470 3
473 474 3
417 475 3
424 481 3
483 484 3
426 485 3
432 489 2
432 491 1
495 496 1
441 498 3
499 500 3
500 501 3
508 509 3
515 516 3
407 466 3
469 470 3
418 475 3
418 476 3
421 479 3
481 482 3
482 483 3
427 486 3
501 502 3
505 507 3
520 521 3
409 467 3
468 469 3
418 477 3
479 481 3
494 495 3
496 497 0
513 571 1
518 519 3
414 473 3
475 476 3
476 477 3
478 479 3
485 486 3
488 489 3
493 494 3
406 464 3
413 470 3
472 473 3
474 475 3
484 485 3
432 490 2
497 498 3
459 517 2
410 467 3
470 471 3
471 472 3
486 488 3
489 490 3
504 505 3
516 517 3
517 518 3
407 464 3
466 467 3
467 468 3
434 550 2
498 499 3
454 571 1
514 515 3
464 466 3
490 491 3
491 550 3
493 550 3
464 523 3
466 523 3
511 571 3
488 544 3
486 544 3
505 564 3
510 568 3
507 564 3
511 570 1
570 571 0
517 574 3
511 569 3
514 572 2
515 572 2
519 577 3
481 538 3
495 554 1
510 569 3
513 572 2
520 577 2
482 538 3
515 573 2
515 574 2
516 574 2
470 527 3
479 538 3
494 552 2
496 554 3
504 562 3
505 563 3
509 568 3
572 573 3
520 578 1
466 524 3
469 527 3
479 536 3
493 552 3
499 557 3
502 560 3
503 562 3
505 562 3
508 567 3
509 567 3
569 570 1
523 524 3
467 524 3
490 548 3
495 553 2
498 557 3
500 557 3
500 558 3
501 558 3
501 560 3
503 561 3
521 578 1
464 522 0
467 525 3
468 526 3
469 526 3
470 528 3
471 529 3
472 529 3
472 530 3
473 530 3
478 536 3
536 538 3
488 546 3
489 547 3
489 548 3
493 551 3
494 553 2
501 559 3
562 563 3
563 564 3
573 574 3
517 575 3
577 578 1
522 523 1
467 526 3
527 528 3
528 529 3
529 530 3
477 536 3
486 543 3
544 546 3
546 547 3
547 548 3
491 548 2
551 552 3
552 553 3
553 554 3
557 558 3
559 560 3
503 560 3
507 565 3
567 568 3
518 575 3
521 579 3
475 533 3
477 535 3
482 540 1
483 540 1
484 540 1
485 540 1
485 543 1
543 544 3
550 551 3
560 561 3
564 565 3
508 565 3
508 566 3
574 575 3
518 577 3
524 525 3
525 526 3
526 527 3
474 533 3
475 534 3
476 534 3
477 534 3
535 536 3
538 539 1
482 539 1
491 549 2
561 562 3
566 567 3
568 569 3
544 545 3
545 546 3
549 550 3
497 554 1
558 559 3
518 576 3
578 579 0
474 532 3
534 535 3
539 540 3
540 543 3
548 549 3
576 577 3
530 531 3
473 531 3
474 531 3
532 533 3
497 557 3
571 572 0
575 576 3
533 534 3
531 532 3
540 599 3
565 566 3
529 587 3
530 587 3
536 595 1
531 587 3
538 595 1
543 599 3
497 612 2
497 555 3
554 612 2
497 614 2
557 614 2
536 594 1
555 612 3
555 614 3
535 594 1
594 595 3
569 627 3
578 637 3
579 637 1
528 587 3
535 593 1
568 627 3
576 635 1
577 635 1
527 586 3
528 586 3
532 534 3
586 587 3
593 594 3
538 596 1
539 596 3
539 598 3
559 617 2
561 620 3
562 620 3
572 630 1
575 633 1
595 596 3
539 597 3
551 608 3
557 615 2
563 621 3
566 624 3
567 624 3
573 631 3
578 636 3
526 584 3
527 584 3
540 598 3
543 600 3
550 608 3
551 610 3
552 610 3
553 612 3
614 615 3
562 621 3
571 630 3
574 631 3
574 632 3
575 632 2
576 633 1
522 580 1
523 580 3
525 584 3
584 586 3
534 591 1
534 592 1
534 593 1
596 597 3
599 600 3
549 608 3
553 611 3
558 615 2
558 616 2
560 618 3
561 618 3
561 619 3
565 624 3
567 625 3
570 627 0
631 632 3
632 633 1
577 636 1
532 591 1
592 593 3
598 599 3
544 602 3
552 611 3
616 617 3
559 618 3
620 621 3
565 623 3
568 625 3
571 629 3
636 637 3
525 583 3
591 592 3
545 602 3
549 607 3
611 612 3
618 619 3
619 620 3
564 623 3
624 625 3
572 631 3
524 582 3
583 584 3
548 607 3
607 608 3
629 630 3
523 582 3
525 582 3
546 604 3
610 611 3
615 616 3
623 624 3
570 629 0
635 636 3
523 581 3
582 583 3
532 590 1
545 604 3
547 604 3
608 610 3
612 614 3
617 618 3
564 621 3
580 581 3
581 582 3
531 589 1
531 590 1
590 591 3
570 686 3
630 631 0
587 589 1
597 598 3
545 661 3
547 663 3
547 664 3
548 664 3
627 685 3
629 686 1
580 638 3
589 590 3
602 661 3
604 661 3
607 664 3
614 672 3
568 685 3
581 638 3
587 645 1
543 602 3
604 663 3
663 664 3
608 667 3
612 672 3
621 623 3
610 667 3
627 686 1
589 645 3
586 645 1
615 672 3
612 671 3
671 672 3
576 692 1
586 644 1
623 680 3
635 692 3
586 643 1
644 645 3
600 659 3
543 659 3
621 679 2
633 692 3
584 643 1
615 673 3
621 680 3
643 644 3
602 659 3
672 673 3
632 691 1
633 691 3
600 658 3
608 666 3
611 669 3
624 683 3
625 683 3
658 659 3
607 666 3
610 669 3
620 678 2
621 678 2
631 689 3
630 688 2
635 693 3
636 693 3
583 643 1
589 704 3
599 658 3
607 665 3
666 667 3
616 673 3
619 677 3
624 682 3
629 688 2
630 689 2
632 689 3
645 704 0
590 649 3
591 649 3
593 651 3
594 651 3
595 653 2
664 665 3
610 668 3
612 670 3
679 680 3
623 682 3
682 683 3
688 689 3
632 690 3
692 693 3
590 648 3
592 649 3
592 651 3
596 653 3
596 654 3
597 654 3
598 655 3
665 666 3
667 668 3
668 669 3
669 670 3
568 683 3
689 690 3
690 691 1
636 695 3
582 643 1
589 647 3
590 647 3
648 649 3
597 655 3
670 671 3
619 678 3
686 687 0
629 687 3
691 692 3
637 695 3
594 652 2
595 652 2
616 675 3
617 675 3
618 677 3
677 678 3
678 679 3
683 741 2
685 686 1
687 688 3
582 638 3
582 640 3
647 704 3
647 648 3
652 653 3
653 654 3
618 675 3
693 695 3
638 640 3
640 643 1
641 643 1
642 643 1
651 652 3
618 734 2
654 655 3
659 661 3
675 734 3
685 741 3
649 651 3
599 655 3
677 734 3
638 697 3
641 642 3
685 742 2
685 744 2
686 744 0
640 697 3
651 709 2
655 658 3
659 718 3
661 718 3
680 682 3
655 715 3
658 715 3
661 663 3
673 731 3
673 675 3
652 709 3
655 714 3
651 708 2
714 715 3
672 731 3
640 641 3
703 704 3
708 709 3
663 720 3
645 703 3
649 708 3
661 720 3
673 732 3
741 742 3
643 701 3
693 751 3
695 751 3
642 701 1
644 701 3
663 721 3
731 732 3
678 736 3
692 751 3
695 752 3
695 753 3
664 721 3
669 727 3
670 728 3
671 729 3
672 729 3
672 730 3
680 739 3
682 739 3
692 750 3
751 752 3
752 753 3
644 703 3
720 721 3
664 722 3
666 724 3
668 727 3
730 731 3
675 732 3
677 736 3
685 743 2
750 751 3
638 696 0
648 707 3
649 707 3
653 711 3
654 712 3
655 713 3
721 722 3
665 724 3
668 725 3
671 728 3
729 730 3
680 738 3
687 745 3
688 746 3
696 697 1
707 708 3
652 710 3
652 711 3
655 712 3
713 714 3
658 716 3
659 716 3
667 725 3
727 728 3
682 741 3
742 743 3
743 744 3
689 746 3
691 749 3
710 711 3
712 713 3
661 719 3
665 723 3
667 724 3
668 726 3
728 729 3
678 737 3
679 737 3
679 738 3
682 740 3
686 745 2
687 746 3
690 748 3
690 749 1
711 712 3
718 719 3
719 720 3
722 723 3
723 724 3
726 727 3
745 746 3
692 749 3
642 700 1
724 725 3
725 726 3
675 733 3
677 735 3
739 740 3
740 741 3
748 749 1
749 750 3
700 701 3
709 710 3
715 716 3
659 717 3
732 733 3
734 735 3
735 736 3
736 737 3
640 699 1
641 699 1
641 700 1
716 717 3
733 734 3
689 748 3
717 718 3
647 706 3
648 706 3
744 745 3
697 699 1
706 707 3
737 738 3
704 706 3
746 748 3
699 700 3
701 703 3
748 805 3
746 805 3
704 763 3
706 763 3
728 787 3
729 787 3
701 759 0
703 759 2
738 739 3
739 797 3
740 799 3
741 799 3
745 805 3
704 762 3
713 772 3
714 772 3
733 792 3
734 792 3
742 799 3
750 808 3
697 755 1
762 763 3
706 765 3
707 765 3
711 769 3
712 769 3
713 771 3
715 774 3
716 774 3
735 792 3
699 755 3
700 759 0
771 772 3
715 772 3
718 776 3
719 776 3
735 794 3
736 794 3
749 808 3
752 810 3
699 757 3
703 762 2
717 776 3
727 786 3
728 786 3
730 788 3
731 789 3
732 790 3
732 791 3
733 791 3
737 794 3
794 795 3
737 795 3
740 797 3
742 800 3
751 810 3
696 754 3
697 754 0
700 757 3
708 765 3
708 766 3
710 768 3
712 770 3
717 775 3
719 777 3
721 779 3
721 780 3
722 780 3
724 782 3
725 783 3
726 784 3
727 784 3
727 785 3
786 787 3
731 788 3
731 790 3
792 793 3
735 793 3
740 798 3
799 800 3
748 807 3
749 807 3
751 808 3
751 809 3
752 811 3
753 811 3
699 756 3
709 766 3
709 768 3
768 769 3
769 770 3
713 770 3
774 775 3
775 776 3
720 777 3
723 781 3
723 782 3
724 783 3
784 785 3
729 788 3
788 789 3
738 795 3
738 797 3
743 801 3
744 801 3
808 809 3
754 755 1
755 756 3
756 757 3
706 764 3
765 766 3
770 771 3
723 780 3
782 783 3
726 783 3
785 786 3
790 791 3
793 794 3
743 800 3
745 804 3
763 764 3
720 779 3
779 780 3
789 790 3
791 792 3
797 798 3
804 805 3
809 810 3
757 759 3
715 773 3
776 777 3
781 782 3
783 784 3
738 796 3
798 799 3
744 860 3
744 803 3
745 803 3
810 811 3
759 762 3
764 765 3
772 773 3
773 774 3
787 788 3
795 796 3
800 801 3
803 804 3
805 807 3
807 808 3
796 797 3
801 860 3
803 860 3
777 779 3
759 818 3
762 818 3
780 781 3
759 817 3
817 818 3
759 815 3
757 815 2
759 816 3
808 866 2
809 866 2
766 824 3
766 825 3
709 825 2
777 836 3
779 836 3
762 819 3
765 824 3
768 825 3
782 840 3
807 864 3
815 816 3
818 819 3
777 835 3
804 862 3
810 867 2
780 839 3
781 839 3
781 840 3
784 842 3
805 862 3
809 867 2
810 868 3
835 836 3
780 838 3
783 841 3
785 842 3
797 855 3
803 861 3
811 868 3
824 825 3
779 838 3
838 839 3
784 841 3
798 855 3
799 857 3
801 859 3
804 861 3
805 864 3
807 865 3
807 866 3
756 815 2
763 821 3
768 826 3
771 829 3
772 829 3
773 831 3
775 834 3
776 834 3
792 850 3
793 850 3
795 853 3
796 855 3
798 857 3
800 857 3
800 859 3
864 865 3
754 812 1
816 817 3
762 821 3
764 821 3
825 826 3
769 827 3
770 828 3
772 830 3
773 830 3
774 831 3
774 832 3
776 835 3
779 837 3
839 840 3
782 841 3
787 845 3
788 846 3
789 847 3
790 849 3
791 849 3
791 850 3
793 851 3
794 851 3
794 852 3
805 863 3
865 866 3
811 869 3
755 812 0
764 823 3
765 823 3
826 827 3
827 828 3
771 828 3
829 830 3
775 832 3
775 833 3
834 835 3
837 838 3
840 841 3
845 846 3
788 847 3
790 848 3
850 851 3
851 852 3
852 853 3
800 858 3
863 864 3
867 868 3
828 829 3
831 832 3
832 833 3
836 837 3
785 844 3
786 844 3
786 845 3
846 847 3
847 848 3
848 849 3
849 850 3
796 854 3
857 858 3
868 869 3
755 813 1
756 813 1
830 831 3
833 834 3
841 842 3
853 854 3
854 855 3
859 860 3
812 813 0
785 843 3
858 859 3
860 861 3
862 863 3
866 867 3
842 843 3
843 844 3
844 845 3
815 873 3
819 878 3
762 878 3
821 823 3
861 862 3
813 815 0
816 873 3
821 878 3
823 824 3
798 915 3
857 915 3
813 873 0
819 877 3
821 880 3
823 880 3
818 877 3
821 879 3
813 872 0
879 880 3
823 881 3
824 881 3
835 893 3
849 907 3
872 873 3
880 881 3
835 894 3
836 894 3
841 899 3
864 922 3
865 922 3
817 876 3
818 876 3
833 892 3
834 892 3
834 893 3
893 894 3
840 899 3
850 907 3
855 913 3
798 913 3
873 874 3
816 874 3
824 882 3
825 882 3
848 907 3
913 915 3
861 920 3
862 920 3
817 874 3
876 877 3
877 878 3
830 888 3
892 893 3
857 916 3
858 916 3
860 917 3
860 919 3
861 919 3
817 875 3
878 879 3
881 882 3
829 888 3
839 897 3
842 899 3
846 904 3
847 906 3
848 906 3
907 908 3
850 908 3
851 909 3
852 909 3
854 913 3
859 916 3
859 917 3
865 923 3
866 923 3
812 870 1
813 871 0
875 876 3
825 883 3
826 884 3
827 885 3
828 886 3
829 887 3
831 889 3
832 889 3
832 890 3
833 890 3
837 895 3
837 896 3
838 896 3
840 897 3
843 899 1
845 903 3
847 904 3
863 922 3
868 926 2
869 926 2
870 871 3
871 872 3
874 875 3
882 883 3
883 884 3
884 885 3
885 886 3
886 887 3
830 889 3
895 896 3
839 896 3
844 903 3
903 904 3
851 908 3
853 911 3
854 911 3
915 916 3
867 925 3
869 927 2
890 892 3
836 895 3
863 920 3
867 923 2
925 926 3
926 927 3
887 888 3
888 889 3
899 900 3
852 911 3
914 915 3
916 917 3
919 920 3
863 921 3
921 922 3
896 897 3
897 899 3
843 900 1
843 901 1
908 909 3
913 914 3
920 921 3
922 923 3
889 890 3
894 895 3
844 901 3
906 907 3
923 925 3
917 919 3
847 963 3
906 963 3
890 949 3
909 911 3
911 913 3
892 949 3
901 903 3
904 963 3
900 901 3
911 968 3
892 950 3
893 951 3
897 956 3
899 956 3
901 960 3
903 960 3
909 968 3
877 935 3
892 951 3
915 973 3
876 935 3
899 958 1
900 958 3
907 965 3
913 971 3
914 973 3
904 962 3
906 965 3
916 974 3
917 976 3
919 976 3
872 930 3
894 952 3
901 959 3
903 962 3
919 978 3
920 978 3
871 930 3
873 931 3
886 944 3
887 944 3
890 948 3
894 951 3
895 952 3
896 954 3
901 958 2
959 960 3
916 973 3
921 980 3
922 980 3
923 983 3
925 983 3
874 931 3
885 944 3
888 946 3
889 946 3
889 948 3
897 954 3
911 971 3
923 980 3
899 957 3
906 964 3
908 967 3
973 974 3
917 975 3
920 979 3
921 979 3
870 928 3
874 932 3
875 933 3
876 934 3
879 938 3
880 938 3
881 939 3
882 940 3
883 941 3
884 941 3
885 943 3
887 945 3
887 946 3
889 947 3
949 950 3
950 951 3
895 953 3
957 958 2
903 961 3
964 965 3
908 966 3
909 967 3
911 970 3
914 971 3
916 975 3
927 985 3
871 928 3
930 931 3
932 933 3
875 934 3
879 937 3
938 939 3
939 940 3
940 941 3
943 944 3
944 945 3
945 946 3
946 947 3
948 949 3
956 957 3
958 959 2
960 961 3
907 966 3
967 968 3
975 976 3
978 979 3
923 982 3
926 983 3
926 985 3
933 934 3
878 935 3
878 937 3
937 938 3
952 953 3
896 953 3
962 963 3
963 964 3
970 971 3
974 975 3
979 980 3
982 983 3
951 952 3
961 962 3
966 967 3
911 969 3
935 937 3
884 943 3
968 969 3
971 1030 2
919 1035 3
978 1035 3
980 982 3
928 929 3
871 929 3
934 935 3
884 1000 3
947 948 3
953 954 3
965 966 3
929 930 3
931 932 3
943 1000 3
969 970 3
971 973 3
897 1013 3
941 1000 3
954 1013 3
956 1013 3
976 1035 3
985 1042 3
973 1030 0
926 1042 3
983 1042 3
956 1014 3
957 1014 3
971 1029 3
982 1039 3
949 1007 3
1013 1014 3
960 1018 3
1029 1030 2
980 1039 3
948 1006 3
949 1006 3
959 1017 1
959 1018 1
969 1027 3
970 1027 3
1006 1007 3
958 1016 1
958 1017 1
961 1018 3
968 1027 3
939 998 3
940 998 3
949 1008 3
950 1008 3
957 1016 3
929 988 3
930 988 3
934 993 3
935 993 3
937 994 3
937 995 3
938 995 3
944 1002 3
951 1009 3
952 1010 3
953 1010 3
954 1012 3
962 1021 3
963 1021 3
965 1024 3
966 1024 3
966 1025 3
967 1025 3
970 1029 3
973 1031 3
980 1038 3
935 994 3
941 998 3
943 1002 3
1012 1013 3
1017 1018 3
962 1020 3
974 1031 3
974 1032 3
974 1033 3
975 1033 3
975 1034 3
976 1034 3
978 1036 0
982 1040 3
983 1040 3
931 989 3
938 996 3
939 997 3
941 999 3
945 1004 3
946 1004 3
947 1005 3
948 1005 3
1007 1008 3
951 1010 3
953 1011 3
957 1015 3
1016 1017 3
961 1019 3
962 1019 3
964 1023 3
965 1023 3
979 1036 0
979 1038 3
928 986 3
928 987 3
929 987 3
932 989 3
932 990 3
933 991 3
934 992 3
994 995 3
939 996 3
997 998 3
945 1002 3
951 1008 3
954 1011 3
1015 1016 3
963 1022 3
964 1022 3
968 1025 3
968 1026 3
970 1028 3
1033 1034 3
979 1037 3
1038 1039 3
1039 1040 3
983 1041 3
985 1043 3
986 987 3
987 988 3
988 989 3
989 990 3
990 991 3
991 992 3
993 994 3
995 996 3
947 1004 3
1009 1010 3
1010 1011 3
1014 1015 3
1018 1019 3
1019 1020 3
1020 1021 3
1021 1022 3
1027 1028 3
1035 1036 2
1036 1037 1
1037 1038 3
1040 1041 3
1041 1042 3
1042 1043 3
992 993 3
1008 1009 3
1011 1012 3
1022 1023 3
1023 1024 3
1028 1029 3
1030 1031 1
1031 1032 3
1032 1033 3
1005 1006 3
1025 1026 3
998 999 3
999 1000 3
1004 1005 3
1026 1027 3
1034 1035 3
996 997 3
1024 1025 3
