0.029873 -0.0291864 10.0102
0.0205758 -0.0324302 10.1352
0.0396422 -0.0224924 9.18334
-0.0218956 -0.0157053 12.6872
-0.0388111 -0.00132818 13.249
-0.0290436 0.00457636 12.4507
-0.00422933 0.0171914 9.08501
0.00390515 0.0118126 8.0471
0.000329496 0.0123594 8.67046
-0.00110486 0.00537406 9.11608
0.00789326 -0.0161665 7.46681
-0.0123532 -0.0233299 12.3463
-0.0428223 -0.0489476 20.8435
0.0218151 0.0103155 15.9848
-0.081818 0.119562 46.2235
-0.0865625 0.101973 47.8791
-0.0524445 -0.0146761 20.8547
0.00641856 0.0726533 12.6075
0.00775995 0.0691458 12.0877
0.00687635 0.0688981 12.4387
-0.00961227 0.0800632 18.9996
0.0339276 0.0675862 -0.258436
-0.307449 -0.0396273 161.431
0.0688995 -0.0339583 -28.5865
0.0340476 -0.00151362 -10.8281
0.0285264 -0.0168621 -7.97473
0.0203865 0.0207695 -3.39727
-0.000149985 0.0381519 7.99625
0.0224622 0.0540353 -6.0465
0.00191371 0.0134681 7.1158
-0.000680693 0.00241544 8.95369
0.0174228 0.0159888 -3.53186
0.428611 0.0573122 -286.754
0.0265782 0.0313046 -1.28184
0.0387054 0.0300149 -10.3453
0.0411654 0.0233359 -12.3252
0.0862207 0.0116961 -47.4858
0.0771738 -0.0678222 -33.1375
0.0631647 -0.0781423 -20.776
0.050505 -0.107368 -9.06266
0.0233612 -0.107684 14.1823
0.00367481 -0.0520766 30.7257
0.0485464 0.0270934 -12.415
0.121719 0.0239069 -80.0657
0.105397 -0.0118507 -62.173
0.0593304 -0.0139938 -17.9752
0.0394044 -0.00445594 2.20259
0.0480996 -0.0115297 -7.05518
-0.00386104 -0.00397999 46.9706
-0.00159395 0.0131161 43.6497
0.0247017 0.0061215 15.5842
0.0729083 -0.0290357 -35.7243
-0.0140391 0.0155722 29.0657
0.0025874 0.018286 9.93889
0.00460238 0.0182299 7.6131
0.0737284 0.0211146 -59.5106
0.0754692 0.0126377 -61.5539
0.0855291 0.0123607 -73.7216
0.0222518 -0.0184872 10.0824
0.00367982 -0.0139818 10.3217
0.0256739 -0.0142481 9.88575
-0.0239016 -0.00958496 12.9955
-0.030807 -0.0115885 12.849
-0.0160303 -0.00473571 11.1146
-0.00847446 -0.00144223 10.1217
0.000641922 0.00441112 8.78286
0.00175129 -0.00193572 8.76796
0.00290346 -0.0024376 8.68778
-0.0116468 0.00460217 11.5627
-0.0332018 -0.00953018 17.2127
-0.0422892 -0.0266188 19.9479
0.087063 -0.0410988 -16.8024
-0.0517303 -0.0308116 22.7236
-0.0854029 -0.0103296 32.8038
-0.0255363 -0.0145522 12.4843
0.0115327 -0.0194245 -1.43003
0.0125765 0.00283 -1.62014
0.000717921 0.0092751 2.1993
-0.013369 0.113519 5.95614
0.00203416 0.0535456 -0.649039
0.0423131 0.0561821 -19.5484
0.0855564 -0.000422836 -37.8998
0.0354424 -0.00779365 -11.3231
0.0489082 0.00761076 -19.2514
0.0339571 0.00489253 -10.4736
-0.0173935 0.0176866 18.7753
-0.00963171 0.00875694 14.2359
-0.00107311 -0.000761349 9.17776
0.0084085 -0.00694825 3.14924
0.0483947 0.0151406 -24.3689
0.527061 0.101595 -356.846
-0.0100202 0.038455 25.5327
0.00227099 0.013155 17.1816
0.0536784 -0.00406019 -21.7173
0.0851147 0.0135709 -46.6089
0.0673634 0.0240661 -32.7946
0.0942679 -0.102026 -46.2804
0.0447582 -0.0951179 -4.96567
0.0409243 -0.120523 -1.31142
0.0289047 -0.0112179 6.55444
0.0942676 0.0260459 -55.0833
0.122184 -0.00121745 -79.7809
0.0541649 -0.0176403 -13.1069
0.0565449 -0.00374567 -16.1806
0.0623484 -0.0193282 -20.9257
0.0535308 -0.010741 -12.644
0.0302007 0.0346295 10.3183
0.00828226 0.0826702 30.9883
0.0560328 -0.0115932 -18.0428
0.0680069 -0.0349987 -30.2831
0.0151361 0.0017595 -4.03364
0.0104302 0.0032472 1.36583
0.00633248 0.0168395 5.63311
0.0758254 0.0175492 -62.0765
0.0774474 0.0189188 -64.0954
0.0823144 0.0148439 -69.7947
0.173626 -0.0440096 9.24207
0.0158579 -0.023409 10.5065
0.0139499 -0.0193475 10.7118
-0.0506197 -0.0156903 14.9234
-0.00900989 -0.00829733 10.3721
-0.013157 -0.0062864 10.6486
0.00740106 -0.0111893 8.3656
0.00397731 -0.00579864 8.58669
-0.00116352 0.000732804 8.97161
0.00379832 -0.000489637 8.12868
-0.00455425 -0.000827015 10.0425
-0.0290766 0.00583345 15.5021
-0.0409339 0.0148434 17.8464
-0.0515643 -0.000324144 21.5804
-0.0705901 -0.00227865 27.47
-0.0832215 -0.00869148 31.6737
-0.025297 -0.0151215 11.5668
0.037279 -0.00490626 -11.4061
0.0157942 -0.0441442 10.1577
-0.0121897 0.412152 -6.24346
0.0297506 0.59657 -34.828
0.0132572 0.411612 -16.4491
0.0203445 0.348158 -15.8835
0.0881086 -0.00108717 -38.6834
0.0356864 -0.0104851 -11.3667
0.0676052 -0.0184971 -28.6502
0.0260679 -0.0131817 -4.63461
-0.021684 -0.0134297 22.7223
-0.013113 -0.0108571 17.3145
-0.00750305 -0.0116828 13.7842
0.0180175 -0.00479623 -3.19107
0.0553798 0.00353604 -28.4021
0.118662 0.0425872 -67.6251
0.00974249 -0.0223269 14.257
0.00836499 -0.00931599 14.0654
0.0367892 0.00642209 -8.73518
0.088439 0.00851459 -48.9528
0.109862 -0.0104018 -64.4745
0.0894042 -0.0863995 -43.0862
0.0470838 -0.0751655 -7.85212
-0.0298255 -0.0792502 57.4564
0.0385331 0.0384346 -10.9611
0.0570394 0.041162 -27.7561
0.124352 0.0300594 -82.6214
0.0751498 0.0157699 -34.5772
0.060878 0.0271314 -21.7797
0.0577696 0.0141342 -18.3886
0.0772461 0.0178814 -38.0721
0.124071 0.100087 -91.9265
0.18203 0.154725 -156.642
0.0919173 0.0513664 -49.2295
0.105175 0.0911179 -66.5693
0.0992564 0.0810771 -59.617
-0.217802 0.494721 282.378
0.103476 0.0985623 -63.6471
0.0942747 0.121861 -54.5266
0.0791681 0.112533 -35.5041
0.0998082 0.170615 -64.6134
0.0111314 -0.0210081 10.2884
-0.000544778 -0.02248 10.6408
0.0361471 -0.0249923 9.18392
-0.0220738 -0.0112323 12.4955
-0.0111386 -0.00476511 10.2271
-0.00643568 -1.09484e-05 9.46742
0.0016969 0.00555141 8.13859
0.00112234 0.0069645 8.29416
0.00641842 -0.00146033 7.88966
0.00253804 -0.0121108 9.60952
-0.0203543 -0.0137859 14.5183
-0.0085846 -0.0121968 11.6781
-0.0356145 0.00581416 17.5795
-0.0570444 0.00750528 23.1635
-0.0963158 -0.019393 37.4344
-0.037616 -0.0243732 17.3996
0.00556144 -0.00560217 0.404042
0.0372899 -0.00788639 -11.2314
0.0144642 -0.0336684 0.0656452
0.0198471 -0.112839 4.41088
0.000462406 -0.14186 15.5416
0.0178359 -0.107709 4.56382
-0.1206 0.196918 53.9803
0.0438301 -0.0405754 -13.8674
0.0279435 -0.0293318 -6.11146
0.0427324 -0.0420455 -13.4306
0.0549417 -0.0553361 -18.8363
0.00961344 -0.0490758 6.50167
-0.00811239 -0.0221104 14.8407
0.010066 -0.013239 2.68764
0.0567504 0.0195779 -30.265
0.299707 -0.124649 -181.248
0.0654237 -0.0712567 -22.4852
0.0157711 -0.0570725 11.6458
0.0283382 -0.041978 0.896012
0.0698924 -0.00670596 -33.6392
0.118242 0.00607852 -72.284
0.0866455 0.00613026 -46.2533
0.0605829 0.00207262 -24.9632
0.0161756 0.00273179 12.702
-0.000205688 0.0216346 25.2937
0.0717599 0.0873605 -43.6959
0.0683093 0.0508548 -38.661
0.141804 0.256659 -120.605
0.10954 0.0505083 -69.9575
0.0755289 0.0709885 -39.0525
0.0544077 0.0835857 -19.1933
0.0769472 0.0478976 -39.5807
0.10178 0.0670651 -61.632
0.168971 0.1673 -141.536
0.101185 0.0931017 -61.274
0.110821 0.0846853 -70.7632
0.103966 0.0807492 -63.6782
0.133524 0.0984338 -99.3199
0.112635 0.0809775 -73.0641
0.0935555 0.0886938 -51.3499
0.10586 0.0828573 -65.6465
0.0759946 0.060481 -27.5073
0.00819198 -0.0194094 10.2945
0.00324398 -0.018317 10.2996
0.0317604 -0.00790473 8.02142
-0.0236297 0.00143569 11.108
-0.00446259 -0.00799454 9.61027
-1.86624e-05 -0.00637475 9.35777
-0.00308029 -0.0195712 11.0875
0.00188966 -0.0254617 10.8867
-0.00513547 -0.0299074 12.606
-0.0159695 -0.0317231 15.012
-0.0125655 -0.0320493 13.9235
0.0082747 -0.0269081 8.65024
-0.0135512 -0.0191348 13.7339
-0.0420048 -0.0157164 21.2974
-0.0899283 -0.0268791 36.2479
-0.0769189 -0.0138532 29.7356
-0.00836693 -0.00275172 5.51053
0.000673469 -0.0052176 2.5533
0.00331659 -0.00758769 1.76716
0.0175059 -0.0443031 -0.433288
0.00359084 -0.0558973 6.68132
0.0296583 -0.0447695 -6.59694
-0.00350199 0.0571346 -3.26406
0.0471852 -0.0571291 -14.4374
0.0495483 -0.0427252 -16.3846
0.0390092 -0.0411392 -11.3624
0.0262106 -0.059755 -2.76253
0.0375101 -0.0757557 -7.66207
0.021971 -0.0278336 -3.2941
0.0664454 0.0116784 -35.3156
0.0942759 0.0125075 -53.9693
0.167854 -0.0472471 -97.4582
0.136417 -0.0603153 -74.1244
0.0468543 -0.0605403 -10.4433
0.0428576 -0.0284395 -11.1457
0.070429 -0.00533016 -34.2751
0.115849 0.00376912 -70.384
0.10944 0.00847886 -65.1721
0.0761974 0.0325262 -40.5356
0.0324028 0.029606 -3.71198
0.0319576 0.036069 -4.23301
0.161336 0.166411 -129.752
0.208161 0.261641 -181.579
0.153526 0.123743 -117.654
0.120217 0.0868547 -82.8567
0.121532 0.0846344 -84.148
0.117758 0.094324 -81.3545
0.105484 0.0480205 -63.5816
0.123141 0.0428661 -81.7005
0.138511 0.0650508 -99.7217
0.106718 0.00679185 -59.55
0.0979187 0.0208326 -51.2288
0.110053 0.0556936 -68.7433
0.111154 0.0396084 -68.2933
0.0928984 0.024043 -45.6591
0.100484 0.0228226 -54.547
0.104798 0.0205099 -59.8272
0.10821 0.0328294 -64.8568
0.00969444 -0.0119171 9.30532
-0.000753118 -0.0170802 10.2137
0.0307862 0.00441395 6.47838
0.000994426 -0.0276712 13.1284
-0.0240918 -0.00797741 12.0102
-0.0128724 -0.0279376 13.1796
-0.0133579 -0.0372508 14.4159
-0.00332043 -0.0409673 13.2195
0.0020013 -0.03771 12.293
-0.0232523 -0.0405492 17.4095
-0.0104163 -0.0402236 14.5781
0.00667034 -0.0245285 8.75135
-0.0194552 -0.0262781 16.0938
-0.0643867 -0.0295291 28.8947
-0.101483 -0.0181357 37.8523
-0.0387216 -0.0112014 16.8045
-0.00285752 0.00567729 2.83865
-0.0132182 0.00819538 6.3643
-0.000942675 0.000140095 2.66308
0.00155933 -0.00252941 2.00783
-0.00476361 -0.00609256 5.20038
-0.00661325 -0.00403228 5.95308
0.028947 -0.0375417 -7.79476
0.0392759 -0.0372316 -13.0054
0.0374898 -0.0603461 -8.09128
0.0257748 -0.0742388 -0.444548
0.000595154 -0.0987019 15.8525
0.0556039 -0.0827881 -17.2371
0.0789853 -0.0922003 -30.1434
0.051254 -0.0192429 -22.1446
0.0577284 -0.0405832 -24.0487
0.111131 -0.0615106 -57.1448
0.0888802 -0.0543176 -40.8565
0.0608114 -0.0270476 -24.3916
0.0572563 -0.0130939 -23.3614
0.0761218 -0.0113701 -37.9381
0.138682 -0.0101922 -86.5718
0.10869 0.014594 -65.2215
0.108395 0.0288884 -66.8179
0.138357 0.0395076 -93.375
0.103968 0.00163317 -58.2865
0.109065 0.069333 -71.0912
0.107706 0.00143309 -61.033
0.0951487 0.0242489 -52.1558
0.109043 0.0618658 -69.5143
0.116975 0.0520896 -76.4723
0.11914 0.0407724 -77.0344
0.107816 0.0171415 -63.0548
0.11971 0.0191531 -75.7047
0.140895 0.0294026 -99.3006
0.116733 0.0256668 -72.5993
0.104765 0.0154569 -58.5404
0.0998317 0.0307242 -54.4575
0.102847 0.008049 -55.3888
0.0883341 0.0227309 -40.211
0.0891237 0.0166804 -40.6723
0.125779 0.0202638 -85.0789
0.124201 0.0267956 -83.7266
0.0138596 0.00505943 7.15242
0.00171689 8.98943e-05 7.50272
0.0621009 -0.0231899 8.23059
0.0127399 0.00226376 8.79773
-0.0462778 0.00156039 12.3746
-0.0241724 -0.0244116 13.5922
-0.017798 -0.0333375 14.1213
0.0110299 -0.0328752 9.62287
-0.000178997 -0.00816282 8.58382
-0.0389434 -0.00550498 14.6823
-0.000331393 -0.0418491 12.2632
0.00457731 -0.0370697 10.3465
-0.00836349 -0.00429626 9.54933
-0.0313327 0.00789965 14.1665
-0.0810663 -0.0203388 31.6682
-0.00407685 0.00501239 3.14432
0.0133675 0.0203931 -4.60803
-0.0163068 0.0228115 5.59035
-0.00601843 0.0189737 2.15591
0.0019787 0.00863832 0.392234
-0.000339274 0.00376498 2.01448
-0.00310251 0.00972179 2.5354
-0.00409701 -0.00917926 5.17361
0.0227596 -0.0181916 -7.3623
0.0467926 -0.0600824 -13.8842
0.069666 -0.0898355 -21.7442
0.035739 -0.0409528 -12.8907
0.0997013 -0.0767929 -45.1412
0.068087 -0.04331 -29.332
0.0617223 -0.0504679 -25.7917
0.0900767 -0.0621305 -43.3728
0.098066 -0.0389404 -51.4968
0.0754647 -0.0376534 -36.3075
0.110021 -0.0602962 -55.9076
0.0748186 -0.0177033 -35.7598
0.0760742 -0.00560794 -38.6188
0.115914 -0.0162087 -68.5066
0.128829 -0.014491 -77.7638
0.117733 0.0135225 -72.7833
0.135131 0.00483662 -85.9658
0.121247 -0.00753835 -72.3184
0.115779 0.00534787 -69.2832
0.107085 -0.0133073 -58.6908
0.102034 -0.00282235 -55.5173
0.108697 0.0016165 -62.293
0.116569 -0.00632062 -68.9448
0.12376 0.00423205 -77.286
0.115825 0.00464727 -69.4772
0.128746 0.00809913 -83.5801
0.126086 0.0116489 -80.8452
0.0941052 0.00729959 -45.5578
0.0938624 0.00232813 -44.6842
0.104369 0.00638851 -56.9924
0.106279 -0.00404748 -57.8815
0.105909 -0.00643722 -56.7349
0.0886097 0.0104903 -38.8083
0.125714 -0.00136815 -81.783
0.118745 -0.0176925 -70.9761
-0.0206396 0.0567535 0.000216154
-0.0306291 0.0920201 -5.47032
0.0595443 0.0300847 1.22546
-0.0318131 0.00949339 10.4789
-0.0396317 0.0297567 7.57781
-0.0301022 0.0390564 4.37389
-0.0142225 0.0727257 -3.44045
0.0188265 0.0563955 -5.57516
-0.0165301 0.0251362 6.11552
-0.0501799 0.0584616 7.10867
-0.020773 0.0636725 -0.124639
0.014344 0.055328 -6.5098
0.0127322 0.0418612 -4.19767
-0.0249684 0.0275936 9.08199
-0.0716344 0.0387263 20.4264
-0.0169371 0.11185 -9.25215
0.00638567 0.00901182 -0.766528
-0.00704068 0.0198974 2.86172
-0.0149197 0.0171252 5.89102
-0.00455479 0.00315405 3.96596
0.00583393 0.0156094 -2.39681
-0.021179 0.008624 11.6358
-0.00835577 0.0279942 1.64876
0.0206523 0.0385712 -14.6231
0.0124692 0.0377698 -9.86055
-0.0100706 -0.0268505 11.8796
0.00596005 -0.0266891 2.33778
0.0518471 -0.0556131 -19.9275
0.0793392 -0.0613299 -34.9468
0.0673515 -0.024225 -33.6071
0.0902837 0.00173115 -52.8292
0.102075 0.00597931 -60.899
0.105167 0.00779991 -63.5063
0.119078 -0.0117759 -70.1195
0.100274 -0.0216552 -54.5582
0.0905095 -0.0132516 -48.4244
0.108165 -0.0178771 -61.7129
0.143812 -0.00536276 -91.299
0.12857 -0.00912657 -78.1751
0.123317 -0.0210443 -71.8498
0.115321 -0.0269195 -64.0772
0.106874 -0.0221222 -57.1834
0.110197 -0.03122 -58.8968
0.112308 -0.0324625 -60.6063
0.10847 -0.0216495 -58.6826
0.117964 -0.0215046 -68.0128
0.125136 -0.0420429 -71.7017
0.130322 -0.0551063 -75.0189
0.12809 -0.0265824 -77.2633
0.121604 -0.0288224 -69.8981
0.106665 -0.0157124 -55.9185
0.0892153 -0.0241023 -34.9605
0.0970341 -0.0197771 -44.9854
0.102589 -0.0206297 -50.867
0.0936609 -0.0215601 -40.0113
0.0841788 -0.00515611 -31.4895
0.115076 -0.0306078 -64.6699
0.0954849 -0.0394874 -39.2409
-0.00468865 0.0970389 -7.01835
-0.0163644 0.101884 -7.63556
0.00230821 0.0859296 -5.27324
-0.000804771 0.0319443 5.15754
-0.0187469 0.071059 -0.774251
-0.00618844 0.142662 -16.2616
-0.0164695 0.135022 -13.2395
-0.0163984 0.121012 -10.7065
-0.0137452 0.0712421 -1.85225
0.00179299 0.183748 -25.5137
-0.00953599 0.191596 -24.8034
0.00609419 0.148907 -20.8061
-0.00993364 0.146103 -16.0924
-0.0406694 0.138639 -5.90341
-0.04436 0.126939 -2.82152
-0.030051 0.183377 -17.0614
-0.0213299 0.223543 -27.4225
-0.0270727 0.261414 -31.7138
-0.0175257 0.297809 -42.2875
-0.00788406 0.288818 -44.5586
-0.00532447 0.297839 -47.4054
-0.00233639 0.265188 -42.5726
-0.00954622 0.270208 -40.5108
-0.00902519 0.105786 -11.0096
0.00208361 0.0954012 -14.3835
-0.0212968 0.220987 -24.6041
-0.00620778 0.27467 -43.2166
0.0272858 0.289451 -65.725
0.0612013 0.197663 -69.2082
0.0812796 0.0062068 -47.3914
0.0993415 0.0115183 -60.129
0.112998 0.0273702 -72.0144
0.0966302 0.0154049 -58.9081
0.107092 0.00755893 -64.8208
0.105284 -0.00177501 -61.7161
0.0951871 -0.000725517 -54.1783
0.105295 -0.0179805 -59.1794
0.136868 -0.0189939 -83.3751
0.113831 -0.0360983 -61.3604
0.106856 -0.0390215 -54.961
0.114639 -0.0448431 -60.6642
0.111769 -0.0401938 -58.564
0.101494 -0.0447831 -48.6455
0.121814 -0.0574935 -65.2946
0.114845 -0.0556333 -58.9013
0.0997666 -0.0505928 -45.1404
0.113024 -0.0548519 -57.6693
0.12218 -0.0514866 -67.4442
0.132762 -0.0700513 -74.9433
0.135696 -0.0619002 -79.2439
0.120182 -0.0761815 -60.3844
0.105857 -0.0770086 -44.7859
0.0943489 -0.0755908 -32.1924
0.107438 -0.0550097 -51.2329
0.122313 -0.0537259 -68.4199
0.12153 -0.039793 -70.0999
0.0995175 -0.0248312 -46.4737
0.0789588 -0.0315393 -20.3617
0.0025474 0.12853 -12.8636
-0.00879644 0.121837 -11.9598
0.0201153 0.133315 -15.1826
0.0133825 0.367751 -63.3937
-0.000984995 0.351647 -58.7324
-0.00478697 0.235199 -34.0726
-0.0120067 0.352024 -56.8221
-0.0133128 0.369641 -60.1836
-0.014669 0.23353 -32.1638
-0.0103715 0.34994 -56.353
-0.0109011 0.259168 -36.6922
-0.00863886 0.262567 -38.1253
-0.00468201 0.252376 -37.1494
-0.00810422 0.239429 -33.74
-0.0243225 0.231417 -27.2097
-0.0214463 0.254734 -32.8672
-0.00641228 0.278227 -42.5531
-0.0206984 0.283108 -38.1498
-0.0207324 0.279468 -37.645
-0.00916635 0.296671 -45.8276
-0.0122542 0.300155 -45.0308
-0.00332937 0.284077 -45.7562
-0.0131194 0.284896 -41.3431
-0.010413 0.301951 -46.3872
0.00381217 0.307454 -55.2386
0.00975105 0.310352 -59.0705
0.0122191 0.315185 -61.6083
0.014046 0.327684 -65.2489
0.0147304 0.312468 -62.7489
0.0139583 0.334288 -66.523
0.0158222 0.322386 -65.3499
0.0247047 0.289915 -64.6979
0.0654219 0.0707798 -47.7623
0.0818465 0.0197493 -48.9957
0.112256 0.00919839 -68.9524
0.0926112 0.0251789 -57.2455
0.102241 0.0139162 -62.8711
0.125741 -0.00484049 -77.1559
0.103911 -0.0142226 -57.6128
0.110096 -0.0161741 -62.4873
0.104817 -0.0148458 -57.8968
0.117506 -0.0380529 -64.4283
0.0947686 -0.0339347 -44.7621
0.108525 -0.0313521 -58.2253
0.118837 -0.0416965 -65.8265
0.118243 -0.0425889 -65.1734
0.106732 -0.038173 -54.7069
0.126791 -0.0535149 -71.7345
0.103406 -0.0590134 -46.4881
0.115573 -0.0744885 -56.2547
0.110378 -0.0802425 -49.6777
0.114832 -0.0766238 -55.9467
0.105912 -0.0833189 -44.4379
0.138804 -0.0581884 -86.6803
0.132851 -0.0437598 -83.0723
0.116312 -0.034101 -65.2283
0.0812394 -0.0213902 -25.1085
0.059605 -0.0290452 2.77729
-0.00433328 0.215131 -25.3272
-0.0159046 0.204285 -22.4027
-0.00615616 0.229361 -28.756
-0.0149986 0.292684 -43.7862
-0.00519681 0.276088 -40.8613
-0.0146846 0.268216 -37.9231
-0.00998463 0.266836 -38.1843
-0.0041037 0.288723 -44.2887
-0.0196365 0.298064 -43.9048
-0.0157113 0.273141 -38.9252
-0.0181695 0.265933 -36.7546
-0.000635967 0.288522 -46.0916
0.00402324 0.290189 -47.8162
-0.00790641 0.284314 -42.9834
-0.0113054 0.284793 -42.3218
-0.0093167 0.308023 -48.035
-0.0113814 0.309119 -47.7667
-0.0142346 0.295914 -43.5669
-0.00638676 0.29179 -45.784
-0.00926086 0.291837 -44.4354
-0.00978636 0.28847 -43.3357
-0.0109444 0.296448 -44.9024
-0.00353617 0.312566 -51.9801
-0.00769809 0.320279 -51.655
0.00169034 0.333799 -59.3982
-0.000703708 0.323697 -55.9108
0.0121087 0.327111 -63.9323
-0.000994609 0.327362 -56.1769
0.000577095 0.330078 -57.7263
0.0140332 0.310978 -61.8729
0.00899414 0.30458 -57.0523
0.00938778 0.306422 -57.8618
0.000674119 0.331249 -57.577
0.0188435 0.327756 -69.8766
0.0480987 0.27243 -78.9646
0.0808086 0.0843895 -61.1562
0.103302 0.0586101 -73.6684
0.110973 0.0366302 -74.3752
0.102947 0.0129539 -62.7238
0.115326 0.00366053 -71.0618
0.0972584 -0.00250765 -53.7718
0.0982901 -0.0046658 -54.4031
0.0979834 -0.00592618 -53.7795
0.109004 -0.00393208 -64.3839
0.104709 -0.00111863 -60.9824
0.111296 -0.0136661 -64.5452
0.106241 -0.00928175 -60.5008
0.105258 -0.025535 -55.8085
0.108632 -0.0351912 -57.1012
0.106211 -0.0299582 -55.9703
0.104526 -0.0298557 -54.2189
0.104851 -0.0311957 -54.3367
0.125076 -0.0436697 -74.54
0.125868 -0.0397555 -76.4754
0.151387 -0.0432773 -105.672
0.141976 -0.0563706 -91.2235
0.0987019 -0.0533194 -39.1304
0.0624609 -0.0358017 0.717783
-0.015652 0.232982 -29.6607
-0.00674744 0.223641 -27.7748
-0.00913744 0.257584 -36.1187
0.000549886 0.288749 -44.7546
-0.0134886 0.281732 -41.7709
-0.0119989 0.272549 -39.6312
-0.000981941 0.284428 -43.8357
-0.00739738 0.290935 -44.354
-0.0133125 0.29849 -45.1641
-0.00841823 0.302227 -47.0072
-0.0140844 0.30095 -45.6193
-0.0031601 0.308201 -49.779
-0.00627709 0.297644 -46.4813
-0.013834 0.303853 -45.8835
-0.00516297 0.293341 -45.8665
-0.00791589 0.303179 -47.1424
-0.0142644 0.31582 -48.0237
-0.0232235 0.283102 -36.6246
-0.0129675 0.284851 -41.2101
-0.0016801 0.307049 -51.5477
-0.00334689 0.311512 -51.8373
0.00415766 0.330445 -59.9374
0.00828479 0.322851 -59.8301
0.00116043 0.337649 -59.9945
-0.00575762 0.330916 -54.7631
-0.00107646 0.332405 -57.7768
0.00842918 0.33076 -62.7805
0.00378031 0.329748 -59.6794
-0.000771624 0.332979 -57.9453
0.000324126 0.325972 -56.7801
0.0136733 0.308689 -61.2301
0.0180472 0.327352 -68.6925
0.010237 0.33769 -65.9269
0.00178858 0.339453 -60.4249
0.0132833 0.330249 -66.2797
0.00899477 0.36017 -70.6037
0.0148843 0.337263 -70.0329
0.0555885 0.173465 -62.3126
0.0684835 0.0845441 -51.1857
0.0943084 0.0245494 -58.1084
0.0924906 -0.00343952 -49.3315
0.102454 -0.00580294 -57.6568
0.100966 0.00956249 -60.0972
0.107331 0.00462924 -64.7335
0.104145 0.00703004 -62.268
0.105351 0.00140669 -62.1335
0.100906 -5.77805e-05 -57.3182
0.103304 0.00213718 -60.1909
0.107467 0.00492052 -65.2905
0.105726 -5.40637e-05 -62.1891
0.100906 0.0031558 -57.8611
0.0953694 0.000450437 -51.0557
0.107606 -0.0104087 -62.2963
0.12039 -0.00385832 -78.7331
0.131025 -0.0182619 -87.4725
0.132285 -0.02365 -87.3791
0.100769 -0.0319214 -47.2127
0.0734849 -0.0302417 -14.1281
0.00227491 0.267608 -38.7986
0.00781335 0.281667 -42.742
-0.00910016 0.300408 -46.9401
-0.00444556 0.299058 -46.8568
-0.00826893 0.309583 -49.5117
0.00942773 0.304477 -50.118
-0.00188023 0.304857 -48.7645
-0.00518907 0.304382 -48.1204
-0.0041605 0.301451 -47.5527
-0.00790341 0.298546 -46.0826
-0.0044996 0.304814 -48.4521
-0.00439025 0.307807 -49.3265
-0.0108705 0.304528 -46.6176
-0.0176948 0.305212 -44.5838
-0.0162176 0.279272 -38.27
-0.0244639 0.271616 -33.4735
-0.0123679 0.285271 -41.284
-0.00880166 0.303396 -47.7521
0.00531812 0.31891 -57.4457
0.00599771 0.329976 -60.5377
-0.00222079 0.32947 -56.826
-0.00212649 0.324182 -55.2482
0.00766362 0.331514 -61.9457
-0.00652446 0.315366 -50.2435
-0.00364139 0.325385 -54.5906
-0.00512812 0.327794 -54.2409
0.00535588 0.326107 -59.6626
-0.000471759 0.324024 -55.6306
-0.00137864 0.328177 -56.3219
-0.00777022 0.330359 -52.8309
0.000606677 0.323456 -56.5674
0.0209101 0.310348 -66.4504
0.0269942 0.318342 -72.3791
0.0168574 0.334372 -69.4617
0.0101866 0.342446 -66.9777
-0.00106518 0.342484 -58.351
-0.00250992 0.346192 -58.1946
-0.00801563 0.36218 -58.2107
-0.0115437 0.350189 -52.2627
-0.000287405 0.373336 -67.7974
0.0157186 0.313761 -65.5298
0.0282373 0.321449 -78.82
0.0673475 0.054194 -41.1721
0.0954932 0.0121923 -55.7043
0.110195 -0.000865574 -66.0664
0.102395 0.0151841 -62.891
0.103953 0.0113489 -63.3783
0.102075 0.00711797 -60.2499
0.100187 0.00302192 -57.0918
0.0984985 -0.000456119 -54.4152
0.101953 0.00408446 -59.3158
0.0988344 0.00132205 -55.0554
0.0946223 0.000187892 -50.1409
0.103496 0.00456487 -61.3403
0.13823 -0.00743949 -98.4771
0.114463 -0.00184487 -71.403
0.0952696 -0.0102283 -46.1199
0.105295 -0.00481594 -59.7453
0.00938215 0.292262 -45.7333
0.00487079 0.299143 -47.6534
0.0100919 0.307583 -50.1343
-0.00831265 0.304618 -48.1629
-0.00751803 0.315935 -51.5091
0.00177585 0.325051 -55.0632
-0.00154439 0.316838 -51.9955
-0.00865522 0.316056 -50.8171
-0.0138583 0.309579 -47.9233
-0.00755001 0.302817 -47.1501
-0.00248478 0.309458 -50.0914
-0.0125911 0.2932 -43.0277
-0.0242149 0.268891 -32.8834
-0.0193826 0.271394 -35.1731
-0.013727 0.293766 -43.5765
-0.0116039 0.299313 -45.7251
0.00447226 0.324257 -58.4489
0.00190539 0.329048 -58.8948
0.00915768 0.329453 -61.6714
0.00227059 0.323218 -57.0878
0.00131771 0.320924 -55.9393
0.00361403 0.319257 -56.7408
0.0091716 0.323453 -60.4559
-0.00782999 0.312555 -48.8705
-0.00644816 0.31177 -49.2264
0.00223522 0.314864 -54.8287
0.00605697 0.319812 -58.4173
0.00155966 0.319858 -55.6341
-0.0086247 0.322895 -50.2862
-0.00671309 0.32698 -52.7374
0.00339994 0.323593 -58.3273
0.0104061 0.308616 -58.8183
0.0328396 0.29472 -70.2653
0.0413881 0.287739 -74.2434
0.0289084 0.314201 -72.612
0.00565104 0.336171 -61.7613
-0.00784572 0.342378 -53.0858
0.00462892 0.348553 -64.9962
0.00305002 0.347709 -63.1737
0.00185875 0.341449 -60.2822
-0.000994798 0.353748 -61.7799
0.00268917 0.351994 -64.6126
0.00198089 0.357591 -65.791
0.0109338 0.34576 -70.658
0.0387156 0.27833 -77.2587
0.0821609 0.046952 -52.0839
0.0888021 0.0264541 -52.5778
0.101238 0.0135164 -61.2553
0.096757 0.0164943 -57.3816
0.0986188 0.00842007 -57.0118
0.102661 0.00919416 -61.4974
0.0969996 0.0102611 -55.6464
0.101948 0.00852833 -60.704
0.117268 0.0119201 -79.4041
0.123476 0.0177903 -88.1792
0.126637 -0.00164137 -85.7691
0.100676 0.0164127 -59.8006
0.0786837 0.0193534 -33.8069
0.0122773 0.316463 -52.9949
0.0143134 0.317392 -53.3417
0.0135064 0.30551 -49.5284
-0.00106208 0.321542 -53.7866
0.0108885 0.340697 -60.8162
-0.00950209 0.325929 -53.9078
-0.00982289 0.311091 -49.1776
-0.00689256 0.303444 -47.2862
-0.016497 0.279905 -38.1764
-0.0136887 0.273208 -36.7794
-0.0245162 0.267193 -32.4498
-0.018906 0.272615 -35.7224
-0.000455274 0.302 -49.9293
-0.0073297 0.304338 -48.6936
0.0027776 0.320205 -56.6007
0.00814675 0.330414 -61.5725
0.00906549 0.332812 -62.6309
0.00341725 0.324529 -57.9635
0.0039804 0.334329 -61.1667
-0.00304951 0.323049 -54.814
-0.00162677 0.322918 -55.3827
0.00210216 0.31839 -55.6658
0.00455299 0.321454 -57.7361
-0.00722749 0.312063 -49.0858
-0.00241558 0.315051 -52.4246
0.00328382 0.310199 -53.9715
0.0112654 0.318867 -61.1062
0.00823407 0.317427 -58.9525
-0.00762162 0.324115 -51.3614
-0.00629441 0.321656 -51.4355
-0.00273484 0.321828 -53.9076
-0.00505451 0.318337 -51.2203
0.011616 0.30384 -58.2424
0.0331767 0.298961 -72.0731
0.0531801 0.269257 -77.3023
0.0383753 0.297532 -74.9141
0.00864715 0.33463 -63.6393
0.000651374 0.340836 -59.2992
0.00270764 0.341479 -61.2331
0.00653623 0.335702 -62.6974
0.00357854 0.332504 -59.158
-0.00121569 0.351551 -60.8213
0.00396231 0.350524 -65.0407
0.00337313 0.346881 -63.5688
-0.00886115 0.355766 -54.9773
-0.00229875 0.352394 -60.3454
0.00273166 0.343316 -62.3748
0.0283984 0.295003 -73.3021
0.0834741 0.0525251 -54.4874
0.0857864 0.0208419 -47.052
0.111884 -0.000702917 -68.5219
0.101573 0.0205279 -63.8108
0.0954974 0.0152026 -55.3796
0.113328 0.0157349 -76.0818
0.140714 0.0104341 -106.257
0.129272 0.00764474 -91.8434
0.121308 0.0230767 -86.9572
0.106688 0.0280923 -70.7542
0.0101469 0.328754 -56.8628
0.00883955 0.32535 -55.6695
0.00556319 0.322407 -54.5261
0.00389239 0.316832 -52.2601
-0.00205848 0.305562 -47.9454
-0.0124581 0.291991 -42.5198
-0.0216785 0.287919 -39.8977
-0.0256111 0.253843 -27.9878
-0.0300942 0.259144 -29.1145
-0.00764124 0.28752 -43.383
-0.00662654 0.302344 -48.4265
0.00715006 0.318615 -57.2419
0.0062137 0.32128 -57.8117
0.00666001 0.327118 -59.9592
0.000587111 0.32581 -57.5858
0.00313083 0.32287 -57.3356
0.00663545 0.325458 -59.3825
0.0013707 0.327428 -58.1087
0.0029097 0.323566 -57.42
-0.00138552 0.321542 -55.0312
-0.00304684 0.322038 -54.4323
-0.00301768 0.317971 -53.1602
-0.000414978 0.321396 -55.5366
-0.000954491 0.323131 -55.8889
0.00344597 0.323963 -58.4181
0.0077656 0.315385 -58.0336
0.0119557 0.322414 -62.6926
0.0115649 0.326945 -64.0139
0.00752985 0.32346 -60.4908
-0.00717789 0.329576 -53.4188
-0.0056415 0.324197 -52.6821
-0.00709141 0.323788 -51.5473
0.0105404 0.313804 -60.4812
0.0111283 0.301176 -56.8974
0.037346 0.295545 -74.2814
0.0603093 0.266912 -82.0233
0.0295658 0.307892 -71.2528
0.000864345 0.338582 -58.6297
0.00172315 0.342616 -60.8713
-0.000387796 0.344993 -59.8845
0.00461905 0.333183 -60.2339
0.00427042 0.341258 -62.7005
0.0031464 0.334145 -59.2283
0.00999342 0.344945 -69.031
-0.00233841 0.361166 -62.9218
-0.00645607 0.355171 -56.9339
-0.0105349 0.351325 -51.7511
-0.00558199 0.348305 -55.7643
-0.00647986 0.361686 -59.299
0.0119392 0.330661 -68.4355
0.0313029 0.28551 -74.3526
0.0693008 0.0681026 -43.5773
0.0772149 0.0448559 -44.334
0.107815 0.00785599 -67.2706
0.142046 0.00413543 -105.547
0.118758 0.0138312 -81.1653
0.123848 0.0076384 -85.0489
0.11177 0.00243228 -68.6907
0.00505663 0.331308 -57.6232
-6.75295e-05 0.322661 -54.3559
0.000380059 0.318387 -52.9626
-0.0100034 0.310931 -49.5221
-0.0203499 0.287415 -40.115
-0.0420158 0.233884 -18.9671
-0.0348668 0.223874 -16.5221
-0.00677018 0.268113 -36.5523
-0.0102045 0.274036 -37.8938
-0.00645773 0.302553 -48.6041
0.0140071 0.308166 -55.0723
0.00821259 0.313909 -55.7037
0.0106116 0.325075 -60.2677
0.00167746 0.319068 -55.6068
0.00400078 0.316758 -55.459
0.00401819 0.32214 -57.2637
0.0023236 0.321041 -56.3494
0.000823179 0.322707 -56.3181
-0.00431521 0.321858 -54.0348
0.00295648 0.31409 -54.1993
-0.00682754 0.314079 -49.9842
-0.000964479 0.321119 -55.1775
-0.000641814 0.318483 -54.3418
-0.000947232 0.320906 -55.0554
0.00106967 0.326409 -58.0641
0.003874 0.324489 -58.8592
0.00956179 0.33279 -64.9308
0.00511227 0.328202 -60.6795
0.0043028 0.329894 -60.8057
-0.00439014 0.329904 -55.2435
-0.0121989 0.32496 -48.455
-0.00719568 0.323361 -51.267
0.0028119 0.314858 -55.3744
0.0061458 0.312449 -56.9636
0.0104335 0.315464 -61.0117
0.0325245 0.283681 -66.5946
0.0661482 0.254992 -82.411
0.0574908 0.28697 -86.4519
0.0243146 0.320525 -71.5951
-0.00188388 0.3418 -57.4368
-0.00205853 0.324163 -51.098
0.00688427 0.331999 -61.8281
0.00970647 0.336166 -65.9168
0.00992258 0.333965 -65.3904
0.0110675 0.337979 -67.8749
-0.00780791 0.344608 -51.8242
-0.00892286 0.354055 -54.1035
-0.00442198 0.358301 -60.2555
-0.00972281 0.355501 -53.6154
-0.00218349 0.350127 -59.9434
-0.00121673 0.346024 -59.5029
-0.00959805 0.342125 -48.8876
0.00179141 0.307571 -49.3547
0.0531738 0.215829 -76.088
0.0812414 0.116445 -72.9255
0.104985 0.0312185 -70.8371
0.0973525 0.000556029 -50.5087
0.092986 -0.010641 -41.2367
-4.92889e-05 0.331177 -57.5184
-0.00166091 0.321439 -53.8682
-0.00589952 0.31518 -51.3634
-0.0301944 0.292994 -41.7292
-0.0362237 0.250047 -25.5882
-0.0350668 0.184241 -2.10862
-0.0234903 0.233045 -21.1792
-0.0020051 0.256189 -32.8909
-0.00566681 0.281798 -41.3708
0.0115631 0.303489 -52.6382
0.00745607 0.317122 -56.5767
0.0122468 0.335426 -64.2583
0.00365175 0.327085 -59.0422
0.0115131 0.305312 -53.4732
0.00775378 0.311549 -54.6701
0.00461117 0.312856 -54.1671
0.00286154 0.312043 -53.3224
-0.00775021 0.297278 -43.9401
-0.00909228 0.288218 -40.0757
0.000533961 0.284983 -42.7695
0.00118007 0.28325 -42.4757
0.000164103 0.307327 -50.7639
0.000627665 0.29965 -48.164
0.00455323 0.308391 -53.3571
0.00290165 0.307927 -52.3755
0.00966616 0.312258 -57.634
0.00977366 0.313107 -57.9512
0.00211826 0.312983 -53.4147
0.00213618 0.317978 -55.1697
-0.00700397 0.301544 -43.43
-0.00635521 0.307081 -45.8709
-0.00902818 0.307456 -44.2915
-0.00515076 0.3067 -46.7379
0.00734159 0.316759 -59.1831
0.00653801 0.303906 -53.9391
0.020109 0.285388 -57.4901
0.0564362 0.262494 -77.4882
0.0666873 0.250416 -81.3753
0.0412936 0.293771 -76.206
-0.00612068 0.326967 -48.4752
-0.011528 0.302478 -34.9712
0.00409306 0.307047 -50.4539
0.016169 0.3063 -61.1548
0.0102148 0.324627 -62.2929
-0.000727176 0.316886 -48.9675
-0.0110572 0.303353 -33.9147
-0.000132603 0.3328 -55.436
-0.00296797 0.344113 -56.6011
-0.00764405 0.34941 -53.6945
-0.0090366 0.338663 -48.3309
0.000682079 0.312922 -49.7178
-0.00325782 0.342396 -55.8814
-0.0188706 0.324211 -32.0489
0.0200066 0.250289 -49.7086
0.0308808 0.21038 -48.0034
0.0683862 0.0796 -44.1979
0.0704765 0.011802 -21.7
0.088702 0.0104834 -43.435
