0 1 3
1 2 3
2 3 3
3 4 3
4 5 3
5 6 3
6 7 3
7 8 3
8 9 3
9 11 3
11 12 3
12 13 3
13 14 3
14 15 3
15 16 1
16 17 3
17 76 3
19 76 3
19 20 3
20 21 3
21 23 2
23 24 3
24 25 1
25 26 0
26 29 0
26 30 0
30 31 3
31 32 1
32 33 2
33 34 3
34 35 3
35 36 3
36 37 3
37 38 3
38 39 3
39 40 3
40 41 3
41 43 3
43 45 0
45 46 3
46 47 3
47 48 3
48 49 3
49 50 1
50 51 3
51 52 3
52 53 3
53 54 3
54 55 3
55 56 3
56 57 0
21 80 3
23 80 1
29 30 3
26 28 0
28 29 3
24 82 1
16 74 0
45 102 3
9 68 3
11 68 3
43 102 0
7 65 3
15 74 3
28 85 3
28 86 3
29 86 3
8 65 3
23 81 1
26 85 2
41 100 3
43 100 3
56 114 3
2 60 3
3 61 3
13 72 3
14 72 3
17 75 3
19 77 3
20 77 3
24 81 1
25 84 0
57 114 2
3 60 3
4 61 3
12 70 3
26 84 2
35 94 3
36 94 3
43 101 3
47 106 3
48 106 3
54 113 3
55 113 3
1 59 3
6 65 3
8 66 3
8 67 3
9 67 3
13 70 3
75 76 3
29 87 3
38 97 3
39 97 3
41 99 3
46 104 3
47 104 3
49 106 3
49 107 3
50 107 0
54 112 3
56 113 3
0 58 3
1 58 3
4 62 3
11 70 3
13 71 3
20 79 3
21 79 3
81 82 0
86 87 3
30 87 3
33 91 3
34 92 3
37 95 3
38 96 3
40 98 3
40 99 3
45 103 3
47 105 3
50 108 3
51 108 3
51 109 3
53 112 3
112 113 3
57 115 2
59 60 3
61 62 3
5 62 3
67 68 3
70 71 3
15 73 3
17 74 0
32 148 0
32 91 2
33 92 3
35 92 3
94 95 3
95 96 3
97 98 3
102 103 3
103 104 3
105 106 3
107 108 1
52 109 3
53 111 3
66 67 3
73 74 3
20 78 3
79 80 3
80 81 0
25 82 0
32 146 0
91 92 3
35 93 3
93 94 3
99 100 3
108 109 3
52 111 3
113 114 3
58 59 3
6 63 3
65 66 3
71 72 3
15 72 3
74 75 1
77 78 3
78 79 3
85 86 3
146 148 3
91 148 0
92 93 3
96 97 3
101 102 0
104 105 3
106 107 3
114 115 3
72 73 3
84 85 3
100 101 3
60 61 3
5 63 3
76 77 3
30 88 3
31 88 3
98 99 3
52 110 3
11 127 3
87 88 3
32 88 2
110 111 3
62 63 3
70 127 3
68 127 3
75 133 0
88 146 3
74 133 3
111 112 3
82 84 3
109 110 3
63 65 3
101 160 0
58 116 3
59 116 3
96 154 3
102 160 3
91 149 0
95 153 3
97 154 3
92 149 2
94 152 3
96 153 3
67 125 3
148 149 2
93 152 3
111 169 3
112 169 3
59 117 3
68 125 3
108 166 0
114 172 3
115 172 3
116 117 3
70 128 3
71 128 3
80 138 3
84 141 3
85 143 3
86 143 3
92 151 3
93 151 3
97 155 3
105 163 3
106 163 3
107 166 3
65 122 3
81 138 1
81 139 1
82 139 3
82 141 3
85 142 3
92 150 3
98 155 3
101 159 3
159 160 0
59 118 3
60 118 3
61 119 3
62 119 3
63 122 3
65 123 3
127 128 3
78 136 3
79 138 3
84 142 3
150 151 3
151 152 3
98 156 3
100 159 3
107 165 3
110 168 3
111 168 3
113 171 3
61 118 3
62 120 3
63 120 3
63 121 3
122 123 3
65 124 3
66 124 3
67 124 3
68 126 3
71 129 3
72 130 3
73 131 3
74 132 3
76 134 3
77 134 3
77 136 3
86 144 3
87 145 3
146 205 3
146 206 3
103 161 3
104 162 3
106 165 3
165 166 3
109 166 0
109 167 3
112 170 3
113 172 3
120 121 3
123 124 3
125 126 3
126 127 3
128 129 3
129 130 3
130 131 3
74 131 3
79 137 3
144 145 3
88 145 3
205 206 3
148 206 3
152 153 3
155 156 3
99 156 3
160 161 3
161 162 3
105 162 3
166 167 1
110 167 3
124 125 3
132 133 3
75 134 3
78 137 3
137 138 3
168 169 3
117 118 3
118 119 3
121 122 3
131 132 3
138 139 3
142 143 3
143 144 3
145 146 3
153 154 3
154 155 3
162 163 3
167 168 3
113 170 3
171 172 3
115 173 3
133 134 3
99 157 3
169 170 3
172 173 3
170 171 3
119 120 3
77 193 3
156 157 3
163 165 3
134 193 3
136 193 3
136 137 3
82 314 3
141 142 3
149 150 2
100 157 3
139 314 3
141 314 3
128 185 3
127 185 3
157 159 3
150 209 3
151 209 3
154 212 3
155 212 3
163 222 3
165 222 3
116 175 3
121 180 3
149 207 0
169 228 3
173 230 3
117 175 3
122 180 3
138 195 3
150 207 0
170 228 3
171 230 3
172 230 3
128 187 3
129 187 3
137 195 3
145 203 3
150 208 3
166 224 1
185 187 3
138 197 3
139 197 3
148 207 3
167 224 0
116 174 3
118 175 3
119 178 3
120 178 3
120 179 3
121 179 3
123 180 3
126 184 3
136 194 3
137 194 3
144 203 3
207 208 1
152 209 3
156 214 3
165 223 1
168 226 3
171 229 3
174 175 3
118 176 3
118 177 3
119 177 3
123 181 3
124 181 3
124 182 3
124 183 3
125 183 3
127 184 3
130 188 3
131 189 3
132 190 3
132 191 3
133 191 3
133 192 3
134 192 3
197 314 3
143 201 3
145 204 3
146 204 3
208 209 3
155 214 3
160 218 3
161 219 3
162 220 3
163 221 3
223 224 3
169 226 3
170 229 3
175 176 3
177 178 3
179 180 3
183 184 3
187 188 3
188 189 3
189 190 3
142 201 3
144 201 3
203 204 3
206 207 3
152 210 3
153 210 3
155 213 3
157 215 3
218 219 3
219 220 3
220 221 3
221 222 3
167 225 3
169 227 3
228 229 3
173 231 3
176 177 3
180 181 3
184 185 3
190 191 3
195 197 3
142 200 3
144 202 3
204 205 3
153 212 3
213 214 3
159 215 3
159 218 0
224 225 1
226 227 3
227 228 3
229 230 3
230 231 3
178 179 3
181 182 3
191 192 3
193 194 3
194 195 3
141 200 3
201 202 3
202 203 3
209 210 3
212 213 3
222 223 1
182 183 3
200 201 3
157 214 3
159 217 0
197 256 3
256 314 3
153 211 3
215 217 0
210 211 3
211 212 3
215 216 0
214 215 3
217 218 3
216 217 3
168 225 3
192 193 3
225 226 3
185 244 3
187 244 3
208 266 0
208 268 0
209 268 0
225 283 3
177 236 3
206 264 3
207 264 3
207 266 3
210 268 0
211 268 0
226 283 3
227 285 3
178 236 3
185 243 3
141 257 3
200 257 3
203 262 3
204 262 3
266 268 3
214 272 0
215 272 0
215 273 0
223 281 0
228 285 3
257 314 3
222 281 3
224 283 1
179 238 3
180 238 3
188 246 3
190 248 3
191 248 3
191 250 3
192 250 3
197 255 3
212 329 0
213 329 0
213 271 0
214 271 0
272 273 2
229 287 3
181 239 3
182 239 3
189 246 3
193 251 3
205 264 3
267 268 3
211 269 3
271 329 3
271 272 3
216 273 2
219 278 3
220 278 3
222 280 3
226 284 3
174 232 3
176 234 3
177 235 3
180 239 3
182 240 3
183 241 3
187 245 3
189 247 3
190 247 3
191 249 3
192 251 3
195 253 3
204 263 3
205 263 3
207 265 3
266 267 3
216 274 3
217 275 3
218 276 3
219 277 3
221 279 3
283 284 3
228 287 3
175 232 3
177 234 3
238 239 3
240 241 3
184 241 3
245 246 3
248 249 3
249 250 3
250 251 3
195 255 3
264 265 3
268 269 1
212 269 3
274 275 3
275 276 3
276 277 3
277 278 3
278 279 3
279 280 3
224 281 0
228 286 3
230 287 3
175 233 3
175 234 3
234 235 3
235 236 3
239 240 3
184 242 3
253 311 3
255 256 3
200 258 3
200 259 3
201 259 3
203 261 3
227 284 3
285 286 3
178 238 3
241 242 3
185 242 3
243 244 3
246 247 3
202 261 3
261 262 3
263 264 3
265 266 3
273 274 2
280 281 3
236 238 3
242 243 3
194 253 3
257 258 3
286 287 3
233 234 3
253 255 3
258 259 3
212 328 3
244 245 3
247 248 3
262 263 3
328 329 0
230 289 3
231 289 3
193 253 3
201 261 3
255 311 3
269 328 3
284 285 3
232 233 3
244 302 3
253 310 3
268 326 0
281 339 1
251 253 3
269 326 0
224 339 3
224 341 3
283 341 3
230 347 3
245 302 3
285 344 3
286 344 3
287 347 3
289 347 3
255 312 3
259 261 3
269 327 0
280 339 1
224 340 3
284 342 3
285 342 3
232 290 3
233 290 3
248 307 3
249 307 3
265 324 3
266 324 3
326 327 2
339 340 3
287 346 3
236 294 3
241 299 3
246 304 3
247 305 3
248 305 3
250 309 3
251 309 3
311 312 3
267 324 3
340 341 3
346 347 3
234 291 3
234 292 3
245 304 3
314 315 3
257 315 3
261 319 3
262 319 3
233 291 3
291 292 3
235 294 3
236 295 3
238 295 3
242 301 3
243 301 3
262 320 3
273 331 3
294 295 3
239 298 3
240 298 3
240 299 3
247 304 3
248 306 3
251 310 3
319 320 3
272 331 2
278 336 3
284 341 3
235 293 3
238 296 3
239 297 3
301 302 3
305 306 3
250 307 3
250 308 3
261 318 3
265 323 3
272 330 3
274 332 3
275 333 3
276 334 3
277 335 3
277 336 3
279 337 3
280 338 3
292 293 3
239 296 3
297 298 3
306 307 3
309 310 3
310 311 3
255 313 3
259 375 3
259 318 3
263 320 3
323 324 3
329 330 3
330 331 2
273 332 2
274 333 3
333 334 3
334 335 3
335 336 3
337 338 3
338 339 1
287 345 3
345 346 3
293 294 3
295 296 3
245 303 3
307 308 3
308 309 3
312 313 3
279 336 3
341 342 3
298 299 3
302 303 3
303 304 3
304 305 3
258 316 3
264 323 3
331 332 2
342 344 3
290 291 3
256 315 3
258 315 3
259 316 3
264 322 3
332 333 3
255 315 3
328 386 0
329 386 3
336 337 3
242 300 3
315 316 3
316 375 3
263 379 2
263 322 3
241 300 3
318 375 3
320 379 3
327 328 2
296 297 3
322 379 3
322 323 3
324 382 0
324 383 0
267 383 0
268 383 0
313 315 3
318 319 3
300 301 3
324 381 3
382 383 3
326 383 3
287 344 3
299 358 3
323 381 3
241 358 3
319 377 3
294 351 3
300 358 3
347 404 3
328 385 3
346 404 3
293 351 3
322 380 3
327 385 1
339 397 3
344 345 3
323 380 3
342 401 3
344 401 3
313 372 3
315 372 3
318 377 3
313 371 3
375 377 3
326 385 1
331 389 3
338 397 1
294 353 3
295 353 3
299 357 3
302 360 3
303 360 3
307 365 3
312 371 3
380 381 3
332 389 3
340 398 3
290 349 3
296 353 3
298 357 3
357 358 3
301 360 3
306 365 3
308 365 3
309 367 3
310 367 3
311 369 3
315 373 3
381 382 0
341 398 3
341 400 3
291 349 3
292 351 3
297 355 3
303 362 3
304 362 3
305 364 3
306 364 3
310 369 3
385 386 0
329 387 3
330 387 3
334 392 3
335 392 3
339 398 3
342 400 3
344 402 3
345 404 3
290 348 3
292 349 3
292 350 3
296 354 3
297 354 3
298 356 3
301 358 3
301 359 3
303 361 3
305 362 3
305 363 3
308 366 3
312 370 3
316 373 3
326 384 3
386 387 3
330 388 3
331 388 2
332 390 3
333 391 3
335 393 3
336 394 3
337 395 3
337 396 3
338 396 3
341 399 3
347 405 3
348 349 3
350 351 3
294 410 3
355 356 3
356 357 3
358 359 3
359 360 3
360 361 3
361 362 3
363 364 3
366 367 3
369 370 3
370 371 3
316 374 3
384 385 1
389 390 3
332 391 3
391 392 3
392 393 3
393 394 3
394 395 3
395 396 3
398 399 3
399 400 3
344 403 3
345 403 3
404 405 3
351 410 3
353 410 3
353 354 3
354 355 3
362 363 3
364 365 3
371 372 3
383 384 3
388 389 3
390 391 3
397 398 3
401 402 3
349 350 3
365 366 3
367 426 3
310 426 3
373 374 3
396 397 1
400 401 3
402 403 3
369 426 3
403 404 3
319 379 3
379 380 3
374 375 3
387 388 3
351 409 3
372 373 3
396 454 1
397 454 2
398 456 3
399 456 3
380 438 3
399 457 3
403 461 3
381 438 3
381 439 3
402 461 3
382 439 1
385 443 3
386 443 1
404 462 3
405 462 3
351 408 3
350 408 3
354 413 3
355 413 3
358 417 3
359 417 3
360 419 3
361 419 3
364 422 3
365 422 3
377 434 1
377 435 1
319 436 3
379 436 3
398 455 3
356 413 3
357 414 3
397 455 3
348 406 3
349 406 3
356 414 3
360 417 3
362 420 3
434 435 3
377 436 3
379 438 2
455 456 3
400 457 3
400 459 3
401 459 3
349 408 3
361 420 3
363 422 3
365 423 3
384 443 1
394 452 3
456 457 3
400 458 3
401 460 3
402 460 3
349 407 3
353 411 3
357 415 3
358 416 3
360 418 3
363 420 3
363 421 3
422 423 3
366 423 3
369 427 3
370 428 3
371 430 3
372 430 3
373 431 3
374 431 3
374 432 3
375 434 1
382 440 3
383 441 3
384 442 3
386 444 3
387 444 3
387 445 3
389 447 3
390 448 3
391 449 3
392 450 3
393 451 3
395 452 3
458 459 3
405 463 3
407 408 3
354 411 3
414 415 3
358 415 3
416 417 3
417 418 3
418 419 3
420 421 3
366 425 3
367 425 3
427 428 3
371 428 3
430 431 3
375 432 3
438 439 3
440 441 3
441 442 3
443 501 3
386 501 1
388 447 3
447 448 3
448 449 3
392 449 3
450 451 3
451 452 3
395 453 3
459 460 3
462 463 3
406 407 3
408 409 3
410 411 3
413 414 3
444 501 1
388 445 3
449 450 3
454 455 2
460 461 3
354 412 3
412 413 3
415 416 3
419 420 3
421 422 3
366 424 3
426 427 3
431 432 3
435 436 0
404 461 3
423 424 3
439 440 0
442 443 1
444 445 3
457 458 3
409 410 3
424 425 3
425 426 3
432 491 3
452 453 3
396 453 3
461 462 3
411 412 3
436 438 2
436 495 2
457 516 3
458 516 3
438 495 2
453 454 2
459 517 3
460 517 3
424 483 3
428 487 3
371 487 2
430 487 3
456 514 3
411 469 3
425 483 3
494 495 3
457 514 3
406 465 3
407 465 3
410 469 3
412 469 3
423 481 3
436 494 2
455 513 3
455 514 3
412 470 3
415 473 3
416 473 3
419 477 3
422 481 3
439 497 3
513 514 3
420 477 3
438 496 3
438 497 3
440 497 1
388 505 3
447 505 3
454 512 3
455 512 3
406 464 3
408 466 3
409 467 3
420 479 3
421 479 3
422 479 3
422 480 3
431 490 3
432 490 3
435 494 0
442 500 3
450 509 3
451 509 3
451 510 3
452 510 3
514 516 3
517 518 3
460 518 3
460 519 3
461 519 3
464 465 3
407 466 3
409 466 3
410 467 3
410 468 3
469 470 3
413 470 3
413 471 3
414 472 3
414 473 3
416 474 3
417 475 3
418 476 3
420 478 3
479 480 3
423 482 3
424 482 3
426 484 3
427 485 3
428 486 3
430 488 3
431 488 3
495 496 3
440 498 3
443 500 0
448 506 3
449 507 3
453 510 3
453 511 3
454 511 2
462 519 3
462 520 3
463 521 3
468 469 3
472 473 3
474 475 3
475 476 3
476 477 3
477 478 3
480 481 3
482 483 3
483 484 3
484 485 3
485 486 3
487 488 3
497 498 0
441 498 3
500 501 1
388 504 3
506 507 3
450 507 3
450 508 3
520 521 3
467 468 3
470 471 3
414 471 3
473 474 3
486 487 3
496 497 3
441 499 3
507 508 3
509 510 3
511 512 1
512 513 3
465 466 3
478 479 3
481 482 3
499 500 3
504 505 3
447 506 3
458 517 3
518 519 3
519 520 3
466 467 3
445 501 1
445 502 3
471 472 3
388 502 3
508 509 3
488 490 3
375 491 3
435 492 3
519 577 3
434 492 3
501 502 0
502 504 3
520 577 3
498 499 3
514 573 3
516 573 3
501 560 3
505 506 3
516 517 3
502 560 1
513 571 3
471 530 3
490 491 3
514 571 3
375 492 1
510 511 3
472 530 3
491 492 3
473 530 3
512 570 3
490 548 2
502 561 3
504 561 3
469 527 3
469 528 3
470 528 3
483 541 2
484 541 2
490 547 2
491 548 2
435 551 2
494 551 3
500 558 3
501 558 0
509 568 2
573 574 3
516 574 3
468 527 3
484 542 3
485 543 2
486 544 3
487 544 3
547 548 3
496 554 2
498 556 2
508 568 2
514 572 3
465 523 3
541 542 3
484 543 2
486 543 2
491 549 2
492 549 2
492 551 3
497 556 0
504 562 3
505 562 3
505 564 3
506 564 3
508 567 2
513 570 3
571 572 3
464 523 3
466 523 3
467 525 3
467 526 3
468 526 3
482 541 2
488 547 3
495 554 3
497 555 2
507 564 3
510 568 2
511 570 1
570 571 3
464 522 3
466 524 3
526 527 3
470 529 3
471 529 3
474 533 3
475 533 3
476 533 3
482 540 2
496 555 2
499 556 2
499 557 2
500 557 2
567 568 3
517 575 0
521 579 3
522 523 3
523 524 1
467 524 3
529 530 3
474 532 3
477 535 2
478 536 2
479 537 2
480 537 2
481 539 2
481 540 2
540 541 3
542 543 3
488 544 3
488 546 3
548 549 3
501 559 3
507 566 3
508 566 3
572 573 3
516 575 0
518 577 3
577 578 3
520 578 3
520 579 3
524 525 3
525 526 3
473 531 3
473 532 3
535 536 3
536 537 3
554 555 3
555 556 3
556 557 3
557 558 3
559 560 3
505 563 3
511 569 1
518 575 3
518 576 3
530 531 3
531 532 3
532 533 3
476 534 3
477 534 3
480 538 2
480 539 2
543 544 3
546 547 3
562 563 3
563 564 3
566 567 3
527 528 3
533 534 3
538 539 3
551 552 3
494 552 3
495 553 3
507 565 3
574 575 0
576 577 3
528 529 3
537 538 3
544 545 3
488 545 3
552 553 3
564 565 3
565 566 3
510 569 1
534 535 3
539 540 3
545 546 3
492 550 2
561 562 3
549 550 3
553 554 3
558 559 1
578 579 3
550 551 3
575 576 2
568 569 3
569 570 3
502 619 2
561 619 3
560 619 0
572 631 3
573 631 3
575 633 3
530 588 2
541 543 3
574 633 3
543 601 3
544 601 3
556 614 3
557 614 3
558 616 3
527 586 3
544 602 3
545 602 3
554 612 3
557 616 3
528 586 3
531 588 1
541 599 3
553 612 3
564 623 3
530 587 2
587 588 3
537 595 3
538 595 3
601 602 3
546 604 3
565 623 3
566 623 3
572 630 3
574 632 3
534 592 3
535 592 3
539 597 3
547 604 3
547 605 3
548 605 3
559 616 0
561 620 3
571 630 3
630 631 3
632 633 3
523 581 2
525 584 2
529 587 2
540 597 3
552 610 3
553 610 3
562 620 3
573 632 3
577 636 3
578 636 3
524 581 0
526 584 2
529 586 3
532 591 1
533 591 1
534 591 3
538 596 3
540 599 3
541 600 3
548 606 3
549 607 3
550 608 3
551 609 3
555 612 3
568 626 3
569 626 3
576 633 3
577 635 3
579 636 3
522 580 1
522 581 2
525 582 2
527 584 2
535 594 3
536 594 3
539 596 3
540 598 3
600 601 3
545 603 3
604 605 3
605 606 3
606 607 3
607 608 3
608 609 3
609 610 3
553 611 3
559 618 3
560 618 3
567 626 3
570 630 3
576 634 3
576 635 3
635 636 3
524 582 2
586 587 3
591 592 3
537 594 3
595 596 3
596 597 3
597 598 3
598 599 3
599 600 3
546 603 3
610 611 3
555 614 3
563 620 3
569 628 3
570 628 2
631 632 3
633 634 3
580 581 1
582 584 3
592 594 3
594 595 3
602 603 3
611 612 3
555 613 3
619 620 3
569 627 3
584 586 3
603 604 3
612 613 3
616 618 3
618 619 3
567 623 3
628 630 3
634 635 3
636 637 3
581 582 3
584 585 3
585 586 3
532 590 1
590 591 3
626 627 3
627 628 3
579 637 3
531 590 1
613 614 3
614 616 3
567 683 3
588 590 3
626 683 3
584 641 3
586 645 2
587 645 3
592 651 3
594 651 3
618 675 3
623 682 3
623 683 3
614 672 3
563 679 2
588 647 3
613 672 3
620 679 3
564 679 1
564 681 1
623 681 3
682 683 3
590 647 3
616 675 3
679 681 3
683 685 3
626 685 3
630 688 1
582 641 3
584 643 3
585 643 3
601 659 3
602 659 3
614 673 3
616 673 3
628 688 3
631 688 1
585 645 3
602 660 3
641 642 3
598 656 3
659 660 3
603 660 3
672 673 3
584 642 3
608 666 3
612 670 3
620 678 3
631 689 1
597 656 3
655 656 3
599 656 3
599 657 3
603 661 3
609 666 3
618 676 2
619 677 3
681 682 3
627 685 3
590 648 3
600 657 3
600 659 3
604 661 3
611 670 3
618 677 2
678 679 3
688 689 3
631 691 3
580 638 0
582 639 3
642 643 3
588 646 3
591 648 3
591 649 3
592 650 3
594 652 3
604 662 3
605 663 3
605 664 3
606 664 3
607 665 3
607 666 3
609 667 3
609 668 3
610 668 3
612 671 3
613 671 3
616 674 3
675 676 3
620 677 3
632 691 3
633 691 3
635 694 3
636 694 2
637 694 2
581 639 3
587 646 3
647 648 3
650 651 3
597 655 1
656 657 3
660 661 3
661 662 3
604 663 3
664 665 3
665 666 3
666 667 3
667 668 3
670 671 3
671 672 3
676 677 3
643 645 3
648 649 3
651 652 3
595 652 3
596 711 1
596 654 1
596 655 1
662 663 3
663 664 3
611 668 3
674 675 3
628 687 3
687 688 3
689 691 3
634 691 3
635 692 3
592 649 3
595 711 1
654 711 3
677 678 3
635 691 3
637 695 2
580 639 1
646 647 3
649 650 3
654 655 3
657 659 3
627 687 3
694 695 3
645 646 3
673 674 3
679 680 3
680 681 3
685 687 3
691 692 3
638 639 3
652 711 1
685 742 3
687 745 3
688 745 2
692 694 3
657 716 3
659 716 3
611 727 3
670 727 3
639 641 3
683 742 3
692 751 3
694 751 3
641 643 3
668 727 3
670 728 3
671 728 3
695 753 3
639 698 3
643 702 3
645 702 3
652 710 1
659 717 3
641 698 3
647 705 3
651 709 3
654 713 3
655 713 3
692 749 3
651 710 1
710 711 3
656 714 3
657 714 3
657 715 3
661 720 3
662 720 3
674 732 3
674 733 3
675 733 3
678 736 3
688 746 2
688 747 2
689 747 2
691 749 3
694 752 3
695 752 3
698 699 3
641 699 3
645 703 3
646 703 3
646 705 3
648 705 3
709 710 3
715 716 3
660 717 3
660 718 3
727 728 3
673 732 3
677 736 3
687 744 3
745 746 3
752 753 3
638 696 3
639 696 3
641 700 3
643 700 3
643 701 3
702 703 3
650 709 3
656 713 3
661 718 3
663 720 3
664 722 3
665 724 3
666 724 3
672 731 3
673 731 3
679 738 1
680 738 1
681 739 1
682 739 1
685 743 3
685 744 3
646 704 3
711 712 3
654 712 3
716 717 3
663 721 3
665 722 3
665 723 3
667 724 3
667 725 3
668 726 3
671 729 1
742 743 3
743 744 3
746 747 3
689 749 3
751 752 3
639 697 3
704 705 3
712 713 3
661 719 3
720 721 3
721 722 3
723 724 3
724 725 3
725 726 3
726 727 3
744 745 3
696 697 3
697 698 3
703 704 3
648 706 1
649 706 1
713 714 3
717 718 3
722 723 3
728 729 1
672 729 1
731 732 3
732 733 3
700 701 3
701 702 3
718 719 3
719 720 3
676 792 3
678 795 3
679 795 3
680 739 1
699 700 3
649 707 1
649 708 1
650 708 1
708 709 3
714 715 3
675 792 3
706 707 3
747 749 3
705 706 3
707 708 3
733 792 3
736 795 3
738 795 3
742 799 3
729 731 3
676 793 3
677 793 3
682 798 1
792 793 3
739 798 3
682 742 3
738 739 3
682 799 1
749 751 3
736 793 3
749 807 1
749 809 1
751 809 1
728 786 3
747 806 3
749 806 1
727 786 3
729 788 3
752 809 1
731 788 3
745 803 3
746 803 3
749 808 1
752 811 1
753 811 1
746 805 3
808 809 3
752 810 1
696 755 3
697 755 3
698 755 3
704 762 3
705 762 3
720 778 3
721 778 3
727 785 3
731 789 3
732 789 3
744 803 3
747 805 3
807 808 3
809 810 3
709 766 3
713 771 3
726 785 3
736 794 3
794 795 3
738 797 3
739 797 3
798 799 3
746 804 3
810 811 3
698 756 3
699 757 3
710 768 3
711 769 3
712 769 3
714 771 3
719 777 3
729 787 3
803 804 3
805 806 3
806 807 1
700 758 3
701 758 3
708 766 3
709 768 2
714 772 3
718 777 3
719 778 3
728 787 3
733 791 3
793 794 3
797 798 3
696 754 0
698 757 3
700 757 3
702 760 3
709 767 3
771 772 3
715 772 3
715 773 3
716 774 3
717 775 3
718 775 3
721 779 3
722 780 3
723 780 3
723 781 3
724 782 3
725 783 3
726 784 3
732 790 3
791 792 3
804 805 3
755 756 3
756 757 3
701 760 3
708 764 3
711 768 3
773 774 3
774 775 3
779 780 3
781 782 3
782 783 3
783 784 3
784 785 3
785 786 3
789 790 3
790 791 3
744 802 3
754 755 1
701 759 3
703 760 3
703 761 3
704 761 3
706 764 3
707 764 3
777 778 3
778 779 3
743 802 3
757 758 3
758 759 3
759 760 3
760 761 3
761 762 3
705 764 1
766 767 3
712 770 3
786 787 3
742 802 3
802 803 3
767 768 3
769 770 3
770 771 3
772 773 3
780 781 3
788 789 3
795 797 3
742 801 3
801 802 3
787 788 3
799 801 3
768 769 3
799 858 3
801 858 3
762 764 3
764 766 3
718 834 3
777 834 3
804 862 3
775 834 3
805 862 3
795 854 3
764 823 3
807 865 2
795 853 3
797 854 3
798 856 3
808 865 3
786 844 3
787 844 3
853 854 3
797 856 3
758 816 3
760 818 3
761 819 3
762 819 3
766 823 3
769 827 3
791 850 3
792 850 3
799 856 3
759 816 3
759 818 3
767 825 3
768 827 3
770 827 3
771 829 3
793 850 3
768 825 3
772 829 3
788 847 3
789 847 3
794 853 3
802 860 3
808 866 2
761 818 3
762 821 3
778 836 3
797 855 3
803 860 3
809 866 2
810 868 3
756 814 2
770 829 3
777 835 3
777 836 3
779 836 3
781 840 3
782 840 3
783 841 3
854 855 3
855 856 3
799 857 3
801 860 3
806 864 3
807 864 2
754 812 1
755 813 3
757 815 2
764 821 3
768 826 3
770 828 3
772 830 3
773 831 3
774 832 3
775 833 3
834 835 3
779 837 3
780 838 3
781 838 3
782 841 3
784 842 3
785 843 3
789 848 3
790 848 3
791 849 3
793 851 3
794 852 3
801 859 3
803 861 3
803 862 3
811 869 3
812 813 3
756 813 3
756 815 2
758 815 2
815 816 3
759 817 3
764 822 3
766 824 3
825 826 3
826 827 3
827 828 3
829 830 3
830 831 3
831 832 3
832 833 3
833 834 3
837 838 3
841 842 3
842 843 3
843 844 3
848 849 3
850 851 3
851 852 3
852 853 3
857 858 3
859 860 3
860 861 3
861 862 3
865 866 3
809 868 3
813 814 3
818 819 3
819 821 3
822 823 3
766 825 3
828 829 3
835 836 3
836 837 3
849 850 3
856 857 3
805 864 3
864 865 3
823 824 3
840 841 3
858 859 3
866 868 3
816 817 3
824 825 3
847 848 3
810 869 3
868 869 3
814 815 3
817 818 3
821 822 3
819 877 3
838 840 3
844 903 3
787 903 3
787 847 3
862 864 3
787 904 3
847 904 3
862 921 0
864 921 2
903 904 3
866 925 1
868 925 1
821 879 3
824 882 3
819 878 3
821 878 3
848 906 3
856 914 3
847 906 3
855 914 3
823 882 3
825 882 3
838 897 3
840 897 3
816 874 1
818 877 3
854 912 3
865 922 1
815 874 1
853 912 3
864 922 1
815 873 2
873 874 3
817 875 1
822 879 3
827 885 3
837 896 3
838 896 3
843 901 3
844 901 3
850 909 3
851 909 3
853 911 3
855 913 3
856 915 3
857 915 3
858 916 3
868 926 1
818 876 3
877 878 3
825 883 3
826 884 3
828 885 3
896 897 3
841 900 3
842 900 3
848 907 3
849 907 3
852 910 3
852 911 3
911 912 3
854 913 3
857 916 3
859 917 3
860 919 3
861 919 3
862 920 3
869 926 1
812 870 3
813 871 3
814 872 2
876 877 3
822 880 3
823 880 3
823 881 3
881 882 3
825 884 3
827 884 3
828 886 3
829 887 3
830 888 3
832 890 3
833 891 3
834 892 3
835 893 3
836 894 3
837 895 3
840 898 3
841 899 3
850 908 3
851 910 3
914 915 3
860 917 2
865 923 3
866 924 3
869 927 1
870 871 3
814 871 2
815 872 2
816 875 1
817 876 3
878 879 3
882 883 3
886 887 3
887 888 3
831 888 3
831 890 3
890 891 3
891 892 3
892 893 3
893 894 3
894 895 3
895 896 3
897 898 3
898 899 3
900 901 3
907 908 3
908 909 3
910 911 3
912 913 3
919 920 2
920 921 0
921 922 1
922 923 0
923 924 3
924 925 3
871 872 3
879 880 3
883 884 3
884 885 3
885 886 3
899 900 3
844 902 3
909 910 3
926 927 3
874 875 3
880 881 3
901 902 3
902 903 3
913 914 3
915 916 3
858 917 3
917 919 3
916 917 3
875 876 3
925 926 3
872 873 3
847 963 3
904 963 3
906 963 3
906 907 3
888 890 3
888 947 3
890 947 3
917 974 3
904 962 3
916 974 3
903 962 3
924 983 2
925 983 3
919 976 3
917 976 3
923 981 1
925 984 3
874 931 3
962 963 3
913 972 3
914 972 3
920 978 1
921 979 1
922 981 3
926 984 3
872 930 3
873 931 3
882 940 3
886 944 3
887 944 3
887 946 3
888 946 3
891 949 3
892 949 3
906 965 3
907 965 3
908 966 3
921 978 1
922 979 3
873 930 3
874 932 3
876 935 3
877 935 3
881 940 3
883 941 3
884 941 3
903 961 3
909 966 3
870 928 3
871 929 3
875 933 3
876 933 3
876 934 3
878 936 3
879 936 3
884 942 3
885 943 3
886 943 3
890 948 3
892 951 3
893 951 3
894 952 3
895 953 3
897 955 3
898 956 3
899 957 3
900 958 3
901 959 3
902 960 3
961 962 3
907 966 3
909 967 3
910 968 3
911 969 3
912 970 3
913 971 3
915 973 3
915 974 3
978 979 3
922 980 3
927 985 3
928 929 3
929 930 3
874 933 3
934 935 3
878 935 3
882 941 3
884 943 3
947 948 3
948 949 3
951 952 3
952 953 3
896 953 3
896 954 3
897 954 3
955 956 3
956 957 3
957 958 3
958 959 3
959 960 3
960 961 3
966 967 3
909 968 3
968 969 3
969 970 3
970 971 3
971 972 3
972 973 3
973 974 3
974 976 3
919 978 2
983 984 3
930 931 3
932 933 3
880 938 3
881 938 3
940 941 3
941 942 3
954 955 3
906 1022 3
967 968 3
979 980 3
980 981 3
924 981 1
926 985 3
931 932 3
879 938 3
943 944 3
953 954 3
963 1022 3
984 985 3
933 934 3
942 943 3
976 978 3
935 936 3
946 947 3
965 966 3
924 1041 2
983 1041 3
944 946 3
936 938 3
981 1041 3
938 940 3
949 951 3
965 1022 3
949 1008 3
951 1008 3
976 1035 3
978 1035 3
936 995 3
938 995 3
940 997 3
938 997 3
944 1003 3
946 1003 3
974 1033 3
976 1033 3
935 993 3
981 1040 3
1040 1041 3
936 993 3
936 994 3
994 995 3
961 1019 3
973 1032 3
974 1032 3
983 1042 3
984 1042 3
962 1019 3
976 1034 3
978 1036 3
979 1037 3
934 993 3
951 1009 3
965 1024 3
966 1024 3
967 1025 3
972 1031 3
973 1031 3
1033 1034 3
1034 1035 3
1035 1036 3
980 1037 3
933 992 3
934 992 3
942 1000 3
948 1007 3
949 1007 3
1008 1009 3
962 1020 3
963 1021 3
1021 1022 3
968 1025 3
972 1029 3
980 1038 3
933 991 3
992 993 3
938 996 3
940 998 3
941 999 3
942 999 3
943 1000 3
947 1005 3
948 1006 3
952 1011 3
953 1011 3
954 1013 3
955 1013 3
958 1017 3
959 1017 3
1019 1020 3
962 1021 3
965 1023 3
967 1024 3
971 1029 3
1037 1038 3
980 1039 3
981 1039 3
985 1042 3
928 986 3
929 987 3
930 988 3
931 989 3
932 990 3
932 991 3
991 992 3
995 996 3
997 998 3
998 999 3
944 1002 3
946 1005 3
1006 1007 3
952 1010 3
956 1014 3
960 1018 3
960 1019 3
1023 1024 3
968 1026 3
969 1027 3
970 1027 3
970 1028 3
979 1036 3
985 1043 3
986 987 3
987 988 3
988 989 3
931 990 3
990 991 3
996 997 3
1002 1003 3
946 1004 3
1005 1006 3
1009 1010 3
954 1011 3
1013 1014 3
957 1014 3
957 1016 3
958 1016 3
1017 1018 3
1018 1019 3
1020 1021 3
1022 1023 3
1025 1026 3
1026 1027 3
1027 1028 3
1028 1029 3
1032 1033 3
1036 1037 3
1038 1039 3
1042 1043 3
989 990 3
993 994 3
943 1001 3
944 1001 3
1003 1004 3
1004 1005 3
1031 1032 3
1041 1042 3
999 1000 3
1000 1001 3
1010 1011 3
1024 1025 3
1016 1017 3
1039 1040 3
1001 1002 3
1007 1008 3
1011 1013 3
1014 1016 3
