-0.0258746 0.0229447 14.5663
-0.0196322 0.0255423 14.3436
-0.0123326 0.0101102 14.3024
0.0140971 -0.000133872 12.3689
0.0112279 -0.000802216 12.4602
-0.0104068 0.00245053 14.9853
-0.0223656 -0.00122375 15.9656
-0.00754069 0.00130095 13.3264
-0.0135837 -0.0161606 14.4336
-0.0449486 0.021593 19.6597
0.00701023 -0.00840341 8.44383
-0.0374522 -0.0984388 34.9508
-0.0130463 -0.102208 28.484
-0.0476886 -0.0717638 37.8388
-0.0733401 -0.0356739 43.7539
-0.0475666 -0.025331 35.0254
-0.0592655 -0.00180586 38.1857
-0.0408878 -0.015713 31.5454
-0.0362774 -0.0265824 30.0717
-0.0176939 -0.0669356 23.5377
-0.0107639 -0.0568259 20.6951
-0.025401 -0.164349 28.2484
0.28694 -0.0462597 -124.788
0.0837493 -0.702306 -23.0852
-0.044312 -0.166778 41.3577
-0.000888858 -0.122168 16.9133
0.0237727 -0.0985906 2.47586
0.0592773 -0.0707947 -19.4676
0.0671449 -0.0381079 -23.7498
0.0411033 -0.0199642 -7.75634
0.0233702 0.00330004 3.46281
0.0321133 0.00363559 -2.413
0.0447811 -0.00902011 -11.2769
0.0519215 -0.0725247 -2.74182
0.0590228 -0.0778973 -7.70242
0.0866687 -0.0978622 -28.39
0.0550948 -0.0872171 -3.37244
0.00870074 -0.0993693 33.7048
-0.0174944 -0.144507 55.5592
-0.00234646 -0.181806 43.3019
-0.00500057 -0.195421 46.0595
-0.00980326 -0.182476 49.7377
0.0401077 0.0131135 -11.0653
0.0456312 -0.000882387 -15.6134
0.0616876 -0.0283772 -29.8528
0.0230188 0.0230715 5.79434
0.0415179 0.0217245 -12.2074
0.00116175 0.0179818 29.0492
-0.00573456 0.0228739 36.0175
0.0282025 -0.0617814 -23.0433
-0.0221562 -0.03554 30.0352
-0.0236877 -0.0286316 30.5692
0.063797 -0.00356417 -66.7651
0.062957 0.0136866 -65.3759
0.0342153 0.00857405 -31.9556
0.0250457 0.00424916 -21.0306
0.0397439 -0.0203202 -44.9688
0.0480856 -0.0226402 -54.5987
-0.0141467 0.00372632 14.902
-0.0215314 0.00626402 14.925
-0.0144862 0.0232221 14.0526
0.00527841 0.0142545 12.7973
0.00150306 0.00906844 13.5803
-0.00876929 -0.00499298 15.1079
-0.0202528 0.00986553 15.2579
-0.00728598 0.0171954 13.3311
-0.0186003 0.0121633 15.3666
-0.0533396 0.0155314 21.8689
-0.0159276 -0.0236902 14.4521
0.210787 -0.500081 -23.0841
0.100031 -0.467114 5.70292
-0.0264327 -0.059865 31.9288
4.85746e-05 0.00503172 6.89743
-0.0793752 -0.0268032 45.9103
-0.0611034 -0.0356223 39.9714
-0.0390353 -0.02188 30.9594
-0.0422976 -0.0441676 32.7525
-0.0328013 -0.0634039 29.8225
-0.00664704 -0.116741 20.2741
-0.0332966 -0.101456 31.3674
0.148092 -0.111681 -54.8696
-0.0669686 -0.153403 53.1173
-0.00492616 -0.12614 19.3947
0.0240997 -0.0889466 2.66197
0.0303148 -0.085803 -1.38684
0.0702924 -0.0755291 -25.3312
0.0770601 -0.0332794 -29.8692
0.0384763 -0.0155844 -6.26297
0.041272 -0.00965087 -7.95174
0.025339 -0.00785394 2.58189
0.0220337 0.000394906 4.56324
0.0149423 -0.00407341 9.77794
0.0638936 -0.0977222 -11.289
0.0754597 -0.108956 -19.4005
0.0388961 -0.0919276 9.46029
-0.0271036 -0.13181 63.3739
-0.000240402 -0.130131 40.3858
-0.0159983 -0.15656 54.6096
0.0015259 -0.138425 38.7057
0.048176 -0.052141 -4.10959
0.0358794 -0.0372777 4.95532
0.0439204 -0.0204676 -13.8566
0.0539485 -0.0632996 -22.0921
0.053318 -0.0265442 -21.9884
0.0191987 0.0122488 11.3138
0 0 -1
-0.0618455 0.0641255 92.9555
-0.000389046 -0.0108233 5.802
-0.0224908 -0.00561943 29.5989
-0.00612475 -0.00770242 11.421
0.0622544 -0.00373163 -65.3871
0.0925756 0.0126803 -99.2038
0.0337223 0.0126908 -30.8928
-0.0074469 0.0102565 17.5922
0.0399117 -0.0209475 -44.8453
-0.019004 -0.0372383 28.281
-0.0235897 0.0046255 14.7965
-0.00454149 0.00155621 14.5473
-0.01835 0.00778476 14.8942
-0.000978086 0.00665044 13.6438
-0.00270477 -0.00090455 14.2238
0.000106836 -0.00378699 13.7938
-0.0115429 -0.0112722 15.9236
-0.0143184 -0.0331605 16.9572
-0.0278018 -0.0347654 19.003
-0.0236306 -0.00770951 16.8805
-0.035055 -0.0124389 18.3373
-0.0304335 -0.0185278 17.6407
-0.0376103 -0.0335295 20.3271
-0.0225637 -0.00276625 14.0203
-0.00297753 0.00428243 7.77129
0.0214779 -0.00577571 0.713738
-0.0452098 -0.0648571 36.2587
-0.055961 -0.0454768 38.498
-0.0517357 -0.022535 35.8499
-0.0470047 -0.0419981 34.4888
-0.0351651 -0.0566042 29.5909
-0.0136643 -0.0526954 19.4222
0.045997 -0.0744981 -7.08959
-0.0231119 -0.125165 29.1613
0.0750045 0.17913 -36.0825
0.0346199 -0.117872 -2.03046
0.0393595 -0.100469 -6.11703
0.0123613 -0.118231 10.1374
0.111368 -0.0414899 -50.3356
0.0435587 -0.0166452 -9.22012
0.0409881 -0.0259039 -6.95639
0.0313151 -0.0345663 -0.693862
0.0364601 -0.018265 -4.63211
0.0199807 -0.0224643 7.30616
0.0108884 -0.0236709 14.1109
-0.026536 -0.0728833 44.6133
-0.00496561 -0.132017 30.5597
-0.0540215 -0.020181 62.5667
0.0104699 -0.11218 30.7187
0.0329306 -0.105905 11.1327
0.0361048 -0.0755308 6.67318
0.306789 -0.0602601 -235.873
0 0 -1
0 0 -1
0.0767004 -0.0356067 -45.0417
0 0 -1
0.049496 -0.00814907 -18.7189
0.00667415 0.0295152 -5.65689
0.0352314 -0.0117957 -31.8845
0.00262805 -0.00290512 2.17639
0 0 -1
0.0056972 0.0127572 -2.39512
0.0773655 -0.012508 -81.6049
0.0730984 0.00114912 -76.1107
0.0132457 0.000758053 -6.25784
-0.00898573 0.0106989 19.3875
-0.00820037 -0.0163976 14.2907
-0.0395666 -0.030365 53.0328
-0.000618241 0.00681187 14.8389
-0.0172371 0.0092064 15.1747
-0.0109118 0.00210614 14.9649
-0.0141888 0.00771295 14.8838
-0.0186838 -0.00164292 15.7591
-0.0297949 -0.0166682 18.4226
-0.0539066 -0.0374963 22.8569
-0.0207056 -0.0450886 18.0863
-0.0183492 -0.0392721 17.3956
-0.0263833 -0.0181669 17.0401
-0.0292473 -0.014426 17.3477
-0.0260646 -0.0132843 16.3769
-0.0269375 -0.00971992 16.0502
-0.0213146 0.00747229 13.1796
-0.00675698 -0.00738694 9.84156
0.0423484 -0.0531265 -2.98246
0.125649 -0.412841 -4.57041
0.128218 -0.400393 -7.33791
-0.0447976 -0.048797 34.2678
-0.0497386 -0.0345513 35.2931
-0.0397339 -0.0309351 30.5691
0.0100622 -0.045651 8.01027
0.0389976 -0.0336089 -6.33407
0.201742 -0.30487 -74.5757
0.037662 -0.0706484 -8.38322
0.0437055 -0.100207 -8.29153
0.0137195 -0.082708 6.98539
0.00454151 -0.0982789 13.5224
0.399992 -0.109476 -223.621
0.0421028 -0.012802 -8.5904
0.0395891 -0.0989274 -0.89669
0.0383818 -0.0378572 -4.50718
0.0198327 -0.0287729 7.91546
0.0100939 -0.0694879 17.7916
0.0121425 -0.0814725 17.2682
-0.00588085 -0.0830377 30.3207
-0.03675 -0.0297811 49.8473
-0.0300782 -0.00524538 42.2677
-0.0759977 0.00607 79.067
0.00062551 -0.069228 36.5611
0.0582024 -0.0342084 -16.2224
0.0427297 -0.00690867 -4.75467
0.0704871 -0.042034 -26.0385
0.0151833 0.122894 -18.1664
-0.00205471 0.0137504 5.01877
-0.035605 0.17687 25.3826
0.0274801 0.0619791 -29.0041
0.0246521 0.0123896 -23.7316
0.032676 0.0255326 -31.4966
0.00897618 0.0115886 -5.50823
0.000506798 0.00832817 3.76959
0.017728 0.0196341 -16.2596
0.0792425 0.0229527 -85.8919
0.0615964 0.0121223 -63.5846
0.0111911 0.00965114 -4.60306
-0.00569188 0.0138591 15.211
-0.0392371 0.0630854 51.6938
-0.0367703 -0.0298411 49.6049
-0.0117936 -0.0199332 17.3319
-0.0327047 -0.0380411 19.5587
-0.00121534 -0.0395359 17.4897
-0.0137584 -0.0259504 18.0844
-0.0441792 -0.0576534 22.9311
-0.0414386 -0.0970524 26.4419
-0.039055 -0.0511088 21.4954
-0.0150766 -0.0238193 15.0891
-0.00970047 -0.0248053 14.3633
-0.0235123 -0.0257001 17.1604
-0.0202518 -0.0230588 15.7804
-0.00654456 -0.0156913 11.5923
-0.032925 -0.013675 18.3369
-0.0271227 -0.0131292 16.6831
-0.0121027 -0.00586072 11.3629
-0.0168177 -0.00650519 13.018
-0.0641446 -0.0178425 30.157
-0.0396372 -0.0206661 21.4986
-0.00697268 0.0228135 4.77997
0.00245247 0.0139323 1.80352
-0.00263535 0.0105107 4.36965
0.00327841 0.00409458 2.30111
0.00542971 0.00497054 1.1821
0.00290141 0.00181094 1.13743
0.0498788 -0.0462402 -17.6292
0.054252 -0.149988 -4.01524
0.00955389 -0.0685786 8.39794
0.00148028 -0.0880789 14.6291
0.0137267 -0.0886632 7.02658
0.0793038 -0.034279 -38.9691
0.096453 -0.0851475 -44.5061
0.129725 -0.279599 -46.59
0.0149323 -0.0886919 16.4814
-0.0316247 -0.116261 51.3597
-0.0402037 -0.11985 58.1894
-0.0294632 -0.215423 59.5793
0.00843147 -0.22731 31.6
0.0232336 -0.0537837 3.71742
0.0303367 -0.017148 -5.93948
0.583088 0.119813 -484.175
0.0203012 -0.010974 15.1444
0.0162793 -0.033029 -5.13274
-0.0582942 -0.0910584 68.0344
0.0207951 -0.00242771 -17.0087
0.0439246 -0.0272152 -36.2931
0.051182 0.0220335 -48.1821
0.0353271 0.0383054 -34.4394
0.0225089 0.0378764 -21.6779
0.0174023 0.0147908 -14.6403
0.00510397 0.0164858 -1.8753
0.00999942 0.0151245 -7.1453
0.0459338 0.021346 -47.5817
0.0710836 0.0331542 -76.7987
0.0603217 0.0374533 -64.6254
0.0326089 0.00647367 -29.563
0.0127177 0.0040494 -6.0619
-0.00595978 0.0298722 14.094
-0.0387828 0.0373388 53.6566
-0.0326273 -0.023854 17.6659
-0.0289208 -0.00567703 14.9171
0.0119674 -0.00675253 12.4794
-0.0118279 -0.0261053 16.7553
-0.0563121 -0.040949 21.5451
-0.0259577 -0.0543657 19.0172
-0.00226327 -0.0529485 15.9813
0.0117243 -0.0253705 11.3136
-0.0226722 -0.0235566 16.8042
-0.0279291 -0.045851 20.2
-0.0193724 -0.0244847 15.6191
-0.0173694 -0.0081292 13.4802
-0.0137397 -0.0129707 13.2303
-0.0204263 -0.0104938 14.3486
-0.00991845 0.00561095 9.37087
-0.0330281 0.000278994 17.8864
-0.0556778 -0.00807143 26.3352
-0.0328067 0.000670199 16.9581
-0.00223216 0.00645305 4.70452
0.000684056 0.00794783 3.32252
-0.00810939 0.00172844 7.96103
-0.0145044 -0.00475923 11.3825
0.194347 -0.131734 -74.7975
-0.00245749 -0.0384068 9.24159
0.0301176 -0.0696293 -3.08268
0.0413733 -0.0225837 -15.8445
0.0297187 -0.0402919 -6.98611
0.0192848 -0.0496891 -0.655555
0.0274905 -0.0358991 -7.04429
0.0812395 -0.0334586 -40.1361
0.0772505 -0.0494471 -35.3037
0.0521531 -0.0713185 -16.404
0.0920785 -0.0424235 -47.8294
0.0406666 -0.114632 -1.29369
-0.109899 -0.117051 109.967
-0.0258232 -0.154657 48.551
0.0904084 -0.0961712 -47.9403
0.106308 -0.0555664 -63.9456
0.156103 -0.016397 -109.859
-0.231128 0.0398019 226.176
-0.00684641 0.000516203 38.1762
-0.0494495 -0.00763072 50.5049
-0.0252656 -0.0307748 29.7205
0.00117248 0.0102107 -0.106535
0.0370247 0.0120023 -34.6917
0.0550823 0.0282623 -53.2967
0.0449431 0.0264025 -43.1527
0.00842089 0.0218921 -5.81047
0.00606001 0.0178046 -3.06498
0.00152764 0.0157983 1.82315
0.0193155 0.0265006 -18.7273
0.040305 0.0501175 -44.7604
0.0619899 0.0404687 -67.2956
0.0533343 0.0381404 -56.9797
0.0144041 0.00392818 -7.88259
0.0166021 0.00243195 -10.6741
0.0149254 0.00226282 -8.48653
-0.000970195 0.0150942 9.36208
-0.0245692 -0.00507343 15.2611
-0.0285478 0.00192653 13.7946
-0.00902222 -0.000542389 13.2381
-0.0329193 -0.00465263 15.5222
-0.0745197 -0.0176977 20.5698
-0.0107521 -0.028329 13.747
0.033274 0.00160744 3.99605
0.0101788 -0.00937995 9.51143
-0.0320678 -0.0377677 19.8244
-0.00101344 -0.0174589 10.9713
0.000193841 -0.0149025 10.1788
-0.0264595 -0.015966 17.1237
-0.0261485 -0.0296704 18.5694
-0.00472654 -0.0176536 10.8942
-0.00468273 -0.00991228 9.80179
-0.0257354 -0.0260726 18.9819
-0.0439384 -0.0198605 23.7331
-0.0204703 -0.0102343 13.7035
4.94226e-06 -0.0111282 5.90267
0.00081848 -0.0118074 5.70582
-0.0103522 -0.0192937 11.6586
-0.0165764 -0.0152726 13.7158
-0.0173138 -0.010745 13.3716
-0.013327 -0.00791069 10.6925
0.0184607 -0.0349053 -1.81229
0.0388865 -0.0534099 -10.23
0.0511462 0.0468197 -29.8329
0.0189035 0.15782 -26.9563
0.0234436 0.032567 -13.8638
0.0779678 -0.0593728 -34.6482
0.0628222 -0.0686449 -23.8388
0.0746442 -0.0640723 -32.7983
0.0953946 -0.042137 -50.3435
0.120632 -0.0570085 -66.4397
0.0901927 0.0308692 -55.7813
0.0525552 -0.0141949 -36.0656
0.0330084 -0.0178565 -20.5299
0.0278651 -0.0175008 -16.4947
0.0304821 -0.0122903 -19.4581
0.0120128 0.0159502 19.7371
0.0132831 -0.000483528 20.908
-0.0180561 0.0102799 20.0644
-0.0181689 0.0439494 15.3314
-0.000416262 0.0615907 -3.81142
0.0192344 0.0587376 -22.402
0.0452214 0.0615058 -47.7282
0.0375049 0.058679 -40.0071
0.01898 0.0397106 -18.9483
-0.00309946 0.0490772 2.21797
0.0118008 0.0283279 -11.0211
0.0462552 0.0295013 -48.5591
0.0679912 0.0627934 -76.0584
0.0279437 0.0540479 -30.2322
0.0203403 0.0162472 -16.3828
-0.00454724 0.0212171 11.8342
0.00570872 0.00998016 1.23868
0.0153617 0.00392812 -9.48445
0.0156259 0.000859639 -9.24293
-0.0180507 -0.0202471 17.3068
-0.0239994 -0.000633999 14.1897
-0.0112633 -0.00328472 13.9227
-0.0172686 -0.012939 15.9006
-0.0994759 -0.0270559 24.7097
-0.0110761 -0.0148502 11.8901
0.0325734 0.00599791 2.75939
-0.077274 -0.0198455 24.6266
-0.0598174 -0.0248261 22.8801
-0.0113 -0.0034718 11.154
-0.00988666 -0.0149078 12.2921
-0.0256284 -0.0241927 17.7264
-0.0199158 -0.0290663 16.6314
-0.0019344 -0.0331849 12.453
-0.0161767 -0.0254238 15.7294
-0.0414631 -0.0399299 25.7004
-0.0223531 -0.0183369 15.522
-0.0114849 -0.00936285 9.93603
0.0038249 0.0108082 0.484026
4.79452e-05 0.00105195 3.96923
-0.0156603 -0.00414499 11.6148
-0.0239583 -0.0194332 17.6955
-0.0174015 -0.0129131 13.7679
-0.0159597 -0.0102371 12.3272
-0.0523431 0.0169144 26.5641
-0.00196468 -0.0280382 7.56264
0.554736 -0.0496627 -300.379
0.0107013 0.0392675 -2.85989
0.00347977 0.0231695 4.1293
0.0777555 -0.0572811 -35.9481
0.0801919 -0.0388043 -40.4488
0.0933545 -0.0195885 -52.4255
0.112483 -0.0101215 -66.9566
0.119669 -0.0144119 -71.3966
0.11428 -0.00490371 -68.8903
0.0347682 0.00273774 -24.8514
0.0288479 0.00241689 -20.1915
0.0312415 0.00265083 -22.2604
0.0253383 0.00808894 -17.9242
2.54741 -0.00506016 -2166.65
0.0209173 0.00220731 13.8057
0.00205286 0.00616585 2.64902
0.000591159 0.0169832 2.30604
0.00414876 0.0244269 -2.24444
0.0116721 0.0538737 -14.1965
0.0450946 0.0527025 -45.9984
0.0191372 0.0350104 -17.5296
0.00160903 0.0563809 -3.47184
-0.00769453 0.0582819 6.04873
-0.0123056 0.0649304 9.25484
0.0207684 0.0664938 -26.4631
0.0546842 0.0235607 -55.6341
0.0115845 0.00801768 -4.56422
0.00769568 0.0210178 -2.33279
0.00105315 0.00359615 8.30396
-0.00112294 0.00430255 10.7774
-0.0154208 -0.00873242 30.1832
-0.0103127 -0.0197794 25.7324
-0.023867 -0.0160289 16.407
-0.0175942 -0.00241926 13.9205
-0.00872162 -0.0062827 14.0622
-0.0181769 -0.0120051 15.8885
-0.0880464 -0.00113183 19.1397
-0.0174273 0.0074475 8.91253
0.0267814 0.005634 3.91857
-0.0285714 0.00750879 12.8811
-0.03198 -0.00323202 13.2913
0.0170799 0.000143746 4.51163
-0.00400892 0.01857 4.95472
-0.0346902 0.013929 12.8444
-0.0066252 -0.0155761 10.6017
-0.00363051 -0.0268182 11.8956
-0.00941129 0.0146462 5.78054
-0.00982125 0.0233041 3.84891
-0.0169098 0.0466109 2.1134
-0.0133838 0.070405 -3.44223
-0.00927933 0.0736861 -5.54199
-0.0248661 0.0671238 2.67235
-0.0491602 0.016324 22.5606
-0.0174764 -0.00513143 11.8587
0.00266657 0.00725163 0.367558
-0.00554082 0.0456654 -2.84124
-0.00159516 0.0318293 -2.76697
0.0182023 0.00325396 -8.89144
0.547046 -0.0280361 -299.907
-3.27318e-06 0.00658957 8.85117
0.00107511 0.0110248 7.39696
0.108912 0.0358382 -72.1464
0.0948217 0.0252464 -61.2204
0.0686555 0.059612 -49.8683
0.101013 0.0181823 -63.9521
0.121402 0.00271732 -75.8427
0.095331 0.0219838 -59.6897
0.0280743 0.0107313 -20.9907
0.0208927 0.000912882 -13.5986
0.0324873 0.00505504 -23.6515
0.0244451 0.00342799 -16.4751
0.0244451 0.00342799 -16.4751
0.00148405 0.00364928 30.4751
-0.00140575 -0.00297116 7.39267
0.0118117 -0.00061298 -5.06678
0.0133288 0.00814032 -8.11569
0.029032 0.021915 -25.3923
0.0308186 0.0134474 -25.5692
0.0165818 0.00419099 -9.73955
0.014304 0.0156772 -9.50977
-0.00649352 0.0341163 9.18553
0.0064461 0.0481796 -7.23856
0.0186808 0.0374662 -18.4679
0.0202195 0.010025 -15.0852
0.0122001 -0.0135631 -1.66563
0.0052253 -0.0138308 6.37813
-0.0046437 -0.020468 19.1509
-0.00821783 -0.0146726 22.3868
-0.0160184 -0.019633 32.8056
-0.0145392 -0.0149139 30.05
-0.0285746 0.0203197 9.27116
-0.0230383 0.016958 10.4947
-0.0193513 0.00179896 13.3279
-0.0175926 -0.0058594 14.6466
-0.064397 0.0255494 11.9609
-0.0125442 0.0617124 -2.94857
0.043233 0.0276571 -2.30314
0.0154625 0.0233654 2.61403
-0.0359458 0.0389804 6.94343
-0.0053992 0.0547525 -1.32206
-0.0275458 0.056975 2.681
-0.0701936 0.0711916 10.0494
-0.0360498 0.0292291 9.94523
-0.00677907 0.0067314 6.39296
-0.00933118 0.0809056 -7.42604
-0.00828452 0.114883 -14.6407
0.0206487 0.132119 -27.5285
0.0158821 0.112164 -21.516
-0.0110528 0.137751 -16.3546
0.00508413 0.179266 -31.9815
0.010311 0.372922 -74.0051
0.0161637 0.389962 -80.225
0.00741176 0.374094 -72.8097
-0.00187522 0.364965 -66.2559
0.00616036 0.350369 -67.3882
0.00354637 0.322523 -60.4146
0.0298589 0.305145 -71.5329
0.0268397 0.0171085 -9.54943
-0.00954578 0.0188555 12.1584
0.0330578 0.301087 -74.5174
0.0783062 0.136878 -70.7256
0.0577578 0.217599 -72.931
0.0597737 0.181039 -66.7218
0.0747789 0.216896 -83.9831
0.0185051 0.160326 -30.6204
-0.03855 0.345388 -27.0159
0.0226196 0.00329586 -15.4015
0.0227543 0.150654 -35.7056
0.0276749 0.0166465 -21.7584
0.0772236 -0.0678983 -34.4238
0.00949683 0.00496372 23.2937
-0.0140426 -0.00842761 19.8703
0.026782 -0.0215242 -14.6901
0.0125986 0.0115892 -8.24961
0.021848 -0.00606704 -13.302
0.0265793 -0.0109359 -16.8285
0.0244135 -0.0111801 -14.8138
0.0196432 0.00279281 -12.7464
0.0130507 0.0193516 -9.00291
0.0180491 0.0143262 -13.3465
0.0100085 0.0061165 -2.77299
0.00523378 0.00105843 3.45484
-0.0108089 -0.0151994 24.7304
-0.00547029 -0.0482247 25.4992
0.00203076 -0.0596714 19.0634
-0.00772965 -0.0386553 26.5003
-0.019335 -0.0403342 40.6535
-0.0392573 -0.000500916 56.6148
-0.0170568 0.0518833 2.77793
-0.0568507 0.00747597 14.0745
-0.0315832 -0.00557719 15.6821
-0.0129983 0.00528926 11.6949
-0.0162153 0.151163 -21.6686
0.0272622 0.197204 -36.4501
0.00323157 0.207299 -35.9262
-0.00759992 0.110509 -12.8725
0.00913105 0.0911553 -11.7125
-0.0120085 0.159974 -22.9113
-0.0154715 0.333818 -61.3847
0.022438 0.398145 -85.6254
0.037425 0.392711 -88.0183
0.0193629 0.426343 -90.8305
0.0311401 0.427338 -94.3583
0.00105526 0.405726 -79.2514
-0.00639649 0.343504 -62.7209
-0.0150591 0.398278 -70.9677
0.0194959 0.383605 -81.102
0.0311719 0.375269 -83.095
-0.00578773 0.352842 -61.2858
0.000469021 0.324866 -58.3236
-0.00932317 0.298477 -47.5302
-0.0100124 0.309405 -50.2761
-0.00109431 0.333889 -60.438
0.0103991 0.332479 -66.3676
-0.00256982 0.321053 -56.4934
-0.00334412 0.335437 -59.362
0.00377955 0.320947 -60.563
0.024618 0.302098 -69.5585
0.04811 0.30526 -85.1624
0.0478691 0.29639 -83.2933
0.0726173 0.251163 -90.4446
0.0814314 0.221112 -89.8559
0.0670327 0.224511 -80.0452
0.0178705 0.27032 -52.7422
-0.0379939 0.42424 -44.8527
-0.0692903 0.512482 -39.5505
0.0381456 0.107385 -23.8047
0.0406909 0.108824 -26.807
0.0121087 0.0536725 10.283
-0.0388294 0.0374989 58.9804
0.0554963 0.0779985 -46.7329
0.0591167 0.0898322 -52.9029
0.0746537 0.0832992 -66.3348
0.0244865 -0.0106723 -14.9941
0.0198786 -0.0110108 -10.586
0.0472751 0.00753432 -42.0108
-0.0188984 0.0248934 24.3309
-0.00941565 0.0145588 15.7902
-0.00270975 -0.0116826 14.7459
-0.0126784 -0.0132297 26.3133
-0.0209338 -0.0156173 36.1253
-0.0191987 -0.0610551 43.5665
0.0206608 -0.0475042 -5.7028
-0.00563886 -0.0244777 20.6676
-0.0035012 -0.0301965 19.0055
0.0108237 -0.00808508 -3.61494
-0.0367791 0.0955987 -7.23783
-0.0122495 0.0671764 -0.823729
-0.0105696 0.292116 -56.2328
-0.00719939 0.294659 -56.1749
0.00444449 0.339584 -68.1023
0.0135348 0.324884 -65.4754
0.0100298 0.35433 -72.1217
0.0325708 0.372047 -80.7155
0.0549953 0.36969 -84.0557
0.0266788 0.341536 -72.49
0.0191541 0.373888 -78.6181
0.0148678 0.353898 -72.9437
0.0346581 0.39748 -89.5991
0.0365793 0.4037 -90.8848
0.0186188 0.406909 -85.8076
-0.00506102 0.398284 -75.1842
-0.0766949 0.134778 21.5538
-0.0663549 0.214893 -2.75856
-0.0161477 0.331085 -52.8344
-0.024766 0.291656 -39.3263
-0.017846 0.282419 -40.0683
-0.0121948 0.287262 -43.9801
0.00152828 0.307044 -55.447
0.00713345 0.323728 -62.3311
0.00487632 0.327055 -62.1152
0.000268113 0.316022 -56.8344
0.00577871 0.320772 -61.175
-0.00296319 0.324237 -56.9784
0.0053861 0.328474 -63.2599
-0.00403513 0.321543 -55.7463
0.0253851 0.305732 -70.7975
0.0487424 0.306306 -85.74
0.0432947 0.315863 -84.5509
0.0476414 0.300447 -84.2442
0.0300332 0.299996 -71.1522
0.0533997 0.240498 -73.7506
0.0831186 0.238263 -95.9434
0.131465 0.103779 -100.191
0.0788325 0.143983 -67.0669
0.07901 0.184284 -76.9624
0.0340248 0.183255 -39.2021
-0.0141985 0.338601 -35.1721
-0.059902 0.296716 16.5997
-0.0549487 0.227114 27.739
-0.0645043 0.43172 -13.6034
0.0803036 0.247144 -102.319
0.0915803 0.235783 -110.346
0.060045 -0.255241 40.8473
-0.0586607 0.158591 65.2695
0.0436636 0.0616435 -28.9509
0.0468987 0.0224822 -22.594
0.049624 0.0598606 -35.2949
0.0305008 0.114351 -27.503
0.0288073 0.140546 -32.1953
0.0219606 -0.0379932 -9.40147
-0.0092737 -0.00853602 20.8827
-0.00982798 -0.0229033 24.9146
0.0450898 0.0225916 -53.2634
0.043948 0.360433 -75.5625
0.00828881 0.314453 -61.3527
0.00466212 0.339203 -67.9365
0.00633678 0.345904 -69.7918
-0.00242581 0.337428 -66.9357
0.0076719 0.32212 -63.6462
0.0136155 0.330264 -67.1291
0.00867891 0.361906 -74.6369
0.022352 0.355537 -75.1285
0.0258537 0.336518 -71.194
0.0306894 0.374141 -82.2759
0.0388538 0.403067 -91.652
0.0795908 0.456985 -117.136
0.0602912 0.428352 -103.659
0.0098725 0.363508 -70.6899
0.0188984 0.266426 -46.8671
-0.052947 0.195747 -2.95478
-0.0446101 0.223016 -13.6042
-0.0397236 0.24468 -21.2443
-0.0164637 0.286436 -42.0819
-0.00457301 0.305037 -52.1142
-0.00256964 0.316835 -55.9569
0.000677706 0.313371 -56.5799
0.00281992 0.310971 -56.9379
0.00541794 0.320762 -60.6063
-0.00439275 0.310625 -52.7066
0.00608427 0.320851 -61.3368
-0.0031628 0.324253 -56.9032
0.00156464 0.322873 -59.3449
0.00327127 0.32872 -62.2608
0.0360194 0.306828 -78.0516
0.0664181 0.281638 -91.7594
0.0567818 0.296396 -88.6667
0.0353412 0.318966 -79.5616
0.0281703 0.313838 -73.2636
0.0334015 0.279071 -68.0926
0.0503067 0.29146 -84.5982
0.0515602 0.230161 -68.7047
0.0830908 0.20539 -87.5611
0.0975486 0.143825 -82.4816
0.0855463 0.19018 -83.8929
0.0880407 0.10837 -62.342
0.0196235 0.116737 -2.50764
0.0288072 0.216005 -38.5527
0.0340309 0.238786 -49.6828
-0.0621069 0.272589 34.5178
0.00041516 0.259266 -25.408
0.0171288 0.223803 -32.3269
-0.00739703 0.152584 12.9704
0.0537237 0.122625 -44.3031
-0.00268651 0.594148 -116.339
-0.0254916 0.606567 -94.5393
0.0133584 0.160171 -20.2598
0.0226707 0.106155 -16.4295
0.0257058 0.163748 -34.7752
0.0485703 0.128275 -52.1884
0.054329 0.129318 -59.4146
0.0833596 0.136225 -96.9533
0.0361202 0.329949 -66.9137
0.0358779 0.313383 -62.0328
-0.000528455 0.295593 -55.4204
0.0042875 0.283784 -52.0347
0.0116111 0.340937 -69.5395
0.00937651 0.287068 -54.1316
0.0243363 0.375033 -80.8355
0.054309 0.46734 -111.017
0.0552054 0.582331 -144.563
0.0417154 0.643957 -161.289
0.0657929 0.706027 -184.358
0.0378005 0.473195 -110.335
0.0557785 0.414246 -97.882
-0.00890669 0.250707 -32.3168
-0.0332731 0.243349 -23.5815
-0.0161061 0.24348 -29.3511
-0.0153808 0.25818 -34.3938
-0.0144435 0.275159 -39.9561
0.000313159 0.308407 -55.1433
0.00718852 0.312015 -58.9697
0.00217071 0.322006 -59.5385
-5.65877e-07 0.322288 -58.513
0.00375848 0.31409 -57.9226
0.00363526 0.315879 -58.5039
0.00179468 0.311193 -56.3441
0.00972259 0.319743 -63.1249
0.0083544 0.318697 -62.1206
-0.000699902 0.326621 -59.2489
5.797e-05 0.318944 -57.4113
0.00387643 0.321129 -60.5103
0.011358 0.315888 -63.9009
0.026962 0.304655 -71.464
0.0825682 0.265362 -98.3939
0.0648088 0.294519 -93.8369
0.026337 0.32803 -75.5489
0.0264924 0.32519 -75.0329
0.0278845 0.333542 -78.6568
0.0509849 0.31069 -90.7966
0.0389619 0.293055 -76.146
0.0589676 0.291395 -92.4091
0.0869165 0.168265 -80.2311
0.10129 0.133046 -82.5724
0.0900976 0.153929 -77.8964
0.0634268 0.179555 -60.1746
0.073851 0.228554 -84.0322
0.0867141 0.233621 -98.5492
0.0760348 0.161085 -65.7846
0.0824285 0.139528 -66.0067
0.0608784 0.122413 -39.0969
0.0630301 0.144465 -48.0952
-0.223746 0.284804 215.941
-0.0825776 0.379743 33.3366
0.00269618 0.366224 -57.929
0.0270779 0.350657 -81.7418
0.0543658 -0.195997 53.9359
0.0232996 0.157303 -17.0233
0.035622 0.15928 -32.8229
0.0811662 0.134054 -80.8711
0.0170315 0.30634 -59.6243
0.00392544 0.280313 -51.3506
0.0112729 0.280302 -51.5795
0.0251197 0.314994 -62.88
0.0606235 0.439691 -104.37
0.0682792 0.484158 -118.672
0.105865 0.567213 -149.454
0.0134161 0.420705 -88.6172
0.0283158 0.317923 -58.3658
-0.0230218 0.277287 -35.7141
-0.0235411 0.248128 -26.714
-0.0433086 0.202683 -7.89667
-0.0509224 0.200791 -5.38643
-0.0260224 0.245763 -26.91
-0.0214162 0.270009 -35.8566
-0.0250045 0.281349 -38.2524
-0.00614306 0.307408 -52.5018
0.00130912 0.31855 -58.4153
-0.000197098 0.32582 -59.9865
0.00236695 0.322106 -59.8259
0.00216258 0.315045 -57.4573
-0.000405135 0.317103 -56.9582
-0.00342665 0.321021 -56.5969
-0.00168346 0.323793 -58.324
0.00702635 0.322125 -62.1985
0.00348992 0.316325 -58.5681
0.00357593 0.32069 -59.8508
-0.00126546 0.325086 -58.4014
-0.00105203 0.322943 -58.0049
0.00816787 0.326684 -64.9885
0.00349961 0.317857 -59.3122
0.0134747 0.323654 -68.042
0.0590786 0.285383 -88.0321
0.0915992 0.268921 -105.789
0.077831 0.27711 -97.9514
0.0359814 0.3304 -83.5633
0.0257708 0.341688 -79.2838
0.0287483 0.335796 -79.9328
0.0328086 0.326917 -80.6542
0.0174047 0.333836 -70.0235
0.0403633 0.313446 -83.3642
0.0627 0.244861 -81.8687
0.0916058 0.183115 -88.8756
0.0822613 0.172537 -76.5668
0.0707487 0.182289 -68.8124
0.0890733 0.156374 -77.7404
0.0739168 0.13121 -53.8668
0.0522862 0.137793 -34.8604
0.0504846 0.14395 -34.5176
0.0505621 0.177635 -45.233
0.0698299 0.200687 -72.6957
0.0111493 0.371849 -69.2425
0.00573534 0.358335 -59.3178
0.0617693 0.296442 -104.337
0.0153973 0.138357 -1.46394
0.0281381 0.130417 -14.1459
0.0581084 0.168731 -62.9014
0.0271484 0.18052 -28.7552
0 0 -1
-0.0422158 0.264599 -44.9492
0.453017 0.255713 -63.5985
0.093707 0.505053 -128.735
0.0578743 0.507864 -125.287
-0.0501526 0.297353 -39.1772
-0.0404444 0.325586 -49.8449
-0.0362636 0.228548 -17.399
-0.00663749 0.290317 -43.4603
-0.0422339 0.213298 -11.1993
-0.0261916 0.21327 -15.6084
-0.0315066 0.22968 -20.1574
-0.00511717 0.282241 -44.5941
0.0080764 0.308261 -57.1386
-0.00434342 0.305965 -52.5874
-0.00588688 0.317008 -55.6725
0.00558111 0.320918 -60.7515
0.0134228 0.317934 -62.5346
-0.00473556 0.319527 -55.9413
0.00674416 0.322077 -61.5541
0.00598202 0.324497 -62.1596
-0.00111932 0.320206 -57.3638
-0.000735181 0.323763 -58.6847
0.00362614 0.32409 -60.9447
-0.00354171 0.327288 -58.2282
0.00868998 0.328508 -65.2932
0.00364488 0.322496 -60.4436
-0.00171303 0.331887 -60.5746
0.00594082 0.319262 -60.9231
-0.00213704 0.32194 -56.6717
0.000425126 0.326078 -59.8206
0.00527139 0.321837 -61.6776
0.0124215 0.321624 -66.7135
0.0600023 0.281794 -87.6938
0.112562 0.251163 -115.254
0.0686483 0.296052 -96.7947
0.0343197 0.324318 -80.1583
0.0225521 0.335342 -74.5457
0.0191886 0.33328 -71.0832
0.0243393 0.32989 -74.5477
0.0256232 0.336533 -77.8471
0.0324355 0.319771 -78.3656
0.0723039 0.247116 -91.1507
0.0471468 0.282565 -79.7193
0.0468435 0.244487 -66.7503
0.0602546 0.197165 -63.3339
0.0781931 0.162347 -69.2156
0.0737468 0.15142 -61.2126
0.0732281 0.176011 -68.8678
0.0694889 0.169869 -61.8887
0.457745 0.191242 -488.197
0.0908192 0.137265 -66.8342
0.0681131 0.0523974 -13.4846
0.0976266 0.0302146 -40.2495
0.135862 0.0337071 -85.4951
0.0817852 -0.066227 -8.37636
0.139295 0.102256 -133.719
0.00743537 0.225523 -18.7321
-0.0263105 0.309544 -47.5232
-0.0263146 0.308804 -47.2544
0.494732 0.244024 -57.6001
-0.0306733 0.27661 -35.2633
-0.00775564 0.293819 -43.656
-0.0284694 0.253849 -27.1391
-0.0450976 0.222285 -13.6106
-0.0586824 0.190333 -0.443356
-0.0469008 0.190159 -2.70807
-0.0296251 0.205518 -11.7991
-0.0122256 0.262592 -35.7913
-0.00710629 0.281981 -43.9273
0.00502543 0.31159 -57.2661
0.00118127 0.310462 -55.6917
0.00033444 0.315386 -57.0206
0.00516274 0.31456 -58.3607
0.00653147 0.320484 -60.8698
0.00743595 0.317386 -60.0838
0.00722629 0.319215 -60.7039
0.00740144 0.321586 -61.6587
0.00184521 0.330165 -62.0785
0.00159643 0.314421 -56.5439
0.000908671 0.322129 -58.9159
0.00128962 0.306264 -53.5754
0.00311911 0.311947 -56.4886
0.00504877 0.317801 -59.5716
0.00769268 0.313049 -59.3657
0.0063418 0.317791 -60.2387
-0.00411142 0.323702 -56.1035
-0.00244467 0.322679 -56.8085
0.00017351 0.328904 -60.7127
0.00464917 0.308266 -56.3987
0.00650533 0.317096 -60.8273
0.0191736 0.305143 -65.8394
0.0935437 0.255944 -103.104
0.113021 0.243261 -112.732
0.0764444 0.296015 -103.215
0.0322837 0.323824 -78.4556
0.021152 0.323901 -69.374
0.0215617 0.333856 -73.3224
0.0224429 0.331766 -73.2568
0.0234207 0.342338 -77.8991
0.0283154 0.323546 -75.8602
0.0257113 0.329344 -75.4225
0.0350719 0.295885 -72.6063
0.040586 0.27195 -69.6168
0.0369115 0.255158 -59.9743
0.0628711 0.204314 -68.1655
0.0842481 0.183272 -82.5673
0.0676948 0.14233 -49.9575
0.153503 0.0357689 -104.377
0.166221 -0.150184 -49.823
0.083925 0.0592624 -32.7435
0.0705835 0.0485221 -14.926
0.102219 0.0370785 -47.592
-0.18399 1.42604 -207.735
0.281203 0.171846 -330.375
0.272252 0.166199 -317.593
-0.0271378 0.310144 -47.7254
-0.0278035 0.308223 -46.9889
-0.0312299 0.282474 -37.2808
-0.0421345 0.25992 -28.1558
-0.0293374 0.238652 -21.7282
-0.0434278 0.234583 -18.6055
-0.0578548 0.191891 -1.42698
-0.0518974 0.170049 5.2278
-0.0405126 0.176622 0.767562
-0.00854134 0.22114 -21.729
0.00666784 0.27561 -44.8371
0.00741701 0.28649 -48.9759
0.00909189 0.285841 -49.1247
0.00662258 0.303563 -54.786
0.00792943 0.296462 -52.678
0.0079813 0.302715 -54.96
0.00295846 0.297507 -51.3478
0.00609863 0.295056 -51.6239
0.00936291 0.299588 -54.5167
0.00795703 0.3029 -55.2598
0.00475141 0.305672 -54.7573
0.000614418 0.308712 -54.0953
-0.0033292 0.311523 -53.1396
-0.00356471 0.290022 -45.3095
0.00821669 0.29225 -52.1027
0.00371611 0.305815 -54.57
0.0067673 0.28964 -50.509
0.0127572 0.293359 -55.3308
0.00490402 0.305575 -55.1186
-0.00327173 0.310729 -51.9902
0.00700188 0.310279 -58.5559
0.00751355 0.314483 -60.4444
0.0043493 0.308229 -56.1629
0.0331786 0.285116 -68.5281
0.0483791 0.251879 -67.9501
0.0876466 0.22286 -86.5956
0.0787655 0.289623 -103.349
0.0429437 0.31828 -85.0709
0.0364945 0.317082 -79.5141
0.0235164 0.332251 -74.3173
0.0251427 0.335775 -77.0085
0.0191902 0.335584 -71.6753
0.0214021 0.340879 -75.5386
0.0182326 0.322808 -65.9657
0.0228391 0.317542 -68.3986
0.0286685 0.295628 -66.0833
0.0289856 0.279802 -60.6211
0.0519301 0.225466 -64.2313
0.0672902 0.160846 -56.3937
0.069576 0.116862 -42.7723
0.110825 0.00918032 -48.0491
0.139524 -0.187106 -7.57253
0.133109 -0.135295 -18.8038
0.0918894 0.0161776 -27.9435
0.0939646 0.0133443 -29.4544
0.0813671 0.0450989 -25.9624
0.0810756 0.0449214 -25.5478
0.0810756 0.0449214 -25.5478
