0 1 3
1 2 3
2 3 3
3 4 3
4 5 3
5 6 2
6 7 3
7 8 3
8 9 1
9 10 3
10 11 0
11 12 3
12 13 3
13 14 3
14 73 3
16 73 3
16 17 3
17 18 3
18 19 3
19 20 3
20 21 3
21 22 3
22 23 3
23 24 3
24 25 3
25 84 3
26 84 3
26 27 3
27 28 3
28 29 3
29 30 3
30 31 3
31 32 3
32 33 0
33 34 3
34 35 3
35 36 0
36 37 3
37 38 3
38 39 3
39 40 3
40 41 3
41 42 1
42 43 3
43 44 3
44 103 0
46 103 3
46 47 3
47 48 3
48 49 3
49 50 3
50 51 3
51 52 3
52 54 3
54 55 0
55 56 3
56 57 3
31 89 3
32 89 3
52 111 3
54 111 3
5 63 3
10 68 0
37 152 3
9 68 0
25 82 3
27 84 3
42 100 3
43 100 3
47 105 3
12 70 0
19 78 3
20 78 2
46 105 3
11 70 0
13 70 2
22 81 3
23 82 3
24 82 3
35 92 3
40 98 3
48 107 3
49 107 3
57 115 3
9 66 0
23 81 3
25 83 3
28 86 3
29 86 3
30 89 3
34 92 3
39 97 3
41 98 3
41 100 1
44 102 3
51 109 3
55 113 3
1 59 3
2 59 3
2 60 3
3 60 3
7 66 3
8 66 3
66 68 0
67 68 3
11 68 3
13 73 3
19 77 3
82 83 3
84 85 3
27 85 3
35 93 3
41 99 3
43 102 3
50 109 3
54 113 0
3 61 3
4 62 3
4 63 0
7 64 3
66 67 0
11 69 3
13 71 3
71 73 3
18 77 3
22 80 3
30 88 3
33 92 3
36 93 3
38 97 3
98 99 3
47 106 3
48 106 3
50 108 3
108 109 3
52 110 3
56 113 3
0 59 3
59 60 3
60 61 3
4 61 3
62 63 0
6 63 2
69 70 0
17 75 3
21 78 3
21 80 3
27 86 3
29 87 3
30 87 3
88 89 3
92 93 3
39 98 3
99 100 1
106 107 3
107 108 3
109 110 3
110 111 3
61 62 3
6 64 3
68 69 3
16 75 3
17 76 3
18 76 3
77 78 3
80 81 3
81 82 3
83 84 3
86 87 3
38 153 3
102 103 0
63 64 2
85 86 3
37 153 3
46 104 3
64 66 2
103 104 3
104 105 3
75 76 3
87 88 3
152 153 3
153 154 3
97 98 3
100 102 3
54 170 3
16 132 3
111 170 3
73 132 3
21 137 3
105 106 3
0 116 3
76 77 3
80 137 3
36 152 3
97 153 3
57 172 3
59 116 3
93 152 3
56 172 3
115 172 3
32 150 3
32 92 3
75 132 3
78 137 3
32 149 3
92 150 3
97 154 3
113 172 3
68 126 3
70 71 0
68 125 0
61 119 0
67 125 2
71 130 3
100 159 3
102 159 3
103 161 3
110 168 3
60 119 0
125 126 2
71 129 3
73 130 3
86 145 3
87 145 3
102 218 0
104 161 3
109 168 3
62 120 0
63 122 2
64 122 3
70 129 3
78 136 3
89 148 3
32 148 2
107 166 3
136 137 3
81 140 3
148 149 3
97 156 3
103 218 3
108 166 3
82 140 3
89 147 3
98 156 3
109 166 3
113 171 3
63 120 3
73 131 3
76 133 3
77 134 3
88 147 3
147 148 3
105 163 3
54 171 0
171 172 3
59 117 3
60 117 3
66 125 0
68 127 3
69 127 3
131 132 3
78 134 3
85 144 3
86 144 3
149 150 1
99 156 3
99 157 3
161 218 3
106 163 3
116 117 3
76 134 3
83 141 3
83 142 3
84 142 3
88 146 3
100 157 0
100 158 3
106 164 3
107 164 3
170 171 0
115 173 3
118 119 3
119 120 3
66 124 0
126 127 2
70 127 1
70 128 2
75 133 3
80 138 3
81 138 3
82 141 3
144 145 3
87 146 3
97 155 3
155 156 3
111 168 3
172 173 3
60 118 3
66 123 1
124 125 3
127 128 0
134 136 3
140 141 3
141 142 3
85 143 3
64 123 1
128 129 3
129 130 3
132 133 3
133 134 3
137 138 3
143 144 3
146 147 3
156 157 3
163 164 3
109 167 3
111 169 3
134 135 3
135 136 3
138 140 3
93 150 3
154 155 3
157 158 1
166 167 3
168 169 3
123 124 0
158 159 3
104 163 3
167 168 3
85 142 3
93 151 3
169 170 3
120 122 1
145 146 3
164 166 3
127 243 0
161 219 3
122 123 1
128 243 3
150 151 3
151 152 3
125 183 3
130 131 3
142 143 3
119 178 1
152 210 3
102 217 3
104 219 0
120 178 1
124 181 1
140 197 3
153 210 3
159 217 3
122 179 1
123 181 0
126 184 3
137 195 3
138 197 3
217 218 0
168 226 0
169 226 0
117 118 3
120 179 1
127 184 2
163 219 0
166 223 3
170 229 0
171 229 3
140 198 3
164 223 3
118 178 1
122 181 3
136 195 3
156 214 3
166 224 3
129 187 3
130 187 3
130 188 3
155 214 3
158 216 3
163 220 3
118 177 1
179 180 0
122 180 3
126 183 2
197 198 3
147 205 3
149 207 3
150 207 0
151 210 3
159 216 3
219 220 1
163 222 3
164 222 3
116 175 3
117 175 3
177 178 3
178 179 3
146 205 3
150 208 3
151 208 3
210 211 0
154 212 3
155 212 3
172 229 3
124 182 3
125 182 2
131 188 3
141 199 3
142 200 3
145 203 3
148 205 3
148 207 3
153 211 0
153 212 3
172 230 3
172 231 3
173 231 3
183 184 2
133 248 3
134 192 3
136 194 3
138 195 3
140 199 3
143 200 3
146 203 3
146 204 3
148 206 3
151 209 3
223 224 3
169 227 3
229 230 3
116 174 3
117 176 3
118 176 3
128 186 3
187 188 3
133 192 3
135 194 3
204 205 3
206 207 3
208 209 3
155 213 3
157 215 3
163 221 3
167 224 3
226 227 1
174 175 3
180 181 3
131 189 3
194 195 3
199 200 3
203 204 3
205 206 3
209 210 3
212 213 3
156 215 3
215 216 1
220 221 3
221 222 3
222 223 3
170 227 3
230 231 3
129 186 3
188 189 3
135 192 3
198 199 3
207 208 1
208 324 0
211 212 2
214 215 3
175 176 3
181 182 3
132 248 3
192 248 3
135 193 3
216 217 3
182 183 3
186 243 3
193 194 3
144 203 3
218 219 3
176 177 1
195 197 3
213 214 3
132 189 3
186 187 3
143 260 3
143 203 3
189 248 3
192 193 3
195 254 3
197 254 3
200 260 3
184 242 0
248 307 3
167 283 3
168 283 3
226 283 1
203 260 3
210 267 0
218 276 0
223 282 3
224 282 3
192 250 3
209 267 0
218 275 1
219 276 3
224 283 3
229 287 3
217 275 3
282 283 3
170 287 0
177 234 0
188 246 3
203 261 3
210 268 0
176 234 3
189 246 3
221 279 3
227 285 0
170 286 3
286 287 0
178 235 0
178 236 0
197 256 3
200 258 3
267 268 2
220 279 3
226 285 2
227 286 3
177 235 0
179 236 0
187 245 3
248 250 3
199 258 3
260 261 3
275 276 0
174 232 3
235 236 3
179 237 0
180 237 0
180 238 3
181 239 3
184 243 0
186 245 3
189 305 3
194 251 3
194 252 3
198 256 3
214 272 3
215 272 3
175 232 3
175 233 3
176 233 3
180 239 3
181 240 0
182 240 0
183 241 3
184 241 2
193 251 3
195 252 3
200 259 3
259 260 3
206 264 3
211 270 2
212 270 3
222 281 3
223 281 3
241 242 3
242 243 3
254 255 3
205 263 3
207 264 3
212 271 3
213 272 3
215 273 3
216 273 0
216 274 3
220 278 0
230 289 3
231 289 3
232 233 3
234 235 3
182 241 0
248 305 3
199 257 3
263 264 3
207 265 3
213 271 3
219 278 3
222 280 3
226 284 3
230 288 3
236 237 3
237 238 1
251 252 3
198 257 3
258 259 3
204 262 3
204 263 3
208 265 0
211 269 1
274 275 3
219 277 3
221 280 3
283 284 0
229 288 3
233 234 3
238 239 3
188 245 3
250 307 0
262 263 3
265 324 3
276 277 3
277 278 3
288 289 3
186 244 3
245 246 3
197 255 3
257 258 3
264 265 3
270 271 3
271 272 3
273 274 1
278 279 1
284 285 2
193 250 3
210 269 3
269 270 3
272 273 3
280 281 3
285 286 2
287 288 3
239 298 0
239 240 0
240 241 3
243 244 3
252 254 3
256 257 3
204 261 3
279 280 3
281 282 3
255 256 3
240 298 3
208 383 3
246 305 3
209 383 3
261 262 3
245 302 3
244 302 3
252 311 3
267 383 1
250 251 3
254 311 3
246 303 3
286 344 3
245 303 3
285 344 2
255 313 3
239 296 3
274 333 3
275 333 3
283 341 3
238 296 3
241 299 3
246 304 3
256 313 3
262 320 3
268 269 2
284 341 1
235 294 3
236 294 3
243 301 3
244 301 3
254 312 3
260 319 3
261 320 3
273 331 3
274 331 0
303 304 3
251 309 3
252 309 3
259 319 3
261 319 3
263 320 3
324 383 1
282 340 3
288 346 3
234 293 3
235 293 3
237 295 3
242 301 3
302 303 3
255 312 3
257 315 3
263 321 3
268 326 3
269 327 3
276 450 1
278 336 3
279 336 0
281 340 3
284 342 3
233 291 3
236 295 3
250 308 0
256 314 3
258 316 3
259 316 3
259 317 3
270 327 3
275 450 3
279 337 3
282 341 3
232 290 3
232 291 3
234 291 3
234 292 3
294 295 3
237 296 1
240 299 3
241 300 3
242 300 3
248 306 3
313 314 3
257 314 3
320 321 3
383 384 0
267 326 2
268 327 3
270 329 3
271 329 3
272 330 3
273 330 3
276 335 3
277 335 3
279 338 3
280 338 3
281 339 3
285 343 1
287 346 3
290 291 3
291 292 3
295 296 1
305 306 3
306 307 3
257 316 3
316 317 3
319 320 3
265 323 3
323 324 3
326 384 3
270 328 3
329 330 3
336 337 1
338 339 3
339 340 3
341 342 0
285 342 2
343 344 3
289 346 3
292 293 3
293 294 3
300 301 3
250 309 3
314 315 3
264 321 3
328 329 3
335 336 3
340 341 3
298 299 3
299 300 3
312 370 3
315 316 3
330 331 3
337 338 3
301 302 3
317 319 3
287 344 1
290 348 3
291 348 3
308 309 3
312 313 3
326 327 3
327 328 3
333 450 3
239 355 3
311 312 3
320 378 3
296 355 3
264 323 3
264 438 3
342 343 1
346 405 3
252 368 3
311 370 3
321 438 3
323 438 3
274 390 3
335 450 1
287 345 3
345 346 3
298 355 1
311 368 3
331 390 1
333 390 3
309 368 3
304 305 3
317 376 3
319 376 3
344 345 0
340 397 0
323 381 3
342 400 3
305 363 3
381 438 3
330 389 3
331 389 3
343 400 0
345 403 3
304 363 3
312 371 3
313 371 3
321 379 3
379 438 3
393 450 1
335 393 3
348 349 3
301 359 3
303 361 3
306 364 3
370 371 3
315 373 3
316 374 3
319 377 3
320 377 3
321 378 3
337 395 3
339 397 0
298 356 3
299 356 3
300 359 3
302 359 3
302 360 3
303 360 3
304 361 3
305 364 3
307 364 3
309 367 3
313 372 3
314 372 3
315 374 3
328 386 3
340 398 0
291 349 3
293 351 3
295 353 3
299 357 3
304 362 3
308 367 3
311 427 2
317 375 3
377 378 3
378 379 3
329 387 3
330 387 3
333 391 3
391 450 3
336 393 3
338 396 3
339 396 3
397 398 1
343 401 3
344 403 0
346 404 3
292 349 3
292 351 3
355 356 0
300 357 3
300 358 3
359 360 3
360 361 3
362 363 3
368 427 3
370 427 3
317 374 3
376 377 3
324 382 3
327 386 3
390 391 3
336 394 3
338 395 2
400 401 1
346 403 3
293 352 3
294 352 3
295 352 3
356 357 3
308 424 3
367 424 3
314 373 3
373 374 3
375 376 3
323 382 3
382 383 1
328 387 3
337 394 0
396 397 2
341 400 0
344 401 3
404 405 3
361 362 3
363 364 3
307 365 2
307 308 3
352 353 3
358 359 3
364 365 3
371 372 3
374 375 3
389 390 1
393 394 3
395 396 2
340 400 0
292 408 3
351 352 3
296 353 0
372 373 3
326 386 3
386 387 3
349 408 3
357 358 3
394 395 1
308 365 2
367 368 3
381 382 3
403 404 3
351 408 3
353 412 3
296 412 0
398 400 0
383 441 3
365 424 3
382 441 1
348 407 3
355 414 0
356 414 3
357 415 3
386 443 3
344 460 3
349 407 3
355 412 3
387 446 0
330 446 0
389 446 0
396 454 3
403 460 1
365 423 3
368 426 3
378 436 3
397 454 2
352 411 3
353 411 3
361 419 3
364 423 3
368 425 3
426 427 3
372 431 3
373 431 3
375 433 3
376 433 3
379 436 3
401 460 3
403 461 1
362 419 3
362 420 3
363 420 3
367 425 3
450 451 0
393 451 2
397 456 1
398 456 1
400 459 1
401 459 3
360 419 3
374 432 3
376 435 3
377 435 3
384 441 1
384 442 3
326 442 3
326 443 0
390 449 3
391 449 3
460 461 0
404 463 1
405 463 1
363 421 3
364 421 3
370 428 3
375 432 3
442 443 3
389 447 2
390 447 0
400 458 1
404 462 1
424 425 3
441 442 0
398 458 1
458 459 1
404 461 1
462 463 3
348 406 3
352 410 3
358 360 3
364 422 3
423 424 3
372 430 3
378 435 3
446 447 3
390 448 3
461 462 3
406 407 3
407 408 3
351 409 3
355 413 3
360 418 3
418 419 3
422 423 3
430 431 3
373 432 3
435 436 3
387 445 3
447 448 1
448 449 3
352 409 3
358 415 3
419 420 3
420 421 3
425 426 3
432 433 3
445 446 3
398 457 1
457 458 3
459 460 3
410 411 3
411 412 3
412 413 3
413 414 0
356 415 3
427 428 3
371 428 3
431 432 3
376 434 3
387 443 3
449 450 3
393 452 1
394 452 1
395 452 2
397 455 1
408 409 3
409 410 3
379 495 3
456 457 3
434 435 3
454 455 3
455 456 3
358 416 3
360 416 3
421 422 3
451 452 3
395 453 3
415 416 3
360 417 3
433 434 3
442 500 3
452 453 3
396 453 3
453 454 3
414 415 3
417 418 3
371 430 3
381 497 2
416 417 3
438 495 3
438 497 2
382 497 2
443 445 3
407 465 3
406 464 3
407 464 3
464 465 3
371 487 3
445 447 3
460 518 3
461 518 1
461 520 1
430 487 3
436 495 3
443 500 3
462 520 1
443 501 3
518 520 3
441 499 3
443 502 3
445 502 3
460 517 3
462 521 1
425 484 1
426 484 3
428 487 3
435 493 3
442 499 1
501 502 3
448 506 0
448 507 3
450 508 3
456 458 3
459 517 3
463 521 1
408 467 3
409 467 3
431 489 3
432 490 2
436 493 3
382 556 2
441 556 0
449 507 3
451 508 1
410 468 3
414 472 1
415 472 1
419 478 2
425 483 1
427 485 3
427 486 3
428 486 3
430 489 3
432 491 2
433 491 2
433 492 2
434 492 3
497 556 3
445 504 3
447 504 3
456 514 3
456 515 3
458 515 1
518 519 3
519 520 3
520 521 3
409 468 3
412 470 2
413 470 2
472 530 3
415 474 1
416 474 1
416 475 1
417 475 1
420 478 2
421 478 2
483 484 3
427 484 3
447 505 3
449 508 3
514 515 3
408 465 3
467 468 3
410 469 2
411 469 2
417 476 1
418 476 1
419 476 1
419 477 1
422 478 1
484 485 3
485 486 3
490 491 3
434 493 3
499 500 0
500 501 3
448 505 0
506 507 2
455 514 3
423 482 1
424 482 1
424 483 1
431 490 2
492 493 3
505 506 2
451 509 2
459 515 3
465 467 3
413 472 3
474 475 3
475 476 3
476 477 3
477 478 0
486 487 3
489 490 3
491 492 3
499 556 0
507 508 3
452 509 3
453 455 3
455 571 3
459 516 3
412 469 2
415 473 1
422 480 1
482 483 3
445 503 3
504 505 3
508 509 0
515 516 3
468 469 1
472 473 0
473 474 3
423 480 1
453 571 3
517 518 3
473 530 3
474 532 3
475 532 3
423 539 1
487 489 3
502 503 3
503 504 3
516 517 3
469 470 3
452 569 3
453 569 3
470 472 2
480 539 3
482 539 3
569 571 3
514 571 3
467 524 1
509 569 3
465 524 1
478 537 2
478 480 2
470 529 0
536 537 3
480 537 3
438 555 2
497 555 3
467 525 1
468 525 1
468 526 1
472 529 2
478 536 2
487 546 2
489 546 3
493 495 3
495 555 2
569 570 3
570 571 3
495 553 2
465 523 1
523 524 3
524 525 3
525 526 3
473 531 3
474 531 3
553 555 3
555 556 3
477 536 3
493 553 3
464 522 1
469 526 1
492 550 3
493 550 3
568 569 3
521 579 3
465 522 1
483 541 3
490 547 3
490 548 3
500 558 3
509 568 3
515 573 3
470 528 2
482 541 3
484 541 3
489 547 3
491 550 3
514 573 3
517 575 3
520 578 3
469 585 2
547 548 3
491 549 3
493 551 3
501 558 3
508 566 3
509 566 1
518 576 3
519 577 3
519 578 3
530 531 3
476 534 3
480 538 3
485 543 3
486 544 3
487 545 2
548 549 3
493 552 3
507 565 3
508 565 3
516 575 3
519 576 3
520 579 3
528 529 3
475 534 3
477 534 3
538 539 3
484 542 3
485 542 3
487 544 3
549 550 3
550 551 3
551 552 3
565 566 3
516 574 3
517 576 3
578 579 3
541 542 3
486 543 3
544 545 3
545 546 3
546 547 3
552 553 3
553 554 3
554 555 3
501 559 3
506 565 2
566 568 0
515 574 3
576 577 3
577 578 3
469 528 2
537 538 3
499 557 2
499 558 2
502 559 3
504 562 2
504 563 2
482 598 3
558 559 3
502 561 3
503 562 3
562 563 3
505 563 2
514 572 3
575 576 3
539 598 3
542 543 3
503 561 3
571 572 3
572 573 3
522 523 3
477 535 3
543 544 3
532 534 3
534 535 3
557 558 3
559 561 3
506 563 0
535 536 3
541 598 3
574 575 3
528 585 3
529 587 3
556 557 3
563 565 1
573 574 3
528 587 3
531 532 3
561 562 3
529 530 3
526 585 0
532 648 3
534 591 3
561 619 3
562 619 3
531 589 3
532 589 3
538 597 3
539 597 3
546 604 3
559 617 3
559 619 3
562 620 3
568 626 3
532 591 3
558 617 3
617 619 3
619 620 3
562 621 3
563 621 3
534 592 3
537 595 3
543 601 3
551 609 3
553 611 3
557 615 3
557 616 3
558 616 3
618 619 3
620 621 3
566 626 0
591 648 3
591 592 3
536 595 3
542 600 3
544 602 3
552 609 3
552 611 3
615 616 3
616 617 3
617 618 3
563 622 1
565 622 3
576 635 3
600 601 3
544 601 3
545 602 2
545 604 3
548 606 3
550 609 3
556 614 3
577 635 3
535 593 3
536 593 3
541 600 3
545 603 3
603 604 3
547 606 3
550 608 3
552 668 3
554 613 3
555 613 3
555 614 3
556 615 3
522 580 3
523 581 3
526 584 3
530 589 3
535 592 3
601 602 3
606 607 3
549 606 3
549 608 3
609 668 3
554 612 3
614 615 3
621 622 1
566 624 3
624 626 0
569 627 2
576 634 3
578 637 3
579 637 3
580 581 3
524 581 3
584 585 2
589 648 3
541 599 3
546 606 3
549 607 3
611 668 3
554 611 3
613 614 3
565 623 3
565 624 3
626 627 3
575 634 3
634 635 3
592 593 3
538 595 3
597 598 3
598 599 3
611 612 3
574 632 2
525 581 3
599 600 3
604 606 3
612 613 3
622 623 3
623 624 3
570 627 2
575 632 2
525 584 3
588 589 3
572 630 2
573 630 2
585 587 3
529 588 0
530 588 0
593 595 3
571 630 2
575 691 2
634 691 2
525 640 3
589 647 3
570 630 2
573 632 2
577 637 3
581 640 3
647 648 3
602 603 3
607 608 3
573 631 2
632 691 3
595 653 3
631 632 3
587 588 0
593 653 3
595 597 3
630 631 3
635 637 3
525 641 3
608 609 3
630 688 3
631 688 3
640 641 3
584 641 3
652 653 3
603 662 3
627 686 3
570 686 2
593 652 3
604 662 3
627 685 3
630 686 3
630 687 3
587 646 3
588 646 2
588 647 2
598 656 3
609 667 3
667 668 3
637 695 2
585 643 2
595 654 3
597 654 3
599 656 3
600 658 3
612 671 3
613 671 3
685 686 3
591 649 3
592 649 3
621 679 3
624 683 2
624 684 2
624 627 2
686 687 3
632 690 3
635 695 2
585 644 3
592 650 3
623 681 3
627 684 3
684 685 3
690 691 3
634 694 2
635 694 2
587 644 3
649 650 3
597 655 3
597 656 3
601 658 3
606 664 3
616 675 3
617 675 3
617 676 3
618 676 3
619 677 3
620 678 3
622 681 3
683 684 3
584 643 3
654 655 3
655 656 3
604 663 3
606 663 3
608 667 3
675 676 3
618 677 3
678 679 3
622 679 2
687 688 3
593 651 3
599 658 3
607 664 3
611 669 3
614 671 3
614 672 3
615 672 3
694 695 3
580 638 3
581 638 3
584 642 3
643 644 3
646 647 3
648 649 3
650 651 3
599 657 3
601 659 2
663 664 3
612 670 3
615 673 3
616 674 3
620 677 3
642 643 3
593 650 3
651 652 3
656 657 3
602 659 1
602 661 1
603 661 3
668 669 3
669 670 3
671 672 3
673 674 3
674 675 3
677 678 3
679 681 3
624 681 3
631 689 3
641 642 3
657 658 3
661 662 3
607 666 3
672 673 3
676 677 3
631 690 3
653 654 3
662 663 3
664 666 3
691 694 3
658 659 3
608 666 3
681 683 3
688 689 3
689 690 3
670 671 3
581 697 3
587 703 2
666 667 3
638 697 3
640 697 3
646 703 3
659 661 3
679 738 3
681 738 3
644 703 3
683 740 3
643 702 3
644 702 3
667 669 1
681 740 3
691 750 3
691 751 3
694 752 2
750 751 3
694 751 2
695 752 2
641 699 3
653 712 3
654 712 3
659 718 3
661 718 3
666 725 1
667 725 1
667 726 1
691 749 3
642 699 3
646 704 3
647 706 3
655 713 1
657 716 2
666 724 1
669 726 3
681 739 3
749 750 3
640 699 3
643 700 3
703 704 3
647 704 3
654 713 3
658 716 3
666 723 1
724 725 3
670 729 3
671 729 3
672 729 3
739 740 3
683 741 3
684 741 3
685 743 3
686 744 3
688 746 3
689 746 3
752 753 3
695 753 2
642 700 3
659 716 3
684 743 3
687 744 3
640 698 3
650 709 2
656 714 2
657 714 2
669 728 3
670 728 3
687 745 3
690 748 3
690 749 3
697 698 3
648 706 3
649 706 3
651 709 2
712 713 3
657 715 2
661 719 3
662 719 3
726 727 3
673 732 3
674 732 3
674 733 3
675 733 3
679 736 3
740 741 3
684 742 3
744 745 3
751 752 3
649 707 3
650 708 2
652 710 3
652 712 3
655 714 2
715 716 3
659 717 3
662 720 3
663 720 3
666 722 1
669 727 3
676 734 3
677 735 3
678 735 3
678 736 3
679 737 3
738 739 3
742 743 3
685 744 3
689 748 3
748 749 3
706 707 3
649 708 2
708 709 3
709 710 3
717 718 3
719 720 3
664 722 3
723 724 3
725 726 3
728 729 3
672 731 3
673 731 3
675 734 3
734 735 3
736 737 3
737 738 3
741 742 3
638 696 3
699 700 3
713 714 3
722 723 3
731 732 3
716 717 3
718 719 3
663 722 3
727 728 3
729 730 3
672 730 3
733 734 3
735 736 3
743 744 3
698 699 3
704 706 3
652 711 3
696 697 3
707 708 3
710 711 3
711 712 3
714 715 3
730 731 3
732 733 3
687 746 3
702 703 3
720 722 3
745 746 3
706 764 3
689 805 3
711 769 3
720 778 3
746 805 3
748 805 3
643 759 3
712 769 3
700 759 3
702 759 3
703 760 2
704 762 3
706 762 3
714 772 2
739 798 3
740 798 3
696 755 3
697 755 3
699 758 3
700 758 3
708 767 3
709 767 3
713 771 2
713 772 2
698 756 3
699 756 3
762 764 3
771 772 3
726 784 0
733 791 3
735 793 3
736 793 3
742 801 3
743 801 3
702 760 2
716 775 1
717 775 3
720 779 3
722 779 3
722 780 3
728 786 3
734 791 3
750 807 3
710 767 3
712 770 3
713 770 3
714 773 3
715 773 3
717 776 3
718 776 3
719 777 3
723 780 3
723 781 3
724 782 3
729 786 3
730 789 3
731 789 3
732 790 3
733 790 3
734 792 3
734 793 3
741 801 3
748 806 3
749 807 3
750 809 3
751 809 3
752 810 3
753 810 3
696 754 3
697 756 3
710 768 3
711 768 3
718 777 3
778 779 3
725 782 3
725 784 1
727 784 0
729 787 3
730 788 3
732 789 3
791 792 3
737 796 3
738 796 3
738 797 3
739 797 3
744 803 3
745 803 3
746 804 3
749 806 3
754 755 3
699 757 0
758 759 3
707 764 3
716 773 3
720 777 3
780 781 3
723 782 3
727 785 3
728 785 3
786 787 3
787 788 3
789 790 3
790 791 3
797 798 3
745 804 3
804 805 3
805 806 3
807 809 3
703 762 3
768 769 3
776 777 3
782 784 1
796 797 3
741 798 3
743 802 3
744 802 3
752 809 3
756 757 0
772 773 1
777 778 3
779 780 3
784 785 1
785 786 3
792 793 3
803 804 3
755 756 3
759 760 3
708 764 3
770 771 3
775 776 3
781 782 3
736 852 3
736 796 3
757 758 3
760 761 3
760 762 3
767 824 3
767 768 3
716 832 1
788 789 3
793 852 3
798 801 3
806 807 3
761 762 3
769 770 3
775 832 3
796 852 3
801 802 3
802 803 3
809 810 3
757 816 3
773 832 1
753 869 3
758 816 2
810 869 3
762 821 3
764 821 3
800 801 3
764 767 3
796 853 3
764 824 3
852 853 3
798 800 3
807 866 3
809 866 3
815 816 3
759 817 2
809 867 3
760 817 3
782 841 3
784 841 0
810 867 3
867 868 3
810 868 3
757 815 3
764 823 3
781 840 3
782 840 3
798 857 3
800 857 3
758 817 2
760 819 3
761 819 3
823 824 3
778 836 3
789 847 3
790 847 3
792 851 3
793 851 3
798 856 3
762 820 3
764 822 3
776 834 3
779 836 3
787 845 3
788 845 3
796 854 3
868 869 3
761 820 2
821 822 3
824 825 3
777 834 3
777 835 3
780 838 3
784 842 0
785 843 1
786 843 1
853 854 3
756 814 3
816 817 3
760 818 3
768 825 3
770 828 1
771 828 1
771 829 1
772 829 1
772 830 1
773 830 3
775 833 3
778 835 3
781 838 3
781 839 3
785 842 1
797 856 3
801 859 3
807 865 3
754 812 3
755 813 3
769 827 1
835 836 3
779 837 3
779 838 3
788 847 3
790 848 3
790 849 3
791 849 3
792 849 3
792 850 3
851 852 3
800 859 3
802 859 3
805 863 3
806 863 3
806 864 3
806 865 3
812 813 3
813 814 3
757 814 3
818 819 3
820 821 3
767 825 3
768 827 3
770 827 1
828 829 3
776 833 3
836 837 3
839 840 3
786 844 3
786 845 3
849 850 3
850 851 3
804 863 3
863 864 3
817 818 3
819 820 3
822 823 3
832 833 3
837 838 3
840 841 3
841 842 3
842 843 3
843 844 3
844 845 3
848 849 3
864 865 3
866 867 3
814 815 3
827 828 3
847 848 3
797 854 3
797 855 3
856 857 3
802 861 3
803 861 3
865 866 3
854 855 3
804 861 3
825 884 1
834 835 3
855 856 3
768 884 3
829 830 3
833 834 3
838 839 3
859 861 3
804 921 3
863 921 3
861 921 3
827 884 3
788 904 3
845 904 3
830 832 1
847 904 3
856 915 3
857 915 3
857 916 3
800 916 3
856 914 3
859 916 3
859 917 3
821 879 2
822 879 2
824 881 2
855 914 3
916 917 3
823 881 0
832 891 3
833 891 3
915 916 3
859 918 3
861 918 3
866 925 3
867 925 3
828 886 3
838 896 3
841 900 3
842 900 3
914 915 3
820 879 3
824 882 2
824 883 3
825 883 3
830 889 3
840 898 3
851 909 3
865 923 3
815 873 3
816 873 3
817 875 3
820 878 3
822 880 2
823 880 2
881 882 1
832 889 3
837 896 3
839 896 3
843 901 3
850 909 3
854 912 3
917 918 3
864 923 3
865 924 3
866 924 3
814 872 3
816 875 3
818 875 3
818 876 3
882 883 0
827 886 3
829 886 3
832 890 3
834 893 3
835 893 3
841 898 3
842 901 3
849 907 3
852 909 3
855 912 3
861 919 3
812 870 3
813 871 3
814 871 3
815 872 3
819 877 3
878 879 3
883 884 1
834 891 3
834 892 3
837 894 3
896 897 3
839 897 3
845 903 3
847 905 3
848 906 3
850 907 3
850 908 3
852 910 3
852 911 3
853 911 3
855 913 3
918 919 3
919 921 3
920 921 3
863 922 3
864 922 3
870 871 3
816 932 1
818 877 3
879 880 3
827 885 3
829 888 3
830 888 3
889 890 3
891 892 3
836 894 3
837 895 3
840 897 3
844 901 3
844 902 3
844 903 3
904 905 3
905 906 3
906 907 3
910 911 3
911 912 3
912 913 3
924 925 3
868 925 3
873 932 3
876 877 3
880 881 0
885 886 3
836 893 3
894 895 3
895 896 3
901 902 3
908 909 3
913 914 3
919 920 3
871 872 3
872 873 3
875 932 2
820 877 1
884 885 3
888 889 3
890 891 3
892 893 3
900 901 3
903 904 3
909 910 3
877 878 0
893 894 3
897 898 3
907 908 3
921 922 3
922 923 3
868 926 3
875 876 3
925 926 3
868 927 3
923 924 3
829 945 3
926 927 3
869 927 3
888 945 3
902 903 3
886 945 3
898 900 3
898 957 3
900 957 3
877 936 0
878 936 3
884 942 3
905 963 3
883 942 1
896 954 3
904 963 3
872 930 3
885 942 3
895 952 3
897 954 3
901 959 3
912 971 3
913 971 3
916 974 3
873 930 3
900 958 3
901 958 3
904 962 3
915 974 3
917 975 3
919 977 3
920 977 3
926 983 3
927 985 3
871 930 3
876 934 2
885 944 3
895 954 3
903 962 3
909 967 3
910 967 3
911 969 3
916 975 3
918 975 3
924 981 3
925 981 3
925 983 3
926 985 3
875 934 2
886 944 3
894 952 3
897 955 3
908 966 3
912 969 3
914 973 3
915 973 3
922 980 3
926 984 3
870 928 2
871 929 2
875 933 2
877 934 2
879 936 3
880 938 3
881 939 1
882 940 0
883 941 3
885 943 3
888 946 3
889 947 3
890 947 3
890 948 3
891 949 3
892 950 3
893 951 3
894 951 3
898 955 3
898 956 3
957 958 3
962 963 3
906 964 3
907 965 3
908 967 3
912 970 3
918 976 3
921 979 3
921 980 3
923 980 3
983 984 3
984 985 3
928 929 3
929 930 3
873 931 2
932 933 3
933 934 3
935 936 0
879 938 3
880 939 3
939 940 3
940 941 3
941 942 1
942 943 3
944 945 3
889 946 3
891 948 3
949 950 3
950 951 3
952 953 3
895 953 3
954 955 3
956 957 3
902 959 3
905 964 3
964 965 3
965 966 3
910 969 3
970 971 3
973 974 3
979 980 3
923 981 3
981 983 3
930 931 3
931 932 3
877 935 2
943 944 3
948 949 3
955 956 3
969 970 3
975 976 3
919 976 3
938 939 3
945 946 3
947 948 3
951 952 3
953 954 3
958 959 3
966 967 3
974 975 3
976 977 3
920 979 3
934 935 3
946 947 3
963 964 3
914 971 3
967 969 3
879 995 3
938 995 3
902 1019 3
903 1019 3
962 1019 3
959 1019 3
971 1030 3
914 1030 3
973 1030 3
980 981 3
981 1040 3
952 1010 3
977 1036 3
920 1036 3
979 1036 3
981 1039 3
951 1010 3
953 1010 3
1018 1019 3
1039 1040 3
936 995 3
959 1018 3
967 1026 3
969 1026 3
977 1035 3
980 1039 3
983 1040 3
930 988 3
931 988 3
931 990 3
935 994 0
936 994 3
976 1035 3
931 989 3
932 990 3
944 1003 3
945 1003 3
948 1007 3
949 1007 3
963 1021 3
994 995 3
947 1005 3
948 1005 3
950 1008 3
951 1008 3
954 1012 3
959 1017 3
962 1020 3
962 1021 3
964 1021 3
929 988 3
933 991 3
934 991 3
934 992 3
939 997 3
944 1002 0
951 1009 3
955 1012 3
964 1022 3
969 1027 3
970 1027 3
970 1029 3
971 1029 3
973 1031 3
974 1032 3
984 1042 3
985 1042 3
988 989 3
935 992 3
938 997 3
940 997 3
943 1002 0
946 1005 3
948 1006 3
950 1007 3
1009 1010 3
953 1011 3
955 1013 3
956 1013 3
956 1014 3
957 1015 3
958 1017 3
1019 1020 3
965 1022 3
966 1024 3
966 1025 3
967 1025 3
1026 1027 3
970 1028 3
1030 1031 3
973 1032 3
976 1034 3
979 1038 3
980 1038 3
928 986 3
929 987 3
989 990 3
935 993 0
938 996 0
940 998 3
941 999 3
942 1000 0
943 1001 0
1002 1003 1
1006 1007 3
953 1012 3
957 1014 3
958 1015 3
958 1016 3
1021 1022 3
1027 1028 3
1028 1029 3
1029 1030 3
975 1032 3
975 1033 3
975 1034 3
1034 1035 3
979 1037 3
983 1041 3
985 1043 3
986 987 3
987 988 3
932 991 3
992 993 0
993 994 3
995 996 0
996 997 1
997 998 3
998 999 3
999 1000 3
1000 1001 3
1001 1002 3
946 1003 3
1005 1006 3
1007 1008 3
1010 1011 3
1012 1013 3
1014 1015 3
1016 1017 3
965 1024 3
1032 1033 3
1033 1034 3
1035 1036 3
1040 1041 3
984 1041 3
1042 1043 3
1008 1009 3
1020 1021 3
1025 1026 3
1037 1038 3
991 992 3
1013 1014 3
1015 1016 3
1036 1037 3
990 991 3
1011 1012 3
1017 1018 3
1024 1025 3
1031 1032 3
1041 1042 3
1003 1005 3
1038 1039 3
