0 2 3
2 3 3
3 4 3
4 5 3
5 6 3
6 7 3
7 8 3
8 9 3
9 11 3
11 12 3
12 14 1
14 74 0
74 75 3
18 75 0
18 78 0
21 78 0
21 22 2
22 80 0
22 24 2
24 25 3
25 26 3
26 27 3
27 28 3
28 29 3
29 30 3
30 31 3
31 32 2
32 33 2
33 34 3
34 35 3
35 36 3
36 37 1
37 38 3
38 39 3
39 40 3
40 41 3
41 42 3
42 43 3
43 44 3
44 45 3
45 46 3
46 47 3
47 48 3
48 50 3
50 51 3
51 52 0
52 53 3
53 54 3
54 55 1
55 56 3
56 57 3
24 81 3
22 81 2
9 68 3
11 68 3
48 107 3
50 107 3
0 59 3
2 59 3
3 61 3
78 79 3
42 100 3
12 72 3
14 72 0
43 101 3
21 79 0
45 103 3
18 77 0
22 79 0
42 101 3
75 77 3
47 106 3
48 106 3
106 107 3
77 78 3
80 81 3
50 108 3
51 108 3
55 113 3
2 60 3
4 62 3
9 67 3
12 70 3
31 89 3
35 93 3
36 93 3
40 98 3
56 113 3
3 60 3
3 62 3
8 67 3
70 72 3
32 89 2
38 97 3
51 109 3
53 111 3
56 115 3
57 115 3
59 60 3
5 62 3
6 64 3
7 64 3
7 65 3
8 66 3
25 83 3
26 83 3
28 86 3
30 87 3
30 88 3
33 91 3
34 92 3
36 94 3
37 95 0
37 96 3
38 96 3
39 97 3
39 98 3
41 98 3
45 104 3
46 104 3
47 105 3
52 109 1
52 111 3
53 112 3
54 112 3
0 58 3
5 64 3
65 66 3
66 67 3
72 74 3
79 80 3
24 82 3
26 85 3
27 85 3
28 85 3
29 86 3
29 87 3
88 89 3
91 92 3
36 95 3
96 97 3
100 101 3
44 101 3
103 104 3
46 105 3
105 106 3
107 108 3
108 109 3
112 113 1
58 59 3
11 70 3
81 82 3
25 82 3
26 142 3
85 86 3
86 87 3
32 90 3
32 91 2
35 92 3
94 95 3
44 103 3
64 65 3
67 68 3
83 142 3
95 96 1
97 98 3
104 105 3
60 61 3
61 62 3
74 132 3
82 83 3
85 142 3
87 88 3
90 91 2
41 99 3
68 70 3
93 94 3
42 99 3
111 112 3
77 135 2
98 99 3
92 93 3
62 64 3
72 132 3
109 168 1
52 168 1
113 115 3
70 129 3
99 100 3
111 168 1
72 129 3
113 173 1
115 173 1
80 137 1
90 149 2
91 149 3
98 156 3
64 121 3
70 127 3
135 190 0
79 137 1
62 121 3
68 127 3
70 128 3
74 77 3
77 190 3
60 118 3
61 118 3
127 128 3
132 190 3
96 153 3
104 162 3
85 145 3
86 145 3
95 153 3
105 162 3
101 160 3
44 160 3
103 160 3
106 164 3
107 164 3
107 165 3
108 165 1
87 145 3
111 169 1
112 169 1
113 172 1
172 173 3
82 141 3
89 90 2
89 147 3
92 149 3
96 155 3
97 155 3
99 156 0
105 163 3
64 122 3
65 122 3
65 123 3
66 123 3
83 141 3
90 147 0
106 163 3
108 167 1
109 167 1
167 168 3
59 117 3
61 120 3
62 120 3
66 125 3
67 125 3
68 126 3
72 130 3
144 145 3
103 161 3
164 165 3
58 117 3
60 117 3
66 124 3
129 130 3
79 135 1
78 135 2
80 139 3
85 143 3
85 144 3
88 146 3
89 146 3
93 151 3
94 152 3
153 155 3
98 155 3
104 161 3
162 163 3
165 166 1
108 166 1
112 170 1
120 121 3
126 127 3
130 132 3
81 139 3
82 198 3
143 144 3
145 146 3
151 152 3
95 152 3
166 167 3
168 169 2
113 170 1
113 171 1
68 125 3
82 139 3
141 198 3
141 142 3
142 143 3
92 150 3
92 151 3
160 161 3
161 162 3
170 171 3
171 172 3
121 122 3
74 190 3
139 198 3
146 147 3
149 150 3
150 151 3
152 153 3
100 158 0
101 158 0
117 118 3
124 125 3
125 126 3
155 156 3
156 157 3
99 157 0
122 123 3
123 124 3
147 149 1
99 158 0
128 129 3
158 160 1
169 170 1
58 174 3
157 158 3
153 212 3
163 164 3
117 174 3
117 175 3
155 212 3
174 175 3
129 187 3
135 137 3
145 203 3
147 206 1
149 206 3
128 187 3
130 187 3
80 197 2
139 197 3
146 203 3
160 217 0
160 219 3
161 219 3
137 197 0
155 213 3
158 217 2
130 189 3
141 200 3
142 200 3
156 213 3
118 176 3
127 186 3
128 186 3
132 189 3
147 205 1
153 211 3
172 230 3
173 230 3
175 176 3
61 177 3
123 181 3
135 193 0
137 195 0
157 213 3
170 228 3
118 177 3
121 180 3
122 180 3
124 181 3
124 182 3
125 182 3
130 188 3
135 194 0
137 194 0
195 197 3
144 202 3
157 216 3
158 216 3
164 221 3
171 229 3
172 229 3
193 194 3
141 199 3
145 202 3
205 206 2
212 213 3
163 221 3
186 187 3
194 195 3
198 199 3
199 200 3
143 202 3
149 207 3
150 207 3
151 208 3
151 209 3
152 209 3
152 210 3
153 210 3
211 212 3
171 228 3
176 177 3
125 183 3
126 184 3
127 185 3
188 189 3
142 201 3
143 201 3
203 204 3
146 204 3
147 204 3
150 208 3
157 215 3
160 218 3
165 223 3
166 223 3
168 226 3
180 181 3
181 182 3
183 184 3
126 185 3
200 201 3
217 218 1
218 219 3
161 220 3
164 222 1
169 228 2
173 231 2
120 177 3
182 183 3
185 186 3
187 188 3
135 192 0
202 203 3
204 205 2
162 220 3
221 222 1
168 228 3
230 231 3
184 185 3
190 192 3
192 193 3
206 207 3
210 211 3
215 216 3
162 221 3
228 229 3
229 230 3
120 236 3
177 236 3
120 180 3
201 202 3
209 210 3
216 217 3
220 221 3
226 228 3
207 208 3
208 209 3
168 225 3
219 220 3
167 225 3
120 237 3
164 223 3
167 223 3
225 226 3
236 237 3
180 237 3
189 190 3
157 272 3
213 272 3
221 279 1
222 223 3
220 278 3
222 279 3
215 272 3
219 278 3
220 279 1
195 312 3
186 245 3
187 245 3
190 249 3
197 256 3
139 256 3
203 261 3
204 261 3
213 271 3
226 283 3
192 249 3
200 258 3
209 268 3
210 268 3
212 271 3
222 280 3
223 280 3
223 225 3
225 283 3
228 287 3
229 287 3
198 256 3
198 257 3
199 258 3
201 258 3
201 260 3
202 260 3
205 262 2
217 274 3
226 285 3
176 234 3
181 239 3
193 251 3
197 312 3
199 257 3
206 264 3
207 265 3
208 266 3
211 269 3
216 274 1
218 276 3
228 285 3
175 234 3
177 234 3
182 239 3
186 244 3
189 247 3
192 251 3
256 312 3
206 262 0
206 265 3
207 266 3
209 266 3
210 269 3
218 274 3
278 279 3
174 232 3
175 233 3
180 238 3
180 239 3
182 240 3
183 241 3
185 244 3
187 303 3
188 303 3
203 260 3
204 262 3
209 267 3
212 270 3
215 331 1
215 274 2
225 280 3
228 286 3
232 233 3
233 234 3
237 238 3
239 240 3
240 241 3
184 241 3
244 245 3
189 248 3
190 248 3
261 262 3
262 264 3
267 268 3
268 269 3
269 270 3
270 271 3
219 276 3
285 286 3
286 287 3
230 287 3
231 289 3
238 239 3
184 242 3
188 247 3
247 248 3
192 250 3
266 267 3
230 289 3
241 242 3
185 242 3
245 303 3
248 249 3
257 258 3
258 259 3
201 259 3
260 261 3
265 266 3
271 272 3
259 260 3
264 265 3
279 280 3
230 288 3
249 250 3
274 276 3
287 288 3
185 301 3
250 251 3
256 257 3
274 331 3
225 282 3
242 301 3
194 251 3
194 310 2
256 313 3
274 333 2
177 294 3
244 301 3
247 303 3
251 310 3
195 310 2
312 313 3
276 333 3
226 342 3
236 294 3
310 312 3
272 331 1
283 342 3
285 342 3
288 289 3
282 283 3
264 322 3
177 351 3
265 322 3
234 351 3
294 351 3
276 334 3
219 334 3
280 339 3
225 339 3
283 341 3
287 345 3
237 294 3
239 298 3
240 298 3
311 312 3
262 322 3
265 323 3
274 332 2
282 341 3
288 345 3
247 305 3
262 321 3
266 323 3
278 336 3
279 336 3
279 338 3
280 338 3
241 298 3
303 305 3
248 305 3
250 308 3
251 308 3
282 339 3
238 296 3
259 317 3
261 319 3
321 322 3
272 330 1
219 335 3
278 335 3
279 337 3
286 345 3
239 296 3
244 302 3
249 307 3
310 311 3
261 376 3
262 319 3
267 325 3
271 330 1
331 332 3
334 335 3
285 343 3
288 346 3
232 290 3
233 291 3
234 292 3
237 295 3
239 297 3
241 299 3
242 300 3
245 302 3
248 306 3
250 307 3
251 309 3
258 315 3
258 317 3
260 317 3
319 376 3
262 320 3
266 324 3
268 325 3
268 326 3
268 327 3
269 327 3
270 328 3
270 329 3
271 329 3
330 331 3
332 333 3
338 339 3
341 342 3
286 343 3
233 290 3
234 291 3
292 351 3
294 295 3
295 296 3
298 299 3
299 300 3
306 307 3
308 309 3
309 310 3
256 315 3
257 315 3
260 376 3
320 321 3
323 324 3
266 325 3
326 327 3
327 328 3
329 330 3
335 336 3
337 338 3
282 340 3
342 343 3
286 344 3
345 346 3
288 347 3
290 291 3
301 302 3
307 308 3
319 320 3
322 323 3
325 326 3
336 337 3
339 340 3
340 341 3
344 345 3
289 347 3
296 297 3
297 298 3
305 306 3
315 317 3
324 325 3
346 347 3
291 292 3
317 376 3
328 329 3
333 334 3
300 301 3
302 303 3
343 344 3
313 315 3
305 362 3
313 371 3
303 362 3
315 371 3
294 352 3
326 384 3
351 352 3
317 374 3
312 370 3
313 370 3
334 392 3
333 392 3
309 368 3
310 368 3
311 370 3
311 368 3
370 371 3
328 386 3
336 394 3
345 403 3
346 404 3
347 404 3
305 363 3
306 363 3
315 372 3
323 382 3
324 382 3
327 386 3
329 386 3
329 387 3
335 394 3
342 400 3
343 400 3
344 403 3
300 358 3
301 358 3
303 361 3
371 372 3
374 376 3
325 384 3
326 385 3
327 385 3
330 387 3
331 389 3
339 397 3
340 397 3
340 398 3
341 398 3
290 348 3
291 348 3
361 362 3
307 366 3
308 366 3
321 380 3
322 380 3
322 381 3
323 381 3
330 389 3
332 389 3
332 391 3
333 391 3
335 392 3
341 400 3
344 402 3
402 403 3
295 353 3
296 354 3
297 355 3
299 358 3
302 360 3
308 367 3
309 367 3
311 369 3
321 379 3
325 382 3
325 383 3
384 385 3
332 390 3
335 393 3
337 394 3
338 396 3
341 399 3
343 401 3
343 402 3
347 405 3
352 353 3
295 354 3
354 355 3
298 355 3
301 360 3
303 360 3
362 363 3
306 364 3
307 364 3
368 369 3
369 370 3
379 380 3
380 381 3
381 382 3
382 383 3
385 386 3
330 388 3
388 389 3
390 391 3
391 392 3
392 393 3
337 396 3
396 397 3
397 398 3
398 399 3
399 400 3
400 401 3
346 403 3
292 348 3
298 356 3
366 367 3
367 368 3
315 374 3
389 390 3
393 394 3
337 395 3
355 356 3
299 356 3
360 361 3
363 364 3
320 378 3
321 378 3
383 384 3
386 387 3
394 395 3
401 402 3
403 404 3
404 405 3
358 360 3
315 431 3
376 434 3
320 376 3
378 379 3
374 431 3
374 434 3
395 396 3
348 407 3
353 354 3
387 388 3
348 351 3
299 357 3
372 431 3
376 377 3
320 377 3
356 357 3
377 378 3
351 407 0
357 358 3
360 417 3
354 412 3
355 412 3
358 417 3
360 418 3
364 423 3
307 423 3
377 434 3
398 456 3
397 456 3
366 423 3
382 440 3
393 451 3
394 451 3
402 459 3
402 461 3
403 461 3
351 410 3
352 410 3
374 433 3
381 440 3
401 459 3
402 460 3
371 431 3
433 434 3
378 436 3
460 461 3
410 469 3
363 422 3
377 436 3
383 442 3
384 442 3
399 458 3
400 458 3
459 460 3
403 462 3
404 462 3
405 463 3
360 419 3
361 419 3
364 422 3
367 425 3
368 425 3
368 426 3
369 426 3
379 437 3
385 442 3
385 443 3
386 443 3
395 454 3
396 454 3
396 455 3
397 455 3
348 406 3
353 411 3
354 411 3
355 413 3
358 416 3
362 478 2
366 424 3
369 427 3
370 428 3
371 429 3
371 430 3
379 436 3
380 437 3
383 441 3
386 444 3
387 445 3
388 446 3
389 447 3
390 448 3
391 449 3
392 450 3
394 452 3
395 453 3
455 456 3
399 456 3
399 457 3
352 411 3
412 413 3
356 413 3
416 417 3
363 478 2
363 421 3
424 425 3
426 427 3
427 428 3
428 429 3
430 431 3
382 441 3
442 443 3
443 444 3
444 445 3
445 446 3
446 447 3
447 448 3
448 449 3
449 450 3
450 451 3
451 452 3
452 453 3
453 454 3
454 455 3
461 462 3
462 463 3
407 408 3
351 408 3
361 478 3
421 422 3
423 424 3
374 432 3
401 458 3
406 407 3
410 411 3
357 416 3
425 426 3
432 433 3
436 437 3
441 442 3
456 457 3
351 467 3
421 478 3
422 423 3
380 439 3
381 439 3
457 458 3
408 467 3
417 418 3
419 478 3
410 467 3
439 440 3
458 459 3
411 469 3
411 412 3
429 430 3
431 432 3
440 441 3
377 493 3
436 493 3
418 419 3
357 473 2
416 473 3
434 493 3
380 496 3
437 496 3
439 496 3
423 480 2
421 479 3
431 488 3
432 489 2
356 472 3
478 479 3
430 488 3
431 489 2
413 472 3
357 472 3
439 498 3
440 498 3
458 516 3
421 480 3
422 480 2
428 487 3
429 487 3
488 489 3
436 494 3
456 515 3
457 515 3
457 516 3
472 473 3
432 490 2
433 490 2
434 491 2
437 494 3
442 500 3
452 510 3
453 510 3
453 512 3
454 512 3
459 518 3
460 518 3
416 475 3
417 475 3
417 476 3
418 476 3
419 477 3
429 488 3
440 499 3
441 499 3
441 500 3
454 513 3
455 513 3
461 520 3
462 520 3
462 521 3
463 521 3
406 464 3
407 465 3
407 466 3
408 466 3
411 470 3
412 470 3
412 471 3
413 471 3
477 478 3
479 480 3
425 483 2
433 491 2
437 495 3
439 497 3
443 500 3
443 501 3
444 502 3
445 503 3
446 504 3
447 505 3
448 506 3
449 507 3
450 508 3
451 509 3
453 511 3
456 514 3
461 519 3
464 465 3
465 466 3
466 467 3
470 471 3
418 477 3
424 482 2
427 485 2
493 494 3
494 495 3
495 496 3
496 497 3
497 498 3
498 499 3
501 502 3
445 502 3
503 504 3
504 505 3
505 506 3
506 507 3
507 508 3
508 509 3
509 510 3
511 512 3
455 514 3
514 515 3
459 516 3
460 519 3
519 520 3
475 476 3
482 483 3
428 485 2
490 491 3
510 511 3
459 517 3
517 518 3
518 519 3
468 469 3
471 472 3
416 474 3
476 477 3
423 539 2
424 539 2
426 483 2
426 485 2
428 486 2
486 487 3
487 488 3
489 490 3
499 500 3
410 468 3
480 539 3
482 539 3
485 486 3
500 501 3
502 503 3
512 513 3
513 514 3
426 484 2
515 516 3
473 474 3
474 475 3
483 484 3
520 521 3
484 485 3
469 470 3
516 517 3
434 550 2
467 468 3
493 550 2
491 550 3
487 545 2
488 545 2
517 576 3
518 576 3
477 535 3
493 551 2
480 538 3
550 551 3
505 563 3
513 571 3
478 536 3
478 537 3
479 537 3
486 544 3
486 545 3
488 546 2
489 546 3
500 558 3
504 563 3
512 570 3
512 571 3
536 537 3
480 537 3
538 539 3
485 544 3
545 546 3
493 552 2
499 558 3
570 571 3
514 571 3
519 577 3
521 579 3
465 523 3
466 523 3
469 527 3
470 527 3
473 530 3
476 535 3
551 552 3
494 552 2
503 561 3
506 563 3
514 572 3
517 575 3
518 577 3
520 577 3
520 578 3
464 522 3
465 522 3
472 530 3
476 534 3
482 540 3
484 542 3
485 543 3
544 545 3
489 547 3
490 547 3
490 548 3
495 552 2
495 554 3
496 554 3
497 555 3
498 556 3
499 557 3
501 558 3
501 559 3
502 560 3
503 560 3
503 562 3
504 562 3
506 564 3
507 565 3
508 566 3
509 567 3
510 568 3
511 569 3
571 572 3
516 574 3
575 576 3
471 530 3
534 535 3
535 536 3
537 538 3
539 540 3
483 540 3
542 543 3
543 544 3
546 547 3
491 548 3
491 549 3
554 555 3
555 556 3
556 557 3
502 559 3
562 563 3
563 564 3
564 565 3
565 566 3
566 567 3
567 568 3
568 569 3
515 572 3
515 574 3
574 575 3
521 578 3
475 533 3
475 534 3
483 541 3
483 542 3
547 548 3
549 550 3
557 558 3
560 561 3
561 562 3
569 570 3
576 577 3
577 578 3
522 523 3
473 532 3
474 532 3
533 534 3
548 549 3
515 573 3
578 579 3
540 541 3
541 542 3
558 559 3
572 573 3
573 574 3
466 524 3
468 526 2
530 532 3
474 533 3
559 560 3
467 526 2
469 526 2
471 527 3
532 533 3
523 524 3
467 525 2
466 525 2
495 553 2
525 526 3
552 553 3
553 554 3
524 525 3
530 586 3
526 527 3
527 586 3
471 586 1
532 586 3
527 585 3
539 597 3
577 636 3
578 636 3
526 584 3
585 586 3
537 596 3
538 596 3
540 597 3
554 612 2
557 615 3
558 615 3
579 636 3
525 583 3
526 583 3
584 585 3
549 608 3
550 608 3
551 609 3
555 612 2
532 590 3
533 590 3
534 593 3
535 593 3
536 594 3
538 597 3
545 603 3
550 609 3
553 611 3
561 619 3
566 625 3
567 625 3
571 629 3
572 629 3
524 582 1
524 583 1
583 584 3
533 591 3
537 594 3
543 601 3
544 603 3
546 603 3
547 606 3
548 606 3
549 606 3
552 611 3
559 617 3
560 617 3
562 619 3
522 580 1
522 581 1
523 581 1
523 582 1
582 583 3
590 591 3
534 592 3
535 594 3
537 595 3
542 600 3
542 601 3
544 601 3
544 602 3
546 604 3
547 604 3
555 613 2
556 614 2
556 615 3
558 616 3
558 617 3
560 618 3
562 620 3
563 621 3
564 622 3
565 623 3
566 624 3
568 625 3
568 626 3
569 627 3
572 631 3
573 631 3
574 631 3
574 632 3
575 633 3
580 581 3
534 591 3
592 593 3
594 595 3
595 596 3
596 597 3
541 597 3
600 601 3
602 603 3
547 605 3
552 609 3
553 612 3
612 613 3
613 614 3
618 619 3
619 620 3
620 621 3
621 622 3
622 623 3
623 624 3
624 625 3
625 626 3
626 627 3
572 630 3
631 632 3
575 632 3
576 636 3
579 637 3
581 582 3
532 589 3
591 592 3
601 602 3
603 604 3
604 605 3
617 618 3
570 627 3
629 630 3
576 633 3
576 634 3
636 637 3
586 589 3
589 590 3
541 599 3
605 606 3
608 609 3
609 610 3
552 610 3
614 615 3
615 616 3
616 617 3
630 631 3
633 634 3
597 599 3
542 599 3
632 633 3
593 594 3
599 600 3
610 611 3
570 628 3
627 628 3
634 636 3
586 646 3
611 612 3
589 646 3
571 628 3
628 629 3
606 608 3
586 645 3
634 693 3
636 693 3
645 646 3
592 650 3
600 658 3
601 658 3
585 644 3
586 644 3
591 650 3
597 656 3
599 656 3
636 695 3
637 695 3
599 658 3
603 661 3
604 661 3
608 665 3
613 672 3
614 672 3
616 674 2
632 690 3
636 694 3
594 652 3
606 665 3
615 673 2
615 674 2
631 690 3
633 690 3
584 643 3
585 643 3
644 645 3
589 647 3
593 652 3
596 654 3
604 662 3
610 668 3
614 673 3
634 692 3
693 694 3
694 695 3
581 639 3
582 640 3
643 644 3
646 647 3
590 648 3
595 652 3
595 654 3
601 659 3
605 662 3
608 666 3
609 668 3
611 668 3
617 675 3
620 679 3
621 679 3
633 692 3
580 638 3
582 639 3
583 640 3
584 642 3
589 648 3
591 649 3
593 651 3
595 653 3
597 654 3
597 655 3
658 659 3
602 659 3
602 661 3
605 663 3
606 664 3
665 666 3
609 667 3
612 671 3
613 671 3
671 672 3
672 673 3
618 675 2
618 676 3
619 677 3
620 678 3
622 680 3
623 681 3
624 682 3
625 683 3
626 684 3
627 685 3
628 686 3
629 687 3
630 688 3
631 689 3
633 691 3
638 639 3
583 641 3
584 641 3
647 648 3
649 650 3
592 651 3
651 652 3
652 653 3
655 656 3
599 657 3
602 660 3
662 663 3
663 664 3
608 667 3
667 668 3
611 670 3
612 670 3
616 675 3
676 677 3
677 678 3
678 679 3
679 680 3
680 681 3
681 682 3
682 683 3
683 684 3
684 685 3
685 686 3
686 687 3
687 688 3
688 689 3
689 690 3
690 691 3
691 692 3
692 693 3
640 641 3
641 642 3
642 643 3
650 651 3
654 655 3
657 658 3
664 665 3
666 667 3
675 676 3
639 640 3
591 648 3
653 654 3
661 662 3
674 675 3
648 649 3
656 657 3
659 660 3
670 671 3
673 674 3
660 661 3
668 670 3
670 727 3
668 727 3
672 730 3
673 730 3
652 710 3
653 710 3
692 750 3
645 703 3
648 706 3
655 713 3
656 714 3
657 714 3
693 750 3
644 703 3
656 713 3
658 716 3
659 716 3
662 720 3
671 729 3
672 729 3
675 733 2
676 734 2
690 748 3
646 703 3
653 711 3
660 719 3
661 719 3
663 720 3
673 731 3
674 733 3
675 734 3
689 748 3
691 750 3
639 697 3
649 706 3
710 711 3
662 719 3
729 730 3
673 732 3
638 696 3
640 697 3
640 698 3
641 698 3
641 699 3
642 700 3
643 701 3
644 702 3
646 704 3
647 705 3
649 707 3
650 708 3
651 709 3
654 712 3
655 712 3
713 714 3
657 716 3
659 717 3
660 718 3
663 721 3
664 722 3
665 723 3
666 724 3
667 724 3
667 725 3
668 726 3
670 728 3
674 732 3
676 735 2
677 735 2
681 739 3
682 740 3
683 741 3
684 742 3
685 743 3
686 744 3
687 745 3
688 746 3
689 747 3
691 749 3
693 751 3
694 752 3
695 753 3
696 697 3
697 698 3
698 699 3
699 700 3
700 701 3
701 702 3
703 704 3
704 705 3
705 706 3
706 707 3
707 708 3
651 708 3
709 710 3
716 717 3
717 718 3
721 722 3
722 723 3
723 724 3
724 725 3
725 726 3
726 727 3
730 731 3
732 733 3
733 734 3
677 736 2
678 736 2
680 738 3
680 739 3
739 740 3
740 741 3
741 742 3
742 743 3
743 744 3
744 745 3
745 746 3
746 747 3
747 748 3
748 749 3
750 751 3
751 752 3
752 753 3
653 712 3
712 713 3
657 715 3
719 720 3
720 721 3
731 732 3
702 703 3
708 709 3
714 715 3
715 716 3
718 719 3
727 728 3
671 728 3
734 735 3
735 736 3
738 739 3
749 750 3
728 729 3
679 738 3
711 712 3
679 736 2
679 737 2
736 737 3
737 738 3
711 769 3
712 769 3
753 811 3
697 756 3
698 756 3
699 758 3
700 758 3
702 760 3
710 769 3
727 786 3
728 786 3
733 792 3
734 792 3
738 796 2
703 761 3
704 763 3
705 763 3
735 792 3
737 796 3
741 799 3
701 760 3
703 760 3
704 761 3
706 763 3
707 765 3
708 765 3
712 770 3
713 770 3
713 771 3
714 771 3
725 783 3
740 799 3
748 806 3
749 806 3
696 754 3
699 756 3
699 757 3
701 759 3
706 764 3
708 766 3
709 767 3
710 767 3
710 768 3
715 773 3
716 774 3
716 775 3
717 775 3
718 776 3
719 777 3
720 778 3
720 779 3
721 779 3
722 780 3
723 781 3
724 782 3
725 782 3
726 783 3
727 785 3
729 788 3
730 788 3
731 789 3
732 790 3
733 791 3
735 793 3
739 797 2
742 800 3
742 801 3
743 801 3
744 802 3
745 803 3
746 804 3
747 805 3
749 807 3
750 808 3
751 809 3
752 810 3
752 811 3
697 754 3
697 755 3
756 757 3
757 758 3
758 759 3
760 761 3
764 765 3
708 767 3
768 769 3
769 770 3
714 773 3
773 774 3
775 776 3
776 777 3
777 778 3
779 780 3
780 781 3
781 782 3
726 784 3
730 789 3
789 790 3
790 791 3
791 792 3
792 793 3
736 794 3
738 797 2
799 800 3
801 802 3
802 803 3
803 804 3
804 805 3
805 806 3
807 808 3
808 809 3
809 810 3
754 755 3
755 756 3
704 762 3
765 766 3
766 767 3
778 779 3
782 783 3
783 784 3
727 784 3
785 786 3
729 786 3
735 794 3
737 794 3
796 797 3
800 801 3
759 760 3
762 763 3
763 764 3
770 771 3
774 775 3
784 785 3
793 794 3
771 773 3
740 797 2
810 811 3
767 768 3
806 807 3
761 762 3
788 789 3
797 799 2
737 853 3
796 853 3
794 853 3
786 788 3
786 845 3
788 845 3
799 856 2
799 857 2
766 825 3
767 825 3
773 830 3
797 856 3
856 857 3
771 830 3
756 814 3
796 855 3
797 855 3
802 860 3
757 814 3
763 821 3
768 825 3
785 844 3
786 844 3
793 852 3
794 852 3
852 853 3
796 854 3
801 860 3
764 821 3
766 824 3
853 854 3
802 861 3
803 861 3
762 821 3
765 823 3
824 825 3
768 826 3
771 829 3
775 833 3
776 833 3
788 847 3
789 847 3
854 855 3
800 857 2
808 866 3
754 812 3
755 813 3
757 815 3
758 815 3
758 816 3
759 817 3
760 818 3
761 819 3
762 820 3
764 822 3
766 823 3
769 826 3
769 827 3
770 827 3
770 829 3
773 831 3
774 832 3
775 832 3
776 834 3
777 835 3
778 836 3
779 837 3
780 838 3
781 839 3
782 840 3
783 841 3
784 842 3
785 843 3
790 848 3
791 849 3
792 850 3
793 851 3
800 858 2
804 862 3
805 863 3
806 864 3
807 865 3
807 866 3
809 867 3
810 868 3
811 869 3
812 813 3
813 814 3
815 816 3
816 817 3
817 818 3
818 819 3
819 820 3
821 822 3
765 822 3
823 824 3
825 826 3
830 831 3
831 832 3
833 834 3
834 835 3
835 836 3
836 837 3
837 838 3
838 839 3
781 840 3
840 841 3
841 842 3
842 843 3
844 845 3
847 848 3
848 849 3
849 850 3
850 851 3
851 852 3
857 858 3
801 858 2
860 861 3
861 862 3
862 863 3
863 864 3
864 865 3
865 866 3
809 866 3
867 868 3
868 869 3
826 827 3
829 830 3
839 840 3
843 844 3
855 856 3
866 867 3
814 815 3
820 821 3
832 833 3
845 847 3
822 823 3
827 886 3
770 886 3
801 917 2
858 917 3
860 917 2
847 904 3
829 886 3
845 904 3
822 880 3
821 880 3
823 880 3
826 885 3
827 885 3
830 888 3
831 888 3
821 879 3
852 911 3
853 911 3
860 918 2
863 921 3
814 872 3
879 880 3
824 883 3
825 883 3
833 892 3
834 892 3
837 895 3
838 895 3
847 905 3
854 912 3
917 918 3
862 921 3
815 872 3
823 881 3
826 883 3
904 905 3
847 906 3
848 906 3
849 908 3
850 908 3
853 912 3
855 914 3
857 915 3
861 918 2
865 923 3
866 923 3
812 870 3
813 871 3
815 873 3
816 874 3
817 875 3
818 876 3
819 877 3
820 877 3
880 881 3
824 882 3
826 884 3
884 885 3
829 887 3
829 888 3
831 889 3
832 890 3
833 890 3
835 893 3
836 894 3
838 896 3
839 897 3
840 898 3
841 899 3
842 899 3
842 900 3
843 901 3
844 902 3
849 906 3
849 907 3
851 909 3
852 910 3
855 912 3
856 914 3
861 919 2
862 919 2
863 922 3
864 922 3
866 924 3
867 925 3
868 926 3
869 927 3
870 871 3
871 872 3
872 873 3
873 874 3
874 875 3
875 876 3
819 876 3
824 881 3
883 884 3
885 886 3
887 888 3
889 890 3
892 893 3
893 894 3
894 895 3
895 896 3
896 897 3
897 898 3
898 899 3
899 900 3
900 901 3
901 902 3
845 902 3
906 907 3
908 909 3
909 910 3
855 913 3
913 914 3
858 915 3
858 916 3
918 919 3
922 923 3
924 925 3
925 926 3
926 927 3
876 877 3
820 936 3
821 936 3
881 882 3
882 883 3
886 887 3
888 889 3
905 906 3
910 911 3
911 912 3
857 914 3
915 916 3
916 917 3
862 920 2
921 922 3
912 913 3
914 915 3
919 920 3
920 921 3
879 936 3
877 936 3
845 961 3
907 908 3
923 924 3
904 961 3
890 892 3
902 961 3
890 949 3
892 949 3
920 979 3
921 979 2
871 929 3
872 929 3
873 931 3
874 931 3
874 932 3
875 932 3
922 980 2
923 980 2
924 983 3
925 983 3
902 960 3
917 975 3
918 975 3
922 979 2
926 984 3
876 934 3
877 934 3
877 935 3
879 937 3
880 937 3
880 939 3
881 939 3
890 948 3
894 953 3
895 953 3
901 960 3
908 966 3
918 976 3
920 978 3
926 983 3
927 984 3
870 928 3
872 931 3
931 932 3
875 933 3
935 936 3
881 940 3
882 940 3
883 941 3
884 942 3
885 943 3
886 944 3
887 945 3
888 946 3
889 947 3
948 949 3
892 950 3
893 951 3
894 952 3
896 954 3
897 955 3
898 955 3
898 956 3
899 957 3
900 957 3
901 959 3
904 962 3
905 963 3
907 966 3
909 967 3
910 968 3
911 969 3
912 970 3
913 971 3
914 972 3
915 973 3
918 977 3
919 977 3
919 978 3
928 929 3
933 934 3
940 941 3
941 942 3
942 943 3
943 944 3
944 945 3
945 946 3
946 947 3
947 948 3
950 951 3
951 952 3
953 954 3
954 955 3
955 956 3
956 957 3
900 958 3
900 959 3
962 963 3
906 1022 3
908 967 3
967 968 3
968 969 3
969 970 3
970 971 3
971 972 3
972 973 3
916 973 3
978 979 3
979 980 3
923 981 2
983 984 3
927 985 3
934 935 3
936 937 3
960 961 3
905 1022 3
907 965 3
916 974 3
975 976 3
976 977 3
980 981 3
984 985 3
932 933 3
939 940 3
949 950 3
952 953 3
957 958 3
959 960 3
961 962 3
965 966 3
966 967 3
973 974 3
917 974 3
958 959 3
963 1022 3
906 965 3
974 975 3
977 978 3
924 981 2
929 931 3
965 1022 3
929 988 3
931 988 3
965 1023 3
981 983 3
880 996 3
939 996 3
1022 1023 3
937 996 3
932 990 3
950 1009 3
951 1009 3
960 1018 3
977 1035 3
980 1039 3
981 1039 3
933 990 3
934 992 3
935 992 3
959 1018 3
961 1019 3
962 1019 3
962 1021 3
963 1021 3
966 1025 3
967 1025 3
969 1027 3
976 1034 3
978 1035 3
979 1037 3
980 1037 3
981 1040 3
933 992 3
936 994 3
939 997 3
1021 1022 3
970 1027 3
973 1031 3
974 1031 3
975 1034 3
977 1034 3
978 1037 3
982 983 3
933 991 3
935 994 3
937 994 3
940 997 3
940 999 3
941 999 3
952 1010 3
959 1017 3
968 1025 3
981 982 3
982 1041 3
983 1041 3
985 1043 3
928 986 3
929 987 3
931 989 3
931 990 3
990 991 3
991 992 3
935 993 3
942 1000 3
943 1001 3
944 1001 3
944 1002 3
945 1003 3
946 1004 3
947 1005 3
948 1006 3
949 1007 3
950 1008 3
1008 1009 3
951 1010 3
953 1011 3
954 1012 3
955 1013 3
956 1014 3
957 1015 3
958 1016 3
958 1017 3
961 1018 3
962 1020 3
968 1026 3
969 1026 3
970 1028 3
971 1029 3
972 1030 3
973 1030 3
974 1032 3
975 1032 3
1039 1040 3
984 1042 3
984 1043 3
986 987 3
987 988 3
988 989 3
992 993 3
993 994 3
996 997 3
1000 1001 3
1001 1002 3
1002 1003 3
1003 1004 3
1004 1005 3
1005 1006 3
1006 1007 3
1007 1008 3
1010 1011 3
1011 1012 3
1012 1013 3
1013 1014 3
1014 1015 3
1015 1016 3
1017 1018 3
1018 1019 3
1019 1020 3
1020 1021 3
1025 1026 3
1027 1028 3
1028 1029 3
972 1029 3
1030 1031 3
1035 1036 3
978 1036 3
982 1040 3
1041 1042 3
999 1000 3
1009 1010 3
1016 1017 3
1026 1027 3
1029 1030 3
1031 1032 3
1034 1035 3
1042 1043 3
1036 1037 3
1040 1041 3
989 990 3
966 1023 3
