0.0101355 0.0117208 -0.29017
0.0115883 0.012177 -0.357921
0.0242477 0.0122957 -1.02341
0.0415805 -0.0110584 -2.18091
0.0130727 -0.320163 5.49952
0 -0.313165 6.76264
0.0690755 -0.0511224 -4.78586
0.126398 -0.0378069 -12.5434
0.0556673 -0.0783406 4.25067
0.0466827 -0.160398 7.51154
0.0347559 -0.118772 9.4926
0.010848 -0.0921524 14.7019
-0.00889733 -0.0683435 19.5071
-0.0208254 -0.0623483 22.676
-0.0156039 -0.0243565 20.2718
0.00501985 -0.0127688 13.3842
-0.00650298 -0.00793637 18.6699
0.0123759 -0.00239468 11.4826
0.00044624 -0.105227 15.8262
0.0285974 -0.128426 4.63105
0.00665907 -0.0515142 12.851
0.0150906 -0.00197084 8.14754
0.135923 -0.0938213 -56.3815
0.111211 -0.0881759 -43.8111
0.0447487 -0.0864182 -9.07511
0.0012296 -0.083672 13.989
0.000526811 -0.0972135 14.4296
-0.0330706 -0.0698705 32.9598
-0.028509 -0.0747835 30.4074
-0.0148927 0.203859 20.534
-0.0371157 -0.110057 37.1478
-0.0547913 -0.0991271 48.5286
-0.0206207 -0.076612 23.173
0.0573021 -0.0426675 -32.6737
0.1084 -0.0662379 -69.1115
0.0749899 -0.0914312 -42.6661
0.0417338 -0.0965762 -17.1686
0.0351449 -0.129388 -10.981
-0.000587584 -0.12368 18.6658
-0.384384 -0.100309 343.86
-0.156301 -0.144577 149.833
-0.102053 0.00559164 101.103
-0.0824808 0.150908 82.5932
-0.0812519 0.0550155 81.8237
-0.0266815 -0.0239483 30.2267
-0.00820317 -0.0592956 12.332
0.0123286 -0.0377717 -8.28709
0.00106655 -0.042805 2.7086
0.00148916 -0.0242088 2.03926
0.0196557 -0.0439832 -15.3988
0.000661679 -0.0416501 4.63648
-0.01941 -0.0660584 27.5059
-0.0226642 -0.0291554 29.5724
-0.00790979 -0.00181622 11.2272
0.0840336 -2.04694 -54.2203
-0.00391677 0.0145516 6.50472
0.00635412 0.00996933 -5.96366
0.00532484 -0.00410073 -3.89846
0.0106609 0.0106592 -0.262948
-0.270568 0.104337 11.328
-0.268014 0.0304115 24.3193
0.00239658 -0.00531606 1.45971
0.024481 0.00535033 -0.97033
0.942485 0.00235827 -108.809
0.0523255 -0.0205459 -4.38384
0.048814 -0.0212177 -3.05609
0.132028 -0.095075 -10.5348
0.0446165 -0.150988 7.74383
-0.00431498 -0.0218357 15.7071
0.0149834 -0.0980373 13.7673
0.012984 -0.0759377 13.5613
0.0261995 -0.0577422 9.5056
0.0182373 -0.025196 9.21512
0.0274431 -0.00356152 5.71069
0.00575707 -0.0111163 14.1255
-0.00099067 -0.00740222 16.336
0.0614564 -0.162378 -8.7609
0.0411132 -0.123905 -0.48504
0.0159 -0.0291603 8.32559
0.00887926 -0.62895 24.3842
-0.0960925 -0.267947 66.3852
0.0543142 -0.10508 -13.4341
0.00456118 -0.122993 12.8766
0.0171216 -0.123818 5.93373
0.0110424 -0.106147 7.88031
-0.0279545 -0.0810727 30.0875
-0.0324443 -0.0775201 32.8799
-0.0346428 -0.0970939 34.6491
-0.044963 -0.0895625 40.78
-0.0386376 -0.0715215 35.3717
-0.00232538 -0.088787 10.6955
0.0459194 -0.0798516 -23.8955
0.0856129 -0.0786168 -52.0388
0.0420608 -0.102576 -17.291
0.0174285 -0.138839 3.23856
0.0289812 -0.168158 -4.95694
0.018836 -0.185165 3.90994
-0.560532 -0.172578 493.677
-0.0658495 -0.16144 69.1729
-0.00361212 0.014195 5.12103
-0.0032015 0.00886724 5.01722
0.00784536 0.00954049 -4.4187
-0.00992002 0.00369147 13.3039
-0.00524888 -0.00854503 8.08961
-0.318455 0.0511481 319.137
-0.0158658 -0.0107225 19.247
-0.0100205 0.00250087 12.7634
0.0111077 -0.0563177 -5.62361
0.00299003 -0.079233 3.86165
-0.0464759 0.0650417 57.9156
-0.0144243 -0.0334758 20.8038
-0.011139 0.00419555 15.7599
-0.0146289 -0.0142501 21.5386
-0.00404273 0.01718 6.87807
-0.00357627 -0.0165852 8.24465
0.212933 0.00182981 -252.995
0.0103106 0.00777644 -0.0804133
0.259851 0.0117691 -8.83615
-0.237754 -0.160155 31.2033
0.00995278 0.00231683 0.188244
0.0172315 -0.0115676 0.408575
0.0242321 -0.00349053 -0.655066
0.117182 -0.0506197 -10.6927
1.07826 0.0263316 -168.816
0.0325686 -0.103681 7.51302
-0.0537708 -0.0935303 22.4533
-0.038329 -0.00837884 13.4124
0.00456946 -0.0143036 3.37195
0.0187877 -0.00184032 -0.611572
-0.0127583 -0.167852 19.1094
0.00472375 -0.000800579 3.82693
-0.0030205 -0.00487395 6.12199
-0.0146713 -0.0149642 10.6546
0.0495804 -0.0863984 -7.65533
0.0410205 -0.105147 -3.5524
0.012076 -0.132864 10.517
-0.0375097 -0.0893848 28.4775
0.00279248 -0.115165 10.9971
0.0220068 -0.082407 -0.0194268
0.0322424 -0.114333 -2.67691
0.0174256 -0.0979053 4.18963
-0.0101555 -0.0975937 18.9658
0.0118044 -0.115147 7.79159
-0.00139431 -0.100213 15.0627
-0.0191526 -0.101771 26.028
-0.0242506 -0.0806206 27.326
-0.0456171 -0.0495843 39.6752
-0.0601324 -0.0447836 48.9066
0.000649194 -0.0693341 7.10684
0.0652351 -0.0822975 -37.7567
0.0371675 -0.0970262 -15.8815
0.0212029 -0.120634 -1.80268
0.00951493 -0.159289 9.07831
-0.00580516 -0.118892 19.5537
-0.0311961 -0.165207 43.5062
-0.0271588 0.0132092 25.8582
0.00112309 0.00985008 1.55717
0.0164029 0.0163613 -12.0789
-0.00582949 0.000744096 9.19092
0.0110691 0.0205895 -8.42434
-0.017556 -0.0118496 21.3112
0.190695 0.227588 -195.478
-0.00627698 0.00234113 8.89458
-0.0813705 -0.106403 91.3804
0.00161512 -0.0518651 3.83388
0.00511994 -0.0417669 -0.0230836
0.00776834 -0.0259703 -3.94918
-3.51063e-05 -0.0155261 4.32692
0.00718628 -0.0292421 -3.18921
0.00983389 -0.00608269 -7.11341
-0.0182864 -0.00443555 25.2061
-0.00389151 -0.00165891 8.04664
-0.00958254 -0.0205833 15.7132
0.201679 -0.00326068 -238.927
-0.00688096 0.0547635 -2.49617
0.0135987 0.0104776 -0.360846
-0.00720845 0.0180974 7.44089
0.0026026 0.0827465 -4.85001
-0.131648 0.0752871 12.9015
-0.00602802 0.105397 -5.45677
0.0201695 -0.0107202 -0.134559
0.25948 0.17722 -51.37
-0.00682179 -0.0379349 8.35287
-0.0350348 -0.063726 16.3044
-0.029256 -0.0315981 12.5083
0.00244008 -0.0109753 3.76775
0.0154502 -0.018966 1.35904
0.0112781 -0.00840357 2.13499
-0.00567825 -0.0121471 7.51135
-0.0147492 -0.0187407 10.759
0.0201042 -0.035745 -0.274747
0.0300664 -0.0299668 -4.39299
0.0307015 -0.0650622 -1.34885
-0.0132078 -0.0850203 18.4389
-0.0411144 -0.0822359 30.6748
-0.00815423 -0.0551491 12.1481
0.038557 -0.0578184 -9.48724
0.0307085 -0.0618141 -4.87893
0.00436896 -0.0645757 9.37551
-0.00143313 -0.0709093 12.8358
0.00491119 -0.0741419 9.60866
0.0933374 -0.0915585 -40.6848
0.00270378 -0.0589536 9.04776
-0.00575645 -0.0733558 15.5266
-0.0291889 -0.0752593 30.878
-0.0272388 -0.0124736 24.5724
0.0638541 -0.0421684 -38.9096
0.00236474 0.0163308 1.36056
0.0167926 -0.0403775 -4.39782
-0.00187399 -0.0341003 9.04527
0.0246207 -0.038447 -11.4461
-0.0453438 -0.0471629 46.9155
-0.0614939 -0.0357614 59.2964
-0.0346341 0.0194874 31.8962
0.00553879 0.0110711 -2.35159
0.00523538 0.00603755 -1.36248
-0.0108343 0.0164104 12.4026
-0.000840532 0.00948191 3.6594
-0.0146621 0.00608695 17.0637
-0.00592821 0.0158194 7.95362
-0.00226201 0.02025 3.80235
0.0896787 -0.024156 -87.3359
-0.0106448 -0.014462 15.073
-0.0133136 -0.0331189 19.4616
0.0207471 -0.0243918 -18.1982
-0.00877863 -0.00819376 13.3875
0.265459 -0.060924 -293.714
0.00680842 -0.0143706 -3.14137
-0.0119793 -0.0331326 20.1078
-0.00781147 -0.0319818 14.673
-0.00204625 -0.0250381 6.75419
-0.00123035 -0.0260729 5.91841
0 -0.0600954 7.12985
0.00999637 0.00383838 0.300572
0.0004654 -0.000486494 0.965193
-0.0166199 -0.0562847 7.9499
0.00804887 -0.00433671 0.759799
0.0149708 -0.0104709 0.611761
0.16864 -0.0166733 -19.6149
0.0407312 -0.0172912 -2.34571
0.000640068 -0.0676962 10.3104
-0.0272926 -0.0449178 12.9115
-0.009739 -0.0307449 8.19875
0.00226052 -0.0234291 4.62609
0.020969 -0.024257 0.162522
0.011774 -0.027531 3.39653
-0.00537739 -0.0257227 8.55116
-0.00476279 -0.0240174 8.01493
0.00450213 -0.0121464 2.88032
0.0863833 -0.117252 -17.5573
0.0172079 -0.069212 3.90162
0.00475821 -0.0918588 11.8113
-0.017257 -0.0470498 15.6456
-0.00184264 -0.0321577 6.94365
0.0109347 -0.055877 4.25623
0.0172477 -0.0593753 1.61494
0.00513401 -0.0731927 9.8006
-0.0177676 -0.0946913 23.9344
0.00594842 -0.0580042 6.78407
-0.00938536 -0.0713031 17.7724
-0.0115701 -0.0693552 19.0676
-0.0191445 -0.0470326 20.5373
-0.00194967 -0.0477119 10.11
0.0455345 -0.0148181 -25.1556
-0.00135087 0.0102623 4.77671
0.0268965 0.0323954 -17.6711
0.0176658 0.0380409 -11.5156
-0.00381512 0.0361123 4.6161
0.00028979 0.0328451 1.95931
-0.00834394 -0.00820055 12.9761
-0.0580076 0.0202837 51.5362
-0.0490733 0.017737 44.1226
-0.0428221 0.00835679 39.5655
0.00843244 0.00867238 -4.44156
0.00439424 0.00894941 -0.795654
-0.00492518 0.017184 7.01022
-0.00384025 0.0226755 5.46674
-0.00368513 0.0246669 5.08641
-0.00524885 0.0264108 6.61635
-0.0133989 0.0219374 15.3899
-0.0122018 0.00941485 15.1469
-0.0182882 0.00122876 22.2737
0.00395738 -0.00539656 -1.41197
-0.003253 -0.0302334 8.48558
-0.0133022 -0.0157872 18.0987
0.0192177 -0.0374867 -16.3284
-0.0131415 -0.0368778 21.5508
0.0484524 -0.131128 -45.5941
0.128906 -0.417969 -118.176
-0.00181171 -0.0215278 6.19204
0.00622781 0.00360313 0.321829
0.00167591 0.000811075 0.737408
0.00221583 -0.00131833 0.87341
0.00906195 -0.00152197 0.44645
0.00926839 -0.0130937 1.56657
0.0355258 -0.0225558 -0.969802
0.0830134 -0.0228872 -7.4279
0.0385675 -0.0575638 2.42333
0.00129749 -0.0374911 6.34058
-0.0146002 -0.0505015 10.7862
0.00442257 -0.0168074 3.32545
0.0111271 -0.0230094 2.33558
0.0292925 -0.012009 -3.56057
0.00935853 -0.0018703 0.743596
-0.00306252 -0.00488506 5.17524
-0.0142868 -0.00527431 8.96539
-0.000339404 0.0147415 1.63334
0.00813964 -0.000540041 0.723233
-0.0176523 0.00335872 9.81303
-0.00318077 -0.021355 6.60718
-0.00809549 -0.00605501 6.99563
0 0 -1
-0.00203455 -0.0446131 8.85518
0.0075635 -0.0585306 6.88439
0.0127464 -0.0286212 0.961687
-0.0107881 -0.0643647 17.7006
0.011208 -0.068605 5.07043
-0.000799119 -0.0440628 10.1134
-0.023822 -0.0272173 21.9847
-0.0222076 -0.0218126 19.5389
0.0155926 0.0072047 -8.17685
0.037158 -0.000536987 -20.4382
0.037163 0.0287995 -24.1973
0.0401744 0.0527735 -29.1882
0.0246654 0.0439461 -16.436
0.00481804 0.0624214 -3.86077
-0.0154356 0.0657334 11.3512
-0.0212217 0.0510732 17.9712
-0.0477589 0.0256637 42.4861
-0.0486844 -0.00904647 46.6751
-0.0216038 0.00200615 22.395
0.00713514 0.00339272 -2.75882
0.0110233 0.00908467 -6.9225
-0.00174721 0.0143809 4.27165
0.00403372 0.0291234 -2.90277
-0.00175471 0.0388891 1.72246
-0.0114472 0.0260929 12.745
-0.0160994 0.0232478 17.8745
-0.0264759 0.0299614 27.6623
-0.0192584 0.0192199 21.4567
-0.0225677 0.0113317 26.1239
-0.0288668 0.00230756 33.6469
-0.00100545 -0.0134126 3.9973
0.00794279 -0.0244548 -4.94346
0.00120675 -0.0309075 3.78068
-0.126297 -0.414189 198.725
-0.00224578 -0.0173249 6.28108
-0.00224298 -0.0125347 5.7278
0.0022326 0.00841506 -0.341892
-0.00761637 -0.00659877 1.99715
-0.00121239 0.00715664 -0.114422
0.000691247 0.0018166 0.493261
0.00377212 -0.00343189 0.899239
0.0140493 -0.0190148 1.69744
0.0712981 -0.00258958 -8.28846
0.00393707 -0.0227979 3.68438
0.0107002 -0.0357381 4.46309
0.00452443 -0.0330655 5.25804
0.0123216 0.00327816 -1.14158
0.0106673 -0.00328427 -0.0615893
0.077811 -0.0408984 -12.8994
0.0123933 0.0190442 -2.07717
0 0 -1
-0.00798953 0.022441 3.80452
-0.00448174 0.0278628 1.73324
-0.00624212 0.020812 3.4927
-0.0284866 0.0163127 12.6999
-0.0177318 0.0151607 8.22813
-0.0129482 0.0125443 6.74294
-0.00972323 -0.00545623 7.60392
-0.0164801 0.000191519 9.92638
-0.00440634 -0.0251853 7.54621
-0.00934141 -0.0320473 11.3406
0.00739075 -0.0488781 4.5977
0.0437445 -0.0414448 -16.8048
-0.00940408 0.00297475 8.61812
-0.0241986 0.0188653 15.4936
-0.0121107 -0.00613123 10.8408
0.033211 0.0126333 -20.6717
0.0599007 0.0189867 -38.5796
0.0539586 0.0352693 -36.7348
0.0436577 0.0321851 -28.9016
0.0206241 0.0217614 -10.7126
0.00744151 0.0266464 -1.48133
-0.00127057 0.0204615 6.13579
-0.0257177 0.0356139 23.7646
-0.0618799 0.0239646 54.9198
-0.0556131 0.0230296 48.0785
0.00766043 0.00280573 -3.0658
0.00602368 0.00611628 -2.086
0.0175035 0.00757204 -12.9114
0.0161953 0.0164712 -12.7858
0.00992197 0.0243795 -7.71296
0.00164362 0.0219114 0.641206
-0.00431749 0.0238461 6.2736
-0.0141262 0.0351478 14.7284
-0.041307 0.0410084 42.1987
-0.0477056 0.0260539 51.0206
-0.0271944 0.0143818 30.6687
-0.0347487 0.0201721 37.8127
-0.026711 0.00727732 30.5759
-0.00571699 -0.00346421 8.11736
0.00458631 -0.0170472 -1.95148
0.000696442 -0.0131249 2.18212
0.0025219 -0.00754823 -0.759846
0.0013872 -0.0034753 0.087121
0.00411285 0.0221691 -2.83604
0.0301191 0.00984933 -1.22853
0.00602341 0.0521431 -8.4563
-0.00257282 0.0131855 -1.04226
-0.00250588 0.00510842 0.268265
0.00232656 -0.00105224 0.704156
0.00869033 -0.00491649 0.547575
0.00929242 -0.0115887 1.3915
0.0166279 -0.0102562 0.0398741
0.0232194 -0.00564589 -1.84913
0.00701924 -0.00369885 1.00967
0.0201321 0.0147296 -5.13832
0.0509363 0.0300825 -15.2078
0.0239796 0.0311681 -7.31619
-0.00623238 0.0263965 2.53136
-0.0159533 0.0247752 5.82855
-0.00412886 0.00958686 4.31532
-0.00604139 0.0139508 4.47069
-0.0159926 0.0168578 7.64568
-0.0202841 0.0347068 6.57568
-0.0263088 0.0320063 9.58616
-0.0173945 0.0280399 6.06694
-0.0166979 0.047609 2.33102
0.00392835 0.00254356 -0.869198
-0.0292015 -0.015445 19.1673
-0.0243469 -0.0352133 19.9847
0.00579018 -0.0329533 3.67439
0 0 -1
0.0051019 -0.011277 -0.0417273
0.00204425 0.0146972 -1.59483
0.0696994 0.00588371 -43.5593
0.0732133 0.0143906 -46.825
0.0529201 0.0213835 -34.2029
0.0467835 0.039539 -32.7705
0.035605 0.0669196 -29.5581
0.00469812 0.044448 -2.55177
-0.00071359 0.0178262 6.00391
-0.0172711 0.0248287 18.234
-0.0436734 0.00897474 42.6185
-0.0487181 0.0333922 41.8442
-0.04332 0.0110906 41.2304
0.00886875 0.00123795 -3.84426
0.0163016 0.0033899 -10.901
0.0228888 0.0146145 -18.8724
0.0117831 0.0131413 -7.94264
-0.00402042 0.00772512 8.25462
-0.00306981 0.000862663 8.46992
-0.000116861 0.0053723 4.88373
-0.0239688 0.012394 28.4628
-0.0396545 0.00318395 46.2857
-0.0276121 -0.0154663 35.8063
-0.0348027 0.00208772 40.8832
-0.0380501 0.0364689 38.7185
-0.0233117 0.00295743 27.4984
-0.000257733 -0.00433524 1.97725
0.0040074 -0.00245154 -3.368
0.138075 0.391981 -234.117
0.00372161 0.00472423 -4.11996
-0.000902571 0.128941 -21.7956
0 0 -1
0 0 -1
0.101227 -0.107464 12.5088
-0.00607128 0.0112208 -0.507353
-0.00158795 0.00474368 0.256501
0 0 -1
0.0110647 0.00555758 -1.70094
0.0152091 0.0053505 -2.41387
0.0173191 0.00786064 -3.0797
0.0148141 0.0119028 -3.40037
0.0618023 0.0413638 -19.7986
0.0279576 0.186603 -36.3289
0.0189315 0.0798605 -14.3045
-0.0329114 0.0926745 -1.03879
-0.0315058 0.0651985 3.62114
-0.0121126 0.045402 0.980526
-0.0155995 0.0366529 3.82211
-0.000747296 0.0308139 -0.98595
-0.0143491 0.048482 1.51074
-0.0166992 0.111713 -9.26058
0.00492902 0.155566 -27.2922
-0.00790977 0.263238 -41.7002
0.00282174 0.101978 -17.356
-0.0101816 0.129616 -15.6256
0.00392558 0.233177 -42.6031
0.00275811 0.290551 -52.596
-0.00999393 0.0434728 4.03651
-0.0672357 0.041205 39.3592
0.0573784 0.30104 -88.313
0.0611206 -0.00308671 -36.6531
0.0883401 0.0219256 -58.611
0.0650848 0.062661 -49.9203
0.0693333 0.0957091 -58.9921
0.0630789 0.115062 -58.122
0.0305721 0.139072 -38.8684
0.00354037 0.0213924 1.89456
0.0831734 0.0389243 -57.9621
0.0868602 0.0361522 -60.331
0.0678352 -0.00984147 -25.2967
0.0452529 -0.00764257 -5.99019
0.0315478 -0.0194065 -20.6988
0.0318122 -0.00778627 -23.1109
0.0264296 0.0183504 -22.8124
0.000326784 0.0055074 4.33129
-0.00451565 -0.00263686 10.4713
0.00313618 -0.0124893 4.516
-0.00265589 -0.00312681 8.79442
-0.0401943 -0.0137823 49.8597
-0.0340384 -0.0248506 44.7254
-0.0323249 -0.00981445 40.0685
-0.0222276 -0.00520629 28.2322
-0.0313249 0.00830741 35.7743
-0.00565813 0.00874356 6.03391
0.000285267 0.00942914 -1.03903
0.00451521 0.00968465 -6.07728
0.00853459 0.00823611 -10.7212
0.00279147 0.00949157 -3.80625
0.238806 0.103161 -23.165
0.219045 0.107236 -23.2476
-0.00283317 0.132719 -17.0643
-0.00617456 0.0243449 -2.89834
-0.0080975 0.0230285 -2.58424
0.00176677 0.132493 -18.1347
0.00105147 0.0144021 -1.71173
0.0191142 0.281892 -54.0641
-0.00326294 0.3335 -62.172
0.018396 0.0153882 -4.71391
0.0214151 0.197105 -36.3828
0.0143872 0.139421 -22.3746
-0.0104796 0.105069 -8.65267
-0.0063045 0.170813 -24.0159
-0.0161298 0.151833 -17.8664
-0.0114345 0.126266 -14.5222
-0.0128403 0.10724 -10.3086
0.00398894 0.377751 -70.8473
0.000738717 0.380985 -70.3134
0.00435911 0.385476 -72.2671
0.00154581 0.325645 -58.2593
-0.0093768 0.284728 -44.817
-0.0045886 0.290763 -48.1136
-0.00417969 0.278927 -46.2717
-0.00285636 0.327892 -56.7952
0.0111139 0.314867 -61.8287
0.00753154 0.301274 -57.1395
0.00584292 0.318936 -59.9193
0.0313878 0.280827 -67.6828
0.0339857 0.30058 -73.5423
0.0682399 0.260549 -86.9296
0.148839 0.133658 -114.229
0.168062 0.0505846 -109.915
0.0597347 0.0976026 -52.4319
0.0624697 0.0968889 -54.2888
0.0638472 0.100918 -56.1034
0.085664 0.0440307 -61.0739
0.0877937 0.0348816 -60.8094
0.0863864 0.0441627 -61.8251
0.067666 -0.00708999 -25.4849
0.0504879 -0.00286481 -11.4941
0.0347471 -0.0159839 -2.33893
0.0652051 0.009523 -35.2295
0.0961349 0.0203963 -66.3783
0.0946104 -6.21068e-05 -60.6032
0.0813834 -0.0151831 -44.6242
0.0725374 -0.00820691 -37.3487
0.0921731 -0.00431391 -58.214
0.0840105 -0.000914641 -50.3323
0.0538223 0.0132278 -21.4817
-0.0272787 -0.0142179 35.4782
0.0906007 0.00315723 -58.5303
-0.0281212 0.0175474 30.6797
-0.01695 0.00970729 19.0582
0.00294543 0.0147 -5.08699
0.00562782 0.0128398 -7.74177
0.00754665 0.0120853 -9.96162
-0.0450314 -0.0359146 116.785
0.427968 0.609491 -132.313
-0.00437117 0.149693 -20.958
0.0142083 0.192355 -31.5653
0.00801326 0.174078 -27.7472
-0.00520131 0.223538 -37.5344
-0.00419377 0.172061 -26.2279
0.0208965 0.241654 -45.2538
0.0221715 0.29865 -58.6577
0.027037 0.357015 -72.9535
0.0166187 0.365287 -72.7133
0.00530425 0.198813 -33.6553
0.0164547 0.15388 -26.5676
0.0113093 0.420324 -83.7884
0.0133484 0.35389 -68.5135
0.0143583 0.356464 -69.7375
0.0139358 0.327237 -61.9858
-0.0115128 0.299107 -46.6803
-0.00226237 0.311131 -52.9244
-0.00833862 0.321029 -52.7366
-0.00475677 0.318932 -53.8287
0.00620462 0.329109 -61.0817
-0.00288241 0.298431 -50.7897
0.00642036 0.312423 -58.5265
0.00682185 0.309511 -57.9742
0.00323016 0.32265 -58.9549
-0.00396021 0.316435 -53.7316
0.00571277 0.325095 -61.1859
-0.00422329 0.316131 -53.3042
0.0160135 0.307851 -63.6548
0.0189364 0.308376 -65.6754
0.0492958 0.271949 -77.3772
0.048975 0.237385 -69.4278
0.05441 0.271561 -81.6176
0.199732 0.112702 -147.268
0.185716 0.0757166 -127.798
0.112115 0.265446 -116.664
0.0846098 0.0695011 -65.4316
0.0808005 0.0792562 -64.4082
0.0807808 0.076798 -64.1553
0.106513 -0.0311753 -53.7437
0.0814613 -0.0137816 -35.9125
0.0442082 -0.0084937 -12.403
0.0707659 -0.00509734 -37.335
0.0907635 0.00688516 -58.5694
0.0849987 0.012542 -54.2104
0.0787518 0.00381563 -46.1243
0.0757102 0.0105122 -44.717
0.0862392 0.0177656 -57.1351
0.0868073 0.00229547 -53.9896
0.0773348 0.0162034 -47.0962
0.0850392 -0.00188668 -51.1666
0.0847535 0.00101572 -51.5672
0.0815344 -0.0120563 -45.06
0.0854409 -0.0217968 -47.334
0.077703 -0.0154277 -39.7105
0.0773525 -0.00153852 -42.387
0.0760769 -0.00227012 -40.7016
0.0805373 -0.0111996 -43.9604
0.0223932 0.202209 -34.3603
0.000581487 0.198164 -32.7263
0.0250001 0.243006 -43.7416
0.00417077 0.452494 -92.7545
0.0165193 0.492867 -103.413
0.0372052 0.707455 -158.716
0.0299753 0.636683 -139.907
0.032496 0.474713 -101.537
0.0159575 0.417534 -84.2583
0.0264813 0.418401 -86.4631
0.0342115 0.380261 -78.4189
-0.0120187 0.298878 -47.2137
0.00426809 0.301602 -52.6424
0.00723323 0.310709 -55.645
0.00690828 0.330127 -60.7508
0.00961848 0.321209 -59.6033
-0.0063646 0.304862 -49.823
-0.0127415 0.284362 -42.5296
-0.00998609 0.287827 -44.6438
-0.0114357 0.296591 -46.2652
-0.00734858 0.310002 -51.2165
0.00757039 0.313552 -58.9686
0.00172772 0.312444 -55.8175
0.00303101 0.329542 -60.6841
0.00387047 0.322529 -59.3255
0.00408303 0.327353 -60.6202
5.66745e-05 0.323123 -57.3299
-0.00149597 0.325724 -56.9034
0.00412753 0.322358 -59.6395
0.00563439 0.324797 -61.1167
0.0263922 0.304236 -69.6257
0.0305697 0.286298 -68.2811
0.0711144 0.221132 -80.3989
0.128788 0.189565 -115.032
0.0820049 0.157588 -72.9354
0.233253 -0.118461 -117.89
0.181704 0.108964 -132.559
0.192118 0.0617779 -129.056
0.0541253 0.450282 -113.988
0.111442 -0.0280887 -58.7513
0.0990195 -0.0185461 -50.1457
0.0455518 0.138207 -47.3778
0.0295381 0.236926 -57.145
0.0441343 0.186075 -58.0128
0.0675225 0.101828 -59.1866
0.0700985 0.0236666 -42.4367
0.0709314 0.0263745 -43.8793
0.074298 0.0352163 -49.2052
0.0670804 0.0341542 -41.3147
0.0753557 0.0160287 -45.2337
0.0815499 0.00560151 -49.1688
0.0826297 -0.00304986 -48.302
0.077659 0.000194819 -43.6503
0.0800815 -0.00490953 -45.1255
0.0868091 -0.00351927 -53.2047
0.0863959 -0.00920583 -51.4305
0.0842371 0.000157848 -51.1934
0.0812782 0.00171055 -47.906
0 0 -1
0.0667129 0.315095 -57.9925
0.00907122 0.388868 -75.1867
-0.000470458 0.421709 -82.7645
-0.0101386 0.274638 -41.5221
-0.00825347 0.391044 -73.4197
0.0105446 0.354356 -65.8944
0.0148809 0.342594 -63.7995
0.0121818 0.339416 -63.5348
0.00422233 0.320966 -57.1811
-0.00971651 0.325322 -54.4709
0.00178571 0.308 -52.2427
-0.00129815 0.286754 -45.7621
-0.00949826 0.30195 -48.0633
-0.0164875 0.282966 -40.7643
-0.0155975 0.289834 -42.7056
-0.0184055 0.281808 -40.078
-0.00922152 0.298675 -48.1307
0.0010663 0.313357 -55.7398
0.00138635 0.320873 -57.8546
0.00353257 0.332576 -62.0433
0.0140658 0.328347 -65.7156
0.00689286 0.330846 -62.9372
0.00383078 0.330308 -61.2385
0.00465558 0.332091 -62.2461
0.00379094 0.322203 -59.0748
0.00525626 0.32749 -61.5542
-0.00114143 0.324076 -56.7186
4.29597e-05 0.321139 -56.6415
-4.81428e-05 0.325316 -57.6791
0.00486947 0.320475 -59.5145
0.0115746 0.307506 -60.5422
0.0211135 0.293107 -63.5041
0.0363115 0.27748 -70.0089
0.037466 0.286452 -73.1776
0.0383495 0.274177 -70.7835
0.0665456 0.237541 -82.6916
0.194543 0.0384845 -125.16
0.199494 0.0171271 -123.571
0.182999 0.0428936 -116.426
0.0112039 0.543876 -102.015
0.0942942 0.296728 -111.105
0.0147677 0.608212 -122.512
0.0299453 0.191531 -46.0633
0.0566249 0.187535 -70.165
0.0262345 0.238993 -54.638
0.0411586 0.228885 -66.5087
0.060719 0.116957 -56.0091
0.0612556 0.117706 -57.1046
0.0593948 0.0238499 -30.0749
0.0707761 0.0119161 -39.0872
0.0831986 0.00592632 -51.3336
0.0750639 0.0342619 -49.711
0.0751302 0.0259307 -47.652
0.0834583 0.00748353 -52.0719
0.0820325 0.00542202 -50.0206
0.0892057 0.0104747 -59.9561
0.0886981 0.0136037 -60.0738
0.00364441 0.240579 -33.1917
0.233465 0.265537 -49.981
0.00673085 0.319996 -56.3593
0.0135486 0.304789 -52.0715
-0.00535297 0.285689 -45.3426
-0.0221046 0.225694 -26.9613
0.0130061 0.32988 -61.0323
0.035898 0.379753 -78.6083
0.0123285 0.325361 -58.2524
0.000587812 0.296944 -48.6078
-0.0184358 0.256529 -32.3175
-0.00990296 0.258032 -35.0409
-0.0300033 0.259492 -30.434
-0.0128293 0.28167 -42.0637
-0.0091554 0.299053 -48.2341
-0.00628433 0.294803 -47.8054
0.0117771 0.310522 -58.7603
0.00897224 0.318825 -60.2087
0.0046837 0.320506 -58.9496
0.00533851 0.328539 -61.4722
0.00710599 0.337029 -64.6977
0.0058145 0.336276 -64.0415
0.00543824 0.318863 -58.7561
0.00322319 0.325352 -59.5647
-0.00214507 0.322021 -55.7877
0.00668971 0.326448 -61.9441
0.00214356 0.339037 -63.0928
0.00250553 0.327003 -59.7807
0.00195662 0.33514 -61.7792
-0.000242315 0.330504 -58.972
0.00507007 0.323623 -60.4615
0.00443277 0.320865 -59.2469
0.00196953 0.333024 -61.0816
0.0193276 0.324061 -70.9488
0.0392156 0.292179 -76.1926
0.0297387 0.296063 -69.6658
0.0305389 0.293863 -69.8218
0.0338935 0.297192 -73.5527
0.0442496 0.26478 -72.2798
0.306768 0.0229707 -220.268
0.209095 -0.0098029 -124.214
0.199009 0.0279498 -126.499
0.210246 0.0291735 -136.738
0.231389 0.0176576 -162.9
0.170985 0.0616751 -118.276
0.147318 0.110074 -108.966
0.0428108 0.242266 -71.7276
0.0449253 0.184727 -58.1201
0.0292328 0.16307 -36.1399
0.0286832 0.243839 -58.015
0.028732 0.283452 -69.9314
0.0431511 0.272531 -82.3689
0.0540184 0.135296 -54.5794
0.0689901 0.0984444 -61.3041
0.0840287 0.0595185 -67.6718
0.0874496 0.0474478 -68.5543
0.0850008 0.0421292 -64.021
0.0756399 0.0465101 -53.6083
0.00624705 0.680121 -170.988
0.215538 0.0237592 23.6631
0.0380358 0.469584 -104.986
0.0119858 0.347462 -66.2759
0.0167411 0.352384 -66.3177
0.00969867 0.342809 -62.9229
-0.00896199 0.301054 -47.4781
-0.0125873 0.25091 -31.3194
-0.0222119 0.256681 -31.5877
-0.0275986 0.24483 -26.8718
-0.0219095 0.250044 -30.0186
-0.0175234 0.267455 -36.5945
-0.00573029 0.29187 -46.9431
0.00189201 0.314095 -55.994
0.000900595 0.319385 -57.4243
-8.65208e-05 0.318855 -56.8012
0.0057284 0.321476 -59.5859
0.0067017 0.321839 -60.0495
0.00381516 0.31631 -57.0984
0.0093961 0.326269 -62.6063
0.00705981 0.323048 -60.5214
-0.00402069 0.325112 -56.1801
0.00133792 0.325146 -58.7643
0.0058289 0.323077 -60.3356
0.00435996 0.324786 -60.1153
0.00544411 0.328816 -61.9026
0.00615349 0.326893 -61.7051
0.00362097 0.328844 -60.9699
0.00644387 0.325196 -61.525
0.00833719 0.326079 -62.9795
0.00201665 0.330692 -60.3724
0.0034222 0.336484 -63.1003
0.00357028 0.330291 -61.2556
0.00569983 0.332566 -63.5079
0.0136941 0.335249 -70.3217
0.0363708 0.291899 -73.9395
0.0349725 0.294171 -73.1869
0.0368576 0.301528 -76.9757
0.0292218 0.300629 -70.5312
0.0348035 0.291496 -72.5367
0.0374863 0.263098 -65.8978
0.0434049 0.282912 -77.3428
0.206157 0.0141585 -128.606
0.212817 0.00838481 -132.972
0.225345 -0.0322164 -132.069
0.217268 -0.0180927 -128.673
0.219564 -0.00674531 -134.934
0.143121 0.0837574 -97.5922
0.140297 0.10357 -100.426
0.156605 0.0681638 -106.457
-0.0113726 0.309062 -33.9457
-0.00274834 0.313553 -44.2976
-0.0243368 0.257963 -2.19882
0.0123264 0.263205 -45.3764
0.0596315 0.284984 -107.09
0.0261091 0.246601 -55.5139
0.0777907 0.110808 -76.0433
0.0874683 0.0926779 -82.1532
0.00649998 0.23171 -25.9465
0.0065376 0.237865 -28.06
0.0252364 0.349722 -66.3001
-0.00991904 0.328641 -57.0522
-0.0146766 0.255 -31.5421
-0.0336495 0.229623 -21.3168
-0.0300306 0.244904 -27.2172
-0.0192786 0.248676 -30.1498
-0.0174885 0.263629 -35.4807
-0.0084638 0.272168 -40.0502
-0.000745839 0.296998 -50.073
0.0138233 0.306339 -56.6892
0.00596905 0.313057 -56.8684
0.0049249 0.318924 -58.5016
0.00955366 0.326535 -62.329
0.00209065 0.33375 -62.2934
0.00305949 0.331778 -62.0388
0.00751098 0.326981 -62.0323
0.00545486 0.328105 -61.5285
0.00368283 0.321438 -58.3708
0.00637513 0.325031 -60.8209
-0.000836384 0.318239 -55.446
0.000876864 0.32328 -57.8933
0.00647268 0.327341 -62.0427
0.010683 0.330081 -65.1548
0.00488893 0.329428 -61.8075
0.00578142 0.324052 -60.4538
0.00126735 0.327774 -59.2411
0.00455071 0.325019 -60.3204
0.00791297 0.318154 -60.0624
0.000333734 0.324609 -57.3495
0.00407662 0.324436 -59.7298
0.00972645 0.328672 -65.0221
0.00280892 0.327524 -59.8255
0.0169052 0.323526 -68.9284
0.0242256 0.313118 -71.1593
0.0392494 0.296518 -77.5043
0.0432239 0.286224 -77.1503
0.0381141 0.298993 -77.2399
0.0233552 0.306687 -67.5807
0.0287707 0.298691 -69.5948
0.0413345 0.303631 -82.5179
0.0521559 0.267436 -79.9618
0.036198 0.248203 -58.8261
0.213188 -0.0114015 -126.915
0.205205 0.00133142 -123.386
0.208608 -0.00344039 -125.142
0.225713 -0.0335962 -132.414
0.232926 -0.0444352 -136.162
0.147726 0.0771772 -99.887
0.16082 0.044452 -103.267
0.193031 0.0478756 -139.547
0.0964603 0.146982 -63.8702
0.0130833 0.301907 -58.161
0.0224938 0.263809 -56.2829
0.0188713 0.29101 -60.9695
-0.00690688 0.299452 -32.3582
0.00177111 0.306226 -44.9332
0.0076776 0.230326 -25.4778
0.00617949 0.232166 -26.048
0.00543795 0.221447 -22.1107
-0.0116402 0.229158 -23.7838
-0.0138199 0.219554 -20.3197
-0.0200214 0.226898 -22.3105
-0.010046 0.255456 -33.9861
0.00128409 0.268787 -40.2525
-0.00326248 0.291253 -47.202
0.00169564 0.30706 -53.676
0.00294544 0.317469 -57.5373
0.0117675 0.322417 -61.5075
0.00856285 0.317666 -58.8898
0.0102694 0.31943 -60.0685
0.00423407 0.316109 -56.9647
0.00413964 0.326357 -60.4116
0.0064418 0.324185 -60.5439
0.0100947 0.328678 -63.5378
0.00201409 0.324337 -58.6781
8.96451e-05 0.322238 -57.1113
0.00268723 0.32101 -57.8137
-0.000142647 0.324758 -57.9246
-0.00145335 0.31433 -53.5328
0.00368615 0.320718 -58.3348
0.00505792 0.324158 -60.2223
0.00584617 0.326304 -61.2834
0.00293627 0.327244 -59.975
-0.000928519 0.311459 -52.1398
0.000160796 0.323746 -57.1055
0.00529834 0.323769 -60.3636
0.011056 0.323487 -64.0531
0.00781329 0.326076 -62.8085
0.00307244 0.310729 -54.0159
0.00512841 0.320623 -59.0793
0.00227412 0.315394 -55.1816
0.0132299 0.31103 -61.8657
0.0213847 0.305121 -66.2038
0.0345113 0.294374 -73.0674
0.0504515 0.261125 -74.3595
0.0326204 0.292967 -70.6061
0.0357541 0.307906 -78.7319
0.0207078 0.305874 -64.6096
0.0282569 0.284936 -64.2735
0.025624 0.272916 -57.6095
0.0300202 0.251265 -54.0819
0.0434978 0.238612 -62.5421
0.207559 0.00112739 -125.474
0.204267 0.00559126 -123.797
0.211522 -0.0155908 -123.972
0.227938 -0.0507058 -128.914
0.230313 -0.0629377 -126.716
0.209292 0.0189987 -132.798
0.189929 0.0400672 -118.714
0.131359 0.0398973 -67.6581
0.182373 -0.00636527 -110.214
0.179381 0.0165958 -114.887
-0.00826187 0.321631 -38.0726
-0.00129935 0.314716 -44.1479
0.00375012 0.228998 -24.9644
0.002481 0.22368 -22.9416
-0.00154952 0.187187 -9.46235
-0.013666 0.214548 -18.7212
-0.00741659 0.216779 -19.7243
-0.0159579 0.243865 -28.8408
0.0107309 0.258433 -37.7633
0.0052887 0.28219 -45.4748
0.00508048 0.292649 -49.1776
0.00381243 0.29515 -49.8378
0.00641304 0.305374 -54.0394
0.00962164 0.313061 -57.5863
0.00745146 0.307286 -54.9125
0.00937879 0.30598 -54.9336
0.00733617 0.306574 -54.5898
0.0116381 0.304603 -55.1955
0.00736669 0.317653 -58.4497
0.00590187 0.317826 -58.0798
0.00546634 0.308104 -54.2555
0.0028729 0.310137 -53.9479
0.00177361 0.303707 -51.1395
0.0017197 0.309507 -53.307
-0.000944926 0.315254 -54.1291
0.00467382 0.304771 -53.1311
0.0115772 0.31313 -59.6507
0.007343 0.312497 -57.1164
-0.00053104 0.310666 -52.1298
0.00583105 0.292498 -49.3365
0.00556397 0.300324 -52.0075
0.00573752 0.306913 -54.6281
0.0118265 0.30165 -56.7273
0.00505438 0.301829 -52.2609
0.00630478 0.298804 -52.0104
0.00316813 0.305967 -52.4099
0.00152849 0.300215 -49.1443
0.00613112 0.292563 -49.8208
0.0142275 0.281035 -51.931
0.0156767 0.290859 -56.5482
0.0280472 0.251459 -52.2723
0.0468091 0.259277 -70.6486
0.0336287 0.287888 -69.6739
0.0178116 0.280115 -52.8475
0.0182145 0.273279 -50.8095
0.0237309 0.26471 -52.806
0.0208841 0.253203 -45.8092
0.0298308 0.219193 -42.1626
0.0298308 0.219193 -42.1626
0.201269 0.0220554 -126.571
0.202023 -0.0140663 -114.333
0.212616 -0.0478799 -113.3
0.228913 -0.0894556 -115.897
0.237097 -0.0459391 -140.5
0.220032 0.0228165 -146.334
0.0375959 -0.0493227 89.2864
0.179085 0.00670871 -110.994
0.181051 0.0085595 -114.048
0.192326 0.0128481 -129.099
0.188283 -1.7727e-05 -119.34
