-0.0232475 -0.00392885 4.98367
-0.0305734 0.0122935 4.73042
-0.00430538 0.0395202 3.08526
0.018538 0.0101756 2.07529
0.015703 -0.0216055 2.98721
0.00202876 -0.0190462 4.32946
-0.00321778 -0.00203747 4.35211
0.0041753 0.0054418 3.58161
0.0203568 -0.0128433 1.67993
-0.0113996 -0.00351405 7.31393
-0.00814163 0.101843 6.18941
0.000803813 -0.0157576 4.6511
0.0330393 -0.0508454 -2.6104
0.0465576 -0.012425 -7.91935
0.0357998 -0.0484696 -3.13159
0.0410891 0.00291626 -6.2173
0.244056 0.0890464 -78.1321
0.0808932 -0.01029 -17.3709
0.0221398 -0.0549511 6.7788
-0.0218254 -0.126664 26.2537
-0.0197339 -0.140834 25.5591
-0.020382 -0.157694 26.2812
0.00436399 -0.0682212 13.977
0.0242751 -0.037188 -5.88559
0.0180216 -0.0165195 -4.27029
0.382883 -0.314386 -198.09
-0.0189088 -0.215226 26.5779
-0.0891112 -0.0959015 64.4073
-0.0246514 -0.0416527 23.9754
0.0876666 0.0973217 -47.8168
-0.0152276 -0.370326 25.3776
0.0627054 -0.347712 -26.393
0 0 -1
0.0961404 -0.0582893 -52.1038
0.0231549 -0.069711 0.444813
0.0329991 -0.0764673 -6.81415
0.0570029 -0.048454 -26.932
0.145297 -0.0322656 -97.4475
0.0765487 -0.0118056 -40.6321
0.0205083 -0.0117513 5.92106
0.012503 0.00962413 12.2985
0.0146473 0.00307136 9.91389
0.388011 0.243772 -327.263
0.0143776 -0.0673079 29.2827
0.0229449 -0.0545775 20.9725
-0.0258121 0.0303677 67.1531
-0.0558112 0.0453278 96.672
-0.0368542 0.086832 76.5063
0.0287236 0.0732695 8.89318
-0.102325 0.183227 146.24
0.0123797 0.0944722 24.9836
0.0480062 0.0606501 -13.4974
0.0178336 0.0322919 21.4089
-0.0138075 -0.0132753 58.4433
0.00795998 -0.0253986 33.111
0.0623687 0.0323254 -32.8054
0.0777606 0.0172884 -51.6095
0.165158 -0.00804555 -157.626
-0.0176324 0.00817621 4.61134
-0.0156355 0.0276625 3.87182
-0.00133693 0.0318195 2.96248
0.000382402 0.0307381 3.08031
0.00780895 -0.00179592 3.23417
0.0098372 -0.029234 3.96745
-0.00082067 -0.0218507 5.21471
0.0208913 -0.0549325 2.95051
0.0127023 -0.0578982 4.7994
-0.0131114 -0.0415697 9.51769
-0.0243241 -0.0346889 10.674
-0.0409953 -0.0448971 16.3485
0.0160198 -0.0536371 1.63138
0.0561798 -0.0690513 -9.04223
0.0231699 -0.0919904 2.13933
0.0613838 -0.102391 -9.62218
0.130464 0.0923043 -37.7191
0.0506147 0.0429774 -6.94408
0.0155337 -0.0772938 9.6972
-0.011625 -0.182564 22.2842
-0.0111112 -0.163251 21.3311
0.0413452 -0.0117713 -16.1294
0.013719 -0.0339688 0.00873231
-0.00715601 -0.0262562 10.062
0.0301453 -0.00734853 -9.78855
0.049986 -0.0183989 -20.1516
0.0199256 -0.115916 1.13579
-0.074642 -0.0953868 55.9391
-0.0542425 -0.0444989 41.1331
0.00482051 -0.0611428 5.2987
0.0098222 -0.0670726 1.84347
0.0826966 -0.0357952 -48.0018
0.26232 -0.0257291 -171.594
0.0491311 -0.0597954 -18.0228
0.00918072 -0.073302 10.8269
0.0336144 -0.0520656 -8.90516
0.0661796 -0.0532143 -34.2808
0.156156 -0.0229467 -107.091
0.0784695 -0.0146168 -42.1404
0.0198581 -0.0137356 6.6019
0.0136727 0.0118262 10.9968
0.0164222 0.00907453 8.45021
0.0244013 0.01598 1.49207
-0.000747238 0.025137 23.8379
-0.0124932 -0.538763 66.051
-0.0432342 0.0465999 84.488
-0.0255275 -0.609638 80.3468
-0.0082484 0.0467213 48.0836
0.0153726 0.0582047 23.7287
-0.0181503 0.116021 56.7083
0.0161716 0.11835 20.275
0.0354596 0.0933178 0.119848
0.0109495 0.083521 28.4056
-0.0391874 0.0525923 85.5541
0.0238524 0.0330751 11.7569
0.0773778 0.0380237 -51.1607
0.0585953 0.0571222 -29.0309
0.134575 0.013834 -120.282
-0.00230242 0.00888983 4.40731
-0.00519624 0.0220923 3.7774
0.00108787 0.029136 3.05485
0.0142028 0.0167554 3.31942
-0.0229126 0.0182686 5.58595
-0.0100615 -0.00390298 5.26477
-0.0121187 -0.00563901 5.35532
0.00254203 -0.0165213 3.82215
0.0117571 -0.0563939 5.03797
-0.0260465 -0.0488071 12.2465
-0.0255434 -0.0342101 10.9109
-0.00128509 -0.0220831 4.63744
0.00516265 -0.027304 3.57967
0.00293914 -0.0343253 4.55624
0.0100224 -0.0653069 4.97692
0.00499551 -0.0498644 5.16042
0.0200579 -0.0831542 2.28874
0.0131043 -0.0606912 3.05365
0.060186 -0.111831 -11.382
0.0561132 -0.127052 -9.12479
0.0505648 0.00816945 -19.9232
0.0391908 0.0362951 -16.6824
0.04189 0.000349719 -16.2757
0.0252198 0.00878592 -8.70428
0.0213347 0.0141384 -6.59456
0.0113672 -0.0143921 0.294878
0.0192641 -0.0541355 -1.60199
-0.0256914 -0.0729238 25.7136
-0.0354416 -0.0263612 28.3936
-0.0153509 -0.0398237 16.9429
0.0608993 -0.00464169 -34.6234
0.115039 0.0260499 -72.7323
0.345398 -0.0220822 -229.914
0.0226373 -0.060486 0.755155
0.0111675 -0.0377476 7.37427
0.0299451 -0.0435641 -7.19516
0.0898531 -0.0436635 -53.8219
0.142294 -0.0249061 -94.6703
0.0836442 -0.0345958 -45.8726
0.0415056 -0.0249162 -11.2091
0.0214186 -9.18934e-05 4.79366
0.0275914 0.0199082 -1.90021
0.0266025 0.00037438 0.0739823
0.0565837 0.012355 -29.0764
0.0326391 0.0106331 -4.06361
-0.0389198 -0.0335255 68.0965
-0.041959 -0.0221441 69.8293
-0.0725725 -0.053542 102.488
-0.130418 -0.0473035 170.288
-0.00359387 0.0739806 42.6908
0.0325302 0.0690925 4.42394
0.0156811 0.0631189 24.1058
-0.0379865 0.0412931 85.057
-0.0251557 0.0621539 68.6419
0.013716 0.0659919 23.2638
0.049231 0.0563167 -18.521
0.0729225 0.029685 -45.0418
0.0916723 0.0146626 -67.6339
0.0108228 0.00549945 4.38126
0.000805069 0.018711 3.71353
0.00664725 0.00765239 4.11999
0.0308112 0.0146849 2.35517
-0.0422045 0.0261012 6.8419
-0.0293567 2.68827e-05 7.38568
-0.0255923 -0.00777176 7.17946
-0.0068866 -0.0129944 4.84457
-0.0057355 -0.0402758 6.60783
-0.000525071 -0.0319675 5.21246
-0.00991011 -0.0364996 7.71495
0.00408214 -0.0202662 3.05889
-0.00396243 -0.0235998 5.92048
0.0115814 -0.0380151 2.26925
0.032757 -0.0324021 -4.00797
0.0245492 -0.0540726 -0.434843
0.00639566 -0.0355934 4.06771
-0.0118008 -0.0397515 10.6806
0.0554885 -0.0516696 -14.4091
0.028302 -0.0978344 1.72222
0.00101919 -0.169942 19.1094
0.021522 0.163944 -15.9194
0.0205361 0.0752454 -9.35784
-0.0258527 -0.0719384 23.6367
0.0176904 -0.0331433 -2.04603
0.0225961 -0.0811767 -1.03075
0.00727514 -0.0614891 6.47336
-0.0144208 -0.0581297 18.7266
-0.0166401 -0.034627 17.7273
0.027679 -0.00871566 -12.2724
0.0573671 0.00715193 -33.0607
0.098715 0.00990608 -60.2815
0.146489 -0.00762298 -90.7952
0.0364097 -0.0246824 -11.4603
0.0171319 -0.0151415 1.60502
0.0253202 -0.0130798 -5.20765
0.127964 -0.020719 -84.3461
0.148257 -0.0133391 -100.459
0.0926528 -0.0312674 -53.3168
0.0546895 -0.0307609 -21.7562
0.045443 -0.0305142 -14.1097
0.0445284 -0.00134725 -15.7553
0.00723929 -0.0437011 20.6838
0.0716906 -0.0113896 -42.5424
0.0446752 0.00992048 -17.4633
-0.0151702 0.0113356 40.5327
-0.0209316 0.0132038 46.0306
-0.0080882 0.0170742 32.6706
0.0620407 -0.0507013 -30.8916
0.0470141 -0.0379463 -14.473
0.0492657 -0.0422558 -16.644
0.0306053 0.0287837 8.88296
-0.0184401 0.030644 63.5457
-0.00287457 0.0545346 43.4075
-0.00343243 0.0613157 43.8199
0.0188208 0.0278846 20.3039
0.0596301 0.0190367 -28.0183
0.0426082 0.00548149 -6.72406
0.0127001 0.0110919 3.85079
0.00155496 0.00945663 4.23486
0.0156923 0.00164021 4.2397
-0.00227712 0.00309641 6.48106
-0.0409813 0.00965111 8.13672
-0.0410439 0.00569913 8.45025
-0.0303704 0.0086315 6.38982
-0.00336823 -0.00203818 3.3416
-0.00138574 0.00108591 2.7933
-0.00680616 0.0117259 2.94982
-0.00885325 -0.00523886 4.89013
-0.00162198 -0.00896727 3.62018
0.00160658 -0.0241773 4.42325
0.0313886 0.0407738 -10.464
0.0228234 -0.032782 -0.850694
0.000455786 -0.0254337 5.21492
-0.00842358 -0.0318284 8.55812
0.00573172 -0.0437966 4.52215
0.0365355 -0.0532003 -6.66125
0.0253209 -0.0524733 -2.11174
-0.000612157 -0.0591134 9.29154
-0.0057239 -0.00333985 5.23059
-0.00192721 -0.00769303 3.89102
-0.0335048 0.0460654 15.2124
0.0265173 -0.0311962 -8.00104
0.00740388 -0.0416601 3.32668
0.0145682 -0.0432246 0.0101842
0.00326347 -0.0299713 5.33122
0.0186201 -0.00034869 -6.94284
0.0158522 0.0142101 -6.69019
0.0453707 0.00309482 -24.9042
0.111035 0.00675396 -68.428
0.09902 -0.026451 -55.6735
0.0572583 -0.0701757 -21.7916
0.0102107 -0.0248717 7.85519
0.0443414 -0.00941551 -20.1074
0.109418 -0.027266 -69.7556
0.149668 -0.019359 -101.508
0.0947474 -0.0457432 -53.642
0.0568192 -0.0209409 -24.7215
0.0391338 -0.0477297 -6.91261
0.0139782 -0.0482763 14.8375
0.0142883 -0.0261131 11.9633
0.043474 -0.0208464 -15.3593
0.0761856 -0.023733 -45.7008
-0.0035788 0.0340058 27.3048
0.00616813 0.0318316 17.2529
0.0620023 -0.00566284 -36.2667
0.0905555 -0.0331539 -62.0004
0.0713843 -0.0381705 -40.731
-0.0816396 -0.0264441 100.355
-0.0578911 -0.053024 77.6847
0.0270938 -0.00161912 -20.6478
0.0259716 -0.0419573 -15.3398
0.0017184 0.0499844 38.4593
0.012295 0.00391816 29.4873
0.0279706 -0.0045939 11.6955
0.0325897 0.00231757 5.60348
0.00937482 0.00845491 4.38539
-0.00647715 0.00492799 5.16412
-0.00280244 0.00282297 5.14465
-0.00391626 0.00105 5.95194
-0.0371214 -0.000391885 8.89373
-0.0313553 0.00506504 7.64926
-0.0372518 0.0258669 5.92763
-0.0210755 0.0143762 4.54137
0.00140304 0.00360339 2.04263
0.00551771 0.00528434 1.1093
-0.0196038 0.000344827 7.0799
-0.0181956 0.00106831 6.38365
0 0 -1
0.010617 -0.0305668 2.43459
0.0141735 -0.0272366 1.17883
0.00179058 -0.0141391 3.77898
-0.00754706 -0.0189836 7.42492
-0.0161033 -0.02724 11.2565
0.00810575 -0.0376146 3.32926
0.0146269 -0.0302615 0.42501
-0.00509003 -0.0273253 7.97181
-0.00216502 -0.0165066 5.01412
0.00842131 -0.0236128 0.822804
-0.00643953 -0.0128106 7.27544
0.00980895 -0.0383449 1.8167
0.00819816 -0.0372282 2.95499
0.0311896 -0.0424683 -9.65946
0.0276459 -0.0203375 -9.9579
0.0351141 -0.00252264 -16.4914
0.0219633 0.0257604 -11.5016
0.0520319 0.00631326 -29.207
0.0490417 -0.0222046 -23.0582
0.0687687 -0.0631681 -32.0201
0.0692204 -0.0990649 -27.565
0.0377848 -0.0712089 -8.20735
0.0446844 -0.0672493 -13.7023
0.102679 -0.0061613 -65.7242
0.151134 -0.0165477 -102.323
0.0553532 -0.0410563 -21.4638
0.0477757 -0.0343139 -15.6349
0.0246147 -0.0569382 6.67244
0.0515937 -0.00902621 -23.5635
0.0518073 0.0467772 -30.5216
0.0390847 0.0676762 -21.1138
0.0333498 0.0276193 -11.7124
0.0599538 0.0270533 -35.1732
0.0194332 0.0417564 4.0227
0.0600137 0.0239102 -36.8507
0.0858454 0.0304488 -63.8483
-0.0745847 -0.0230773 92.5015
-0.0471128 -0.0189277 62.3771
-0.128462 -0.0530745 155.583
-0.0937419 -0.0360771 114.297
-0.0820294 -0.0275595 100.033
-0.0832646 -0.0263656 101.302
-0.00285666 0.0604056 42.8251
0.0219341 -0.00760499 19.9852
0.0191322 -0.00357046 22.7525
-0.00133907 -0.0145468 7.56424
-0.00148763 -0.0101971 6.85893
0.0114115 0.00167101 4.47039
0.00373635 -0.00845667 7.31949
-0.033861 -0.00063694 8.53396
-0.0114753 0.00406969 5.32995
-0.0321345 0.0168761 6.27597
-0.0273616 0.017007 5.21381
-0.00634966 0.00265483 3.58937
0.00710803 -0.00138506 1.61071
-0.017705 0.00382562 6.77009
-0.028638 0.00393685 8.53885
-0.00874317 -0.000285776 3.86299
0.0150926 -0.00380344 -2.3904
0.0259016 -0.00453002 -5.40736
0.0177625 -0.00209699 -3.18339
-0.011803 -8.90444e-05 6.3912
-0.00905242 -0.00335183 5.64138
-0.00159196 0.00392096 1.7881
0.00881636 -0.0185985 0.497589
0.00575918 -0.00201571 -0.45831
-0.00200125 -0.000350306 2.57259
-0.001721 -0.0120197 4.05397
-0.096525 -0.152968 71.2584
0.00560933 -0.0326489 3.06517
-0.179463 -0.221555 131.713
0.0230959 -0.0416553 -5.4949
0.060931 -0.040308 -27.2221
0.0383572 -0.0188787 -16.1671
0.0273189 -0.0228423 -8.09647
0.0154944 -0.049762 2.92473
0.0262318 -0.0651933 -2.33379
0.0537031 -0.0569914 -22.8196
0.0637437 -0.0523086 -30.2196
0.0585399 -0.0433014 -28.202
0.0648462 -0.0564898 -31.0411
0.0465097 -0.192897 1.94968
0.059539 0.0258181 -39.1438
0.166013 -0.00866665 -122.923
0.0986853 -0.0795691 -54.4974
0.0660754 -0.0101887 -36.4726
0.0880023 0.0139484 -59.9874
0.116535 0.0305375 -87.7678
0.0602658 0.0795044 -41.5523
0.0500758 0.0876134 -33.3931
0.037408 0.0434591 -14.4239
-0.00436281 0.0439638 27.6005
0.0428004 0.0487956 -22.1196
0.0746602 0.0187643 -49.9297
-0.05461 -0.0350678 72.3553
-0.102511 -0.0517496 127.361
-0.0979673 -0.0519533 121.048
-0.0717567 -0.0329727 88.6599
-0.0824772 -0.0315913 101.128
-0.0802688 -0.0328981 98.7675
-0.0820294 -0.0275595 100.033
0.354286 0.272767 -407.326
0.0078632 -0.00366703 36.7448
0.00645988 -0.0200122 8.15178
0.00808691 -0.0144788 7.11144
0.0131578 -0.00514133 5.34756
0.0212266 -0.00283949 4.72396
-0.0297003 0.00118786 7.75583
-0.0143455 0.00729452 5.08555
-0.0216654 0.00514633 6.61466
-0.0335224 0.0188557 6.03085
-0.0159427 0.0138229 3.65685
0.00531902 0.00320312 1.3679
-0.017072 -0.00349994 7.66564
-0.0317681 0.00596131 9.12622
-0.014918 0.0127138 3.62685
0.0111738 0.0140854 -3.97736
0.0183578 0.0171421 -6.23963
0.0154036 0.0087795 -3.9177
-0.00655655 0.0055599 3.77201
-0.0123852 0.0187362 3.78887
0.0018721 0.0136107 -1.00778
0.0108083 0.0237635 -6.54233
0.006566 0.0481538 -8.15161
-0.0159466 0.0380814 3.44056
-0.00722476 0.0476163 -2.31739
-0.00267168 0.010083 1.06424
-0.00901068 -0.0198156 8.89303
0.0100322 -0.0350688 0.845075
0.00876726 0.0061983 -4.97676
0.03895 -0.0124541 -19.1385
0.0467247 -0.0375825 -18.9588
0.0499317 -0.0648476 -16.8301
0.0218625 -0.0509453 -1.79815
0.0592852 -0.0142199 -33.0566
0.0746976 -0.0343589 -40.9118
0.0683663 0.00672447 -42.3194
0.0422067 0.0408208 -28.6408
0.0299058 0.019371 -15.5194
0.0426849 0.0675049 -33.0802
0.0705646 0.0852099 -57.3299
0.0661712 0.0704035 -52.0688
0.1327 0.0208118 -99.3056
0.104445 0.0480338 -79.0571
0.0902017 0.0565869 -68.324
0.147542 0.043543 -118.346
0.117231 0.0632183 -92.9217
0.0427449 0.0516563 -20.5746
0.0546421 0.0537963 -32.6965
0.0176061 0.0366937 7.07135
0.0407609 0.0991977 -27.0867
-0.00397654 0.00265461 33.4026
0.0945863 0.00445611 -61.5607
0.0474026 0.0292043 -14.7268
0.0347517 0.060902 -6.25572
0.0493154 0.0709749 -23.6541
0.00891252 0.0592779 24.7047
0.0168882 0.109235 7.27406
0.115528 0.104238 -108.537
0.158405 0.0936454 -157.381
0.0919998 0.0921204 -76.0746
0.013723 -0.000112114 4.29006
0.019112 0.0139807 0.645468
0.0261391 -0.000851156 3.69357
0.0175037 0.0305945 -1.17399
-0.032317 0.0353914 1.90826
-0.0244821 0.0127834 5.27259
-0.018177 0.00624031 5.77136
-0.0245409 0.00743563 6.41926
-0.0184618 0.0259047 1.73287
-0.0172699 0.0168622 3.42633
-0.00851067 0.00558508 4.43502
-0.0196059 0.0267847 2.4505
-0.0297514 0.0303712 4.90909
0.0108176 0.0188772 -4.65656
-0.00479575 0.0522952 8.09135
-0.00419192 0.0618993 6.17681
-0.0324364 0.0256402 23.0114
-0.0751393 0.0250931 38.5561
-0.005761 0.032229 -0.994774
0.000714092 0.011631 -0.162902
0.0294214 0.0248855 -14.9592
-0.0273116 0.106997 -3.53889
-0.00841057 0.189693 -26.4749
-0.0273701 0.247744 -28.5732
-0.0375729 0.177481 -10.0144
-0.0206252 0.214125 -25.476
-0.0110025 0.193462 -26.5899
0.0412617 0.234389 -63.9431
0.0149835 0.209138 -42.9322
0.0125236 0.146916 -30.3656
0.0241114 -0.0147624 -9.01336
0.0476156 0.021833 -31.0323
0.0869013 0.0329936 -60.2676
0.071955 0.0448708 -51.1013
0.0661649 0.0750861 -52.6173
0.0765921 0.0886029 -62.8623
0.0715122 0.0879481 -58.4071
0.0657279 0.0870687 -54.0016
0.0806999 0.119389 -72.3802
0.106656 0.0854778 -87.9751
0.111812 0.0823529 -91.4572
0.0925923 0.0680326 -70.5022
0.101295 0.0772884 -80.8945
0.0930934 0.0501494 -67.7132
0.0369624 0.041128 -13.2448
0.0311019 0.0506076 -9.74191
0.0502158 0.0466022 -27.4437
0.0515783 0.0678509 -32.9058
0.151637 0.0825119 -138.354
0.135223 -0.00892169 -102.852
0.0772018 0.0253212 -46.2509
0.0658658 0.0357689 -35.7739
0.044549 0.0396615 -12.8256
0.041158 0.0432309 -9.91212
0.078952 0.0560866 -56.7167
0.125146 0.0419941 -109.3
0.136781 0.0531101 -124.685
0.160984 0.0651052 -155.856
0.033431 0.144905 -25.896
0.0286848 0.0636499 -9.43268
0.0385943 0.0865007 -14.6179
0.0434686 0.0454188 -6.15927
0.00577088 0.128313 -20.0505
-0.0351291 0.146281 -20.1183
-0.0334357 0.0503567 -0.926368
-0.0585113 0.0227626 8.00933
-0.00699022 0.298466 -55.4016
0.00869562 0.307506 -60.062
0.0084175 0.271845 -52.2018
0.0160371 0.326626 -65.5709
-0.0266573 0.219199 -31.9747
-0.0459677 0.102233 8.99004
0.0129418 0.0644183 0.319108
-0.0195326 0.0984663 3.94743
-0.0421397 0.0620788 19.2263
-0.0598501 0.0317881 31.6207
-0.125324 0.2655 6.24424
-0.0114554 0.380957 -65.9609
0.0153901 0.386951 -78.0341
0.00355809 0.317215 -57.7748
-0.0161794 0.282987 -40.8775
-0.0106427 0.263192 -40.1222
-0.00951954 0.258383 -40.0462
-0.00168046 0.299004 -52.5898
0.0276283 0.260839 -61.572
-0.000775128 0.135215 -18.5163
0.0141548 0.240968 -49.2529
0.00780632 0.245071 -46.1844
-0.00486991 0.266474 -42.0819
0.0260293 0.307048 -71.2528
0.0413952 0.286214 -77.8116
0.0610839 0.148354 -63.6315
0.0561087 0.171378 -64.8045
0.0729215 0.0804048 -57.7496
0.0814562 0.0843737 -65.8524
0.0659905 0.108721 -58.5493
0.0921662 0.0979243 -77.4404
0.090179 0.078442 -71.7037
0.0969742 0.0908641 -80.0871
0.0841172 0.0392252 -57.6159
0.086874 0.0343905 -59.5162
0.0747926 0.0329728 -47.6192
0.0614574 0.0535129 -39.6021
0.0602486 0.0660767 -41.0136
0.0653552 0.0719117 -47.6782
0.0992662 0.074837 -82.5132
0.121852 0.0504843 -101.194
0.135317 0.022802 -109.051
0.111596 0.0250701 -83.888
0.0668906 0.0296942 -35.8827
0.0378039 0.0287168 -3.16015
0.043667 0.0218207 -8.51478
0.093008 0.0686812 -76.4752
0.130981 0.0762675 -122.619
0.13284 0.0542571 -120.389
0.120715 0.0352796 -101.243
0.0406456 0.248107 -46.8456
0.0145537 0.251101 -47.1647
0.0202188 0.253499 -48.3974
0.0221951 0.233591 -44.1556
0.00866034 0.252423 -47.2856
-0.0126903 0.258944 -46.3237
-0.00827451 0.286493 -52.758
-0.00316621 0.276498 -51.251
0.00662744 0.283981 -54.4474
0.00327645 0.284988 -54.0222
0.00654291 0.287594 -55.345
0.00540809 0.301526 -58.0524
0.00329456 0.35901 -69.8744
0.0744539 0.0620026 -17.5041
0.0296992 0.0843914 -9.06499
-0.00317749 0.168215 -15.8891
-0.06248 0.134981 10.2393
-0.0904544 0.0931455 31.0398
-0.0542887 0.271145 -22.954
-0.0137343 0.31128 -48.6316
0.00252309 0.309974 -55.8652
-0.0105773 0.299658 -47.8841
0.00474102 0.289629 -52.8094
-0.00527733 0.293116 -48.9795
-0.00474578 0.315902 -54.3154
-0.0028556 0.328945 -58.1056
-0.00524566 0.335592 -58.383
0.0207248 0.329578 -72.2483
0.0123032 0.336515 -68.7962
0.0135464 0.309888 -63.4285
0.0135637 0.305455 -62.2576
0.0240084 0.322361 -72.8767
0.0172128 0.342248 -72.7027
0.0384038 0.292274 -76.4854
0.0226401 0.306709 -68.097
0.014272 0.301742 -60.5867
0.0178878 0.30052 -63.1545
0.0249429 0.222583 -50.6953
0.0460762 0.127634 -46.0034
0.069988 0.055852 -49.8497
0.0993501 0.0595359 -75.4941
0.0707256 0.0473218 -47.6874
0.0854962 0.0497111 -61.8528
0.0694804 0.0444463 -45.412
0.0920582 0.0604025 -70.7446
0.0700864 0.0912105 -55.8209
0.0624357 0.0839536 -47.0284
0.0801131 0.0545182 -58.2845
0.079014 0.0434066 -55.0412
0.124775 0.0482087 -103.488
0.080217 0.02823 -50.5895
0.0766443 0.0158213 -44.1442
0.0455573 0.0204942 -10.3069
0.0463498 0.0165187 -10.6224
0.066529 0.0461372 -40.9355
0.132736 0.0624322 -122.092
0.126121 0.0579386 -112.485
0.0986356 0.00706883 -67.822
0.0279794 0.287446 -56.1409
0.02205 0.28177 -54.5461
0.0111644 0.294552 -57.4806
0.0131045 0.290397 -56.5835
0.00834491 0.295859 -57.3003
0.00688939 0.280179 -53.1984
0.00115154 0.289908 -54.8915
-0.00100549 0.299788 -56.9043
-0.00517691 0.307946 -58.1945
0.015036 0.268267 -52.8733
0.0107586 0.303847 -60.434
0.0514789 0.347972 -80.3533
0.140452 0.459492 -130.313
-0.0622746 0.156244 6.20814
-0.045851 0.18157 -5.60199
-0.0271445 0.212339 -19.4335
-0.0389692 0.208559 -14.6399
-0.0205537 0.256734 -33.4704
-0.0203815 0.260877 -34.6843
-0.0108168 0.286525 -44.9154
-0.00533345 0.304099 -51.458
-5.69794e-05 0.326927 -59.481
0.000370707 0.316084 -56.7507
-0.000323193 0.324375 -58.4798
-0.00277068 0.329497 -58.3207
0.00199404 0.323903 -59.5261
4.51894e-06 0.327783 -59.2948
0.00486476 0.334823 -63.9649
0.0076606 0.321731 -62.4503
0.0127389 0.315068 -64.0206
0.0228249 0.313816 -70.3294
0.0386982 0.30946 -79.7069
0.0266647 0.333385 -76.9887
0.025529 0.33192 -76.1124
0.0238545 0.341413 -77.2212
0.0222993 0.324019 -71.8782
0.0164948 0.326498 -67.9578
0.00595432 0.3392 -62.6757
-0.00177731 0.360693 -61.5482
0.021748 0.360109 -81.3562
0.0249346 0.331778 -76.72
0.019709 0.245994 -50.1152
0.0616632 0.0616975 -42.7215
0.0699435 0.0578224 -49.5094
0.100022 0.0668701 -80.244
0.0962379 0.0443132 -70.3494
0.0625104 0.0891645 -48.0936
0.0626671 0.0802244 -46.2186
0.0744267 0.0608721 -53.4322
0.105737 0.0272468 -77.8133
0.0872702 0.0318555 -59.3169
0.0657525 0.0364928 -36.974
0.0584015 0.0494119 -32.4591
0.0545526 0.0415076 -25.8253
0.107838 0.0488108 -89.3288
0.10984 0.0377748 -88.6344
0.0709937 0.0394882 -41.8383
0.0495303 0.0176877 -10.5257
0.022101 0.340677 -69.9815
0.0162257 0.321392 -64.929
0.0276724 0.33105 -67.72
0.0189447 0.343296 -70.5248
0.00136133 0.31397 -61.2715
0.0327312 0.341023 -72.3416
0.0184807 0.345337 -71.3448
0.0130582 0.342132 -69.8155
-0.0236178 0.131004 4.67643
-0.0758837 -0.0414824 60.9195
-0.0964971 0.167478 9.03401
-0.0457319 0.278081 -33.1638
-0.018507 0.279604 -39.9809
-0.019859 0.222634 -24.1844
-0.0324284 0.202733 -15.1247
-0.0256665 0.246038 -28.908
-0.0061754 0.280924 -45.1488
0.00539807 0.316463 -58.9413
-0.00344748 0.317839 -56.0407
0.00130792 0.323721 -59.3002
0.00394659 0.313738 -57.7915
0.00593474 0.325041 -61.7732
0.00402111 0.328363 -61.7579
0.00624496 0.328811 -62.9243
0.00116207 0.330199 -60.6334
0.00218321 0.33513 -62.6258
0.00752369 0.331588 -64.6564
-0.00827239 0.335313 -56.3554
-0.0111092 0.342274 -56.4317
0.0113283 0.339888 -69.9347
0.0258299 0.329516 -76.4459
0.0267995 0.335892 -78.6118
0.0356035 0.30308 -75.8763
0.0472357 0.319227 -88.2335
0.0331621 0.342552 -84.3439
0.020102 0.340613 -74.1084
0.00869823 0.346721 -66.8664
0.0144809 0.355887 -73.9384
0.0113926 0.344 -68.2325
0.0134144 0.349142 -71.1733
0.0180341 0.35851 -77.5634
0.01419 0.343305 -69.9939
0.00525817 0.346697 -62.862
0.0197999 0.356637 -78.9901
0.032686 0.335833 -85.6351
0.0355665 0.248405 -64.4496
0.04451 0.114243 -36.9555
0.0484275 0.0791905 -31.131
0.0753762 0.037878 -48.292
0.0939154 0.023605 -63.728
0.0903504 0.0295409 -62.2752
0.0567148 0.0561511 -32.3079
0.0557236 0.0781132 -37.2519
0.0755936 0.0510076 -52.5933
0.108491 0.0486604 -89.4431
0.0930747 0.0229314 -64.7103
0.0669604 0.0355801 -35.7733
0.0425902 0.0330487 -5.49561
0.0267662 0.352723 -73.297
0.0199001 0.368989 -77.7748
0.0261864 0.362508 -76.4226
0.0201546 0.346445 -70.8541
-0.40151 -0.0292792 89.1133
-0.0131883 0.250047 -32.0018
-0.00282894 0.256639 -35.1859
-0.0157581 0.267377 -36.5369
-0.0212589 0.211014 -18.7271
-0.0204891 0.23401 -26.1072
-0.0371447 0.23113 -21.938
-0.0146152 0.248251 -32.6124
-0.0125176 0.258727 -36.477
-0.00432044 0.267778 -41.5623
-0.014317 0.268222 -38.5538
0.00188812 0.314672 -57.1787
0.0041136 0.317781 -58.8034
0.0160778 0.321511 -64.1571
0.00400055 0.329114 -61.7033
-0.000601039 0.324106 -58.5303
0.00344843 0.31435 -57.503
0.00719861 0.345781 -68.2476
6.05594e-07 0.323325 -58.1944
0.00487033 0.316891 -58.9377
0.00370076 0.329723 -61.8611
0.00920613 0.342681 -68.6373
0.0157587 0.339455 -71.2037
-0.0131739 0.348209 -57.1959
-0.00728379 0.341309 -58.8119
-0.00342729 0.355736 -64.8873
0.00338115 0.343875 -65.717
0.0189929 0.328159 -71.3655
0.0292787 0.323729 -77.5355
0.0521583 0.29323 -85.044
0.0602973 0.287285 -88.7689
0.0122151 0.320367 -61.5765
0.0136152 0.323081 -63.7866
0.0169222 0.337475 -70.6845
0.0132928 0.347726 -70.779
0.0180233 0.348993 -75.0978
0.0194965 0.343384 -74.6954
0.0112921 0.332402 -64.1543
0.0101276 0.346836 -67.3847
0.025264 0.354283 -83.7223
0.0181454 0.34986 -75.5905
0.013878 0.322764 -63.6346
0.00760784 0.349092 -65.2241
0.0148974 0.344046 -70.821
0.0229981 0.347251 -80.3006
0.0293211 0.320209 -79.193
0.0308578 0.274085 -67.1033
0.0762507 0.122776 -72.8082
0.071815 0.120871 -67.7496
0.0539628 0.139701 -52.3355
0.0858156 0.0635523 -67.481
0.08005 0.0518585 -57.4537
0.0708018 0.015731 -35.1515
0.0531194 0.0315508 -18.2665
0 0 -1
0.0180219 0.415721 -91.52
0.155719 0.638115 -165.804
0.0213655 0.287968 -45.838
-0.0330335 0.244706 -27.5369
-0.0260623 0.240129 -26.5999
-0.0218718 0.234541 -25.6162
-0.0284245 0.22285 -21.3484
-0.0180748 0.230876 -25.8793
-0.0211116 0.235159 -26.8423
-0.0149201 0.267575 -38.097
-0.00732317 0.274307 -42.1976
0.00523053 0.304991 -54.7664
0.00926696 0.295633 -53.5052
0.00672019 0.318205 -59.5527
0.008725 0.324916 -62.3071
0.00812793 0.321685 -61.0258
0.00930602 0.329776 -64.0696
0.00668792 0.328351 -62.7364
0.00837473 0.321164 -61.0119
0.00781263 0.336345 -65.5666
0.00367102 0.336333 -63.8475
-0.0111241 0.316998 -50.556
0.00378713 0.32554 -60.9095
-0.00919806 0.341534 -58.8681
0.00235668 0.325858 -60.0603
0.0146397 0.329686 -67.7395
0.000342501 0.337901 -62.0591
-0.000985133 0.345578 -63.4686
-0.000609318 0.346628 -63.9997
0.00203285 0.327273 -59.7587
0.0189065 0.329759 -71.9009
0.0175481 0.326091 -69.5682
0.0243253 0.321177 -73.1952
0.0363641 0.300411 -75.4199
0.0392357 0.288836 -73.1875
0.0278873 0.321891 -74.638
0.0185649 0.345464 -74.2424
0.0203729 0.346302 -76.1027
0.0173503 0.335123 -70.007
0.0155403 0.345961 -71.9987
0.00787834 0.345522 -65.0371
0.0105849 0.347464 -68.1418
0.024453 0.350935 -81.9624
0.0224287 0.334407 -74.6703
0.00677567 0.344578 -62.9139
0.0167545 0.341267 -71.8763
0.0145044 0.328141 -65.1077
0.0168374 0.342161 -72.0893
0.0194536 0.336624 -73.3019
0.00680263 0.337701 -59.9325
0.00571546 0.352018 -63.3193
0.0442619 0.249328 -74.8039
0.0452311 0.271545 -83.0778
0.0598835 0.105249 -49.0683
0.0716398 0.114626 -66.3635
0.069751 0.0813633 -54.1751
0.0613554 0.050084 -34.1808
0.579627 1.44641 -457.526
0.0890269 0.355044 -73.0599
0.0588139 0.268345 -41.7599
-0.00889929 0.207019 -16.4234
-0.0360699 0.212045 -16.6932
-0.0421169 0.21133 -15.8219
-0.0104383 0.245949 -31.801
0.00217472 0.283931 -46.7645
0.00859319 0.293015 -51.0657
-0.00308963 0.290095 -47.8607
0.00724906 0.322803 -60.8003
0.00110698 0.322903 -59.4722
0.000780428 0.343837 -66.3058
0.0022792 0.325008 -60.3413
0.00795242 0.322884 -61.4061
0.00690967 0.317663 -59.3715
0.00732583 0.315605 -58.6829
0.0117922 0.331296 -65.3315
0.00887329 0.328759 -63.5168
0.00267535 0.330723 -61.4808
0.0018979 0.329888 -60.8705
0.000216546 0.324367 -58.2756
-0.00389006 0.320244 -55.0199
0.000460894 0.331371 -60.9278
0.0030984 0.335427 -63.5664
0.0166071 0.311343 -62.7971
0.0107891 0.33295 -66.5272
0.00620207 0.345384 -68.0219
0.00541518 0.332184 -63.2128
-0.00597348 0.332393 -55.9801
-4.33732e-05 0.328305 -58.7158
0.0147194 0.328412 -68.4991
0.0172676 0.331197 -71.1527
0.0150965 0.324462 -67.4857
0.0220988 0.336691 -76.77
0.0310773 0.307422 -73.9054
0.0517937 0.276899 -79.2067
0.0489626 0.290891 -81.2782
0.0201226 0.311949 -64.7991
0.0196367 0.310892 -64.2388
0.0233046 0.323356 -71.8022
0.0182251 0.336472 -71.3394
0.0198684 0.349969 -77.5049
0.0116737 0.341881 -67.1315
0.012446 0.337203 -66.4076
0.01392 0.335684 -67.3013
0.0139569 0.315136 -60.289
0.0127927 0.328243 -63.2763
0.0183175 0.335909 -71.5595
0.0159995 0.316158 -62.5903
0.012216 0.326288 -61.9256
0.0158668 0.34864 -73.0168
0.0207076 0.345878 -78.3518
0.0205002 0.332106 -73.7661
0.00568729 0.369084 -68.51
0.0151049 0.389938 -86.9383
0.027033 0.384056 -99.3475
-0.0102816 0.291581 -22.6096
0.0131605 0.283913 -46.0601
0.0160009 0.286287 -46.9675
0.0162799 0.209759 -19.642
-0.0159833 0.194002 -12.2429
-0.0339485 0.211208 -16.7041
-0.0131838 0.255892 -34.7319
-0.0016379 0.279069 -44.2582
0.00884271 0.289746 -49.5121
0.0161276 0.298856 -54.134
0.0128067 0.312452 -58.2377
0.0110302 0.32507 -62.4605
0.0112907 0.3356 -66.2497
0.00673758 0.320758 -59.793
0.00458329 0.318208 -58.5081
0.00421038 0.334784 -64.3234
0.0110777 0.326325 -63.3443
0.0129733 0.328864 -65.0555
0.0115014 0.315983 -60.2351
0.0121234 0.321519 -62.3446
0.00476641 0.311033 -55.6531
-0.0042185 0.323371 -56.129
-0.00457955 0.31511 -52.9568
0.00248236 0.317304 -57.1381
0.00593419 0.308678 -55.7816
0.0185507 0.315488 -64.6255
0.031324 0.320561 -73.9412
0.022949 0.329292 -72.1833
0.00433492 0.328418 -61.1447
-0.00630385 0.335897 -57.6799
-0.00172079 0.326749 -57.1024
0.000738958 0.329208 -59.6271
0.0180636 0.329848 -71.2258
0.0155615 0.316006 -64.3052
0.0203768 0.308298 -65.3279
0.0159042 0.323069 -67.4325
0.0124368 0.311891 -60.9804
0.0170022 0.278604 -52.6797
0.0682181 0.240087 -79.5282
0.040828 0.304751 -79.4459
0.036507 0.329227 -84.7475
0.0207383 0.335937 -73.6695
0.0164213 0.317861 -63.3998
0.0362546 0.303132 -76.2622
0.0252788 0.34378 -80.3773
0.00894647 0.346291 -65.8731
0.00764851 0.345993 -64.8536
0.0179315 0.324696 -67.4016
0.0157371 0.323421 -64.8095
0.0309213 0.337857 -85.3753
0.0284447 0.318499 -76.4472
0.0172841 0.336804 -70.9003
0.00935296 0.345951 -65.314
0.00534132 0.340293 -58.8629
0.00422769 0.365951 -66.4756
0.0157306 0.346925 -72.8227
0.018459 0.352878 -78.2134
0.0142337 0.373541 -79.9324
0.00967124 0.343786 -64.2745
0.000750094 0.282437 -45.398
-0.0023621 0.262155 -37.8169
-0.00245258 0.227272 -25.091
-0.00808791 0.223901 -23.4311
-0.00623975 0.252494 -34.0401
-0.00274209 0.274971 -42.5187
0.0071446 0.279769 -45.5878
0.0139877 0.30112 -54.4284
0.0105304 0.305728 -55.3978
0.0111364 0.298808 -53.0481
0.0191065 0.308151 -58.1919
0.00617636 0.322319 -60.199
0.00233494 0.306163 -53.3326
-0.00267257 0.316589 -55.7731
0.00212582 0.311439 -55.3496
0.00821546 0.314311 -58.2599
0.0071941 0.304345 -54.2035
0.00449515 0.30452 -53.2122
-0.0022339 0.285015 -43.5292
0.00217839 0.285524 -45.5424
-0.00193698 0.287794 -44.545
-0.00310882 0.278906 -40.7428
-0.00192182 0.27226 -38.8868
0.0113161 0.270861 -44.9468
0.0214453 0.256525 -45.126
0.038967 0.312157 -75.1235
0.0294882 0.329384 -75.9846
0.00455953 0.349579 -68.9061
0.00706133 0.339235 -67.0487
0.00309877 0.350301 -68.3281
-0.00552834 0.342238 -59.9725
0.00696091 0.312644 -57.5947
0.0122108 0.255976 -40.7497
0.0220529 0.278594 -55.9256
0.0160867 0.282602 -53.1188
0.00975933 0.283461 -48.7081
0.0280186 0.245951 -49.4045
0.0698864 0.241561 -81.2911
0.0645755 0.271162 -87.2725
0.0304744 0.317469 -75.4367
0.0186905 0.309684 -62.5323
0.0161596 0.313727 -61.704
0.0331991 0.287473 -67.7091
0.0278323 0.282069 -60.6951
0.0166767 0.316921 -62.8999
0.00849285 0.344446 -64.8648
0.00900591 0.335151 -62.1571
0.00584942 0.313279 -51.1088
0.0312387 0.302279 -73.4871
0.0263745 0.313162 -72.3418
0.0250734 0.311454 -70.3218
0.0122519 0.31293 -56.8045
0.0140082 0.316208 -60.045
0.00868963 0.316492 -54.0441
0.0164521 0.291914 -54.339
0.0407639 0.314619 -91.4126
0.0153442 0.336922 -68.6713
-0.0286857 0.305322 -3.35048
