-0.0794733 0.0825494 23.8651
-0.0794732 0.0825494 23.8651
-0.017526 0.132192 19.1646
-0.0316036 0.127426 19.934
0.00838696 -0.0208495 18.859
0.00634075 -0.0684857 19.6489
0.0370986 -0.213183 18.8513
-0.0689519 0.0305648 34.6411
-0.00760326 -0.147995 25.2564
-0.0526254 -0.0745429 32.0881
-0.0250597 -0.0438355 26.1741
-0.0252272 -0.0810329 26.9508
-0.0358863 -0.0895968 29.7761
-0.0343249 -0.0782833 29.0716
0.00945777 -0.075713 14.4741
0.0354357 -0.0717627 6.18653
0.00350643 -0.14122 18.7276
-0.0338529 -0.109765 31.219
0.0234898 -0.119191 9.22855
0.0136005 -0.0504662 12.9157
-0.0192566 -0.0199915 27.0126
-0.0387225 -0.00801906 35.2499
-0.0549397 -0.0193495 43.2316
-0.0682098 0.000348805 49.0809
-0.0264797 -0.0301358 28.3064
-0.0158904 -0.0909771 24.7186
-0.0138265 -0.0970914 23.9301
-0.0501875 -0.0604483 44.864
-0.060959 -0.117522 52.2267
-0.0539232 -0.0524109 45.8194
-0.0155763 -0.0732537 21.7914
-0.0186251 -0.0964194 24.0535
0.0294871 -0.0457028 -9.36196
0.0572971 0.0303789 -30.6362
0.0628466 0.0775489 -35.4656
0.05206 0.197783 -28.6155
-0.043361 0.00237301 42.0418
0.662143 0.154002 -526.265
0.0452354 -0.00723346 -21.6706
0.051001 -0.0328763 -25.4635
0.0219142 -0.039581 -0.946284
0.0210524 -0.0228073 -0.611801
0.0085906 -0.00247556 10.3197
0.0493753 0.0459789 -29.0843
0.0393806 0.0704119 -20.0027
0.0334962 0.0747593 -14.4177
-0.037663 0.0315163 57.4148
-0.0566943 0.024308 76.4577
-0.0234159 0.0130638 41.7919
0.00619008 0.0169054 10.1533
0.0448058 -0.0117847 -30.9191
0.0170977 0.000126428 -0.223291
-0.183859 -0.0674038 226.044
-0.192496 -0.0467133 234.918
-0.0895324 -0.00104832 113.494
-0.093244 -0.0359574 118.789
-0.0873539 0.00654951 109.169
-0.116837 0.00748498 146.074
0.0713076 -0.0231932 5.66933
0.157424 -0.0660423 5.5571
0.234129 -0.603405 20.4946
0.138028 -0.311052 17.6594
-0.0186894 -0.0168427 21.6828
-0.0160177 -0.0526655 22.3241
0.0253794 -0.0941567 18.142
-0.01341 -0.137412 24.8674
-0.0042333 -0.149028 24.032
-0.0069677 -0.151617 25.3288
-0.00837075 -0.111171 24.2926
-0.0244637 -0.0831102 27.5508
-0.041607 -0.0795841 31.0676
-0.0458426 -0.0668819 31.821
-0.0355817 -0.0673735 28.5151
0.00134991 -0.0914112 17.9558
0.00442463 -0.090365 17.1639
-0.0231495 -0.116922 27.3128
-0.0771222 -0.115308 47.9448
0.0405774 -0.0407712 1.34883
-0.0169397 0.00587536 25.2895
-0.0348636 0.0254108 32.428
-0.0437908 0.0253888 36.9453
-0.0595911 -0.0152721 45.7129
-0.0485703 -0.0835917 41.7617
-0.0349524 -0.101606 35.3663
-0.0247744 -0.124042 30.5574
-0.0453494 -0.134036 43.2062
-0.0783201 -0.115983 62.5634
-0.0324227 -0.0717875 32.0533
-0.0213965 -0.0762957 25.8423
-0.00735755 -0.0673031 15.6565
0.0199257 -0.0453752 -3.94503
0.0867246 -0.0177685 -50.9192
0.111894 0.0449154 -70.8186
0.00631984 0.00876964 11.1317
0.0248715 -0.00775917 -11.64
0.000897129 0.0102989 14.6224
0.0276122 -0.0138544 -6.70052
0.0215645 -0.0338277 -0.8727
0.0377508 -0.0460185 -14.777
-0.00335107 -0.000518529 20.0466
0.0344688 0.00982054 -13.6482
0.041012 0.0557905 -21.302
0.0498152 0.0493086 -29.2391
0.0156714 0.023187 4.75845
-0.0177454 0.0290433 37.7373
-0.0443066 0.0353943 63.8321
-0.0386892 0.0192079 58.4727
-0.0259595 0.0063851 44.482
0.0268935 -0.0108688 -11.3547
-0.0626956 -0.0172317 88.7331
-0.166221 -0.0405714 205.389
-0.170162 -0.0239398 208.215
-0.122379 -0.0193039 152.665
-0.0869581 -0.0292111 111.528
-0.0768436 -0.0214564 97.9917
-0.109709 0.249696 128.188
0.0622809 -0.0220416 5.9353
0.0540632 -0.0477842 8.05052
-0.034161 -0.067041 12.408
-0.0104684 0.0055636 5.94991
0.0179336 0.00611647 3.35781
0.430322 0.0166333 -42.0206
-0.0156243 -0.135707 26.0615
-0.0202562 -0.180411 28.4558
0.00153224 -0.16178 23.1505
-0.0302743 -0.0847424 26.4011
5.9524e-05 -0.125897 21.9612
0.0107822 -0.144015 20.9354
-0.0168029 -0.105996 26.3247
-0.035366 -0.0761283 29.6469
-0.0356031 -0.075156 29.6628
-0.0206947 -0.0683235 24.4996
-0.00944629 -0.0580451 19.6458
-0.0565412 -0.0724656 37.6431
-0.0847889 -0.0844702 49.3607
-0.0968869 -0.0202549 50.232
-0.0851958 0.0162478 42.4872
-0.0539488 0.0191302 28.6084
0.0176711 -0.00364644 -3.82966
0.013277 0.00331207 -1.01767
-0.0117589 -0.149636 25.147
-0.0312166 -0.0135163 27.5626
-0.0220136 -0.113523 28.2334
-0.028599 -0.107461 31.5227
-0.0419865 -0.0961006 39.1012
-0.0157449 -0.0769913 21.263
-0.00362626 -0.0816374 14.4644
-0.0267632 -0.113504 30.3155
0.0659537 -0.0864976 -34.0906
0.111596 -0.00496557 -68.9968
0.11353 0.00679114 -70.287
0.0729624 0.0163866 -40.6724
0.00294372 0.00129092 14.1721
-0.0094292 0.0117465 22.4691
0.0197008 0.00559921 -0.78982
-0.00435323 -0.0161535 20.4266
0.169175 0.0352981 -139.617
0.0614132 -0.011371 -37.3925
0.0779371 -0.00542676 -52.1041
0.0268868 0.0177892 -6.3268
0.014376 0.00117434 6.45878
0.0111142 0.00128361 9.70677
-0.014975 0.017095 35.0669
-0.0287918 0.00831162 49.3176
-0.0609629 0.0117079 82.3737
-0.0368285 -0.00660284 56.8706
0.00535919 -0.0199063 12.0888
-0.0699533 -0.0372084 97.027
-0.125735 -0.0365242 159.462
-0.199218 -0.0547925 244.208
-0.109246 -0.012163 136.958
-0.0923612 -0.0175864 116.086
-0.0554088 -0.0149735 71.5785
-0.0739509 0.00749574 93.4013
0.0261125 -0.00849578 5.77668
0.023965 -0.0322593 7.32604
-0.00629746 -0.0225839 7.93188
-0.00332099 0.012061 4.98062
-0.00219562 0.00642878 5.27616
0.0374503 -0.0257763 3.47016
-0.0227164 -0.155211 27.667
0.0264821 -0.194913 20.4466
0.0469016 -0.202159 17.4267
0.0127374 -0.177775 23.713
-0.00864639 -0.103937 23.0971
-0.00694998 -0.0947009 21.9832
-0.0261238 -0.113282 28.8768
-0.0265438 -0.132452 30.1479
-0.032521 -0.154438 34.4353
-0.0172476 -0.142692 28.6293
-0.0335524 -0.0582679 28.5261
-0.0128203 0.0186294 15.3214
-0.0871931 -0.0239068 46.7829
-0.0764799 -0.00845241 41.153
-0.0735701 8.99853e-05 38.5605
-0.0482431 0.0071926 27.0189
0.0428665 -0.00191787 -16.1328
0.0402449 -0.0213476 -13.0889
0.051328 -0.0820872 -14.3573
-0.00324081 -0.132695 18.9033
-0.0160387 -0.095923 23.4941
-0.0230067 -0.0317743 22.148
-0.0257458 -0.0683958 27.4022
-0.0184857 -0.0423975 20.123
-0.0436433 -0.0613385 37.4957
-0.00160264 -0.0037477 4.59147
-0.0173411 -0.0460236 18.8817
0.00714574 0.012364 -2.98663
0.0140602 0.0279656 -9.19645
0.00443787 0.00125485 12.8343
-0.0140942 -0.00643172 27.8378
-0.0126328 0.00590229 25.224
0.00331348 0.00389654 12.8214
0.00531379 -0.0235109 12.4897
0.0127604 -0.0217917 -0.649942
0.163504 0.0221027 -132.175
0.0990799 -0.0148857 -70.6934
0.0280779 -0.00853143 -5.50851
0.0159185 -0.0196615 6.36576
0.0238035 -0.00867707 -2.19883
-0.00840303 -0.00541656 29.7512
-0.0345187 0.00285483 55.5804
-0.0681933 -0.006722 91.4136
-0.0597557 -0.0162085 82.3223
-0.0113993 -0.0158513 29.682
-0.0229707 -0.00461095 42.2255
-0.130176 -0.000140119 162.588
-0.13853 0.00276461 169.704
-0.116124 -0.00114349 144.251
-0.107462 -0.0044691 133.204
-0.0474414 -0.00185115 60.7442
-0.0444488 -0.00547824 57.7232
0.0391641 -0.0446977 8.87647
0.0430922 -0.0252749 6.8481
0.00338457 0.00952485 5.12578
-0.0224018 0.0319106 4.42508
-0.00522213 0.023661 3.93064
-0.0288674 -0.0503276 21.746
-0.012703 -0.0674641 14.225
-0.0312543 -0.10956 21.3334
-0.0121642 -0.197215 28.0163
-0.0522667 -0.315077 46.7458
-0.0145259 -0.134241 21.604
-0.00126889 -0.050356 8.4541
-0.0058954 -0.0636928 11.1894
0.0149422 -0.192611 23.6584
-0.0260021 -0.126928 30.1451
-0.044525 -0.125522 35.9647
-0.0240991 -0.222192 37.6961
0.0762177 -0.177826 -1.3563
0.143102 -0.0857569 -34.7053
-0.0613405 -0.0696408 40.0479
-0.0470871 -0.0392952 31.2344
-0.0317448 -0.00570063 21.2483
-0.0127313 -0.0290763 13.3703
0.00888828 -0.0409804 5.36815
0.00855882 -0.0692254 6.92233
0.014137 -0.0867124 5.75647
0.00808651 -0.0573082 6.80547
0.0123234 -0.0537238 3.55952
-0.0186029 -0.0550246 22.2439
-0.380582 -0.014331 250.873
-0.00573385 -0.00952975 7.93423
0.000869325 0.0151419 1.18864
0.00543575 0.016196 -1.97653
0.011192 0.0297757 -7.19662
0.037518 0.0220709 -26.0262
0.0057712 -0.01028 12.6352
-0.011914 0.000578336 25.3068
-0.00411045 0.0254287 16.4212
-0.00309231 0.0282573 15.7818
-0.0360109 0.0115472 44.7361
-0.0108744 0.00771045 17.1987
0.106546 -0.0192503 -77.4528
0.0983141 -0.0216008 -69.5454
0.0301644 -0.0377662 -4.6392
0.00594564 -0.032103 17.1657
0.0221838 -0.0278402 0.773455
0.00613934 -0.023899 16.5435
-0.0185389 -0.0241362 41.6585
-0.0821614 -0.0400042 108.984
-0.0754774 -0.0519937 102.036
0.0032412 -0.0199919 13.7686
-0.0321776 -0.00187801 52.8839
-0.111324 0.00113316 140.663
-0.0893554 0.0489258 110.427
-0.116683 0.0891396 138.175
-0.0833306 0.0114889 102.799
-0.0205026 0.00108052 27.7309
-0.0294201 -0.00411272 39.3248
0.066116 -0.0708822 11.8002
0.0975058 -0.0216589 5.83482
-0.00231918 0.0242152 3.8182
-0.00462524 0.0415086 1.8851
0.0547538 0.0735886 -6.68682
-0.0383786 -0.0621823 24.7739
-0.0400145 -0.00591286 11.764
-0.0544125 -0.0544513 18.0385
-0.00577543 -0.087136 14.009
-0.00216573 -0.0959619 14.3092
0.033521 -0.0267519 -1.70284
-0.00631548 0.0283642 0.574107
-0.0174096 0.0180119 4.59574
-0.00326732 0.0178924 1.0852
0.0235231 -0.164689 17.282
-0.0377741 -0.134823 33.4873
-0.0725843 -0.0495753 35.8988
-0.0184277 -0.0340961 14.0536
0.0719156 -0.0360881 -21.0871
-0.00488286 -0.0617482 15.1988
-0.0377222 -0.037138 25.2997
-0.0136748 -0.0708283 19.2698
-0.00216913 -0.0552022 11.8649
-0.00892169 -0.0552941 15.3715
0.00179232 -0.0608424 9.99555
0.00388693 -0.0610402 8.96736
0.0141906 -0.0415597 0.609471
-0.00207698 0.0897673 -7.26598
0.0185051 -0.071934 1.44607
-0.0147238 -0.0316352 16.5485
0.0133774 0.000823396 -5.63486
0.0177393 0.0225514 -10.8043
0.0131185 0.0217912 -7.57025
0.00593505 0.00593232 -0.746197
0.026045 0.00737442 -15.765
0.0317529 -0.0280658 -15.634
0.00415532 -0.0116434 14.2855
0.00727699 0.00630864 9.57907
-0.00831588 0.0130779 21.571
0.00770725 0.0163297 -0.0285161
0.0216511 0.0187344 -12.4371
0.0739828 -0.0545205 -44.4989
0.0999628 -0.0367628 -69.293
0.0427104 -0.0459646 -15.0679
-0.00700766 -0.035483 30.0137
-0.00111634 -0.0498787 26.1067
0.0116358 -0.0421954 12.7122
-0.0688837 -0.0637228 97.8677
-0.108805 -0.0475636 136.813
-0.0593973 -0.0309332 82.4987
0.0083628 -0.00980787 7.13102
0.0112055 -0.0111674 5.39292
-0.0836452 0.00371384 109.24
-0.061149 0.0341206 80.1204
-0.0685478 0.0520643 86.7031
-0.0359116 0.0569569 47.2037
-0.0417723 0.0038282 53.4452
0.000484174 -0.0274833 21.6842
0.0799391 -0.0693784 11.4364
0.0639146 0.0348916 0.113916
0.0147344 0.0870465 -5.70589
0.0263457 0.0802208 -4.96516
0.0523853 0.0472594 -2.65494
0.112906 0.0140335 -3.68648
-0.0675692 -0.0253323 22.4835
-0.00844862 -0.0500151 10.3317
-0.0124513 -0.0360145 9.22536
0.0389746 -0.00750633 -5.01095
0.0280204 0.0689455 -12.3264
0.00575236 0.0600567 -5.66989
-0.0262638 0.0482445 3.18842
-0.00583559 0.00974915 2.95405
0.00696424 0.0213302 -2.64647
-0.00607839 -0.0115802 6.09004
-0.0139712 0.00449765 7.32708
-0.000966683 0.0116928 0.967974
0.0211331 -0.0246801 -1.91618
0.0285109 -0.0260401 -4.393
0.00690646 0.010052 -0.622187
-0.0226289 0.0126877 18.07
-0.00541917 -0.0485592 11.4613
-0.00605553 -0.0602376 13.9562
-0.0129321 -0.0358222 14.7197
0.0107814 -0.0521765 3.43954
0.0170387 -0.0717967 2.88498
0.0160573 -0.0545584 0.943258
0.0138443 -0.0407452 0.766983
0 0 -1
0.0272435 -0.0131695 -12.6508
0.0201815 0.00234303 -10.001
0.00857723 0.00839924 -2.87896
0.0224002 0.0337364 -16.5214
0.0114641 0.0202951 -6.68475
0.011935 0.00263066 -4.86438
1.17531 -0.300812 -871.555
0.00793243 -0.0201605 12.3995
-0.00257352 -0.0173502 20.6881
0.032958 0.0107107 -21.1624
0.0943373 0.0244114 -76.0902
0.0969039 -0.106298 -58.2902
0.08473 -0.0720703 -50.7734
0.0210686 -0.020964 1.89652
-0.422313 -0.0702177 428.494
-0.00107488 -0.0390978 24.1755
0.0329019 -0.0257523 -10.6817
-0.0382819 -0.0444579 64.722
-0.108269 -0.046427 135.404
-0.00639237 -0.00953611 23.0268
0.022707 0.00386294 -10.1208
0.014174 0.0105498 -0.423751
-0.0441583 0.030183 60.9398
-0.0521507 0.0405382 68.8924
-0.0813943 0.046418 101.512
-0.116208 0.165415 124.717
0.0426422 -0.109406 -18.2503
-0.0177728 0.0128814 38.6681
0.0403731 0.0603031 -1.94949
0.00959473 0.0387139 2.33036
0.0167984 0.0531186 0.201701
-0.0015632 0.0419081 3.09396
0.0411208 0.0268327 2.00132
-0.03835 0.00737039 14.0146
-0.0354165 -0.0177914 17.038
-0.0288798 0.00293438 12.2307
-0.0191155 0.0222002 7.4681
-0.0313723 0.0475892 6.00184
-0.00811297 0.0767034 -4.53646
-0.0375713 0.0563941 6.12733
-0.0679155 0.0593446 12.7932
-0.0105191 0.0492807 -1.36391
-0.016273 0.0623701 -1.65193
0.00672505 0.0430642 -6.05705
-0.0155855 0.0493507 1.99384
-0.0154106 0.0433876 1.68446
-0.0106135 0.0112979 5.08349
0.0483911 0.0105906 -17.6419
-0.0480038 -0.00861695 33.1981
-0.07263 -0.00693422 44.4206
0.0159266 0.0173374 -8.67188
0.0482332 0.0691323 -33.1409
0.0278182 0.244454 -50.8157
-0.00221327 -0.039464 8.86957
0.0106928 -0.0362401 0.988596
0.0116919 -0.047799 2.27749
0.00169033 -0.0353379 11.5619
0.0153403 -0.0436643 -0.6907
0.0346951 -0.00640489 -18.6203
0.0311079 0.0159824 -19.9829
0.0384438 0.0261299 -26.8815
0.0567763 0.0827419 -49.4694
0.029539 0.0239104 -19.1233
0.00220682 0.0110106 1.15404
0.00882505 -0.00430162 -1.45544
0.06771 -0.0175141 -45.5505
0.051235 -0.355772 27.272
0.049892 0.0304475 -38.5326
0.0416548 0.0149322 -28.7198
0.0303902 -0.00512491 -15.8646
0.00487565 0.000403552 6.27944
0.00747729 0.0550102 -6.08823
0.11614 0.00379949 -99.4417
0.0611028 -0.0257096 -39.2268
0.0424923 -0.0205317 -21.2869
0.037393 -0.0317025 -14.3423
0.0167011 0.00459341 -3.77926
0.0366147 0.0250951 -27.8435
0.0358764 0.0266964 -27.1881
0.0295285 0.0237634 -19.311
-0.0356175 0.0657282 46.6056
-0.0325571 0.108733 35.7237
-0.0523872 0.170786 48.9968
0.0497187 0.197728 -76.4488
0.107753 0.105461 -130.611
0.111539 0.0754172 -130.256
0.0304793 0.0731679 -3.79425
0.00109737 0.05293 0.750113
0.00576799 0.030137 4.69053
-0.0151946 0.0217576 7.35523
0.0051852 0.0330674 3.7476
0.231724 0.00123821 -13.9869
-0.0299429 0.0386306 5.95521
-0.0353097 0.0405582 6.28246
-0.00445386 0.0467295 -0.367374
-0.0115462 0.0391132 2.49972
-0.0232735 0.0394614 5.52875
-0.0354983 0.0692022 2.86902
-0.0303814 0.100055 -4.78074
0.00175923 0.0696069 -7.76327
-0.00479133 0.0979794 -10.9965
0.00560086 0.101641 -14.6365
-0.0363008 0.0809349 3.84357
-0.0434779 0.0767143 7.33101
0.0017737 0.041589 -4.58206
0.0789909 0.0804948 -42.3403
-0.0707111 0.0374212 34.7474
-0.049539 0.24684 -16.7658
-0.00820902 0.196378 -28.4077
0.0343035 0.0510821 -22.857
0.0517281 0.0641729 -33.7844
0.0669275 0.0143972 -20.8842
0.00644971 0.019841 11.7599
0.0161303 0.0430438 1.43487
-0.773375 0.164392 456.833
0.00498193 0.326672 -59.9474
0.0210642 0.302541 -65.7943
0.0300224 0.0716884 -29.128
0.0240456 0.101135 -30.2132
0.0210691 0.0654786 -21.2284
-0.00439925 0.0396253 1.48812
-0.00442758 -0.00111782 8.03669
0.0327897 -0.0247363 -16.7579
0.0678317 -0.0706266 -36.8352
0.104926 -0.0376284 -72.4049
0.0584482 0.0174649 -43.3971
0.0314709 0.0201647 -20.5946
0.01245 0.013287 -2.82344
0.0122609 0.0434094 -8.29954
0.0464093 0.0780766 -46.7377
0.105762 0.0377375 -95.6109
0.0517638 -0.0254295 -29.7664
0.004531 -0.0463697 20.5226
0.0208462 0.0304034 -12.4896
0.0379884 0.0452812 -33.8525
0.0404294 0.0390301 -34.871
0.0456409 0.0183296 -36.3851
0.0524742 0.0429142 -48.3695
0.00634664 0.0779768 -2.86672
0.007716 0.0983846 -8.27501
0.00167415 0.135185 -7.88939
0.0377353 0.12472 -48.6343
0.064238 0.107419 -76.9317
0.0888769 0.0971612 -105.502
0.0182026 0.0331625 4.3321
0.00350585 0.0494866 1.53805
-0.00332697 0.0524421 0.919431
-0.00946782 0.0400177 3.60153
0.0273962 0.0778424 -7.66561
-0.0203524 0.0914978 -4.39901
-0.0381874 0.103028 -5.34906
-0.0422918 0.105076 -5.26871
-0.010836 0.0406001 2.18028
-0.00101866 0.0598719 -3.52098
-0.0032513 0.0792089 -6.92334
-0.00644731 0.143409 -18.8178
-0.00146959 0.145188 -20.7176
0.00407601 0.111475 -15.8281
-0.0734286 0.0431506 36.8999
-0.0810566 0.0224887 43.8195
-0.0837226 0.0189196 45.437
-0.0884638 0.0282257 45.2219
-0.0937136 0.0175876 49.4421
-0.0883342 0.0360158 43.46
-0.0339743 0.198511 -13.8694
-0.0418073 0.221496 -15.4768
-0.0325161 0.263106 -28.5505
-0.0118065 0.286797 -43.7638
0.00940726 0.30632 -58.4659
0.0257861 0.0198766 0.947073
0.00530473 0.00599749 15.4287
-0.00773205 0.0280877 18.3599
-0.00201723 0.306683 -51.3108
0.0325153 0.320863 -76.0157
0.0229066 0.346074 -75.0356
-0.00718898 0.437728 -73.0146
-0.0018478 0.419743 -72.6965
-0.00212354 0.283091 -45.4668
-0.0464568 0.424134 -40.8846
-0.0205644 0.392411 -53.7121
0.0224056 0.31533 -70.7732
-0.0154659 0.375965 -53.3084
0.0126167 0.336676 -68.3636
0.0114228 0.115279 -22.0236
-0.00568824 0.091018 -1.96424
0.00974659 0.058702 -9.48313
0.0466236 0.101259 -51.5989
0.0527552 0.105043 -58.4391
0.0712566 0.0763479 -70.1081
0.0310283 0.0352663 -21.5236
0.0108087 0.0983919 -15.9422
0.0112465 0.114769 -19.4469
0.010654 0.123295 -20.5028
0.0403202 0.149698 -57.545
0.0515038 0.0774485 -54.935
0.05616 0.0972689 -63.864
0.0367166 0.0899574 -39.9928
0.0605778 0.153866 -79.7224
-0.000520119 0.156672 -9.78003
0.014466 0.14686 -25.2259
0.0428291 0.116084 -53.4988
0.078207 0.0875368 -90.7229
0.0718815 0.368052 -69.7798
0.0570927 0.415171 -80.0769
0.0855815 0.47723 -95.7219
0.00946644 0.0856072 -7.14823
0.0424225 0.117684 -16.8162
0.0299831 0.120779 -15.9077
-0.083586 0.0138778 46.3612
-0.081494 0.014718 45.9426
-0.0865922 0.0188326 45.8147
-0.0761357 0.0229272 42.8446
-0.0838502 0.0370992 41.2008
-0.0804379 0.0308795 41.9372
-0.082204 0.0228682 44.1522
-0.0861268 0.0294262 43.7558
-0.0755129 0.041715 37.5882
-0.0773687 0.0618942 33.4642
-0.0762104 0.0219865 41.9806
-0.0588579 0.089234 20.3377
-0.0347807 0.083853 11.8906
-0.0209246 0.255322 -32.6723
-0.0202405 0.257029 -33.3005
-0.0227972 0.274769 -35.6348
-0.00694186 0.306661 -50.181
0.00780366 0.316443 -59.6327
0.0279289 0.311361 -68.8713
0.0494942 0.0352724 -16.014
-0.00272233 -0.00625515 22.7276
-0.0395923 0.0134692 40.0397
-0.087469 0.0646662 57.5078
0.062105 0.299196 -90.0842
0.0704479 0.295689 -94.5336
0.0304525 0.276587 -62.7311
-0.015158 0.344981 -47.1031
-0.012546 0.328695 -45.2426
-0.0146189 0.357023 -50.2978
-0.0241387 0.368032 -45.4148
-0.00548406 0.350299 -56.3061
-0.00272431 0.338644 -55.4485
0.00222765 0.356318 -63.5797
-0.0117307 0.349426 -49.7756
-0.00444521 0.362338 -58.8951
-0.0167402 0.424875 -63.5577
-0.0242522 0.467057 -67.1232
-0.00850858 0.394446 -63.8085
0.0149033 0.397988 -86.9525
0.0412084 0.110216 -47.9398
0.0338202 0.128752 -44.668
0.00982761 0.27104 -51.18
0.0115063 0.222306 -42.1942
0.0317856 0.186127 -55.6505
0.036167 0.173806 -57.5903
0.0302975 0.167638 -49.9511
0.0451449 0.132966 -58.4096
0.0405645 0.112637 -48.164
0.0126597 0.122522 -16.9226
-0.00884112 0.104725 11.5354
0.0159929 0.116997 -21.3385
0.0557955 0.102516 -66.4665
0 0 -1
0.0574046 0.412954 -79.6569
-0.0710306 0.0176409 44.2024
-0.0738031 0.0229541 43.1966
-0.0761235 0.0199974 44.0149
-0.0815695 0.00454585 48.472
-0.0872825 0.0113575 47.4688
-0.0844916 0.0088268 47.7867
-0.0848361 0.00882783 47.7957
-0.0814575 0.0212839 43.9667
-0.0627328 0.0493471 32.8286
-0.0793539 0.0373828 39.782
-0.0740194 0.0643236 31.5505
-0.0668361 0.0446644 34.2039
-0.0469034 0.134857 5.83363
-0.0189291 0.208688 -21.755
-0.0114196 0.244762 -33.6006
-0.00588762 0.307014 -51.2352
0.000798412 0.320407 -57.2242
0.00352795 0.312869 -56.4196
0.00186975 0.309636 -54.8541
-0.00342511 0.308749 -52.1452
0.00613979 0.320198 -59.5871
0.011576 0.317211 -61.5631
0.006946 0.324026 -60.8499
0.00524212 0.315929 -57.9968
0.00689589 0.321805 -60.4648
0.00108076 0.326546 -58.3437
0.00939369 0.307475 -58.6823
0.0281319 0.309112 -70.9156
0.0524935 0.276054 -78.6051
0.0516881 0.262761 -74.6413
0.0349501 0.285015 -68.5168
0.00675825 0.333947 -60.7127
0.0102343 0.318004 -59.136
0.00647584 0.326251 -58.614
0.00257311 0.368472 -66.5621
-0.00971703 0.361162 -55.179
0.000604391 0.366312 -64.8469
-0.00929642 0.37791 -59.1007
-0.01316 0.367506 -53.3748
-0.00765627 0.38188 -61.6132
0.0165936 0.379402 -82.9342
-0.00545511 0.363151 -58.7116
-0.0043972 0.367296 -60.3659
0.0208644 0.374959 -86.7735
0.027838 0.353668 -88.3271
0.00821703 0.337146 -64.3393
0.000461119 0.322743 -52.7323
0.0357761 0.165685 -55.2871
0.0408655 0.234053 -76.6592
-0.0262437 0.320833 -23.8494
0.0381809 0.169569 -59.5469
0.0110383 0.173912 -29.4924
0.020934 0.0974484 -22.1101
0.0252745 0.130987 -35.7799
0.0184488 0.134453 -28.3068
0.037739 0.118673 -47.8837
0.513798 1.1531 -287.738
-0.0214006 0.0278192 38.4661
-0.0448209 0.00649493 45.6316
-0.0664848 0.020752 42.9596
-0.0805799 0.0169934 44.9903
-0.0763432 0.0097562 46.372
-0.0838772 0.0189154 44.8526
-0.0811757 0.0174778 44.7685
-0.058338 0.0617425 28.78
-0.0542658 0.0992139 17.6535
-0.0563658 0.142452 6.37977
-0.0536696 0.150979 3.64208
-0.0134826 0.21642 -24.611
0.00432153 0.277485 -46.4325
0.00720843 0.274507 -47.0483
-0.000698379 0.303303 -52.1618
-0.00759949 0.29771 -48.1974
0.00739628 0.318862 -59.1575
0.00640341 0.33404 -62.8906
0.00153763 0.327086 -59.0559
-0.00267133 0.319035 -55.1162
-0.00182156 0.324471 -56.9928
0.00425972 0.323095 -59.4094
0.00958061 0.326602 -63.0274
0.00622079 0.317081 -58.6693
0.000420856 0.319442 -56.2279
0.00855977 0.324 -62.092
0.0032771 0.322969 -58.7388
0.00572612 0.32056 -59.6263
0.014604 0.309317 -62.3662
0.0230445 0.309304 -67.8995
0.0580767 0.282995 -84.2058
0.0616641 0.274386 -83.9401
0.0132108 0.317456 -61.1912
0.0148218 0.327851 -65.186
0.00868513 0.338004 -63.6328
0.0127368 0.348642 -69.8448
0.0159809 0.342859 -70.8187
0.0185492 0.360283 -77.5309
0.00174243 0.360318 -63.2668
-0.0120044 0.38718 -59.3271
-0.0120218 0.380371 -57.3657
-0.00606757 0.369552 -59.8083
0.0010942 0.359001 -63.6572
-0.000634861 0.357917 -61.713
0.00430695 0.354018 -65.4811
0.0161764 0.340635 -73.5705
0.0227861 0.337582 -79.4138
-0.00455395 0.338317 -51.3698
-0.0238934 0.348891 -33.5029
-0.00867798 0.350678 -50.5269
0.0142751 0.376956 -82.7345
-0.0148984 0.451733 -71.2253
-0.0110991 0.359744 -49.9351
-0.0693832 0.421262 0.456923
-0.00552792 0.146454 -3.20288
0.0114198 0.131049 -19.0192
0.0224601 0.118733 -29.1113
-0.014573 0.0997218 17.1684
-0.0223627 0.05572 30.3691
-0.0397088 0.0513782 32.3509
-0.0606212 0.0443144 35.4968
-0.0704554 0.063742 30.615
-0.069777 0.0891112 22.962
-0.0448417 0.111087 13.146
-0.0356043 0.197707 -13.6572
-0.0195939 0.191679 -14.9168
-0.0301085 0.197574 -14.6981
-0.015837 0.259971 -35.9147
0.00768464 0.302011 -53.8343
0.0152875 0.318124 -60.6332
0.00376102 0.294678 -50.5227
0.000802537 0.324072 -58.2278
0.00616802 0.324869 -60.213
0.00098566 0.325414 -58.625
0.00152789 0.320663 -57.3465
0.00359273 0.324893 -59.4307
0.00327738 0.324697 -59.2782
0.000865578 0.324168 -58.1403
0.00322158 0.328133 -60.4435
0.0105543 0.325443 -63.1232
0.000730433 0.323718 -57.6649
0.00528449 0.32072 -59.1104
-0.000603614 0.324556 -57.0204
0.00499279 0.331924 -62.2952
0.00764949 0.323887 -61.4375
0.00202335 0.328752 -59.4418
0.00330513 0.320031 -57.8167
0.0110664 0.317882 -62.283
0.030711 0.29825 -69.8524
0.0735518 0.268369 -90.6765
0.0389816 0.305372 -76.1515
0.0198971 0.313946 -64.6397
0.0138741 0.319393 -62.0981
0.010869 0.327595 -62.0354
0.0128845 0.315348 -60.2372
0.0341397 0.288753 -70.1327
0.0329129 0.299694 -72.5861
0.00973956 0.291845 -50.2622
0.00948248 0.333973 -62.1435
-0.0167554 0.343407 -42.2258
-0.00708894 0.363032 -56.8612
-0.00211859 0.353542 -59.1486
-0.000646513 0.331649 -54.547
0.0187272 0.338752 -75.8427
0.00471692 0.3177 -55.5088
0.00937936 0.329056 -63.504
-0.00948417 0.330902 -43.9791
0.00832941 0.341766 -66.5491
0.0217588 0.348269 -83.1671
0.010662 0.349831 -70.7534
-0.0056732 0.36006 -55.6812
-0.00312132 0.368752 -61.4534
0.0101937 0.346307 -70.7785
0.0448789 0.288467 -94.8241
-0.00520838 0.309977 -40.2034
-0.0355802 0.111218 14.4188
-0.0388579 0.112364 13.6546
-0.0522733 0.109241 15.2354
-0.0527997 0.15435 1.1973
-0.059655 0.155736 1.73642
-0.0540921 0.174529 -4.42498
-0.0197498 0.224465 -24.5723
-0.00461912 0.258649 -37.3776
-0.0150591 0.267242 -38.5986
-0.00943537 0.288099 -45.7638
0.0104159 0.329259 -62.5216
0.00237642 0.332686 -61.5959
0.00678422 0.328809 -61.5016
0.00743437 0.321443 -59.3846
0.0035563 0.32261 -58.5705
-4.33262e-05 0.328578 -59.2281
0.00124507 0.32362 -58.1826
0.00827571 0.329235 -62.4591
0.00154597 0.324483 -58.3691
0.00143267 0.328375 -59.471
0.00280312 0.326209 -59.4865
0.00233034 0.325867 -59.0961
0.00846229 0.32868 -62.9589
-0.000500943 0.33366 -60.0615
-0.00181282 0.324125 -56.3336
0.00698878 0.326084 -61.7192
0.00340335 0.327462 -60.018
0.0050387 0.321847 -59.3502
0.00258305 0.325275 -58.8396
-0.00186705 0.325393 -56.0532
-0.00244806 0.320414 -54.128
0.015915 0.313424 -64.21
0.0334396 0.291642 -69.6838
0.0686947 0.260117 -84.7885
0.0625557 0.279881 -86.0547
0.0284268 0.31831 -72.2617
-6.55536e-05 0.315662 -49.6553
0.0113158 0.314483 -58.6313
0.0108635 0.31085 -57.5964
0.0418916 0.317066 -85.8481
0.017172 0.311062 -62.4532
-0.0152246 0.302637 -31.6617
0.0064749 0.300578 -50.4623
0.00287086 0.322794 -54.1807
-0.0193219 0.352584 -42.6801
-0.000406822 0.338007 -56.4309
0.0117813 0.337695 -68.6417
-0.0108351 0.33877 -45.8074
-0.010722 0.333335 -43.8146
0.00690681 0.330651 -61.4299
2.21741e-05 0.335179 -55.1764
0.0109552 0.328295 -65.3333
-0.0032826 0.314411 -44.7734
-0.00566667 0.31414 -41.936
0.00257336 0.335521 -58.232
0.014235 0.340671 -74.1596
0.0214042 0.321307 -76.6067
0.00876066 0.307484 -56.6874
-0.0314429 0.123484 10.6492
-0.0416414 0.137874 6.11671
-0.0367832 0.173237 -5.78733
-0.0110418 0.231538 -27.1282
-0.0192146 0.245486 -31.1936
-0.0109257 0.288314 -46.2842
0.00836729 0.328938 -62.1634
0.00421558 0.311592 -55.6592
0.00566071 0.326109 -60.5912
0.00719671 0.328107 -61.5475
0.014221 0.323174 -61.294
0.0083878 0.322283 -59.6523
0.010844 0.321825 -60.2044
-0.000452687 0.317447 -55.6394
0.00012141 0.32358 -57.8558
0.000562506 0.322326 -57.3882
-0.000516067 0.324749 -57.8797
0.00915394 0.325586 -61.7357
0.000420985 0.32597 -58.4979
0.00373624 0.32003 -57.8522
0.00635085 0.322028 -59.6881
0.00133041 0.324553 -58.2452
0.00572765 0.324411 -60.3224
0.00361014 0.325234 -59.4095
-0.00238846 0.321139 -55.0003
0.00374204 0.324761 -59.4504
0.00806326 0.32407 -61.6572
0.00454701 0.323036 -59.3603
0.00439649 0.321477 -58.7497
0.00338116 0.322772 -58.5413
-0.00388294 0.323904 -54.1803
0.00433502 0.327255 -60.8506
0.0166546 0.312845 -64.6642
0.0298078 0.289635 -66.3774
0.0692018 0.251098 -82.3066
0.0525371 0.259528 -72.0749
0.0222399 0.290546 -59.4329
0.0640295 0.351801 -113.442
0.00317468 0.32985 -56.7525
0.00935621 0.318942 -58.8086
0.0288432 0.292499 -67.0101
0.00153385 0.33894 -57.8566
-0.00800752 0.256692 -23.0236
0.0158892 0.271941 -50.7459
0.0210189 0.307829 -67.3604
0.0227283 0.327492 -75.346
0.0177872 0.324854 -70.1075
5.57477e-05 0.34965 -60.5512
0.0151521 0.318121 -66.4708
0.00789557 0.347993 -68.4382
0.00444571 0.340941 -62.2611
-0.0220123 0.313656 -23.821
-0.0173598 0.292208 -21.8472
-0.0015846 0.293989 -39.9677
0.0160655 0.312453 -66.4504
0.00801083 0.310144 -56.5654
0.0116462 0.28464 -52.2359
0.0084528 0.312914 -57.9297
0.0101082 0.137849 5.30187
0.0113744 0.168308 -5.55525
0.014611 0.249406 -34.4785
0.00952295 0.293275 -49.615
0.0101923 0.309865 -55.6314
0.011218 0.336825 -65.0803
0.000900851 0.327677 -60.5284
0.0111402 0.326047 -61.3677
0.00448416 0.327263 -60.6328
0.0103567 0.325135 -61.0786
0.00828583 0.330621 -62.5395
0.00609156 0.323829 -59.6845
-0.000588 0.317729 -55.6653
0.00101814 0.321337 -57.4605
0.00474015 0.314963 -56.3076
0.00293932 0.313707 -55.2556
0.00483617 0.31597 -56.769
0.00387647 0.315314 -56.1864
0.00301009 0.310613 -54.1329
0.000383472 0.323527 -57.6531
0.00950114 0.318758 -59.9799
0.00782481 0.313534 -57.3719
0.00410748 0.324026 -59.3563
0.0104491 0.313883 -58.873
-0.00177399 0.318598 -54.2278
0.00397506 0.325327 -59.7264
-0.000522252 0.320806 -55.6082
-0.00397219 0.318654 -52.8499
0.00452506 0.320488 -58.5747
0.000906457 0.318475 -55.4729
0.00641966 0.310435 -56.2991
0.00444933 0.324031 -59.7271
-0.00405786 0.324988 -54.1908
0.0111784 0.306502 -58.4828
0.0346066 0.280728 -66.752
0.0677424 0.274248 -89.2171
0.0621486 0.32042 -100.618
0.0270266 0.348981 -81.9685
-0.00216392 0.336971 -54.2337
0.0124533 0.36061 -75.7618
0.036413 0.334711 -87.5123
0.117891 0.328976 -157.081
0.148402 0.235333 -151.046
0.0560049 0.316586 -104.173
0.0460764 0.318868 -94.8433
0.0111428 0.316544 -59.6411
0.00560523 0.332521 -60.2868
0.0200496 0.352934 -81.9442
0.0102255 0.365813 -76.4881
-0.01051 0.3406 -45.1906
-0.0301296 0.336007 -22.1535
-0.0423429 0.29792 4.51435
-0.00589627 0.282426 -30.7809
0.0188684 0.278177 -57.7737
0.0304857 0.304067 -80.8463
0.0281366 0.29072 -73.4607
0.013642 0.290773 -56.4858
0.025797 0.256438 -59.7291
0.0430054 0.146729 1.79373
0.0488656 0.196924 -16.8945
0.048137 0.265937 -42.22
0.0218322 0.295325 -51.1032
0.0205876 0.323176 -61.1518
0.00598782 0.328938 -61.5895
0.00192801 0.312289 -55.0725
-0.000573411 0.30962 -53.5777
0.00279541 0.301367 -51.1862
0.00757907 0.286822 -46.7617
0.00599154 0.289943 -47.4744
0.00931829 0.292616 -49.3159
0.0076631 0.299856 -51.5284
-0.000198543 0.309258 -52.8048
0.00175465 0.294322 -47.985
0.00441863 0.299395 -50.6539
0.00496071 0.293102 -48.6187
0.00720073 0.299583 -51.8374
0.00620994 0.300934 -51.9177
-7.40897e-05 0.302658 -50.0207
0.0079528 0.297885 -51.8755
0.0101358 0.301988 -54.2934
0.00242115 0.29884 -49.5012
0.0045513 0.297076 -49.8613
0.00479976 0.311833 -55.2993
0.00320301 0.30468 -51.8698
0.0044105 0.310287 -54.6397
0.00257003 0.313327 -54.7695
0.00699553 0.30772 -55.488
0.00132148 0.305983 -51.1951
0.00265024 0.321252 -57.6026
0.00310401 0.305459 -52.208
0.00465431 0.304563 -53.015
0.00392154 0.301518 -51.4024
0.0194512 0.28649 -57.4236
0.0666774 0.240596 -76.4883
0.088935 0.271387 -104.387
0.037997 0.323629 -82.5474
0.00589385 0.327571 -58.0758
0.0168087 0.365027 -81.0271
0.0221613 0.37797 -90.3006
0.0789925 0.301544 -112.805
0.129652 0.254377 -141.068
0.0552414 0.314455 -102.486
0.035909 0.27743 -70.3551
0.0287638 0.254779 -55.227
0.0337571 0.306623 -79.4989
0.0508257 0.324554 -103.374
0.0259007 0.374732 -95.7847
-0.0179409 0.368866 -47.1364
-0.0424457 0.332165 -7.70151
-0.061457 0.257298 40.027
0.00171967 0.17843 -2.47207
0.0222159 0.288569 -65.0682
0.00654077 0.306878 -53.6541
0.0104346 0.295649 -54.1758
-0.00114518 0.292567 -39.2753
0.00168254 0.278889 -37.7123
