0.0118099 -0.0405327 3.80167
0.0130425 -0.0287092 3.28583
0 0.0879386 3.67388
0.00646186 -0.0203277 3.73988
0.00263023 -0.0161189 4.00115
0.00429868 -0.0160492 3.77052
0.00775409 -0.0149666 3.3223
0.0075188 -0.0133508 3.36578
-0.00508108 -0.01217 5.26967
0.00200538 -0.015816 4.27973
0.00357687 -0.0116444 3.6853
-0.00562244 0.00558134 5.83902
-0.00559708 0.00760755 6.0446
0.00137375 0.0014903 3.84059
0.0239836 -0.00198325 -2.8788
0.0511372 -0.0512642 -9.67524
0.0583649 0.0434127 -14.1402
-0.0232952 0.0436941 16.6192
0.0226401 -0.0051917 -0.574636
0.00136597 -0.0299482 3.00209
-0.00634032 -0.00367389 6.49635
0.00412611 -0.0378748 1.55192
0.0193246 0.00433088 -5.75054
-0.006614 -0.0342525 12.927
0.0275663 -0.0319146 -4.97267
-0.076662 0.0944501 50.7613
0.238025 -0.00782147 -128.458
0.0508678 0.00221068 -20.5709
0.0182249 0.0328721 -1.13271
0.0160442 0.0345068 0.142548
0.00992973 0.0301176 4.03204
0.0280598 -0.0734934 15.8595
0.0316815 -0.052725 13.1778
0.0431555 -0.0460241 4.7401
0.0483485 -0.031456 0.612332
0.0299252 -0.00436535 14.2874
-0.0658255 -0.0188821 88.8304
-0.0401155 -0.00149171 67.0042
0.00801442 0.00811473 27.7294
0.00269957 0.0149818 31.4132
-0.0796393 -0.0572572 104.727
-0.0536665 0.0535817 72.2994
-0.023266 -0.113182 45.4569
-0.00581107 -0.0323787 28.1291
0.0146761 0.0485996 6.62276
0.0316248 0.0731876 -10.4024
0.038893 -0.264762 -20.6192
0.00421486 -0.0198315 16.4256
0.0402643 -0.0601194 -19.909
0.0135287 -0.0599526 8.654
-0.0095118 -0.0239803 32.7288
-0.0219886 -0.00375407 46.0047
-0.0333457 -0.00259706 58.1883
0.00120813 0.0550681 17.2439
0.00568663 0.038021 12.619
0.00729408 0.0300582 10.7424
0.0133816 0.0306332 3.61086
-0.0274951 0.0189898 53.5106
-0.00487971 -0.00236135 2.93745
0.00406783 -0.00656904 2.90948
0.0124383 -0.0346766 3.77167
0.0206584 -0.0280372 2.92939
0.00445673 -0.0164493 3.85386
0.00353477 -0.0199477 3.86781
0.0130282 -0.0142015 2.55097
-0.00754879 -0.0078231 5.86291
-0.00697523 0.00424909 5.13362
0.00843224 -0.0163551 2.88015
0.00228702 -0.0147124 4.01355
-0.0024 -0.0114408 5.08824
-0.00531517 -0.00494392 6.01882
-0.000672238 -0.0124655 4.71613
0.0405358 -0.00927305 -8.01175
0.0611056 -0.0343105 -13.5548
0.0562508 -0.0317513 -12.0035
0.0277625 0.0630175 -3.1419
0.0397998 -0.024844 -6.49309
0.0480156 0.0593524 -12.2069
0.00848751 0.0455414 4.46786
-0.0147626 0.121303 12.991
-0.0118784 -0.0773475 17.5248
-0.0065745 -0.122748 16.2037
0.00282117 -0.0709665 9.69434
0.05268 -0.0722543 -16.8598
0.13198 -0.0163152 -67.9549
0.0969772 -0.0298077 -46.7075
0.0542715 -0.00641204 -22.2478
0.0118807 0.00917461 3.36459
0.0140531 0.00871591 1.75942
0.0224669 0.0030822 -3.57163
0.0307834 -0.0792677 13.9779
0.0511273 -0.0788967 0.145353
0.0808678 -0.050612 -22.7989
0.040857 0.00220357 5.35022
-0.0198157 0.00934302 52.6154
-0.0335702 -0.0446477 63.1408
-0.00352841 -0.0137578 37.8399
-0.0152821 -0.0179634 47.9716
-0.0311296 -0.0186095 61.648
-0.0161802 0.342321 32.7616
0.11486 -0.0987966 -82.2572
0.0226615 -0.0313198 2.07828
0.0139162 0.0122013 8.52342
0.00304094 0.0216101 18.353
-0.0379616 0.0188818 58.6604
-0.01105 0.00336101 30.5198
0.0329781 -0.036906 -13.1566
-0.00113754 -0.0634933 25.1452
-0.0253604 -0.0684902 50.6533
-0.0126063 -0.0787099 37.036
0.00105104 -0.0111795 19.4283
0.00835937 0.020607 10.0006
0.0271596 0.0364238 -11.9623
0.0146036 0.0437263 1.72534
0.00675183 0.104136 9.89566
-0.0676999 0.0282655 102.62
-0.00767195 0.0104975 2.5296
0.00317767 0.00168976 2.67441
0.0094785 -0.00609762 2.74592
0.0100856 -0.0175655 3.36384
0.0138173 -0.0232709 3.49205
0.0101559 -0.0211982 3.61676
0.0144491 -0.00467678 2.20931
-0.0628833 -0.0356339 16.7084
-0.010193 -0.0267549 7.25995
0.00787998 -0.0211251 3.69552
0.00034189 -0.00717242 4.52929
0.0115196 0.116822 -4.51985
-0.00152374 -0.00407918 5.0421
-0.00507619 0.00373729 5.53904
0.00692392 -0.0030847 2.2847
0.0231968 -0.0211871 -1.26671
0.00554011 -0.0241671 4.14398
-0.00194892 -0.063912 9.4401
-0.0257714 -0.0438848 17.3277
-0.025505 0.011836 14.0192
-0.00663465 0.000533173 6.68035
0.0134474 -0.000472778 -2.42453
0.0469928 -0.0784993 -13.5528
0.0195447 -0.0805327 0.00638096
0.0428985 -0.0959151 -11.34
0.150212 -0.0317061 -78.1444
0.114083 -0.0337697 -57.3168
0.0982934 -0.0401042 -47.2654
0.0443299 -0.00942703 -16.0401
0.029426 -0.0158919 -6.66702
0.0150664 0.00201287 1.36054
0.0183372 -0.001915 -0.582329
0.0501366 -0.100618 1.30072
0.0835802 -0.0949519 -23.7055
0.113209 -0.0134192 -49.0465
0.0961567 0.00160485 -36.9956
0.0659155 0.0164288 -14.3324
0.0562044 -0.0836945 -8.98071
0.0174184 -0.0533543 21.9581
-0.0071055 -0.0448652 42.5962
-0.00720937 -0.0418681 41.7326
-0.0151689 -0.0367167 48.3823
0.0748267 -0.0350026 -48.0022
0.0694413 -0.0707115 -41.201
0.0251963 -0.0616876 1.05896
0.00975527 -0.0359695 14.6449
-0.0416148 -0.00603181 63.1297
-0.00374316 -0.0127255 24.6
0.00637229 -0.0381839 15.0172
-0.060428 -0.0898285 89.3335
-0.0181668 -0.0531317 40.7521
0.0183299 -0.0381457 1.17849
0.0137794 -0.0116335 5.7497
0.00690811 -0.0142781 13.6547
0.0456367 -0.0584237 -28.8313
0.0784919 0.00984599 -72.2175
0.144862 0.0509675 -153.478
-0.00998456 0.100087 34.4625
-0.007589 0.000728408 2.94921
-0.000685124 0.00439749 2.52698
0.00132241 0.0017208 2.71377
0.0032074 -0.00792227 3.24261
-0.00596413 -0.0163558 4.71378
-0.00783083 -0.0183266 4.91138
0.0150417 -0.0151551 1.87295
-0.00533326 -0.016244 5.31522
0.00157135 -0.0230301 4.50081
0.0126602 -0.0240634 2.2245
0.0136687 -0.0350039 2.97236
0.0127944 -0.0208622 2.18366
-0.00741456 -0.0191871 7.68478
-0.00373016 -0.0152912 6.24571
0.00603001 -0.0262328 4.1122
-0.0152527 -0.0296383 11.7714
0.00228591 -0.0382431 6.076
-0.0146364 -0.0297349 11.9689
-0.00905203 -0.0569647 11.941
-0.0201017 -0.0362286 14.5023
0.00401619 -0.0178808 2.88357
0.00438253 -0.0150078 2.2813
0.0173059 -0.0172001 -3.17392
0.0260972 -0.0683396 -3.28703
0.0323131 -0.0654127 -7.68431
0.0805652 -0.0243496 -39.6229
0.0818659 -0.0532109 -37.3277
0.0952071 -0.0707408 -43.2427
0.0564985 -0.0423273 -21.605
0.0686938 -0.0388947 -30.2093
0.0299994 0.000542028 -8.21149
0.00333719 -0.00498856 9.85359
-0.0406104 -0.054844 43.8265
-0.0248433 -0.0636007 33.0376
0.0237496 -0.0242086 -5.74145
0.0630537 0.00884953 -11.9563
0.0170086 -0.0530981 21.0472
0.0323377 -0.0737531 10.182
0.0460901 -0.0641979 -1.7534
-0.018963 -0.0342835 52.0816
-0.00208704 -0.0577139 38.1327
-0.00323872 -0.0617654 39.5706
0.0458112 -0.0377275 -21.5721
0.0488995 -0.0502883 -23.5463
0.0379302 -0.0527894 -12.7522
-0.00723499 -0.0363857 30.8538
-0.0229093 -0.0407983 46.9805
0.00268902 -0.0640138 21.4087
-0.0147066 -0.040888 37.2574
-0.01369 -0.047559 36.9499
0.013331 -0.0118242 4.96201
-0.0165251 -0.033641 39.8871
0.0126943 -0.0673072 9.37586
0.00342821 -0.0771467 20.8647
0.0421737 -0.0885781 -23.3389
0.100615 -0.0676911 -94.036
0.135631 0.0125787 -141.148
0.120564 -0.106884 -113.496
-0.00660819 0.00384364 2.83442
-0.00613442 -0.00388288 3.46658
0.00294601 -0.00561674 3.30809
0.00314541 -0.000408976 2.7826
-0.00896018 0.000625546 3.63094
-0.0128153 -0.000205322 3.92208
0.0127994 0.00121652 0.606483
-0.00547704 -0.0144661 4.61153
0.0098164 -0.0195822 2.22716
0.0214996 -0.0262083 0.608755
0.0137182 -0.0139552 1.23656
0.00372585 -0.0219002 4.41505
0.00242348 -0.0204195 4.70408
-0.00977399 -0.0192105 8.00271
-0.00684279 -0.0260309 7.68153
-0.0119192 -0.034957 10.2215
-0.00676113 -0.0354176 8.45203
-0.00393997 -0.0390136 7.87784
0.00338702 -0.0466374 5.8706
-0.00387614 -0.0447718 8.31607
0.00830629 -0.0381024 2.23696
0.00672338 -0.0465964 3.92703
0.0132018 -0.0538328 1.37863
0.00529823 -0.0547639 5.44466
0.00968431 -0.0502803 2.52143
0.0118507 -0.0405301 0.316709
0.0273491 -0.0219531 -10.6377
0.0817216 -0.0819647 -34.6918
0.0777163 -0.0705727 -32.9253
0.111219 -0.0525647 -55.6456
0.0331071 -0.0329938 -7.31391
-0.0477147 -0.0431157 47.8143
-0.0610629 -0.0923683 61.3286
-0.0164135 -0.070829 27.4802
0.0428342 -0.0330645 -19.2824
0.0566815 -0.0277823 -29.8459
0.0319075 -0.0316702 -10.4362
0.00518191 -0.00692898 8.52783
0.00302191 -0.0339028 13.0932
-0.019849 0.0113566 49.7823
0.0214569 -0.188921 16.4168
0.00249459 -0.0369835 32.4719
0.0354185 -0.0163667 -14.3883
0.0568207 -0.0318151 -32.3864
0.0470684 -0.0121937 -24.5909
-0.0178551 -0.0450199 41.6801
0.00979245 -0.0224224 10.8441
-0.0095122 -0.0389212 32.2512
-0.0120738 -0.0161149 32.4324
0.00966139 -0.0358061 11.0951
0.00341225 -0.0315476 17.68
-0.0268723 -0.0503056 53.0267
-0.0156922 -0.0511949 40.0282
0.00465565 -0.0488521 16.4765
0.0372649 -0.0507955 -21.557
0.0569595 -0.022719 -46.7118
-0.0143012 0.0322304 40.2343
0.00862022 0.0617205 9.26687
-0.00940141 0.00181955 3.03385
-0.0102979 0.000276837 3.17058
0.00330495 -0.0049496 3.23127
0.000599608 0.00179957 2.72686
-0.0151353 0.00372019 3.88238
-0.0026375 -0.00141619 2.90897
0.00364465 0.00590704 1.18765
-0.0293981 -0.00145059 8.72412
-0.0196583 -0.00845565 6.67045
0.0231416 0.00966736 -3.37755
0.0111511 0.00770119 -0.476742
0.00149754 0.00625532 1.90882
0.00293156 0.00180005 2.04689
0.0316286 0.0399442 -10.5294
-0.0120435 0.00257847 6.34721
-0.00490337 0.0057342 3.26154
0.018542 0.020809 -7.00245
0.00285821 -0.0108025 2.2112
0.00553972 -0.00125686 -0.0637923
-0.00494078 -0.00126263 4.10578
-0.00384685 0.00418955 2.91764
-0.000141117 -0.00446691 2.2038
0.00908688 -0.0370917 1.52117
-0.00519897 -0.0196085 6.7132
0.00264625 -0.036925 4.84727
0.0117057 -0.0572465 2.52718
0.0439969 -0.0642036 -15.2503
0.0645486 -0.0720049 -25.687
0.0909902 -0.0875339 -39.331
0.101864 -0.0952961 -45.6009
0.0395087 -0.0590841 -7.98118
-0.0274426 -0.0233747 31.6733
-0.0417783 -0.0525132 42.8954
0.030122 -0.0703082 -6.08497
0.0480103 -0.0387904 -22.0019
0.0434177 -0.0360948 -18.2955
0.0204962 -0.0190955 -2.48654
0.0293424 -0.0195999 -9.58063
-0.0189095 -0.0244372 30.1214
0.140732 -0.0801035 -98.8618
0.0475949 0.0517489 -32.4061
0.0361042 0.0352948 -20.5141
0.0276397 0.026594 -12.2475
0.036513 0.0333572 -21.0586
0.0561558 -0.000870036 -34.9251
0.0260499 -0.0545311 -3.14812
0.0510662 -0.0177676 -31.1241
-0.0354577 -0.0210002 58.0742
-0.0180575 -0.0199045 39.3798
-0.00687756 -0.0218589 27.6351
-0.0175575 -0.0323684 40.2973
-0.0235576 -0.0443194 47.9809
0.0123112 -0.0688898 9.90447
0.025922 -0.0501481 -7.55849
0.0461233 -0.017474 -34.7244
0.00544314 0.0496481 14.695
0.00349704 0.0396375 18.0584
0.0196463 0.0527592 -3.10097
-0.0149073 0.0013478 3.24605
-0.0169536 0.00140866 3.11918
0.00139746 -0.00137489 2.81713
0.00465852 -0.000155121 2.60785
-0.00716767 0.00545382 2.9295
-0.00522968 0.00451294 2.53415
0.0206319 0.00422125 -0.686548
-0.0232105 -0.00772064 8.65948
-0.0171924 0.00475564 4.82458
0.0244707 0.0199465 -5.0058
0.013604 0.0352293 -4.78155
0.00282443 0.0323241 -1.9481
0.0146269 0.0161886 -2.9391
0.0688003 0.0219243 -19.313
0.123875 0.00749007 -32.2056
-0.355828 0.123562 107.031
0.178742 0.0399219 -65.0111
0.0037327 0.00560507 -0.170953
0.00895093 0.0217188 -4.54987
-0.00158468 0.0358593 -2.19778
-0.0182611 0.0461354 3.84862
-0.016371 0.0491848 2.4878
-0.0154903 0.0209811 6.19139
-0.00744018 -0.0149105 7.45226
-0.00571442 -0.0217886 7.50538
-0.031864 -0.00070205 19.7371
0.0271253 -0.03256 -9.15205
0 0 -1
0.0491829 -0.0448739 -20.5182
0.107513 -0.0909121 -50.0516
0.0481047 -0.103035 -9.38557
-0.0293441 -0.0856767 39.2737
0.00457501 -0.0161852 4.87096
0.0218006 -0.0518525 -2.37034
-0.0338967 0.0196867 27.5084
0.0495948 -0.0332813 -23.8325
0.0574359 0.000176265 -34.7446
0.0306803 0.0144867 -15.1676
-0.163832 -0.0438979 152.589
0.0632958 -0.0134207 -17.6626
0.0255174 0.0161179 -8.73792
0.0274099 0.0268247 -12.0029
0.0637099 0.0848059 -53.371
0.0680252 0.0545385 -53.8787
0.0679445 0.0331905 -50.8264
0.0398716 -0.0377639 -19.1778
0.0619815 -0.0542749 -38.6908
-0.0227214 0.0727243 40.1556
-0.0320257 -0.0370845 55.9742
-0.0240692 -0.0287736 46.7877
-0.0163462 -0.0252299 38.0943
0.0560722 0.0192005 -33.0986
0.0231116 0.00526003 6.39024
-0.00271317 -0.00822453 37.8797
-0.00578836 0.0258087 36.2489
0.0193409 0.0186115 1.53508
0.0106029 0.0343934 10.3556
0.0193361 0.0456989 -1.80877
-0.00344969 0.00686988 2.07437
-0.0035654 0.0166706 0.39952
-0.00143713 0.035449 -2.86116
0.0134011 0.0193496 -1.06528
0.0273815 0.0132308 4.66663
0.0040322 0.00995841 0.554077
0.0374263 0.00428332 -3.24808
-0.0916517 -0.00215277 18.7747
0.0148189 0.0123787 -2.16318
0.0363415 0.0388338 -10.3188
0.0350738 0.0404403 -9.95824
0.00149708 0.0381138 -2.05018
0.00266226 0.0400656 -3.23814
0.0816179 -0.0048072 -18.377
0.119518 -0.0244907 -25.9622
0.0827207 0.0195335 -21.4714
0.138251 0.00734669 -45.5757
0.0342569 0.0676534 -21.5818
0.042194 0.0969361 -29.4543
-0.00857612 0.110898 -10.7487
-0.0381977 0.110498 2.81951
-0.012072 0.070945 -2.77609
-0.047206 0.116783 5.80821
-0.0406246 0.0391482 16.0702
0.0262251 0.0446814 -19.2194
0.00189356 0.000151585 0.713299
0.020072 -0.014845 -7.76014
0.039803 -0.0207702 -18.5412
0.0512349 -0.0131378 -26.4688
0.0475369 -0.0210248 -23.1577
-0.0593871 -0.0204923 48.3652
0.0278286 -0.0105338 -10.5944
-0.00280533 0.0204643 4.74545
-0.00985431 0.0274398 8.97005
0.0447295 0.0893607 -42.0508
0.092738 0.0195433 -65.4021
0.0799775 0.0313631 -57.4869
0.0422241 0.035664 -27.545
-0.170742 0.0475434 145.323
0.0964056 -0.013405 -45.9426
0.0570064 0.0537565 -42.0915
0.0607544 0.103584 -53.6934
0.0737243 0.105763 -65.5156
0.0578423 0.120555 -53.6955
0.0836841 0.128185 -79.8786
0.117753 0.137938 -114.217
0.0867358 0.052733 -69.1672
0.0280161 0.0290737 -5.67757
0.0196178 0.0262042 2.71385
0.0531832 0.00565772 -29.3846
0.089727 -0.00375353 -67.7007
0.0776563 0.00446835 -54.8142
0.0282161 0.00661219 0.321661
0.000146767 0.0253747 29.4088
-0.0111354 0.0214982 43.3436
0.0007643 -0.00348099 33.1861
0.186355 1.00473 -368.16
-0.192775 -0.122192 272.833
0.0219939 0.00793842 1.67707
-0.00303684 0.0424478 -3.87166
0.00920612 0.0902464 -13.2791
0.00858034 0.0858735 -12.8587
-0.0907477 -0.027839 23.3351
-0.0464969 0.0240581 4.24384
0.0359396 0.0171739 -5.16141
-0.0365248 0.00309983 9.69376
0.00839281 -0.0123392 3.34742
0.0435111 0.00918836 -6.79107
-0.0153777 0.0395398 2.02365
-0.0163797 0.00836605 7.67308
-0.0579891 0.0211177 32.1043
0.0474459 0.0203218 -12.7349
0.0716769 -0.0285523 -11.546
0.0880258 0.0251507 -31.5502
0.0287731 0.087161 -20.9516
0.0203572 0.130819 -25.7084
0.0184869 0.136025 -26.962
0.0152163 0.175886 -31.1269
-0.0484153 0.161974 -0.405797
-0.048128 0.192903 -6.86123
-0.0236789 0.276609 -34.5108
-0.0322 0.224316 -20.0054
0.0380935 0.108758 -34.4518
0.011169 0.155272 -28.4192
-0.0124565 0.00343062 13.4298
-0.00726378 0.109414 -8.30565
-0.018421 0.110966 -2.71476
0.0340815 0.0733428 -28.8901
0.0593842 0.0946624 -48.7655
0.042395 0.105622 -40.4933
0.00423238 0.0197536 0.158699
0.0146683 0.0564983 -13.8641
0.0511172 0.106562 -49.4681
0.0807448 0.0824722 -67.0556
0.0652782 0.0424708 -47.6871
0.0369743 0.0406689 -24.3711
-0.0275794 0.0810266 20.8338
0.0668795 -0.00993982 -21.3052
0.0801478 0.0872097 -68.127
0.0657902 0.0685831 -51.6846
0.0769035 0.0620449 -60.6432
0.0754599 0.0865172 -63.6292
0.0804862 0.0102514 -54.3916
0.0809183 0.0505927 -62.3369
0.0511466 0.0203708 -27.8166
0.0262318 0.0214407 -2.87705
0.0388004 0.0314894 -18.1812
0.0462495 0.0190096 -24.3185
0.0707248 0.00081511 -47.5799
0.0894306 -0.0186286 -64.3088
0.0663353 -0.00351431 -40.9916
0.0281038 -0.00704534 2.84022
-0.00934044 -0.00691257 46.3035
-0.00659097 -0.0203283 45.1188
-0.0530828 0.0205691 94.0945
-0.0602373 0.0545325 96.1761
0 0 -1
0.0441003 0.135256 -23.7045
0.0207553 0.128127 -21.335
0.0276536 0.299404 -57.2264
-0.000547538 0.219614 -37.1483
-0.0425397 0.312712 -52.3971
-0.0145372 0.295147 -51.6892
-0.0285 0.117049 -13.2905
0.0166481 0.0616821 6.58161
0.00175103 0.0862759 3.99022
-0.019369 0.0854091 9.03456
-0.0237426 0.0482995 18.0752
-0.0579763 0.0322051 30.0281
-0.0866442 0.0740212 29.1072
-0.0151753 0.0187413 10.4972
-0.0317812 0.0940895 0.827265
0.0082005 0.146116 -24.3883
-0.0213157 0.105591 -5.34382
-0.0625888 0.135978 13.0146
-0.0614583 0.216458 -4.67326
-0.0470852 0.222459 -11.9634
-0.0367513 0.213714 -15.1771
-0.029827 0.24397 -24.8677
-0.020008 0.256252 -32.2379
-0.0127914 0.263614 -37.5179
-0.00640869 0.282969 -44.548
0.00547331 0.305016 -55.9934
0.0337774 0.228827 -56.8014
0.0161596 0.22589 -46.3067
0.0277853 0.312176 -71.1019
0.0424692 0.288909 -75.7113
0.0557661 0.191889 -64.7971
0.0739855 0.174279 -73.6293
0.0951537 0.168703 -86.8381
0.107403 0.138759 -89.8582
0.146879 0.170816 -126.121
0.115468 0.11606 -90.5296
0.118437 0.136524 -97.8266
0.173316 0.103743 -136.211
0.131139 0.032161 -84.743
0.0269128 0.00840713 9.35789
0.0660355 0.249791 -78.174
0.0381418 0.0410487 -20.971
0.0511353 0.0399127 -32.5197
0.058251 0.0170997 -34.8672
0.0606609 -0.000753953 -33.1875
0.045883 0.00698913 -20.1486
0.0394181 0.00168781 -12.8371
0.0237992 0.0139755 1.1365
0.0165633 0.0178185 7.42746
0.0529336 0.0124363 -30.596
0.044161 0.00475926 -19.2961
0.0584148 -0.0060064 -32.0502
0.0164268 0.00430592 14.0277
-0.0155846 -0.00318536 52.7038
0.00416131 0.0112939 26.1386
0.000689703 0.0565653 21.4784
-0.065582 0.0448117 104.063
0.0851021 0.26491 -52.3475
0.0719537 0.301602 -60.3664
0.0464994 0.33486 -66.6027
0.0257897 0.323616 -62.4007
0.00744517 0.296802 -54.8301
0.0187788 0.327082 -62.328
-0.0225068 0.297993 -51.4609
0.0333526 0.020227 13.4609
0.0161004 0.0337036 13.1369
0.0213066 0.062875 5.46316
-0.0219329 0.0530271 16.7441
-0.0488507 0.0240811 29.424
-0.0768829 -0.106457 72.7691
-0.0816815 0.0689751 28.5636
0.0257873 0.431547 -90.7326
0.00228273 0.0120845 16.7524
-0.0645423 0.0161315 40.0137
-0.0429133 0.197568 -9.00963
-0.0463035 0.2096 -10.5166
-0.0469104 0.222678 -12.665
-0.0292436 0.244997 -25.2167
-0.0174405 0.265311 -35.2006
-0.00254563 0.284012 -46.7532
0.00445869 0.302262 -54.424
0.00854258 0.306375 -57.4236
0.00634257 0.307795 -56.4734
-0.00266295 0.315123 -53.1846
0.00130871 0.306057 -53.3726
0.00926968 0.285365 -53.8723
0.0203134 0.293275 -62.4132
0.0482563 0.272521 -75.78
0.0336035 0.28242 -68.2865
0.0393111 0.264462 -68.3162
0.0565519 0.233253 -73.5197
0.0779649 0.23521 -90.1476
0.118361 0.143326 -99.3116
0.126792 0.0861508 -93.1252
0.115331 0.0893027 -84.738
0.120833 0.0900191 -89.0598
0.100385 0.0873405 -70.4736
0.0983802 0.104498 -72.5306
0.0852545 0.299393 -105.603
0.0695516 0.516516 -141.738
0.0346498 0.0380567 -16.8404
0.0348798 0.0418442 -17.9453
0.0518412 7.51214e-05 -24.8512
0.0373394 0.00934161 -12.4436
0.042381 0.0264205 -21.4128
0.0380892 0.000341821 -11.0114
0.0257751 0.0152303 -1.66579
0.0399771 0.0122102 -16.3325
0.0338815 0.0110602 -8.99957
0.0701753 0.00742226 -48.4319
0.0411142 0.00380758 -14.3302
0.0186371 0.0113479 9.82273
0.0142309 0.0241543 11.9734
0.0765208 0.0318765 -65.1673
0.125282 0.0496157 -128.243
0.084907 0.329031 -66.7364
0.056122 0.329092 -65.4427
0.0354533 0.327667 -64.3468
0.0194276 0.315579 -60.1384
0.0160583 0.299662 -55.7754
0.0254403 0.297463 -57.0434
0.145119 0.0660436 -15.4987
0.0529724 0.0222487 9.34712
0.017196 0.00474102 19.6787
0.096504 0.0340061 3.41953
-0.036283 0.045781 21.2247
-0.00264172 0.281152 -44.0044
-0.00340052 0.294994 -46.8191
-0.0312121 0.354263 -53.9721
-0.0116097 0.351487 -58.5299
0.00873368 0.295922 -51.5278
-0.0218694 0.259832 -31.8787
-0.00199442 0.263684 -40.4907
-0.0330782 0.230833 -20.4512
-0.0211596 0.261747 -32.8003
-0.00254668 0.285959 -46.6756
0.00749876 0.285533 -51.3339
1.31702e-05 0.288701 -49.03
0.00434728 0.31116 -56.4272
0.0162285 0.299033 -59.6832
0.011468 0.311089 -60.0375
-0.00762537 0.317833 -50.9254
-0.0210897 0.301198 -38.9821
-0.00811921 0.29704 -46.0224
0.011101 0.32051 -63.3194
0.0293566 0.290967 -67.8527
0.0488074 0.283209 -78.7817
0.0550039 0.287111 -83.9318
0.0520198 0.289351 -83.1035
0.0304192 0.308041 -71.9858
0.0437616 0.257586 -69.6303
0.0694439 0.254324 -88.8171
0.0688582 0.165257 -66.1945
0.0985693 0.0851004 -70.2035
0.131026 0.0342287 -84.422
0.134992 0.0323596 -87.4258
0.143491 0.045846 -97.9616
0.142559 0.0465233 -97.3355
0.122006 0.0663522 -83.1882
0.11361 0.0806099 -78.6897
0.110245 0.13754 -89.6648
0.109922 0.0921804 -77.2898
0.0227948 0.0418818 -4.97595
0.0324508 0.0102467 -7.58951
0.0143481 -0.0163943 18.0602
0.0285894 0.0196823 -5.53194
0.0400291 0.0007303 -13.7119
0.0515849 0.0117609 -28.3013
0.0198418 0.00349244 9.93145
0.0215234 0.0173647 4.95428
0.0172838 0.0279708 7.22107
0.0594629 0.00391773 -38.1202
0.138375 0.0327745 -140.813
0.0705681 0.345116 -70.5094
0.055642 0.334282 -67.0703
0.0306036 0.32795 -64.4425
0.0351618 0.327591 -64.6419
-0.0869818 -0.0542563 66.496
0.0197467 0.303422 -57.648
0.0329827 0.34359 -70.057
0.0897411 0.759422 -189.201
0.0569212 0.383392 -81.2117
-0.00651289 0.240195 -29.3259
-0.02915 0.214658 -17.2164
-0.0196242 0.286008 -40.1542
-0.00783678 0.285747 -42.8932
-0.0182738 0.260121 -33.0921
-0.0215583 0.262425 -33.1261
-0.00983604 0.272243 -39.5446
-0.0147044 0.273992 -38.6481
0.00743858 0.289725 -51.2554
0.0102987 0.284331 -51.0157
-0.00485911 0.305031 -50.2221
-0.0189914 0.302213 -43.5719
0.00461594 0.315545 -57.5956
0.00179719 0.326369 -58.8332
-0.00792647 0.32723 -54.2381
0.000709666 0.31954 -56.611
0.015779 0.325679 -65.8174
-0.00904124 0.317835 -49.7406
-0.00890325 0.32209 -51.2611
0.000704434 0.316977 -55.6356
-0.00167705 0.320147 -55.4753
0.0383868 0.298527 -75.7177
0.0409733 0.289928 -75.359
0.0630477 0.264077 -83.4439
0.0464943 0.304795 -82.4517
0.0298337 0.312916 -72.5081
0.0254123 0.306487 -67.522
0.0526496 0.289643 -84.5556
0.0537367 0.282093 -83.6052
0.0433973 0.292023 -77.5243
0.0386427 0.255218 -63.797
0.0953598 0.119257 -75.6415
0.143135 0.0422832 -97.2878
0.131046 0.0558981 -89.59
0.129924 0.0372555 -83.4225
0.132399 0.0223995 -81.63
0.139131 0.0428299 -93.6486
0.151479 0.038388 -104.621
0.132195 0.0537467 -89.4484
0.11552 0.150178 -98.7778
0.110914 0.157959 -94.6944
0.121349 0.142679 -101.783
0.124018 0.11529 -97.0547
0.0626263 0.0939039 -22.0022
0.0198481 -0.00505139 52.8555
0.00426037 0.0487476 16.933
0.0225697 0.0365811 -1.33301
0.082074 0.045729 -75.8439
0.138017 0.0322653 -140.148
0.0616809 0.345522 -70.4929
0.0571546 0.337996 -68.154
0.0663881 0.369666 -78.0921
0.139904 0.528729 -126.879
-0.0457179 0.208925 -13.645
-0.0450882 0.289622 -38.47
-0.0237479 0.277393 -36.9861
-0.0253857 0.318085 -48.6497
-0.0173109 0.264025 -34.1323
-0.0209041 0.224056 -21.7276
-0.0304788 0.238308 -24.2585
-0.0177157 0.256123 -32.5981
-0.0202527 0.249128 -29.9896
-0.00901298 0.271117 -39.5445
0.00173406 0.293212 -49.3425
-0.00213777 0.300216 -50.0959
0.00238288 0.315373 -56.0456
0.00539855 0.297487 -51.9949
-0.0033249 0.307286 -51.3009
-0.00243422 0.323678 -56.3102
-0.00585605 0.32254 -54.7254
0.00331603 0.294712 -50.5228
-0.000761384 0.30464 -51.2706
0.00315524 0.320784 -57.9309
0.00483729 0.309303 -55.2942
0.0054249 0.322114 -59.3738
-0.00361693 0.334608 -57.9821
-0.0081616 0.334394 -55.3544
0.0031481 0.329346 -60.9569
0.0131477 0.328612 -66.8709
0.0115865 0.339123 -69.4432
0.0197319 0.300237 -63.6009
0.0483855 0.291472 -80.9705
0.0721125 0.280388 -94.3888
0.0460262 0.298909 -80.5068
0.0407905 0.298705 -76.8709
0.0507666 0.334882 -95.728
0.0442757 0.311208 -83.6328
0.0284686 0.28371 -63.0686
0.026812 0.296696 -65.6859
0.0396677 0.23788 -59.9094
0.0928351 0.113042 -71.1677
0.107723 0.0921033 -78.752
0.113892 0.0294036 -66.3974
0.1287 0.010718 -75.1685
0.151371 0.00554249 -95.6691
0.148982 0.0251005 -99.0126
0.156383 0.0120239 -102.638
0.147591 -0.00157676 -89.4733
0.151911 0.0544988 -110.419
0.148395 0.0660042 -109.791
0.147912 0.0604769 -108.021
0.135332 0.0384876 -87.3671
0.119844 0.027917 -66.2057
0.109134 0.0723066 -67.3615
0.144333 0.107327 -119.294
0.143528 0.0715844 -107.372
0.15804 0.0718221 -125.221
-0.0284881 0.268425 -35.8193
-0.0343049 0.287216 -41.6903
-0.00408962 0.360183 -65.9999
-0.00257095 0.282371 -41.1923
-0.0137922 0.257733 -32.1362
-0.0312458 0.23809 -24.0022
-0.034721 0.2221 -18.8002
-0.0235782 0.238269 -25.6226
-0.0237323 0.229313 -22.895
-0.0259856 0.240743 -26.1751
-0.00463543 0.29314 -47.3642
-0.0058303 0.293645 -47.1947
-0.00271392 0.312064 -53.7114
-0.00798666 0.315102 -52.7179
0.00263126 0.310736 -54.6779
0.00654333 0.307581 -55.0368
0.00244586 0.314281 -55.6838
0.0129896 0.307262 -57.4617
0.00910933 0.328381 -62.3272
-0.00574009 0.321726 -54.076
-0.00706588 0.314449 -51.284
-0.00542475 0.317278 -52.7778
0.000703961 0.304271 -52.101
0.0113596 0.326343 -64.0078
0.00387949 0.316775 -57.352
0.00383259 0.330525 -61.4195
-0.011903 0.329787 -51.5506
-0.0145856 0.323266 -48.0793
0.00513777 0.310939 -56.2914
0.0156569 0.315518 -64.8652
0.0125819 0.327991 -66.3576
0.00567628 0.33291 -63.3459
0.0284472 0.31175 -72.781
0.0451925 0.295348 -79.569
0.0754013 0.26163 -91.0963
0.0507926 0.310678 -87.8033
0.0539782 0.335158 -98.1063
0.0466383 0.340174 -94.289
0.0295596 0.324683 -75.9999
0.0343702 0.32276 -79.5319
0.0232863 0.329643 -72.449
0.0181809 0.373887 -81.9706
0.030349 0.316185 -74.7547
0.0403708 0.289536 -75.8635
0.0728512 0.231368 -88.3196
0.121119 0.0992826 -94.341
0.160485 0.0611166 -121.935
0.133793 0.0630686 -95.6131
0.143201 0.0181837 -91.1365
0.147407 0.0145041 -94.2586
0.158163 0.0112376 -104.961
0.154028 -0.00503325 -95.1811
0.147885 -0.00110621 -89.4346
0.140238 0.00467883 -82.7084
0.128564 0.033941 -78.0603
0.137447 0.0303897 -87.2871
0.150694 0.0278505 -102.704
0.161677 0.0394017 -119.881
-0.0214271 0.256571 -32.0386
-0.0251368 0.268167 -35.7171
-0.0131529 0.257619 -32.4863
-0.0196435 0.230069 -22.88
-0.0239705 0.220804 -19.682
-0.0381232 0.204633 -12.9421
-0.0149088 0.245268 -29.5895
-0.0119782 0.269312 -38.0588
-0.0136223 0.279366 -41.1642
-0.0069888 0.293334 -47.0261
0.00680605 0.319928 -58.5922
0.00202713 0.322658 -58.3899
0.00393182 0.321879 -58.4398
0.000699569 0.317076 -55.8416
0.00386308 0.317152 -56.831
-0.00248248 0.318768 -55.4239
0.0128953 0.327272 -63.7703
0.0248205 0.332879 -69.9161
0.0201002 0.322139 -64.5568
-0.00435843 0.320775 -54.1347
-0.010452 0.316963 -50.4709
-0.01173 0.327595 -53.3003
0.00749785 0.331499 -63.5678
0.0190231 0.31325 -63.599
-0.000213773 0.321968 -56.4347
0.00737636 0.31782 -58.732
-0.0137452 0.329863 -50.8754
-0.0129216 0.314227 -45.9977
0.0089961 0.311986 -59.0673
0.0063957 0.320784 -60.644
0.0265182 0.317217 -72.6568
0.00903445 0.319493 -61.6205
0.0202047 0.32862 -72.5949
0.0243549 0.306746 -68.0511
0.0606808 0.276495 -85.1356
0.0889143 0.235143 -92.4158
0.0615428 0.273567 -83.6828
0.0284155 0.314221 -71.1536
0.013948 0.329039 -64.568
0.0331369 0.324856 -79.5653
0.0238166 0.32949 -72.8241
0.0188991 0.330128 -68.6794
0.0257707 0.328866 -74.3613
0.0109744 0.316875 -56.6738
0.0118534 0.315544 -57.1829
0.00856553 0.314008 -52.6655
0.0420403 0.241748 -61.4069
0.0814709 0.149512 -70.3263
0.10838 0.0828762 -75.8895
0.129644 0.023401 -78.4583
0.153767 0.00215646 -97.6123
0.138656 -0.0277134 -70.8071
0.150089 -0.0161628 -87.2459
0.139819 -0.0100291 -77.5992
0.146422 0.0012806 -89.0204
0.145689 0.00439409 -89.0979
0.150628 0.0026527 -94.1285
0.148815 0.00999822 -94.5557
-0.0264393 0.245524 -28.2326
-0.0263052 0.238322 -25.6395
-0.0241663 0.224371 -20.8525
-0.0233139 0.216505 -18.38
-0.0169014 0.244921 -29.0591
-0.0160019 0.249611 -30.7622
-0.00111913 0.277091 -42.3055
0.0040095 0.288986 -47.1581
0.0115763 0.315377 -57.851
0.00561456 0.321567 -58.8301
0.002519 0.324878 -59.2861
0.0029238 0.319484 -57.3713
0.00186688 0.317242 -56.2675
-0.00294367 0.319037 -55.5534
0.00146691 0.310899 -54.1739
0.00956044 0.304246 -54.2238
0.0121178 0.331735 -65.0077
0.0237553 0.346691 -74.6206
0.00801232 0.325267 -60.7786
-0.0177594 0.312408 -45.8082
-0.00664452 0.325872 -55.5604
0.00707466 0.29437 -50.8261
0.0149297 0.292542 -53.8735
0.000345822 0.297025 -48.2384
0.0175465 0.299722 -58.267
0.0199664 0.318111 -65.969
0.0132908 0.319535 -62.7823
-0.0112404 0.314368 -47.0958
-0.00616962 0.31141 -49.5089
0.00785496 0.326577 -63.5198
0.00829318 0.330458 -65.3179
0.00961363 0.322435 -63.0823
0.0055753 0.310187 -55.95
0.0183218 0.30591 -63.4091
0.0203225 0.290772 -59.6308
0.0508806 0.250342 -68.8996
0.095897 0.220218 -92.69
0.0524462 0.29294 -83.1636
0.0253278 0.333714 -75.6113
0.0382754 0.33085 -85.4872
0.0204465 0.311767 -63.5346
0.0199487 0.327827 -68.7664
0.0359331 0.299212 -73.4507
0.0138561 0.336046 -66.0197
0.0198448 0.316917 -64.8764
0.0184721 0.296596 -56.4261
0.0224804 0.275051 -52.6103
0.0224349 0.241295 -40.967
0.0552419 0.158452 -45.9144
0.0902673 0.0972736 -61.2879
0.0826188 0.0822012 -47.4511
0.108378 0.0507059 -63.956
0.13422 -0.00594141 -72.9057
0.133272 -0.0163028 -68.1103
0.157706 -0.0123584 -97.7738
0.149096 -0.00391849 -90.5748
0.166616 0.000280307 -112.992
0.158595 0.00500076 -105.127
-0.0373471 0.238744 -25.7133
-0.0382419 0.221307 -19.2415
-0.0328643 0.208349 -14.8122
-0.0120263 0.23547 -25.976
-0.00461197 0.263013 -36.6801
-0.00272032 0.276703 -41.8514
0.0067931 0.290706 -48.1672
0.0145186 0.290597 -49.364
0.0161629 0.299887 -53.062
0.00988914 0.316485 -57.8341
0.00723176 0.315313 -56.9078
0.00212904 0.305616 -52.2754
-0.00221754 0.306823 -51.5179
-0.000114076 0.3123 -54.0126
-0.00438812 0.315799 -54.0228
0.00881847 0.302595 -53.3987
0.0221787 0.325084 -66.1556
0.0243302 0.342857 -73.4094
-0.00278063 0.288821 -43.5772
0.0091547 0.310593 -56.4006
-0.00499226 0.318669 -53.5603
0.00468345 0.306269 -53.5479
0.00276197 0.301364 -50.7125
0.00533071 0.303014 -52.6615
0.0134511 0.303199 -57.0867
0.0172104 0.306323 -60.326
0.00133286 0.321226 -56.7218
-0.0126593 0.329747 -51.8035
-0.0100718 0.332041 -54.1195
-0.000949387 0.322371 -56.4447
0.00596057 0.309513 -56.4121
0.0118216 0.293761 -54.4153
0.015506 0.291652 -56.2907
0.0205503 0.306708 -65.0004
0.0136277 0.312448 -62.2419
0.0281103 0.285122 -63.3905
0.0792496 0.224112 -81.0923
0.102046 0.244215 -106.155
0.0386314 0.328749 -84.7625
0.0315436 0.340688 -83.14
0.0158277 0.334646 -67.4586
0.00647477 0.312891 -51.3806
0.0145395 0.297822 -53.1938
0.0274995 0.110031 4.11291
0.0263098 0.322646 -73.0131
0.0335284 0.348319 -89.3799
0.0163655 0.326402 -64.632
-0.00483918 0.330678 -44.7887
0.00799337 0.222614 -19.0584
0.0603707 0.0686548 -18.6358
0.0944593 0.0882906 -62.0989
0.0877872 0.0260723 -31.9825
0.114594 -0.0165464 -46.6569
0.130001 -0.0220481 -62.2234
0.15448 -0.0234735 -90.1289
0.175185 -0.00796779 -120.419
0.171344 0.0163092 -124.409
0.150865 0.011704 -97.9043
