0 59 3
2 59 0
2 3 3
3 4 3
4 5 3
5 7 0
7 8 3
8 9 3
9 10 3
10 11 3
11 12 3
12 13 3
13 14 3
14 15 3
15 16 3
16 18 3
18 19 3
19 20 3
20 21 3
21 22 1
22 24 2
24 25 3
25 26 0
26 27 3
27 86 3
29 86 3
29 30 3
30 31 3
31 32 3
32 33 3
33 34 3
34 36 3
36 37 3
37 38 3
38 40 0
40 41 3
41 42 3
42 43 3
43 44 3
44 45 3
45 46 3
46 47 3
47 48 3
48 49 3
49 50 1
50 51 3
51 52 0
52 53 3
53 54 3
54 55 3
55 56 3
56 57 3
51 109 3
52 109 1
27 85 3
2 60 0
5 64 0
16 76 3
18 76 3
22 81 1
7 64 0
24 81 1
26 85 3
59 60 3
75 76 3
40 97 1
41 98 1
16 75 3
32 91 3
38 97 3
15 73 3
16 73 3
40 98 1
5 63 0
8 66 3
34 92 3
63 64 3
7 66 3
12 70 3
33 91 3
33 92 3
36 94 3
55 114 3
56 114 3
11 70 3
18 78 3
37 94 3
42 100 3
43 100 3
73 75 3
19 78 3
24 83 2
25 83 2
30 88 3
32 89 3
50 109 3
7 65 3
9 66 3
13 70 3
13 71 3
14 71 3
21 79 3
85 86 3
29 87 3
29 88 3
31 89 3
38 96 3
41 99 3
42 99 3
44 103 3
45 103 3
46 104 3
50 108 3
55 113 3
4 63 0
9 67 3
10 68 3
11 69 3
14 72 3
22 80 1
87 88 3
37 96 3
98 99 3
47 104 3
47 106 3
48 106 3
49 107 3
108 109 3
52 110 3
52 111 3
53 111 3
54 113 3
57 114 3
57 115 3
2 61 0
64 65 1
65 66 3
9 68 3
68 69 3
70 71 3
15 72 3
21 80 3
80 81 1
34 151 3
36 151 3
103 104 3
106 107 3
107 108 1
53 112 3
54 112 3
113 114 3
0 58 3
3 61 0
71 72 3
89 91 3
96 97 3
47 105 3
114 115 3
58 59 3
86 87 3
99 100 3
105 106 3
110 111 3
58 60 3
60 61 3
64 123 1
66 67 3
94 151 2
104 105 3
109 110 0
111 112 3
112 113 3
4 61 0
67 68 3
72 73 3
76 78 3
20 78 3
21 78 3
79 80 3
26 83 1
31 88 3
91 150 3
65 123 3
91 92 3
92 151 3
97 98 3
69 127 3
69 70 3
70 127 3
94 96 3
100 159 3
60 117 3
88 89 3
43 159 3
58 117 3
61 120 3
4 120 0
78 79 3
89 148 3
91 148 3
44 159 3
44 160 3
103 160 3
63 120 3
75 132 3
96 153 3
94 153 3
99 157 3
76 134 3
79 138 3
80 138 3
26 142 3
92 150 3
94 152 3
98 156 3
159 160 3
60 118 3
61 118 3
73 132 3
75 134 3
78 135 3
85 142 3
151 152 0
97 156 3
76 135 3
66 124 3
73 131 3
89 147 3
97 155 1
115 173 3
65 124 3
72 131 3
81 83 3
26 141 3
86 144 3
96 155 1
61 119 3
67 125 3
68 125 3
85 144 3
105 163 3
114 173 3
117 118 3
119 120 3
67 124 3
131 132 3
104 163 3
80 139 3
81 139 2
141 142 3
96 154 3
98 157 3
99 158 3
109 167 3
110 168 3
111 168 3
58 116 3
68 126 3
69 126 3
70 128 3
71 129 3
72 130 3
81 140 2
83 140 2
85 143 3
87 145 3
88 146 3
89 146 3
147 148 3
152 153 3
153 154 3
154 155 1
156 157 3
100 158 3
103 161 3
104 162 3
106 163 3
106 164 3
107 165 3
108 165 0
110 167 1
120 121 3
63 121 3
64 121 3
123 124 3
124 125 3
125 126 3
128 129 3
129 130 3
130 131 3
134 135 3
78 136 3
142 143 3
143 144 3
145 146 3
146 147 3
157 158 3
158 159 3
161 162 3
164 165 3
108 166 3
108 167 3
167 168 0
114 172 3
116 117 3
118 119 3
127 128 3
139 140 3
83 141 2
160 161 3
163 164 3
172 173 3
121 123 1
75 133 3
138 139 3
86 145 3
148 149 3
91 149 3
149 150 3
162 163 3
166 167 3
126 127 3
132 133 3
133 134 3
79 136 3
150 151 3
155 156 0
112 170 1
121 179 3
135 136 3
112 171 1
113 171 1
114 171 1
120 179 3
140 141 3
144 145 3
165 166 1
111 169 2
170 171 3
171 172 0
112 169 1
155 213 0
167 225 3
168 225 1
169 170 2
136 195 3
79 195 3
138 195 3
166 224 3
168 169 1
127 185 3
167 224 3
119 178 3
154 213 3
156 213 3
165 224 1
120 178 3
121 180 1
123 180 3
159 217 3
118 176 3
151 209 0
152 209 3
160 217 3
160 218 3
116 175 3
117 175 3
117 176 3
139 197 3
139 198 3
140 198 3
150 209 3
161 218 3
118 177 3
119 177 3
127 186 3
138 197 3
153 211 3
168 226 1
169 227 2
171 229 3
178 179 3
185 186 3
128 186 3
129 187 3
130 187 3
130 188 3
135 193 3
197 198 3
144 202 3
148 206 3
152 210 3
154 211 3
170 227 3
172 229 1
131 188 3
133 190 3
134 193 3
141 200 3
142 200 3
143 202 3
147 206 3
149 206 3
153 210 3
157 215 3
169 226 1
170 229 3
172 231 3
173 231 3
177 178 3
123 181 3
124 182 3
125 183 3
126 184 3
127 184 3
131 189 3
132 190 3
133 191 3
134 191 3
134 192 3
136 193 3
136 194 3
138 196 3
143 201 3
145 203 3
146 204 3
147 205 3
150 208 3
154 212 3
157 216 3
158 216 3
161 219 3
162 220 3
163 220 3
163 221 3
164 222 3
165 222 3
116 174 3
175 176 3
179 180 1
181 182 3
124 183 3
183 184 3
184 185 3
186 187 3
188 189 3
189 190 3
191 192 3
192 193 3
195 196 3
196 197 3
200 201 3
202 203 3
203 204 3
147 204 3
205 206 3
208 209 3
209 210 3
211 212 3
212 213 3
158 217 3
218 219 3
219 220 3
221 222 3
165 223 3
170 228 3
172 230 3
180 181 3
187 188 3
190 191 3
204 205 3
210 211 3
156 215 3
215 216 3
222 223 3
223 224 1
224 225 3
225 226 3
226 227 3
227 228 3
228 229 3
230 231 3
182 183 3
193 194 3
194 195 3
149 208 3
217 218 3
220 221 3
229 230 0
201 202 3
149 207 3
230 288 1
141 198 3
206 207 3
213 215 3
216 217 3
229 288 3
174 175 3
176 177 3
207 208 3
198 257 3
141 257 3
200 257 3
200 258 3
257 258 3
174 233 1
175 233 1
211 270 3
212 270 3
216 272 3
179 237 3
204 263 3
205 263 3
225 284 3
177 235 3
178 235 3
180 237 0
208 267 3
217 275 3
226 284 3
231 289 1
194 253 3
195 253 3
203 261 3
209 267 3
211 269 3
269 270 3
220 278 3
224 284 3
229 287 3
230 289 1
181 239 3
182 239 3
187 245 3
202 261 3
215 272 3
272 274 3
218 275 3
221 278 3
287 288 3
175 234 3
178 237 3
184 243 3
185 243 3
185 244 3
186 244 3
186 245 3
188 245 3
191 250 3
192 250 3
200 259 3
201 259 3
210 269 3
216 274 3
219 277 3
227 284 3
176 234 3
178 236 3
180 238 3
182 241 3
183 241 3
183 242 3
184 242 3
188 246 3
189 247 3
191 249 3
193 251 3
194 252 3
196 254 3
197 254 3
197 255 3
198 256 3
202 260 3
204 262 3
210 268 3
216 275 3
218 277 3
219 278 3
221 279 3
222 280 3
223 281 3
224 282 3
227 285 3
233 234 0
234 235 3
235 236 3
237 238 1
238 239 3
182 240 3
242 243 3
246 247 3
190 249 3
250 251 3
251 252 3
252 253 3
253 254 3
255 256 3
256 257 3
259 260 3
261 262 3
262 263 3
207 265 3
268 269 3
213 270 3
213 271 3
215 271 3
218 276 3
278 279 3
279 280 3
223 280 3
281 282 1
282 284 3
228 285 3
228 287 3
236 237 3
241 242 3
243 244 3
245 246 3
260 261 3
208 265 3
210 267 3
274 275 3
275 276 3
280 281 3
283 284 3
284 285 3
228 286 3
240 241 3
249 250 3
254 255 3
258 259 3
206 263 3
277 278 3
282 283 3
285 286 3
286 287 3
244 245 3
267 268 3
270 271 3
288 289 3
239 240 3
190 247 3
276 277 3
190 305 3
206 322 3
249 305 3
206 265 3
271 272 3
174 290 1
233 290 3
247 305 3
263 322 3
265 322 3
208 324 3
240 298 3
305 306 3
249 306 3
267 324 3
272 329 3
272 332 3
274 332 3
235 294 3
236 294 3
263 321 3
265 324 3
268 326 3
269 326 3
287 346 3
262 321 3
277 335 3
288 346 3
249 307 3
265 323 3
270 328 3
271 328 3
275 333 3
278 335 3
284 342 3
285 344 3
286 344 3
286 346 3
239 297 3
240 297 3
245 304 3
246 304 3
250 307 3
321 322 3
322 323 3
323 324 3
267 326 3
274 333 3
285 342 3
289 346 3
233 291 3
234 291 1
234 292 3
235 293 3
238 296 3
297 298 0
241 299 3
242 300 3
243 300 3
243 301 3
244 301 3
244 302 3
245 303 3
250 308 3
251 309 3
252 310 3
253 311 3
254 312 3
255 313 3
256 314 3
257 315 3
258 316 3
259 317 3
260 318 3
261 319 3
262 320 3
267 325 3
276 335 3
278 336 3
279 337 3
280 338 3
281 339 3
282 340 3
283 341 3
283 342 3
344 346 3
234 350 1
292 350 1
292 293 3
237 294 3
237 295 3
296 297 3
240 299 3
302 303 3
308 309 3
309 310 3
310 311 3
311 312 3
312 313 3
313 314 3
314 315 3
315 316 3
316 317 3
317 318 3
318 319 3
319 320 3
324 325 3
325 326 3
269 328 3
271 329 3
276 333 3
276 334 3
336 337 3
337 338 3
338 339 3
339 340 1
282 341 3
237 296 1
298 299 2
242 299 3
301 302 3
307 308 3
320 321 3
334 335 3
335 336 3
340 341 3
341 342 3
291 350 3
293 294 3
294 295 3
300 301 3
306 307 3
285 343 3
343 344 3
289 347 3
290 291 3
299 300 3
303 304 3
246 305 3
332 333 3
333 334 3
342 343 3
346 347 3
269 327 3
329 388 3
345 346 3
326 327 3
344 345 3
329 332 3
327 328 3
328 329 3
295 296 1
329 389 3
304 305 3
332 389 3
388 389 3
297 355 3
298 355 1
298 357 3
299 357 3
322 379 3
333 391 3
343 402 3
344 402 3
325 382 3
296 355 3
321 379 3
323 382 3
324 382 3
339 397 1
340 397 2
345 403 3
299 358 3
301 360 3
302 360 3
307 366 3
308 366 3
323 381 3
334 392 3
340 398 3
345 402 3
346 403 3
291 349 3
355 357 3
300 358 3
302 361 3
303 361 3
304 362 3
306 364 3
307 365 3
309 367 3
310 368 3
311 369 3
312 370 3
313 371 3
314 372 3
315 373 3
316 374 3
317 375 3
318 376 3
319 377 3
320 378 3
321 378 3
333 392 3
335 393 3
336 394 3
337 395 3
338 396 3
341 398 3
342 400 3
343 401 3
292 294 3
296 354 3
301 358 3
301 359 3
361 362 3
305 364 3
364 365 3
365 366 3
366 367 3
367 368 3
368 369 3
369 370 3
370 371 3
371 372 3
372 373 3
373 374 3
374 375 3
375 376 3
376 377 3
377 378 3
325 384 3
326 384 3
332 391 3
334 393 3
393 394 3
394 395 3
395 396 3
339 396 3
341 400 3
400 401 3
290 349 3
295 354 1
354 355 3
357 358 3
359 360 3
360 361 3
378 379 3
322 381 3
381 382 3
392 393 3
396 397 2
402 403 3
349 350 3
305 362 3
401 402 3
294 350 1
327 384 3
341 399 3
346 404 3
294 352 1
358 359 3
327 443 3
328 443 3
391 392 3
398 399 3
347 404 3
347 405 3
174 349 1
294 351 1
379 381 3
329 443 3
332 390 3
397 398 2
295 353 1
384 443 3
389 390 3
390 391 3
404 405 3
350 351 3
351 352 3
295 352 1
443 444 3
399 400 3
352 353 3
353 354 3
325 441 3
357 414 3
382 441 3
384 441 3
329 444 3
403 404 3
355 414 3
305 421 3
364 421 3
379 438 3
381 438 3
381 439 3
438 439 3
389 447 3
364 423 3
365 423 3
329 445 3
388 445 3
390 447 3
357 415 3
362 421 3
382 440 3
390 448 3
392 450 3
414 415 3
360 418 3
381 440 3
391 448 3
358 415 3
388 446 3
389 446 3
398 456 3
364 422 3
366 423 3
444 445 3
397 456 2
174 406 1
349 406 3
359 416 3
422 423 3
378 437 3
379 437 3
439 440 3
399 458 3
400 458 3
402 460 3
404 463 3
405 463 3
399 457 3
401 460 3
403 460 3
350 408 3
355 413 3
358 416 3
359 418 3
361 418 3
362 420 3
421 422 3
366 424 3
369 427 3
370 427 3
376 434 3
397 455 3
398 457 3
403 462 3
404 462 3
349 407 3
351 408 3
351 409 3
352 410 3
353 411 3
354 412 3
359 417 3
361 419 3
420 421 3
423 424 3
367 425 3
368 426 3
370 428 3
371 429 3
372 430 3
373 431 3
374 432 3
375 433 3
375 434 3
377 434 3
377 435 3
378 436 3
393 451 3
393 452 3
394 452 3
395 453 3
396 454 3
397 454 2
457 458 3
401 459 3
407 408 3
409 410 3
410 411 3
411 412 3
412 413 3
416 417 3
417 418 3
419 420 3
424 425 3
425 426 3
426 427 3
427 428 3
428 429 3
429 430 3
430 431 3
431 432 3
432 433 3
433 434 3
378 435 3
384 442 3
445 446 3
452 453 3
453 454 3
454 455 2
455 456 2
456 457 3
458 459 3
459 460 3
462 463 3
406 407 3
408 409 3
418 419 3
434 435 3
436 437 3
437 438 3
442 443 3
392 451 3
447 448 3
415 416 3
440 441 3
446 447 3
391 449 3
392 449 3
450 451 2
413 414 3
435 436 3
441 442 3
448 449 3
451 452 3
460 462 3
458 516 3
460 519 3
462 519 1
441 499 2
445 503 3
446 503 3
454 512 1
455 513 1
457 515 3
442 499 2
455 512 1
456 515 3
458 517 3
459 517 3
499 500 3
450 508 3
457 516 3
463 521 1
417 475 3
443 499 2
443 502 2
462 521 1
414 472 3
416 474 3
418 475 3
434 492 3
438 496 3
439 496 3
444 502 3
444 503 3
449 507 3
392 507 3
452 510 3
512 513 2
516 517 3
462 520 1
415 472 3
415 474 3
417 474 3
432 490 3
435 492 3
447 506 3
448 506 3
451 510 3
519 520 3
406 464 3
407 465 3
408 466 3
408 467 3
409 467 3
410 468 3
411 469 3
412 470 3
419 477 3
420 478 3
421 479 3
422 480 3
423 481 3
424 482 3
427 485 3
428 486 3
429 486 3
429 488 3
430 488 3
430 489 3
431 489 3
431 490 3
433 491 3
499 501 3
443 501 2
447 505 3
448 507 3
450 507 0
451 509 3
453 510 3
456 514 3
460 518 3
520 521 3
464 465 3
465 466 3
467 468 3
468 469 3
469 470 3
413 470 3
413 472 3
415 473 3
474 475 3
418 476 3
477 478 3
478 479 3
479 480 3
480 481 3
481 482 3
425 482 3
428 485 3
490 491 3
491 492 3
437 496 3
500 501 3
501 502 3
446 505 3
508 509 2
453 511 3
514 515 3
515 516 3
413 471 3
472 473 3
473 474 3
475 476 3
418 477 3
485 486 3
489 490 3
436 495 3
437 495 3
505 506 3
506 507 3
509 510 3
454 511 3
456 513 3
459 518 3
470 471 3
426 485 3
507 508 1
510 511 3
466 467 3
425 483 3
426 483 3
440 499 3
517 518 3
488 489 3
440 496 3
502 503 3
518 519 3
471 472 3
476 477 3
503 505 3
482 483 3
486 488 3
483 485 3
495 496 3
440 555 1
474 533 3
475 533 3
483 542 1
485 542 1
485 543 1
485 545 1
486 545 1
436 492 3
496 554 1
496 555 1
499 555 3
503 561 1
513 514 3
542 543 3
543 545 3
488 545 1
492 552 1
436 552 1
554 555 3
502 561 1
503 562 1
474 532 3
561 562 3
505 562 1
532 533 3
495 552 1
495 553 1
495 554 1
509 567 3
511 512 2
552 553 3
553 554 3
508 567 2
541 542 3
492 550 1
483 541 1
505 563 2
512 569 2
544 545 3
555 556 3
499 556 3
501 558 3
510 568 3
511 568 3
511 569 3
513 571 3
517 575 3
519 577 3
520 578 3
476 534 3
477 536 2
479 537 3
480 537 2
491 549 2
492 549 2
562 621 0
505 621 2
509 568 3
514 571 3
515 572 3
516 575 3
520 577 3
472 530 3
478 536 3
481 539 2
482 539 2
550 552 3
563 621 3
514 572 3
515 631 3
515 573 3
518 575 3
464 522 3
465 523 3
466 524 3
467 525 3
468 526 3
469 527 3
470 528 3
471 530 3
473 531 3
475 534 3
480 538 2
481 538 2
482 540 1
488 547 2
489 547 2
490 547 2
490 549 2
499 557 3
502 560 1
560 561 3
506 564 2
572 631 3
516 573 3
516 574 3
577 578 3
520 579 3
521 579 3
464 523 3
523 524 3
524 525 3
468 525 3
526 527 3
470 527 3
471 528 3
530 531 3
531 532 3
477 535 2
536 537 3
540 541 3
543 544 3
501 557 3
563 564 3
568 569 3
571 572 3
573 631 3
573 574 3
574 575 3
533 534 3
477 534 3
535 536 3
538 539 3
549 550 3
551 552 3
557 558 3
507 564 2
567 568 3
512 571 2
534 535 3
537 538 3
539 540 1
545 547 0
578 579 3
522 523 3
525 526 3
547 549 3
556 557 3
546 547 0
527 528 3
545 546 3
569 571 1
571 629 3
518 577 3
550 551 3
501 617 3
502 617 1
507 623 2
564 623 3
508 623 0
569 629 1
549 606 3
558 617 3
547 606 3
560 617 0
579 637 3
547 605 3
605 606 3
550 609 3
518 634 3
522 581 3
471 587 2
530 587 2
575 634 3
577 634 3
523 581 2
530 589 2
531 589 2
551 610 3
552 610 3
561 619 3
508 624 2
567 624 2
574 632 3
531 590 3
532 590 3
551 609 3
555 613 3
562 619 3
527 584 3
530 588 2
546 605 0
549 607 3
550 607 2
553 611 3
554 613 3
623 624 3
567 625 2
568 625 2
569 627 2
526 584 3
528 587 3
534 592 2
535 592 3
535 593 3
536 593 3
539 598 1
540 598 3
541 599 3
544 602 3
545 602 3
546 603 3
609 610 3
556 614 3
568 627 2
627 629 3
524 582 2
534 591 3
538 597 1
545 603 3
554 611 3
556 613 3
557 614 3
620 621 3
564 622 3
568 626 2
571 630 3
575 633 3
523 582 2
525 583 2
527 585 2
528 586 2
588 589 3
589 590 3
533 590 3
533 591 2
536 594 3
539 597 1
542 599 3
543 600 3
543 601 3
544 601 3
554 612 3
557 615 3
562 620 3
621 622 3
622 623 3
624 625 3
625 626 3
626 627 3
572 630 3
633 634 3
577 635 3
577 636 3
578 636 3
582 583 3
526 583 2
585 586 3
586 587 3
587 588 3
592 593 3
593 594 3
597 598 3
542 600 3
600 601 3
602 603 3
552 611 3
612 613 3
614 615 3
558 615 3
558 616 3
560 618 3
561 618 3
630 631 3
634 635 3
636 637 3
583 584 3
584 585 3
590 591 3
591 592 3
540 599 3
613 614 3
615 616 3
616 617 3
617 618 3
574 633 3
522 580 3
580 581 3
537 594 3
598 599 3
599 600 3
601 602 3
618 619 3
629 630 3
635 636 3
581 582 3
537 595 3
537 596 3
573 632 3
538 596 3
550 666 3
609 666 3
611 612 3
631 632 3
632 633 3
595 596 3
596 597 1
606 607 3
619 620 3
594 595 3
546 662 2
605 662 1
610 611 3
627 686 3
629 686 2
603 662 3
589 706 1
590 706 1
606 663 3
607 663 3
607 666 3
636 695 3
637 695 3
600 658 3
599 657 3
600 657 3
607 665 3
665 666 3
613 672 3
626 684 3
591 706 1
598 657 3
623 682 3
624 682 3
658 659 3
600 659 3
610 668 3
612 672 3
625 682 3
625 684 3
630 689 3
631 689 2
611 668 3
611 669 3
614 672 3
618 676 2
621 679 3
686 687 3
629 687 2
635 693 3
636 693 3
588 646 3
589 646 3
589 647 3
647 706 1
649 706 1
591 649 3
592 651 3
593 651 3
594 653 3
595 653 3
595 654 3
596 654 3
657 658 3
601 659 3
605 663 2
663 665 3
612 669 3
616 674 3
617 674 3
617 675 3
618 675 2
620 679 2
634 693 3
583 641 3
594 651 3
609 667 3
610 667 3
612 670 3
622 679 3
627 684 3
630 688 3
631 690 3
632 690 2
633 691 3
634 691 2
636 694 3
580 638 3
580 639 3
581 639 3
582 640 3
583 640 3
587 645 3
587 646 3
646 647 3
592 649 3
592 650 3
594 652 3
597 654 0
597 655 1
603 659 3
670 672 3
614 673 3
615 673 3
618 677 2
619 677 2
620 678 2
622 680 3
623 681 3
625 683 3
627 685 3
629 688 3
634 692 3
638 639 3
639 640 3
584 642 3
585 642 3
645 646 3
650 651 3
651 652 3
652 653 3
653 654 3
666 667 3
668 669 3
673 674 3
674 675 3
675 676 3
676 677 3
678 679 3
679 680 3
680 681 3
681 682 3
682 683 3
683 684 3
685 686 3
689 690 3
633 690 3
583 642 3
586 644 3
586 645 3
649 650 3
667 668 3
669 670 3
620 677 3
687 688 3
688 689 3
690 691 3
691 692 3
693 694 3
694 695 3
640 641 3
641 642 3
585 644 3
644 645 3
598 655 1
684 685 3
692 693 3
585 643 3
656 657 3
677 678 3
643 644 3
672 673 3
642 643 3
662 663 3
695 753 3
598 656 3
694 753 3
655 656 0
654 655 1
603 661 3
647 705 1
661 662 3
662 720 3
661 720 3
665 723 3
705 706 3
659 661 3
666 724 3
659 718 3
667 724 3
672 730 3
673 730 3
661 718 3
668 726 3
681 739 3
688 747 3
689 747 3
663 722 3
665 722 3
666 723 3
669 726 3
680 739 3
687 746 3
687 747 3
639 697 3
641 699 3
670 728 3
682 740 3
683 740 3
746 747 3
642 699 3
646 705 1
669 728 3
683 741 3
685 743 3
690 747 3
645 704 3
646 704 3
659 717 3
722 723 3
723 724 3
667 726 3
670 729 3
672 729 3
673 731 3
678 736 3
740 741 3
684 741 3
684 743 3
687 745 3
692 750 3
640 697 3
640 698 3
641 698 3
644 703 3
645 703 3
650 708 3
651 709 3
651 710 3
652 710 3
729 730 3
674 731 3
679 736 3
690 748 3
691 749 3
692 749 2
638 696 3
642 701 3
643 701 3
649 707 1
650 709 3
653 711 3
717 718 3
663 721 3
667 725 3
669 727 3
674 732 3
675 733 3
676 734 3
677 734 3
677 735 3
679 737 3
680 738 3
681 740 3
684 742 3
686 744 3
745 746 3
747 748 3
748 749 3
693 751 3
694 752 3
639 696 3
644 701 3
644 702 3
704 705 1
707 708 0
708 709 3
710 711 3
654 711 3
718 720 3
663 720 3
721 722 3
724 725 3
725 726 3
726 727 3
727 728 3
731 732 3
732 733 3
733 734 3
735 736 3
737 738 3
742 743 3
686 743 3
749 750 3
693 750 2
694 751 3
697 698 3
698 699 3
701 702 3
703 704 3
709 710 3
655 713 3
728 729 3
739 740 3
741 742 3
743 744 3
702 703 3
654 713 1
656 713 3
656 714 3
736 737 3
738 739 3
750 751 3
751 752 3
752 753 3
696 697 3
706 707 3
713 714 3
657 714 3
720 721 3
734 735 3
730 731 3
744 745 3
658 714 3
716 717 3
699 701 3
711 713 1
659 716 3
658 773 3
714 773 3
658 716 3
716 773 3
701 758 3
737 795 3
738 795 3
699 758 3
720 777 3
704 763 1
705 763 3
718 777 3
714 772 3
772 773 3
718 776 3
742 800 3
743 800 3
744 803 3
745 803 3
698 756 3
699 756 3
711 769 1
711 770 1
713 770 3
740 798 3
769 770 3
713 772 3
776 777 3
723 781 3
729 787 3
739 798 3
744 802 3
706 763 3
720 778 3
721 779 3
722 781 3
728 787 3
731 790 3
732 790 3
739 797 3
741 800 3
743 802 3
802 803 3
697 755 3
698 755 3
701 759 3
702 759 3
702 760 3
703 760 3
707 765 3
709 767 2
710 767 2
717 775 3
777 778 3
721 778 3
725 783 3
726 783 3
726 784 3
727 784 3
727 785 3
728 785 3
730 788 3
736 795 3
797 798 3
748 806 3
696 754 3
703 761 3
704 762 3
706 764 3
706 765 2
708 766 2
708 767 2
713 771 3
718 775 3
778 779 3
722 779 3
722 780 3
724 782 3
731 788 3
733 790 3
733 791 3
734 792 3
735 793 3
735 794 3
736 794 3
738 796 3
741 799 3
743 801 3
801 802 3
746 804 3
747 805 3
749 808 1
750 808 1
751 808 1
752 808 1
752 809 1
753 811 3
754 755 3
760 761 3
761 762 3
762 763 1
763 764 3
764 765 3
765 766 0
770 771 3
771 772 3
775 776 3
781 782 3
782 783 3
728 786 3
787 788 3
790 791 3
791 792 3
792 793 3
793 794 3
795 796 3
796 797 3
798 799 3
799 800 3
803 804 3
747 806 3
749 806 3
752 811 3
755 756 3
756 757 3
699 757 3
779 780 3
783 784 3
785 786 3
786 787 3
794 795 3
800 801 3
746 805 3
808 809 3
766 767 3
716 775 3
780 781 3
805 806 3
757 758 3
767 768 1
711 767 2
716 774 3
784 785 3
788 790 3
804 805 3
758 759 3
759 760 3
767 769 3
774 775 3
806 808 3
809 811 3
768 769 3
773 774 3
788 847 3
790 847 3
805 863 3
808 865 2
808 866 2
757 759 3
765 824 3
766 824 2
768 825 3
773 831 3
777 835 3
806 863 3
755 813 3
756 814 3
757 814 3
757 816 3
759 816 3
767 825 2
770 828 3
771 828 3
772 831 3
776 835 3
780 838 3
806 865 3
865 866 3
809 868 1
811 868 2
756 813 3
774 831 3
779 838 3
793 852 3
794 852 3
803 861 3
761 819 2
762 819 2
762 820 1
767 824 2
778 836 3
781 839 3
782 839 3
782 840 3
801 859 3
802 861 3
759 817 3
760 819 2
763 821 3
764 821 3
765 823 3
774 832 3
775 833 3
776 833 3
777 836 3
779 836 3
779 837 3
780 839 3
783 840 3
783 842 3
784 842 3
785 843 3
795 853 3
795 854 3
796 854 3
797 856 3
798 856 3
802 859 3
804 863 3
809 867 1
754 812 0
760 817 3
763 820 2
764 823 3
824 825 3
771 830 3
772 830 3
775 832 3
837 838 3
783 841 3
786 843 3
787 845 3
788 846 3
790 848 3
791 849 3
792 850 3
793 851 3
795 852 3
797 855 3
798 857 3
799 857 3
800 858 3
802 860 3
806 864 3
809 866 1
812 813 1
757 815 3
818 819 3
823 824 3
769 828 3
832 833 3
776 834 3
835 836 3
836 837 3
839 840 3
841 842 3
842 843 3
786 845 3
845 846 3
846 847 3
847 848 3
848 849 3
849 850 3
850 851 3
851 852 3
854 855 3
857 858 3
858 859 3
860 861 3
804 862 3
863 864 3
866 867 3
811 869 1
815 816 3
760 818 2
831 832 3
833 834 3
834 835 3
840 841 3
852 853 3
853 854 3
855 856 3
864 865 3
868 869 3
813 814 3
814 815 3
819 820 3
820 821 3
821 880 3
856 857 3
861 862 3
862 863 3
816 817 3
817 818 3
764 880 2
828 830 3
838 839 3
867 868 3
859 860 3
768 826 3
769 826 3
830 831 3
843 845 3
825 826 3
826 828 3
817 875 1
823 880 3
816 875 1
818 875 2
843 902 3
828 885 3
845 902 3
826 885 3
856 915 3
857 915 3
816 874 3
820 878 3
825 883 3
828 887 3
830 887 3
831 889 3
855 914 3
856 914 3
860 918 3
867 925 3
868 927 3
869 927 3
874 875 3
821 879 3
826 883 3
830 889 3
841 899 3
859 918 3
861 918 3
861 920 3
866 925 3
815 874 1
819 877 2
885 886 3
828 886 3
834 892 3
839 897 3
840 899 3
842 899 3
843 901 3
859 917 3
861 919 3
862 920 3
862 921 3
863 921 3
864 923 3
865 923 3
868 926 3
818 877 2
819 878 2
820 879 2
823 881 3
826 884 3
886 887 3
832 889 3
833 892 3
838 897 3
842 901 3
845 904 3
846 904 3
858 917 3
918 919 3
864 922 3
867 926 3
926 927 3
812 870 1
813 871 3
814 872 3
815 872 3
818 876 2
877 878 3
824 881 3
824 882 3
825 882 3
883 884 3
830 888 3
832 890 3
832 891 3
833 891 3
835 892 3
835 893 3
836 894 3
837 895 3
838 896 3
840 898 3
845 903 3
847 904 3
847 905 3
848 906 3
849 907 3
850 908 3
851 909 3
851 910 3
852 910 3
853 911 3
854 912 3
855 913 3
857 916 3
858 916 3
922 923 3
866 924 3
870 871 3
871 872 3
875 876 3
876 877 3
878 879 3
880 881 3
884 885 3
888 889 3
889 890 3
893 894 3
894 895 3
895 896 3
896 897 3
897 898 3
903 904 3
905 906 3
906 907 3
907 908 3
908 909 3
910 911 3
911 912 3
912 913 3
913 914 3
914 915 3
917 918 3
863 922 3
865 924 3
924 925 3
882 883 3
887 888 3
898 899 3
902 903 3
909 910 3
920 921 3
879 880 3
890 891 3
891 892 3
892 893 3
901 902 3
904 905 3
915 916 3
919 920 3
921 922 3
923 924 3
925 926 3
881 882 3
916 917 3
872 873 1
815 873 1
873 874 3
899 901 3
901 958 3
901 959 3
880 938 3
881 938 3
902 959 3
873 931 3
884 942 3
923 981 3
872 931 1
883 941 3
885 942 3
885 943 3
916 974 3
922 981 3
874 933 2
875 933 2
876 934 3
882 941 3
884 941 3
886 943 3
910 968 3
912 970 3
913 971 3
915 974 3
920 979 3
921 979 3
877 934 3
879 937 3
958 959 3
904 962 3
905 962 3
911 968 3
911 970 3
914 971 3
917 975 3
918 975 3
924 982 3
870 928 1
871 929 1
872 930 1
874 932 2
876 933 3
878 936 3
880 937 3
881 939 3
886 944 3
887 945 3
888 946 3
889 947 3
890 948 3
891 949 3
892 950 3
893 951 3
894 952 3
895 953 3
896 954 3
897 955 3
897 956 3
898 956 3
899 957 3
902 960 3
903 961 3
905 964 3
906 964 3
907 964 3
907 965 3
908 966 3
909 967 3
911 969 3
914 972 3
915 973 3
916 975 3
918 976 3
919 977 3
920 977 3
920 978 3
922 980 3
923 982 3
924 983 3
925 983 3
926 985 3
927 985 3
928 929 3
929 930 3
930 931 3
932 933 3
877 936 3
936 937 3
938 939 3
882 939 3
942 943 3
943 944 3
944 945 3
945 946 3
946 947 3
947 948 3
948 949 3
949 950 3
950 951 3
951 952 3
952 953 3
953 954 3
954 955 3
956 957 3
901 957 3
960 961 3
961 962 3
964 965 3
907 966 3
966 967 3
967 968 3
968 969 3
970 971 3
971 972 3
972 973 3
973 974 3
976 977 3
979 980 3
926 983 3
926 984 3
874 931 3
959 960 3
965 966 3
975 976 3
977 978 3
981 982 3
931 932 3
933 934 3
937 938 3
941 942 3
955 956 3
969 970 3
974 975 3
978 979 3
980 981 3
983 984 3
984 985 3
877 935 3
939 941 3
982 983 3
935 936 3
957 958 3
934 935 3
962 964 3
962 1021 3
964 1021 3
939 998 3
941 998 3
975 1033 3
983 1041 3
974 1033 3
982 1041 3
984 1041 3
933 991 3
934 991 3
935 994 3
936 994 3
937 994 3
941 999 3
942 999 3
965 1023 3
934 992 3
966 1023 3
971 1029 3
931 989 3
935 992 3
935 993 3
938 997 3
939 997 3
960 1018 3
970 1029 3
973 1032 3
974 1032 3
980 1038 3
984 1042 3
985 1042 3
932 989 3
932 991 3
993 994 3
937 995 3
938 995 3
947 1005 3
948 1006 3
949 1008 3
950 1008 3
951 1010 3
952 1010 3
959 1017 3
959 1018 3
964 1023 3
972 1029 3
976 1034 3
977 1034 3
978 1036 3
979 1038 3
980 1039 3
981 1039 3
928 986 3
929 987 3
930 988 3
930 989 3
932 990 3
992 993 3
994 995 3
938 996 3
942 1000 3
943 1001 3
944 1002 3
945 1003 3
946 1005 3
947 1006 3
949 1006 3
950 1009 3
951 1009 3
953 1010 3
953 1011 3
954 1012 3
955 1013 3
956 1014 3
957 1015 3
958 1016 3
958 1017 3
961 1019 3
962 1020 3
964 1022 3
1022 1023 3
966 1024 3
967 1025 3
968 1026 3
969 1027 3
970 1028 3
972 1030 3
973 1031 3
975 1034 3
977 1036 3
979 1036 3
979 1037 3
981 1040 3
982 1040 3
985 1043 3
986 987 3
987 988 3
988 989 3
990 991 3
991 992 3
995 996 3
996 997 3
998 999 3
1000 1001 3
1001 1002 3
945 1002 3
946 1003 3
1010 1011 3
1011 1012 3
954 1013 3
1013 1014 3
1014 1015 3
1015 1016 3
1016 1017 3
1017 1018 3
1018 1019 3
1019 1020 3
1020 1021 3
1023 1024 3
1024 1025 3
1025 1026 3
1026 1027 3
1027 1028 3
1028 1029 3
1029 1030 3
1030 1031 3
1031 1032 3
1036 1037 3
1042 1043 3
997 998 3
999 1000 3
1005 1006 3
1009 1010 3
1012 1013 3
1021 1022 3
1037 1038 3
1038 1039 3
1039 1040 3
1040 1041 3
1041 1042 3
989 990 3
1032 1033 3
1033 1034 3
1008 1009 3
1002 1003 3
1034 1036 3
1006 1008 3
