0.0962655 -0.0522082 13.8083
0.104528 -0.0649599 15.1325
0.0352403 -0.0692166 17.6038
0.00760776 -0.0532188 18.7282
0.0140905 -0.0100207 17.1096
0.118983 -0.0470597 5.90579
-0.109708 0.0310967 34.9901
-0.00374702 0.0506153 17.7321
0.0241734 0.0507227 12.5169
0.137881 0.0506618 -4.23044
0.126284 0.00299795 -1.13674
0.0109431 -0.00164114 13.9589
-0.0314026 0.032539 24.3349
-0.0145822 -0.00245367 19.1472
0.018772 0.0353728 7.2286
-0.0769392 0.0550737 39.1429
-0.0161225 0.00302761 18.0538
0.0201497 -0.0797231 7.87308
-0.0185354 -0.100609 21.9936
0.0253205 -0.09149 3.44653
-0.0172075 -0.210579 25.0754
-0.06313 -0.0250577 41.0566
-0.0463301 0.00718418 32.7842
-0.037893 -0.011738 28.5509
0.0164959 -0.123526 1.9107
0.0162578 -0.130166 3.71885
0.0244691 -0.0448886 -3.97236
0.00194523 -0.0291827 8.20547
-0.0190039 -0.00898859 20.6417
-0.018843 -0.014524 20.6948
0.032917 -0.0318716 -13.1222
0.103862 -0.0918383 -59.2479
0.100232 -0.131488 -55.3073
0.137249 -0.0350258 -88.5892
0.0381071 -0.0163837 -14.9005
-0.0143994 -0.028035 24.2467
0.0470157 0.0564573 -28.9864
0.0564398 -0.023544 -33.4503
-0.0358628 -0.0346304 41.0818
0.00465287 0.0124141 5.91237
0.051247 0.00768101 -34.1925
0.0394778 0.00723787 -24.2881
0.0378775 0.00607182 -5.61297
0.0299918 -0.00307301 1.89771
0.0338232 -0.00938497 -1.59264
0.0612479 0.0148781 -47.1182
0.0932555 0.0244011 -79.3792
0.0453405 0.0149139 -30.5485
0.0307687 -0.00347811 -14.6109
-0.00552127 -0.00726891 23.571
-0.00274235 0.00520184 20.5458
0.0157527 -0.0130617 0.0502492
0.10576 0.0541685 -103.006
0.185919 -0.0290365 -193.036
0.126556 -0.0158055 -124.543
0.00582305 -0.024179 1.82212
0.0385715 0.0237247 -38.536
0.0969966 0.0388038 -109.537
0.127739 -0.055054 13.8209
0.0962351 -0.0601784 15.3781
0.0210471 -0.0954944 19.0509
-0.00185793 -0.0539404 19.5083
-0.0271615 -0.0253377 21.0781
0.264317 -0.0456309 -12.2869
-0.0978558 0.0273718 32.6682
0.00202169 0.0601275 16.7038
0.0265618 0.0629302 12.5457
0.0238644 -0.283061 18.0551
0.0610235 -0.0366522 2.85763
0.0313707 -0.0129028 9.16445
0.229066 -0.170625 -45.1312
0.0572752 -0.06824 -3.01798
0.0718924 -0.0697412 -7.14145
0.00493152 -0.0158891 14.02
-0.0394343 -0.00157724 27.4327
0.0122903 -0.034221 9.51766
-0.0361899 -0.0600031 28.9326
-0.0119602 -0.0545059 18.2336
-0.0109949 -0.0259961 17.3468
-0.0136642 -0.000886075 17.6825
-0.0241634 0.00720786 22.4523
-0.049774 0.00075546 34.206
0.00115843 -0.0592866 9.52706
-0.00324832 -0.0792352 12.8277
-0.00710648 -0.0493791 14.2417
0.0153882 -0.0421248 0.633738
-0.00545225 -0.0253993 12.9704
-0.0119251 -0.0291656 16.5598
0.0338338 -0.0266705 -13.2741
0.0743251 -0.0641222 -40.0371
0.047954 -0.0932309 -20.3108
0.0569995 -0.0475595 -27.5992
0.00894041 0.00298983 6.31842
-0.0178636 0.0043445 24.8522
0.0578878 0.0703488 -37.0392
-0.0114298 -0.00858477 20.5804
-0.0185888 -0.0504142 27.4141
0.00611392 -0.016613 5.54436
0.0165014 -0.0129845 -3.62917
0.0262747 -0.000212837 -12.6643
0.0301385 -0.00533127 1.90045
0.0228546 -0.0052209 8.67409
0.0314358 -0.00764496 0.630828
0.0292692 -0.00593798 -15.3364
0.0818948 0.0084337 -67.6437
0.0510914 0.0235304 -36.2354
0.0377123 0.00927877 -22.1748
-0.0108182 -0.0111607 29.5317
-0.00357518 -0.0337439 22.4521
0.0129594 0.00761271 2.65908
0.0783902 0.0170471 -71.1613
0.12289 0.00794004 -121.308
0.139294 -0.00155283 -139.846
0.0251595 0.0117044 -22.3552
0.0721303 0.036165 -79.2041
0.0963869 0.0293535 -108.448
0.0646724 -0.0563605 14.3327
0.0501645 -0.0859114 16.6607
-0.0464898 -0.0793004 20.4365
0.00760878 0.0639494 7.93565
0.0956476 -0.133195 8.85731
0.106761 -0.126223 7.39202
-0.0397041 0.0410216 23.8098
0.0864501 0.0852402 8.21668
0.0215982 0.171808 -2.7146
-0.016387 0.00470983 14.0141
0.297154 -0.0767915 -50.1663
0.0196659 -0.00383268 11.6779
0.0745523 0.000555815 -11.3869
0.0425346 -0.0471757 0.891569
0.0573228 -0.056968 -3.26498
0.0325916 -0.0585328 5.55024
-0.01764 -0.0383349 21.1306
0.000283022 -0.0741408 16.0213
0.00137631 -0.0513384 13.3308
0.022252 -0.0189067 1.7127
0.00852257 -0.0346475 9.5265
-0.00885509 -0.0237421 16.3609
-0.0387611 -0.0105207 30.0153
-0.0768159 0.0063214 48.0929
-0.0379002 0.00914019 27.1482
-0.00971255 -0.0291312 14.1522
0.00327094 -0.0426297 7.92171
0.000924514 -0.0459772 9.29091
0.00451106 -0.0577912 8.49455
-0.00248964 -0.0710976 12.951
0.0158793 -0.0324751 -1.11818
0.0190529 -0.0381526 -2.96026
0.00201497 -0.0480585 9.58124
0.0452801 -0.108163 -18.5233
-0.0143659 0.0125891 23.3757
-0.0350691 -0.00519285 39.7878
0.00844594 -0.00428328 5.71318
-0.025 -0.0357629 32.0804
0.0196043 0.00880788 -7.25058
0.0127814 -0.00530625 -0.662233
0.00669969 -0.0104045 4.86967
0.0152051 -0.0179626 -2.35765
0.0314809 -0.0081399 0.551384
0.0235018 -0.0153804 8.50069
0 0 -1
-0.0231843 -0.0709827 39.0384
0.0855952 0.0301006 -72.0958
0.0401748 0.0187883 -25.0692
0.0108792 0.0173645 5.43863
-0.0104705 0.0278359 27.5871
-0.00951686 0.0200957 26.6001
0.0129891 0.0137327 2.33947
0.0623764 0.0208437 -53.1299
0.109166 0.007896 -105.452
0.118253 -0.00176226 -115.291
0.0297175 0.0115281 -27.7124
0.0747196 0.0228937 -81.7813
0.0970415 0.0039525 -108.105
0.0295107 -0.00839833 11.9113
0.0189891 -0.00890964 12.2166
-0.0110483 -0.0329204 15.754
-0.0412512 0.118317 25.7732
-0.0371821 0.0740205 28.7213
-0.0609137 0.0616349 32.3944
-0.0846045 0.0222579 31.6165
-0.127663 0.0323796 37.7396
-0.152338 0.172289 30.0918
-0.125165 -0.0180524 37.8835
0.309352 -0.050984 -53.8734
-0.301189 -0.0737768 93.1363
0.0522348 -0.00778238 -4.861
0.0534562 -0.0316276 -3.76779
0.0392976 -0.0305264 0.805068
-0.00437049 -0.0798458 19.0099
-0.0308908 -0.0991974 29.3576
0.016383 -0.0500314 7.62088
-0.0120877 -0.0428449 18.1443
-0.000467646 -0.041384 12.9433
0.0167876 -0.0519359 7.12633
-0.0163443 -0.0390206 21.4858
-0.0429286 -0.0339491 34.0585
-0.0489008 -0.0232862 35.7493
-0.0337504 -0.0207049 26.9545
-0.0134956 -0.0114562 15.4768
-0.0103198 -0.0398653 15.8822
-0.0195539 -0.0564145 22.5293
0.000203347 -0.0635783 11.1445
0.0021432 -0.0530246 9.00641
0.0189674 -0.0465265 -2.14803
0.0167101 -0.0321248 -1.5323
-0.0347627 -0.0147413 33.1451
-0.00871165 -0.0424316 16.8596
-0.01417 0.00187564 23.8346
-0.0676307 -0.00653047 65.235
-0.0577787 -0.0454163 58.9279
0.360862 -0.0317731 -283.781
0.00504494 -0.00372272 5.72737
0.00813227 0.00109954 2.94832
0.00695049 0.00390806 3.67106
0.000517039 -0.00227429 9.74005
0.0145748 -0.00979955 16.2914
-0.0109261 -0.0110716 40.4207
-0.108907 -0.0338255 120.107
-0.0736883 -0.0803641 87.0032
0.0258655 0.00951548 -9.77301
0.022414 0.00263927 -5.86281
0.0192943 0.00678446 -2.79505
0.0137894 0.00792769 3.13894
-0.00182162 0.0358 18.0473
0.0136085 0.0368447 0.707193
0.126337 0.0236405 -136.238
0.115192 0.00477332 -112.331
0.100463 0.00746813 -95.0591
0.0541793 0.0140963 -56.7873
0.0614789 -0.0110943 -63.3369
0.0691906 -0.0104045 -73.1307
0.0178689 0.0229652 9.88318
-0.00900427 0.00516615 12.1637
-0.0143965 0.0253044 10.4508
-0.00916806 0.00984958 11.4828
0.0448193 0.0350496 3.20177
0.0976921 0.012322 -0.420814
-0.0316251 -0.0155002 27.1057
-0.0396526 -0.00933663 27.7675
-0.0551316 -0.0110847 21.8894
-0.0462448 -0.0112759 20.3757
-0.037131 -0.0133885 18.7674
-0.018905 -0.0178285 14.4415
-0.0289463 -0.0167832 17.1044
0.0290389 -0.0374644 4.64118
0.0124271 -0.0470634 11.1469
-0.0464212 -0.0664653 31.6336
-0.0044426 -0.0643995 16.6968
0.0548681 -0.0566451 -6.80523
-0.0482762 -0.0471859 33.529
-0.017892 -0.0868168 24.7801
0.0179717 -0.0738627 7.49478
0.00584988 -0.112497 17.027
-0.00934909 -0.0592302 20.1114
-0.041921 -0.0674878 35.7094
-0.00349618 -0.0510435 13.9246
-0.0155768 -0.0444845 19.6833
-0.0271384 -0.040024 25.7548
-0.0336946 -0.0628112 30.9096
0.00103627 -0.0676205 10.9181
0.00724546 -0.0746249 7.91072
0.0237547 -0.0600102 -4.1252
0.0405271 -0.0504721 -16.2677
-0.0118654 -0.0199381 17.6132
-0.0226268 -0.047743 27.1721
-0.0246 0.00120545 31.7512
-0.263361 -0.0949903 216.848
0.146636 0.0518417 -115.294
0.0477721 -0.0527833 -24.4196
0.0273796 0.0028547 -13.5822
0.018375 0.00396985 -5.97622
0.0018081 0.00702856 7.8275
0.00437857 0.00848188 5.55836
0.0303279 -0.00837046 1.89361
0.00851488 -0.00838895 22.2281
0.0274981 -0.0279267 -17.0355
-0.012296 -0.0367499 22.7377
-0.0286272 -0.0290871 38.3028
0.0353619 0.00430395 -19.2377
0.0273355 0.00387227 -10.8583
0.0227765 0.00320099 -6.00619
0.0237978 -0.00723805 -6.35692
0.0128864 0.0114232 4.21422
0.00351188 -0.0238505 7.31748
0.738223 -0.0123063 -834.531
0.0991288 0.00277533 -93.1217
0.0333326 -0.0508993 -26.0665
0.0795116 -0.0426572 -82.5412
0.0865669 -0.0314194 -92.4553
0.00809382 0.0448897 7.78734
0.00121508 0.0385075 8.67178
-0.0168704 0.0394872 9.29093
-0.0331875 0.0445878 9.41301
0.00316885 0.0412214 6.59312
0.081363 0.0383416 -1.67474
0.058186 -0.0179494 14.2143
0.0292095 -0.000337382 15.8278
-0.0583542 -0.0040689 21.3746
-0.0492352 0.00415503 19.0335
-0.0405545 0.00893622 16.9332
-0.0258641 0.00626223 14.0738
-0.00895726 -0.00810496 11.3398
0.00441142 -0.0316537 10.2429
-0.00566343 -0.0446237 15.4359
-0.0303102 -0.0543544 24.1024
-0.0237921 -0.0449477 21.173
-0.0620914 -0.0236103 32.2756
-0.017523 -0.0278608 14.7774
-0.00851825 -0.0943099 20.2922
0.0352015 -0.0580382 -2.34024
-0.0087003 -0.092059 21.5123
-0.0112135 -0.0833362 21.4362
-0.00739069 -0.0558899 15.8587
-0.00454717 -0.0566613 14.9215
-0.0340407 -0.064218 31.7941
-0.047983 -0.0579962 39.3181
-0.0312932 -0.0365812 26.4226
-0.016801 -0.0659687 21.1573
-0.00472676 -0.0691199 13.8858
0.0390108 -0.0733941 -13.1079
0.0693513 -0.024995 -38.4846
-0.0258315 -0.0337559 28.4447
-0.0329763 -0.0179364 31.2747
-7.42707e-05 -0.0502403 11.3886
0.0171428 0.00839921 -0.699316
0.102424 0.0332942 -78.2437
0.064199 0.0229579 -45.73
0.0357503 -0.0100939 -18.5774
0.0291792 -0.00794 -13.609
0.000429848 -0.0084973 11.0636
-0.00544891 -0.00514826 15.831
0.0168333 0.000977607 13.1614
0.0166671 -0.00485215 14.1255
-0.00821988 -0.00461556 37.6318
6.53375e-05 -0.0158976 8.63202
0.00955412 0.00187687 -2.88835
0.0566914 -0.0337225 -36.6261
0.0185246 -0.00526237 -0.667357
0.0169344 -0.0106423 1.74491
0.00705789 -0.0212562 13.4775
0.0118148 -0.0393944 9.98659
0.0707866 -0.0920429 -61.1305
0.0406155 -0.0157548 -22.4966
0.0451704 -0.0028035 -29.3775
0.0703223 -0.0966415 -65.9881
0.0407697 -0.0851035 -30.9855
0.0158998 -0.115274 2.79511
0.0243223 0.00322538 13.4073
0.00925438 0.0369385 8.10631
0.00788936 0.0425794 7.83373
-0.0171608 0.0529942 8.25081
0.00604305 0.0685395 3.5267
0.0422262 0.0747558 -1.73508
0.173381 -0.0458792 -0.153177
0.088173 -0.0151387 8.09251
-0.02085 0.0361476 9.23638
-0.0343999 0.036733 11.89
-0.0348326 0.0482605 10.1548
-0.0132973 -0.00155389 12.2512
-0.0126776 0.0344746 6.53471
-0.00135442 0.00859679 6.89061
-0.0158513 0.0062264 11.8596
-0.0220268 -0.0158528 16.7196
-0.0167965 -0.0026831 13.1921
-0.108245 0.10247 32.1606
-0.0335902 0.00149633 17.6662
0.0408851 -0.010452 -11.3358
0.0397739 -0.0211331 -8.53347
-0.0352396 -0.012427 23.5343
-0.0431158 -0.0056081 26.3204
-0.0313987 -0.00274614 20.2862
-0.011789 -0.0378494 15.6005
-0.0242738 -0.0503958 24.2254
-0.0357739 -0.0512521 31.121
-0.026484 -0.0325195 22.8084
-0.00654477 -0.013887 8.05817
0.0219985 -0.027572 -8.06396
0.0532369 -0.00709043 -31.7595
0.0973864 -0.0136975 -59.3424
-0.00943782 -0.0155103 14.7743
-0.0300941 -0.0159798 28.3404
0.0198337 -0.0281248 -5.88908
-0.00379819 -0.00335925 16.4972
0.126223 0.0101313 -94.325
0.0757122 -0.00960636 -51.2997
0.0596643 -0.0271712 -36.3115
0.0330309 -0.0157264 -16.2662
0.0275999 0.0205307 -16.4193
-0.0412698 -0.0369444 51.9195
0.0126534 -0.00470174 17.954
0.00962368 -0.00092828 20.2292
-0.0659863 0.0323231 87.6817
-0.00140135 -0.0178636 10.2846
0.0229788 0.00394573 -16.6129
0.195481 -0.0187148 -181.598
-0.0176045 -0.0187703 38.6072
-0.708881 0.107885 752.351
0.129889 -0.0178257 -131.943
-0.0460919 0.0356928 52.0936
-0.00218812 -0.133297 25.7786
0.02629 0.00628508 -8.99101
0.040685 -0.00579341 -24.0683
0.0261727 -0.136539 -7.29982
0.00556619 -0.141198 18.1764
-0.0153436 -0.0803767 35.8116
0.0157189 0.036814 8.63745
0.0105049 0.0409569 7.64009
0.000957084 0.0363916 9.10527
-0.00394354 0.0346998 9.63361
0.026848 0.0621421 2.68622
0.0167712 0.077874 0.87404
0.107203 0.0785054 -10.8812
0.139847 0.0292478 -6.66785
-0.0745778 0.0829858 12.7076
-0.0383606 0.0824641 5.60975
-0.0172482 0.118924 -4.30162
-0.0310621 0.102976 1.6132
-0.0218141 0.0840809 1.98422
-0.023547 0.0479791 7.95224
-0.0271595 0.0162439 13.7549
-0.0264997 0.0192446 13.0856
-0.0345065 0.0046509 18.6101
-0.0649606 0.0518518 22.3605
-0.0409897 0.0154178 17.4655
0.0641027 0.00790607 -23.5987
0.0182957 0.0707247 -12.0541
-0.0458803 0.0616241 17.6648
-0.0354499 0.06717 12.1354
-0.0348039 0.056198 13.0627
-0.0496095 0.0523833 21.7046
-0.0475575 0.0170586 26.5923
-0.0298966 -0.0344911 25.1447
-0.00319543 -0.00994398 5.59873
0.0264451 0.0450411 -21.4472
0.0215929 0.0240106 -15.4349
0.0396907 0.0377906 -29.754
0.113203 0.00808087 -73.9705
-0.0074566 -0.00482383 12.967
-0.0545112 -0.0304263 48.7545
0.0446915 0.0358237 -34.3915
0.030361 -0.011291 -8.6492
0.017661 0.0386926 -12.9027
0.0393442 0.0974854 -40.8447
0.0462074 0.0419002 -36.6345
0.0184045 0.0978296 -23.2735
0.0201682 0.122972 -31.1287
0.0592557 0.139531 -66.0589
0.0114665 -0.00274804 18.7326
0.00863731 -0.000340536 21.0746
-0.00347138 0.00130702 32.2773
0.052644 0.348708 -97.9155
0.0690636 0.138567 -78.1265
0.0420704 0.0643889 -37.0875
-0.0254474 0.0130762 41.1619
0.0104993 0.128486 -16.2471
0.0249193 0.162808 -37.0294
0.00978631 0.113432 -12.4712
0.0167106 0.0879561 -16.1183
0.0488746 0.0575649 -42.8487
0.022448 0.0340118 -8.53587
0.0268844 0.205354 -54.0109
0.0465293 0.0867448 -59.2702
0.056998 0.0800502 -70.7509
0.0122787 0.0399681 8.6531
-0.0106919 0.023808 11.7204
-0.0126438 0.0140988 13.3599
0.0016268 0.0232521 10.8631
0.0101337 0.0117624 12.3625
0.0334303 0.437205 -63.8591
0.0966294 0.41691 -68.3611
0.0413633 0.177525 -15.3287
0.131899 0.0661121 -10.9907
0.0740617 0.173428 -24.461
0.0302619 0.0494288 9.76586
0.0115468 0.0222269 18.9157
-0.0498367 0.024229 34.6733
-0.0555846 0.0188198 37.1375
-0.011586 0.963925 -155.628
-0.0212328 0.557624 -79.5644
-0.0643711 0.129718 15.4426
-0.0689414 0.0669515 29.2202
-0.0679692 0.0746115 27.2012
-0.039164 0.0787529 14.2568
-0.0442016 0.104858 11.6435
-0.0474551 0.111569 11.8739
-0.0527989 0.117071 12.7528
-0.0554204 0.0733069 21.906
-0.0509716 0.132799 8.72054
-0.0495093 0.130902 8.18062
-0.0294174 0.232083 -21.4663
-0.00915314 0.237585 -34.1074
0.0208516 0.189181 -43.5578
0.0302517 0.162856 -44.707
0.0546136 0.175802 -63.0884
0.0466379 0.0294466 -31.7324
0.0478236 0.0917646 -43.2072
-0.037234 0.182217 0.445751
0.0335527 0.249518 -63.5286
-0.0201844 0.00264861 27.9947
0.0335162 0.12828 -41.2189
0.0195331 0.140239 -32.3394
0.0207282 0.137984 -32.6842
0.0271053 0.131936 -36.8601
0.0384334 0.0907099 -38.6576
0.0701804 0.0819212 -65.0331
0.870478 0.06593 -789.114
0.0101429 -0.00222238 19.9176
0.0131577 -0.00167878 16.9
0.0300019 0.108432 -33.0103
0.0288795 0.363626 -77.781
0.0477203 0.108053 -50.5652
0.0236167 0.114805 -26.8749
0.0312776 0.10643 -33.313
0.0456634 0.105548 -48.777
0.0406555 0.0639995 -34.7349
0.0357312 0.0388576 -24.1964
0.0300629 0.0523148 -19.9728
0.0324677 0.0574616 -23.5703
0.029485 0.0293084 -14.5751
0.0289682 0.0526779 -18.4723
0.0277841 0.0284496 -12.2532
-0.0198342 0.0239628 36.869
-0.0190712 0.0109013 39.5601
-0.0219912 -0.00395478 42.3389
-0.0406545 0.0209139 37.6886
-0.0481813 0.0371069 34.7517
-0.0368732 0.303176 -29.3579
-0.0348554 0.138035 4.31456
-0.0187119 0.210305 -13.533
-0.0198242 0.108536 7.53518
0.0265559 0.0945414 0.784059
-0.000380298 0.0788892 9.66887
-0.010755 0.0361589 21.4941
-0.0235226 0.0335186 25.7104
-0.0624373 0.0243301 37.9585
-0.0895771 0.0369553 43.4498
-0.0664454 0.104223 21.9693
-0.0845478 0.0823786 32.3958
-0.0706408 0.0680089 29.8447
-0.0779246 0.0657588 32.8261
-0.0471336 0.0850098 16.0248
-0.045858 0.0948345 14.1094
-0.0484043 0.118832 10.1572
-0.0441758 0.140972 3.61182
0.000144936 0.283876 -47.7964
0.0104589 0.263423 -49.4957
-0.00861577 0.252115 -37.2761
-0.0153505 0.2682 -35.992
-0.0135168 0.263505 -36.3298
0.0104426 0.217903 -42.3589
0.0366677 0.24375 -63.8974
0.0363548 0.263713 -67.5217
0.0222768 0.29628 -64.5893
0.02578 0.291562 -65.8975
0.0206392 0.280281 -60.0843
0.0293277 0.267374 -63.7757
0.029374 0.267287 -63.2874
0.0243359 0.254101 -57.2094
0.0235641 0.260986 -58.1513
0.0178834 0.280397 -57.4925
0.0130602 0.259968 -49.4472
0.0118198 0.309937 -58.6961
0.0230723 0.319246 -70.564
0.0465055 0.00632141 -16.052
0.0237372 -0.00370402 7.20462
0.0121086 -0.00987082 19.5443
0.00614963 0.286004 -45.2071
0.0404263 0.136169 -49.6639
0.0485498 0.089655 -47.97
0.0518866 0.155322 -64.611
0.0498484 0.0769924 -47.2732
0.0470284 0.0629175 -42.2312
0.0390049 0.0392022 -28.3005
0.0384963 0.00694755 -21.3825
0.0541394 0.0108575 -39.93
0.0335477 0.0366605 -21.0928
0.0306623 0.0328492 -17.0489
0.0204588 0.0214888 -1.97
0.0149733 0.0322131 2.37883
-0.0299598 0.0287332 35.922
-0.0320969 0.029111 35.8624
0 0 -1
0 0 -1
-0.0822081 0.0343249 38.0728
-0.149584 0.215108 3.03398
-0.0552682 0.147975 5.79742
-0.0230275 0.145498 2.16389
0.114176 0.478779 -102.266
0.00436006 0.103449 3.54556
-0.0475785 0.0886678 18.4173
-0.0153543 0.0531841 18.7502
-0.0390766 0.0168902 33.0296
-0.0575868 0.0331155 34.3843
-0.0737868 0.0508484 35.0179
-0.0738358 0.0746355 29.9258
-0.0891904 0.104549 28.513
-0.0702952 0.0995077 22.1007
-0.0699327 0.0822633 25.9231
-0.0127271 0.159125 -14.479
-0.0141548 0.150977 -12.1184
-0.0267257 0.198903 -16.6895
0.0388496 0.113909 -30.444
0.0356715 0.304228 -70.938
0.0113682 0.299226 -56.7683
-0.00511713 0.28936 -46.6671
-0.000167201 0.284562 -48.109
-0.0107877 0.243266 -32.6105
-0.0204432 0.228842 -23.692
0.0315893 0.217405 -54.0948
0.0384116 0.250077 -65.54
0.037924 0.267058 -68.9663
0.031896 0.281303 -67.7964
0.0275586 0.295981 -68.1004
0.0279197 0.286472 -66.3692
0.02623 0.28678 -65.2121
0.0266701 0.296695 -67.7575
0.0175935 0.305623 -62.5543
0.0204454 0.314369 -66.7422
0.0140239 0.316993 -62.1912
0.0262951 0.334818 -76.5718
0.0274067 0.328388 -76.2721
0.0670119 0.0467713 -44.2292
0.0107185 0.0467241 8.31653
-0.02456 0.0345651 44.8657
-0.039358 0.275148 2.46133
0.000191229 0.256866 -33.3604
-4.04102e-05 0.351086 -53.6037
0.00386572 0.378511 -64.3618
-0.00340526 0.390048 -59.2903
-0.00523689 0.378701 -54.6701
0.010898 0.359138 -68.188
0.0231881 0.345698 -78.505
0.00827246 0.326726 -56.9359
0.00590111 0.123493 -7.71727
0.0196274 0.0948822 -17.3678
0.00818813 0.0894523 -2.12905
0.0222344 0.021979 -4.48283
-0.0299085 0.0403807 33.1171
0 0 -1
-0.037026 0.0428507 33.0024
-0.0373282 0.0305752 35.1252
-0.0795254 0.0404225 36.5551
-0.106451 0.0391155 39.5389
-0.0577348 0.0798056 22.5209
-0.0280865 0.0563734 24.0607
-0.0299957 0.0699339 21.0272
-0.0629579 0.071067 27.158
-0.0671573 0.0710253 26.4273
-0.048055 0.0738275 20.9842
-0.0365594 0.0382083 26.9468
-0.0126919 0.0581468 14.4942
-0.024854 0.168011 -9.12941
-0.0489287 0.141957 5.42961
-0.0509655 0.20636 -9.19734
-0.0767981 0.141588 15.2257
-0.0267703 0.125233 -0.280289
0.0471318 0.165082 -40.6834
0.0335604 0.24472 -54.886
0.0457803 0.364121 -89.2339
0.0610487 0.0709307 -20.3812
0.00952836 0.344292 -66.9339
-0.00499412 0.315647 -51.6969
-0.0367675 0.318635 -35.7209
-0.0259947 0.302831 -39.0045
-0.0393974 0.312847 -32.9911
-0.0387717 0.179684 -1.62016
0.0042765 0.137842 -18.6662
0.0784291 0.222401 -85.3819
0.0310076 0.290099 -69.6533
0.032995 0.269864 -65.9364
0.0264084 0.272334 -61.6335
0.0244654 0.275742 -61.2584
0.0332227 0.273446 -67.2294
0.0314839 0.279815 -67.3475
0.0323646 0.288757 -70.1677
0.0291472 0.303548 -71.1806
0.0259465 0.32073 -72.6565
0.0353002 0.298368 -75.1543
0.0229696 0.280181 -59.7826
0.0184189 0.258965 -50.1937
0.0212103 0.196842 -37.5202
0.00171926 0.27714 -38.4525
0.0178658 0.248949 -47.2388
0.0140657 0.276031 -50.2645
0.0105097 0.27531 -45.7083
-0.00390817 0.327005 -43.5059
0.0128644 0.304846 -55.6379
0.00236092 0.339903 -53.2969
0.0198354 0.324672 -68.9831
0.0165597 0.338721 -68.7109
-0.0167347 0.34769 -32.4304
0.049058 0.475051 -139.812
-0.0031478 0.524381 -90.1034
-0.00863385 0.486576 -75.2128
0.013308 0.488852 -101.992
-0.0354844 0.064036 27.0427
-0.0359544 0.0465877 31.6412
-0.0442952 0.0250822 37.4128
-0.0621641 0.0248247 38.8499
-0.0856285 0.0159869 43.6679
-0.121075 0.028256 44.0729
-0.0525869 0.0238745 35.3306
-0.00809212 0.0296739 27.6066
-0.0417087 0.0821033 19.7102
-0.029597 0.125596 5.39161
-0.039979 0.121228 7.63475
-0.0332179 0.199526 -14.8949
-0.0100686 0.282899 -42.9966
-0.0257815 0.292972 -41.6
-0.0256289 0.245618 -28.6847
-0.0303431 0.224798 -22.0549
-0.00765128 0.192621 -20.2438
0.0109811 0.226167 -35.3551
-0.0441233 0.484558 -85.274
0.0145473 0.450451 -100.307
0.0426032 0.369602 -90.2987
0.036551 0.383129 -89.9179
0.00303293 0.361349 -67.3565
-0.0177589 0.330366 -48.7948
-0.0294178 0.323526 -40.9014
-0.0349402 0.343471 -43.2959
-0.0136483 0.348065 -56.2334
0.0234709 0.343639 -75.9565
-0.00124166 0.365194 -66.5828
-0.0239028 0.309708 -37.6555
0.000408486 0.260359 -41.0047
0.0197252 0.279988 -58.9564
0.0235424 0.293484 -65.7599
0.0313651 0.289839 -70.0734
0.0324128 0.293267 -71.6424
0.0174109 0.301851 -62.8534
0.0218977 0.289107 -62.5947
0.0303628 0.284126 -67.7205
0.0262598 0.274628 -61.7032
0.0283048 0.273051 -62.7964
0.0226214 0.27102 -57.4596
0.0271534 0.253253 -56.8797
0.0315433 0.253769 -60.9061
0.0232673 0.271379 -58.0371
0.0178626 0.25318 -47.9004
0.0126624 0.265657 -46.167
0.0192697 0.25599 -50.2253
0.0237748 0.254161 -54.2012
0.0118185 0.272267 -46.7817
0.0102578 0.259688 -41.6339
0.0120062 0.277392 -48.0875
0.0314257 0.281013 -70.3692
0.0335694 0.297667 -77.4844
0.0141746 0.304157 -56.9922
0.0156657 0.272998 -50.448
0.0315963 0.262064 -66.6403
0.0183664 0.27343 -53.7819
0.0251151 0.249315 -55.2443
-0.0472186 0.0973043 17.7989
-0.0466573 0.0803283 22.7263
-0.0460358 0.0761862 23.8889
-0.00928858 0.229042 -27.6487
-0.0315986 -0.0186279 47.1834
-0.0742116 0.0366307 35.945
-0.0121939 0.281306 -43.214
0.00201221 0.279455 -44.4627
-0.0227717 0.165566 -7.0143
-0.0116495 0.18363 -14.2833
-0.0166971 0.209609 -20.6729
-0.00738766 0.248814 -34.22
-0.026094 0.233662 -24.3097
-0.0175781 0.256958 -33.8
-0.0159493 0.305349 -49.0196
-0.0249645 0.182211 -11.6466
0.0282025 0.162371 -24.4355
-0.0255112 0.0105491 39.7103
0.00897215 -0.0369649 38.9036
0.0161353 0.424964 -93.2119
-0.0237543 -0.199562 98.2436
-0.0732176 0.337344 -24.6967
-0.0160373 0.339952 -52.2652
-0.016767 0.325924 -48.168
-0.0177281 0.331957 -48.8209
-0.0243237 0.342912 -48.8136
0.0199977 0.329287 -70.1372
0.0178603 0.343989 -72.8445
0.0103378 0.341629 -67.4558
-0.390128 0.0973444 259.032
-0.628456 0.757659 230.527
0.0284671 0.272179 -63.3782
0.0450794 0.342227 -94.651
0.0343155 0.323233 -81.65
0.0212937 0.321726 -71.6775
0.0203886 0.302573 -65.183
0.0143214 0.300541 -59.716
0.0203548 0.286021 -60.2046
0.0254552 0.291804 -65.7164
0.0269074 0.278999 -63.4614
0.0148313 0.282467 -54.1222
0.0229724 0.28445 -61.7498
0.0232173 0.284354 -61.8908
0.0267599 0.287727 -65.696
0.0127424 0.292999 -53.8601
0.0173355 0.286789 -56.6465
0.0263659 0.24866 -53.9406
0.0219273 0.281929 -60.4262
0.0238154 0.292623 -64.9007
0.0119188 0.298199 -54.1606
0.00939379 0.297137 -51.2551
0.0265098 0.287775 -67.1746
0.0280909 0.291791 -70.2045
0.0074841 0.286745 -45.1748
0.00854029 0.267943 -40.8229
0.0161464 0.27328 -51.6009
0.0285529 0.280276 -68.3664
0.00360903 0.266608 -33.9188
-0.0489806 0.122724 10.2372
-0.0578038 0.133377 7.12951
-0.0716432 0.164369 -2.082
-0.0323796 0.248193 -31.2545
-0.0115315 0.276421 -41.9515
-0.00162901 0.312383 -54.1416
-0.000390504 0.306553 -52.6602
-0.0176789 0.297578 -46.9024
-0.064257 0.0592173 33.9189
-0.0239397 0.145955 0.0420193
0.0174011 0.163738 -14.7476
0.0234765 0.18448 -22.2081
-0.0012166 0.134892 -0.581709
-0.0281052 0.161761 -2.2664
-0.104017 0.0560096 43.2935
0.0210761 0.36398 -77.8922
0.0485715 0.323835 -74.4404
0.025286 0.307428 -60.241
0.00230643 0.336812 -60.3886
-0.0158651 0.532647 -109.964
-0.0747412 0.257103 1.06501
-0.0643318 0.290021 -14.6295
-0.0099687 0.316787 -48.7924
-0.00869163 0.327613 -52.5266
-0.0175698 0.320483 -45.693
0.0115789 0.337393 -67.039
0.0171455 0.356552 -76.3028
0.0162628 0.35189 -73.9048
0.0101068 0.343416 -67.8879
0.00950573 0.312068 -57.7678
0.0128274 0.296349 -54.8284
0.0124367 0.214547 -28.2458
-0.0230255 0.328262 -41.0545
0.00913946 0.346919 -70.0338
-0.00123902 0.331867 -57.5571
0.00925601 0.316878 -60.8769
0.0132088 0.302996 -59.6965
0.0277497 0.291224 -67.4862
0.0314978 0.295675 -71.8059
0.0169302 0.287671 -57.1691
0.0192033 0.294308 -61.3536
0.0255698 0.310374 -71.9131
0.0313115 0.282451 -68.6397
0.0248267 0.292727 -65.7558
0.0122825 0.287734 -52.2238
0.0198613 0.273283 -55.2747
0 0 -1
0.0227364 0.284623 -61.6495
0.0183539 0.279487 -55.403
0.019602 0.294565 -61.3364
0.0247204 0.296374 -67.9202
0.029114 0.288501 -70.1073
0.0136241 0.284508 -51.559
0.0225262 0.280868 -60.4189
0.0160407 0.297168 -58.5823
0.0430945 0.30856 -94.4818
0.0289969 0.344186 -88.6592
-0.00808751 0.279277 -23.0328
-0.0267994 0.132247 6.99385
-0.0386796 0.159861 -1.88917
-0.0269014 0.199163 -15.4198
-0.00874929 0.223501 -24.1549
7.50246e-05 0.283791 -44.7452
-0.0195352 0.304911 -49.8726
0.00527083 0.328058 -60.9166
-0.00289949 0.315969 -55.0631
-0.00896543 -0.00737748 44.5573
0.0213401 -0.059548 55.4418
0.048008 -0.0909878 60.641
0.327759 -0.42232 91.0171
0.0252781 0.550208 -141.385
-0.00595219 0.0630793 22.3495
0.0206086 0.363248 -77.1392
0.0189499 0.342944 -69.9138
0.036596 0.298719 -61.6721
0.0197459 0.294648 -54.5349
0.0101264 0.303602 -53.3354
0.0277515 0.285111 -53.9469
-0.004137 0.251127 -28.7719
-0.0355195 0.276835 -23.878
-0.00166608 0.310986 -51.0353
0.00158208 0.323018 -56.6443
0.00595716 0.316957 -57.4158
0.0261402 0.3288 -71.9318
0.016355 0.345092 -71.6817
0.00711731 0.339153 -64.4778
0.00657761 0.320048 -58.0701
0.0117878 0.322273 -62.1477
0.000733077 0.318449 -53.7791
-0.0150255 0.29521 -35.5479
-0.00711565 0.297179 -41.9634
0.000639494 0.310899 -51.892
-0.00438576 0.325591 -53.1282
-0.0102041 0.300908 -40.7689
0.00532299 0.298603 -52.0603
0.032354 0.290754 -70.923
0.0275688 0.280446 -63.338
0.0155603 0.30023 -59.9113
0.0127093 0.290497 -54.2684
0.0170336 0.305069 -62.7024
0.0227154 0.299482 -66.1375
0.0315901 0.301211 -74.6442
0.0197429 0.307089 -65.6662
0.0178763 0.295764 -60.2613
0.0171656 0.280894 -54.9754
0.0188362 0.280177 -55.8864
0.0181362 0.278855 -54.8712
0.0304517 0.298346 -74.3653
0.0238941 0.284492 -62.6844
0.0359385 0.296113 -80.2104
0.0295732 0.291477 -71.5202
0.0176028 0.283926 -56.1406
0.0280438 0.294879 -71.9427
0.0329939 0.30895 -82.2272
0.0172245 0.309951 -63.8109
0.00871874 0.316161 -55.1747
0.0111243 -0.123713 94.9681
0.0123672 -0.0742096 77.4393
0.00724919 0.0688271 27.5778
0.0186854 -0.0277728 60.5059
0.0340656 0.0877387 18.3267
0.034745 0.0286139 39.3216
0.0569896 0.0396712 31.8064
0.0385688 0.0562494 28.3745
0.0288966 0.00286009 33.299
0.0074144 -0.0200893 44.9275
0.00404949 -0.0602477 59.8712
0.0250287 -0.102377 69.8687
0.0426962 -0.104881 66.1473
0.0401979 -0.0298838 40.3125
0.0274809 0.348821 -74.8104
0.0269749 0.335052 -69.677
0.0052695 0.339325 -63.9928
0.00580841 0.318912 -57.073
0.00826734 0.304582 -52.8524
-0.0146021 0.271541 -31.2346
-0.0126233 0.276708 -34.1632
0.00525393 0.305288 -52.2773
0.000242096 0.310303 -51.6658
0.00581354 0.331304 -61.7978
0.0123836 0.350638 -72.7263
0.0218374 0.333949 -71.0839
0.00423264 0.324311 -57.796
0.00178295 0.330685 -58.818
-0.00145936 0.318205 -52.2123
0.00425961 0.330823 -60.3437
-0.00173514 0.331599 -56.5083
-0.0190294 0.312226 -38.4699
-0.00107373 0.303902 -48.2096
-0.00153252 0.308307 -49.2369
0.0118974 0.301469 -56.9977
-0.00437313 0.31887 -51.0138
-0.00386049 0.30654 -47.5177
0.0145253 0.30229 -60.414
0.0258383 0.268153 -57.4882
0.0190402 0.286347 -57.888
0.0275153 0.309259 -73.3764
0.017027 0.323561 -69.2168
0.010518 0.32072 -62.3373
0.0172627 0.300789 -61.2749
0.0197118 0.28852 -59.206
0.0152836 0.306779 -61.3544
0.00518047 0.31238 -53.1967
0.0140765 0.302513 -58.8073
0.0309903 0.272125 -66.0338
0.038409 0.278336 -75.8334
0.0242049 0.30517 -69.8272
0.0220514 0.313675 -70.7038
0.0147511 0.325461 -66.4593
0.0190847 0.300999 -63.7111
-0.117623 -0.00554917 203.178
0.0461316 0.335353 -106.958
0.0457831 0.318454 -101.224
0.0318838 0.300303 -78.1139
0.0213053 -0.119752 93.453
0.0199753 -0.0944453 84.3234
0.00243269 -0.0717394 76.9368
0.0385927 -0.041148 63.3928
0.0416353 0.0202532 41.0953
0.0362538 0.035834 36.1104
0.0405186 0.0406022 33.6632
-0.00854425 0.0398543 27.2035
-0.008549 0.0398617 27.2018
-0.00997355 -0.00536645 43.6063
0 0 -1
0.0292014 -0.141999 82.9191
0.0500489 -0.109916 65.9546
0.0361575 -0.0900582 62.7591
0.0111257 -0.0842557 68.0659
0.00162942 -0.0780412 68.7797
0.00162942 -0.0780412 68.7797
-0.0102192 0.339891 -58.1206
-0.0128138 0.315907 -48.4252
-0.00857269 0.289273 -40.3768
-0.00074398 0.309837 -51.1615
0.00510424 0.302573 -51.2272
0.0102695 0.322197 -60.7498
0.0135782 0.310474 -58.2329
0.0199906 0.321021 -65.52
0.0139984 0.299896 -54.7164
0.00496952 0.317859 -56.086
0.00191166 0.309704 -51.3456
0.00577822 0.313773 -55.2639
0.0112457 0.319169 -60.7028
0.0116249 0.324322 -62.7333
-0.0234709 0.343951 -46.4846
-0.0129543 0.308088 -41.0375
-0.0175731 0.286989 -30.4123
0.0197518 0.267461 -50.9095
-0.0034569 0.317337 -51.3007
0.00515353 0.326842 -61.6207
-0.0147237 0.291354 -32.8139
0.0317923 0.220424 -45.3913
0.0477358 0.246177 -68.1161
0.0339057 0.327771 -85.3481
0.00974001 0.336251 -67.1337
0.00759761 0.317178 -58.3038
0.0161424 0.308982 -63.1093
0.0120408 0.295007 -54.2743
0.0223543 0.294403 -63.9674
0.0127218 0.302635 -57.3673
0.0068237 0.303104 -51.4794
0.00238999 0.287269 -41.4199
0.0502336 0.240055 -74.9273
0.0419919 0.297954 -86.7246
0.0256321 0.293653 -67.4783
0.0287425 0.293016 -70.8276
0.0112828 0.325587 -62.7311
0.0247559 0.29346 -66.7516
0.0207881 0.290974 -61.0027
0.014636 0.284805 -51.4353
-0.00739727 0.260592 -15.6386
