0 1 3
1 2 0
2 3 1
3 4 3
4 5 2
5 6 2
6 7 3
7 8 2
8 9 3
9 11 0
11 12 3
12 13 3
13 14 3
14 15 3
15 74 3
17 74 1
17 18 3
18 19 0
19 20 3
20 21 3
21 22 3
22 23 3
23 25 1
25 26 3
26 27 3
27 28 3
28 30 0
30 31 3
31 32 3
32 34 3
34 35 0
35 36 3
36 37 1
37 38 3
38 39 3
39 40 3
40 41 3
41 42 2
42 43 2
43 44 3
44 45 3
45 46 3
46 47 3
47 49 3
49 50 3
50 51 2
51 52 2
52 54 3
54 55 3
55 56 3
56 57 3
47 106 3
49 106 3
32 148 3
34 148 2
11 68 3
23 82 3
25 83 0
25 82 0
33 34 1
36 95 1
37 95 3
14 73 3
15 73 3
82 83 3
28 87 0
28 88 0
30 88 3
33 91 3
9 68 3
17 75 3
38 96 3
87 88 3
34 91 0
37 96 3
54 110 0
22 82 3
31 89 3
33 148 3
52 110 0
7 65 3
7 66 2
8 66 3
30 89 3
34 92 0
54 169 0
1 60 0
9 66 3
74 75 0
32 90 3
90 148 3
42 100 0
110 169 3
0 58 3
1 58 3
2 60 3
91 148 3
35 92 3
52 168 0
11 69 3
12 69 3
13 71 3
27 84 3
39 96 3
39 97 3
41 100 0
46 104 3
47 104 3
51 109 0
52 109 0
54 112 3
55 112 3
3 61 3
4 61 3
6 65 3
12 71 3
18 75 3
20 78 3
25 84 3
26 84 3
91 92 3
36 94 3
40 97 3
50 108 3
50 109 3
109 168 3
112 169 0
58 60 3
4 62 3
13 72 3
14 72 3
19 75 1
19 78 3
21 79 3
22 80 3
31 90 3
35 94 3
47 105 3
49 108 3
108 109 3
55 113 3
56 114 3
57 115 3
3 60 0
5 62 2
5 63 0
6 63 3
6 64 3
73 74 1
78 79 3
79 80 3
40 98 3
41 98 3
44 103 3
45 103 3
104 105 3
49 107 3
110 168 3
112 113 3
113 114 3
114 115 3
61 62 3
62 63 0
64 65 3
28 84 3
89 90 3
94 95 1
95 96 3
42 101 2
43 101 3
44 101 3
46 103 3
105 106 3
106 107 3
107 108 3
60 61 1
68 69 3
71 72 3
19 77 3
83 84 1
98 100 0
63 64 3
9 125 3
75 77 3
80 82 3
100 101 3
101 103 3
68 125 3
73 131 3
77 78 3
35 150 3
103 104 3
66 125 2
74 131 0
88 89 3
92 150 3
97 98 3
65 66 2
69 71 3
72 73 3
94 150 3
96 97 3
84 87 3
84 142 3
94 209 3
101 160 3
103 160 3
87 142 3
150 209 3
97 155 3
69 125 3
69 129 3
71 129 3
152 209 3
94 152 3
96 155 3
72 129 3
88 146 3
58 117 3
60 117 3
69 128 3
80 139 3
89 146 3
62 120 0
65 123 3
82 139 3
100 157 3
100 158 3
101 158 3
64 122 3
65 122 3
66 123 2
128 129 3
73 130 3
75 133 3
79 138 3
80 138 3
88 145 3
98 157 0
63 122 3
72 130 3
74 133 0
77 135 3
138 139 3
83 142 3
87 145 3
109 167 3
60 118 3
66 124 3
77 136 3
78 136 3
87 144 3
89 147 3
95 152 0
101 159 3
108 167 3
58 116 3
61 118 0
61 119 0
62 119 0
123 124 3
75 135 3
146 147 3
95 153 3
96 153 3
96 154 3
159 160 3
105 163 3
106 164 3
107 165 3
107 166 3
108 166 3
167 168 3
112 171 3
113 171 3
115 173 3
116 117 3
118 119 3
119 120 3
63 120 3
130 131 3
79 137 3
83 141 3
142 144 3
90 147 3
152 153 1
153 154 3
154 155 3
157 158 3
158 159 3
104 163 3
163 164 3
164 165 3
114 171 3
114 172 3
114 173 3
63 121 3
122 123 3
129 130 3
136 137 3
137 138 3
82 141 3
103 161 3
104 161 3
165 166 3
166 167 3
168 169 3
135 136 3
147 148 3
98 155 3
171 172 3
121 122 3
74 190 0
144 145 3
145 146 3
160 161 3
172 173 3
117 118 3
120 121 3
69 184 3
133 190 3
141 142 3
169 171 1
131 190 3
184 185 0
69 185 3
161 163 3
169 228 3
171 228 0
125 184 3
128 185 3
139 141 3
168 227 3
169 227 3
91 207 3
155 157 0
124 182 3
142 200 3
142 201 3
148 207 3
144 201 3
141 200 3
92 207 3
119 177 3
200 201 3
155 215 0
120 177 3
133 192 3
75 192 3
135 192 3
157 215 3
124 183 2
66 183 2
130 188 3
152 210 3
155 213 0
161 220 3
125 183 3
131 188 3
209 210 3
213 215 3
163 220 3
129 187 3
130 187 3
137 195 3
138 197 3
139 197 3
148 206 3
160 219 3
161 219 3
171 230 3
172 230 3
182 183 2
128 186 3
138 196 3
146 205 3
122 180 3
123 180 3
129 186 3
196 197 3
147 205 3
147 206 3
150 266 3
214 215 3
166 224 3
116 174 3
117 175 3
118 176 3
136 194 3
154 212 3
155 212 3
157 216 3
158 216 3
167 224 3
174 175 3
117 176 3
120 178 3
133 191 3
135 193 3
135 194 3
144 202 3
145 203 3
150 207 3
152 211 3
153 211 0
153 212 3
158 217 3
159 217 3
160 218 3
163 221 3
164 221 3
164 222 3
165 223 3
167 225 3
167 226 3
168 226 3
171 229 3
172 231 0
173 231 0
177 178 3
120 179 3
121 179 3
180 182 3
186 187 3
188 189 3
131 189 3
191 192 3
138 195 3
144 203 3
213 214 3
216 217 3
217 218 3
218 219 3
222 223 3
224 225 3
225 226 3
226 227 3
228 229 1
229 230 3
175 176 3
178 179 3
189 190 3
190 191 3
192 193 3
195 196 3
207 266 3
209 266 3
220 221 3
223 224 3
119 176 3
122 179 3
187 188 3
190 248 1
193 194 3
136 195 3
221 222 3
179 180 3
146 203 3
206 207 3
211 212 1
212 213 0
219 220 3
183 184 2
194 195 3
139 256 3
141 256 3
201 202 3
202 203 3
227 228 3
176 177 3
205 206 3
215 216 3
146 262 3
197 256 3
203 262 3
205 262 3
266 267 3
180 238 3
141 257 3
209 267 3
182 238 3
256 257 3
230 231 0
206 264 3
207 264 3
185 186 3
200 257 3
210 211 3
213 271 3
214 271 3
228 287 3
179 237 3
179 238 3
262 263 3
205 263 3
229 287 0
238 239 3
186 244 3
178 237 3
182 239 3
185 244 3
197 255 3
200 258 3
201 259 3
202 259 3
218 276 3
219 276 3
220 278 3
221 280 3
222 280 3
231 289 3
176 234 3
177 234 3
183 241 3
187 245 3
192 250 3
255 256 3
207 265 3
210 268 3
211 268 3
212 328 3
219 278 3
221 279 3
175 234 3
182 241 2
184 242 3
186 245 3
188 245 3
189 247 3
191 250 3
195 253 3
196 253 3
265 266 3
279 280 3
228 286 3
175 233 3
183 242 2
188 247 3
190 247 3
194 252 3
206 263 3
212 270 3
213 328 1
221 278 3
225 283 3
225 284 3
226 284 3
227 286 3
286 287 3
174 233 3
177 235 3
178 235 3
178 236 3
236 237 3
182 240 3
185 243 3
193 251 3
193 252 3
195 252 3
196 254 3
202 260 3
202 261 3
203 261 3
211 269 3
270 328 3
215 274 3
216 274 3
217 275 3
223 281 3
224 282 3
224 283 3
227 285 3
174 232 3
235 236 3
237 238 3
239 240 3
241 242 2
243 244 3
244 245 3
188 246 3
191 249 3
193 250 3
251 252 3
253 254 3
261 262 3
209 268 3
268 269 3
212 269 0
271 328 1
217 274 3
218 275 3
280 281 3
281 282 3
284 285 3
240 241 2
185 242 1
246 247 3
190 249 3
249 250 3
250 251 3
197 254 3
257 258 3
201 258 3
259 260 3
260 261 3
263 264 3
264 265 3
278 279 3
232 233 3
233 234 3
234 235 3
247 248 1
215 273 3
283 284 3
285 286 3
245 246 3
252 253 3
254 255 3
214 273 3
282 283 3
230 289 0
274 275 3
248 249 0
269 270 1
276 278 3
230 287 0
242 243 0
258 259 3
275 276 3
271 273 3
241 299 3
267 268 3
273 274 3
276 335 2
278 335 1
230 404 3
289 404 1
240 299 3
278 336 3
287 345 3
230 345 0
235 293 3
279 336 3
236 293 3
249 365 3
245 303 3
246 303 3
248 306 0
283 341 3
248 365 0
257 315 3
267 325 3
282 341 3
251 309 3
256 315 3
263 321 3
266 325 3
276 334 3
345 404 1
234 292 3
243 302 3
244 302 3
250 309 3
252 309 3
264 321 3
334 335 2
306 365 3
255 313 3
260 318 3
268 326 3
269 326 3
284 342 3
285 343 3
232 290 3
233 292 3
234 293 3
237 295 3
238 295 3
242 300 3
246 305 3
247 305 3
248 305 0
254 312 3
254 313 3
259 317 3
262 320 3
265 440 3
271 329 3
285 342 3
286 343 3
233 290 3
241 300 3
250 308 3
253 312 3
258 316 3
258 317 3
259 318 3
261 318 3
263 320 3
266 440 3
328 329 0
274 332 3
275 332 3
275 333 3
283 342 3
286 344 3
287 344 3
236 295 3
238 296 3
239 297 3
240 298 3
243 301 3
249 308 3
312 313 3
256 314 3
257 316 3
269 327 3
276 333 3
279 337 3
280 337 3
280 338 3
281 339 3
282 340 3
238 297 3
239 298 3
242 301 0
301 302 3
244 303 3
303 362 3
246 362 3
306 364 1
313 314 3
314 315 3
316 317 3
261 320 3
325 326 3
270 327 0
338 339 3
339 340 3
296 297 3
298 299 3
299 300 3
302 303 3
308 309 3
317 318 3
264 381 3
265 381 3
273 329 3
333 334 3
335 336 0
336 337 3
289 347 3
292 293 3
293 351 3
295 296 3
308 365 3
253 311 3
311 312 3
340 341 3
341 342 3
347 404 1
305 306 0
326 327 3
273 332 3
332 333 3
337 338 3
292 351 3
305 362 3
252 311 3
315 316 3
343 344 3
344 345 3
236 352 3
320 321 3
321 381 3
327 328 1
342 343 3
295 352 3
301 360 3
381 440 1
252 367 3
293 352 3
309 367 3
325 440 3
297 298 3
303 361 3
361 362 3
261 377 3
273 389 1
290 292 3
318 377 3
320 377 3
325 441 3
292 349 2
320 378 3
440 441 3
332 389 1
290 349 2
328 386 3
329 386 1
312 370 3
313 370 3
302 360 3
329 388 3
314 372 3
273 388 2
341 399 3
342 399 3
311 426 3
313 371 3
313 372 3
318 375 3
377 378 3
327 385 3
334 393 3
335 393 0
350 351 3
242 358 3
308 366 3
367 425 3
370 371 3
371 372 3
317 375 3
318 376 3
328 385 0
292 350 3
300 358 3
309 366 3
376 377 3
388 389 3
295 354 3
296 354 3
301 358 1
340 397 3
340 399 3
343 402 3
344 402 3
297 355 3
311 370 3
316 374 3
317 374 3
321 380 3
332 390 3
339 397 3
345 403 3
347 405 3
298 355 3
302 361 3
365 366 3
315 374 3
375 376 3
325 383 3
326 384 3
327 384 3
336 393 3
342 400 3
343 401 3
344 403 3
404 405 0
290 348 2
315 373 3
326 383 3
385 386 1
333 390 3
397 399 3
400 401 3
401 402 3
348 349 3
349 350 0
297 354 3
299 357 3
367 426 3
252 426 0
311 427 3
315 372 3
321 437 3
383 441 3
338 397 3
295 411 3
298 357 3
300 357 3
366 367 3
426 427 3
370 427 3
373 374 3
380 437 3
380 381 3
384 385 3
386 388 0
364 365 0
320 437 3
383 384 3
389 390 0
337 397 3
399 400 3
354 411 3
396 397 3
360 361 3
306 362 1
306 420 1
374 375 3
334 392 3
354 355 3
362 420 3
392 393 3
402 403 3
351 352 3
301 417 3
378 437 3
388 445 1
352 411 3
360 417 1
372 373 3
333 449 2
396 454 3
370 428 3
386 445 3
334 449 2
337 396 3
397 454 1
349 408 0
350 408 3
357 358 3
336 453 3
337 453 3
358 417 3
392 449 3
393 452 3
396 453 3
390 449 3
393 453 3
365 422 1
372 430 3
378 493 3
452 453 3
351 408 3
355 414 3
298 414 3
357 414 2
364 422 3
375 433 3
377 493 3
397 456 3
403 461 3
376 433 3
399 456 3
403 404 1
349 407 2
389 446 3
399 457 3
402 461 3
370 429 3
371 429 3
377 435 3
456 457 3
401 459 3
404 461 0
306 421 1
366 423 3
366 424 3
367 424 3
428 429 3
372 429 3
374 432 3
376 435 3
381 555 2
440 555 0
348 407 2
351 410 3
352 410 3
420 421 3
365 423 3
424 425 3
425 426 3
373 432 3
400 457 3
404 462 3
354 412 3
355 412 3
417 475 3
373 430 3
392 452 3
400 459 3
405 462 1
348 406 0
357 473 3
358 473 3
360 475 3
361 419 3
361 420 3
423 424 3
429 430 3
373 431 3
435 493 3
384 441 3
385 443 2
386 443 0
389 447 3
390 447 1
406 407 1
360 418 3
361 418 3
419 420 3
430 431 3
431 432 3
388 446 3
454 456 0
400 458 2
407 408 0
418 419 3
306 422 1
427 428 3
375 432 3
376 434 3
446 447 3
447 506 3
457 458 1
458 459 0
461 462 1
405 463 1
408 410 3
434 435 3
447 449 0
451 452 3
462 463 3
412 414 3
414 473 3
432 433 3
441 442 2
384 442 2
384 443 2
392 451 3
411 412 3
493 494 3
437 493 3
437 494 3
441 499 3
442 443 3
449 506 3
402 459 3
433 434 3
440 499 0
402 519 1
461 519 1
410 411 3
422 423 0
445 446 0
443 445 1
402 458 1
440 498 3
449 451 3
453 454 3
456 458 1
458 519 0
462 519 0
498 499 3
446 504 3
410 468 3
449 507 3
412 471 3
414 471 3
421 479 3
408 468 3
411 469 3
420 479 3
506 507 3
449 508 3
451 508 3
407 465 3
408 466 3
306 479 1
412 469 3
498 555 3
507 508 3
454 512 1
410 469 3
417 473 0
424 482 3
445 503 3
445 504 0
453 512 1
456 515 1
458 515 2
458 516 2
458 517 2
517 519 0
407 466 0
408 467 3
467 468 3
425 482 3
437 495 3
380 496 3
451 510 3
454 513 1
516 517 3
430 488 3
494 495 3
437 496 3
496 555 3
503 504 0
456 514 1
514 515 3
466 467 3
429 488 3
381 496 3
442 499 3
443 503 1
452 511 3
453 511 3
512 513 3
456 513 1
462 520 3
463 521 3
406 464 3
465 466 0
418 476 3
419 477 3
429 487 3
431 489 3
443 500 3
443 502 2
508 510 3
451 511 3
511 512 3
513 514 3
517 518 0
518 519 3
407 464 0
418 475 3
419 476 3
420 478 3
422 480 3
423 482 3
430 489 3
432 489 2
432 491 2
433 491 3
442 500 3
502 503 2
510 511 3
515 516 3
463 520 3
412 470 3
476 477 3
419 478 3
478 479 3
423 480 1
487 488 3
468 469 3
469 470 3
470 471 3
473 475 3
475 476 3
306 480 1
488 489 3
499 500 3
434 493 3
443 501 3
505 506 2
520 521 3
477 478 3
428 487 3
489 491 3
434 491 3
500 501 3
501 502 2
519 520 1
428 485 3
434 551 2
447 504 3
447 505 3
464 465 1
414 472 3
472 473 3
485 487 3
493 551 2
476 534 3
426 484 1
426 485 1
427 485 3
491 551 3
506 564 2
484 485 3
423 540 1
482 540 3
482 483 3
425 483 1
425 484 1
495 496 3
480 537 3
483 484 3
504 505 3
480 540 0
495 553 3
507 565 2
306 537 1
508 565 2
471 472 3
473 530 3
472 530 3
479 537 1
504 561 1
516 573 3
483 540 3
491 549 3
491 550 3
550 551 3
503 561 3
515 573 3
467 525 3
471 530 3
473 532 3
475 532 3
480 539 3
539 540 3
493 552 2
494 552 2
494 553 3
499 557 2
465 523 0
466 525 3
468 525 3
489 548 3
491 548 3
498 557 2
500 557 2
505 564 2
508 568 3
516 574 3
464 523 3
473 531 3
477 535 3
478 537 1
551 552 3
501 557 2
501 559 3
502 559 2
502 561 2
510 568 3
513 572 3
514 572 3
517 574 3
468 526 3
531 532 3
478 535 3
485 544 3
487 544 3
548 549 3
552 553 3
496 553 3
508 566 2
464 522 3
523 581 3
466 524 3
468 527 3
469 527 3
470 527 3
470 528 3
471 529 3
478 536 1
487 545 3
549 550 3
505 561 1
524 525 3
470 529 3
529 530 3
530 531 3
477 534 3
488 545 3
566 568 3
512 571 3
513 571 3
514 573 3
522 523 3
465 582 3
466 582 1
525 526 3
526 527 3
527 528 3
528 529 3
536 537 3
498 556 2
556 557 3
557 559 3
563 564 3
573 574 3
518 575 1
520 578 3
521 579 3
523 582 2
534 535 3
483 541 3
484 541 3
544 545 3
565 566 3
517 575 3
521 578 3
578 579 3
524 582 1
540 541 3
555 556 3
505 563 3
511 568 3
571 572 3
518 578 3
518 520 2
475 534 3
485 541 3
485 543 3
488 604 2
553 555 3
572 573 3
531 589 3
535 536 3
541 543 3
543 544 3
545 604 3
489 604 2
559 617 3
502 617 2
507 564 3
530 589 3
532 589 3
475 533 3
575 578 3
532 533 3
557 558 3
558 559 3
533 534 3
561 563 3
574 575 3
537 539 2
544 602 3
558 617 3
561 617 3
543 602 3
548 604 3
553 612 3
564 565 3
537 595 3
555 612 2
578 636 3
536 595 3
541 600 3
553 611 3
534 593 3
540 599 3
541 599 3
543 600 3
552 611 3
511 627 2
512 628 2
581 582 2
535 593 3
548 606 3
568 627 3
627 628 3
571 628 2
524 583 3
536 593 3
549 606 3
549 608 3
550 608 3
556 614 3
568 626 3
528 586 3
537 596 3
539 597 3
540 597 3
545 602 3
555 613 3
555 614 3
626 627 3
573 631 2
529 588 3
530 588 3
536 594 3
548 605 3
551 608 3
611 612 3
613 614 3
557 614 3
568 625 3
572 631 2
575 636 2
525 583 3
525 584 3
526 584 3
527 586 3
529 587 3
594 595 3
537 597 2
545 603 3
604 605 3
552 610 3
625 626 3
572 629 2
579 637 3
522 580 3
523 580 3
527 585 3
528 587 3
595 596 3
596 597 3
600 601 3
543 601 3
602 603 3
551 609 3
552 609 3
610 611 3
561 620 2
563 620 3
564 621 3
564 622 3
565 622 3
565 623 3
566 623 3
566 624 3
566 625 3
629 631 3
573 632 2
583 584 3
526 585 3
588 589 3
532 590 3
597 598 3
540 598 3
598 599 3
599 600 3
605 606 3
606 608 3
564 620 3
623 624 3
574 632 2
578 637 3
587 588 3
589 590 3
533 590 3
608 609 3
609 610 3
612 613 3
620 621 3
621 622 3
622 623 3
624 625 3
636 637 3
586 587 3
534 592 3
603 604 3
561 619 2
575 634 2
584 585 3
585 586 3
533 592 3
592 593 3
601 602 3
558 614 3
617 619 3
619 620 3
571 629 2
575 632 2
628 629 3
631 632 3
632 634 3
634 636 3
593 594 3
580 581 3
582 583 0
558 674 3
617 674 3
584 642 3
558 673 3
617 675 3
590 592 3
673 674 3
674 675 3
617 676 3
619 676 3
583 642 2
614 673 3
675 676 3
632 690 3
606 664 3
614 672 3
605 664 3
672 673 3
628 686 3
589 648 2
590 648 3
604 662 3
608 664 3
611 669 3
629 686 3
631 689 3
603 662 3
610 669 3
613 672 3
689 690 3
587 645 2
602 660 3
603 660 3
629 687 3
629 688 3
634 690 3
636 693 3
598 657 2
599 657 3
613 671 3
686 687 3
631 688 3
690 692 3
634 693 3
588 646 2
589 646 2
596 654 3
597 655 2
600 658 3
608 665 3
608 666 3
671 672 3
622 681 3
623 681 3
623 682 3
624 682 3
627 685 3
628 685 3
634 692 3
580 638 3
581 639 3
582 639 2
586 644 2
587 644 2
646 648 3
595 654 3
596 655 3
598 656 2
656 657 3
599 658 2
605 663 3
665 666 3
609 666 3
625 682 3
625 684 3
626 684 3
626 685 3
688 689 3
637 695 3
638 639 3
585 644 2
587 646 2
592 648 3
594 652 3
595 653 3
662 663 3
610 668 3
612 669 3
612 671 3
612 670 3
619 677 3
622 680 3
681 682 3
684 685 3
685 686 3
687 688 3
644 645 3
592 649 3
594 651 3
594 653 3
653 654 3
654 655 3
655 656 3
597 656 2
657 658 3
601 660 3
664 665 3
668 669 3
670 671 3
620 677 3
621 680 3
680 681 3
636 695 3
584 643 2
585 643 2
648 649 3
593 651 3
651 652 3
676 677 3
621 679 3
682 684 3
645 646 3
592 651 3
663 664 3
609 668 3
620 679 3
679 680 3
582 642 2
601 658 3
601 659 3
669 670 3
692 693 3
693 695 3
642 643 3
643 644 3
658 659 3
660 662 3
582 640 3
645 703 3
592 650 3
650 651 3
659 660 3
695 752 3
639 640 2
652 653 3
693 752 3
677 679 3
646 647 1
647 648 0
649 650 3
684 741 3
642 699 3
682 741 3
640 642 3
690 749 3
692 749 3
646 703 3
665 723 3
609 725 3
668 725 3
675 734 3
676 734 3
684 742 3
685 742 3
689 748 3
690 748 3
666 725 3
670 728 3
682 740 3
687 746 3
688 746 3
695 753 3
640 699 2
643 699 3
669 728 3
740 741 3
741 742 3
689 746 3
692 750 3
752 753 3
650 708 3
666 724 3
649 708 3
666 723 3
687 745 3
693 751 3
751 752 3
639 697 1
640 697 3
647 705 2
653 711 3
655 713 3
662 719 3
662 720 3
663 721 3
664 721 3
673 730 3
676 735 3
677 735 3
679 736 3
681 740 3
686 744 3
687 744 3
745 746 3
749 750 3
640 698 3
643 701 3
648 707 3
649 707 3
651 710 3
652 710 3
654 711 3
664 722 3
672 730 3
675 733 3
677 736 3
685 744 3
638 696 1
697 698 3
698 699 3
652 711 3
654 713 3
665 722 3
669 727 3
674 732 3
733 734 3
734 735 3
685 743 3
744 745 3
746 748 3
748 749 3
692 751 3
696 697 3
644 701 3
656 714 3
719 720 3
662 721 3
722 723 3
668 726 3
673 732 3
675 732 3
679 737 3
681 739 3
742 743 3
743 744 3
750 751 3
655 714 3
658 717 3
659 717 3
660 719 3
721 722 3
723 724 3
725 726 3
669 726 3
727 728 3
671 730 3
732 733 3
736 737 3
680 739 3
739 740 3
648 705 3
657 714 3
657 716 3
658 716 3
720 721 3
724 725 3
726 727 3
735 736 3
680 737 3
680 738 3
746 747 3
645 701 3
716 717 3
671 728 3
747 748 3
707 708 3
713 714 3
660 717 3
737 738 3
738 739 3
651 708 3
728 730 3
646 705 3
730 732 3
701 703 3
651 709 3
709 710 3
710 711 3
657 773 3
717 719 3
705 707 3
708 709 3
714 773 3
716 773 3
728 787 3
730 787 3
699 701 3
703 704 3
646 704 3
704 705 3
710 768 3
654 771 3
717 776 3
719 776 3
730 789 3
732 789 3
741 800 3
709 768 3
711 771 3
713 771 3
717 775 3
742 800 3
699 758 3
701 761 3
703 761 3
705 764 3
775 776 3
698 757 3
701 758 3
701 760 3
704 761 3
740 799 3
741 799 3
699 757 3
760 761 3
707 764 3
747 805 3
701 759 3
711 768 3
711 770 3
770 771 3
714 771 3
714 772 3
776 777 3
719 777 3
720 778 3
787 788 3
730 788 3
788 789 3
746 805 3
748 806 3
759 760 3
707 765 3
772 773 3
723 781 3
724 781 3
728 786 3
786 787 3
733 791 3
799 800 3
749 806 3
696 754 3
697 755 3
758 759 3
704 762 3
704 763 3
705 763 3
764 765 3
721 778 3
721 780 3
722 780 3
725 783 3
734 791 3
734 792 3
735 793 3
737 795 3
738 795 3
740 798 3
745 803 3
749 808 3
750 808 3
752 810 3
753 810 3
757 758 3
761 762 3
716 775 3
720 777 3
721 779 3
726 783 3
727 786 3
791 792 3
734 793 3
736 794 3
739 798 3
744 803 3
746 804 3
754 755 3
763 764 3
708 766 3
709 767 3
711 769 3
779 780 3
723 780 3
724 782 3
727 785 3
737 794 3
738 796 3
739 796 3
743 802 3
744 802 3
748 805 3
751 809 3
698 813 3
766 767 3
767 768 3
768 769 3
716 774 3
778 779 3
780 781 3
781 782 3
725 782 3
726 785 3
785 786 3
792 793 3
736 793 3
795 796 3
742 801 3
743 801 3
802 803 3
803 804 3
750 809 3
809 810 3
757 813 3
762 763 3
707 766 3
769 770 3
774 775 3
777 778 3
726 784 3
732 790 3
793 794 3
794 795 3
801 802 3
804 805 3
771 772 3
773 774 3
782 783 3
783 784 3
784 785 3
789 790 3
733 790 3
739 797 3
805 806 3
765 766 3
790 791 3
796 797 3
797 798 3
798 799 3
800 801 3
806 865 3
749 865 3
753 869 3
698 755 3
755 813 3
808 865 3
808 809 3
810 869 3
761 819 3
762 819 3
781 840 3
782 840 3
792 850 3
754 812 3
760 818 3
763 821 3
764 822 3
765 823 3
772 830 3
755 812 3
761 818 3
764 821 3
765 822 3
773 830 3
793 850 3
796 854 3
797 854 3
813 814 3
759 818 3
766 823 3
767 825 3
771 829 3
772 829 3
774 833 3
775 833 3
794 852 3
757 814 3
757 815 3
766 825 3
770 829 3
787 845 3
788 845 3
790 848 3
791 848 3
791 850 3
793 852 3
795 853 3
796 853 3
797 855 3
804 862 3
805 862 3
808 866 3
810 868 3
818 819 3
819 820 3
762 820 3
822 823 3
769 827 3
770 827 3
776 833 3
777 835 3
784 842 3
786 844 3
787 844 3
789 848 3
795 852 3
798 855 3
800 857 3
800 858 3
806 864 3
865 866 3
809 867 3
814 815 3
821 822 3
768 826 3
773 831 3
774 831 3
776 834 3
777 834 3
778 836 3
778 837 3
779 837 3
780 837 3
780 838 3
780 839 3
781 839 3
785 842 3
785 844 3
798 856 3
799 857 3
801 858 3
802 860 3
864 865 3
808 867 3
758 815 3
820 821 3
768 825 3
768 827 3
770 828 3
829 830 3
833 834 3
834 835 3
836 837 3
782 841 3
783 841 3
783 842 3
785 843 3
788 846 3
789 846 3
852 853 3
853 854 3
855 856 3
799 856 3
857 858 3
801 860 3
809 868 3
868 869 3
812 813 3
759 817 3
766 824 3
826 827 3
828 829 3
835 836 3
840 841 3
842 843 3
844 845 3
845 846 3
817 818 3
823 824 3
825 826 3
827 828 3
837 838 3
838 839 3
839 840 3
841 842 3
854 855 3
801 917 3
802 861 3
803 861 3
805 864 3
866 867 3
758 874 3
824 825 3
830 831 3
831 833 3
843 844 3
856 857 3
860 917 3
861 862 3
862 864 3
867 868 3
815 874 3
759 874 3
789 847 3
847 848 3
793 909 3
852 909 3
860 861 3
817 874 3
846 847 3
791 849 3
848 849 3
849 850 3
850 909 3
858 917 3
831 890 3
833 890 3
845 904 3
846 904 3
821 880 3
822 880 3
841 899 3
818 876 3
842 899 3
855 913 3
817 875 3
840 899 3
850 908 3
854 913 3
865 923 3
866 923 3
813 871 3
814 871 3
818 875 3
830 888 3
847 904 3
849 908 3
857 916 3
858 916 3
862 921 3
864 921 3
812 871 3
819 877 3
829 888 3
831 888 3
833 891 3
834 892 3
842 901 3
843 901 3
847 906 3
867 925 3
874 875 3
821 879 3
823 881 3
824 881 3
835 892 3
842 900 3
848 906 3
866 924 3
868 925 3
812 870 0
818 877 3
820 879 3
879 880 3
823 880 3
828 886 3
890 891 3
836 894 3
837 894 3
837 895 3
837 896 3
838 896 3
840 898 3
898 899 3
899 900 3
900 901 3
844 901 3
904 906 3
861 920 3
862 920 3
867 924 3
870 871 1
815 873 3
875 876 3
820 877 3
820 878 3
825 883 3
827 885 3
829 886 3
829 887 3
831 889 3
834 891 3
835 951 3
836 951 3
895 896 3
845 903 3
849 907 3
852 910 3
852 911 3
853 911 3
856 914 3
857 914 3
861 919 3
868 927 3
877 878 3
878 879 3
880 881 3
826 883 3
826 885 3
885 886 3
886 887 3
888 889 3
894 895 3
839 897 3
906 907 3
909 910 3
910 911 3
854 911 3
860 919 3
919 920 3
920 921 3
864 922 3
924 925 3
873 874 3
876 877 3
881 882 3
824 882 3
887 888 3
889 890 3
894 951 3
840 897 3
844 902 3
845 902 3
903 904 3
856 913 3
916 917 3
860 918 3
921 922 3
814 873 3
825 882 3
826 884 3
884 885 3
839 896 3
897 898 3
904 905 3
905 906 3
907 908 3
913 914 3
918 919 3
865 922 3
882 883 3
902 903 3
923 924 3
868 926 3
926 927 3
871 872 3
814 872 3
876 934 3
883 884 3
891 892 3
911 913 3
917 918 3
872 873 3
875 934 3
901 902 3
908 909 3
922 923 3
925 926 3
892 951 3
896 897 3
914 916 3
914 915 3
915 916 3
911 970 3
913 970 3
881 939 3
888 946 3
889 946 3
882 939 3
889 947 3
898 956 3
905 964 3
910 969 3
911 969 3
969 970 3
872 931 3
873 931 3
877 936 3
878 936 3
887 946 3
890 947 3
897 956 3
913 971 3
918 976 3
919 976 3
921 979 3
922 980 3
876 936 3
884 942 3
946 947 3
891 948 3
891 949 3
906 964 3
909 967 3
921 980 3
923 980 3
926 984 3
875 933 3
879 937 3
883 942 3
886 944 3
890 948 3
892 949 3
907 964 3
908 967 3
919 978 3
920 978 3
921 978 3
926 985 3
927 985 3
871 930 3
872 930 3
874 933 3
879 936 3
880 937 3
882 940 3
883 940 3
885 944 3
886 945 3
887 945 3
948 949 3
892 950 3
950 951 3
895 953 3
896 953 3
899 956 3
900 958 3
901 959 3
902 959 3
903 962 3
904 962 3
910 968 3
970 971 3
979 980 3
923 981 3
924 981 3
925 983 3
925 984 3
870 928 1
871 928 3
871 929 3
930 931 3
874 932 3
936 937 3
880 938 3
945 946 3
894 952 3
895 952 3
897 955 3
899 957 3
899 958 3
901 958 3
902 961 3
903 961 3
963 964 3
907 966 3
908 966 3
968 969 3
913 972 3
914 972 3
915 974 3
916 974 3
917 976 3
980 981 3
924 983 3
928 929 3
929 930 3
873 932 3
932 933 3
937 938 3
944 945 3
949 950 3
952 953 3
896 955 3
955 956 3
956 957 3
959 961 3
961 962 3
905 962 3
905 963 3
967 968 3
917 974 3
976 978 3
978 979 3
924 982 3
931 932 3
933 934 3
934 936 3
881 938 3
939 940 3
940 942 3
885 943 3
896 954 3
954 955 3
907 965 3
915 972 3
981 982 3
982 983 3
983 984 3
884 943 3
943 944 3
947 948 3
962 963 3
971 972 3
984 985 3
935 936 3
938 939 3
941 942 3
946 1005 3
947 1005 3
949 1007 3
951 952 3
953 954 3
957 958 3
966 967 3
974 976 3
934 935 3
940 941 3
965 966 3
958 959 3
942 943 3
964 965 3
959 1018 3
961 1018 3
971 1029 3
957 1015 3
962 1021 3
972 1029 3
933 991 3
934 991 3
958 1015 3
961 1019 3
970 1029 3
972 1030 3
978 1036 3
979 1036 3
943 1001 3
945 1004 3
956 1015 3
1029 1030 3
915 1031 3
974 1031 3
979 1037 3
980 1037 3
939 998 3
941 999 3
944 1001 3
946 1004 3
948 1006 3
949 1008 3
950 1008 3
951 1008 3
962 1020 3
963 1021 3
967 1025 3
978 1035 3
982 1040 3
934 993 3
937 995 3
938 995 3
940 999 3
942 999 3
947 1006 3
961 1020 3
1020 1021 3
964 1021 3
966 1025 3
976 1033 3
983 1040 3
935 993 3
939 997 3
940 998 3
942 1000 3
943 1000 3
944 1002 3
945 1002 3
1007 1008 1
955 1013 3
958 1017 3
959 1017 3
966 1024 3
972 1031 3
974 1033 3
976 1035 3
1036 1037 3
981 1039 3
982 1039 3
983 1041 3
932 990 3
932 991 3
934 992 3
935 994 3
936 994 3
938 996 3
998 999 3
1000 1001 3
945 1003 3
949 1006 3
951 1009 3
952 1010 3
954 1013 3
958 1016 3
1018 1019 3
1019 1020 3
968 1025 3
969 1027 3
984 1041 3
985 1043 3
931 990 3
937 994 3
995 996 3
997 998 3
1002 1003 3
1003 1004 3
1008 1009 3
951 1010 3
956 1013 3
956 1014 3
1014 1015 3
1016 1017 3
964 1022 3
965 1024 3
968 1027 3
970 1027 3
1031 1032 3
974 1032 3
976 1034 3
928 986 3
929 987 3
990 991 3
991 992 3
994 995 3
1004 1005 3
953 1010 3
953 1011 3
953 1012 3
954 1012 3
1015 1016 3
1021 1022 3
965 1022 3
965 1023 3
968 1026 3
970 1028 3
1032 1033 3
1037 1038 3
980 1038 3
1039 1040 3
984 1042 3
984 1043 3
986 987 3
930 987 3
938 997 3
996 997 3
999 1000 3
1001 1002 3
1005 1006 3
1009 1010 3
1011 1012 3
1012 1013 3
1013 1014 3
1017 1018 3
1022 1023 3
1023 1024 3
1026 1027 3
1027 1028 3
1028 1029 3
1034 1035 3
981 1038 3
931 989 3
992 993 3
1006 1007 3
1024 1025 3
1025 1026 3
1030 1031 3
1035 1036 3
1038 1039 3
1010 1011 3
1042 1043 3
930 989 3
989 990 3
1041 1042 3
1040 1041 3
993 994 3
1033 1034 3
