0.0187857 -0.0205913 23.3242
0.013167 -0.0413252 23.7961
-0.0109933 -0.0246054 25.0229
-0.0586435 0.0245847 27.1341
-0.0613471 0.0326682 27.2789
-0.05643 0.0376731 26.2488
-0.0522007 -0.06748 28.1413
0.0682822 0.00288828 -1.87257
0.320008 -0.266899 -38.1934
0.110344 -0.299722 1.07797
0.0136301 -0.168934 20.8367
-0.0368908 -0.0309367 29.7286
-0.0359802 -0.0562095 29.3427
-0.0290572 -0.0779599 27.5184
-0.0371728 -0.0341326 29.3578
-0.0508125 0.0415608 31.7391
-0.0634108 -0.0222362 37.5445
-0.056586 -0.0108036 34.6001
-0.0580087 -0.0363648 35.7119
0.058949 0.106421 -17.9573
0.098705 0.0978536 -35.4596
0.0886652 0.0305397 -29.0904
0.0889317 0.0134581 -28.9891
-0.0455712 0.0845327 27.0855
0.0769706 0.0590555 -26.7283
-0.011196 0.0176302 13.8666
-0.225937 0.0791781 141.952
0.0591068 0.165758 -26.4921
-0.00658377 -0.0642515 13.1675
-0.10302 -0.0238218 72.8349
0.0570188 0.047498 -36.5199
0.0632977 0.0376502 -40.5213
-0.0277993 0.10034 26.8435
-8.37522e-05 -0.0318859 7.6887
-0.0185796 0.00174289 19.2391
0.0250801 0.00731871 -14.0935
0.0101172 0.00761184 -2.36684
-0.000218273 0.00761406 5.83122
-0.00327524 0.0100383 8.25728
0.028975 -0.0208418 -18.5596
0.0137076 0.0114433 -6.18521
0.0363739 0.0273619 19.0497
-0.212481 -0.116231 203.195
-0.0621987 0.180102 64.7325
0.0212408 0.0574348 -12.1849
-0.0377521 0.0395655 46.1677
-0.048108 0.228375 53.9378
0.0422222 -0.0577461 -30.647
0.0245365 -0.0393104 -13.0801
0.0457982 -0.00341218 -36.2543
0.0206258 0.00487691 -9.03321
0.00420672 -3.89561e-05 9.1694
0.000498642 0.00105713 13.6236
-0.00961017 -0.00575178 25.3306
-0.0400468 0.0219808 59.8095
-0.0297092 -0.00320364 48.1884
-0.0374036 -0.0087285 57.7204
-0.0241613 -0.00551166 41.6001
0.0104577 -0.014183 4.63639
0.0107311 0.0014036 22.867
0.00606373 0.069843 22.0887
-0.0218728 0.0322303 24.6547
-0.0594585 0.053247 26.6215
-0.0538684 0.0391154 25.9609
-0.0480369 0.0087799 26.251
0.0598992 -0.0202552 0.304603
0.00260133 -0.0178367 16.4692
0.00191052 -0.0853926 19.2824
-0.00153909 -0.0726156 20.3556
-0.0167115 -0.111235 25.4983
-0.0307655 -0.0921261 29.3914
-0.0376715 -0.0413764 28.7703
-0.025903 -0.0459408 25.8181
-0.0354895 0.00479877 27.281
-0.0660176 -0.0059926 37.8846
-0.0665325 -0.00748919 37.7456
-0.104142 -0.000956168 52.6396
0.0772349 0.0424032 -24.7457
0.0969978 0.0581385 -32.8
0.0849233 0.024507 -26.9612
0.0344661 -0.032904 -0.946054
0.0167333 -0.18022 14.4736
0.0253696 -0.346053 14.0174
-0.0609732 -0.0305765 43.5279
0.211541 0.00956454 -111.323
0.0574237 0.0440512 -29.3018
0.0721905 0.0295352 -36.7878
-0.108935 0.0206651 83.5606
-0.0922006 0.000240126 73.5137
0.0481226 0.0533073 -30.6851
0.0542804 0.0207107 -33.2708
-0.00392679 -0.0100164 9.4651
-0.0046528 0.0128582 8.61492
0.0128381 0.0137417 -4.75898
0.00521942 0.00939411 1.37248
-0.00168 0.00651134 6.83997
0.00270563 0.019145 2.88667
0.00952831 0.00529735 -2.58476
0.0541445 0.0258184 3.98069
0.0287588 0.0311292 26.4005
-0.0140915 0.00680243 66.5487
0.0130515 -0.00942667 -1.96654
0.00156684 0.0298044 7.30405
0.0098493 0.0185869 -0.285285
0.0179944 -0.0185053 -7.50486
0.0289498 -0.0616017 -17.415
0.0354179 -0.0580349 -24.221
0.0576706 -0.0326805 -48.1642
0.0274975 -0.0136391 -16.3669
0.0239797 -0.0234304 -12.1555
0.0252013 -0.0171579 -14.0786
-0.00153283 -0.0100467 16.2741
-0.0401682 -0.00150408 60.7824
-0.0227333 -0.0113854 40.0186
-0.074938 -0.00733146 102.822
-0.0298271 -0.0165951 48.3725
-0.00860294 -0.0198493 6.04269
0.0125668 -0.00779568 3.29187
0.0342605 -0.0246781 3.73925
0.25138 0.0447951 0.707188
0.0933559 -0.0651309 1.89163
0.21088 -0.374769 7.05303
0.0364782 0.00282354 2.47846
0.0213203 -0.0294212 7.04741
0.0502764 0.0276978 -2.47234
-0.0113456 -0.0448423 20.886
-0.00745741 -0.0634069 21.4447
-0.0353977 -0.0731617 28.0825
-0.00414608 -0.105587 21.4619
0.0388644 -0.0797081 6.69193
-0.00527486 -0.128579 24.1742
-0.027624 -0.00557264 25.0323
-0.0595874 -0.0205133 36.5028
-0.0685316 -0.00493682 39.1106
-0.0321254 -0.593133 56.3818
0.00458559 0.0030045 2.28709
0.0191737 0.00137217 -4.09366
0.0340529 0.0015308 -10.6
-0.0555772 -0.0863358 45.1426
-0.4814 -0.148198 261.575
-0.0510504 -0.10003 42.254
-0.0849757 -0.0924943 60.2135
-0.0567624 -0.0794716 43.6234
-0.00390715 -0.0634469 10.9407
-0.00887068 -0.00546236 10.2401
0.00588926 0.0105775 -0.695444
0.0229281 0.0185081 -12.7744
0.0784834 0.00879796 -49.2273
0.056931 0.0089203 -34.5479
-0.00826043 -0.0153627 13.1572
0 0 -1
0.00366258 0.00978348 2.64065
0.00392552 0.0175053 2.03329
0.0136822 0.0377066 -6.89752
0.0182299 0.048681 -11.133
0.0661759 0.024927 -7.01709
0.061384 0.00903972 -1.98393
0.0397432 0.00524603 17.1283
0.026887 0.00224884 29.1093
0.00357331 -0.00101209 6.50241
0.00669979 0.00307778 3.23485
0.0248181 0.00372998 -14.4582
-0.00817414 0.00458363 17.8512
0.0141831 -0.000392536 -4.99279
0.0468439 -0.0353418 -37.3906
0.067623 -0.0166776 -59.3941
0.0293631 -0.0239103 -17.9625
0.00950865 -0.020548 3.66835
0.0237771 -0.0122505 -12.7398
-0.00188637 -0.0318703 17.7843
-0.0274891 -0.0214679 47.0346
-0.0287326 -0.00962561 47.6241
-0.0274828 0.0158256 44.5311
-0.00199486 0.026306 12.4863
-0.0170577 -0.0144951 5.37376
-0.0222379 -0.0101135 4.94487
0.0234873 -0.0185015 3.64357
0.00296451 -0.0105856 3.85905
0.0613532 -0.0586232 3.42379
0.024614 -0.0903883 9.62772
0.0454257 -0.243782 18.6308
0.0184205 -0.00946709 6.4616
0.0205188 -0.123703 14.1695
0.0443248 -0.433595 32.9717
0.0399267 -0.498484 38.865
0.0684254 -0.322079 19.3224
0.0309479 -0.089624 11.7543
-0.0083771 -0.0964325 22.4016
-0.0150259 -0.130214 26.6965
0.0150273 -0.232246 24.8623
-0.00258727 -0.270775 34.4686
-0.0373334 -0.0648428 31.1327
-0.00383405 0.00495704 5.61373
0.00581311 -0.00232804 2.28601
0.0118111 0.0105254 -1.37778
0.030718 0.00390745 -9.12368
-0.0354301 -0.132246 36.9594
-0.0472426 -0.0876205 38.5965
-0.0400558 -0.0905437 36.0087
-9.93404e-05 -0.0725106 11.6993
-0.039162 -0.016987 29.4414
-0.0143269 -0.0196314 15.5473
-0.00994571 -0.0286058 14.3843
-0.0286078 0.0236669 20.9871
0.00312172 0.00510986 1.45129
0.0614833 -0.00314294 -37.3157
0.0245147 -0.0176142 -9.39904
-0.0118974 -0.00997191 14.8671
0.00867815 -0.00434968 -0.280346
0.0142322 0.0101515 -5.48193
0.0353308 0.0219038 -22.9453
0.0333741 0.0480706 -23.2904
0.0287222 0.0539093 -19.9494
0.064267 -0.0210612 -2.36338
0.0722302 -0.026457 -8.80248
0.0664342 0.000252702 -6.00623
0.0436143 -0.000394259 14.1384
0.0113161 0.00698663 -1.80308
0.0131398 0.00434327 -3.17875
0.00335165 0.00223948 6.69754
-0.00522193 0.00333002 15.0591
0.0120862 -0.0183391 -0.83312
0.0214805 -0.0114536 -11.9919
0.0651012 -0.0262162 -56.7463
0.029184 -0.0301913 -16.9806
0.0128401 -0.0118267 -0.457498
0.0219216 -0.0361266 -9.20657
0.00233257 -0.0358859 13.0902
-0.0217936 -0.026053 40.3321
-0.0199003 -0.00955429 36.909
-0.00416303 0.00489865 16.6546
0.0122405 0.00280117 -3.12395
0.00940763 -0.00279106 2.98493
-0.0162858 -0.015528 5.04529
0.0135911 -0.0156074 4.0679
-0.00632084 -0.0216237 5.48415
0.0362412 -0.0413214 4.87001
-0.0229713 -0.0408331 9.78936
-0.0261861 -0.0520656 11.3471
0.0688855 -0.000298481 -2.60171
-0.00131927 0.00516214 2.73483
0.00518903 -0.0325567 5.30776
-0.00793725 -0.0392008 8.80684
-0.0060365 -0.0481697 9.60667
0.0347629 -0.0309909 -3.39147
-0.0193632 0.385213 -34.0513
-0.0110104 -0.295425 39.3282
0.00622723 0.00206332 0.465638
0.0216159 0.0103612 -5.79687
0.0293715 -0.334315 28.2287
-0.0234054 -0.00112353 14.1196
0.00378946 0.00351574 2.59801
0.00846362 -0.0135509 2.48736
0.00722354 -0.0669158 9.46779
-0.0131533 -0.121237 24.9117
-0.0255016 -0.103569 28.7943
-0.0292153 -0.102905 30.9342
0.00860831 -0.128308 13.0431
-0.0193182 -0.0623794 22.2347
-0.00659811 -0.0367543 12.9124
-0.0570177 -0.0419921 45.0234
-0.00973099 -0.0116588 11.5572
0.00443854 0.00308252 1.91154
0.0323767 -0.0244069 -15.1781
0.0197282 -0.0226577 -5.55779
0 0 -1
0.0198449 0.00415771 -9.12146
0.0211096 0.00896588 -10.5509
0.0445116 0.0179247 -29.6455
0.0463051 0.0232569 -31.3565
0.0274734 0.029256 -16.5893
0.0701199 -0.0200592 -7.38735
0.0596201 -0.0229775 1.59888
0.0617102 -0.00623826 -1.7889
0.0127147 0.0167416 -3.59513
-0.0182551 -0.000314989 27.163
-0.0129529 0.0142214 20.7459
0.00196793 0.00280723 7.9225
-0.0147116 0.00278103 24.3047
-0.00469759 -0.014996 16.2153
-0.00191077 -0.021847 13.5867
0.055399 -0.00624911 -48.4338
0.0454715 -0.0118897 -36.7067
-0.00274441 -0.0114785 16.4067
0.0150251 -0.0422414 -0.776911
0.0109952 -0.025414 1.93786
0.00815658 -0.0115017 3.98863
-0.0140331 0.00125045 29.0499
0.00929982 0.00973006 -0.0654168
-0.00538238 -0.00361787 19.1808
-0.00750276 0.000206578 3.01394
0.0049144 -0.00532073 3.34641
-0.014917 -0.000623518 3.43671
-0.0105187 -0.0160325 4.99625
0.0033008 -0.0373914 6.39381
0 0 -1
0.0311016 0.016911 -3.5011
0.0134319 0.00652947 5.70671
-0.00752555 0.029693 1.15204
0.00151136 0.0122051 1.37896
0.00414297 0.0186432 0.169744
0.0108702 0.000640923 0.292559
0 0 -1
0.00437118 0.002359 1.92215
-0.0107118 -0.01156 7.76076
0.0035567 0.0136706 0.0301559
0.0204489 0.011327 -5.61079
0.0334874 0.00284452 -8.59394
-0.00138626 -0.0074783 6.04398
-0.00380966 -0.000589743 6.22882
-0.00485369 -0.0143308 8.29348
-0.00103098 -0.0519105 10.6441
-0.00248755 -0.100282 16.7932
-0.0100987 -0.0883704 19.2745
-0.0177993 -0.0778936 22.1612
-0.00291474 -0.0700822 12.5486
0.0151988 -0.0617673 3.08047
-0.00090576 -0.0529518 11.162
-0.0214495 -0.0550662 24.0655
0.00550537 -0.0403512 4.74486
-0.00730375 -0.0569736 15.258
0.0231189 -0.0537713 -6.01209
0.0416537 -0.0544677 -17.492
0.0223401 -0.0124194 -9.1369
0.0307024 -0.00731911 -15.7921
0.0222567 -0.000670832 -10.3449
0.0449282 -0.006673 -27.4137
0.0403463 -0.022478 -21.4611
-0.00503003 -0.0144384 15.355
-0.0181392 -0.00780766 25.497
0.061571 -0.0133845 -1.54921
0.0602265 -0.0199811 0.498507
0.0255575 0.0172375 -15.1156
-0.00350647 0.0074609 13.1271
-0.00609423 0.0304563 12.7986
-0.0111733 0.0170862 19.1876
-0.0156134 0.00247298 25.1113
-0.00895779 -0.000271817 18.634
0.0163559 0.0105226 -9.5052
0.062336 0.0110177 -57.9962
0.0519563 -0.00572322 -43.9902
-0.11187 -0.0119958 138.155
-0.0027574 -0.0117371 16.0326
0.0229184 -0.0151866 -13.6972
0.0254978 -0.0273281 -14.6398
-0.0131671 -0.0119991 29.6801
-0.0143304 -0.00216151 29.9179
-0.140164 -0.0346976 188.207
0.00601642 0.00305996 2.24569
0.00159303 0.00236604 2.49456
-0.00807793 -0.00134091 3.3702
-0.00651518 0.0124202 1.031
-0.00280881 0.0189838 -0.453265
0.0284604 0.0147603 -2.82847
0.0486458 0.0577886 -11.256
-0.000258614 0.0667656 -4.68327
-0.0102828 0.0324665 1.21505
-0.000475143 0.0258351 0.288292
0.00143291 0.0248162 0.0303484
-0.000137763 0.0201983 1.12995
-0.00760107 0.0252085 2.2797
-0.0160542 0.0106903 6.4577
0.00708032 0.0169974 -1.54254
0.00634452 0.0158629 -0.968332
0.0206692 0.0251575 -7.13145
0.0144735 -0.00413219 -0.668661
-0.00570457 -0.0143757 8.65822
-0.00328884 -0.0171497 8.19371
-0.0251716 -0.0273118 19.1426
-0.00744512 -0.0368477 12.142
-0.0276284 -0.0294672 20.524
-0.00499688 -0.0432156 10.7142
0.00180905 -0.0308126 5.38612
0.00761557 -0.0580476 5.93203
0.0109259 -0.0643787 5.30835
-0.000109144 -0.0381911 8.10853
-0.029047 -0.0549609 28.1851
-0.0125677 -0.0416603 15.8887
-0.00261301 -0.0390304 9.09241
0.0326862 -0.0446637 -13.2184
0.033419 -0.0369338 -14.0633
0.040021 -0.0316755 -19.4751
0.0470126 -0.0116514 -27.4441
0.0278828 -0.0220077 -11.7982
0.0381341 -0.0126089 -21.1503
0.032988 -0.0249261 -15.3795
0.0111963 -0.0154248 1.47635
-0.0210629 -0.0177462 29.1383
0.0812736 -0.00113041 -20.4573
0.00209986 -0.00887368 9.58053
0.00248682 -0.00866055 9.40195
-0.00834764 -0.019059 20.8276
0.00658912 -0.0183178 6.86311
-0.0142085 -0.00733106 25.6104
-0.0176735 0.00662068 26.9254
0.0223562 0.0226519 -16.6867
0.0498309 0.023957 -45.7443
0.0157343 0.404056 -60.6026
0.039513 -0.00884365 -30.1743
0.00284188 -0.00967546 10.1722
-0.0255152 -0.0204988 43.5517
0.00222443 -0.0292737 12.8917
0.0355785 -0.0308298 -25.7178
0.0113686 -0.018866 1.18301
-0.00594643 -0.0110219 21.407
-0.0391342 -0.00698256 60.9496
0.0111982 0.0248402 -1.33968
-0.00246074 0.00384147 2.28592
0.00178265 0.0207433 -0.42901
0.00763966 0.0288527 -2.21697
0.00969954 0.0410732 -4.50063
0.0091405 0.0348391 -3.1118
0.0418763 0.130036 -21.8732
0.0513088 0.0884275 -15.3614
-0.0429036 0.0870995 -1.17791
-0.00867033 0.0295962 1.25024
-0.00598797 0.100233 -11.4485
-0.00415855 0.0551583 -3.85642
-0.00617949 0.0280049 1.36168
-0.0235229 0.0362235 4.83
-0.00500722 0.0608098 -4.87013
0.0132738 0.0248546 -4.69824
0.0152613 0.0149377 -3.53734
0.000829171 0.00707322 2.93758
-0.0196528 -0.00682341 13.0475
0.00060631 -0.00862119 4.79294
-0.0257461 -0.00951751 16.8982
-0.0221844 -0.00450461 13.8282
-0.0508717 0.0197845 30.2725
-0.0454953 0.000183333 25.1982
-0.0125555 -0.00118223 8.4372
-0.00593086 -0.0169774 7.35311
-0.0203576 -0.0253252 17.3457
-0.0269565 0.0360567 11.4176
0.0724663 0.472846 -121.786
-0.0176057 -0.0283377 17.0645
-0.00385788 -0.0409429 10.4211
0.0373869 -0.0563149 -14.7818
0.0617237 -0.0983111 -25.3155
0.0688234 -0.0744048 -33.8249
0.0569146 -0.0430485 -30.1695
0.0366119 -0.0204838 -19.1511
0.0229388 -0.00984649 -10.1203
0.017731 -0.00971895 -5.87807
0.032454 0.00363493 -19.7169
0.0136775 0.00775769 -4.15198
0.071088 -0.00148271 -11.3908
0.00736801 -0.0100141 4.77586
0.00538305 -0.0144109 7.28343
0.00499856 -0.0162514 7.69353
0.00594659 -0.019332 7.47076
-0.00312261 -0.0165434 16.002
-0.00510138 -0.00364431 15.6896
0.100095 0.0138401 -95.6969
0.187235 0.01139 -185.984
0.0870753 -0.0137278 -73.5768
0.0350676 -0.0171586 -23.6977
0.0154015 -0.0355422 0.199389
-0.00324323 -0.0287286 19.2098
0.011237 -0.0554081 5.73821
0.0496136 -0.0831143 -34.4233
0.0384923 -0.0363002 -28.4251
-0.00854002 -0.0523219 30.3473
-0.0374692 -0.0515781 65.3267
0.0118297 -0.000763759 2.68144
-0.00599853 0.0403159 5.62466
-0.00587381 0.0313287 7.43817
-0.0197843 0.0135164 11.6998
0.0186444 0.0475838 -6.12753
0.0317466 0.17394 -28.2957
-0.00370944 0.139055 -16.0618
-0.0157999 0.134603 -13.5304
-0.0513124 0.159831 -12.2401
-0.0503563 0.0903286 -0.179279
0.00597217 0.127373 -18.9403
-0.00212964 0.10161 -12.3356
-0.0194068 0.12259 -11.3006
-0.0200545 0.122917 -11.3631
-0.0179486 0.137795 -14.7764
-0.0116905 0.0829241 -6.47519
0.00353574 0.039129 -3.71863
-0.0133748 0.0187712 6.19865
-0.018936 0.00451625 10.9133
-0.00431628 0.00733447 4.17379
-0.0229315 0.0205826 10.2663
-0.022417 0.0480293 5.09477
0.00388103 0.0632076 -5.18585
0.0311114 0.181893 -42.1215
0.0297536 0.0642701 -17.6574
0.0514802 0.213563 -63.7523
0.0320052 0.213036 -52.7021
0.0105904 0.00275094 7.79237
-0.0219232 0.00320579 27.7189
0.0463949 0.247545 -71.1922
0.0870648 0.254472 -99.684
0.0511129 0.249015 -76.3162
0.0140739 0.235861 -50.1995
0.0252315 0.213945 -53.7598
0.0706865 -0.029335 -43.6924
0.0425637 0.131161 -51.2153
0.0411858 0.0307455 -31.3523
0.0256929 0.0434103 -21.6899
0.0288083 0.0127176 -17.9955
0.024306 0.0304287 -17.4783
-0.0331709 0.0538175 27.6103
0.00332991 0.00226708 6.27739
-0.0145177 0.000949529 22.3186
0.01669 0.0630159 -18.3758
0.00549151 0.0400726 -2.80151
0.0190512 -0.00115292 -9.00544
0.0158558 0.0219511 -10.1287
0.0327079 0.00674363 -24.6358
0.136022 -0.00555838 -129.591
0.203321 -0.0200395 -196.802
0.00726924 -0.00388468 2.62048
-0.00289426 -0.019114 16.6469
-0.0203771 -0.0257584 37.2039
0.0137048 -0.0354219 -0.274455
0.0577806 0.0156618 -61.4939
0.0264078 0.0133252 -23.1388
-0.00661612 0.013471 15.256
-0.0574338 -0.0297869 85.2803
0.00063778 0.0543081 2.72003
-0.0227189 0.00685482 13.0726
0.00409693 0.00341159 12.7483
-0.0312289 0.0233946 10.5499
-0.0467945 0.0144615 13.9102
-0.00188138 0.150149 -19.2067
-0.000596071 0.149076 -18.9517
-0.018798 0.17288 -21.0202
-0.0332593 0.169303 -17.9094
-0.00896029 0.180694 -24.7897
-0.00659786 0.204071 -30.1535
-0.00558535 0.137302 -16.9084
-0.0120678 0.214699 -31.2324
-0.00462478 0.216349 -34.0342
-0.00635484 0.213866 -32.8487
-0.0193989 0.0769857 21.0843
-0.0194665 0.0972596 16.5196
-0.00662904 0.117435 8.33908
-0.00928674 0.040227 24.6421
-0.0792134 0.0253464 56.9807
-0.00353426 0.336449 -58.8567
0.0351069 0.34756 -78.7434
0.00401091 0.20905 -34.8549
0.021962 0.0847325 -17.9097
-0.00440963 0.100047 -7.1968
-0.0425921 0.220109 -11.6486
0.415107 0.0878452 -244.271
0.0250745 0.00778702 -1.67566
-0.013693 -0.000871409 23.4705
0.0337717 0.275099 -68.2739
0.034176 0.269784 -67.0947
0.0217309 0.308735 -67.6577
0.0332194 0.280766 -71.7467
0.0261288 0.32932 -76.0939
0.0287306 0.321059 -76.7272
-0.00207805 0.35733 -61.4396
-0.00179252 0.315376 -53.221
0.0313932 0.0858289 -34.1506
0.0493018 0.0684097 -46.0217
0.0148316 0.0248228 -8.01261
0.0182081 0.0433296 -14.8492
-0.0020709 0.0545917 1.37976
0.00244572 0.0894005 -10.6289
0.0137507 0.131427 -29.8646
0.00914411 0.120772 -22.4426
-0.00392279 0.0765044 -1.118
0.0862834 -0.0302016 -63.1314
0.0317181 0.0176333 -25.8404
0.0898358 -0.05488 -71.5666
-0.0169173 0.0112846 26.3845
-0.0117923 0.0645904 10.2191
-0.000909162 0.0786408 -5.05899
-0.0278421 0.0406448 33.1816
0.0294216 0.158797 -56.1603
0.0466857 0.0598671 -56.639
0.0244592 0.124869 -42.3161
-0.0653146 0.0493381 79.362
-0.0931771 0.0524941 113.168
0.0129845 0.0809 -3.07157
-0.00386162 0.268947 -45.2938
-0.0110502 0.253409 -41.2681
-0.00669243 0.295175 -51.5337
-0.000249154 0.28408 -49.3274
0.0071562 0.255808 -43.6257
-0.0140348 0.231657 -35.262
-0.0225362 0.228637 -32.7821
-0.0126053 0.236921 -36.267
-0.0106591 0.237185 -36.5414
-0.00835502 0.211384 -31.3012
-0.0150279 0.220077 -31.5035
-0.0114264 0.244474 -37.6215
-0.0143673 0.25276 -38.7618
-0.00969408 0.243147 -37.9226
-0.0202314 0.0867643 19.5725
-0.0121978 0.0883728 16.7207
0 0 -1
-0.0351983 0.0724968 29.3166
-0.0981081 0.0188054 66.621
-0.125362 0.0158357 78.4054
0.00890436 0.305999 -57.7849
-0.00279704 0.296181 -50.3601
0.00637256 0.325366 -61.4819
0.00197592 0.315882 -56.9041
-0.0129927 0.29194 -43.4756
0.0168042 0.286079 -58.6482
0.0198596 0.282987 -59.395
-0.0127441 0.269524 -36.8381
-0.000460461 0.29968 -51.6152
0.0202314 0.288572 -62.3593
0.024617 0.300257 -67.848
0.0206092 0.317777 -68.9321
0.0236529 0.309412 -69.2905
0.0108345 0.354927 -70.2398
-0.00202158 0.358436 -61.4324
-0.00423832 0.379782 -65.0193
-0.024862 0.451105 -64.5889
-0.0351335 0.435624 -52.8082
-0.0497031 0.437031 -41.0161
0.0210831 0.00873278 30.8901
0.0223373 0.00304613 30.9366
0.032318 0.136479 -47.1907
-0.0237954 0.376478 -46.2661
-0.0558428 0.423794 -27.947
0.0421714 0.422495 -121.664
0.00711446 0.353408 -70.8955
-0.0060187 0.356983 -58.9529
-0.0100155 0.383627 -61.4091
-0.0190631 0.225579 -15.0477
-0.0258422 0.149588 8.91103
-0.0476782 0.208345 19.2621
0.00413753 0.158399 -28.2168
0.0441319 0.151722 -70.4327
0.0275257 0.141731 -48.986
0.0168049 0.119824 -30.5982
-0.00108424 0.09112 -2.50842
-0.13911 0.114587 156.903
-0.000872396 0.220293 -34.0242
0.00846386 0.277656 -48.1116
-0.00557154 0.303525 -53.9175
0.00271254 0.289555 -51.1472
0.00400093 0.280907 -49.186
0.00357573 0.279444 -48.5606
-0.00261228 0.309433 -55.2719
0.0223039 0.34257 -67.1348
0.013224 0.325361 -61.8233
0.00590706 0.37632 -72.3998
-0.00579196 0.256421 -41.8686
-0.00481467 0.270741 -40.9304
-0.00676706 0.266006 -39.3339
-0.00494524 0.25069 -35.9857
0.0672427 -0.00151234 12.1172
0.0410717 0.0107656 17.4595
0.000155222 0.0234563 27.9123
-0.0258896 0.038497 33.7826
-0.0806206 0.0326582 56.3671
-0.153848 -0.0118786 97.4232
-0.196736 0.0345811 104.135
-0.0153425 0.315742 -48.493
-0.00154771 0.322699 -56.7292
0.00233322 0.326001 -59.5263
0.00888051 0.324752 -62.5993
0.00519754 0.325729 -61.176
0.00527527 0.319409 -59.6012
0.010321 0.310273 -60.2685
0.00566219 0.318299 -59.5914
0.00502032 0.329594 -61.9831
0.0112237 0.32138 -64.0572
0.0197633 0.315118 -68.2446
0.0241564 0.308198 -69.3923
0.0209407 0.313187 -67.997
0.0255792 0.312917 -71.6412
0.0184048 0.353282 -75.8498
0.00652277 0.373715 -71.6624
-0.0149511 0.368123 -53.1489
-0.0084754 0.380146 -61.8626
-0.0230187 0.405482 -55.5913
0.0183783 0.0042573 34.1026
0.0136637 0.00183318 38.835
-0.0275697 0.295132 -22.9113
-0.0169136 0.377635 -53.3862
-0.00258074 0.414562 -76.4517
-0.00719549 0.385298 -64.3718
0.0018446 0.376041 -71.1942
-0.0172028 0.377841 -52.1891
-0.0295059 0.399059 -44.356
-0.0489387 0.359096 -14.7837
-0.039999 0.254757 0.200153
-0.0321693 0.235493 -3.85629
0.0238657 0.233873 -67.1668
0.008782 0.228632 -48.4868
0.00718686 0.162667 -30.5036
0.0233903 0.117114 -38.4555
-0.057991 0.129764 56.9545
-0.168506 0.155568 185.261
0.0460231 0.268005 -45.8221
0.0360536 0.339345 -65.1031
0.0172206 0.351005 -67.7275
-0.0123505 0.254174 -40.6837
-0.00235917 0.266914 -44.7296
0.0259054 0.37898 -76.2642
0.00120986 0.367897 -69.4195
0.0157403 0.363355 -70.073
0.0188851 0.358279 -69.4534
0.0301056 0.341236 -67.2853
0.000402888 0.279529 -44.4212
-0.0121829 0.259823 -36.2846
-0.0141416 0.251001 -33.5712
0.0260064 0.243912 -43.0524
0.0662779 -0.00143408 12.089
0.0216447 -0.00336765 27.2691
0.0122779 0.0119019 26.4227
-0.0299339 0.0172481 40.5316
-0.070898 0.0606001 44.6435
-0.0579593 0.238995 -9.63549
-0.0178598 0.294788 -41.9871
-0.00270322 0.320471 -55.6911
0.000142809 0.322565 -57.5167
0.00240337 0.328535 -60.1858
0.0148342 0.329668 -66.8981
0.00996021 0.335934 -66.2174
0.00877904 0.328203 -63.6956
0.00196375 0.32473 -58.8042
0.00201755 0.328929 -59.8797
0.00171695 0.327856 -59.4749
0.00481832 0.324527 -60.5912
0.0147318 0.32463 -67.2838
0.0206401 0.314804 -68.8678
0.0314555 0.311802 -75.5547
0.0205745 0.31954 -69.4904
0.0246051 0.31023 -70.1194
0.028713 0.324813 -77.206
0.00910521 0.342088 -65.8919
-0.0226794 0.338151 -38.7027
-0.0250814 0.339639 -37.1469
0.0112815 0.00541844 39.9361
0.0107882 0.00734033 39.9902
-0.0347446 0.164058 24.0134
-0.0708326 0.247004 34.6095
-0.0413962 0.360702 -24.5306
-0.00938091 0.338034 -48.8755
0.00603669 0.367501 -72.5177
0.00122896 0.340148 -60.3494
0.0178669 0.341331 -78.113
0.00722783 0.203901 -28.1502
0.00360729 0.321902 -58.1393
-0.0312643 0.315329 -18.4935
-0.0460162 0.36519 -15.8
-0.0564302 0.61735 -73.775
-0.0687758 0.541246 -38.5012
-0.0574381 0.459621 -29.877
-0.0431792 0.440613 -41.6622
-0.0312789 0.458867 -61.6019
-0.0156876 0.337026 -63.0591
0.0298768 0.334271 -63.0233
0.022267 0.336133 -62.8467
0.0274979 0.310211 -55.1159
0.00207855 0.253627 -36.5838
-0.00899118 0.323523 -55.6017
-0.00627046 0.263748 -38.6103
-0.0104567 0.277797 -41.757
-0.0153784 0.270056 -38.4609
-0.0173317 0.269483 -37.8614
-0.0152637 0.254449 -34.1799
-0.0151382 0.281384 -42.2117
0.00245528 0.305967 -54.03
0.0128401 0.268747 -46.4935
-0.00182782 0.321808 -57.2507
0.0108076 0.330493 -63.8543
0.0160033 0.305541 -58.2081
-0.00105891 0.305586 -52.055
-0.00541145 0.318842 -54.3459
0.00263247 0.32349 -59.0255
-0.000122 0.31731 -55.9607
0.00558221 0.32657 -61.2426
0.00663696 0.32534 -61.3699
0.00377788 0.322829 -59.1423
0.00235435 0.330408 -60.6659
0.00633588 0.328038 -62.1924
0.00501022 0.322468 -59.9189
0.0118929 0.324357 -64.4989
0.00397301 0.32296 -59.4111
0.0133843 0.334211 -68.7047
0.00699596 0.334218 -64.6056
0.00368516 0.330044 -61.2612
0.0159206 0.321047 -67.0917
0.0159975 0.310877 -64.3136
0.0226259 0.294893 -64.274
0.0228725 0.290102 -63.2397
0.016077 0.269892 -51.9213
0.00764759 0.260561 -42.4022
0.00240653 0.253603 -36.1717
0.00819757 0.250521 -40.1221
0.0112117 -0.000891365 41.9953
0.013672 0.18334 -26.0676
0.0015754 0.194503 -18.3257
-0.0236258 0.220529 -2.14618
-0.0146633 0.254996 -20.6127
-0.0167967 0.261572 -20.1718
-0.0133467 0.260749 -23.3668
0.00259816 0.262186 -39.8473
0.00632074 0.247368 -39.8524
-0.0105834 0.217701 -13.4406
-0.0174156 0.235508 -11.238
-0.0124541 0.260565 -23.9006
-0.0304527 0.293098 -12.8257
-0.0410222 0.275592 4.78785
-0.0507957 0.319468 3.19593
-0.0411064 0.392732 -29.689
-0.0566218 0.409166 -16.2564
0.0232397 0.419838 -117.196
0 0.233946 -30.9937
-0.511098 0.325666 -37.4067
0.0184401 0.302936 -53.1569
0.00628974 0.277898 -44.645
-0.00125768 0.272634 -42.4765
-0.00853587 0.260473 -37.9014
-0.00826367 0.276803 -43.0652
-0.0129426 0.268096 -39.3207
-0.00438844 0.278082 -43.6242
0.00340382 0.27863 -45.4275
-0.00592354 0.295223 -48.5398
0.00905664 0.310903 -57.0117
0.009433 0.32026 -60.0329
0.00270359 0.31641 -56.9474
0.00536319 0.317992 -58.24
0.0102436 0.319875 -60.4596
0.00150608 0.315904 -56.1772
9.64789e-05 0.315075 -55.4424
-0.000689109 0.32327 -57.5114
0.000464101 0.326725 -59.0723
-0.00148844 0.328708 -58.7404
0.00325038 0.32822 -60.6808
0.00695769 0.324385 -61.1657
0.00989175 0.320944 -61.726
0.00419306 0.324275 -59.8823
0.00368877 0.328718 -61.1101
0.00692482 0.332354 -64.0686
0.00484383 0.328837 -61.7331
0.00564468 0.332067 -63.248
0.00374257 0.329844 -61.4012
0.0030797 0.323819 -59.0605
0.00767241 0.323239 -62.0167
0.00723597 0.312947 -58.5388
0.0117521 0.307379 -60.005
0.00351296 0.305408 -53.499
0.00761292 0.297877 -54.3293
0.00327936 0.297316 -50.9322
0.00474474 0.292398 -50.3658
0.0202692 0.282496 -60.2497
0.021037 0.290379 -63.7436
-0.0291498 -0.0235647 84.2489
-0.221759 0.0504627 231.726
-0.0265876 0.273993 -16.8722
-0.0129849 0.264915 -26.1976
-0.0202389 0.268798 -20.171
-0.0068122 0.276016 -35.0806
-0.0158412 0.290258 -30.6053
-0.0065605 0.277185 -35.7707
0.00727472 0.277771 -50.7726
-0.0199555 0.289719 -25.7616
-0.0252919 0.285851 -18.6009
-0.0233562 0.28016 -18.6763
-0.0132959 0.270382 -26.3233
-0.0192008 0.286729 -24.3127
-0.0311048 0.284327 -9.41772
-0.0337579 0.310483 -14.563
-0.0103765 0.332528 -49.4789
0.0240744 0.344344 -95.0789
0.0114293 0.298594 -51.579
-0.00206775 0.254257 -35.8915
0.0101628 0.296124 -50.7212
0.00322041 0.30003 -51.6658
-0.00533272 0.289156 -47.4348
-0.00118728 0.293982 -49.4039
0.00296378 0.307315 -54.2258
0.00401122 0.310265 -55.5026
0.00606166 0.322402 -59.7894
0.00453056 0.311694 -55.9934
0.0016747 0.318359 -57.4635
0.00926772 0.325571 -61.6207
0.00667479 0.321399 -59.6568
0.00848774 0.322926 -60.5576
0.000476874 0.31679 -56.2381
0.00656088 0.32038 -59.4201
0.00456268 0.326463 -60.7855
0.0131502 0.335046 -66.8428
0.0107214 0.335232 -65.9926
0.0051124 0.328309 -61.401
0.00318141 0.328968 -60.8037
0.00215746 0.331155 -61.0761
0.00175847 0.324599 -58.7094
-0.00171323 0.318145 -54.792
0.00467985 0.327602 -61.1842
0.00530296 0.326855 -61.2937
0.0063869 0.326053 -61.5463
0.000310897 0.328771 -58.8751
0.00268806 0.325256 -59.2358
0.00359627 0.323704 -59.3416
0.00347447 0.330286 -61.4075
0.00495137 0.327427 -61.5281
0.00306153 0.316818 -56.7086
0.000879547 0.313658 -54.1477
0.00273124 0.316921 -56.5122
0.00141164 0.31837 -56.038
0.00531158 0.313627 -57.6574
0.00753147 0.307928 -57.5292
0.00658099 0.30403 -55.314
0.00806977 0.289981 -51.7554
0.00610229 0.287033 -49.0203
-0.0189727 0.286651 -26.8475
-0.00743236 0.315008 -47.1821
-0.0041044 0.318125 -51.1431
-0.00231682 0.321737 -53.9445
-0.00684689 0.318847 -48.5863
-0.0101466 0.321722 -46.1763
-0.00387984 0.318358 -51.3922
-0.0119272 0.324766 -45.2155
-0.00242683 0.331509 -57.5084
-0.0161194 0.335614 -44.1007
-0.0231667 0.352713 -42.3992
-0.00985483 0.321462 -46.5718
-0.00637501 0.318661 -49.4668
-0.0293739 0.280298 -9.85684
-0.0204456 0.328496 -36.7324
-0.00973835 0.335494 -51.5899
0.00565372 0.340659 -72.0498
0.00817003 0.297094 -51.0051
-0.00917774 0.343542 -66.6383
0.00764408 0.299224 -51.6744
0.00769445 0.312378 -56.3269
-0.000509372 0.311885 -55.6188
0.0133567 0.315724 -58.4123
0.0129512 0.316666 -58.6031
0.00755721 0.32667 -61.4341
0.00518856 0.329221 -61.87
0.00239979 0.317027 -57.0476
0.00189263 0.306096 -53.2555
0.00714282 0.323382 -60.3945
0.00348527 0.32553 -60.2193
0.00212789 0.321005 -58.0291
0.00376827 0.320823 -58.5265
0.00433454 0.332895 -62.9627
0.00496587 0.328356 -61.5304
0.00505654 0.324886 -60.2423
0.00778276 0.323862 -60.9745
0.00510448 0.332622 -62.8123
-0.00470129 0.32106 -54.5399
-0.00395689 0.321222 -55.0017
0.0119418 0.319927 -62.0836
0.00439607 0.322777 -59.4068
0.00270599 0.324944 -59.1885
0.0105936 0.328042 -64.6361
0.00489548 0.322956 -59.6526
6.70196e-05 0.318364 -55.1101
0.000783409 0.322073 -56.928
0.00439069 0.339043 -65.2085
-0.00281717 0.324624 -55.3795
0.00207267 0.320837 -57.3307
-0.00310194 0.3218 -54.0967
-0.00181124 0.317234 -53.3396
0.00709503 0.320442 -60.9276
0.00537925 0.320655 -59.7049
-0.00241344 0.323443 -54.6659
0.00514741 0.318352 -59.1123
0.00533138 0.307581 -55.4213
0.0049386 0.3124 -56.6811
-0.000193947 0.311835 -52.2872
-0.00342619 0.308426 -48.1024
-0.00183671 0.322808 -54.7191
0.00356355 0.334015 -63.6329
-0.00329815 0.334228 -57.1725
-0.00520191 0.327543 -52.9627
0.00104523 0.321578 -56.9932
-0.0108052 0.323462 -45.7547
-0.00953746 0.321649 -46.5794
0.00208471 0.323261 -59.5933
-0.00263651 0.330718 -57.0149
-0.0163175 0.344427 -46.99
-0.00441087 0.348434 -61.8017
-0.0266957 0.351666 -37.1841
-0.0156006 0.331862 -43.4373
0.00591662 0.358986 -78.4622
-0.00713202 0.339497 -55.2212
-0.0174554 0.352704 -47.6509
0.00659603 0.295895 -50.5614
-0.0155125 -0.0347973 72.5313
0.0563378 -0.0284747 66.3474
0.00616932 0.291839 -49.0654
0.00652723 0.299893 -51.9136
0.0117697 0.296682 -51.3527
0.0190102 0.302345 -54.2953
0.00680906 0.316978 -57.7685
0.00371463 0.30678 -53.6125
0.00590966 0.300141 -51.7462
0.00610479 0.314657 -57.0409
0.00942076 0.307659 -55.2876
0.00738923 0.31064 -55.881
0.00490311 0.305381 -53.3228
0.00562818 0.315828 -57.3038
0.00215779 0.311642 -54.5972
0.00247503 0.305392 -52.3739
0.00617067 0.299441 -51.5227
0.00989602 0.314728 -58.4963
0.0056763 0.302501 -52.2719
-0.00501293 0.292743 -44.1905
0.00625392 0.306337 -54.3651
0.00944977 0.321021 -61.2244
-0.000183695 0.317847 -55.1924
0.00110257 0.305338 -51.302
0.00218185 0.299725 -49.9185
0.00928251 0.303679 -55.2426
0.00176529 0.295585 -47.9529
0.00279729 0.301258 -50.7009
0.00379507 0.31568 -56.456
-0.00657352 0.307639 -46.7979
-0.000753456 0.301157 -48.3459
0.00496767 0.301934 -52.5972
0.00568016 0.31736 -58.7031
0.00266417 0.304898 -52.0252
0.00763869 0.302155 -54.7705
0.00249415 0.306188 -52.3281
-0.00166629 0.314567 -52.0895
0.00842565 0.305201 -57.0734
0.00275982 0.315593 -56.0478
-0.00271035 0.318274 -52.2682
0.00215134 0.306867 -52.4947
0.00476097 0.321294 -60.1122
0.00136869 0.331447 -60.6015
-0.0065054 0.326545 -51.3572
-0.0189322 0.311259 -33.6574
-0.00836403 0.286516 -35.0543
-0.00865596 0.307861 -42.5185
-0.00588975 0.296816 -41.4687
-0.00378076 0.299854 -44.727
-0.00291424 0.28968 -42.0783
-0.00954666 0.320951 -46.1071
-0.006538 0.316163 -47.8645
-0.00734329 0.327593 -50.8592
-0.0140195 0.353415 -52.6688
-0.00468304 0.34699 -61.5168
0.00112859 0.329319 -61.7287
-0.0282233 0.329491 -26.0606
