-0.0960054 -0.0854656 29.9643
-0.115833 -0.0469141 30.1431
-0.178829 -0.00239707 31.0188
-0.146967 -0.086117 28.9954
-0.0356192 -0.017783 28.0624
-0.0197306 -0.0827076 27.0248
-0.0198212 -0.391233 30.8157
-0.0152432 -0.198939 26.6474
0.0299826 -0.126182 17.408
0.0742907 -0.045462 7.46674
0.109147 -0.0692995 0.879716
-0.222179 -0.077312 79.1654
-0.00437791 -0.0561737 22.4108
0.0177812 -0.043856 15.7834
0.0509161 -0.0514039 5.91914
0.0175213 -0.0900843 17.11
-0.0528789 -0.120868 41.9111
-0.0113501 -0.0077022 21.3491
-0.0152185 0.00122795 22.9159
-0.0397133 0.0152543 32.7494
-0.0604418 0.0202667 41.44
-0.055236 0.0297391 37.8183
-0.0513245 0.0132357 36.497
-0.0348346 -0.00240186 27.8656
-0.0305683 -0.0195194 26.5348
-0.0589702 -0.0180337 42.1178
-0.0747226 0.0281019 50.3057
-0.0535077 0.0449034 37.5684
0.0209009 0.147476 -9.5864
0.0565097 0.0695036 -30.7628
0.0529657 0.0288007 -27.5457
0.0330841 0.0130802 -14.094
-0.00199323 0.00645095 10.2006
-0.00659408 -0.0185196 13.7707
-0.00387792 -0.0216192 11.7173
0.00346607 -0.013533 6.23388
0.00996349 0.000118265 0.878265
0.020811 0.00658364 -7.89199
0.554153 0.268812 -448.566
0.0111341 0.0306344 7.57086
0.0324746 0.0129447 1.82861
0.0408323 0.00590185 -5.62735
0.059164 0.0232956 -22.3487
0.0376918 0.0251033 -2.08081
0.0170678 -0.00270597 17.9505
0.0103588 0.0067512 24.2016
0.00697609 -0.0133976 27.7131
-0.0250763 0.00186151 59.8152
-0.0145163 0.0346451 48.5593
-0.032803 0.0300945 68.1151
0.0887939 0.101046 -78.4294
0.0539273 0.0327036 -38.7562
0.0313696 0.0272814 -13.5717
0.0436652 0.054912 -28.2131
0.0416157 0.0371909 -25.1427
0.0510512 -0.0115789 -35.6478
0.10476 0.00579093 -100.452
0.0871853 -0.0197981 -78.732
-0.0531347 -0.0850078 29.3457
-0.046084 -0.0411647 27.7113
-0.121625 0.0223212 28.3944
0.00079522 -0.00695024 15.5432
-0.0278782 -0.00845656 27.254
-0.0362756 -0.0171388 28.4036
0.0421915 -0.109439 14.7607
0.0191462 -0.144199 20.2385
-0.0210333 -0.128159 25.224
-0.0159423 -0.0262334 19.4083
0.136949 -0.0416192 -6.05225
-0.266741 -0.0712479 90.2702
0.0385068 -0.0827606 11.073
0.0315061 -0.0244204 11.5822
0.0286512 -0.0496782 12.5047
-0.0104351 -0.0766731 25.49
-0.0618894 -0.0375402 41.7997
-0.0395279 -0.0299008 33.1033
-0.0176394 5.90853e-05 24.0145
-0.0364512 0.0178214 31.2993
-0.0589345 0.0330683 40.6907
-0.084255 0.040798 51.2203
-0.0549429 0.0221957 37.9079
-0.0488067 0.0199713 34.7466
-0.0263057 -0.00487732 23.8082
-0.0329777 -0.00468236 27.2908
-0.0460829 0.0113076 34.2666
-0.0203354 0.0242444 18.7477
-0.0051448 0.0584079 8.02814
0.0388721 0.0368728 -18.5805
0.0252443 0.0102942 -8.74857
0.0271556 0.00986177 -10.1166
0.000720726 0.00212179 8.19347
-0.00868186 0.00179635 14.8001
-0.00604706 -0.00660375 12.9172
0.00953937 -0.0122327 1.42717
0.0184969 -0.00217602 -5.82825
0.0291536 0.00166699 -14.4305
0.024919 0.0159505 -3.52079
0.0494702 0.0225004 -24.5683
0.676581 0.00142015 -565.312
0.0419671 0.000790251 -6.26132
0.0557398 -0.0079806 -18.4605
0.0670476 0.0160433 -29.5537
0.0301848 0.00107449 5.47543
0.00449807 -0.00584096 30.757
-0.0066101 0.00364627 41.1706
-0.0114383 0.0190716 45.5306
-0.0173472 0.0113928 52.6034
-0.0222241 0.00655091 57.4483
0.0657569 0.0489394 -52.2231
0.0411827 0.0259914 -24.4145
0.0291324 0.0270419 -11.0965
0.0620024 0.0578222 -49.7333
0.0322774 0.0797408 -14.9259
0.0398532 0.0283335 -23.4063
0.0697687 0.0274643 -59.0787
0.0735044 0.0143795 -63.0165
-0.02146 -0.0784771 28.6423
-0.0125873 -0.0455554 26.5564
-0.0407277 -0.00631103 25.6501
-0.00969144 0.00717482 16.3547
-0.00970454 0.00716875 16.3966
4.16965e-05 -0.0191635 16.6062
-0.00385266 -0.0340854 18.0797
-0.0141912 -0.0628074 20.9817
-0.0218243 -0.10463 24.8529
-0.0182593 -0.0296672 20.2027
0.0476069 0.0312404 11.5293
0.0518967 -0.0666006 4.62738
0.0550984 -0.0647292 6.12326
0.0141508 -0.0819336 18.7395
0.00293698 -0.0557902 20.1057
-0.00170601 -0.0583919 21.5892
-0.0205453 -0.0321384 26.8657
-0.0239536 -0.0148552 27.2754
-0.0129354 -0.00306238 22.3908
-0.0253928 -0.00112859 27.6123
-0.0426455 -0.00358561 35.4006
-0.0818215 0.021316 51.4889
-0.0510681 0.0120039 36.4148
-0.0520534 0.0169072 37.0573
-0.0395475 0.017167 29.9966
-0.0364198 0.00705681 29.0701
-0.0367853 -0.00542433 29.9701
-0.00598988 -0.00593559 11.7539
0.00577567 0.016056 3.14062
0.035025 0.000768041 -14.64
0.0318962 -0.00194255 -12.5436
0.0141675 -0.00433718 -0.847749
0.00645141 -0.00240475 4.31251
-0.00706676 -0.00104859 13.7991
-0.00789142 0.00588293 13.8443
0.00821826 0.00393515 1.72272
0.016146 -0.00979359 -3.68961
0.0209426 -0.023273 -6.66004
0.0329599 0.0058828 -9.8849
0.039747 -0.00655894 -15.1556
0.0962986 -0.00552163 -63.5881
0.019934 0.011963 14.1448
0.0170033 0.0288644 15.6281
0.0409351 0.00541393 -5.3362
0.0340683 -0.00650604 1.74942
0.0399952 -0.0247291 -3.52103
0.0053129 -0.010098 30.0338
0.00878364 0.0134795 25.3174
-0.00964255 0.00822502 45.0553
-0.0161235 0.00549039 51.0712
0.0475678 0.0328382 -31.5134
0.0397099 0.042436 -23.7863
0.0541197 0.0535255 -40.5221
0.0644422 0.0630589 -52.7191
0.0260861 0.0618047 -7.57491
0.0334677 0.0733192 -17.5409
0.0547453 0.0616113 -42.2611
0.0683242 0.0460103 -57.8539
0.00161601 -0.0752553 28.1917
0.0202624 -0.0697829 27.5831
0.00563057 -0.0929667 29.2526
-0.0162121 -0.0380351 26.6267
-0.12675 -0.097363 38.9758
-0.0163687 0.00455679 17.4211
-0.0148289 -0.0138936 18.6758
-0.0237732 -0.0148582 20.0973
-0.0148855 -0.0218124 18.8583
-0.00169631 -0.0153991 16.234
0.0126503 0.00693893 21.1883
0.0681829 -0.0430408 0.79166
0.0279289 -0.0621461 13.6378
0.00613845 -0.0666616 20.3969
-0.000683104 -0.0620111 22.1907
-0.00316984 -0.0432712 21.4879
0.00466949 -0.0539405 19.607
-0.0308737 -0.0506842 32.5546
-0.019754 -0.0238796 26.4595
-0.0288348 -0.0757103 33.8712
-0.0381044 -0.0545413 36.4941
-0.0495309 -0.0463101 40.9359
-0.0609252 -0.0112024 43.0154
-0.039183 -0.0169895 32.9273
-0.0573102 -0.00436096 41.2852
-0.0441884 -0.0056942 34.1959
-0.0473153 -0.0110032 36.3483
-0.0163319 -0.0275387 19.4257
-0.00205121 -0.0173533 9.75393
0.0302526 -0.0155735 -10.7759
0.0399883 -0.0246397 -16.1112
0.0172846 -0.00972144 -2.51129
0.0198947 0.0132726 -6.24831
-0.00633202 0.0459261 9.98835
0.000699949 -0.0024657 8.08292
-0.00107423 0.011854 8.4201
-0.00179079 0.006862 9.26161
0.0215797 0.00961205 -9.35531
0.0130084 0.00432417 6.84041
0.024694 -0.0158925 -1.71487
0.351607 0.168869 -297.999
0.0432292 -0.033624 -4.31849
0.0311263 -0.0332336 6.95687
0.0324733 -0.0123351 4.11414
0.0444337 -0.0130769 -7.16199
0.00803391 -0.0139903 28.0264
0.00518092 -0.0196674 31.0232
0.00881644 -0.0225601 27.9093
0.0172508 0.000681241 16.9238
0.052242 0.0457871 -23.3291
0.0671522 0.0480947 -54.1172
0.0543554 0.0586736 -40.8085
0.0671226 0.0765726 -56.9985
0.0755585 0.0762141 -66.1576
0.0388995 0.0816867 -24.0498
0.0369827 0.0774143 -21.7188
0.0453363 0.0837761 -32.4474
0.0425402 0.0940118 -29.3298
0.00170991 -0.112962 31.2075
-0.00929381 -0.111485 30.8538
-0.00617087 -0.131362 32.0091
-0.0282298 -0.107608 31.7409
-0.0148386 -0.00159373 18.698
-0.0192514 0.0230656 16.2135
-0.0230922 0.00946843 17.8802
-0.0151234 0.0188411 15.821
-0.0175813 0.0169357 16.4136
-0.00534141 0.00550846 15.0713
-0.00556043 -0.0056114 26.3564
0.0223854 -0.0290333 11.3032
0.0167364 -0.0733545 17.6656
0.00781209 -0.0654863 19.1659
0.00506421 -0.0583011 19.4306
-0.00652917 -0.079266 25.571
0.0128636 -0.0618971 16.7189
-0.0125916 -0.0652532 26.7354
-0.0397191 -0.0771663 37.8903
-0.0378177 -0.0783419 37.5059
-0.0182209 -0.0727964 28.5655
-0.0322745 -0.0821726 36.3273
-0.0496995 -0.0532734 41.3425
-0.0510284 -0.0534519 42.2764
-0.0447076 -0.0399862 37.7229
-0.0404713 -0.0270569 34.278
-0.0450844 -0.0737013 41.0218
-0.0231434 -0.0520633 26.1405
0.00625552 -0.037895 6.66497
0.0337681 -0.0561057 -9.06321
0.0334529 -0.0310961 -11.0827
0.0460437 -0.0031024 -22.732
0.083745 0.0105501 -49.9736
0.0621452 0.0364963 -37.0595
0.00932588 -0.00788742 -2.2029
-0.00233097 0.0376512 6.99717
-0.00544107 0.0276311 10.0886
0.0272007 0.106023 -28.6938
0.0123227 0.00196231 7.6419
0.000403365 -0.000639702 17.952
-0.00935076 -0.0085906 27.1382
0.089116 -0.016344 -47.5663
0.0350062 -0.0289464 3.14968
0.0191753 -0.0418212 18.9992
0.0130077 -0.0379806 24.7681
0.0114063 -0.0399411 26.5516
0.00299636 -0.044754 35.2652
0.00930342 -0.0574577 30.0698
0.0732361 0.11975 -67.1339
0.0770164 0.0861867 -68.4275
0.0861299 0.0962805 -78.9088
0.0663396 0.0979874 -57.1955
0.0601984 0.120684 -52.5803
0.0610724 0.117353 -53.2327
0.0335745 0.124668 -21.7604
0.0544369 0.111688 -45.4167
0.0494263 0.117825 -39.7411
0.0732418 0.147584 -71.6356
-0.00387276 -0.0960636 29.1958
-0.0205551 -0.0825601 27.8455
-0.0128498 -0.0626024 24.8989
0.00688902 -0.0109356 18.0447
0.000410368 -0.0067547 17.9492
-0.0128369 0.00281576 18.0374
-0.0227623 0.0211763 16.7976
-0.0159731 0.0341966 14.1369
-0.0191142 0.0365095 14.3437
0.000698102 0.0241758 11.8635
-0.017519 -0.00399757 28.814
0.00881473 0.00974107 10.5132
-0.00817321 -0.00646291 16.7238
0.00733532 -0.0250436 14.6608
-0.00580381 -0.0335396 19.2993
-0.00344646 -0.0763231 23.8347
0.0260193 -0.059515 11.8922
-0.00766843 -0.070293 25.4699
-0.0463569 -0.142969 47.2647
0.00148452 -0.127123 25.5067
-0.0248183 -0.110913 35.5564
-0.0189944 -0.102574 31.1522
-0.0122352 -0.0817222 25.7402
-0.0259813 -0.0721972 31.2311
-0.0413806 -0.0751407 39.7051
-0.0544106 -0.105921 50.6869
-0.055138 -0.114366 51.5831
-0.0111748 -0.104667 24.7621
0.00349061 -0.0768927 11.8792
0.0164579 -0.0949511 6.13099
0.0199722 -0.0293531 -2.16019
0.055889 -0.038058 -25.6781
0.0794451 0.00380511 -46.8018
0.101834 0.00507589 -62.168
-0.00234953 -0.0142014 7.23284
0.0209374 0.022624 -8.32751
-0.0852018 0.0501786 69.344
0.0697757 0.130651 -65.7391
0.00951744 -0.0111749 11.5777
-0.00423004 -0.00432883 22.4626
-0.116369 -0.0603416 124.792
0.0416133 0.0755814 -33.1422
0.0281966 -0.00969704 7.0085
0.0146853 -0.0210474 20.3236
0.0367536 -0.0229988 -0.175022
0.015535 -0.0272042 21.0771
0.00228892 -0.0291077 34.215
0.0841087 0.127126 -79.2216
0.0679012 0.107016 -59.5976
0.0543836 0.110566 -45.7203
0.0739597 0.0966201 -65.4325
0.0803867 0.0852782 -71.2692
0.0922514 0.114277 -88.3134
0.0789137 0.138266 -75.1766
0.0649487 0.182997 -64.968
0.0504707 0.17073 -47.4551
0.0790929 0.159527 -80.5208
0.10626 0.182384 -115.472
0.00569395 -0.0893096 28.4015
0.00316552 -0.073752 26.2359
0.0883701 -0.102996 25.033
-0.0234459 0.402649 -34.3637
-0.00559034 -0.021581 20.8692
-0.00633326 0.0103721 15.8252
0.0294226 0.0553969 4.42305
0.0133854 0.0978205 0.891477
-0.0122202 0.127554 0.576305
-0.0135243 0.051465 11.1526
-0.047191 -0.0136427 36.839
0.0138593 0.0426797 4.9786
-0.0218695 0.0567466 12.4814
-0.0472644 0.0786139 17.1461
-0.0553303 0.0432809 24.5562
-0.0145012 -0.0472022 23.7645
0.0628433 -0.0481029 -3.39699
0.0391285 -0.00220072 -0.190924
0.00666654 -0.0803355 16.4863
0.0220501 -0.120644 16.2369
0.00577521 -0.102522 20.7558
0.0108229 -0.0689435 11.8461
-0.00667526 -0.067994 21.0751
-0.029522 -0.0785034 33.9342
-0.0494456 -0.0701803 42.2854
-0.0440729 -0.0970203 43.1975
-0.0328765 -0.0958259 35.5025
0.00247327 -0.0758821 13.0192
0.0113522 -0.0527882 3.16207
0.215969 -0.070411 -123.499
0.0438381 -0.633291 61.7368
0.0859612 0.00151154 -51.0334
0.103154 0.00593234 -63.4474
0.00727901 0.000751614 5.93059
0.00952526 0.0240175 -1.28755
0.0237928 0.0294289 -12.3216
-0.0163449 0.0536409 14.5576
0.0732663 0.10872 -64.4339
0.0287316 -0.0299844 -2.11138
0.022378 -0.0131747 0.824483
0.0604727 0.0965785 -53.0544
0.063427 0.109967 -57.4793
0.0581505 0.106405 -51.9942
0.0678108 0.132213 -64.4732
0.050683 -0.0154099 -14.9129
0.0247867 -0.0138586 10.1553
-0.283175 0.0356659 308.131
0.0494084 0.12413 -42.6778
0.0399116 0.123527 -32.9347
0.0569988 0.0932154 -46.5951
0.0584086 0.112207 -50.9178
0.0948525 0.121714 -92.981
0.116683 0.133359 -118.481
0.0822466 0.113112 -76.1195
0.100105 0.116924 -97.5165
0.0779953 0.143511 -74.0988
0.0590538 0.179995 -57.1766
0.0754198 0.155287 -73.7049
-0.0325421 0.108764 11.7452
-0.0252524 0.120971 9.50646
-0.0171708 0.160546 2.07587
-0.0301292 0.124367 8.55204
-0.0500467 0.105867 13.5803
-0.0634535 0.0765065 19.8009
-0.0687422 0.118283 13.5641
-0.0140509 0.171273 -4.62354
-0.019079 0.175464 -4.703
-0.0190641 0.170414 -4.21264
-0.0952276 -0.0147578 47.4602
0.0314375 0.346439 -46.2436
-0.060682 0.108948 17.019
-0.0620338 0.112533 15.5083
-0.0656421 0.0947769 19.4587
-0.0848496 0.0406925 34.7522
-0.0615753 -0.0511027 39.8097
0.0674185 0.0150251 -12.5434
-0.0600978 -0.0302667 36.1106
-0.024783 -0.074955 28.13
0.0248755 -0.0581701 4.82651
0.00437775 -0.0168156 7.05485
0.000174216 -0.0119332 9.19605
-0.0144433 -0.0233928 17.49
-0.0373521 0.00408747 24.2396
-0.0521145 -0.00630251 33.9012
-0.0201636 0.0929639 -1.01965
-0.0182494 0.0050931 12.8623
-0.0191711 0.000444154 14.2021
0.0301649 -0.0729311 -5.48491
-0.0159811 0.00882742 10.9414
0.00954123 0.0522447 -13.3533
0.00357709 0.0544857 -9.30948
0.0761503 0.00223818 -48.4072
0.0400194 0.00567131 -21.934
0.0364889 0.0043212 -18.5178
0.0340694 0.0403845 -22.2943
0.0875988 0.0799885 -72.2035
0.14919 0.0299042 -114.196
0.110184 -0.00520056 -75.617
0.0421849 0.142252 -43.044
0.0379413 0.150583 -40.7748
0.0628573 0.157816 -63.7823
0.10259 0.161106 -101.526
0.12079 -0.035893 -80.0413
0.0121202 -0.000841614 20.6313
-0.0414796 0.0183022 70.0384
-0.00110676 0.124427 9.04309
0.043634 0.140196 -39.1773
0.0524549 0.137664 -48.3725
0.0780002 0.156887 -79.1798
0.0909234 0.19465 -99.31
0.0874613 0.175508 -92.1924
0.0894305 0.144822 -89.0042
0.0978031 0.115994 -94.9359
0.0964007 0.109217 -91.4622
0.0586868 0.124047 -48.5456
0.0425201 0.136248 -30.7547
-0.034704 0.0980277 13.7325
-0.0278877 0.114115 10.7813
-0.0379528 0.098796 14.599
-0.0383721 0.127558 9.12304
-0.0575417 0.0928048 16.9853
-0.0557832 0.102965 14.6767
-0.0551501 0.0965517 15.6338
-0.0534311 0.104293 13.9643
-0.0252356 0.124473 5.48996
0.0199105 0.101007 0.761726
-0.0738982 0.031115 35.0915
-0.0845027 0.058272 31.7509
-0.0591455 0.0600646 24.99
-0.0675752 0.0888653 22.0324
-0.0573669 0.101687 16.4824
-0.027467 0.0840151 9.82801
-0.029289 0.081286 10.7734
-0.027449 0.0342318 19.3118
-0.0414751 0.416681 -50.1327
-0.00161535 0.463663 -75.8662
-0.072016 0.0546676 32.9956
-0.033615 0.0656765 11.4846
-0.0418001 0.0966544 10.6461
-0.0441699 0.0970733 11.2458
-0.0356343 0.10145 5.92509
-0.0539211 0.0697691 21.9075
-0.0127398 0.10247 -7.13196
-0.00569126 0.166278 -22.4628
0.0123303 0.124866 -25.8324
-0.00666316 0.248414 -37.4193
0.0318503 0.231562 -59.2625
0.024781 0.257117 -59.2181
0.00381445 0.144063 -23.7401
0.0662797 0.0043316 -41.4586
0.0821113 0.0157162 -55.3111
0.0715492 0.040489 -52.3629
0.0754671 0.0742926 -61.3121
0.102135 0.0931651 -86.2772
0.124252 0.0800481 -101.931
0.0975555 0.0912263 -81.0773
0.0372782 0.13104 -35.1919
0.0578818 0.162173 -59.7351
0.0705178 0.163621 -71.7335
0.0969833 0.135246 -91.0967
0.172801 0.089371 -154.367
0.0534723 0.00363818 -20.9063
-0.00975898 0.0273873 36.7469
0.0165843 0.0789464 -0.840635
0.05886 0.12311 -52.0646
0.0618372 0.148009 -60.1092
0.09168 0.0958132 -82.3439
0.119412 0.142712 -121.111
0.0901281 0.159022 -91.4626
0.069137 0.131052 -63.1003
0.0886633 0.122618 -84.6937
0.107907 0.121035 -106.981
0.0778322 0.123685 -71.4088
0.0430935 0.13976 -32.0626
-0.0298308 0.0804599 17.0027
-0.0290825 0.0718822 18.7638
-0.036084 0.0573694 22.3342
-0.0462717 0.0698633 20.3704
-0.0507926 0.0687049 20.7618
-0.057701 0.0767123 19.7658
-0.0561636 0.0931244 15.9535
-0.047463 0.0871975 15.9632
-0.0312899 0.078064 15.2259
-0.0290655 0.0639578 17.7325
-0.0390346 0.0340105 26.3549
-0.0787291 0.0497814 32.1343
-0.052841 0.06321 22.6142
-0.0502262 0.0776704 18.8997
-0.0507765 0.0896465 16.8858
-0.0474167 0.0761066 18.2767
-0.0409796 0.0791111 15.0941
-0.0307689 0.0740753 12.2731
-0.0475915 0.0793291 17.9227
-0.0377787 0.104328 8.44227
-0.0520056 0.107227 13.9443
-0.0462266 0.114902 9.8733
-0.0247168 0.213161 -20.4902
-0.0303368 0.25858 -27.2013
-0.0149285 0.233396 -29.9504
-0.00683396 0.314681 -50.9666
0.00627198 0.295443 -54.5071
0.00349182 0.273324 -48.2921
-0.00661588 0.26767 -41.191
0.00282333 0.286732 -51.0439
0.0132664 0.290463 -58.2774
0.0225053 0.264614 -58.8674
0.0102585 0.245247 -46.3777
-0.00298265 0.248108 -37.5083
0.0109867 0.238797 -45.6662
0.0541652 0.134381 -56.6584
0.0677991 0.137394 -68.0602
0.0763187 0.130037 -73.1957
0.0924386 0.0964606 -78.7045
0.114352 0.0516874 -87.7689
0.0993371 0.0582342 -76.3315
0.0512623 0.0679891 -35.2526
0.0714311 0.0959089 -59.3754
0.10161 0.0884625 -86.3946
0.133223 0.0509027 -108.432
0.0528604 0.0108595 -21.6587
0.0192784 0.0473555 3.88013
0.0336601 0.112323 -24.3808
0.0665502 0.112153 -57.6018
0.0571933 0.105247 -46.3509
0.0551083 0.127976 -47.6271
0.0860901 0.100245 -76.3903
0.0846494 0.101933 -74.8252
0.0520881 0.111481 -39.4948
0.0650946 0.0808661 -48.8284
0.0883888 0.0852524 -76.6412
0.0961763 0.0626472 -81.8554
0.0899843 0.0960588 -81.0421
-0.0277016 0.0768845 17.6619
-0.0267891 0.0810958 16.6858
-0.0369812 0.0824444 16.6695
-0.0513045 0.0770973 18.7228
-0.0324807 0.0962756 12.648
-0.0368362 0.114586 8.75787
-0.0496679 0.101696 13.2852
-0.0534406 0.0983463 14.4409
-0.045491 0.087982 15.3905
-0.0373821 0.0694472 17.9752
-0.0529011 0.0661776 22.2732
-0.0522729 0.09159 16.2482
-0.0542603 0.0880654 17.4803
-0.0458992 0.108625 10.5129
-0.0499624 0.101081 13.484
-0.0447316 0.121496 7.18019
-0.0267888 0.161264 -8.41424
-0.02294 0.164871 -10.6151
-0.0222235 0.191907 -17.0488
-0.0165372 0.257479 -34.5055
-0.0254103 0.202671 -18.0744
0.00509538 0.294904 -52.6589
0.00757223 0.290683 -52.8748
-0.00414147 0.296024 -48.4301
-5.21713e-05 0.304319 -52.4358
-0.00861529 0.306999 -48.2333
-0.00558705 0.314815 -51.7315
0.00397894 0.310485 -56.4189
0.00201845 0.310321 -55.1276
0.0111076 0.315429 -62.0817
0.00881596 0.314775 -60.5174
0.0113442 0.292133 -57.2451
0.00452636 0.297958 -53.9439
0.00851615 0.289457 -54.913
0.000489331 0.287101 -48.5845
0.00725979 0.255059 -46.4578
0.0562698 0.205979 -73.5236
0.0520473 0.187741 -66.117
0.0573321 0.164151 -64.9573
0.0775729 0.102326 -67.8235
0.0907386 0.0645198 -70.7108
0.0823143 0.0561932 -61.5475
0.0878953 0.0800732 -71.6762
0.0875563 0.0748801 -70.3033
0.0883637 0.0545657 -66.1028
0.0519068 0.0231699 -23.5555
0.0593244 0.0574043 -38.8329
0.0581589 0.0730838 -40.7521
0.0874003 0.0873856 -73.9109
0.0733007 0.0802472 -57.68
0.0666315 0.0785008 -50.2753
0.0959278 0.0899106 -85.6065
0.0908097 0.0720274 -75.3489
0.0562536 0.0936009 -40.9432
0.0296659 0.0966619 -10.7003
0.0574563 0.0774191 -39.692
0.114697 0.0598458 -104.208
0.107218 0.0626794 -95.2926
-0.0363132 0.0866942 15.3455
-0.0395579 0.0801422 17.0273
-0.0391321 0.0813469 16.9845
-0.0386105 0.0880315 15.322
-0.0458809 0.0965109 13.9455
-0.0394914 0.0998088 12.4164
-0.0504825 0.103831 12.7488
-0.0441196 0.112997 9.31643
-0.044794 0.111087 9.71277
-0.0332118 0.121794 4.55057
-0.0374049 0.119532 5.89898
-0.0315292 0.155859 -4.72281
-0.0375611 0.138319 0.935572
-0.0179225 0.220738 -25.2052
-0.00381648 0.214612 -28.0736
-0.0180226 0.227947 -27.1576
-0.0157503 0.261839 -36.0892
-0.0129422 0.268164 -38.7125
-0.00413899 0.291126 -47.6363
-0.00820681 0.286666 -44.7609
-0.00435442 0.303344 -50.2959
0.00274939 0.313039 -55.8339
0.00338727 0.314141 -56.2057
0.00743288 0.323846 -60.7543
0.000134138 0.321588 -56.4179
0.00391821 0.330667 -60.7656
-0.00339254 0.326783 -55.5852
0.000967007 0.326209 -57.9677
0.00546881 0.32477 -60.6324
0.00627951 0.318893 -59.6866
-0.00358575 0.317778 -52.9643
0.00195908 0.316401 -56.4226
0.00544206 0.317768 -59.2155
0.00440275 0.321186 -59.3482
0.000644716 0.312607 -54.4037
0.00279525 0.303535 -54.0993
-0.00312182 0.29528 -47.8062
0.0309806 0.249769 -63.6693
0.0334257 0.229766 -60.4601
0.0343353 0.216227 -57.8891
0.0576431 0.174445 -67.556
0.0708786 0.14789 -72.7157
0.0828988 0.124007 -77.601
0.0716991 0.117545 -65.5908
0.057921 0.0938412 -46.5183
0.0532801 0.0732374 -37.0605
0.0605111 0.0767566 -44.9286
0.0772785 0.0601891 -57.3071
0.0713425 0.0425436 -46.4644
0.0566983 0.0531445 -33.5699
0.0770077 0.0600184 -57.2433
0.0991381 0.0790138 -86.5576
0.0859954 0.0846391 -73.0543
0.0795151 0.0990465 -68.8599
0.0394096 0.118614 -26.9311
0.05533 0.106944 -43.5086
0.096314 0.071636 -84.7128
0.10462 0.0913696 -99.047
-0.0302429 0.110267 9.0993
-0.027847 0.115714 7.54622
-0.0490507 0.115986 8.63984
-0.0383878 0.121321 6.35902
-0.0445952 0.109529 10.1792
-0.0378843 0.116901 7.45168
-0.0316166 0.136016 1.30555
-0.040077 0.139352 1.69829
-0.043417 0.151456 -1.04158
-0.032814 0.179168 -10.4935
-0.0279384 0.18643 -13.4385
-0.0155289 0.267721 -38.409
-0.0222783 0.238601 -28.7386
-0.00169797 0.295072 -49.575
0.00102795 0.285914 -47.7821
-0.00244991 0.296612 -49.6591
0.0053021 0.301127 -53.5439
0.00173496 0.30062 -52.1542
0.0132323 0.318216 -61.3872
0.00159675 0.31502 -55.7415
0.00697081 0.321842 -59.9121
0.00951796 0.326069 -62.1834
0.00343695 0.321809 -58.1276
-0.00339254 0.319783 -54.0986
0.00153572 0.323194 -57.5814
0.00448796 0.312771 -56.3265
-0.00144053 0.323318 -55.8433
-0.00165425 0.325875 -56.5265
0.000144929 0.322004 -56.5868
0.00172519 0.324085 -58.0669
0.00304094 0.320804 -58.1474
0.00412989 0.31607 -57.7796
0.00195436 0.317931 -56.7626
0.00538021 0.321114 -60.0523
0.00540251 0.325596 -61.137
-0.000763934 0.322031 -55.6619
-0.00399718 0.328373 -55.1582
-0.0189374 0.329679 -43.6394
0.0101243 0.308216 -61.7033
0.00423871 0.307724 -56.6044
0.0392649 0.227028 -64.8359
0.0237626 0.221797 -49.5908
0.0449417 0.194764 -61.1485
0.0496114 0.160764 -55.9284
0.0437154 0.142125 -45.0795
0.0427518 0.14073 -44.0954
0.0650688 0.10333 -56.5096
0.0646966 0.0874373 -51.9212
0.0596278 0.0707653 -42.0008
0.0642474 0.0556794 -42.6979
0.07353 0.0618847 -54.1267
0.0934703 0.0655398 -76.9423
0.0846801 0.0842158 -71.5972
0.0884197 0.067905 -71.3946
0.065938 0.0830435 -49.0144
0.058668 0.0961872 -44.4634
0.0922678 0.101401 -86.3418
0.10622 0.0973716 -102.199
-0.0240807 0.139487 0.794216
-0.0252446 0.145201 -0.828283
-0.0351126 0.153804 -2.93524
-0.0381416 0.149387 -1.43018
-0.0415653 0.149462 -1.34307
-0.0183696 0.198092 -18.1798
-0.00925695 0.220487 -26.1764
-0.0241486 0.201482 -18.4747
-0.0153359 0.24197 -31.7582
-0.00378217 0.285699 -46.5837
-0.000813361 0.297115 -50.3918
0.00297979 0.301153 -52.4832
-0.00282429 0.306881 -52.511
0.0055027 0.317862 -58.1201
0.00602724 0.320662 -59.0044
0.00572573 0.305395 -54.382
0.00519524 0.322671 -59.2942
0.00422901 0.319635 -58.1412
0.00202664 0.326686 -59.1309
0.00510771 0.324741 -59.9081
0.00570742 0.32437 -60.0578
0.0124432 0.324182 -63.0849
0.00809537 0.323664 -60.8506
-0.00204828 0.320704 -54.9558
-0.000537925 0.319129 -55.3076
0.001994 0.32114 -57.219
0.00122258 0.318108 -55.8894
-0.00097131 0.321016 -55.5698
-0.000815202 0.321634 -55.8045
0.00415374 0.326561 -60.2589
-0.0023347 0.319696 -54.182
-0.00021001 0.325515 -57.2938
0.00333262 0.321264 -58.6077
0.00563034 0.321035 -60.208
0.0112106 0.314035 -62.3295
0.000170057 0.329981 -58.5768
0.0031343 0.332259 -61.4653
-0.00406533 0.33848 -57.8263
-0.000697037 0.349372 -63.6309
-0.00911957 0.355482 -58.5084
0.0134602 0.3173 -67.3988
0.0311352 0.260841 -67.2085
0.0432857 0.23456 -70.3909
0.00736398 0.240462 -38.9666
0.0422432 0.192075 -57.73
0.0179094 0.186141 -31.9511
0.0254677 0.182335 -38.4208
0.0403761 0.175808 -51.6369
0.0598645 0.1459 -63.1786
0.0419991 0.15311 -46.4342
0.0572958 0.139132 -58.4055
0.0917697 0.101357 -85.0549
0.0846628 0.0802124 -70.2995
0.069846 0.0691906 -50.3755
0.072186 0.0586762 -49.8931
0.0815477 0.067742 -63.5829
0.100039 0.0683154 -85.9567
0.118385 0.081912 -113.015
-0.0169612 0.174863 -10.0381
-0.0151522 0.189863 -14.8928
-0.016074 0.191499 -15.7331
-0.0282486 0.214052 -21.9622
-0.0179156 0.240954 -31.2654
-0.0101269 0.276517 -43.0607
-0.00358655 0.291592 -48.5181
-0.00531561 0.284213 -45.8605
0.00521499 0.305568 -54.1868
0.0129855 0.312419 -57.8657
0.00976236 0.316321 -58.4422
0.00734624 0.314095 -57.3666
0.00700108 0.323324 -60.0105
0.00986836 0.320975 -60.2147
0.00887961 0.324115 -60.8384
0.00993259 0.32187 -60.6326
0.00754288 0.315185 -57.7117
0.00633813 0.319431 -58.6755
0.0102074 0.321312 -60.8153
0.00683472 0.324627 -60.538
0.00418506 0.327879 -60.3544
0.000834925 0.330638 -59.6777
0.00527714 0.320405 -58.6202
0.000455845 0.323728 -57.3117
0.00456049 0.320648 -58.5488
0.0028715 0.317808 -56.7382
0.00128664 0.319273 -56.2064
0.000373785 0.321758 -56.6052
0.00291519 0.31707 -56.5768
0.000564689 0.323394 -57.0025
-0.00296617 0.322599 -54.5756
-0.00173083 0.326294 -56.5728
0.00266137 0.324179 -58.9109
0.00029162 0.320577 -56.1318
0.00396336 0.321442 -59.1169
0.0086424 0.316298 -60.927
0.00380148 0.324397 -59.7664
-0.00358139 0.337056 -57.4243
0.00300153 0.333872 -61.9157
-0.00760801 0.346161 -56.8225
-0.00557493 0.348654 -59.1786
-0.0155187 0.348834 -50.8017
-0.0112871 0.318949 -45.8418
-0.0151105 0.296955 -35.2137
0.020523 0.237863 -50.572
0.0327814 0.203209 -51.6995
0.029935 0.199281 -47.6284
0.0362961 0.210821 -57.5496
0.040132 0.197805 -57.7074
0.0612197 0.183569 -75.5483
0.0546896 0.167813 -63.8708
0.0543778 0.161706 -61.6225
0.054225 0.131377 -51.9353
0.0735959 0.106668 -66.7798
0.064608 0.104524 -55.8539
0.0916456 0.054579 -72.2638
0.0993444 0.0442815 -78.448
0.0957522 0.0606908 -78.985
-0.00460033 0.209551 -21.3991
-0.00213162 0.23238 -29.047
-0.013238 0.235426 -29.623
0.0104032 0.285294 -47.6544
0.0099798 0.315625 -57.7719
0.00373858 0.306821 -54.1484
0.00342623 0.316605 -57.3997
-0.000312546 0.31854 -57.1766
0.0082892 0.319042 -58.8404
0.0053979 0.318072 -57.9862
0.00510442 0.328149 -61.2325
0.010046 0.326497 -61.8522
-0.000147485 0.322738 -57.8534
0.00840892 0.324752 -60.9853
0.00887991 0.323482 -60.6357
0.0066889 0.325917 -60.7975
0.0092061 0.324422 -61.1866
0.000485801 0.320332 -56.6567
0.00561894 0.323881 -59.7809
0.00691406 0.32191 -59.6318
0.00840704 0.32442 -61.0463
-0.00482244 0.322872 -54.577
0.00436015 0.320556 -58.1863
0.00345735 0.323269 -58.6036
0.00298232 0.325508 -59.1958
0.000407985 0.318031 -55.2563
0.000624125 0.318887 -55.6948
0.00410415 0.326011 -60.1569
0.000983082 0.327876 -58.8911
-0.00237434 0.319993 -54.1315
0.000102957 0.326072 -57.8011
-0.00325571 0.321318 -53.9394
0.00163028 0.319461 -56.6753
0.00280775 0.322589 -58.6036
0.0025497 0.325736 -59.4833
0.00617688 0.32251 -61.0906
0.0105395 0.31618 -62.4718
0.0167457 0.318669 -68.1594
0.00911437 0.332637 -66.4816
-0.00805825 0.323187 -48.6544
-0.00200472 0.334635 -57.9277
-0.0248342 0.319823 -32.4141
-0.03849 0.337512 -26.2451
-0.0252378 0.332256 -37.1499
-0.00415238 0.27351 -37.4101
0.0109225 0.262093 -49.1369
0.018759 0.259446 -56.0665
0.0251569 0.228146 -51.9534
0.0198176 0.228172 -46.494
0.0397671 0.202641 -58.7698
0.044244 0.196936 -62.0452
0.0548956 0.183468 -69.1651
0.0342548 0.180325 -45.182
0.0433814 0.178023 -54.6447
0.0407544 0.173353 -49.7537
0.0494669 0.14212 -49.9158
0.0469759 0.115423 -37.8435
0.0869427 0.085581 -76.4468
0.0178639 0.235366 -30.4716
0.0207654 0.279218 -46.1148
0.0285356 0.29224 -51.0699
0.0247478 0.309961 -56.8492
0.00954236 0.313036 -56.5431
0.00283919 0.311016 -55.2413
0.00511098 0.319711 -58.7251
0.0112279 0.316982 -58.5443
0.0129045 0.325923 -62.0545
0.00657026 0.325774 -60.8598
0.0104038 0.320894 -59.888
0.0105829 0.325287 -61.5099
0.00719973 0.328174 -61.7555
0.00287231 0.333883 -62.4802
0.00668262 0.323216 -59.9001
0.0123489 0.318362 -59.9653
0.0100982 0.318942 -59.5043
0.0037663 0.325048 -59.4271
-0.000183408 0.320253 -56.0658
0.00258708 0.309286 -53.2707
0.0004495 0.31353 -53.7418
0.00197014 0.314358 -54.7261
0.000978508 0.320667 -56.5029
0.00379076 0.31731 -56.7184
-0.00312853 0.324197 -55.514
-0.000390671 0.313649 -53.3261
0.0014897 0.316694 -55.4374
0.00122286 0.321046 -56.7125
-0.000546563 0.3111 -52.1311
-0.00197196 0.315879 -52.9178
-0.00485977 0.323901 -53.7636
-0.00121414 0.319806 -54.8161
0.00144415 0.314312 -54.6162
0.00242121 0.319278 -57.1196
0.000751685 0.320275 -56.1923
0.00746074 0.317201 -60.2494
0.00369082 0.313757 -56.0719
0.0169025 0.301176 -62.2609
0.0251029 0.292172 -65.4481
-0.00656915 0.311303 -45.929
-0.00136106 0.331219 -57.4694
-0.0116511 0.32646 -46.5899
-0.0269429 0.349759 -40.8358
-0.0379515 0.352551 -31.851
-0.0273569 0.322554 -31.998
-0.0335088 0.327602 -27.2978
-0.0150866 0.290585 -32.3035
0.00062716 0.251807 -34.6523
0.00984756 0.276335 -53.0899
0.0204817 0.239656 -51.3056
0.0402572 0.200616 -58.4208
0.0405715 0.201033 -59.3177
0.0431272 0.21407 -66.796
0.0418613 0.206827 -62.5654
0.0331194 0.209835 -53.4387
0.0427429 0.170784 -51.2017
0.0162756 0.119099 -0.976211
0.0337305 0.116681 -21.2974
0.0375548 0.24906 -35.5353
0.0374712 0.285823 -49.0804
0.0340904 0.293822 -51.7865
0.0268111 0.304012 -54.8933
0.0152685 0.29094 -49.1773
0.00575463 0.306386 -53.8569
0.00996199 0.314576 -57.4824
0.0111887 0.315453 -57.9958
0.00639169 0.304897 -53.3696
0.0112633 0.294484 -50.658
0.0114873 0.298737 -52.1961
0.0129196 0.30016 -53.1505
0.00839296 0.326039 -61.2895
0.0046387 0.319793 -58.0119
-0.000426447 0.310144 -53.0189
0.00965845 0.290883 -49.2268
0.00790259 0.305504 -53.9854
0.008575 0.304095 -53.7421
0.00759744 0.300156 -52.0307
0.00564858 0.297894 -50.4629
0.000134524 0.294931 -46.9444
0.00423528 0.293322 -48.2545
0.00307108 0.297383 -49.1738
-6.25181e-05 0.297755 -47.7349
-0.00154364 0.300681 -47.984
-0.00164968 0.298255 -47.1255
0.00888047 0.2983 -53.0525
0.00277777 0.312928 -54.7476
-0.00119427 0.308353 -50.6836
-0.00138185 0.299299 -47.3677
-0.000456628 0.296924 -47.0902
0.00314636 0.308632 -53.7293
-0.0035853 0.30222 -46.6792
-0.000806227 0.298151 -47.1999
0.00642167 0.298916 -52.8459
0.00366135 0.305199 -52.9893
0.00312053 0.294861 -48.8527
0.0126135 0.279915 -51.1105
0.0175307 0.266903 -50.4008
0.00644058 0.271866 -42.8766
0.00410715 0.303609 -52.4003
-0.0102898 0.31335 -43.2048
-0.0219315 0.336391 -40.9413
-0.0250923 0.339242 -39.0846
-0.0401602 0.361725 -33.0452
-0.0546006 0.286406 8.1211
-0.0275329 0.258675 -8.6138
-0.000465407 0.241739 -29.8114
0.0523095 0.296617 -104.377
0.0936486 0.142661 -89.7631
-0.240883 0.0854363 292.945
0.0333553 0.214299 -55.8696
0.0373785 0.211775 -59.3395
0.0391086 0.19621 -55.4934
0.0398984 0.205677 -59.7827
0.0258299 0.196485 -39.871
0.0335138 0.161901 -36.6863
0.0150335 0.143822 -7.52404
