0 -0.73495 25.4489
0.0062487 0.000344493 22.0943
0 0.0382433 22.3463
0.0278053 -0.949207 25.4221
0 0.039066 22.2064
0.0209938 -0.0143847 3.10229
0.106123 0.0271146 6.93271
0 -0.158151 22.9544
0.695417 -0.0218065 -103.394
0.780234 -0.112326 -117.972
0.0108117 -0.0244996 20.6048
0.0034333 -0.0334017 22.5037
0.00174333 -0.0224897 22.6332
0.01099 -0.0475619 20.5468
0.00304193 -0.0553186 23.0901
-0.02658 -0.173543 33.851
0.243316 0.0752181 -65.6623
0.132749 0.176134 -41.3608
0.130798 0.205267 -40.8722
-0.0259369 -0.179935 36.4137
-0.0265687 -0.185251 36.7409
-0.045853 0.422106 25.2487
-0.0540893 0.00244471 48.5658
-0.147419 -0.0317253 96.1746
0.0015394 0.0464019 13.736
-0.0133759 -0.049409 22.1925
0.0162889 -0.0659048 4.22908
-0.00170491 -0.0433627 13.3944
0.0145657 -0.0387383 3.04683
-0.00297136 -0.0278598 14.3754
-0.0523482 -0.059079 46.6029
-0.0203963 -0.076584 26.0513
0.0759789 0.0878297 -48.1804
0.0667073 -0.00129643 -39.8598
0.0947426 0.00124496 -59.8803
0.0875448 0.206413 -58.0586
0.0881503 0.0280302 -55.7529
0.0364695 -0.0455044 -13.5502
-0.00479575 -0.108533 21.8175
-0.0293158 -0.136499 42.5185
-0.0335479 -0.123347 46.0588
0.0128724 -1.05141 4.79414
0.00368478 0.00441479 -1.07585
0.0783012 0.0420253 -70.4641
-0.0536322 -0.23472 65.7382
0.0123842 -0.00791682 -8.90418
-0.00737479 -0.0371832 11.9599
0.258579 -0.195608 -254.462
-0.438436 0.274526 457.153
0.00337327 -0.0100776 -0.275904
-0.0046649 -0.0134783 8.3356
-0.00483862 0.00799269 7.98352
-0.00532614 0.0128997 8.57447
-0.0193528 0.0599741 24.0039
0.00301859 0.00957346 -1.19673
-0.000945542 0.0440159 2.84255
0.0132986 -0.00302863 -12.8907
-0.00143047 -0.0054834 4.72361
0 0.0239414 4.38778
-0.495634 -0.950942 57.7948
0 0.0140082 4.75123
0 0.0140082 4.75123
-0.358166 0.00413833 43.2259
0.157185 -0.0117097 -11.5747
0.00977158 -0.00869612 4.03232
0.0121862 -0.0205116 4.30064
0 -0.00458916 6.59765
-0.0280928 -0.0273264 10.8033
-0.0636824 -0.0798753 23.0003
-0.0356211 -0.0428698 14.6611
-0.0291544 -0.0146807 11.7329
0.0484113 -0.00273054 -12.2158
0.00652021 0.136687 -1.44891
1.16948 0.00948237 -377.907
0.0437007 -0.016652 -9.22576
0.050894 0.00166654 -12.037
-0.0241712 -0.0878538 20.1012
-0.0198052 -0.0754374 18.072
-0.0277399 -0.0335929 20.1803
0.00922136 -0.0324141 3.20828
0.0287171 -0.0299983 -5.70154
0.042548 -0.0380798 -12.3411
0.0675569 -0.0580485 -23.8867
-0.0136204 -0.138309 23.2485
-0.0310508 -0.0551207 30.9887
-0.0203817 -0.0610737 24.807
0.0124983 -0.0531632 4.66585
0.00262549 -0.0553512 11.3986
-0.039162 -0.0847348 37.9744
-0.0120081 -0.0700382 20.1769
0.133999 0.115317 -89.3311
0.084986 -0.00901511 -52.6269
0.114242 -0.0142893 -73.3405
0.0776034 -0.0281505 -44.9126
0.0307771 -0.0473424 -8.23973
-0.00459806 -0.10592 21.9554
-0.0284306 -0.135049 41.5196
-0.0384859 -0.150213 50.4728
0.0032095 0.00463344 -0.159966
0.0282563 0.0371751 -23.4738
0.00692554 0.022119 -4.18973
0.00873981 0.101757 -7.70295
-0.0460606 -0.323419 59.364
-0.000990396 -0.0246836 4.78156
0.0109166 -0.0026269 -8.35248
-0.00417565 -0.0189891 7.68301
0.00346489 -0.0283331 0.65563
-0.0460113 -0.341647 59.7773
0.0120085 -0.0219178 -8.83644
-0.00317337 0.0134301 5.7816
-0.00643822 0.0120502 10.1614
-0.014622 0.016822 19.9586
0.00645564 0.0150689 -5.39219
0.00628318 0.0223953 -4.80142
0.00115799 -0.0240148 2.30829
-0.0124194 0.0107882 17.6958
0.0282132 -0.00726354 2.16571
0.0307543 -0.00883911 2.13938
0.0222556 -0.00469864 2.2403
0.0288168 -0.00969599 2.16904
-0.597395 -0.0229432 69.9524
0.0360256 -0.00718703 1.7153
0.403157 0.00615275 -50.1938
0.509111 -0.027012 -76.5123
-0.0181234 -0.0238702 9.27048
0.345435 -0.0266391 -64.9568
-0.0167388 -0.027711 9.89616
-0.0815999 -0.581922 60.593
0.0105462 -0.00311346 -0.579526
0.0123068 0.00127639 -1.7405
-0.0230212 -0.00539081 9.2527
-0.00228191 -0.0122197 3.78053
0.094215 -0.000512328 -28.4897
0.0662747 -0.00127221 -17.3891
-0.0229343 -0.539182 47.0254
-0.0318757 -0.48445 47.4289
-0.00473488 -0.468789 35.2307
-0.00325913 -0.473415 34.9555
-0.174442 -0.491257 117.266
0.0312723 -0.0694712 -4.47648
0.0942247 -0.244827 -29.2181
0.0253656 -0.0774492 -0.798353
-0.00284888 -0.0739823 15.3384
-0.022132 -0.0620417 25.9283
-0.0214578 -0.0839416 26.7665
-0.0507702 -0.131974 47.7483
-0.028679 -0.14394 33.4246
-0.0188723 -0.0802702 24.0698
-0.00148825 -0.0654145 11.6346
0.0684859 -0.0268819 -40.2701
0.0904964 -0.0308134 -55.4126
0.0121634 -0.113901 8.53304
-0.0211592 -0.145194 36.9208
-0.0342587 -0.148893 47.1597
-0.0399357 -0.138095 51.5896
-0.0704121 -0.177977 78.6059
0.0172789 0.000656688 -12.4323
0.0353314 0.117971 -32.5925
-0.0409845 0.14032 34.7532
-0.00140827 -0.0262201 7.12906
0.0132773 -0.0533847 -8.7898
-0.0719304 -0.0449606 75.4749
-0.0052022 -0.0152761 8.86326
0.00340974 -0.0131564 -0.228824
0.00315469 -0.0131062 0.236885
-0.0282459 -0.0313344 33.9673
-0.152324 -0.125969 177.659
-0.01292 -0.00543395 17.6875
-0.0018172 0.00706896 4.60285
-0.0112008 0.00170265 16.0523
0.00274838 -0.0136681 -0.0372652
0.00870179 -0.0282508 -6.05487
-0.262982 -0.533938 347.108
0.0978804 -0.261069 -105.88
-0.00112102 0.0627238 1.08519
0.00402287 0.0598031 1.16094
0.0195747 -0.00948828 2.69389
0 0.0301437 3.36934
0.0362797 -0.011856 1.82905
0.0835314 -1.94689e-05 -3.63165
0.00924867 0.199966 -14.4547
0.540615 0.00138444 -83.2504
-1.89048 0.0258119 354.457
0.260189 -0.0472768 -45.2036
-0.00892619 -0.0238123 7.12118
0.148825 -0.0130863 -32.6191
0.0165333 -0.00673789 -1.06354
-0.00523581 -0.00116598 3.72844
-0.00928476 -0.0157983 6.27591
0.091477 -0.0034492 -27.2961
0.192806 -0.00513656 -63.1577
0.070649 -0.0175219 -18.1941
0.00708239 -0.0345342 6.60405
-0.0171509 -0.0372345 17.8056
0.00130104 -0.0422367 9.96289
-0.0178726 -0.00280841 14.4914
-0.0112138 -0.0319167 14.3319
0.0198608 -0.0469831 0.506571
0.0190159 -0.0618387 1.98702
0.0097263 -0.0586148 6.92423
0.0042073 -0.0465233 9.39425
-0.0226439 -0.0601187 26.1087
-0.0620292 -0.0647171 50.0459
-0.0342752 -0.0616325 32.2259
-0.0286284 -0.0445499 26.596
-0.0240089 -0.00376471 19.1303
0.0311379 -0.0544905 -13.1609
0.0780696 -0.0604387 -45.6475
0.0519163 -0.0242121 -28.0938
-0.0033179 -0.146625 23.3299
-0.0450586 -0.172709 56.5039
-0.0414028 -0.116981 50.2674
-0.0468425 -0.0901942 52.9823
-0.0546354 -0.0591068 56.0855
0.00687951 0.0138729 -3.18716
0.00585936 -0.00344278 -1.89818
0.0131882 -0.00354455 -8.29707
-0.0275025 -0.0101519 30.0404
-0.0136801 -0.0112544 16.4188
-0.00309225 -0.0168368 6.34695
0.00187307 -0.00709971 0.837705
0.00355503 -0.0144968 -0.482149
0.00225546 -0.011396 0.609335
0.0198518 -0.00763934 -17.9177
0.0133655 -0.0132909 -10.8276
0.441735 0.27112 -511.287
0.00766382 -0.014753 -4.64848
-0.00476729 0.00288754 8.46193
0.000349217 -0.0253869 3.75667
-0.00774383 -0.0279371 13.4798
-0.0225193 -0.165907 43.038
0.0036102 -0.186628 12.5583
0.0343419 0.301708 -21.7277
0.0503798 0.0455202 2.20186
0.00629793 -0.0164885 3.50202
0.995757 -0.0166247 -70.1625
0.504478 -0.0518683 -44.0573
0.0375992 0.000162992 1.07517
-0.0200876 -0.00650289 5.77292
0.526324 -0.0527132 -76.2384
-1.75781 0 331.828
0.131508 -0.0631831 -16.87
-0.166383 0.0132766 39.3295
-0.000424056 -0.0246306 5.36102
-0.00609346 -0.0244147 6.8268
-0.00293817 -0.0133449 4.6152
-0.0162126 -0.0140285 8.73117
0.00706462 0.000935219 -0.0610303
0.0705167 -0.0320807 -17.4992
0.0404789 -0.0256484 -6.00989
0.0170129 -0.107303 9.72606
0.015353 -0.0511785 5.1958
-0.00740978 -0.0771115 17.441
-0.0158226 -0.0716228 20.3265
-0.00861453 -0.0836443 18.2501
0.0123287 -0.0775723 7.28131
0.00969049 -0.0877042 9.46813
0.000659728 -0.0907992 15.3838
-0.013236 -0.0889577 23.2397
-0.0269016 -0.0835942 30.6454
-0.0405289 -0.057729 36.5413
-0.0336526 -0.0533143 31.6434
-0.0261226 -0.0491243 25.874
-0.0448405 -0.020023 35.2088
0.0725096 -0.0147914 -46.3963
0.00976783 -0.335959 31.6939
-0.0185283 -0.0115995 18.2857
-0.0296638 -0.15606 43.6001
-0.026727 -0.108349 37.1243
-0.0146767 -0.0904089 25.6332
-0.0156926 -0.0607905 22.8147
-0.0349411 -0.0521395 38.5736
0.00875846 -0.00813841 -3.74091
0.0114033 -0.0126054 -5.92349
-0.0187074 0.00757373 20.4718
-0.0164831 -0.0234306 20.6274
-0.0193936 -0.00704201 21.7714
-0.00941718 -0.00321765 11.7174
-0.00370509 -0.00821126 6.66852
0.00210827 -0.00189336 0.528595
0.00218668 -0.0152272 1.06436
-0.000456629 -0.0166685 4.03443
-0.0161924 -0.00463056 19.4684
0.0384318 0.0122285 -42.6217
0.00478671 -0.0181961 -1.35033
-0.0115254 -0.0297759 18.2584
-0.00244129 -0.026156 6.92935
-0.00166773 -0.0221592 5.90488
-0.00297794 -0.0234147 7.17024
0.00112835 -0.0141535 1.27062
0 0.0025214 3.52182
0 0.0025214 3.52182
0.00166948 -0.0523372 10.1863
0.00827096 -0.0408197 8.23503
-0.40167 -0.000389781 46.8489
0.0835909 -0.0462534 -0.189018
0.050645 -0.00145349 -3.85186
0.290983 -0.0565559 -37.629
-0.00918664 -0.269977 36.4204
0.282762 -0.0123471 -54.1802
0.00960588 -0.0271471 3.10456
0.00077012 -0.0191771 4.49373
0.000396543 -0.0225748 4.71343
-0.0173749 -0.0119117 8.65012
-0.0036639 -0.00723299 3.96413
0.0226051 -0.0127324 -3.71361
0.0348724 -0.0384656 -4.40933
0.0405817 -0.0481352 -5.0347
-0.00743581 -0.0754153 15.7004
0.0119277 -0.080281 8.18294
0.00872897 -0.0710809 8.00298
-0.0147028 -0.0846524 20.42
-0.00518684 -0.0647824 13.354
-0.00247351 -0.0761695 13.8053
-0.00590166 -0.0945014 18.0095
0.0161235 -0.0862954 5.46062
0.0107904 -0.066598 5.9334
-0.0118913 -0.0674591 19.7374
-0.0333798 -0.0578909 32.0553
-0.0378953 -0.0470025 33.1405
0.000699625 -0.0297431 5.91419
0.0057664 0.00566427 -1.45702
0.00352433 0.0121173 -0.363524
-0.00912505 0.0133078 8.86127
-0.0183783 0.0318419 13.5766
-0.028692 -0.0276934 28.7559
-0.0442256 -0.0755656 47.2351
0.0100678 -0.0619442 2.43248
-0.0169891 -0.0598453 24.4192
-0.00236615 -0.0122455 6.52813
-0.00478799 -0.00570841 7.92191
0.00013518 0.000565646 2.87945
-0.00391252 0.00267252 6.36406
-0.0168678 0.00454719 18.2329
-0.0180596 0.000599019 19.6681
-0.0104375 -0.00260188 12.8083
-0.0165228 -0.000543127 18.7933
-0.00238788 -0.015983 5.88315
-0.00229881 0.00414714 3.23292
-0.000280681 -0.0144133 3.32851
0.00482588 -0.0206336 -1.45087
-0.0044414 -0.0218207 9.26102
0.00142619 -0.0166172 2.12023
-0.00487393 -0.021154 9.57869
-0.0132794 -0.0181111 18.7933
-0.00530427 -0.0214228 9.74236
0.00398741 -0.00989727 -2.65463
-0.00125947 -0.00985628 3.72577
0.0208051 -0.0053668 2.35741
0.0215691 -0.0068141 2.50283
0.0209498 -0.00967578 2.89723
0.0223915 -0.0109224 2.77147
0.0173014 -0.0152307 3.52654
-0.0300576 0.011287 7.43215
-0.00484271 -0.0229852 7.00207
0.00327212 -0.0219395 5.85943
-0.0220203 -0.0245986 9.87147
-0.0113374 -0.0239634 7.39056
-0.0118496 -0.0285117 8.70023
-0.00617124 -0.020402 6.14312
-0.00322513 -0.0206371 5.09268
-0.00220662 -0.0090281 3.51317
0.00602945 -0.00711222 0.571449
0.0338294 -0.0285755 -5.63479
0.0509713 -0.0244593 -11.5407
0.00755679 -0.0184769 2.59335
-0.00286218 -0.00675699 4.75096
-0.00255603 -0.00447154 4.53759
-0.00348231 -0.0230292 7.40453
-0.00779358 -0.0240235 9.37272
-0.0027619 -0.0321795 7.73866
-0.000427545 -0.0460288 8.64021
0.00414808 -0.0483918 6.52528
0.0348086 -0.0212874 -14.1619
0.00307218 -0.0385149 6.35264
0.0237836 -0.0056017 -9.73983
-0.0306733 -0.015269 24.3863
-0.026052 -0.0493068 25.539
0.0419835 0.0131779 -26.615
0.0265007 0.024514 -17.6327
0.021436 0.0324875 -14.975
-0.00212424 0.0368453 1.24009
-0.0174214 0.0483438 10.8169
-0.0575999 0.0441137 41.8727
-0.0504813 0.00936934 40.9182
-0.0015894 -0.0330697 7.88413
0.0184145 -0.00952123 -11.2818
0.00976718 0.000820472 -5.28003
0.00756851 0.0239314 -6.54946
-0.00285699 0.0219766 3.12478
-0.0113999 0.0259867 10.3625
-0.022962 0.0173725 22.1197
-0.0186448 0.00462194 19.7851
-0.00239905 0.00294305 4.1149
-0.0102519 -0.00589727 13.3445
-0.0150545 0.000506363 17.0076
-0.00959934 0.00328963 11.0256
-0.00693075 -0.0038458 9.20654
-0.000810581 -0.0105914 3.44665
-0.00102935 -0.013648 4.24921
-0.0617692 -0.0242856 74.8346
-0.00882675 -0.00893276 12.4965
-0.00460505 -0.00622538 7.11651
0.00282027 -0.00338439 -2.04587
-0.000522963 -0.00289233 1.91956
-0.00306675 -0.00439423 5.22033
0.0175855 -0.00746761 2.68946
0.0137216 -0.011453 3.42034
0 -0.0437957 8.00338
0.000133387 -0.0207038 5.69891
-0.00478783 -0.0201899 6.06975
-0.00590532 -0.0199902 6.20186
-0.00393945 -0.0213139 6.18488
-0.00614489 -0.012416 4.30028
-0.000610301 -0.0310386 7.05143
0 -0.0437957 8.00338
-0.00909002 -0.019136 6.36012
-0.00534852 -0.00628528 3.93956
0.0032022 0.000136057 0.817977
0.00345505 0.00375852 0.17438
0.0122756 0.0149827 -4.35828
0.0247439 0.0116974 -7.99401
0 0 -1
0.0141529 0.0252346 -6.10879
-0.00179498 0.0213625 0.664839
-0.0106743 0.0134816 5.62189
-0.0197329 0.0201008 8.38028
-0.0265051 0.0135517 12.5855
-0.010085 -0.0157191 8.97183
-0.00431023 0.00853877 2.32692
0.00288724 0.00563148 -0.919677
0.00830243 0.0127676 -5.18025
0 0 -1
0.0270947 0.0455267 -19.9413
-0.149981 0.120138 75.359
-0.0030193 0.016388 1.67359
0.0486475 0.0241314 -32.6043
0.0405306 0.0284258 -27.6622
0.0319981 0.0427386 -24.1987
0.0129452 0.0410541 -10.3689
-0.00843354 0.0531551 3.40735
-0.0801466 0.0956025 51.2185
-0.0728166 0.0221848 56.9416
-0.00300795 0.022997 0.53191
0.0311117 0.00108379 -23.2258
0.0289469 0.00776814 -22.5125
0.0124646 0.0149243 -9.39694
-0.00287792 0.010872 4.8494
-0.00618114 0.0178161 6.74899
-0.0216567 0.0206796 20.6807
-0.0365939 0.0117848 36.1336
-0.0148262 0.00924535 15.413
-0.0119537 0.0102171 12.7277
-0.0190538 0.0139228 19.3267
-0.0153946 0.00354922 17.022
0 0 -1
-0.00307852 -0.00195068 4.77905
-0.00379502 0.00353626 4.68411
-0.00562835 -0.00107681 7.50166
-0.00406151 -0.00840319 6.92272
-0.00225467 -5.01401e-05 3.48283
-0.000401152 -0.00186252 1.61566
-0.000286044 -0.000849409 1.30941
-0.00524403 -0.00089389 7.41279
0.0134795 -0.0113081 3.35485
0.010011 -0.0132477 3.80761
0.00701929 -0.0153079 4.34597
-0.00444676 -0.0199456 5.97784
0 0 -1
-0.0026015 -0.0122677 4.37581
-0.00653703 -0.0106413 4.11583
-0.00634856 -0.0192682 6.17389
-0.0134742 -0.025489 8.47627
0.00843549 0.0296138 -6.22245
-0.00652171 -0.0224489 6.68054
-0.0158528 0.00673138 4.57552
0.00597047 -0.0017122 0.455774
0.00612559 0.0177866 -3.03074
0.010437 0.0148632 -3.86755
0.0239598 0.0229483 -9.5793
0.0255175 0.0218305 -9.55488
0.00653072 0.022313 -2.63525
-0.0154101 0.0440509 2.00975
-0.00411692 0.0209443 1.46307
0.00795238 0.0410037 -7.36983
-0.0409734 0.0479744 13.4869
-0.0261668 0.012064 12.5579
0.00282175 0.0313355 -5.20561
-0.0137412 0.0627044 -2.11585
-0.0089359 0.0386205 -0.419896
0.0502167 0.0238889 -30.7411
0.0588876 0.0205167 -33.9372
-0.0353107 0.0327 20.6894
0.00473791 0.0694716 -12.6823
0.043637 0.0523588 -34.2585
0.0588373 0.0716389 -47.855
0.0628458 0.0942846 -54.8067
0.253211 -0.0917825 -154.722
-0.190919 -0.00422165 156.411
0.0745846 0.0488029 -53.7748
-0.0899045 0.0381726 67.886
0.0149836 0.0069045 -11.5324
0.0323423 -0.0009486 -23.9018
0.0304474 0.00886864 -24.0361
0.0157689 0.00101015 -10.0098
0.00468045 -0.00157119 0.16555
-0.00086858 0.00118263 4.64218
-0.019719 0.00545958 21.3823
-0.0290127 -0.0122522 33.1574
-0.0102169 0.0204927 9.08346
-0.0154576 0.0149644 15.3795
-0.0232588 0.0155439 23.2791
-0.0229144 0.0201187 21.8016
-0.011366 0.000961669 13.1942
-0.00464499 0.0041322 5.44089
-0.00765676 0.013901 7.0041
-0.00321476 0.0149972 1.87116
-0.00225839 8.56609e-05 3.45943
-0.00426819 0.0112605 3.81848
-0.00122794 3.74083e-05 2.28794
-0.00287899 -0.000841567 4.45985
-0.00121444 -0.00139413 2.52485
0.00987766 -0.00913504 2.88667
0.00984552 -0.00910907 2.88211
0.00161813 0.0260218 -4.15349
0.00466773 -0.0126974 3.96053
-0.00143146 -0.0205339 5.80839
0.0018042 0.0363838 3.10781
-0.09604 0.606757 -109.749
-0.00366081 -0.0193588 5.8022
-0.00610819 -0.0105137 4.68007
-0.00572937 -0.0109854 4.72353
-0.00187317 -0.0152421 4.80563
0.0741543 0.292879 -72.9095
0.0622227 0.0591603 -17.8118
-0.00878107 0.00107225 14.3722
-0.0445779 -0.00254027 25.9366
-0.218406 0.302843 18.1767
0.00352096 0.346602 -66.6195
0.0108604 0.40114 -80.3149
0.0140153 0.331093 -66.7502
0.0200609 0.360102 -75.2024
0.00437099 0.397001 -76.6309
0.00557672 0.378159 -73.185
0.00802849 0.398365 -78.5256
-0.00838504 0.382412 -66.9447
-0.0090574 0.385142 -67.276
0.0103044 0.383243 -77.3556
0.0210036 0.323227 -70.633
0.00432316 0.341781 -65.0458
0.0053347 0.329325 -62.9473
0.0313077 0.339909 -81.4413
0.0390416 0.315955 -81.1219
0.0467512 0.267201 -75.0854
0.0438392 0.313628 -78.4353
-0.0108082 0.788905 -139.953
-0.136087 0.113369 91.4819
0.0821816 0.0553016 -60.8106
0.100127 0.0360954 -71.2879
0.100008 0.0190213 -67.8687
0.0869652 0.0283203 -59.4191
0.0971635 0.0282088 -68.2696
0.0859623 -0.00353291 -51.5422
0.0713957 0.0131025 -42.4195
0.0834856 0.00819438 -52.5007
0.0814172 -0.0160834 -45.3374
0.0832353 0.000716214 -50.5315
0.0801877 -0.00240242 -46.8285
0.0854248 -0.00513016 -51.3718
0.0793008 0.020651 -50.5758
0.081787 -0.00663153 -47.3642
0.079113 -0.0138305 -42.9763
0.0765321 -0.0083345 -41.377
0.0789837 -0.0176676 -42.0818
0.0864522 -0.00951378 -52.2285
0.0878172 -0.06389 -41.9736
0.0716188 -0.0839041 -19.141
0.0789032 -0.0629244 -32.224
0.0860381 -0.05424 -42.6471
0.0658783 0.0512839 -40.4396
-0.0110403 0.688138 -147.343
-0.317902 0.114104 -2.40052
0.0225423 0.252091 -47.3342
0.00461442 0.198104 -33.8543
0.0119135 0.125621 -18.0854
-0.00499502 0.0445977 2.12745
-0.0377479 0.11394 -9.30243
-0.00102968 0.151912 -23.4197
0.00754386 0.200455 -36.0576
0.0150964 0.264169 -52.2924
0.0286268 0.292564 -61.4806
0.0269089 0.394655 -83.8829
0.0528793 0.180043 -41.9854
0.00171923 0.347595 -65.4296
0.0169405 0.332762 -66.2302
0.00928751 0.3861 -76.4128
0.0117691 0.387563 -77.5533
0.0129582 0.369555 -73.8483
0.0152789 0.35197 -70.8319
0.0124649 0.344719 -68.1254
-0.000730879 0.340321 -61.5857
0.000381719 0.316103 -57.0419
-0.00150238 0.346416 -62.8662
0.0034799 0.351854 -66.8999
0.00984144 0.346128 -68.7668
0.00850942 0.342018 -67.0597
0.00365391 0.344224 -64.9977
0.00648604 0.338858 -65.5591
0.0112488 0.330322 -66.2236
0.0159052 0.331308 -69.5689
0.0324056 0.31118 -75.9062
0.0436378 0.27743 -75.5525
0.0540648 0.239179 -73.9929
0.0889634 0.20186 -89.1831
0.168346 0.091878 -119.245
0.117295 0.233663 -113.887
0.127749 0.195961 -113.321
0.0790522 0.110999 -70.6894
0.0916428 0.066036 -70.7216
0.0778975 0.0795467 -62.8588
0.0755205 0.0518538 -54.521
0.0649158 0.0239574 -39.1152
0.072874 0.053468 -53.025
0.0869785 0.0200974 -58.4628
0.0832106 0.0168241 -54.1506
0.0813971 0.00780948 -50.2879
0.0841652 0.00023981 -51.3277
0.078981 0.00011641 -45.967
0.0808626 0.000486043 -48.1239
0.0818062 -0.00725126 -47.3249
0.0792219 -0.00258517 -45.6418
0.0799113 -0.00850842 -45.0654
0.0799028 -0.00550253 -45.7121
0.0807999 -0.0156498 -44.5123
-0.0653124 -0.00363979 82.651
-0.0729229 -0.00578386 92.091
-0.0678117 -0.010464 86.9902
-0.0187178 -0.0345463 33.144
0.0933553 0.343397 -73.3667
0.077705 0.31207 -64.8834
0.0243667 0.283297 -56.0452
-0.00360039 0.270997 -51.0014
0.0208449 0.41243 -87.3144
0.0157889 0.46234 -99.5588
0.0383556 0.520579 -117.637
0.0615328 0.569519 -133.064
0.0385856 0.632633 -145.083
0.030266 0.539899 -120.259
0.0185472 0.415451 -86.2798
0.00591253 0.40665 -80.8058
-0.0104176 0.323947 -55.6583
0.00159798 0.287206 -49.735
0.00544861 0.33553 -62.9484
-0.00218352 0.33343 -59.7428
0.000602407 0.357755 -66.8
-0.00127609 0.312163 -54.676
-0.00738151 0.285206 -45.97
-0.00528572 0.299077 -50.2547
0.00176422 0.306419 -55.3408
0.00151337 0.322433 -59.2551
0.00714234 0.326465 -62.843
0.00523069 0.330866 -62.87
0.0129226 0.333614 -67.4751
0.00629438 0.321443 -60.8289
0.00725288 0.330753 -63.7673
0.00779312 0.320737 -61.9263
0.0113088 0.321047 -63.867
0.00922364 0.319881 -62.4777
0.025152 0.321336 -73.3203
0.0231577 0.302624 -67.4799
0.0389061 0.271172 -70.7529
0.0275923 0.272317 -62.7217
0.0396053 0.254807 -66.786
0.262231 -0.179848 -126.8
0.164056 0.104305 -118.977
0.1429 0.131468 -109.135
0.128929 0.199336 -115.287
0.144768 0.202641 -129.764
0.0500877 0.135643 -51.2886
0.0534447 0.0843245 -42.4582
0.0765692 0.0919464 -65.481
0.0728491 0.0910884 -61.8792
0.0666181 0.0771035 -52.6144
0.0502041 0.0654413 -33.5813
0.0729028 0.019147 -44.5496
0.0751918 0.00993184 -44.4948
0.0866512 0.0325427 -62.0539
0.0762059 0.0298683 -50.3624
0.0766654 0.0217787 -48.7863
0.0805151 0.0067322 -49.311
0.0786692 0.0127654 -48.7884
0.0752051 0.00616244 -43.1364
-0.0731136 -0.00357272 91.8455
-0.0721647 -0.0033179 90.6025
-0.0649533 -0.00609767 82.5039
-0.0649533 -0.00609767 82.5039
0.062795 0.469648 -104.904
0.0361523 0.57757 -134.139
0.0581893 0.554803 -129.261
0.0594894 0.522637 -120.283
0.0488238 0.485247 -108.638
0.0315387 0.484516 -106.53
0.0268204 0.464411 -101.15
-0.000361752 0.337074 -61.8885
0.0118168 0.29039 -51.1664
-0.00446149 0.269068 -42.8022
-0.0282015 0.27059 -38.0234
0.00371084 0.32851 -60.3013
0.00933434 0.300759 -54.365
-0.000205823 0.305632 -52.8768
-0.0128072 0.272886 -40.2957
-0.015526 0.276779 -40.5115
-0.00734917 0.282056 -44.9501
-0.00847631 0.287613 -46.4376
0.00850896 0.312007 -59.7772
0.00507912 0.298292 -54.796
0.00437366 0.312719 -58.3096
0.012033 0.308942 -60.7431
0.015119 0.316467 -64.2107
0.00686222 0.304406 -56.7284
0.00635654 0.315818 -59.5176
0.00519317 0.317002 -59.1136
-0.00319788 0.315949 -54.2033
0.00729538 0.326229 -63.2138
0.00836891 0.322232 -62.5645
0.0124505 0.314024 -62.8021
0.0139741 0.322695 -66.2021
0.0014873 0.314423 -55.8608
0.032893 0.303503 -74.8128
0.0381052 0.288834 -74.5191
0.0407529 0.285388 -75.4138
0.0341974 0.29128 -72.0903
0.0298244 0.280114 -65.5407
0.186012 -0.271794 -39.8315
0.175061 0.0918732 -125.186
0.166541 0.124813 -126.844
0.152735 0.118534 -112.751
0.129916 0.288141 -138.838
0.14695 0.101765 -107.361
0.170396 0.0560285 -117.584
0.168557 0.211622 -159.359
0.0433233 0.177323 -55.2898
0.0335672 0.27762 -71.8653
0.0351611 0.267602 -71.4634
0.0740907 0.276683 -114.002
0.0407269 0.127424 -38.0558
0.0593144 0.0560519 -38.9295
0.0794753 0.054253 -60.6684
0.0736853 0.063532 -56.7744
0.0715007 0.022479 -43.2421
0.0662035 0.0271268 -38.0512
0.0725807 0.0208283 -43.7016
0.0679414 0.0472128 -45.2952
0.123793 -0.0257376 -93.731
0.0273774 0.456989 -100.381
0.0318208 0.496665 -111.353
0.0427335 0.452674 -98.4545
0.0246827 0.379859 -76.5079
0.00675257 0.221028 -29.0892
0.000688622 0.296556 -50.2573
-0.0127808 0.265162 -39.9225
-0.0057377 0.269297 -42.7597
0.00796386 0.297973 -52.5072
-0.000833248 0.27888 -45.2528
-0.00771482 0.287977 -46.7303
-0.0032454 0.289148 -48.1407
-0.0165448 0.25822 -35.2912
-0.0161478 0.256186 -34.9669
-0.0158038 0.255141 -35.0048
-0.00754705 0.281215 -45.1585
0.00849969 0.308444 -58.5448
0.0265884 0.313659 -66.9363
-0.000411227 0.318293 -57.865
0.0081254 0.320902 -62.2931
0.0102831 0.322334 -63.7499
0.0138917 0.319922 -64.6901
0.00778498 0.313668 -59.9864
0.00938513 0.308454 -59.1864
0.00457551 0.311215 -57.5301
0.0113497 0.304883 -59.3606
0.0046257 0.312396 -57.6412
0.00700477 0.317327 -60.5618
0.0120364 0.314787 -62.8367
0.00693424 0.309233 -58.0474
0.00430293 0.308114 -55.9596
0.0104302 0.306071 -59.6162
0.0160095 0.30218 -62.4249
0.0244701 0.290218 -64.8991
0.0361753 0.282624 -71.1739
0.0411043 0.286612 -75.9225
0.0434281 0.284692 -77.2663
0.030741 0.287712 -68.264
0.0416288 0.269772 -71.8354
0.0664994 0.244461 -85.7781
0.179154 0.0726091 -123.502
0.190618 0.0392833 -124.199
0.202562 0.0501742 -138.413
0.213535 -0.0135877 -129.567
0.201211 -0.014951 -117.348
0.103247 0.456284 -163.636
0.0734825 0.24837 -76.0844
0.161424 0.0561417 -109.361
0.0338867 0.258861 -67.0326
0.0164626 0.266031 -50.6048
0.01254 0.267429 -46.8026
0.0277511 0.257539 -60.5072
0.0352855 0.176671 -45.2292
0.0683672 0.097861 -60.415
0.0616956 0.0449301 -37.4488
0.0808956 0.0788526 -70.0245
0.0804422 0.112313 -79.3392
0.0527642 0.0832786 -36.932
0 0 -1
-0.0019483 0.417575 -87.8617
0.0178749 0.315332 -57.5826
0.00186064 0.303278 -53.2767
0.00084585 0.260153 -38.3713
0.00632719 0.265696 -41.8477
0.00202876 0.251626 -36.7272
0.00378535 0.267254 -42.7801
0.00377349 0.29733 -51.6786
-0.00607362 0.262379 -38.4216
-0.0170806 0.25744 -34.9651
-0.0121184 0.262084 -38.0501
-0.00395955 0.274844 -44.1808
-0.00760909 0.287126 -47.0979
-0.00254967 0.308042 -54.9975
0.0165351 0.316003 -63.6093
0.0144377 0.319253 -63.9832
0.0117662 0.322124 -63.9821
0.00702044 0.320206 -61.4654
0.00741391 0.341038 -68.1127
0.00999163 0.332383 -66.5013
0.00269789 0.330275 -62.5055
-0.00285731 0.32871 -59.3841
0.00108026 0.325566 -60.2912
0.00323461 0.324247 -60.7916
0.00861001 0.328569 -65.0032
0.0071165 0.320833 -61.7528
0.00708493 0.313553 -59.4184
0.00355339 0.309882 -56.1695
0.00960599 0.314049 -61.2676
0.00391427 0.312492 -57.158
0.00303138 0.309779 -55.8454
0.00394982 0.313385 -57.6333
0.0214621 0.307724 -68.3572
0.0186826 0.297973 -63.2596
0.0363622 0.268341 -67.1238
0.0516326 0.26168 -76.7484
0.0440808 0.278524 -75.9077
0.0277363 0.296408 -68.151
0.0348502 0.313388 -79.7184
0.0279872 0.293775 -67.5581
0.031903 0.289229 -69.5373
0.0374441 -0.496276 179.637
0.204536 0.0149432 -129.892
0.203131 -0.00681395 -121.835
0.198425 -0.00192609 -118.716
0.191245 0.0696044 -134.364
0.222731 -0.00909784 -140.968
0.159754 0.0501938 -105.954
0.159045 0.0146209 -94.3373
0.184649 -0.0372317 -105.587
0.032667 0.422808 -116.114
0.0180675 0.2724 -53.8596
0.00505482 0.256368 -34.2886
0.0270472 0.299896 -73.0602
0.0566582 0.204099 -78.1397
0.0534449 0.217184 -78.6578
0.0398931 0.157744 -43.2869
0.0418854 0.233205 -30.5798
0.0284734 0.198719 -18.5076
0.00261493 0.222632 -25.5699
0.00756128 0.278489 -45.4089
-0.00285907 0.267332 -41.0748
-0.0147399 0.278422 -42.8454
-0.015154 0.251017 -33.5439
-0.00520089 0.252562 -35.8733
-0.00976003 0.243328 -32.124
-0.0153075 0.259251 -36.4115
0.00475716 0.293656 -52.3703
0.00276467 0.301523 -54.5865
0.0112647 0.319415 -62.6642
0.0126316 0.32274 -64.1446
0.0124733 0.331489 -66.9892
0.00849528 0.333816 -66.4524
0.00962597 0.324494 -63.7572
0.00848348 0.33009 -65.1337
0.0142166 0.329963 -67.3231
0.00810967 0.333883 -66.0677
0.00669156 0.328687 -63.6682
-0.00116864 0.33219 -61.2842
0.0045556 0.330692 -63.5326
0.00811686 0.326761 -64.0102
0.00237766 0.326827 -61.0519
0.00834051 0.321573 -62.5637
0.0034959 0.329512 -62.4478
0.00336863 0.327944 -61.792
0.00308844 0.321727 -59.6207
0.00349084 0.324619 -60.6986
0.00322317 0.335759 -64.2103
-0.0005949 0.32532 -58.2569
0.00772404 0.329878 -65.5824
0.0116022 0.31962 -64.8962
0.00488188 0.320936 -60.5459
0.0257542 0.303841 -70.5919
0.0417674 0.274464 -73.3864
0.048789 0.263848 -75.3243
0.0468215 0.279441 -78.4169
0.0357312 0.305658 -77.8157
0.0369632 0.309736 -80.3896
0.0243844 0.311744 -70.0761
0.0420368 0.271917 -72.7538
0.0360006 0.240904 -56.6476
0.0352947 0.280047 -69.179
0.20734 -0.00706444 -125.952
0.194954 0.0242393 -123.777
0.204219 0.0142657 -129.956
0.217005 -0.0284668 -128.814
0.214336 -0.0175623 -129.422
0.20982 -0.0204468 -123.573
-0.122316 0.7429 -12.8601
0.138388 0.0117531 -69.5121
0.173782 0.006252 -107.677
0.21078 -0.0478812 -132.191
0.175409 -0.00558639 -105.095
0.0241301 0.275368 -61.2244
0.0326499 0.223251 -54.9545
0.0251218 0.244406 -34.2698
0.0227168 0.23072 -29.2925
-0.0188897 0.228666 -26.3672
-0.0211733 0.244502 -29.9205
-0.0121693 0.249998 -32.7188
-0.0236905 0.23165 -25.9557
-0.00698492 0.243543 -32.5442
0.0123922 0.271422 -45.4232
0.00417772 0.282183 -47.7103
-0.000261794 0.299368 -52.9499
0.00733487 0.31523 -60.1365
0.0113421 0.311141 -59.7255
0.0230719 0.330041 -69.4663
0.020332 0.329457 -68.458
0.00819305 0.320656 -61.6967
0.00911066 0.322009 -62.4254
0.00786175 0.324632 -63.0084
0.0176115 0.319232 -64.7201
0.00535347 0.321945 -60.8662
0.00805548 0.323181 -62.4444
0.00388695 0.315432 -57.8196
0.00411903 0.328333 -62.5149
0.0033862 0.328523 -62.2261
0.00622624 0.324573 -62.1582
0.00426521 0.328907 -62.7701
0.00616565 0.325191 -62.4495
0.00968504 0.320436 -62.8162
0.00810829 0.327921 -64.4602
0.00464188 0.328317 -62.5438
0.00301471 0.327747 -61.2643
0.000252323 0.331548 -60.7661
0.00229098 0.336492 -64.0228
0.00825141 0.3464 -71.6242
0.00469029 0.326493 -62.0468
0.0041431 0.333902 -64.2819
0.00928557 0.324458 -64.852
0.0239784 0.30169 -68.3585
0.0225055 0.286117 -61.7511
0.061838 0.25115 -81.811
0.0728649 0.259051 -93.3452
0.0509343 0.285597 -83.9501
0.0280331 0.30831 -72.0264
0.0278467 0.292629 -66.5103
0.0298725 0.28721 -66.5828
0.04421 0.266111 -72.9027
0.0740387 0.223299 -85.6436
0.0374275 0.0847044 1.10637
0.20024 0.0172865 -126.953
0.197877 0.00504153 -120.164
0.196495 0.00976103 -120.282
0.217573 -0.0427662 -124.681
0.227757 -0.0934187 -117.963
0.224904 -0.0423829 -132.778
0.22153 -0.0199677 -137.235
0.182462 -0.00267599 -114.508
0.172627 0.0156165 -109.209
0.178101 0.0173547 -117.159
0.16622 0.0582153 -117.159
0.0296805 0.254565 -37.9116
0.0287159 0.254122 -37.7538
0.0224146 0.248836 -35.4252
-0.0330404 0.164742 -0.478507
-0.0334766 0.192378 -10.5274
-0.00730773 0.213582 -21.3875
-0.0015189 0.252058 -36.1277
0.0105868 0.276566 -46.7949
0.0130717 0.291627 -52.588
0.0112791 0.304807 -57.1243
0.0108264 0.313379 -60.1534
0.0151218 0.317237 -62.6977
0.0158941 0.314306 -61.8873
0.00840369 0.302549 -55.351
0.002898 0.277923 -44.7596
0.0168512 0.289657 -53.4988
0.0115597 0.303648 -56.8015
0.0136204 0.30994 -59.8952
0.00947641 0.30935 -58.0774
0.00727268 0.30955 -57.2144
0.0103761 0.298769 -54.5832
0.00187689 0.31539 -56.8846
0.00235635 0.313599 -56.4429
0.00278995 0.298345 -51.0729
0.00908522 0.316484 -60.8834
0.00670715 0.313595 -58.6494
0.01022 0.32022 -62.9313
0.00617302 0.309844 -56.8172
0.00277332 0.311596 -55.4188
0.00998225 0.301072 -56.2364
0.00611204 0.308989 -56.5898
0.0131384 0.329004 -68.6929
0.00495318 0.332187 -64.2429
-0.00133332 0.31992 -55.2401
0.0032779 0.309469 -54.8482
0.00536986 0.31727 -59.2192
0.00929462 0.302833 -57.1037
0.0145354 0.27987 -52.9654
0.0395386 0.260747 -66.5973
0.0712452 0.232046 -82.6957
0.064016 0.240611 -79.4489
0.0427746 0.267956 -70.7588
0.025332 0.287714 -62.3421
0.03156 0.301764 -73.1787
0.0426482 0.274347 -73.9107
0.0504186 0.186603 -49.2302
0.0454854 0.127325 -22.6468
0.0381291 0.0908665 -1.91197
0.197961 0.0134025 -123.154
0.195733 0.0223236 -123.927
0.193177 -0.00261999 -112.22
0.200875 -0.0421293 -106.451
0.224219 -0.0709829 -122.078
0.233633 -0.0332175 -146.498
0.222251 -0.0293873 -134.782
0.22293 0.00157239 -146.757
0.14693 0.0527254 -91.4016
0.155104 0.0530305 -101.712
