0.0440355 -0.0369251 24.7765
-0.0187429 -0.0233279 26.2418
-0.0238643 -0.0345722 26.3079
-0.0246388 -0.0459267 26.3809
-0.0294575 -0.040478 26.4869
-0.0344509 -0.061989 27.5542
0.0580884 -0.0210922 4.77168
-0.0496974 -0.0349666 23.6034
0.078306 -0.0245075 1.33298
-0.0270615 0.00936377 15.5627
-0.0128401 0.00382993 12.862
-0.0236465 0.0155377 15.3929
0.0118116 0.00719223 6.22724
-0.078511 0.00278494 41.707
-0.0911061 0.0139391 45.8454
-0.0646739 0.00829593 37.3683
-0.0574894 -0.0197529 35.6732
-0.068263 -0.0254621 40.0992
-0.0672572 -0.0408521 39.2436
-0.0464275 -0.0399131 30.6226
0.00465125 -0.0939479 10.754
-0.0588987 -0.123855 40.3123
-0.0197682 -0.247345 20.0938
-0.0472915 -0.114427 32.9614
-0.00724951 -0.107315 12.5577
0.0199165 -0.0928644 -1.84067
0.0123474 -0.110231 3.1438
0.0493579 -0.168567 -18.185
0.0629844 -0.170634 -25.6174
-0.0290923 -0.0406178 31.1353
-0.0112427 -0.0514978 19.5403
0.0284761 -0.0673091 -7.13815
0.0230506 -0.0529991 -4.6443
-0.00942962 -0.0340452 17.9791
-0.0611088 0.0247296 48.6048
-0.0118373 0.207191 22.7037
0.0292847 0.0112415 -14.8976
-0.0187566 -0.0198708 24.4859
0.0253651 0.0246544 -13.4257
0.0334596 0.00830433 -19.3057
0.0217473 -0.00440983 -9.07596
0.0224065 -0.00580254 -9.64766
0.0118073 0.0104027 -0.440056
0.0279334 -0.00215993 -15.34
0.0468404 -0.0501973 -32.5669
0.0894973 -0.0273946 -75.497
0.143304 -0.0380861 -129.011
0.111804 -0.044299 -96.4981
0.0982267 -0.0381068 -82.0432
0.0417133 -0.031358 -22.2843
0.0517351 0.0163053 -34.0242
-0.00195257 -0.358165 22.5911
0.105963 0.124075 -107.927
0.148353 0.117649 -156.968
0.162957 0.0301869 -172.092
0.135734 0.0598802 -140.109
0.0845709 0.0106055 -77.1699
0.00540703 0.0333366 18.7836
0.0918262 -0.291674 16.0924
-0.159983 -0.513838 39.1501
-0.025929 -0.328965 25.2017
-0.00232872 -0.00634577 23.8326
0.00495074 -0.0309531 11.2173
-0.00230955 -0.0245998 11.7896
0 0 -1
0.0719421 -0.0127611 1.35896
0.0218793 0.0226431 5.40621
-0.0187316 0.0205266 13.6081
-0.0148515 -0.00603257 13.5025
-0.0225885 -0.00670238 15.5181
-0.00637733 -0.00250083 11.1139
0.0283145 -0.0214845 2.96227
-0.100145 -0.00409901 48.8127
-0.0635891 -0.0212039 37.3879
-0.051747 -0.00273833 33.271
-0.0705446 0.000243984 39.4484
-0.0353184 0.00800865 25.3362
0.0132675 -0.0677634 6.56789
0.0176017 -0.124393 6.09701
0.00233511 -0.165232 14.0165
-0.0161457 -0.0278699 14.3603
-0.0179816 -0.0765871 17.2635
0.015839 -0.075332 -0.411738
0.0224543 -0.0344776 -6.30723
-0.0171999 -0.0676513 17.4684
0.0333165 -0.0180985 -13.7139
0.0283228 -0.113738 -6.74032
-0.0608415 -0.423715 61.4958
0.0309452 -0.0855338 -7.69885
0.0191557 -0.0592556 -1.19379
0.00327422 -0.036151 9.40876
-0.0238199 -0.037734 28.7864
-0.0250582 0.0770892 19.9289
-0.0159629 -0.0186118 21.5665
0.03045 -0.0125851 -14.314
-0.00712962 -0.00717254 15.4116
0.0294429 0.00668338 -15.8568
0.00411035 0.00502306 6.22354
0.0154102 0.00279931 -3.66253
0.0253501 -0.00458511 -12.2084
0.0153976 0.00851261 -3.60334
0.0131162 -0.00738913 -1.45605
0.0201068 -0.00586282 -8.37179
0.0634331 -0.0360445 -50.3524
0.124713 -0.023687 -110.722
0.105605 -0.00279522 -91.5376
0.116117 -0.0216131 -101.111
-0.0269252 0.0193505 42.6047
0.00933013 0.073014 1.49156
0.0512353 0.101225 -45.9413
0.10042 0.103994 -100.696
0.128194 0.082547 -131.83
0.146153 0.0882394 -152.965
0.098006 0.0164492 -93.7155
0.0930945 0.00432138 -87.1457
0.0297879 0.0312152 -11.0149
-0.00290508 0.0126808 2.77075
-0.0148141 0.016553 3.24198
0.00721023 0.0182235 1.71514
0.206905 -0.0285229 -9.13672
0.026099 -0.0099829 8.19971
0.0108812 -0.0161517 9.9891
0.0445246 -0.00111346 4.29728
0.124847 0.00110945 -7.44755
-0.00949736 -0.0151838 15.0654
-0.0264791 -0.00729166 16.1192
-0.0200177 0.00442542 14.0856
-0.0134276 0.00638535 12.5988
-0.00690802 -0.00563219 11.7382
-0.0225111 -0.00832899 16.1019
-0.150429 -0.340963 76.4134
-0.0333165 -0.0486945 20.7838
-0.00973451 -0.00796615 10.3369
-0.0664539 0.0275482 37.5755
0.0166674 -0.102606 13.3597
0.0041281 0.0451715 6.95938
0.0136968 -0.0010573 6.07606
-0.00762902 -0.0336411 17.4956
-0.0296048 -0.0560346 22.8066
0.417096 0.0185037 -201.687
0.0940438 0.0521437 -36.8632
-0.00840801 -0.0175431 10.8522
0.0016798 -0.0504616 5.15065
-0.0258866 0.0114038 30.9978
0.0279515 0.0394343 -2.44599
0.0497572 -0.0427552 -22.1398
0.024509 -0.0669054 -4.12684
0.0151576 -0.0597535 1.48866
0.0634301 -0.0195043 -28.2766
-0.00321867 -0.0459104 14.4118
-0.00890525 -0.0630248 18.6058
-0.000150208 -0.0667509 11.675
0.0242811 -0.0488803 -7.86111
0.00450066 -0.0219106 6.53235
0.0414558 -0.00638719 -25.0592
-0.00372648 0.0130184 12.634
-0.000251352 0.00457403 9.92882
0.0266791 -0.0060604 -13.3919
0.00699627 -0.00037333 4.52991
0.000711994 -0.0052801 10.4306
0.0161272 0.00403897 -5.15563
0.066101 -0.0126865 -53.2286
0.108524 0.0150789 -96.282
0.107592 -0.000588954 -94.379
-0.059595 0.0722865 73.8969
-0.00407633 0.0323444 17.0534
0.0382453 0.0936088 -32.0507
0.0578454 0.0672783 -51.6943
0.0641872 0.0416371 -57.4841
0.122572 0.00444447 -122.395
0.109782 0.00294757 -106.766
0.0885259 -0.00883163 -81.4457
0.122425 -0.00423709 -122.06
0.0643589 0.0293491 -53.0316
-0.0220157 0.0308965 2.40858
-0.0110995 0.0204985 2.61934
0.00108526 0.0330642 0.724201
-0.0135474 0.0454819 0.970949
0.0359137 -0.00505053 6.28853
0.0240529 -0.0215632 8.67274
0.0371393 -0.0123361 6.23242
-0.0830264 -0.0221091 29.2236
-0.0800902 -0.00779214 26.8685
-0.0357724 -0.0108672 18.5052
-0.0161978 0.000250366 13.6478
-0.000205616 0.00970813 9.21646
-0.0196668 -0.0023185 15.373
-0.0438693 -0.0258447 23.9342
-0.0631693 -0.0316754 29.7855
-0.0399429 -0.027172 22.0362
-0.00974621 -0.00126268 9.80119
0.0153263 -0.00587552 1.0998
-0.0199795 -0.0232865 21.8675
-0.0010977 -0.024052 13.8422
-0.00829241 -0.040526 18.5759
-0.0301424 -0.0641624 29.9168
0.0110488 -0.0407365 1.86098
0.0395957 -0.0449305 -11.763
0.0289685 -0.0328854 -7.11901
0.0275392 0.0185639 -10.0188
0.00143994 -0.0282351 6.02728
0.037079 -0.0196684 -15.6907
0.0365251 -0.0846834 -9.99778
0.0397779 -0.0620248 -13.7904
0.00889554 -0.0396994 4.05153
0.0166521 -0.0536646 0.159682
0.0130142 -0.00579507 5.94435
-0.0220907 -0.0593623 27.7969
0.00515848 -0.0582431 7.1136
0.00191164 -0.0638181 9.84694
0.0216134 -0.0492088 -5.88716
0.0174155 -0.019058 -5.41332
0.0745943 0.00188314 -53.4211
0.0174646 -0.00049279 -4.7871
0.00154955 0.00424437 8.47243
0.0123526 0.0010103 -0.977406
0.0169686 0.00608562 -5.21377
-0.00145612 0.00115331 11.705
0.02243 -0.00724455 -10.2793
0.0880232 0.0268639 -76.7133
0.119558 0.037008 -107.539
0.0759657 0.0589451 -65.5539
0.00796118 0.0925313 2.50123
-0.0185799 0.102504 28.8926
0.0158214 0.0964216 -7.87892
0.0393105 0.0560592 -29.7741
0.0127693 0.00543372 3.85105
0.101283 -0.0155854 -97.071
0.112038 -0.00968171 -109.162
0.0998659 -0.0263302 -93.7893
0.136301 -0.027335 -137.869
0.109222 -0.0151281 -105.738
0.0122939 0.0195549 2.25938
0.0329535 0.0341861 0.00685666
0.0723169 0.101701 -8.70701
0.106062 0.0414752 -3.93783
0.0540094 0.0142028 2.78472
0.0123748 0.00308626 7.52381
0.0343349 -0.0230001 7.19651
0.233391 0.00925929 -26.0757
-0.293288 -0.0212459 67.7289
0.0119519 -0.0422828 11.1716
0.00180514 -0.0368819 12.8296
-0.0112109 -0.0357525 16.0065
-0.0373436 -0.046323 23.9735
-0.0405101 -0.047634 24.7686
-0.0539894 -0.0346001 27.5308
-0.0181454 -0.00408614 12.8936
-0.00524953 -0.0211107 10.1724
0.0192815 -0.0497339 3.54538
0.0619502 -0.1908 2.56273
-0.0263514 -0.0492347 26.5765
-0.138015 -0.0393199 74.1506
0.00782646 -0.0165969 1.58445
0.0102831 -0.023883 0.391621
0.0582164 -0.0397381 -21.6795
0.0284076 -0.0531976 -5.15036
-0.00112087 -0.0269631 8.08029
-0.0193833 -0.020375 18.6228
0.00280477 -0.0584642 8.01679
0.0109237 -0.0536512 1.9331
0.0366104 -0.081522 -10.392
0.00118127 -0.0484306 9.87839
0.0190871 -0.0573974 -0.975221
0.0137498 -0.0416925 1.0967
-0.0339915 -0.0487566 35.5278
-0.0217971 -0.0607962 26.5306
0.0367379 -0.0393213 -19.0019
0.0382508 0.0122598 -25.1965
0.0522829 0.00210439 -34.942
0.060612 -0.00152902 -40.9765
0.0201002 -0.00538646 -6.56048
0.00913382 0.00104435 2.11322
0.0085086 -0.00115625 2.89149
0.00993487 -0.0142698 2.94931
0.00646431 -0.00763331 4.83609
0.0793605 0.0185634 -67.1798
0.136357 0.0512524 -125.344
0.110046 0.0735277 -101.581
0.0724183 0.0672517 -61.8742
0.0278888 0.0679776 -15.8443
-0.0201072 0.0496213 35.8538
0.00150889 0.0342754 13.694
-0.00914185 -0.00790893 29.1828
-0.00695791 -0.0100588 26.852
0.0596427 -0.0253354 -48.6652
0.117306 -0.0523993 -111.679
0.101794 -0.0555989 -93.76
0.114145 -0.0338101 -110.417
0.133881 -0.032415 -134.713
0.00947839 0.0164714 3.20196
0.0118518 0.020584 2.30806
0.0898421 0.0518483 -4.39925
0.0706659 0.0251969 1.00118
0.0191763 0.0170934 5.68161
0.00384243 0.0292879 5.33381
0.0584649 0.00917103 0.61932
0.163464 0.00956416 -14.2268
-0.347566 -0.00116093 75.9968
-0.00951514 -0.0345353 14.9855
0.00842074 -0.0534568 13.3766
-0.0119272 -0.0608992 19.0045
-0.0262533 -0.0734743 24.2386
-0.0249144 -0.0598876 21.6684
-0.0135606 -0.0166159 12.7931
-0.0180747 -0.00781633 13.3295
-0.0467413 -0.0428344 27.3276
-0.00583035 -0.0451365 13.1714
-0.00875503 -0.066081 15.2693
-0.00424301 0.00418478 4.71542
-0.0043118 0.00683117 4.43455
-0.0211476 -0.000607607 13.0131
-0.0197161 -0.0112322 13.28
0.0267114 -0.0329033 -7.08346
0.0219713 -0.0556095 -1.5807
-0.000953092 -0.0600891 11.3811
-0.00448204 -0.0646347 14.0303
-0.00383372 -0.0547509 12.3532
0.0016414 -0.0568204 9.27017
0.0164197 -0.0512831 -0.630919
0.0106925 -0.0487691 2.99639
0.0141315 -0.0654239 3.18863
0.0209341 0.034686 -1.53566
-0.0287188 -0.0791543 34.1373
0.0416762 -0.0478536 -21.3922
0.0566311 -0.027686 -35.0302
0.0665196 -0.00734539 -44.2271
0.0536849 0.0163895 -37.5053
0.0468099 -0.0357191 -25.2653
0.0238963 -0.0096997 -9.30698
0.0152715 -0.00604103 -2.40119
-0.004092 -0.0173623 16.1054
-0.0165233 -0.0166367 27.4391
0.0257168 -0.00519774 -13.4738
0.0505739 0.011467 -39.0774
0.160985 0.0469486 -149.588
0.11115 0.073502 -102.201
0.049916 0.0461391 -36.5887
-0.0187965 0.0371454 35.8498
-0.0452026 -0.00975182 69.103
-0.0428268 -0.0101713 66.3992
-0.061562 -0.0335953 89.5827
-0.0162154 -0.0452087 40.4918
0.0913676 -0.0437934 -83.6582
0.103098 -0.06064 -94.9496
0.102837 -0.0635941 -94.849
0.145828 -0.049469 -147.576
0.133769 -0.0570249 -131.627
0.0235066 0.0069829 3.87595
0.0627196 0.0118214 1.70875
0.0862616 -0.0458427 9.1307
0.0456358 -0.0118821 7.61062
0.0147826 0.00780476 7.33087
0.0191912 0.000615415 7.38327
0.0866412 -0.0148914 0.0987207
0.14749 -0.00740531 -9.37162
-0.426467 0.00740155 88.6787
-0.0290872 -0.0512923 21.1856
-0.0163991 -0.0648098 20.5859
-0.0174086 -0.0679413 20.7459
-0.0145237 -0.050071 17.1304
-0.00428286 -0.0580484 15.3219
0.00601132 -0.0339981 9.11862
-0.025729 -0.00810369 15.8504
-0.0386979 -0.0354758 22.7122
-0.0200317 -0.0453376 16.7101
0.0146392 0.0128689 -4.33934
0.0010515 0.0118448 1.59566
-0.00738868 0.0148203 4.86447
-0.0192535 0.0100323 11.1147
-0.02993 -0.000469588 17.0658
0.0110428 -0.00865262 -2.19148
0.00258599 -0.0254572 5.09466
-0.00538215 -0.0587817 13.485
-0.00300381 -0.0540869 11.227
0.0239957 -0.0436927 -6.48521
0.145967 -0.0138435 -85.2567
0.0319796 -0.0422525 -11.7623
0.0414792 -0.0325317 -19.1967
0.378949 0.0316436 -255.319
0.0151829 0.00113363 7.08389
0.0197625 -0.0605493 -2.96775
0.0302659 -0.0195131 -16.1171
0.0359943 -0.0356863 -18.235
0.0588244 -0.0544742 -33.1973
0.0541911 -0.0521906 -29.4329
0.0521232 -0.0468604 -27.8414
0.013441 -0.0145857 0.33074
0.0208324 -0.020945 -5.04212
-0.0122845 -0.0266332 24.6734
-0.0086283 -0.027015 21.2759
0.0239392 -0.0122223 -10.9146
0.0303574 -0.0110423 -17.1237
0.152826 0.0864066 -145.264
0.112664 0.0766853 -104.36
0.00669918 -0.301929 51.9061
-0.0359294 0.0379242 53.137
-0.0734812 -0.0641354 106.114
-0.0368942 -0.0508749 65.7442
-0.0502546 -0.0637333 80.5866
0.00590952 0.00454695 6.64312
0.0970333 -0.0299104 -92.189
0.0972804 -0.0176382 -93.8293
0.111708 -0.0577849 -105.56
0.124588 -0.0659463 -118.953
0.109162 -0.0785453 -98.372
0.0186609 0.0447806 -1.93208
0.02986 0.0221649 1.06479
0.0727673 -0.0165633 5.12584
0.0332172 -0.0374335 11.7924
0.0212162 -0.019132 10.4905
0.0281293 -0.0223326 9.76063
0.0734347 -0.0383736 5.72659
0.163884 -0.0214694 -9.62925
-0.411408 0.0272912 82.6621
-0.04572 0.00908497 14.949
-0.0179176 -0.0143195 12.4268
-0.0034813 0.014476 4.65608
-0.0219031 0.0216213 8.31051
-0.0149243 -0.0202872 12.4403
0.00557598 0.00185496 3.73722
-0.0393468 0.000637929 18.2058
-0.02953 0.0144802 12.1022
-0.00628294 0.0408164 -0.511307
0.007973 0.0268881 -3.68725
-0.00141231 0.0102519 3.02672
-0.0175682 0.0177044 8.96462
-0.00955066 0.00407687 7.66768
-0.0419797 0.00758928 21.9687
-0.0137692 0.0033631 8.47045
-0.0018254 0.00426335 2.70808
-0.0282441 -0.0283849 21.7742
0.0020971 0.0488095 -7.46061
0.0140539 -0.0301693 -2.28133
0.0147312 -0.0479532 -0.0703274
0.0175141 -0.0905956 4.94748
0.0622116 -0.00927724 -35.4324
-0.0101589 -0.0527173 17.4593
-0.000425127 -0.00442762 18.7627
-0.0180772 -0.0381199 21.0524
-0.00622941 -0.0323481 11.3229
0.0405653 -0.030079 -23.1366
0.076388 -0.0910655 -41.7889
0.071249 -0.0198519 -49.0594
0.0168883 -0.211835 22.0119
0.0270639 -0.0103931 -11.9127
-0.0135487 -0.0324999 26.6025
-0.0114987 -0.0284867 24.2363
0.0163252 -0.0250955 -1.92497
0.0297898 -0.00833194 -17.0459
0.0258142 -0.004165 -13.924
0.0281903 -0.00466427 -16.0526
0.00457347 -0.0164292 9.66095
-0.000556279 0.0014546 12.4142
0.0446489 0.0112147 -37.5295
0.0666561 -0.186183 -27.292
0.019016 -0.0705646 5.91851
-0.0100708 -0.00366691 26.8117
0.0146329 0.0274041 -5.96654
0.0485669 -0.00200274 -40.3504
0.0775617 -0.0569052 -65.3018
0.0906393 -0.0465917 -83.0008
0.118551 -0.0775294 -110.713
0.124353 -0.0940868 -114.826
0.00390943 0.0526371 -2.94019
0.00794128 0.0484749 -2.41107
0.0391243 0.0138962 2.31475
0.0427384 -0.00188313 5.36077
0.0215669 -0.0165706 9.74092
0.0322618 -0.00196679 5.51686
0.0861422 -0.028508 2.52669
0.143698 -0.00888436 -8.49281
-0.332807 0.0436773 64.2524
-0.0178477 0.054207 1.00266
-0.0283109 0.0569821 2.90906
-0.0157969 0.0552323 0.577312
-0.0128509 0.0712755 -3.16777
-0.0126879 0.0448975 1.65961
-0.019658 0.0308167 6.51056
-0.00352473 0.0196633 3.36865
-0.00756068 0.0645414 -3.69805
-0.0147263 0.0789025 -3.70622
-0.0280178 0.0471588 7.077
-0.0093729 -0.00333347 8.80876
-0.0320179 0.00321308 17.7839
-0.0264272 0.0117987 14.1123
-0.03089 0.0221671 14.0613
-0.0150777 0.0370272 3.65551
-0.0191221 0.0153471 19.4915
-0.00723457 0.055826 -4.03371
0.00269119 0.191752 -32.509
-0.0129179 0.171908 -20.004
-0.00840048 0.00472659 5.80403
-0.00357006 0.188171 -29.8199
0.00889795 -0.0218831 -0.193544
0.00533963 -0.0131325 -0.113024
-0.00237712 0.00387932 18.6849
0.00353705 0.0102823 -2.93357
-0.021086 0.00967271 16.5836
0.0640073 0.00780905 -48.0685
0.058532 -0.027664 -38.6778
0.0308949 -0.105941 -2.83816
-0.0473552 0.204896 2.82707
0.0742795 0.0203199 -68.757
-0.0166207 0.147039 -12.5431
0.0772122 -0.076385 -53.8146
0.144687 -0.155868 -98.7541
0.0512092 -0.00212499 -38.1873
0.0266358 0.00331644 -15.8082
0.0277125 0.017922 -19.981
0.0183538 0.0238956 -11.5233
0.0034933 0.0154309 5.29321
0.0195803 0.0192074 -12.4318
0.0574429 0.020068 -52.823
0.0660945 0.0337511 -63.8129
0.0342657 0.0221399 -26.7312
0.00967419 0.0207229 0.820511
0.0235325 0.0206107 -15.5088
0.0519501 -0.0106745 -43.0506
0.0786127 -0.0273466 -71.5619
0.0767436 -0.102473 -55.2044
0.114239 -0.0881594 -103.543
0.00353911 -0.00528325 46.4163
0.0032109 -0.0047164 46.31
0.00199127 -0.00447175 46.3166
-0.00585954 0.00329957 45.2056
-0.00865454 0.002874 45.5121
0.0428252 0.0162281 1.02227
0.0856968 -0.0135973 0.970212
0.0896175 0.0175582 -5.07121
-0.0728859 0.0799972 6.91032
-0.0291869 0.117615 -8.87041
-0.0066633 0.157027 -21.5538
0.00626094 0.156209 -24.8493
-0.00389429 0.165188 -24.4152
-0.0128624 0.172453 -23.2892
0.00166488 0.272122 -48.6682
-0.000663919 0.286204 -50.9235
-0.00236111 0.148829 -21.5145
-0.0146685 0.154306 -18.5668
-0.00337449 0.288662 -50.3723
0.00644439 0.327205 -62.455
0.0152354 0.306572 -61.8389
0.0050141 0.326049 -61.1337
0.000439675 0.347831 -63.8863
0.0286058 0.0275426 -7.58876
-0.016194 0.0140127 18.4971
-0.0956329 0.107414 41.5207
0.0374485 0.269981 -68.2726
0.075262 0.205588 -76.2431
0.0132324 0.0203244 0.394075
0.018219 0.271756 -58.8663
0.00690765 0.319044 -61.4337
0.0204233 0.356957 -78.2816
0.0300705 -0.00696273 -1.97419
-0.0252872 0.390302 -53.8853
-0.0327342 0.395378 -49.4753
-0.00703493 0.397537 -69.1153
-0.000638773 0.364843 -67.6856
-0.0388012 0.296714 -22.55
-0.0130451 0.334544 -51.7009
-0.0108835 0.380591 -63.409
0.00459235 0.412014 -83.3366
0.0163434 0.364302 -84.1948
0.0905937 0.0477013 -84.653
0.084797 0.0356255 -77.0572
0.0271839 0.0487845 -25.354
0.0134881 0.0933207 -21.703
0.0297368 0.0495869 -28.1194
0.0109232 0.0527858 -9.60141
-0.00854825 0.0449281 11.739
0.0502639 0.0542383 -51.8908
0.0565375 0.0216959 -50.8395
0.0233419 0.011997 -12.4146
0.000560945 0.00349238 14.658
0.0116729 0.00176185 2.13331
0.0403892 -0.00850871 -29.2742
0.0442272 -0.0294497 -29.3496
0.0586852 -0.0470678 -43.473
0.0525741 -0.0846522 -28.0261
0.00410527 -0.00525865 46.4028
0.00439859 -0.00453175 46.2297
0.00548786 -0.00219482 45.6498
0.000117915 0.00212307 45.07
-0.00159662 -0.0165951 49.7633
-0.0525677 0.0878097 68.0033
-0.0431015 0.0182927 82.3188
-0.113556 0.0280149 90.4023
-0.0401153 0.200705 -23.0305
-0.0181469 0.226551 -33.3958
-0.0147796 0.237122 -36.4962
-0.0133115 0.24438 -38.5547
-0.00455104 0.255051 -43.2096
-0.00243167 0.261915 -45.341
0.00296045 0.34091 -64.6403
0.00637929 0.327659 -62.6003
0.0126771 0.318381 -62.9071
0.0197106 0.337967 -69.5672
0.00438047 0.343006 -64.8557
0.00867579 0.338076 -64.9989
0.000515345 0.323469 -58.4835
-0.00298839 0.313739 -54.7228
-0.000947936 0.319746 -57.2597
0.0114231 0.27931 -54.1407
-0.0016986 0.313916 -55.5381
0.00435368 0.307703 -57.1975
0.0225811 0.30202 -66.6456
-0.00290783 0.307106 -52.833
0.00391456 0.326369 -61.433
-0.00309348 0.29559 -49.7067
0.0248901 0.31247 -71.7132
0.0318421 0.299255 -72.7818
-0.0198609 0.0512335 20.2175
-0.00747779 0.347768 -57.0033
-0.0232349 0.38713 -54.3776
-0.0303481 0.35914 -42.9214
-0.0195661 0.364771 -52.3553
-0.00281107 0.340747 -60.2012
-0.00691845 0.35421 -60.03
0.000626496 0.372879 -70.6975
-0.0119584 0.389075 -63.5304
-0.0198903 0.376344 -53.6685
-0.0110906 0.392199 -65.549
0.0153086 0.333371 -76.7868
0.0224996 0.215492 -56.9657
0.0290409 0.179335 -55.3281
0.0111545 0.13269 -27.6081
0.0142795 0.0912058 -21.5254
0.0160189 0.0855875 -22.226
0.0211063 0.0760354 -24.8183
0.0366239 0.0375301 -32.833
0.00794243 0.00315273 6.43058
-0.00602783 -0.00993838 24.9038
0.0106625 -0.0120784 6.27265
0.0259922 -0.0255363 -8.58663
0.0239188 -0.0448411 -1.48161
0.017207 -0.0457096 6.36777
0.000313191 -0.0610055 30.536
-0.0173157 0.0305184 87.3801
-0.0172896 0.0307549 87.3266
0.00614503 -9.74199e-05 45.1456
-0.0359486 0.0183627 91.7443
-0.0100173 -0.0347006 54.8687
0.000144457 -0.0257357 51.4718
-0.0455054 0.00433785 85.8696
-0.0957407 0.015787 91.3149
-0.152467 0.0429326 93.5229
-0.0111194 0.280324 -47.8229
-0.0130674 0.278624 -46.8584
-0.0165565 0.333035 -58.639
0.00740167 0.364642 -71.752
0.0207875 0.384966 -80.7614
0.0136677 0.387446 -78.9179
0.00114905 0.343735 -63.4371
0.00982461 0.352346 -68.5037
0.00868482 0.319288 -60.2908
0.00439383 0.310719 -56.9881
0.00155198 0.316206 -57.4064
-0.0020686 0.330253 -59.3515
-0.00695146 0.323512 -55.3397
-0.00573813 0.327948 -57.0852
-0.00604391 0.319601 -54.6865
0.00140911 0.316118 -57.4438
0.00776115 0.318494 -61.3862
0.0064241 0.337109 -65.2425
0.00314559 0.333325 -62.5223
-0.000234304 0.3331 -60.5516
0.00541512 0.327716 -62.8176
0.00983708 0.317034 -62.9977
0.0285089 0.296751 -70.3917
0.018251 0.305424 -65.2753
-0.0118873 0.338779 -51.5128
-0.0258297 0.348418 -43.6231
-0.0285747 0.338646 -39.3947
-0.0179116 0.330366 -45.8314
-0.00634667 0.329817 -54.9167
0.00228049 0.322561 -60.0303
0.0019973 0.299985 -53.8923
-0.00657236 0.316016 -50.1792
-0.016844 0.332504 -45.2341
-0.012941 0.354193 -54.0392
-0.00803772 0.336817 -54.9198
0.00476037 0.339352 -67.364
-0.0415552 0.357012 -27.5104
-0.0187115 0.402706 -61.3604
0.000276707 0.278188 -47.7408
-0.0130401 0.151825 -7.23574
0.00163405 0.0843029 -6.14757
0.00488653 0.0454563 -0.16473
-0.0039621 0.00817486 18.5125
0.00325274 -0.0837965 41.4217
0.363948 0.026563 -407.535
0.0139417 -0.0158915 3.37332
0.0105596 -0.0250483 9.69691
0.0121794 -0.0362222 10.3454
0.0219398 0.0330074 -11.7272
-0.0175387 0.0304468 87.4165
-0.0189302 0.0305286 87.4526
-0.0250306 0.0284382 88.3184
-0.0352067 0.0210069 90.9978
-0.039186 0.0189629 91.8648
0.00339099 0.0277957 73.521
-0.02776 0.0639486 67.3694
-0.0951797 0.0387209 84.3395
-0.135505 0.0282718 94.2074
0.114172 0.643253 -171.068
0.00427408 0.400877 -80.8938
-0.022644 0.3348 -55.6001
-0.0103999 0.315443 -52.8798
0.00303703 0.341494 -63.472
-0.00558648 0.300366 -50.2581
-0.00706873 0.306871 -51.7166
-0.00421866 0.304771 -52.0985
0.00421464 0.315324 -58.1906
0.00332023 0.32886 -61.4815
0.00488302 0.325866 -61.1916
0.00875302 0.329413 -63.8542
0.000921748 0.32732 -59.8562
-0.00528487 0.329867 -57.5894
0.0014855 0.332178 -61.5427
-0.000742688 0.331075 -60.0588
0.00240273 0.331838 -61.97
0.00895417 0.331893 -65.5126
-4.47787e-05 0.328072 -59.3024
-0.00438993 0.32996 -57.1118
0.00204051 0.32909 -60.92
0.00528127 0.320185 -60.8813
0.00676681 0.325219 -63.2367
0.0171123 0.30964 -65.937
0.0242323 0.296864 -67.2736
-0.00447021 0.335929 -56.5126
-0.0216237 0.342786 -45.6953
-0.0177517 0.347008 -50.0518
-0.0177404 0.341759 -48.8244
-0.0204031 0.338635 -45.6423
-0.00341699 0.325217 -56.2152
-0.014417 0.324779 -46.1978
-0.0165773 0.30748 -39.4602
-0.0130585 0.317064 -45.0737
0.0018111 0.327434 -61.6583
-0.0154052 0.326428 -44.5117
-0.0205283 0.330978 -40.9655
0.0016195 0.337555 -64.9168
-0.0118667 0.328411 -48.9256
-0.00934026 0.299394 -43.9812
0.016306 0.343488 -82.2248
-0.00619346 0.17204 -13.4628
-0.0306312 0.239898 -4.43475
-0.0282596 0.235719 -6.37894
-0.0216676 0.100632 22.2154
-0.00539569 0.0337267 21.3387
-0.00353856 0.0318027 19.6831
-0.00458167 0.0295967 21.4989
0.0159641 0.0350345 -4.91554
-0.0176909 0.0295774 87.6774
-0.0198176 0.0293564 87.8314
-0.0306383 0.0285232 88.6226
-0.0530581 0.02185 92.1724
-0.121414 0.0262663 96.667
-0.0939338 0.265223 23.3927
-0.0843103 0.084277 70.2379
-0.126522 0.0463763 86.8535
-0.138745 0.0331173 93.0498
-0.105104 0.00455739 95.1928
-0.0314053 0.306676 -45.6842
-0.0229836 0.289569 -42.8819
-0.00188827 0.296723 -50.3697
-0.00247211 0.302765 -52.0715
-0.00144697 0.310192 -54.483
-0.00109619 0.319343 -57.2638
0.00503451 0.333294 -63.3491
0.00295127 0.330043 -61.7829
0.00676924 0.329102 -63.0753
0.00864121 0.334 -65.2333
0.00621444 0.322948 -60.9967
0.00262189 0.324697 -59.9464
0.00878418 0.331515 -64.8658
0.000281954 0.333944 -61.2316
0.00439222 0.334158 -63.5055
0.00237816 0.338514 -63.6819
0.0036345 0.330851 -62.3484
-0.00161905 0.323892 -57.0446
-0.00197494 0.315631 -54.5286
0.00499989 0.322299 -60.8205
-0.00232452 0.329998 -58.3646
0.00774932 0.323902 -63.3128
0.0115888 0.307355 -61.3227
0.0173281 0.306591 -65.21
0.0181587 0.305156 -65.3276
6.99244e-05 0.322955 -56.5699
-0.0118276 0.348483 -54.6494
-0.0137164 0.345074 -52.1421
-0.0210919 0.357186 -50.1366
-0.0123728 0.368437 -60.3352
-0.0294077 0.375474 -47.6928
-0.0170595 0.360811 -54.4418
-0.0138461 0.327197 -47.6669
-0.00640715 0.31362 -50.2787
-0.00944913 0.317285 -48.1153
-0.00924948 0.326763 -51.2137
0.00229521 0.318833 -60.1705
-0.0101571 0.313536 -46.0534
-0.00453437 0.306897 -49.8536
0.0110157 0.291454 -61.2449
0.0171594 0.282998 -65.3738
0.0111452 0.233003 -43.9009
0.011219 0.213999 -38.2995
0.00342694 0.246979 -39.288
-0.0273785 0.217879 4.49323
-0.0142309 0.274549 -27.2768
0.023236 0.29308 -77.2606
0.0532176 0.946705 -307.264
-0.0185519 0.0286868 87.961
-0.0200843 0.0274309 88.4261
-0.0284272 0.0274626 88.8426
-0.0470145 0.0314099 88.8831
-0.0667324 0.0460739 85.9623
-0.104867 0.101323 67.9199
-0.0990781 0.0932801 69.8113
-0.130188 0.0717365 80.6809
-0.145658 0.0516509 89.7543
-0.14608 0.0160649 99.9919
-0.00906236 0.301142 -49.963
-0.00997569 0.31436 -53.7642
0.00881208 0.326168 -62.2772
0.00222737 0.321959 -58.9859
-0.0028112 0.323812 -58.1798
0.00584089 0.31997 -59.669
-0.000859615 0.324028 -58.6883
0.00577809 0.330534 -63.0917
0.00703952 0.333254 -64.305
0.00234173 0.333307 -62.4462
0.00209005 0.330447 -61.4575
0.00979708 0.331479 -65.2803
0.000522682 0.320881 -57.3073
-0.00396648 0.323868 -56.1775
0.00160105 0.328367 -60.4732
0.00600756 0.324809 -61.5653
-0.0066584 0.326405 -55.0332
-0.00138464 0.327984 -58.5855
0.000827724 0.324174 -58.7319
0.000537669 0.331102 -60.645
-0.00545007 0.326694 -55.2037
-0.00123907 0.323577 -57.0735
0.00567796 0.320059 -60.7502
0.0144499 0.317141 -66.2893
0.0123072 0.312286 -63.1957
0.0144962 0.309785 -64.1044
0.0165629 0.326805 -70.5592
-0.0107489 0.361261 -59.1384
-0.0142331 0.357097 -54.9219
-0.013371 0.365383 -58.5077
-0.0346068 0.357258 -36.9885
-0.0154954 0.330337 -45.8944
-0.00575846 0.350184 -61.592
-0.00332794 0.388218 -75.3883
-0.0115626 0.358902 -58.8018
0.00734602 0.335613 -70.4058
-0.007946 0.348771 -58.8377
-0.00389878 0.327319 -56.5183
-0.0112953 0.317922 -45.8244
-0.00376581 0.292542 -45.7785
-0.00055109 0.284892 -46.9954
0.00214614 0.263823 -43.8112
-0.000651744 0.271103 -42.5895
0.00123781 0.271192 -44.4429
0.00156272 0.257749 -41.13
0.0170752 0.287657 -68.5543
0.0173303 0.279027 -65.8407
-0.0477031 0.324533 -1.73844
-0.0208327 0.0289516 87.9039
-0.0213922 0.0258738 88.9738
-0.0259159 0.0228317 90.2352
-0.038122 0.02039 91.9381
-0.068898 0.0192396 95.4505
-0.191838 0.0714 89.1247
-0.127791 0.08438 76.0107
-0.136992 0.0410672 91.6371
-0.175989 0.0133381 108.059
-0.183315 0.0148533 108.566
0.00253078 0.323339 -59.5601
0.00234777 0.327961 -61.0568
0.00682278 0.325877 -61.5829
0.00585167 0.32718 -61.5842
0.0044769 0.327937 -61.5816
0.0044983 0.327903 -61.5666
0.00163296 0.340277 -64.7461
0.00574874 0.33361 -64.1015
0.0074234 0.333548 -64.6818
0.0080281 0.330611 -64.0377
0.00381207 0.338387 -64.7594
0.00574424 0.329519 -62.7515
-0.00517108 0.318225 -53.6672
0.00139202 0.326953 -59.9378
0.00436256 0.325761 -60.9628
0.00457693 0.326807 -61.5493
-0.00304996 0.328558 -57.8762
0.00329507 0.32477 -60.2814
-0.00115698 0.32269 -56.9037
0.000676158 0.319547 -56.921
-0.00263301 0.321422 -55.3962
-0.00146612 0.325784 -57.6467
0.00888123 0.328271 -65.6366
0.00526359 0.327101 -62.6708
0.00605341 0.318225 -60.3971
0.00714231 0.318528 -61.235
0.0201175 0.306517 -67.4157
0.0317075 0.30801 -76.63
-3.14857e-05 0.351342 -64.9807
-0.00334965 0.359247 -64.8281
-0.0223057 0.347501 -44.4338
-0.0396434 0.349272 -30.3043
-0.0147842 0.342556 -50.3394
-0.00727506 0.351361 -59.4715
0.037349 0.337569 -96.6224
0.0648933 0.244258 -90.853
0.136814 0.180156 -140.901
-0.0159824 0.310741 -38.5031
-0.00893594 0.3141 -46.9808
-0.0176681 0.352608 -50.5599
-0.00823857 0.309213 -46.8746
-0.00963329 0.305463 -43.5142
-0.0154657 0.324156 -43.4013
0.00135025 0.325075 -62.7685
-0.0103425 0.302107 -41.1289
0.0172471 0.290397 -69.6193
-0.0248166 0.290732 -18.4381
-0.00365207 0.304444 -48.9022
-0.0253353 0.0301081 87.5688
-0.0266951 0.0249059 89.4853
-0.0343424 0.0169452 92.7157
-0.0515976 0.000342542 99.9091
-0.13068 0.00655028 104.735
-0.163091 0.011891 106.609
-0.137508 0.0430361 91.3615
-0.151827 0.0206748 101.024
-0.183135 -0.00316346 114.62
-0.197282 -0.0207613 123.644
0.00072579 0.334594 -63.0087
0.00304182 0.327704 -61.1709
0.00578481 0.325507 -61.1276
0.00316001 0.32104 -58.653
0.00133174 0.31588 -56.2997
0.00526769 0.324028 -60.3718
-0.000766734 0.325759 -58.887
0.00172912 0.328603 -60.8074
0.00767048 0.329754 -63.5847
0.00673383 0.324757 -61.3452
0.000305648 0.330564 -60.5673
0.00437414 0.330383 -62.4374
-0.00131262 0.322431 -56.9012
0.0012323 0.316263 -56.0208
0.00293253 0.325514 -60.2035
0.00310321 0.329466 -61.712
-0.000201902 0.32761 -59.1586
-0.00122062 0.31872 -55.5181
0.00181318 0.31645 -56.488
-0.000267745 0.319915 -56.448
0.000729014 0.331495 -61.1785
-0.000151326 0.330359 -60.1102
0.000839263 0.322193 -57.8687
0.000990559 0.326804 -59.4828
0.00485189 0.323689 -61.2368
0.00617194 0.316674 -59.8517
0.0087008 0.313795 -60.8316
0.0255359 0.291082 -66.3097
0.0481366 0.287229 -83.3477
0.0250915 0.314049 -72.9037
-0.0149454 0.350657 -51.3697
0.00740192 0.346459 -70.8917
-0.0089134 0.365296 -63.0676
-0.00291294 0.343024 -61.0832
0.0297427 0.282598 -70.6981
0.0344599 0.265098 -68.5943
0.0610794 0.205384 -73.8809
0.030651 0.0576874 10.0223
-0.0190586 0.0299314 70.1281
-0.0268001 0.375841 -48.783
-0.0144675 0.365528 -58.4941
-0.00863785 0.379521 -69.9073
-0.0136698 0.375172 -62.7111
-0.0184074 0.364507 -53.4822
-0.00803806 0.326701 -51.969
-0.00480591 0.298492 -45.7255
-0.00830806 0.272917 -32.2504
0.00146131 0.279466 -46.5191
-0.0307079 0.0327775 86.6863
-0.0338796 0.0243094 89.9321
-0.0448555 0.0107859 95.4642
-0.0630039 -0.0119391 105.082
-0.0813802 -0.0179382 108.823
-0.153463 0.0528573 90.549
-0.156643 0.0298516 98.8998
-0.185367 0.00729366 111.268
-0.18701 0.00180238 113.627
-0.200119 -0.00446718 118.535
-0.0128407 0.297102 -46.3129
-0.00163725 0.296744 -48.9473
0.00684579 0.303574 -53.5179
0.00656772 0.296367 -50.7623
0.00433783 0.317675 -57.7635
-0.0028475 0.303402 -50.2728
0.00409447 0.29821 -50.7385
0.00554627 0.311099 -56.0492
0.00572187 0.305959 -54.2831
0.00889041 0.304377 -54.9012
0.00754301 0.306786 -55.2191
0.00344443 0.323697 -59.6203
-0.00664384 0.315148 -51.6547
-0.000382033 0.30844 -52.4089
0.00669411 0.300477 -53.2297
-0.000270834 0.314682 -54.5778
-0.00616766 0.299882 -45.8703
-0.00276913 0.28818 -43.6553
0.00122554 0.29354 -47.9296
0.00303029 0.291299 -48.3029
0.00726097 0.309542 -57.604
0.00105784 0.315924 -55.7644
0.00350971 0.307636 -54.4388
0.000467873 0.305743 -51.5478
-0.00353275 0.293124 -44.0555
0.00107398 0.303094 -51.1436
0.0027084 0.298259 -50.5641
0.00890142 0.282571 -49.7939
0.0337372 0.2627 -62.8859
0.0538774 0.263799 -79.7681
0.0121991 0.301472 -57.5873
-0.023166 0.358855 -47.4561
-0.0148334 0.359402 -55.5058
-0.0144794 0.308256 -37.6359
0.0257518 0.271281 -62.6841
0.0441647 0.277066 -82.3212
-0.0238899 0.270428 -11.9369
-0.0384196 0.0646481 78.3284
-0.0504131 0.0428229 98.4769
0.255568 0.0268644 -219.329
-0.00311513 0.330856 -58.4158
-0.00151659 0.372738 -75.012
-0.0102811 0.391271 -72.035
-0.0254514 0.379101 -49.9223
-0.0214798 0.346214 -42.7727
-0.0224863 0.320501 -31.8258
-0.0245168 0.268335 -10.7801
0.00650294 0.263874 -47.0686
