0.0445226 0.0282233 7.50728
-0.0003105 0.0262887 8.33863
-0.0117242 0.0676179 8.74337
-0.0279941 0.0669054 10.0112
-0.0179505 0.0178676 9.30511
0.00350918 -0.0151424 8.06423
-0.0206066 0.00365983 10.9489
-0.0236856 0.00897126 11.3322
0.0180506 0.00297526 21.1102
-0.783112 -0.129096 177.627
0.117727 0.122168 -21.5302
0.0863695 0.0800132 -12.7816
0.0552925 -0.0234674 4.9492
-0.00438894 0.0318515 11.2393
-0.00274797 0.0202606 10.8571
0.0199547 0.0352893 3.38822
0.0277036 0.0489511 0.450186
-0.0637231 -0.0930819 45.7586
-0.0377807 0.0449001 25.1357
-0.0109431 0.0196056 14.989
-0.00129952 0.0179808 11.0014
-0.0297095 0.024192 23.8018
-0.0565283 -0.00650595 36.8927
-0.0723208 -0.0305119 45.1176
0.00275062 -0.0386798 16.415
0.006187 -0.0217763 14.3914
0.0206823 -0.0117005 6.07083
0.0359838 -0.00678799 -3.22265
0.0198295 0.000270491 6.83892
-0.00562123 -0.00698727 22.8517
-0.0149511 0.00271334 28.4946
0.0368755 -0.00225901 -6.78838
0.0260374 -0.0228834 1.95954
-0.0153929 -0.0195247 31.7441
-0.0382997 -0.00497306 47.5953
-0.00686093 -0.00716284 23.5429
0.00778594 0.00234207 12.1119
0.00824481 -0.0174951 12.3326
-0.0144018 -0.0359963 31.129
-0.0266807 -0.0474476 41.7303
-0.0644118 -0.104689 75.2794
-0.01238 -0.0259173 23.3055
0.00294346 -0.00888996 9.19248
0.0212315 0.0117804 -8.38444
0.0580283 0.00791344 -43.4984
0.0495521 0.0167337 -35.3197
0.0271781 0.0347808 -13.2855
0.0122043 0.0372346 1.7827
0.0275075 0.0406768 -14.3972
0.00794874 0.0132464 6.65669
0.00837775 0.0129946 5.91646
0.00012671 0.0216924 15.2298
-0.0168721 -0.00186258 87.4737
-0.0108774 -0.00653411 27.6637
-0.0200366 -0.00520496 38.4385
-0.0465236 -0.0227862 70.6605
-0.109712 -0.0137828 146.762
-0.158595 -0.0613401 206.367
0.0620861 0.0371931 7.48968
0.0449062 0.0640065 7.47758
0.0306827 0.0940067 6.41454
0.029298 0.00431348 11.8754
0.0247177 -0.00133106 12.1796
0.0079765 -0.000408005 7.142
-0.0166702 0.0223757 9.85915
-0.0222301 -0.0179249 28.7277
-0.0271403 -0.00901365 29.3403
0.0922713 0.0642461 -14.0233
0.0790197 0.0689498 -10.9468
0.0627239 0.0550787 -6.61558
0.0547822 -0.0366497 5.41324
0.0342272 -0.0332812 10.9512
-0.0195703 0.0730543 14.3543
0.0126696 0.0774696 4.20515
0.0299894 0.0501249 -0.35842
-0.15218 -0.120353 79.4262
-0.0122701 0.0691714 14.2563
0.00325613 0.0589942 7.4278
0.00545772 0.0703743 6.21029
-0.0181047 0.0844977 17.1651
-0.0403296 0.0907583 27.1433
-0.0985447 -0.00842073 57.8941
-0.0455283 -0.0117126 30.0656
0.0691936 -0.114796 -27.0757
0.0329715 -0.0450611 -0.0115033
0.0338916 -0.0285987 -0.765036
0.0327006 -0.0124976 -0.698742
0.00705183 -0.0298606 15.4044
-0.0205399 -0.00414257 32.3506
0.00699257 -0.0101043 14.1576
0.0219712 -0.0298764 4.74329
0.00893804 -0.041165 14.5888
-0.0331526 -0.0506195 45.5755
0.00179622 -0.0118934 17.1378
0.00752953 0.00197355 12.343
-0.0142725 -0.0128488 30.3014
-0.0297201 -0.0358777 43.8474
-0.0100404 -0.0263303 26.9336
-0.0955717 -0.207177 102.797
-0.0122833 -0.0358118 23.4292
0.00958691 -0.0142542 3.23672
0.0149736 -0.00515669 -2.13134
0.0513387 0.0150179 -37.7802
0.0677872 0.0226341 -52.8347
0.0305814 0.0192858 -16.082
0.0107147 0.0204411 3.93966
0.000785893 0.00627745 14.554
-0.00636023 -0.00843002 22.3821
0.00666392 -0.00601673 8.35338
0.00897548 -0.0134386 6.0334
-0.0472431 0.00285033 121.765
-0.0135168 0.0135793 30.6208
-0.0252368 0.0148993 44.6005
-0.0624782 -0.00338826 89.8555
-0.153009 -0.0755763 201.607
-0.160447 -0.0371768 208.979
0.0553258 0.010677 9.01916
0.0521303 -0.00174809 10.5693
0.0418882 0.0128772 10.1954
0.0274352 0.0212183 10.9677
0.0155342 -0.00742115 13.5936
0.0241647 -0.0427947 14.4065
0.0246071 -0.110384 17.9109
-0.0131732 -0.0079284 26.8703
-0.0318574 0.00273752 29.6559
-0.0311446 -0.0222608 22.486
-0.0461502 0.116718 16.4169
0.00668983 0.0543291 7.60545
0.0655575 0.0351299 -5.42813
-0.013562 0.0947483 13.1303
-0.0466295 0.121128 21.3847
-0.012537 0.089813 13.0552
-0.0065841 0.0493381 13.5918
0.00711652 -0.0341716 14.1659
-0.0121719 0.0294495 17.8116
0.0183365 0.0609789 2.73557
-0.00573863 0.100677 10.7312
-0.000889956 0.0844312 9.79945
-0.00219798 0.0519687 12.4103
-0.107287 -0.000970308 62.0654
-0.0484064 -0.0245531 32.2655
-0.0100799 -0.0463904 13.0046
0.032221 -0.066479 1.05055
0.0453013 -0.0618763 -6.888
0.0315304 -0.026291 0.182226
0.0170808 -0.0358641 9.55592
0.00358195 -0.0228949 17.4641
-0.000586644 -0.0162577 19.9449
0.00239614 -0.0345672 18.7947
-0.0252601 -0.0658685 40.1215
0.0110733 -0.0467963 11.8259
0.0310197 -0.0230741 -4.60709
-0.00830404 -0.00340796 25.3999
-0.0161513 0.0638507 21.5334
-0.0235105 0.0359752 29.4133
-0.0192316 0.058288 24.2425
-0.00586887 0.0147895 15.2755
0.00690354 -0.000550132 4.47338
0.027121 -0.00455533 -13.5905
0.0361717 0.0139214 -23.2943
0.0879321 0.0339375 -73.2581
0.0272567 0.00149171 -12.038
0.0197123 0.00229871 -4.60175
-0.00764129 -0.0119372 23.7738
-0.015461 -0.022886 32.3631
-0.00574208 -0.0126483 21.6171
-0.000791917 -0.0336857 17.3952
0.000351477 -0.0130456 14.7747
-0.0459669 0.0299999 118.71
-0.00149877 0.0206531 16.0445
-0.022178 0.0159662 40.6726
-0.106449 -0.0258267 143.647
-0.0147925 -0.0271138 27.9271
-0.152472 -0.0768622 200.724
0.0403216 -0.0646807 13.7811
0.0398635 -0.0793562 14.5479
0.0646808 -0.103043 15.7112
0.00474048 -0.00999625 14.4305
-0.0061868 -0.047682 18.1277
-0.0138717 -0.174599 26.7236
0.00165528 -0.00946321 24.5215
0.00603251 0.00317922 22.8695
0.00852854 -0.00504543 23.0818
0.0128484 -0.0223778 5.40582
0.0116293 -0.0511453 8.1139
0.0512583 -0.111901 3.59455
0.047876 -0.35288 23.2739
0.104631 -0.511489 19.8833
-0.00936628 0.0807592 11.9636
-0.0390209 0.0468456 24.2423
-0.02097 -0.0861478 27.1662
-0.000140228 -0.327591 37.5916
-0.000629646 -0.128712 22.9633
-0.0158729 -0.168588 32.0182
0.00980281 0.0902317 4.10614
-0.00730776 0.0538563 14.5943
-0.00176921 0.0139257 14.1557
-0.0125768 0.0447168 17.5387
0.0238555 -0.0883995 7.29141
0.0261855 -0.0537902 4.04985
0.0134859 -0.0341231 9.6295
0.0393446 -0.0498307 -4.59876
0.0638668 -0.0730993 -17.654
0.049042 -0.0554504 -8.94866
0.0270219 -0.0476351 3.87851
-0.0153024 -0.0358938 31.0531
-0.0261338 -0.0538395 39.5691
-0.0257094 -0.0379763 38.0687
0.00470836 -0.0467624 15.7359
0.0539033 -0.0321949 -21.6694
0.0381169 -0.0281272 -9.4839
-0.017113 0.0731668 21.702
-0.021569 0.0565353 26.9256
-0.0213741 0.0639467 26.0823
-0.0207415 0.0433066 26.4862
0.00390024 0.0413423 4.34314
0.0395272 0.00971292 -25.9143
0.0462705 0.00604977 -32.0745
0.0642427 0.0110428 -48.8067
0.0175543 -0.0128034 -1.46298
0.0122604 -0.0110241 3.34004
0.00803725 0.000644617 6.66943
-0.00086503 0.0143195 14.6397
-0.00952953 0.00931805 24.1455
0.00546075 0.0129879 7.4042
0.017142 0.04169 -7.42638
-0.0812106 0.0573505 156.681
0.00454527 0.0325249 8.37658
-0.0263156 0.0373356 43.9763
-0.0177546 -0.00465923 29.7186
-0.0371602 -0.0369945 55.9153
-0.0652715 -0.0650535 92.4163
0.0182468 -0.0186973 9.91449
0.0128917 -0.0318567 11.0408
-0.0112984 -0.0432599 13.1573
-0.00905382 -0.0174233 10.3591
0.0242474 -0.0482993 10.0569
0.00101382 -0.0701952 14.5019
-0.0153217 -0.0950142 19.0076
0.909998 0.0576522 -137.038
0.0411513 0.00945764 15.9957
0.0180088 -0.0292899 4.8441
0.0089228 -0.0259695 6.57603
0.000301835 -0.0345689 9.34741
-0.00737755 -0.0338816 11.3905
-0.00729704 -0.0556241 13.5629
-0.0425604 0.00152169 17.2259
0.0348529 -0.0335294 -4.4605
0.105837 -0.129178 -18.1766
0.0241847 -0.0898941 8.51394
-0.03235 -0.0837052 30.1118
-0.0426156 -0.10324 36.2658
-0.0327299 -0.0872009 30.6383
-0.0297307 -0.0685926 27.037
-0.0445528 -0.0559215 32.7818
-0.0257988 -0.0602158 24.2215
-0.00425107 -0.0211888 9.57427
0.00701424 -0.00910095 2.16126
0.0248532 0.00443514 -9.15103
0.0499352 0.0196929 -25.4117
0.0714035 -0.154146 -19.0384
0.044957 -0.0480632 -14.2269
0.260902 -0.169641 -141.539
0.0285323 -0.0394184 1.82439
-0.0395892 -0.0262345 47.099
-0.0172261 -0.0136621 29.5438
0.0102477 -0.0196739 9.8017
0.0485195 -0.031257 -17.5142
0.0548206 -0.0410227 -21.1198
-0.061117 0.0329473 63.1379
-0.023126 0.0763946 26.3913
-0.0375293 0.0294493 43.0643
-0.0200823 0.0201531 28.7242
0.00475577 0.038591 5.17755
0.00329001 0.0540841 4.51421
0.0357838 0.0241263 -23.8781
0.041014 0.00275578 -26.4603
0.0282572 0.00265896 -13.7338
0.031655 0.0273518 -19.6186
0.00871078 0.0247977 4.06218
-0.00998614 0.0224701 23.6223
-0.00114009 0.0235297 14.025
0.0161953 0.0301231 -5.46878
-0.0714701 -0.00326572 157.378
-0.401593 0.0712064 517.91
-0.00440978 0.0387499 18.9735
-0.03139 -0.00183766 54.0301
-0.0620079 0.0421057 85.4729
-0.0600157 -0.0375481 83.3037
-0.069354 -0.0332259 94.4254
0.00629776 -0.0125158 9.40442
0.00194043 -0.0189515 10.0021
-0.00207715 -0.0157644 9.82634
-0.00611472 -0.0110071 9.73179
-0.0235739 -0.00776225 10.8072
-0.0256157 -0.0528132 16.0355
-0.0155301 -0.0551342 15.4726
0.101451 0.00180658 5.99255
0.0452435 -0.000855525 16.2663
0.0135136 -0.0103383 3.97141
0.00821293 -0.018922 6.04873
-0.00494436 -0.0159134 8.76146
-0.0114798 -0.0407095 13.261
-0.0160059 -0.0393405 14.5093
-0.0345838 -0.0303869 18.4438
0.0100291 0.000768849 -0.199241
0.115059 -0.0306437 -31.5641
-0.011266 -0.017856 15.236
-0.0969662 -0.0877767 56.9693
-0.0397064 -0.067907 30.6478
-0.0233957 -0.0561986 22.8289
-0.0483543 -0.0443675 32.8535
-0.0198876 -0.0481548 19.8034
-0.0104728 -0.0641485 16.9414
0.0225189 -0.0429306 -2.25491
0.0212537 -0.0149634 -4.82606
0.044837 0.00852757 -21.0666
0.0645858 0.00264963 -31.6286
0.0411194 -0.00532596 -16.6277
0.0604526 -0.0186712 -27.874
0.146725 -0.0583403 -79.503
0.178651 -0.0481986 -100.45
-0.0599414 -0.00422326 59.0197
-0.0424784 -0.035137 44.2698
-0.0251808 -0.0191167 29.5985
0.0440813 -0.0769288 -9.48882
0.0647184 -0.134128 -19.9346
-0.00241968 0.00925021 18.0136
-0.0388421 0.0694038 40.8277
-0.0771738 -0.058889 86.166
-0.00568159 -0.0597528 24.7612
0.00518864 -0.00747874 9.67433
-0.00988768 -0.608015 130.015
0.0172357 -0.00787813 -1.55483
0.0208212 0.0194427 -8.61721
0.018015 0.00562302 -3.97471
0.0214015 0.0105398 18.009
-0.00246619 0.0213263 16.0441
-0.00702626 0.0251913 20.2362
0.0473018 0.00853527 -7.93554
0.00416588 0.0243977 8.23797
-0.0243807 0.00139282 104.567
-0.638761 0.0199302 791.507
-0.0286009 -0.0425628 55.6577
-0.0254165 -0.0556116 52.8935
0.0226917 -0.016198 -9.08512
-0.0315077 -0.0177083 46.3103
-0.023863 0.023357 32.1515
0.00199384 -0.00228462 8.40423
-0.0106796 0.00517021 7.53702
0.00273972 0.00831269 6.32054
-0.00619193 -0.00316586 8.64158
-0.0199432 -0.0069785 10.3656
-0.0658768 -0.0103878 15.6342
0.1374 -0.0172175 -10.2677
1.17518 0.110889 -188.498
0.0216582 -0.00277365 20.694
-0.0083562 -0.0140667 8.82549
0.000370579 -0.0211441 7.72992
-0.0152538 -0.0153932 10.7996
-0.0190963 -0.018617 12.0756
-0.0237976 -0.0196346 13.6082
-0.00135143 0.0110859 2.21218
0.00533882 0.0220994 -1.8197
-0.00604326 0.0244066 1.96421
-0.0300173 -0.0079101 21.1512
-0.144049 -0.149754 83.3197
-0.0492017 -0.0337623 30.7773
-0.0309543 -0.00854411 20.0985
-0.0445864 -0.0229981 28.4342
-0.0372928 -0.0521341 28.8797
-0.0146234 -0.0527504 17.5437
0.0339273 -0.0513804 -7.01795
0.0509553 -0.0585405 -15.6089
0.0534258 -0.0141475 -23.1552
0.0589534 0.000759274 -27.861
0.0395907 -0.0028653 -15.8625
0.0414856 0.00674786 -18.7781
0.144952 -0.00871729 -84.1885
0.190183 0.0144853 -116.516
0.10164 0.00886466 -54.7375
-0.153707 0.0372399 115.943
0.143421 0.00737427 -83.1336
0.14485 0.0278781 -87.3718
0.15341 0.011702 -91.6068
0.149501 -0.00253921 -86.2342
0.112928 0.00295162 -56.6878
0.0744201 0.0578259 -32.4556
-0.188645 0.123197 181.37
0 0 -1
0.327066 -0.0049352 -250.74
-0.0927567 0.00315838 137.885
0.0224341 0.0426145 12.273
0.0164308 0.0260741 20.8144
0.0159788 0.000263776 24.8163
0.0394004 0.0111327 -0.306288
0.0461979 0.00504528 -6.29374
0.0484898 0.01101 -9.59712
0.0471209 0.0079974 -7.73669
-0.0104295 0.00379996 88.7793
-0.427778 -0.0157187 556.688
-0.0231468 -0.0764596 52.8531
-0.0175077 -0.0869132 47.293
0.0358795 -0.0178288 -25.4761
0.0798323 -0.0228179 -76.9554
0.00827427 0.0855833 -15.385
0.00657468 0.0114623 5.8539
0.00629332 0.030725 2.68867
0.000725267 0.0267456 3.5259
0.00301813 0.017936 4.16409
-0.0182145 0.0139054 6.63448
-0.028607 0.0450873 2.55564
-0.0102913 0.0272755 2.95441
-0.105133 -0.0510099 28.3935
0.0192674 -0.00185585 21.0428
-0.029023 0.0297676 6.3928
-0.0230635 0.0291255 5.41421
-0.0196998 0.0381451 3.46185
-0.0231158 0.0175993 7.72928
-0.0272861 0.0283802 7.16492
0.0175209 0.0649343 -12.3781
0.0302399 0.0584089 -16.0577
0.20311 0.035567 -73.5478
0.128156 0.045925 -47.2346
-0.00339484 0.00884818 1.94346
0.0203851 0.0206698 -9.1453
-0.00151496 0.0132167 3.35277
-0.0508338 0.0111912 25.9961
-0.0632298 -0.020538 36.6761
-0.0218334 -0.0366681 18.3719
0.0299683 -0.06541 -3.86066
0.0816069 -0.0230764 -38.4258
0.0773285 -0.011821 -37.6215
0.0700424 -0.00179802 -34.4214
0.0441704 0.0112756 -20.8052
0.056993 0.0184587 -30.6344
0.120806 0.0412483 -75.8053
0.159274 0.0207212 -96.4775
0.128928 0.0196355 -75.7599
0.157114 0.00839649 -93.5361
0.141819 0.00451025 -81.3657
0.145772 0.00907205 -85.0038
0.141864 0.0136191 -82.891
0.15653 0.00481438 -93.2516
0.139232 0.000164527 -78.3987
0.120714 0.0169786 -65.3116
0.122207 0.00158239 -64.0042
0.311221 0.00387399 -237.751
0.300427 -0.00179767 -226.924
-0.114583 0.00713241 157.119
0.0232327 0.0494717 10.3636
0.00353826 0.0306902 33.1593
0.00422218 0.00938684 35.1988
0.0415089 0.0013469 -1.00778
0.0485279 0.00739961 -9.03754
0.0473598 0.00363579 -7.13959
0.0489545 0.0054233 -9.20349
-0.0220012 0.0206551 98.9709
-0.281793 0.00577451 387.819
0.0141166 0.217014 -10.4572
0.0361629 0.261157 -43.2485
0.0113233 0.310156 -20.354
0.0343694 0.0230455 -8.27918
-0.00434807 0.105592 -2.83146
0.0217688 0.0708958 -4.71503
0.0185603 0.0901981 -8.0477
-0.00601151 0.0996902 -8.41565
-0.0201768 0.102618 -8.28628
-0.0268551 0.0867375 -5.29979
0.00267134 0.075738 -6.69726
-0.0272023 0.0715302 -1.81207
0.751095 -0.0242282 -100.753
0.0274053 -0.0121427 21.2828
-0.0168562 0.0681329 -2.77086
0.00138341 0.0535807 -4.265
-0.012907 0.108296 -10.7881
-0.00025766 0.0782919 -9.01668
0.0157379 0.175769 -31.8112
0.0449749 0.177797 -41.2158
0.0413236 0.109236 -27.6157
0.0731102 0.113452 -40.1021
-0.0206734 0.139158 -10.2398
-0.00198668 0.252875 -40.8192
0.0171661 0.162275 -30.9574
-0.00235597 0.16576 -23.6581
-0.0288009 0.121772 -3.8697
-0.022174 0.254366 -31.9739
-0.00626047 0.280718 -45.0431
0.0263953 0.28108 -62.0849
0.0714097 0.0352585 -42.1463
-0.0198522 0.0157707 30.7007
-0.0108821 0.0271395 23.2961
0.0277425 0.0276823 0.0772023
0.0651638 0.00808373 -33.7889
0.154127 0.0394944 -96.5688
0.114571 0.01866 -65.4581
0.103573 0.00301963 -55.3663
0.151102 -0.0017346 -87.8693
0.159278 -0.0027398 -93.1567
0.139438 0.000356812 -78.7532
0.143319 -0.00624414 -80.6907
0.147318 -0.00083986 -84.8041
0.141601 0.00427819 -81.024
0.135139 0.000897429 -75.0065
0.112691 0.00554276 -56.4813
0.283691 -0.00663127 -211.01
0.237059 -0.0174456 -166.074
0.0888661 0.039823 -39.4619
0.00708593 0.0302437 29.1893
-0.0170567 0.015619 55.3354
0.00536488 0.0158225 32.983
0.0449009 0.00035085 -4.2832
0.049048 0.00169788 -8.77286
0.0492572 0.000185445 -8.61683
0.0475241 -0.000416946 -6.65484
0.0439313 0.00226736 28.0698
-0.255142 0.00698583 357.572
0.0742702 0.0502299 -44.864
-0.0880965 0.193396 119.007
0.190851 -0.088965 -166.81
-0.00835078 0.0239328 43.3973
0.136759 -0.0343392 -151.333
0.00710746 0.131092 -15.7464
0.00554 0.104509 -10.2776
-0.01919 0.136181 -14.8934
-0.0326476 0.127892 -12.5163
-0.038934 0.125065 -11.5838
-0.0131814 0.105207 -10.2956
0.00831852 0.0716253 -6.39393
0.0294603 0.00451634 17.4906
0.00403227 -0.000212132 23.1257
0.00362637 0.449176 -82.5694
0.00366403 0.433913 -79.5292
0.0138264 0.414872 -77.5949
0.02761 0.410061 -80.3015
0.016184 0.367015 -68.3739
-0.0137715 0.305673 -46.7841
-0.00953711 0.298651 -46.6262
-0.0207648 0.266227 -35.9705
-0.0267832 0.250936 -30.3008
-0.0155523 0.244403 -33.1969
0.003751 0.241342 -40.2652
-0.0164575 0.230587 -29.412
-0.0267543 0.229524 -24.7136
-0.0037047 0.28658 -47.5375
0.0133862 0.310231 -60.9003
0.0549517 0.306562 -81.7471
0.0156231 0.00890855 11.7911
-0.00123374 0.00932516 21.1937
0.00834806 0.0325714 10.6786
0.0120236 0.0273591 9.7836
0.066554 0.268292 -85.5459
0.110123 0.155371 -91.0493
0.0991827 0.0653328 -64.6865
0.0928565 0.0017754 -47.8257
0.179567 -0.0258532 -103.684
0.140327 -0.00557305 -78.1742
0.139957 -0.00817948 -77.4309
0.14105 -0.019353 -76.0654
0.148146 -0.00429399 -84.8804
0.146909 -0.0133108 -82.0112
0.140635 -0.00617209 -78.2844
0.133376 0.0184835 -76.9027
0.266968 -0.0117819 -195.043
0.25387 -0.00286378 -184.533
0.0356868 0.0218737 13.5942
-0.00349387 0.0151059 42.1757
-0.0243657 -0.00105039 66.1555
0.000574962 0.0122283 38.5162
0.0387172 0.00772498 0.613911
0.0409533 0.00751878 -1.47956
0.0458898 -0.00430642 -4.14057
0.0451321 -0.00636153 -2.91189
0.0784526 0.00706524 -11.4108
-0.0103699 0.00359187 80.7039
0.00214385 0.00640247 65.8354
0.171857 -0.0526372 -151.988
0.347636 -0.0395184 -365
-0.0105694 0.025614 45.7358
-0.00152672 0.0213465 35.5688
0.02542 0.456658 -85.6147
0.0150569 0.457921 -85.3875
-0.0104081 0.444305 -81.2857
0.0133626 0.371375 -65.2002
-0.000565833 0.367419 -63.1204
0.00947612 0.365927 -64.0566
0.0405516 0.368275 -68.8584
0.0071488 0.033532 14.9589
-0.0122263 0.0607628 12.3606
0.0102991 0.363746 -65.0245
-0.000876686 0.35411 -60.2522
0.00559884 0.394525 -71.2975
-0.00310638 0.320599 -52.1323
-0.0271832 0.316102 -44.5155
-0.0273499 0.301345 -41.1866
-0.0127875 0.306842 -46.9685
-0.020617 0.278002 -38.0681
-0.0199074 0.273672 -37.3322
-0.0205349 0.274731 -37.356
-0.0114658 0.271226 -40.3688
-0.00734284 0.294579 -47.3812
-0.000702499 0.310676 -53.9349
0.0133062 0.324782 -63.8944
0.0175914 0.318774 -64.6365
0.0338757 0.310235 -71.3549
0.126619 0.251477 -107.435
0.0385613 0.051982 -11.2421
0.0149313 0.0534742 2.39755
-0.0296904 0.0476213 30.7941
0.0268105 0.284114 -63.2391
0.0383523 0.273075 -68.2594
0.0483047 0.270754 -74.3943
0.0387636 0.227398 -57.9418
0.0377622 0.247706 -61.6322
0.168661 -0.0151022 -97.5042
0.00716205 0.366982 -68.4232
0.143808 -0.0505388 -71.4301
0.501163 -0.0714125 -358.655
0.148043 -0.00671371 -84.1784
0.0982256 -0.0279011 -38.4318
0.103915 0.0405023 -68.1762
0.0719668 0.0809258 -49.7264
0.189792 0.00720407 -127.27
0.120449 0.0331995 -68.2951
0.00225803 -7.31173e-05 39.8311
0.00118423 0.0196745 36.2385
0.00184802 0.0231042 34.8697
0.0240592 0.016859 13.8196
0.0345132 0.00211446 6.39868
0.039969 -0.00730348 2.80921
0.0428882 -0.00835889 -0.0681159
0.0859118 0.0060376 -19.4613
-0.02606 -0.00127105 99.6047
0.0139059 -0.00434431 54.6336
0.138929 -0.0256379 -118.393
0.160621 -0.0295101 -143.411
0.00658985 0.01458 27.1289
0.00790662 0.0208619 24.0674
0.00107947 0.408111 -73.6566
-0.00753413 0.390133 -69.0286
0.0104292 0.380735 -67.4666
-0.00507236 0.34883 -58.3476
0.000660499 0.356618 -60.7257
-0.00299124 0.345117 -57.5989
0.00834718 0.339752 -57.9311
0.00297814 0.308068 -49.474
-0.0112588 0.284351 -40.8777
-0.0459844 0.273831 -31.6198
-0.0196235 0.281456 -38.8918
-0.0138488 0.334258 -52.8503
-0.0207084 0.269487 -35.2969
-0.0333455 0.261251 -29.6191
-0.0338885 0.250886 -27.061
-0.0286286 0.260592 -31.2095
-0.0120357 0.278783 -41.6363
-0.00906758 0.293911 -46.5749
-0.00647859 0.295 -48.0455
-0.000565031 0.30297 -52.1737
0.00159225 0.308928 -54.5895
0.00681558 0.323069 -60.3577
0.0100024 0.324314 -62.1082
0.0122664 0.319933 -62.2249
0.0149208 0.325035 -64.9668
0.0387088 0.284878 -67.76
0.0247711 0.287449 -60.8546
0.00996712 0.276734 -49.596
-0.0102014 0.0964785 7.25469
0.00113502 0.302988 -51.0871
0.0298738 0.291469 -67.0108
0.0431334 0.268356 -70.1118
0.0480906 0.276245 -75.5596
0.0320301 0.298052 -69.3405
0.0157378 0.308737 -60.0447
0.0428281 0.307542 -79.9984
0.0407478 0.257863 -65.3805
-0.117481 0.569244 -20.6142
0.111545 -0.0270768 -49.6618
0.128896 0.0884121 -101.877
0.0991302 0.064154 -69.4875
0.0651316 0.0943882 -47.2098
0.0625109 0.121925 -51.4974
0.105837 0.0024922 -47.863
0.0293001 -0.00715584 15.5388
0.0241271 0.0162647 15.0934
0.0124169 0.022101 24.9142
0.00170224 0.0371517 31.5403
0.0211008 0.00793782 18.8815
0.0270284 -0.00362565 15.663
0.0773089 0.010562 -11.1678
0.0857727 0.00330682 -18.5991
-0.0336643 0.00225708 107.494
0.00626 -0.0186009 66.8715
-0.0289563 0.318953 3.91031
-0.227943 0.100878 297.677
0.0220705 0.0205482 6.61252
0.0203659 0.0149649 10.2314
-0.00619911 0.347723 -58.0771
-0.00124388 0.333844 -54.5442
0.00904589 0.323466 -51.8077
-0.0201624 0.32239 -49.9967
-0.0104115 0.311131 -47.945
-0.0169616 0.305569 -45.7026
-0.00864336 0.305256 -46.7085
-0.0165045 0.287748 -40.8339
-0.0191803 0.270762 -35.6218
-0.0244332 0.255068 -30.3355
-0.0250782 0.23519 -25.0955
-0.0168245 0.241967 -28.8278
-0.0404247 0.23533 -21.4257
-0.0331447 0.231046 -22.3651
-0.0205131 0.265971 -35.6696
-0.0143714 0.286491 -42.9908
0.013339 0.312899 -59.4849
-0.0125643 0.301102 -46.9866
0.0014238 0.308892 -54.6001
0.0117387 0.318253 -61.1911
0.00891175 0.317437 -59.7267
0.00862146 0.324592 -61.3941
0.00997292 0.326312 -62.5124
0.0108226 0.325815 -62.8559
0.0110745 0.330148 -64.2012
0.0199755 0.312279 -64.2153
0.00881374 0.311847 -57.9524
0.00660625 0.307404 -55.4328
0.00580047 0.323213 -59.2688
0.00384514 0.326447 -58.867
0.000784422 0.312633 -53.2172
0.020948 0.303946 -64.2941
0.0409654 0.286029 -73.3821
0.050741 0.278974 -78.1205
0.0410549 0.292528 -74.2031
0.0328835 0.293406 -68.3131
0.0346147 0.300484 -71.6824
0.0242984 0.321137 -69.3563
-0.000578211 0.28087 -37.319
-0.0137266 0.333008 -41.9823
0.0143859 0.391091 -81.9636
0.0521744 0.164768 -54.4626
0.0834262 0.18107 -85.6552
0.101322 0.0203164 -48.8293
0.0528635 0.00856344 -11.2674
0.0412395 0.0190221 -2.57403
0.0257796 0.0431005 5.88396
-0.166525 0.113295 183.206
0.0108843 0.053489 17.3649
0.0180415 0.0451893 12.275
0.0706459 0.0256168 -7.81346
0.0704364 0.0101064 -3.38649
-0.311429 -0.00248093 423.859
-0.108772 0.18368 118.027
-0.119982 0.109709 151.951
0.466687 0.10614 -543.656
0.0191681 0.0216789 9.98436
0.0132029 0.0176963 18.3265
-0.00370666 0.305783 -46.374
-0.000881619 0.305153 -46.2673
-0.00571371 0.281898 -39.0383
-0.0127353 0.287176 -40.3993
-0.024968 0.286936 -39.3994
-0.0214379 0.272966 -35.8717
-0.0268612 0.270039 -34.0229
-0.0236771 0.25406 -30.09
-0.0275292 0.236323 -24.4896
-0.0364249 0.214484 -16.5934
-0.0308732 0.214707 -18.0003
-0.03127 0.234583 -23.6895
-0.00968028 0.296767 -47.5374
-0.0131868 0.295217 -46.0953
-0.00498882 0.309315 -52.3516
0.00344272 0.322079 -58.7122
0.00066399 0.327203 -59.1374
0.00258601 0.321045 -58.0419
0.0068354 0.327114 -61.6125
0.00927018 0.323078 -61.3363
0.00426008 0.319917 -58.0294
0.0112035 0.329108 -63.9692
0.0117291 0.331729 -64.9429
0.0122516 0.335975 -66.3911
0.00721837 0.328186 -61.582
0.00918478 0.322437 -61.1677
0.00483735 0.324153 -59.0309
0.0105172 0.317788 -60.5596
0.00643392 0.32025 -58.7558
0.00107113 0.322538 -56.1198
0.0072161 0.321074 -59.8357
0.0108228 0.312454 -59.7336
0.0220983 0.307923 -66.1027
0.0343225 0.295188 -71.1424
0.0459879 0.267544 -71.5584
0.0476062 0.270612 -73.326
0.0419194 0.301659 -77.6147
0.0330059 0.305568 -71.7037
0.0029593 0.337379 -55.7929
-0.0034219 0.36922 -60.2717
0.0194952 0.367519 -78.8667
0.0053149 0.448118 -90.9723
0.0862772 0.33184 -129.202
0.148959 0.089828 -114.343
0.0484624 0.0271307 -12.0871
0.0447808 0.0400581 -12.1735
0.0435592 0.0563758 -15.6514
0.0106459 0.0666991 14.8671
0.0143781 0.152559 -14.2975
0.00336307 0.131957 3.23258
0.0550132 0.00394301 15.4531
0.0567893 0.00238624 13.8898
-0.390857 0.0187971 507.547
-0.0470128 0.257266 26.2516
-0.0476515 0.422081 -21.4311
-0.0281 0.0149336 69.1247
-0.00280087 0.0225899 36.428
0.00914623 0.0145277 24.1197
-0.00806736 0.265803 -34.2717
-0.00874371 0.259016 -32.0947
-0.0169662 0.262229 -32.6626
-0.0265724 0.240695 -25.2739
-0.0247133 0.23697 -24.5138
-0.020118 0.231152 -23.3082
-0.0236903 0.226754 -21.7583
-0.0429632 0.209457 -13.8879
-0.0389023 0.221175 -18.5161
-0.0151556 0.254751 -33.7887
0.00330955 0.284298 -47.0728
0.00715166 0.302906 -53.8226
0.000818725 0.316988 -56.3898
-0.00339579 0.312204 -53.764
0.00838461 0.329223 -62.4796
0.00708577 0.325511 -60.7848
0.00562057 0.330959 -61.9568
0.00361817 0.323629 -58.9974
0.00484165 0.328911 -61.1837
0.00305086 0.328218 -60.1428
0.00921792 0.324758 -61.7571
0.0128429 0.322334 -62.5716
0.0123852 0.327737 -63.9146
0.00527866 0.323813 -59.262
0.00714191 0.323942 -60.3714
0.00888163 0.325056 -61.6672
0.0122527 0.325817 -63.7945
0.0149648 0.319679 -63.5002
0.000223385 0.323225 -55.7397
0.00277232 0.323325 -57.359
-0.0017984 0.326034 -55.3501
0.00501936 0.325233 -59.4904
0.0120016 0.321494 -63.1493
0.0234377 0.304902 -66.1244
0.018509 0.292259 -58.7074
0.043189 0.262433 -68.0717
0.0594063 0.253223 -77.3747
0.0627839 0.251561 -79.3262
0.0448004 0.276107 -72.142
0.0383765 0.307095 -76.7509
0.037271 0.303375 -74.587
0.0449882 0.315477 -85.6294
0.0428302 0.316576 -84.5285
0.0969445 0.245433 -112.907
0.0897175 0.181727 -86.2408
0.0526056 0.218105 -61.6441
-0.00424983 0.370228 -62.7386
0.0157845 0.170413 -20.9789
0.017425 0.197453 -31.1372
0.00300088 0.192791 -14.435
0.1323 -0.0291369 -59.3064
0.0779986 -0.0159428 -4.03868
-0.454543 0.0282133 576.792
-0.0233874 0.326758 -26.8201
-0.00956423 0.346305 -49.0731
0.0342027 0.287675 -82.6528
0.0541852 0.160376 -66.1693
0.00411915 0.276566 -41.6135
-0.0199889 0.232621 -23.4486
-0.0189135 0.21601 -17.8914
-0.0262221 0.204961 -13.7174
-0.0386183 0.188152 -7.42345
-0.0375505 0.179328 -4.79577
-0.017204 0.207395 -16.8489
-0.0109953 0.237083 -27.7782
-0.00337398 0.267739 -39.7382
-0.00662256 0.288787 -46.2427
0.00751558 0.312237 -56.8115
0.0112658 0.317097 -59.125
0.0126655 0.325451 -62.2329
0.003849 0.326796 -60.4112
0.00520064 0.323759 -59.8026
0.00558572 0.323441 -59.6707
0.0101944 0.31584 -58.5647
0.00625485 0.317927 -57.9516
0.00490171 0.324675 -59.7855
0.00660956 0.328595 -61.7806
0.0041233 0.33002 -61.254
0.00747043 0.329954 -62.6527
0.0109601 0.324748 -62.4122
0.00659561 0.321141 -59.0951
0.00752811 0.3169 -58.1612
0.00538111 0.322639 -59.0985
0.0129277 0.32773 -64.7992
0.00556992 0.317318 -57.1326
0.00656959 0.318894 -58.2331
0.00644642 0.323114 -59.5192
-0.0011883 0.324108 -55.093
0.00276136 0.324598 -57.847
0.00305145 0.322244 -57.3578
0.0133199 0.31956 -63.5076
0.0134893 0.312822 -61.3743
0.00848797 0.313297 -57.9332
0.00983104 0.297839 -53.9423
0.0309352 0.281845 -64.7773
0.0595676 0.240715 -73.585
0.0694042 0.235269 -79.6266
0.0501182 0.262881 -72.5934
0.0460987 0.289313 -77.6836
0.0191524 0.302221 -58.1975
0.0278598 0.296455 -64.3284
0.0429385 0.277885 -72.266
0.062805 0.259813 -85.1044
0.0406965 0.257404 -63.0674
0.0647 0.214098 -72.525
0.0920117 0.147723 -77.6781
0.11877 0.0808602 -82.7466
0.145389 0.00886875 -86.6156
0.115352 -0.00992594 -47.7647
0.0928708 -0.00693153 -23.9084
-0.674262 0.00888056 831.965
-0.00650625 0.351136 -53.4228
-0.00679405 0.375213 -61.1214
0.00575169 0.36284 -72.4827
0.000167369 0.363978 -65.9095
-0.00427142 0.315941 -44.0363
-0.0426238 0.2126 -16.3774
-0.045817 0.189322 -8.00324
-0.049814 0.15346 4.88385
-0.037018 0.170784 -2.09413
-0.0195837 0.202748 -15.0512
0.00759729 0.249725 -34.4999
0.00401536 0.269035 -40.9027
-0.00386776 0.295021 -48.7037
0.00484324 0.316669 -57.735
0.0101284 0.315285 -58.1956
0.0157235 0.31474 -59.2564
0.0179341 0.323273 -62.7698
0.00346221 0.323154 -58.9819
0.00460209 0.32475 -59.8764
0.0100782 0.310292 -56.4101
0.00949608 0.309151 -56.0881
0.00477206 0.319501 -57.9834
-0.00238021 0.318744 -54.8797
0.00593198 0.319872 -58.4783
0.0135743 0.329778 -65.1186
0.0109154 0.323617 -61.9283
0.0104521 0.326425 -62.7781
0.000178774 0.312044 -52.7514
0.00134724 0.315643 -54.6356
0.011693 0.310358 -57.9476
0.00953192 0.319934 -60.2512
0.0075409 0.315685 -57.6908
0.00220515 0.313634 -53.7619
0.00796797 0.312575 -56.721
-0.00381586 0.319916 -51.9638
-0.00156611 0.309144 -49.6606
0.00672982 0.322485 -59.9241
0.00983441 0.311401 -58.1399
0.0102807 0.313422 -59.142
0.000736 0.302914 -48.4982
0.0152284 0.300935 -58.9587
0.0204169 0.290667 -59.3849
0.0312049 0.277004 -63.1564
0.0469956 0.255574 -68.4219
0.0734849 0.236335 -83.4669
0.0559624 0.24272 -70.2695
0.038069 0.266845 -62.8747
0.0244898 0.280859 -55.7475
0.0271984 0.268654 -54.248
0.0423615 0.255411 -63.963
0.0452159 0.253777 -66.1643
0.0333384 0.24006 -49.6501
0.0454045 0.209955 -51.4233
0.0660123 0.157805 -54.1199
0.091924 0.0695475 -50.3057
0.101382 0.0167738 -41.7511
0.0845237 0.00729185 -19.6155
-0.274878 0.146482 334.53
0.0947559 0.0395552 -44.6627
0.116854 0.0190127 -62.8106
0.0190655 0.224 -39.6207
0.0102805 0.337971 -69.1397
0.00374558 0.286272 -43.0709
-0.0573454 0.197542 -10.8905
-0.0550344 0.173571 -2.14535
-0.0362254 0.175748 -3.97752
-0.0202807 0.270371 -39.5305
-0.0215608 0.186565 -9.29069
0.0157812 0.210894 -21.5827
0.030097 0.268903 -44.2233
0.0133158 0.30882 -56.3133
0.00679758 0.296461 -50.8022
0.00853069 0.284304 -46.8061
0.0204954 0.28275 -48.8253
0.0178295 0.308994 -57.6186
0.00538496 0.301876 -51.9087
0.00628005 0.306951 -54.0688
0.00862167 0.296007 -50.8082
0.00722492 0.311554 -55.9878
0.00441319 0.306257 -53.0831
0.00190331 0.29729 -48.9558
0.00810189 0.288572 -48.1719
0.00912068 0.3059 -54.7839
0.0128271 0.296702 -53.079
0.00651783 0.318051 -57.9601
-0.00297851 0.288684 -42.7947
0.000654852 0.288167 -44.4041
0.0109469 0.29333 -51.4398
0.0121502 0.294321 -52.5007
0.00963738 0.301927 -53.946
0.00422724 0.298108 -49.4001
0.00542026 0.292088 -47.9146
-0.00314857 0.287689 -40.9549
0.00737145 0.298694 -51.8331
0.00818072 0.303498 -54.1197
0.00966415 0.299446 -53.6614
0.000371224 0.294548 -45.2346
0.000678834 0.27689 -39.1596
0.0169123 0.27177 -49.6495
0.0229227 0.310853 -68.2132
0.0206016 0.28556 -57.3488
0.0340417 0.243291 -53.1145
0.0673457 0.218533 -72.0285
0.0709267 0.21431 -73.3884
0.0453438 0.231061 -56.9208
0.030674 0.254928 -52.481
0.0318052 0.255838 -53.8608
0.0310202 0.255029 -52.8749
0.0334557 0.245666 -51.8084
0.0311761 0.22995 -43.8137
0.0339178 0.215747 -41.4308
0.0401517 0.143954 -21.648
0.0467406 0.0932025 -10.2575
0.0833284 0.0411339 -30.6964
0.0636769 0.0323106 -5.65621
0.165273 -0.049936 -93.9546
0.137689 -0.00436112 -78.6428
0.132452 0.0100105 -77.9736
0.13528 0.0122204 -81.9379
-0.0852381 0.0286408 178.471
-0.0852381 0.0286408 178.471
