1 58 3
1 2 3
2 3 3
3 4 3
4 5 3
5 7 2
7 8 3
8 66 0
8 67 0
10 67 0
10 11 3
11 12 3
12 13 1
13 15 0
15 16 1
16 17 3
17 18 3
18 19 3
19 20 3
20 21 3
21 22 3
22 23 3
23 24 3
24 25 1
25 28 3
28 29 0
29 31 3
31 32 3
32 33 3
33 34 3
34 35 3
35 36 3
36 37 3
37 38 3
38 39 3
39 40 3
40 41 3
41 42 3
42 43 3
43 44 3
44 45 3
45 46 3
46 47 3
47 48 3
48 49 3
49 50 3
50 51 3
51 52 3
52 53 3
53 54 3
54 55 3
55 56 3
56 57 3
26 28 1
30 31 3
25 26 0
29 30 3
7 65 0
5 65 3
65 66 3
15 72 1
48 106 3
41 43 3
44 102 3
13 72 3
16 72 3
47 106 3
43 102 3
25 83 0
28 85 0
32 90 3
17 75 2
26 85 3
28 86 0
50 109 3
5 64 3
18 75 2
29 86 3
30 32 3
32 89 3
38 97 3
39 97 3
41 99 3
41 100 3
44 103 3
45 103 3
46 104 3
51 109 3
56 114 3
1 60 3
2 60 3
64 65 3
30 89 2
89 90 3
102 103 3
45 104 3
47 104 3
54 113 3
55 113 3
56 113 3
57 114 3
8 65 0
33 90 3
43 100 3
47 105 3
52 110 3
85 86 3
37 95 3
99 100 3
53 110 3
54 112 3
113 114 3
3 61 3
4 61 3
10 68 0
12 71 1
13 71 3
16 73 2
20 78 3
21 78 3
21 79 3
22 79 3
24 83 3
29 88 2
30 88 2
34 92 3
35 92 3
36 95 3
38 95 3
38 96 3
96 97 3
40 99 3
43 101 3
104 105 3
49 107 3
50 107 3
50 108 3
57 115 3
2 61 3
11 69 3
72 73 0
18 77 0
19 77 0
100 101 3
101 102 3
103 104 3
105 106 3
107 108 3
108 109 3
52 109 3
60 61 3
4 64 3
71 72 3
16 74 2
17 74 2
78 79 3
33 92 3
36 94 3
95 96 3
53 111 3
54 111 3
112 113 3
114 115 3
10 69 3
12 69 3
94 95 3
49 106 3
109 110 3
110 111 3
19 78 3
22 140 3
40 97 3
111 112 3
68 69 3
23 140 3
23 83 3
106 107 3
58 59 3
1 59 3
74 75 3
25 142 0
26 142 3
88 89 3
59 60 3
73 74 3
77 78 3
23 82 3
83 142 1
35 94 3
67 68 3
82 83 3
85 142 3
90 92 3
61 64 3
82 141 3
83 141 3
90 149 3
79 140 3
86 88 3
92 149 3
66 67 3
69 71 1
75 77 2
138 140 3
92 94 3
64 121 3
64 120 3
79 138 3
40 156 3
99 156 3
60 118 3
61 120 3
120 121 3
65 123 3
69 128 3
71 128 0
64 122 3
65 122 3
66 123 3
71 129 0
72 129 0
97 156 3
102 160 3
114 172 3
61 118 3
72 130 0
73 130 2
74 132 2
75 132 2
96 155 3
97 155 3
101 159 3
106 163 3
115 172 3
75 134 2
86 144 3
86 145 3
88 145 3
102 159 3
105 163 3
107 165 3
121 122 3
68 126 3
129 130 3
74 131 2
77 134 3
92 150 3
159 160 3
104 162 3
105 162 3
106 165 3
108 167 3
109 167 3
112 170 3
113 170 3
113 171 3
67 125 3
68 125 3
73 131 2
79 137 3
85 143 3
85 144 3
90 148 3
94 150 3
94 153 3
95 153 3
99 157 3
100 157 3
162 163 3
106 164 3
110 167 3
110 168 3
114 171 3
61 179 3
120 179 3
66 124 3
66 125 3
69 126 3
137 138 3
82 140 3
89 147 3
89 148 3
156 157 3
100 158 3
164 165 3
108 166 3
111 168 3
111 169 3
170 171 3
123 124 3
69 127 3
128 129 3
78 137 3
142 143 3
144 145 3
88 147 3
147 148 3
149 150 3
155 156 3
101 158 3
103 161 3
104 161 3
163 164 3
165 166 3
167 168 3
112 169 3
122 123 3
130 131 3
132 134 3
143 144 3
145 146 3
88 146 3
148 149 3
94 208 3
157 158 3
166 167 3
118 179 3
125 126 3
127 128 3
150 208 3
94 152 3
158 159 3
161 162 3
124 125 3
126 127 3
134 192 3
96 153 3
160 161 3
169 170 3
77 136 3
168 169 3
171 172 3
78 136 3
152 153 3
146 147 3
59 117 3
60 117 3
134 136 3
172 173 3
117 118 3
136 137 3
152 208 3
136 192 3
147 205 3
96 212 3
148 205 3
153 212 3
155 212 3
117 176 3
132 191 3
141 199 3
142 200 0
143 200 3
134 191 3
131 132 3
155 214 3
156 214 3
169 227 3
170 227 3
122 180 3
141 142 1
146 204 3
148 206 3
161 219 3
118 176 3
123 180 3
205 206 3
162 219 3
140 197 3
153 211 3
155 213 3
165 223 3
166 223 3
166 225 3
167 225 3
170 229 3
171 229 3
128 186 3
142 199 0
143 202 3
144 202 3
204 205 3
146 205 3
149 207 3
158 216 3
160 219 3
125 183 3
129 186 3
148 207 3
150 207 3
152 210 3
212 213 3
159 216 3
159 218 3
160 218 3
162 221 3
163 221 3
164 223 3
166 224 3
172 230 3
173 230 3
118 177 3
123 181 3
124 182 3
124 183 3
126 184 3
127 185 3
130 189 3
131 189 3
208 210 3
153 210 3
211 212 3
213 214 3
157 216 3
159 217 3
162 220 3
164 221 3
164 222 3
168 225 3
177 179 3
180 181 3
181 182 3
183 184 3
184 185 3
185 186 3
129 187 3
136 194 3
137 194 3
137 140 3
207 208 3
210 211 3
217 218 3
218 219 3
219 220 3
222 223 3
223 224 3
173 231 3
182 183 3
186 187 3
130 187 3
132 189 3
132 190 3
206 207 3
157 215 3
216 217 3
224 225 3
171 230 3
176 177 3
189 190 3
143 201 3
145 202 3
214 215 3
215 216 3
220 221 3
168 226 3
169 226 3
199 200 3
200 201 3
201 202 3
226 227 3
227 286 3
121 179 3
190 191 3
82 199 3
229 286 3
229 230 3
122 179 3
187 189 3
137 254 3
225 226 3
191 192 3
140 254 3
146 202 3
221 222 3
230 231 3
176 234 3
179 180 3
208 267 3
210 267 3
177 234 3
192 194 3
194 254 3
197 254 3
82 197 3
187 246 3
189 246 3
192 251 3
202 260 3
202 204 3
204 262 3
208 266 3
194 251 3
205 262 3
189 247 3
204 260 3
179 237 3
180 237 3
190 247 3
180 238 3
181 238 3
190 249 3
191 249 3
197 257 3
82 257 3
194 311 3
266 267 3
212 271 3
254 311 3
206 264 3
225 283 3
226 283 3
229 287 3
230 287 3
205 264 3
213 272 3
214 272 3
222 279 3
222 280 3
223 280 3
190 248 3
251 252 3
194 252 3
213 271 3
219 277 3
220 278 3
221 278 3
226 284 3
227 285 3
285 286 3
117 407 3
176 407 3
246 247 3
247 248 3
248 249 3
207 265 3
207 266 3
218 277 3
220 277 3
221 279 3
224 283 3
177 236 3
182 241 3
183 241 3
184 242 3
185 243 3
186 244 3
187 245 3
192 250 3
205 263 3
210 268 3
211 269 3
212 269 3
215 272 3
215 273 3
216 274 3
216 275 3
217 275 3
223 281 3
224 282 3
226 285 3
179 236 3
241 242 3
242 243 3
243 244 3
244 245 3
245 246 3
191 250 3
262 263 3
263 264 3
264 265 3
265 266 3
267 268 3
273 274 3
218 275 3
278 279 3
279 280 3
281 282 3
282 283 3
284 285 3
230 289 1
234 236 3
237 238 3
181 298 1
182 298 1
194 368 3
197 313 3
257 313 3
210 269 3
231 289 1
249 250 3
250 251 3
252 368 3
311 368 3
254 312 3
199 257 3
200 315 3
269 271 3
270 271 3
271 272 3
272 273 3
277 278 3
280 281 3
286 287 3
199 315 3
200 317 3
201 317 3
201 260 3
269 270 3
274 275 3
275 276 3
218 276 3
236 237 3
238 298 1
268 269 3
287 289 1
276 277 3
311 312 3
254 313 3
257 315 3
234 407 3
260 262 3
283 284 3
241 298 1
234 293 3
236 293 3
297 298 3
260 317 3
238 297 1
287 345 1
289 345 3
286 344 2
287 344 2
260 320 3
262 320 3
267 325 3
285 344 2
238 296 3
296 297 1
263 320 3
268 325 3
272 330 3
273 330 3
237 296 3
269 327 3
277 335 3
282 341 3
289 346 3
241 299 3
243 301 3
245 303 3
246 304 3
247 304 3
247 306 3
250 309 3
251 309 3
312 313 3
320 378 3
266 325 3
268 326 3
268 327 3
270 327 3
276 334 3
283 341 3
284 343 3
285 343 3
345 346 3
298 299 0
242 301 3
246 303 3
248 306 3
271 329 3
275 333 3
277 334 3
278 335 3
279 337 3
280 337 3
280 339 3
281 339 3
284 341 3
344 345 1
236 294 3
237 295 3
242 300 3
244 302 3
249 307 3
250 308 3
315 317 3
263 321 3
264 321 3
264 322 3
326 327 3
272 329 3
274 333 3
333 334 3
278 336 3
284 342 3
289 347 3
293 294 3
294 295 3
295 296 3
299 300 3
300 301 3
301 302 3
302 303 3
306 307 3
307 308 3
308 309 3
265 322 3
266 324 3
270 328 3
270 329 3
274 332 3
334 335 3
336 337 3
282 339 3
341 342 3
293 407 3
252 309 3
313 429 3
257 429 3
265 324 3
324 325 3
327 328 3
335 336 3
315 429 3
320 321 3
325 326 3
332 333 3
342 343 3
343 344 1
346 347 3
406 407 3
321 322 3
328 329 3
329 330 3
282 340 3
339 340 3
340 341 3
309 368 3
265 380 3
265 382 3
407 469 3
299 357 3
300 357 3
317 375 3
320 435 3
321 378 3
322 380 3
324 382 3
273 332 3
330 332 3
293 469 3
303 304 3
304 306 3
260 375 3
380 382 3
315 372 3
260 435 3
309 367 3
280 396 2
304 305 3
368 369 3
311 369 3
337 396 3
339 396 3
305 306 3
376 435 3
312 370 3
315 373 3
260 376 3
296 354 3
367 368 3
317 373 3
317 374 3
378 435 0
321 380 3
295 354 3
297 355 3
303 362 3
304 362 3
372 429 3
293 410 3
299 356 3
306 365 3
307 365 3
373 374 3
410 469 3
410 468 3
298 356 0
374 375 3
375 376 3
330 388 3
330 389 3
334 392 3
354 355 1
312 429 3
328 386 3
329 388 3
332 389 3
335 392 3
346 405 3
347 405 3
406 469 3
370 429 3
327 386 3
329 387 3
388 389 3
344 402 0
345 403 3
346 403 3
295 353 3
301 359 3
372 373 3
333 391 3
343 402 3
346 404 3
294 353 3
356 357 3
300 358 3
300 359 3
302 359 3
302 360 3
303 361 3
305 363 3
308 366 3
308 367 3
312 369 3
325 383 3
326 384 3
327 385 3
332 390 3
334 391 3
340 398 3
342 400 3
345 402 3
403 404 3
357 358 3
360 361 3
305 362 3
365 366 3
369 370 3
321 379 3
382 383 3
326 383 3
384 385 3
387 388 3
389 390 3
390 391 3
336 395 2
337 395 2
341 398 3
341 399 3
341 400 3
343 400 3
343 401 3
402 403 3
294 352 3
358 359 3
366 367 3
385 386 3
329 386 3
391 392 3
336 394 0
339 397 3
340 397 3
398 399 3
400 401 3
401 402 3
293 352 3
352 353 3
379 380 3
383 384 3
335 394 0
404 405 3
359 360 3
361 362 3
362 363 3
305 365 3
378 379 3
386 387 3
396 397 3
399 400 3
297 356 0
376 434 3
397 398 3
434 435 3
394 395 1
355 356 0
395 396 3
353 354 3
380 439 3
392 394 0
396 453 3
352 410 3
392 451 3
394 451 1
382 439 3
355 414 0
370 428 3
378 436 0
395 453 3
400 459 3
356 414 3
392 450 3
391 450 3
394 453 1
401 459 3
428 429 3
399 457 3
400 457 3
356 415 3
357 415 3
360 418 3
380 438 3
386 445 3
387 445 3
390 449 3
391 449 3
359 418 3
362 420 3
363 422 3
305 422 3
438 439 3
398 457 3
360 419 3
361 419 3
363 420 3
388 445 3
450 451 3
352 411 3
368 426 3
373 431 3
382 440 3
388 446 3
353 411 3
354 411 3
358 416 3
359 416 3
365 422 3
365 424 3
366 424 3
367 425 3
367 426 3
369 426 3
372 431 3
435 436 3
379 438 3
383 440 3
385 443 3
386 443 3
389 446 3
396 454 3
397 454 3
402 459 3
402 460 3
355 413 3
359 417 3
365 423 3
425 426 3
383 441 3
384 441 3
384 443 3
445 446 3
390 448 3
453 454 3
457 458 3
400 458 3
403 462 3
404 462 3
404 463 3
405 463 3
357 416 3
417 418 3
419 420 3
423 424 3
424 425 3
440 441 3
384 442 3
389 447 3
389 448 3
397 455 3
398 455 3
458 459 3
459 460 3
467 468 0
354 412 3
413 414 0
372 430 3
441 442 3
442 443 3
447 448 3
448 449 3
403 460 3
411 412 3
412 413 1
416 417 3
422 423 3
429 430 3
430 431 3
439 440 3
446 447 3
398 456 3
370 426 3
428 430 3
449 450 3
451 453 3
418 419 3
374 433 3
375 433 3
376 433 3
449 507 3
455 456 3
456 457 3
462 463 3
414 415 3
420 479 3
363 479 3
374 431 3
433 434 3
453 511 3
415 416 3
426 485 3
379 436 0
451 511 3
454 455 3
406 410 3
411 468 3
422 479 3
443 445 3
450 507 3
451 509 1
370 485 2
430 488 3
431 433 3
441 499 3
442 499 3
450 509 1
460 462 3
410 411 3
426 484 3
428 485 3
428 488 3
484 485 3
459 517 3
460 517 3
509 511 0
460 519 3
462 519 3
415 474 3
416 474 3
433 493 2
434 493 2
443 502 3
420 478 3
425 482 3
435 493 2
445 502 3
450 508 1
458 516 3
446 504 3
447 504 3
508 509 3
457 516 3
411 527 3
439 497 3
443 501 3
454 512 3
455 512 3
456 514 3
412 527 3
422 480 3
430 489 3
431 489 3
436 495 3
379 495 2
440 497 3
442 501 3
507 508 1
510 511 0
458 517 3
463 520 3
478 479 3
423 480 3
423 482 3
424 482 3
442 500 3
448 506 3
462 520 3
468 527 3
412 471 3
419 477 3
428 486 3
436 493 3
445 504 3
447 505 3
449 506 3
509 510 3
455 513 3
455 514 3
457 515 3
516 517 3
460 518 3
413 471 0
416 475 3
417 475 3
420 477 3
485 486 3
431 490 2
433 490 2
440 498 3
445 503 3
504 505 3
448 505 3
512 513 3
457 514 3
515 516 3
517 518 3
518 519 3
414 472 3
489 490 3
490 493 3
438 497 3
441 498 3
500 501 3
502 503 3
505 506 3
506 507 3
513 514 3
514 515 3
415 472 3
418 475 3
479 480 3
486 488 3
488 489 3
501 502 3
425 484 3
497 498 3
498 499 3
503 504 3
454 511 3
406 465 3
410 465 3
474 475 3
499 500 3
438 495 3
418 477 3
480 482 3
511 512 3
519 520 3
413 472 0
471 472 3
492 493 3
490 492 3
477 478 3
436 553 2
425 541 2
486 545 3
488 545 3
488 546 3
520 579 3
468 524 2
472 588 1
472 474 3
484 542 2
485 542 3
495 553 3
518 577 3
519 577 3
465 468 3
468 526 2
482 541 3
484 541 3
545 546 3
489 546 3
495 497 3
527 528 3
412 528 2
480 538 3
519 578 3
465 524 2
479 538 3
497 554 1
503 561 3
520 578 3
482 538 3
492 551 3
493 551 3
495 554 3
517 575 3
479 537 2
482 540 3
436 552 2
552 553 3
504 561 3
511 569 3
578 579 3
478 537 3
489 547 3
490 548 3
436 551 2
502 560 3
509 567 3
510 567 3
512 569 3
512 570 3
513 572 3
514 572 3
514 573 3
515 573 3
471 528 3
474 532 3
538 540 3
540 541 3
546 547 3
490 547 3
492 548 3
498 554 1
501 560 3
508 566 3
513 570 3
516 574 3
518 575 3
472 528 3
541 542 3
551 552 3
498 557 1
505 563 3
506 565 3
507 565 3
507 566 1
510 568 3
513 571 3
516 573 3
517 574 3
537 538 3
504 562 3
504 563 3
506 563 3
506 564 3
566 567 3
567 568 3
511 568 1
570 571 3
571 572 3
572 573 3
577 578 3
553 554 3
554 556 3
554 557 3
499 557 1
501 558 3
561 562 3
562 563 3
565 566 1
418 534 2
538 539 3
547 548 3
548 607 3
556 557 3
558 560 3
563 564 3
564 565 3
568 569 0
477 534 3
477 536 3
539 540 3
486 542 3
542 545 3
492 607 3
492 550 3
500 558 3
503 560 3
574 575 3
526 583 3
475 534 2
550 551 3
560 561 3
468 583 1
475 533 2
534 536 3
550 607 3
573 574 3
528 587 1
472 587 1
475 532 3
532 533 3
533 534 3
500 557 1
542 599 3
472 531 3
474 531 3
478 536 3
558 616 1
569 570 3
557 558 0
526 527 2
531 588 1
531 532 3
541 599 1
557 616 3
558 617 1
560 617 1
540 598 1
542 602 3
616 617 3
527 585 2
528 585 3
532 589 3
534 592 3
536 537 3
545 602 3
465 523 3
523 524 2
531 589 3
534 593 3
536 593 3
560 619 1
561 619 1
523 581 1
588 589 0
541 598 1
542 601 3
547 606 3
548 606 3
556 614 3
573 631 3
577 635 3
587 588 3
545 603 3
550 608 3
554 612 3
556 612 3
617 619 3
518 635 3
524 583 3
592 593 3
607 608 3
578 635 3
524 581 1
533 592 3
538 596 2
601 602 3
546 604 3
551 609 3
612 614 3
562 619 1
568 626 3
579 637 3
581 583 0
539 596 3
542 600 3
602 603 3
545 604 3
547 604 3
550 609 3
552 610 3
553 610 3
618 619 3
569 626 1
570 628 3
571 628 3
572 630 3
518 634 3
634 635 3
578 637 3
528 586 1
536 594 3
537 594 3
603 604 3
608 609 3
552 609 3
571 629 3
573 630 3
574 632 3
578 636 3
526 584 1
585 586 3
586 587 3
532 591 3
533 591 3
600 601 3
557 615 3
562 620 1
562 564 3
566 624 2
567 624 2
567 626 3
569 627 3
628 629 3
629 630 3
573 632 3
575 634 3
635 636 3
527 584 1
537 652 2
539 598 1
556 615 3
619 620 3
626 627 0
630 631 3
575 632 3
584 585 0
538 652 2
604 606 3
606 607 3
553 611 3
636 637 3
583 584 1
591 592 3
609 610 3
610 611 3
554 611 3
615 616 3
564 620 1
565 624 1
569 628 3
593 594 3
611 612 3
614 615 3
617 618 3
631 632 3
564 621 1
564 622 1
565 622 1
627 628 3
532 590 3
599 600 3
620 621 3
589 590 3
590 591 3
596 652 3
598 599 3
606 663 3
622 624 3
594 652 2
604 663 3
621 622 3
583 640 3
624 626 3
581 640 0
581 639 3
593 650 3
614 671 3
523 639 1
622 681 3
632 634 3
634 692 3
592 650 2
596 598 1
612 671 3
624 681 3
632 692 3
585 643 3
598 656 2
621 679 3
599 656 3
615 674 3
620 679 3
589 646 3
652 653 3
596 653 3
596 654 3
596 655 3
607 665 3
622 679 3
622 680 3
588 646 2
654 655 3
598 655 2
608 665 3
624 682 3
626 683 2
627 685 3
635 693 3
586 643 3
591 649 2
603 662 3
604 662 3
606 665 3
608 667 3
614 672 3
616 674 2
624 683 2
628 687 3
629 687 3
630 688 3
583 641 3
584 641 3
587 645 2
590 649 3
592 649 2
601 659 3
602 659 3
609 667 3
609 668 3
610 668 3
611 669 3
612 669 3
671 672 3
615 672 2
617 675 3
618 676 3
679 680 3
681 682 3
626 684 2
627 684 1
629 688 3
631 688 3
634 693 3
584 643 3
586 645 3
588 645 2
612 670 3
616 675 3
632 691 3
692 693 3
639 640 3
586 644 3
646 647 3
589 647 3
590 647 3
593 652 2
655 656 3
602 660 3
663 664 3
606 664 3
669 670 3
620 678 3
678 679 3
684 685 0
631 690 3
632 690 3
691 692 3
637 695 3
643 644 3
644 645 3
590 648 3
599 658 2
600 658 3
600 659 3
659 660 3
603 660 3
662 663 3
664 665 3
668 669 3
670 671 3
674 675 3
617 676 3
683 684 3
628 685 3
636 695 3
640 641 3
647 648 3
648 649 3
653 654 3
656 658 3
665 667 3
667 668 3
675 676 3
619 677 3
680 681 3
631 689 3
645 646 3
660 662 3
672 674 3
682 683 3
688 689 3
690 691 3
636 694 3
619 678 3
687 688 3
694 695 3
649 650 3
689 690 3
635 694 3
593 710 1
658 659 3
685 687 3
693 694 3
652 710 1
619 676 3
641 643 3
643 701 1
672 731 3
674 731 3
650 710 1
677 678 3
641 700 3
643 700 3
676 677 3
685 744 1
687 744 1
689 747 1
690 747 1
691 749 1
692 749 1
650 708 3
656 715 3
658 715 3
690 748 1
691 748 1
692 750 1
708 710 3
658 717 3
659 717 3
660 719 3
662 719 3
663 721 3
664 721 3
687 745 1
688 745 1
660 718 3
665 724 3
667 724 3
679 737 3
684 743 2
685 743 1
748 749 3
639 697 2
659 718 3
662 721 3
677 735 3
678 737 3
680 738 3
683 741 2
684 741 2
743 744 3
749 750 3
523 697 1
640 697 3
649 707 3
649 708 3
652 711 2
653 711 3
679 738 3
681 739 2
744 745 3
648 706 1
707 708 3
667 725 3
668 725 3
676 735 3
678 736 3
680 739 3
747 748 3
643 702 2
644 702 2
708 709 3
654 712 3
656 714 3
672 730 3
675 733 2
676 733 2
677 736 3
688 746 1
700 701 1
645 702 3
709 710 3
654 711 3
714 715 3
671 730 3
737 738 3
682 740 2
682 741 2
684 742 2
688 747 1
640 699 3
641 699 3
711 712 3
655 712 3
658 716 3
662 720 3
720 721 3
721 722 3
664 722 3
665 723 3
724 725 3
670 728 3
671 729 3
676 734 2
681 740 2
740 741 3
741 742 3
745 746 3
693 750 1
695 753 3
647 704 2
649 706 1
710 711 3
655 713 3
656 713 3
715 716 3
716 717 3
717 718 3
722 723 3
723 724 3
668 727 3
669 727 3
670 727 3
728 729 3
674 732 3
674 733 3
734 735 3
735 736 3
736 737 3
742 743 3
746 747 3
694 753 3
646 704 2
647 706 1
706 707 3
718 719 3
732 733 3
697 699 3
712 713 3
713 714 3
719 720 3
729 730 3
731 732 3
738 739 3
739 740 3
693 751 1
694 751 1
701 702 0
725 727 3
730 731 3
750 751 2
704 706 1
727 728 3
733 734 3
694 752 1
752 753 0
699 700 3
646 702 3
751 752 3
753 811 1
704 763 2
746 748 3
706 763 3
711 770 3
712 770 3
740 798 3
751 809 3
697 756 3
699 756 3
729 787 3
738 796 3
741 798 3
702 704 3
728 787 3
730 788 3
734 793 3
735 793 3
736 794 2
737 794 2
746 805 3
748 805 3
715 773 3
725 784 3
737 796 3
739 797 3
752 811 3
711 769 3
769 770 3
714 773 3
716 774 3
717 774 3
722 781 3
723 781 3
727 784 3
739 796 3
740 797 3
745 803 3
746 803 3
748 806 3
750 808 1
752 809 3
710 768 3
713 770 3
716 773 3
718 777 3
719 777 3
724 781 3
730 789 3
732 790 3
733 790 3
742 801 3
743 801 3
749 806 3
749 807 1
749 808 1
751 808 1
702 818 1
702 760 1
704 760 3
704 761 2
706 765 3
707 765 2
711 768 3
714 772 3
718 776 3
720 777 3
721 779 3
728 786 3
731 789 3
731 790 3
736 793 2
797 798 3
744 802 3
699 757 2
700 757 1
700 758 1
701 818 2
760 761 3
704 762 2
706 764 3
709 768 3
717 776 3
720 779 3
727 785 3
727 786 3
730 787 3
741 799 3
741 800 3
742 800 3
746 804 3
807 808 3
752 810 3
701 758 0
762 763 3
764 765 3
773 774 3
776 777 3
720 778 3
722 779 3
722 780 3
724 782 3
725 783 3
784 785 3
787 788 3
734 792 3
793 794 3
737 795 2
798 799 3
799 800 3
743 802 3
803 804 3
810 811 3
772 773 3
774 776 3
777 778 3
779 780 3
780 781 3
781 782 3
724 783 3
788 789 3
789 790 3
790 791 3
792 793 3
805 806 3
809 810 3
756 757 2
757 758 3
768 769 3
785 786 3
786 787 3
733 791 3
733 792 3
795 796 3
745 802 3
808 809 3
761 762 3
763 764 3
708 765 2
713 771 3
774 775 3
775 776 3
778 779 3
782 783 3
783 784 3
791 792 3
796 797 3
802 803 3
804 805 3
760 818 2
770 771 3
714 771 3
801 802 3
806 807 3
523 756 1
794 795 3
800 801 3
765 824 3
709 765 3
709 824 3
709 825 3
771 772 3
768 825 3
824 825 3
800 857 3
799 857 3
809 867 3
817 818 3
772 830 3
773 830 3
801 859 3
800 859 3
802 860 3
803 860 3
806 864 2
807 864 3
756 815 1
757 815 2
758 818 2
805 864 3
777 835 3
778 835 3
780 839 3
781 839 3
798 857 3
523 814 1
756 814 1
758 816 3
758 817 2
761 819 3
768 827 3
769 827 3
773 832 3
774 832 3
783 841 3
784 841 3
787 845 3
808 866 3
809 866 2
816 817 3
760 819 2
770 829 3
771 829 3
788 845 3
790 848 3
801 860 3
805 863 3
810 869 2
758 815 3
762 819 3
825 826 3
768 826 3
769 828 3
770 828 3
776 834 3
778 836 3
779 837 3
780 837 3
782 839 3
783 840 3
786 844 3
788 846 3
789 847 3
789 848 3
804 862 3
804 863 3
810 867 2
811 869 2
762 820 3
763 820 3
764 822 3
765 823 3
826 827 3
828 829 3
771 830 3
774 833 3
775 833 3
775 834 3
834 835 3
836 837 3
782 840 3
785 844 3
787 844 3
847 848 3
790 849 3
791 849 3
791 850 3
792 850 3
793 850 3
793 851 3
797 855 2
798 856 2
800 858 3
859 860 3
803 861 3
804 861 3
807 865 3
866 867 3
810 868 2
868 869 3
523 928 1
815 816 3
818 819 3
822 823 3
823 824 3
829 830 3
835 836 3
839 840 3
840 841 3
844 845 3
846 847 3
794 851 3
794 852 3
795 852 3
795 853 3
796 854 2
797 854 2
855 856 3
856 857 3
857 858 3
860 861 3
862 863 3
865 866 3
814 928 3
814 815 3
763 822 3
827 828 3
832 833 3
833 834 3
780 838 3
838 839 3
845 846 3
848 849 3
849 850 3
850 851 3
795 854 3
854 855 3
867 868 3
837 838 3
851 852 3
852 853 3
858 859 3
863 864 3
820 822 3
830 889 3
773 889 3
784 843 3
785 843 3
861 862 3
864 865 3
819 820 3
832 889 3
841 843 3
843 844 3
820 879 3
853 854 3
822 879 3
864 923 3
865 923 3
860 918 3
861 918 3
862 918 3
814 873 3
815 873 3
843 900 3
824 883 3
825 883 3
826 883 3
841 900 3
819 877 3
839 897 3
840 897 3
820 877 3
857 915 3
857 916 3
822 880 3
828 886 3
838 897 3
845 903 3
856 915 3
915 916 3
863 922 3
864 922 3
867 925 3
868 925 3
816 873 3
818 876 3
819 876 3
820 878 3
823 880 3
829 886 3
833 891 3
834 892 3
836 895 3
837 895 3
844 903 3
859 916 3
863 921 3
868 926 3
869 926 3
817 876 3
877 878 3
832 891 3
834 891 3
835 892 3
838 895 3
852 911 3
853 911 3
854 911 3
854 912 3
858 916 3
918 919 3
862 920 3
862 921 3
876 877 3
878 879 3
823 881 3
824 882 3
882 883 3
826 884 3
827 885 3
827 886 3
829 887 3
830 888 3
832 890 3
835 893 3
838 896 3
896 897 3
840 898 3
841 899 3
843 901 3
846 904 3
847 905 3
848 907 3
849 907 3
850 908 3
851 909 3
852 910 3
911 912 3
855 913 3
856 914 3
859 917 3
860 917 3
862 919 3
921 922 3
866 923 3
925 926 3
879 880 3
880 881 3
881 882 3
883 884 3
884 885 3
886 887 3
888 889 3
890 891 3
836 893 3
898 899 3
899 900 3
900 901 3
844 901 3
901 902 3
844 902 3
903 904 3
904 905 3
907 908 3
851 908 3
909 910 3
910 911 3
912 913 3
913 914 3
866 924 3
867 924 3
869 927 3
817 875 3
885 886 3
887 888 3
889 890 3
892 893 3
836 894 3
895 896 3
897 898 3
902 903 3
848 906 3
908 909 3
914 915 3
923 924 3
926 927 3
816 875 3
875 876 3
893 894 3
847 906 3
916 917 3
917 918 3
919 920 3
921 979 3
891 892 3
894 895 3
905 906 3
922 979 3
924 925 3
906 907 3
922 923 3
920 921 3
814 931 3
928 931 3
873 875 3
916 974 3
915 974 3
918 977 3
919 977 3
915 973 3
873 932 3
875 932 3
911 969 3
912 969 3
914 973 3
973 974 3
892 950 3
893 950 3
905 963 3
906 963 3
912 970 3
913 970 3
920 978 3
921 978 3
924 981 3
926 984 3
927 984 3
876 934 3
877 934 3
891 949 3
892 949 3
893 952 3
894 952 3
902 960 3
913 971 3
923 981 3
924 982 3
925 984 3
880 938 3
890 948 3
901 960 3
904 963 3
907 966 3
908 966 3
914 971 3
981 982 3
873 931 3
875 934 3
879 938 3
891 948 3
895 953 3
898 956 3
902 961 3
903 961 3
906 964 3
910 969 3
970 971 3
914 972 3
972 973 3
919 978 3
875 933 3
877 935 3
878 936 3
879 937 3
881 939 3
882 940 3
883 941 3
884 942 3
885 943 3
886 944 3
887 945 3
888 946 3
889 946 3
889 947 3
889 948 3
894 953 3
896 953 3
896 954 3
897 955 3
899 956 3
899 957 3
900 957 3
900 958 3
901 959 3
904 962 3
963 964 3
907 965 3
909 966 3
909 967 3
910 967 3
910 968 3
978 979 3
925 983 3
927 985 3
932 933 3
935 936 3
936 937 3
937 938 3
938 939 3
939 940 3
940 941 3
883 942 3
942 943 3
943 944 3
944 945 3
945 946 3
946 947 3
893 951 3
951 952 3
953 954 3
954 955 3
955 956 3
956 957 3
957 958 3
958 959 3
959 960 3
960 961 3
961 962 3
962 963 3
906 965 3
966 967 3
968 969 3
971 972 3
918 975 3
922 981 3
924 983 3
984 985 3
931 932 3
934 935 3
947 948 3
950 951 3
952 953 3
969 970 3
917 974 3
977 978 3
979 980 3
979 981 3
982 983 3
933 934 3
964 965 3
917 975 3
980 981 3
948 949 3
949 950 3
965 966 3
967 968 3
928 988 3
931 988 3
974 975 3
941 942 3
928 986 3
983 984 3
986 988 3
965 1024 3
965 1023 3
966 1024 3
1023 1024 3
918 1034 3
984 1042 3
977 1034 3
931 989 3
952 1010 3
953 1010 3
969 1028 3
970 1028 3
932 989 3
977 1035 3
978 1035 3
979 1037 3
934 992 3
964 1022 3
974 1033 3
975 1033 3
918 1033 3
1033 1034 3
980 1037 3
981 1039 3
935 993 3
953 1011 3
954 1011 3
963 1022 3
980 1039 3
936 994 3
937 994 3
937 996 3
938 996 3
948 1006 3
970 1029 3
978 1036 3
982 1040 3
1041 1042 3
936 993 3
939 997 3
949 1006 3
949 1007 3
954 1012 3
955 1012 3
964 1023 3
966 1025 3
967 1025 3
971 1029 3
972 1031 3
973 1031 3
1034 1035 3
979 1036 3
980 1038 3
981 1040 3
984 1041 3
985 1042 3
932 991 3
933 991 3
933 992 3
938 997 3
940 999 3
941 999 3
945 1003 3
946 1003 3
946 1004 3
947 1004 3
947 1005 3
950 1007 3
951 1009 3
1010 1011 3
1011 1012 3
955 1013 3
956 1013 3
956 1015 3
957 1015 3
958 1015 3
960 1019 3
961 1019 3
968 1025 3
969 1027 3
1028 1029 3
974 1031 3
1035 1036 3
1036 1037 3
1037 1038 3
982 1041 3
983 1041 3
985 1043 3
932 990 3
934 993 3
937 995 3
942 1000 3
943 1001 3
944 1002 3
948 1005 3
950 1008 3
950 1009 3
956 1014 3
959 1017 3
960 1018 3
962 1019 3
962 1020 3
963 1021 3
1022 1023 3
968 1026 3
968 1027 3
1027 1028 3
1032 1033 3
1038 1039 3
988 989 3
989 990 3
990 991 3
991 992 3
992 993 3
993 994 3
994 995 3
995 996 3
996 997 3
940 997 3
940 998 3
998 999 3
999 1000 3
1000 1001 3
1001 1002 3
944 1003 3
1003 1004 3
1006 1007 3
1007 1008 3
1009 1010 3
1012 1013 3
1013 1014 3
1014 1015 3
958 1016 3
958 1017 3
959 1018 3
1018 1019 3
1019 1020 3
962 1021 3
1026 1027 3
972 1030 3
974 1032 3
1039 1040 3
1042 1043 3
997 998 3
1002 1003 3
1008 1009 3
1021 1022 3
1025 1026 3
971 1030 3
1030 1031 3
1040 1041 3
1004 1005 3
1015 1016 3
1016 1017 3
1020 1021 3
1024 1025 3
1005 1006 3
1031 1032 3
1017 1018 3
1029 1030 3
