0 58 3
0 1 3
1 2 3
2 3 3
3 6 3
6 65 3
6 7 3
7 66 3
9 66 3
9 10 3
10 11 3
11 12 3
12 13 3
13 14 3
14 72 3
17 72 3
17 18 3
18 20 3
20 21 3
21 23 0
23 24 3
24 26 3
26 27 3
27 28 3
28 30 3
30 31 3
31 32 3
32 33 3
33 34 3
34 35 3
35 36 3
36 37 3
37 38 3
38 40 2
40 99 0
99 100 3
42 99 0
42 44 3
44 47 3
47 49 3
49 50 3
50 51 3
51 111 3
53 111 3
53 55 3
55 56 3
38 99 0
20 77 3
18 77 3
46 49 3
47 103 3
46 47 3
46 106 3
49 107 3
17 74 3
44 103 3
46 103 3
42 100 0
3 65 3
7 65 3
17 131 0
72 131 0
3 62 3
13 72 3
74 131 0
21 80 2
23 81 3
30 87 3
30 88 3
42 101 0
46 107 3
62 65 3
23 80 1
24 81 3
100 101 3
44 101 3
31 89 3
2 62 3
12 70 3
13 70 3
24 83 3
26 83 3
28 87 3
87 88 3
34 93 3
35 93 3
38 96 3
50 107 3
51 110 3
31 88 3
36 95 3
37 95 3
37 96 3
96 99 0
26 84 3
27 85 3
36 93 3
9 67 3
17 75 3
18 76 3
20 78 3
21 78 3
21 79 2
84 85 3
32 89 3
34 92 3
44 102 3
1 58 3
66 67 3
10 67 3
11 70 3
75 76 0
78 79 0
79 80 1
28 85 3
28 86 3
33 92 3
92 93 3
36 94 3
101 102 3
102 103 3
56 113 3
11 69 3
74 75 3
77 78 3
80 81 2
32 91 3
33 91 3
93 94 3
94 95 3
55 111 3
10 69 3
69 70 3
76 77 3
83 84 3
85 86 3
86 87 3
91 92 3
55 113 3
1 175 3
2 175 3
50 110 3
88 89 3
95 96 3
111 112 3
107 110 3
111 113 3
7 122 3
110 111 3
58 175 3
66 122 3
13 128 0
81 83 3
62 121 3
70 128 0
72 128 0
32 148 3
103 106 3
62 175 3
65 121 3
65 122 3
89 148 3
91 148 3
10 126 0
110 282 3
111 282 3
112 113 3
67 126 0
69 126 0
72 130 0
102 106 3
107 222 3
128 130 3
130 131 3
46 48 3
48 107 3
66 124 3
69 127 0
70 127 0
81 140 3
122 124 3
83 140 3
99 155 3
100 156 3
101 159 3
96 154 3
99 154 1
99 156 3
155 156 3
101 156 3
102 159 3
80 139 2
81 139 3
65 180 3
77 135 3
78 135 0
92 151 3
154 155 0
107 164 3
76 135 3
79 137 1
83 141 3
93 151 3
164 222 3
113 171 3
113 114 3
119 175 3
62 119 3
67 124 3
76 134 3
48 164 3
74 132 0
78 136 0
79 138 1
80 138 2
140 141 3
83 142 3
84 142 3
87 145 3
88 145 3
101 158 3
119 121 3
131 132 3
79 136 1
86 145 3
88 146 3
91 149 3
156 158 3
134 135 3
141 142 3
85 143 3
86 143 3
89 146 3
89 147 3
92 149 3
168 282 3
75 134 0
136 137 3
137 138 3
84 143 3
93 152 3
94 152 3
95 152 3
95 153 3
158 159 3
111 227 3
112 171 3
126 127 3
127 128 3
138 139 3
145 146 3
146 147 3
147 148 3
152 153 3
153 154 3
227 282 3
75 132 0
143 145 3
151 152 3
65 120 3
148 149 3
120 121 3
67 125 3
135 136 3
142 143 3
120 180 3
124 125 3
125 126 3
110 223 3
114 171 3
58 116 3
92 208 3
151 208 3
102 105 3
48 106 3
222 223 3
107 223 3
223 282 3
112 227 3
116 175 3
152 209 3
106 220 3
128 187 3
151 209 3
105 106 3
126 184 3
130 187 3
75 190 0
139 140 3
149 208 3
168 227 3
132 190 3
134 190 3
149 207 3
207 208 3
127 184 3
131 188 3
106 219 3
130 188 3
105 219 3
219 220 3
48 220 3
65 295 3
132 188 3
119 120 3
122 295 3
155 212 3
156 215 3
119 293 3
120 293 3
180 295 3
143 202 3
145 202 3
147 205 3
154 212 3
158 215 3
171 229 3
175 233 3
128 186 3
155 214 3
156 214 3
158 217 3
159 217 3
48 222 3
112 229 3
119 233 3
127 186 3
186 187 3
134 192 3
136 193 3
139 197 3
140 197 3
143 200 3
209 210 3
158 216 3
102 217 3
168 223 3
116 233 3
122 297 3
124 297 3
125 184 3
135 192 3
136 195 3
137 195 3
142 200 3
145 203 3
152 210 3
220 222 3
114 231 3
184 243 3
127 243 3
187 188 3
138 197 3
140 198 3
141 198 3
200 202 3
146 203 3
214 215 3
105 217 3
295 297 3
135 193 3
138 195 3
197 198 3
141 199 3
208 209 3
153 212 3
114 229 3
114 230 3
190 248 3
198 199 3
153 210 3
153 269 3
216 217 3
124 240 3
186 243 3
190 192 3
192 193 3
202 203 3
146 205 3
148 207 3
229 230 3
125 240 3
142 199 3
212 269 3
168 284 3
193 195 3
227 229 3
230 231 3
240 297 3
132 247 3
215 216 3
217 219 3
188 247 3
190 247 3
190 250 3
195 254 3
297 355 3
138 254 3
199 200 3
146 262 3
212 272 3
155 272 3
125 299 3
192 250 3
205 262 3
214 272 3
240 299 3
203 262 3
148 205 3
119 234 3
120 237 3
180 237 3
248 250 3
205 207 3
222 281 3
233 234 3
234 293 3
208 266 3
223 281 3
227 285 3
247 248 3
202 260 3
203 260 3
210 269 3
220 279 3
222 280 3
237 293 3
184 299 3
205 264 3
207 264 3
219 277 3
220 280 3
280 281 3
168 285 3
227 344 3
216 274 3
220 277 3
220 278 3
229 344 3
209 267 3
215 274 3
278 279 3
236 293 3
187 245 3
270 272 3
277 278 3
279 280 3
284 285 3
236 237 3
186 245 3
192 251 3
193 251 3
200 259 3
202 259 3
212 270 3
285 344 3
237 295 3
184 242 3
188 245 3
188 246 3
193 252 3
195 252 3
205 321 3
207 265 3
209 266 3
215 273 3
216 275 3
217 275 3
217 276 3
230 344 3
231 289 3
242 299 3
242 243 3
245 246 3
246 247 3
197 254 3
198 256 3
199 256 3
199 258 3
200 258 3
208 265 3
273 274 3
274 275 3
219 276 3
230 289 3
116 290 3
197 256 3
266 267 3
210 267 3
233 290 3
251 252 3
253 254 3
258 259 3
259 260 3
264 265 3
265 266 3
275 276 3
276 277 3
223 284 3
195 253 3
269 270 3
256 258 3
210 268 3
252 253 3
254 256 3
268 269 3
203 261 3
261 262 3
262 320 3
267 268 3
250 251 3
260 261 3
262 321 3
240 357 3
243 301 3
186 302 3
214 273 3
299 357 3
242 301 3
245 302 3
261 320 3
320 321 3
230 346 3
256 372 3
264 321 3
281 284 3
344 346 3
250 308 3
284 340 3
233 291 3
234 291 3
186 301 3
248 306 3
248 308 3
250 309 3
251 309 3
258 372 3
281 340 3
284 342 3
285 342 3
289 346 3
292 293 3
236 292 3
301 302 3
246 305 3
247 305 3
269 328 3
234 292 3
236 294 3
237 294 3
268 328 3
306 308 3
267 325 3
273 331 3
274 331 3
290 291 3
356 357 3
248 305 3
256 314 3
264 322 3
266 325 3
214 330 3
284 341 3
240 356 3
254 314 3
314 372 3
321 322 3
272 330 3
273 330 3
341 342 3
265 322 3
270 328 3
279 337 3
280 337 3
289 347 3
297 356 3
245 303 3
246 304 3
258 317 3
259 317 3
266 324 3
276 335 3
277 335 3
340 341 3
346 347 3
245 304 3
274 332 3
275 333 3
276 334 3
278 336 3
278 337 3
280 338 3
281 339 3
285 343 3
252 312 3
253 312 3
315 372 3
260 318 3
261 318 3
265 324 3
324 325 3
332 333 3
333 334 3
335 336 3
337 338 3
338 339 3
339 340 3
342 343 3
242 300 3
302 303 3
303 304 3
304 305 3
305 306 3
252 309 3
259 318 3
268 326 3
326 328 3
331 332 3
334 335 3
343 344 3
294 295 3
299 300 3
252 369 3
253 314 3
336 337 3
267 326 3
272 328 3
330 331 3
344 403 3
346 403 3
308 309 3
258 315 3
317 318 3
325 326 3
326 385 3
328 385 3
291 292 3
355 356 3
300 301 3
292 294 3
322 324 3
309 369 3
261 376 3
295 353 3
312 369 3
318 376 3
294 353 3
297 353 3
368 369 3
328 386 3
328 330 3
346 404 3
309 368 3
324 381 3
385 386 3
347 404 3
309 367 3
322 381 3
292 351 3
308 365 3
312 314 3
320 376 3
330 388 3
294 351 3
306 365 3
308 367 3
315 373 3
328 387 3
330 387 3
331 388 3
367 368 3
372 373 3
334 392 3
335 392 3
312 370 3
258 373 3
336 394 3
344 402 3
294 352 3
369 370 3
386 387 3
335 394 3
343 402 3
402 403 3
352 353 3
312 371 3
312 372 3
326 384 3
341 400 3
342 400 3
290 348 3
291 348 3
303 361 3
305 363 3
306 363 3
376 378 3
320 378 3
320 379 3
321 379 3
322 379 3
384 385 3
331 389 3
333 391 3
334 391 3
403 404 3
302 361 3
304 361 3
305 361 3
308 366 3
317 375 3
322 380 3
325 383 3
388 389 3
332 389 3
335 393 3
337 395 3
338 396 3
339 397 3
339 398 3
340 398 3
341 399 3
343 401 3
347 405 3
351 352 3
365 366 3
366 367 3
318 375 3
379 380 3
380 381 3
324 382 3
324 383 3
383 384 3
332 391 3
391 392 3
392 393 3
393 394 3
394 395 3
395 396 3
396 397 3
398 399 3
400 401 3
404 405 3
291 350 3
292 350 3
301 359 3
302 359 3
306 364 3
382 383 3
401 402 3
300 357 3
361 363 3
363 364 3
364 365 3
370 371 3
378 379 3
397 398 3
300 359 3
375 376 3
386 444 3
332 390 3
399 400 3
389 390 3
390 391 3
353 355 3
371 372 3
381 382 3
387 444 3
300 416 3
361 420 3
376 435 3
387 388 3
353 411 3
359 416 3
378 435 3
350 351 3
352 411 3
357 416 3
359 418 3
302 418 3
363 420 3
361 419 3
372 429 3
348 350 3
419 420 3
371 429 3
361 418 3
258 375 3
418 419 3
399 457 3
400 457 3
384 443 3
385 443 3
388 447 3
353 412 3
365 423 3
378 436 3
379 436 3
389 447 3
411 412 3
355 412 3
355 413 3
364 423 3
368 427 3
369 427 3
386 443 3
398 457 3
352 410 3
356 413 3
370 429 3
373 431 3
258 431 3
379 438 3
380 438 3
389 448 3
390 448 3
351 410 3
412 413 3
356 414 3
357 414 3
363 421 3
364 421 3
370 427 3
391 449 3
397 455 3
359 417 3
366 424 3
367 425 3
368 426 3
370 428 3
435 436 3
379 437 3
381 439 3
382 439 3
382 441 3
383 441 3
384 442 3
390 449 3
392 450 3
393 451 3
394 452 3
395 453 3
396 454 3
396 455 3
398 455 3
398 456 3
403 461 3
404 461 3
404 463 3
405 463 3
410 411 3
414 416 3
416 417 3
417 418 3
365 424 3
424 425 3
425 426 3
437 438 3
438 439 3
441 442 3
442 443 3
449 450 3
450 451 3
451 452 3
452 453 3
453 454 3
454 455 3
455 456 3
456 457 3
420 421 3
423 424 3
428 429 3
443 444 3
401 459 3
402 460 3
403 460 3
461 463 3
427 428 3
436 437 3
447 448 3
400 459 3
460 461 3
351 409 3
426 427 3
401 460 3
350 409 3
413 414 3
382 440 3
448 449 3
459 460 3
409 410 3
372 431 3
376 492 3
435 492 3
439 440 3
457 459 3
440 441 3
387 447 3
364 480 3
423 480 3
376 491 3
387 504 1
447 504 1
348 406 3
421 480 3
491 492 3
350 406 3
375 491 3
418 477 3
419 477 3
258 491 1
457 516 3
416 474 3
417 474 3
372 488 2
431 488 3
459 516 3
429 487 3
387 503 1
457 515 3
428 487 3
429 488 3
435 494 3
436 494 3
444 503 1
460 519 3
420 478 3
423 481 3
442 500 3
443 500 3
515 516 3
461 519 3
416 473 3
419 478 3
480 481 3
427 485 3
452 511 3
453 511 3
410 468 3
410 469 3
411 469 3
414 473 3
417 475 3
418 475 3
425 483 3
426 483 3
426 484 3
427 484 3
441 500 3
503 504 3
454 512 3
455 512 3
455 513 3
456 513 3
468 469 3
473 474 3
421 479 3
424 482 3
431 489 2
258 489 2
436 495 3
437 495 3
438 496 3
439 496 3
448 506 3
449 507 3
450 508 3
451 509 3
456 515 3
413 471 3
420 479 3
424 481 3
482 483 3
484 485 3
489 491 1
437 496 3
439 497 3
444 502 1
447 506 3
506 507 3
507 508 3
508 509 3
452 509 3
452 510 3
511 512 3
412 471 3
475 477 3
428 485 3
489 490 3
494 495 3
502 503 1
456 514 3
406 409 3
409 468 3
477 478 3
478 479 3
479 480 3
481 482 3
488 489 3
490 491 1
492 550 2
435 550 2
496 497 3
510 511 3
512 513 3
513 514 3
514 515 3
461 520 3
412 469 3
485 487 3
444 501 1
504 506 0
509 510 3
459 517 3
460 517 3
519 520 3
463 520 3
495 496 3
440 497 3
443 501 1
516 517 3
517 519 3
500 501 1
474 475 3
487 488 3
435 552 2
501 502 3
414 471 3
483 484 3
494 552 1
409 525 3
550 552 3
506 562 1
468 525 3
412 528 3
504 562 3
406 523 2
406 525 3
468 526 3
469 526 3
471 528 3
414 531 3
440 557 3
441 557 3
500 558 1
471 531 3
497 557 3
557 558 3
501 558 3
473 531 3
477 534 3
517 576 3
519 576 3
478 534 3
550 551 3
551 552 3
495 552 1
469 528 3
475 533 1
475 534 1
552 553 3
533 534 3
480 538 3
481 538 3
506 563 1
489 547 3
506 564 1
488 546 2
488 547 2
501 559 3
503 561 3
479 537 3
480 537 3
487 545 3
488 545 3
546 547 3
490 548 3
497 556 3
556 557 3
504 561 3
562 563 0
506 565 1
507 565 1
474 531 3
481 540 2
482 540 2
483 540 2
489 548 3
491 548 2
558 559 3
501 560 3
502 560 3
563 564 3
508 566 1
515 574 3
516 574 3
517 575 3
519 578 3
520 578 3
478 536 3
479 536 3
485 545 3
545 546 3
559 560 3
503 560 0
562 620 3
563 620 1
564 565 3
565 566 3
509 566 1
509 567 1
513 572 3
514 572 3
574 575 3
575 576 3
520 521 3
463 521 3
474 533 1
491 549 2
561 562 3
566 567 3
510 567 1
510 568 1
511 569 1
512 569 1
515 572 3
525 526 3
478 535 3
536 537 3
537 538 3
547 548 3
548 549 3
495 553 1
496 554 1
567 568 3
568 569 3
512 570 1
513 570 1
576 578 3
534 535 3
535 536 3
484 540 2
484 600 2
484 543 3
485 543 3
485 544 3
492 549 2
495 554 1
569 570 3
538 540 3
540 600 3
543 600 3
544 545 3
553 554 3
497 554 1
560 561 1
513 629 1
554 556 0
521 578 3
528 586 1
471 586 1
471 529 1
529 531 0
543 544 3
572 629 1
529 586 3
570 629 3
572 573 1
515 573 1
573 574 0
531 533 1
540 599 3
549 550 3
526 584 1
469 585 1
599 600 3
406 408 3
408 525 3
526 585 1
528 585 1
531 589 1
531 590 1
408 523 3
525 583 1
526 583 1
573 575 0
575 633 1
523 525 0
525 582 1
540 598 3
552 610 3
576 633 1
576 634 1
523 582 2
598 599 3
551 610 3
556 615 1
576 635 1
576 636 1
533 590 3
554 615 3
634 635 3
635 636 3
578 636 1
534 593 2
544 603 3
545 603 3
553 610 2
578 637 1
533 591 3
534 591 3
553 611 3
557 616 3
558 616 3
521 637 1
589 590 3
535 593 3
546 603 3
549 608 3
550 608 3
610 611 3
556 616 3
591 593 3
540 596 3
551 608 3
636 637 3
537 594 3
537 596 1
538 596 1
544 602 3
547 605 3
548 605 3
548 606 3
549 606 3
554 611 2
554 614 3
614 615 3
573 631 3
575 632 1
529 589 3
596 598 3
543 601 3
544 601 3
602 603 3
546 604 3
546 605 3
551 609 3
561 619 3
561 620 3
565 623 3
566 624 3
567 625 3
568 626 3
569 627 3
569 628 3
570 628 3
572 631 1
583 584 3
584 585 3
585 586 3
586 587 3
529 588 3
590 591 3
594 596 3
603 604 3
604 605 3
608 609 3
609 610 3
615 616 0
559 616 3
563 622 3
564 622 3
564 623 3
623 624 3
624 625 3
625 626 3
626 627 3
628 629 3
575 631 1
633 634 3
582 583 3
529 587 3
600 601 3
560 618 3
619 620 3
627 628 3
631 632 3
632 633 3
588 589 3
594 595 3
559 618 3
535 594 3
536 594 3
595 596 3
605 606 3
559 617 3
622 623 3
587 588 3
616 617 3
560 619 1
523 639 1
601 602 3
606 608 3
554 670 2
617 618 3
618 619 1
611 670 3
670 671 3
614 670 2
593 594 3
614 671 3
629 631 3
582 639 3
593 595 3
631 688 3
583 641 2
590 648 1
629 688 3
582 641 2
591 648 1
591 649 1
593 651 3
595 651 3
615 617 0
648 649 3
596 655 3
598 655 3
620 680 0
563 680 2
593 649 3
595 653 3
600 658 3
622 680 2
582 640 3
585 642 2
586 642 2
596 653 3
599 658 3
601 658 3
615 674 3
639 640 3
593 650 3
650 651 3
601 660 3
602 660 3
615 676 3
617 676 1
620 678 3
678 680 0
584 642 2
649 650 3
602 661 3
603 661 3
606 665 3
608 665 3
619 678 3
635 693 3
636 694 3
640 641 3
586 645 2
589 648 3
595 652 3
606 664 3
618 676 1
634 693 3
635 694 3
637 694 3
642 645 3
587 645 3
589 647 3
647 648 3
651 652 3
596 654 3
599 657 3
601 659 3
659 660 3
604 662 3
605 663 3
664 665 3
608 666 3
609 667 3
610 668 3
611 668 3
624 682 3
625 683 3
626 684 3
626 685 3
627 685 3
628 686 3
628 687 3
629 687 3
631 689 3
632 690 3
633 691 3
634 692 3
652 653 3
653 654 3
654 655 3
657 658 3
660 661 3
661 662 3
662 663 3
665 666 3
666 667 3
667 668 3
611 669 3
623 680 2
623 682 3
624 683 3
683 684 3
685 686 3
689 690 3
690 691 3
691 692 3
693 694 3
584 641 2
669 670 3
674 676 2
623 681 2
684 685 3
687 688 3
688 689 3
692 693 3
641 642 3
606 663 3
671 730 3
680 681 3
686 687 3
658 659 3
614 730 0
588 647 3
598 657 3
663 664 3
668 669 3
619 676 1
681 682 3
614 731 0
682 683 3
588 645 3
730 731 3
614 674 3
521 694 1
655 657 3
645 701 3
645 702 3
701 702 3
645 647 3
674 731 0
676 734 2
676 736 3
619 736 1
642 701 3
655 714 3
657 714 3
674 734 3
678 736 1
647 703 3
652 711 3
653 711 3
641 699 3
651 709 3
652 709 3
654 711 3
655 713 3
642 699 3
645 703 3
713 714 3
674 732 0
682 741 3
683 741 2
649 705 3
731 732 3
699 701 3
702 703 3
648 705 3
650 709 3
652 710 3
660 718 3
661 718 3
668 727 3
669 727 3
682 740 3
650 708 3
657 715 3
665 723 3
666 723 3
670 728 3
670 730 3
678 737 1
681 740 3
694 753 3
521 753 1
640 698 1
650 705 3
708 709 3
709 710 3
710 711 3
655 712 3
658 715 3
658 716 3
659 718 3
662 720 3
663 721 3
664 721 3
664 722 3
664 723 3
666 725 3
667 725 3
668 726 3
734 736 2
680 737 1
740 741 3
685 743 3
686 744 3
687 746 3
688 746 3
689 747 3
691 749 3
692 750 3
693 751 3
694 752 3
639 698 1
641 698 3
647 705 3
654 712 3
714 715 3
659 716 3
661 719 3
661 720 3
720 721 3
725 726 3
669 728 3
735 736 2
746 747 3
690 747 3
690 749 3
749 750 3
750 751 3
751 752 3
698 699 3
712 713 3
718 719 3
719 720 3
721 722 3
722 723 3
726 727 3
727 728 3
734 735 3
736 737 3
684 741 2
684 742 2
686 743 3
752 753 3
728 730 3
741 742 3
685 742 2
743 744 3
699 758 3
711 712 3
715 716 3
701 758 3
703 705 3
732 734 1
680 740 3
687 744 3
703 704 3
680 738 1
705 708 3
723 725 3
744 746 3
747 749 3
705 707 3
737 738 3
742 743 3
522 639 1
522 698 1
707 708 3
716 718 3
736 794 2
704 705 3
680 798 1
740 798 1
732 791 3
734 791 0
734 792 0
738 798 0
716 775 3
718 775 3
728 787 3
730 787 3
730 789 3
791 792 3
735 794 3
746 803 2
705 763 3
723 782 3
725 782 3
731 789 3
744 803 3
757 758 3
707 763 3
708 765 3
710 769 3
711 769 3
732 790 3
737 794 1
742 801 3
743 801 3
699 757 3
702 760 3
703 760 3
707 765 3
731 790 3
737 795 1
698 756 3
704 760 3
704 763 3
710 768 3
738 795 2
744 801 3
744 802 3
747 806 3
749 806 3
768 769 3
712 769 3
712 770 3
713 770 3
794 795 3
741 800 3
742 800 3
801 802 3
704 762 3
762 763 3
713 771 3
714 772 3
715 772 3
802 803 3
714 771 3
746 804 2
749 808 3
750 808 3
753 811 3
521 811 1
522 756 1
701 760 3
763 764 3
770 771 3
715 773 3
716 774 3
718 776 3
719 777 3
720 778 3
721 779 3
722 780 3
723 781 3
725 783 3
726 784 3
727 785 3
738 796 2
803 804 3
751 809 3
752 810 3
758 760 3
707 764 3
771 772 3
772 773 3
773 774 3
774 775 3
775 776 3
776 777 3
777 778 3
778 779 3
779 780 3
780 781 3
781 782 3
782 783 3
783 784 3
726 785 3
728 785 3
795 796 3
740 800 3
800 801 3
747 804 2
749 807 3
808 809 3
809 810 3
810 811 3
764 765 3
709 767 3
709 768 3
769 770 3
784 785 3
728 786 3
790 791 3
798 800 0
747 805 2
806 807 3
698 757 3
767 768 3
786 787 3
789 790 3
735 792 0
799 800 0
804 805 3
805 806 3
730 847 3
789 847 3
798 799 3
807 808 3
760 762 3
785 786 3
708 767 3
787 847 3
757 815 3
846 847 3
787 846 3
800 859 1
756 757 3
758 815 3
760 818 3
792 794 1
799 859 3
762 818 3
708 824 3
796 798 0
765 824 3
794 852 0
798 856 1
760 815 3
767 824 3
796 856 3
818 819 3
762 819 3
792 852 3
815 817 3
801 859 1
760 817 3
789 848 3
790 848 3
792 851 3
807 865 3
756 815 3
851 852 3
806 864 3
808 865 2
771 829 3
796 854 3
798 858 1
799 858 1
808 867 3
817 818 3
772 829 3
784 842 3
795 854 3
798 857 1
805 863 3
809 867 2
768 827 3
769 827 3
770 828 3
770 829 3
791 850 3
792 850 3
765 823 3
769 828 3
783 842 3
785 843 3
786 844 3
856 857 3
857 858 3
803 862 3
804 862 3
804 863 3
815 816 3
823 824 3
767 825 3
768 826 3
827 828 3
828 829 3
772 830 3
773 831 3
774 832 3
775 833 3
776 834 3
777 834 3
777 835 3
778 836 3
779 837 3
780 838 3
781 839 3
782 840 3
783 841 3
786 843 3
787 844 3
791 848 3
802 860 1
806 863 2
807 864 2
811 869 3
816 817 3
764 823 3
824 825 3
767 826 3
826 827 3
830 831 3
831 832 3
832 833 3
833 834 3
835 836 3
836 837 3
837 838 3
838 839 3
839 840 3
840 841 3
842 843 3
850 851 3
795 852 0
796 855 3
859 860 3
803 860 1
803 861 1
861 862 0
862 863 3
865 867 3
809 868 3
810 868 3
843 844 3
791 849 3
854 855 3
855 856 3
863 864 3
811 868 3
825 826 3
834 835 3
841 842 3
787 903 3
848 849 3
860 861 3
764 880 3
829 830 3
844 903 3
846 903 3
847 848 3
849 850 3
858 859 0
864 865 3
867 868 3
823 880 3
795 853 0
868 869 3
762 820 3
853 854 1
819 820 3
763 879 3
815 873 3
763 820 3
764 879 3
852 853 3
864 923 3
816 873 3
879 880 3
865 923 3
756 873 3
820 879 3
867 924 3
854 913 0
865 924 3
873 874 3
817 875 3
853 913 3
816 874 3
817 874 3
858 917 3
859 917 1
861 920 3
862 920 1
868 926 2
522 873 1
874 875 3
867 926 3
818 875 3
856 914 3
855 914 3
856 915 3
857 915 3
857 916 3
858 916 3
522 931 1
819 877 3
820 877 3
833 891 3
843 901 3
847 905 3
851 909 3
851 910 3
852 910 3
916 917 3
860 917 1
873 931 3
818 877 3
823 881 3
824 881 3
828 887 3
829 887 3
830 887 3
834 891 3
844 901 3
846 905 3
848 905 3
850 908 3
850 909 3
853 910 3
853 911 3
911 913 3
863 920 1
826 884 3
827 885 3
828 886 3
830 888 3
831 889 3
831 890 3
832 890 3
834 892 3
835 893 3
836 894 3
837 895 3
838 896 3
839 897 3
840 898 3
841 899 3
842 900 3
844 902 3
846 904 3
848 906 3
849 908 3
909 910 3
923 924 3
867 925 3
869 927 2
880 881 3
825 883 3
825 884 3
884 885 3
885 886 3
886 887 3
831 888 3
890 891 3
891 892 3
892 893 3
893 894 3
894 895 3
895 896 3
896 897 3
897 898 3
898 899 3
899 900 3
900 901 3
901 902 3
902 903 3
903 904 3
904 905 3
905 906 3
910 911 3
855 913 0
915 916 3
863 921 1
924 925 3
925 926 3
824 883 3
883 884 3
888 889 3
889 890 3
908 909 3
914 915 3
920 921 3
868 927 3
860 918 1
863 922 1
864 922 1
926 927 3
887 888 3
849 906 3
913 914 1
922 923 0
877 879 3
917 918 3
875 877 3
881 940 3
824 940 3
921 922 3
883 940 3
860 920 3
918 920 0
913 970 3
920 977 1
877 936 3
879 936 3
906 908 3
918 977 3
923 981 1
522 989 1
922 981 3
931 989 3
906 965 3
908 965 3
911 970 3
875 934 3
877 934 3
914 972 0
924 981 1
874 932 3
879 937 3
913 972 3
920 979 1
921 979 1
927 985 3
880 937 3
908 966 3
915 972 0
920 978 1
926 985 3
891 949 3
965 966 3
915 973 0
977 978 3
922 979 1
880 939 3
881 939 3
883 941 3
884 941 3
889 947 3
890 949 3
902 960 3
972 973 3
917 977 3
981 982 3
924 982 1
926 984 3
875 932 3
877 935 3
888 946 3
890 947 3
892 949 3
896 954 3
906 964 3
913 971 3
916 975 3
917 975 3
925 984 3
873 932 3
934 935 3
935 936 3
936 937 3
880 938 3
884 942 3
885 943 3
886 944 3
887 945 3
889 946 3
892 950 3
893 951 3
894 952 3
895 953 3
897 954 3
897 955 3
898 956 3
899 957 3
900 958 3
901 959 3
903 961 3
904 962 3
905 963 3
905 964 3
909 967 3
910 968 3
911 969 3
971 972 3
916 974 3
978 979 3
925 983 1
875 933 3
937 938 3
940 941 3
942 943 3
943 944 3
944 945 3
945 946 3
949 950 3
950 951 3
951 952 3
952 953 3
953 954 3
955 956 3
956 957 3
957 958 3
958 959 3
902 959 3
960 961 3
961 962 3
962 963 3
963 964 3
966 967 3
967 968 3
911 968 3
969 970 3
970 971 3
915 974 3
975 977 3
925 982 1
939 940 3
959 960 3
982 983 3
984 985 3
932 933 3
933 934 3
938 939 3
954 955 3
964 965 3
968 969 3
983 984 0
941 942 3
946 947 3
922 980 1
974 975 3
979 980 3
973 974 1
931 932 3
947 949 3
947 1006 3
949 1006 3
977 1034 3
980 981 0
975 1034 3
983 1043 3
967 1025 3
980 1038 3
984 1043 1
966 1025 3
979 1038 3
935 993 3
946 1005 3
947 1005 3
970 1028 3
974 1033 3
975 1033 3
977 1035 3
979 1037 3
981 1038 1
1042 1043 3
985 1043 1
931 990 3
933 991 3
936 993 3
965 1023 3
969 1028 3
972 1030 3
973 1031 3
978 1037 3
981 1039 1
983 1042 3
932 990 3
934 991 3
934 993 3
940 998 3
941 998 3
942 1000 3
945 1003 3
950 1008 3
952 1010 3
959 1017 3
964 1023 3
1030 1031 3
1034 1035 3
978 1035 3
1038 1039 2
937 995 3
939 997 3
940 997 3
941 1000 3
942 1001 3
943 1001 3
944 1002 3
944 1003 3
949 1008 3
951 1009 3
953 1010 3
953 1012 3
954 1012 3
960 1017 3
968 1026 3
971 1028 3
974 1032 0
978 1036 3
932 991 3
934 992 3
936 994 3
937 996 3
938 996 3
997 998 3
941 999 3
943 1002 3
946 1004 3
949 1007 3
950 1009 3
951 1010 3
953 1011 3
955 1012 3
955 1013 3
956 1014 3
957 1015 3
958 1015 3
958 1016 3
960 1018 3
960 1019 3
961 1019 3
962 1020 3
963 1021 3
964 1022 3
966 1024 3
1024 1025 3
967 1026 3
969 1027 3
971 1029 3
1032 1033 1
1035 1036 3
982 1040 3
983 1041 3
991 992 3
992 993 3
993 994 3
994 995 3
939 996 3
998 999 3
999 1000 3
1000 1001 3
1002 1003 3
1003 1004 3
1004 1005 3
1005 1006 3
1007 1008 3
1011 1012 3
1012 1013 3
1013 1014 3
1014 1015 3
1015 1016 3
1016 1017 3
1017 1018 3
1019 1020 3
1020 1021 3
1021 1022 3
1023 1024 3
1026 1027 3
1028 1029 3
972 1029 3
1031 1032 3
1037 1038 3
981 1040 3
1040 1041 3
1041 1042 3
989 990 3
995 996 3
996 997 3
1008 1009 3
1010 1011 3
1036 1037 3
1039 1040 0
990 991 3
1006 1007 3
1009 1010 3
1018 1019 3
1022 1023 3
1027 1028 3
1029 1030 3
1001 1002 3
1025 1026 3
1033 1034 3
