-0.0222964 -0.00158782 13.6414
-0.0252471 -0.00600307 13.9086
-0.034856 0.035561 12.8965
-0.0220741 0.0076869 12.9021
-0.012037 -0.00515123 12.5411
-0.0164955 -0.00719716 13.1622
-0.00374252 -0.002028 11.3381
0.00922192 -0.00350912 9.37223
0.0184902 -0.0280249 8.31902
0.0210929 -0.0130481 7.39489
0.00424313 0.00632843 11.0419
0.00397204 0.00403303 11.1906
-0.00987473 0.0166986 14.492
-0.0183923 0.0133914 16.8362
0.00896202 -0.000227556 8.70625
0.0074937 -0.033598 10.2364
-0.0194471 -0.00556736 18.9015
-0.0547364 -0.0124377 32.2178
-0.0414055 0.0173752 25.807
-0.0763679 0.0783283 38.8644
-0.0944868 0.0931157 45.6423
-0.0733669 0.134172 36.1723
-0.0306219 0.0787741 15.7565
-0.00636987 0.0156737 4.98855
0.466169 0.00362983 -238.823
0.018028 -0.00946535 2.25261
0.0221384 -0.029958 0.240406
0.0227548 -0.0320754 -0.0113384
0.0254563 -0.0300112 -1.66133
-0.016641 -0.017294 25.1805
-0.0873883 -0.135725 71.122
-0.0170147 -0.126481 46.8992
-0.0207129 -0.109645 49.2462
0.00180036 -0.0976829 33.122
-0.00284214 -0.0455831 36.1888
0.0222273 -0.0143755 16.8479
0.0241531 -0.018891 15.6182
0.0877036 -0.105034 -43.6379
0.10168 -0.0529682 -56.8919
0.155365 -0.0354164 -100.954
0.133781 -0.185081 -79.6933
0.0689688 -0.181991 -21.6969
0.025784 -0.115544 16.2434
0.22933 0.0412216 -173.897
0.192343 -0.0201918 -137.118
0.0977535 -0.04822 -45.4838
0.091936 -0.0768058 -38.7837
0.0415042 -0.0296368 10.8182
0.0766456 -0.0419205 -24.65
-0.500522 0.0920757 586.685
-0.0284987 0.0217267 89.2568
-0.0576073 0.0109999 122.012
-0.108849 -0.00810895 178.838
0.0944274 -0.0435922 -57.8962
0.093784 -0.0212159 -57.4166
0.0814083 -0.0874139 -41.9663
0.0819212 -0.090073 -42.6253
0.0819212 -0.090073 -42.6253
-0.000863415 0.00868172 13.3552
-0.0165624 -0.0255133 14.1803
-0.0431882 0.0283235 13.4607
0.00407788 0.00395195 10.6591
-0.0036709 0.00391289 11.4462
-0.0103188 -0.00148239 12.0351
0.00544178 0.00924504 9.48193
0.00288425 0.00735351 10.0674
0.00910485 0.0138423 8.80548
0.0128678 0.0210655 8.20287
0.0232341 0.014469 6.50224
-0.00329874 0.00948686 12.9165
0.00353935 0.0175633 10.9778
-0.0194585 0.0156452 17.3833
0.00164103 0.0022125 11.0969
0.000285571 -0.00936392 12.0765
-0.00802078 -0.0108156 15.0597
-0.0298707 0.0135384 22.2276
-0.0132344 0.0229199 15.2707
-0.0830418 0.0668131 42.4399
-0.0890954 0.146713 42.9161
-0.101635 0.163939 46.9562
0.091074 -0.00802606 -36.7557
0.0591691 0.016704 -21.4349
0.489788 -0.0624375 -248.133
-0.000310939 -0.0119771 12.5823
0.0168872 -0.021724 3.13006
0.00681296 -0.0310639 9.51715
0.0386485 -0.0122405 -10.542
0.030394 -0.00561733 -5.01926
0.00919809 0.0146975 7.8327
-0.0173332 -0.109764 46.609
-0.00270122 -0.0971757 35.6938
0.0175354 -0.105912 21.7555
0.0546603 -0.00725572 -8.48796
0.0357977 -0.00386453 6.20286
-0.0250064 -0.121382 49.7801
0.0192376 -0.0668145 11.6817
0.124282 -0.0742429 -74.003
0.100207 -0.00212923 -53.7636
0.0322892 -0.015473 5.36989
0.0535018 -0.183961 -8.34764
0.109294 -0.112147 -59.8722
0.126333 0.106149 -77.3071
0.103171 -0.000548779 -51.8767
0.0864188 -0.059692 -34.7166
0.0952378 -0.0840676 -42.4316
0.0687997 -0.0646833 -16.1583
0.00990793 -0.0941284 47.1984
-0.414373 -0.314375 502.031
-0.0297857 -0.0382721 59.9331
-0.0332947 0.0131772 94.8723
0.127262 0.0292039 -97.8047
0.129084 0.00697829 -98.8223
-0.0206494 -0.0255479 105.568
-0.0182146 0.0112553 100.743
0.0245137 0.00221001 49.3506
0.0128368 -0.0213918 65.1965
-0.0844572 0.0469554 23.0801
-0.0629243 0.0323952 23.2384
-0.0982525 0.133273 11.7565
-0.0357513 0.0615973 11.6128
-0.0179056 0.0548598 10.5713
-0.0214526 0.0533871 10.9449
0.000871431 0.0334469 9.28357
0.0116063 0.0383572 7.54801
0.0117727 0.034841 8.03369
0.00966714 0.0280773 8.61594
0.0146074 0.00965919 8.6367
0.00448632 0.00443661 11.3013
-0.0100213 -0.0124209 15.9166
-0.0208589 -0.0164527 19.0883
-0.000514617 -0.00118615 12.0442
-0.00994063 -0.00994248 15.6266
-0.010925 -0.023898 16.7648
-0.0150928 -0.0221282 18.2408
-0.0288915 -0.00690072 22.4856
-0.0139619 -0.0224628 17.707
-0.0598291 -0.0525319 39.0785
0.00956847 -0.02366 5.68502
-0.0248315 -0.0570052 22.8984
0.0890794 -0.0584261 -32.8928
0.0521036 -0.00112509 -16.8971
0.0204622 -0.00279376 0.443193
0.00547399 -0.0105027 9.09123
0.0175923 -0.00610348 1.92097
0.0510462 -0.00643812 -18.4248
0.0425629 -0.0126902 -12.3202
0.0327671 -0.00928041 -6.34673
0.0560834 -0.0114229 -21.5187
0.0236377 -0.0115217 0.826644
-0.122778 -0.714944 151.5
0.0785589 0.0495748 -28.3748
0.0423099 0.0126796 0.466714
-0.00401563 -0.0799539 31.5266
0.138161 -0.0988633 -84.3806
0.0776561 -0.0993406 -34.75
0.0487558 0.0252554 -10.2585
-0.048919 -0.136424 80.8921
0.0202423 -0.198872 21.2434
0.0252364 -0.153515 14.1339
0.0245966 -0.0499283 8.91885
-0.0307716 -0.0257814 60.0875
-0.0398544 -0.0373154 68.6441
0.0106578 -0.0347174 17.8064
0.0281411 -0.0862878 26.4103
-0.0529807 -0.123141 113.03
-0.661808 -0.302012 765.591
-0.0326824 0.180468 53.9851
0.0928808 0.0493518 -59.8711
0.120848 0.0393709 -90.7548
0.12382 0.0367686 -93.852
-0.000638566 -0.0280495 81.2509
0.00664666 0.00604596 70.8666
-0.00597994 -0.00324007 86.8885
-0.0106596 -0.0360272 94.3806
-0.125762 0.0389809 24.1939
-0.150753 0.0381548 24.8295
-0.132387 0.147644 14.357
-0.0819934 0.128707 10.9938
-0.0553391 0.12967 8.19873
-0.0269592 0.0854329 9.45274
0.000460696 0.0428695 8.91276
0.00090715 0.0256488 10.1366
0.0149787 0.0178955 8.26101
0.00309081 0.0197659 10.5834
0.00112275 0.0129388 11.4035
-0.0093566 0.0138097 13.6423
-0.0208926 -0.00840873 18.2214
0.000984362 0.0100691 10.4505
-0.00453114 0.00188512 13.1187
-0.018928 0.00644332 17.3646
-0.0145736 -0.0116338 16.8315
-0.0127303 -0.0175039 16.6955
-0.00627651 -0.0338338 15.2638
-0.0645547 -0.0481433 40.6009
-0.0266171 -0.084349 25.931
0.0166772 -0.0830725 5.34757
0.0527296 -0.0380278 -14.8573
-0.0442266 -0.0311809 27.6267
0.0106549 -0.00650724 -2.6137
0.0294487 -0.0060776 -4.04661
0.0117915 0.0159428 4.00251
0.0180278 0.0203063 0.100264
0.0231603 0.0166691 -2.89941
0.0443498 -0.0138025 -13.6111
0.0596526 -0.0121887 -24.267
0.0335709 -0.0233816 -4.89309
0.0208333 -0.0133413 2.96742
0.00100891 -0.00731079 16.5428
0.00813664 -0.0147187 11.9245
0.00742051 -0.00262072 11.1348
0.0274112 -0.0404372 -1.28352
0.135869 -0.0638111 -85.0301
0.0364472 -0.0422671 -3.9735
0.00638992 -0.0310959 20.0264
0.0610936 -0.100025 -22.6141
0.0492183 -0.132607 -9.58892
0.071858 -0.113944 -31.8196
0.0553478 -0.0973227 -17.3091
0.0473684 -0.0131502 -15.5622
-0.0450662 0.0138761 69.7094
0.0579433 -0.00681977 -31.4285
0.0481175 -0.0325994 3.17916
-0.275973 -0.105167 345.284
-0.180627 0.0333731 226.107
-0.135585 0.101518 171.61
-0.123489 0.0949088 158.785
-0.122496 0.0949234 157.675
-0.122496 0.0949234 157.675
0.0237331 0.0149854 50.051
0.0157897 0.0340583 58.1519
-0.0154961 0.0339118 95.7714
-0.02486 0.016376 108.234
-0.104251 0.0127686 26.2865
-0.118371 0.0496079 23.3672
-0.127804 0.0980357 18.346
-0.0943515 0.113253 14.8035
-0.0325317 0.142866 5.99563
0.00854495 0.138876 2.45413
-0.0288641 0.0247505 14.6562
0.00442643 0.0137909 10.3465
0.000500821 0.0159698 11.4656
0.000205218 -0.00490881 13.6005
-0.00354964 0.00220722 13.6797
-0.00595625 0.0192704 12.5543
-0.0102326 0.0264122 12.9176
-0.0218457 0.0291349 16.0341
-0.021438 0.0162062 17.1944
-0.00714502 0.0271263 11.401
-0.0263048 0.0342812 17.3107
-0.314904 0.0879159 118.634
0.0183381 -0.159109 14.2206
0.0490211 -0.0531411 -12.0246
0.0170971 -0.0470823 0.773304
0.0350363 -0.0640003 -5.1448
-0.00940466 -0.101415 17.8855
0.0176322 -0.0458063 -1.46595
0.00223052 -0.0153421 2.9813
0.00669862 -0.0125146 9.63122
0.0108694 0.00732646 5.48765
-6.28897e-05 -0.00907987 13.7549
0.0200042 -0.00746074 1.11398
0.046873 -0.0263205 -14.5699
0.0595402 -0.030559 -21.797
0.0644437 -0.060138 -22.8041
0.0276826 -0.0126237 -1.93997
-0.00122349 -0.0486638 21.9299
0.0130804 -0.0202603 8.82117
0.00964098 -0.0220802 11.3168
0.0807341 -0.0441212 -43.5971
0.138581 -0.0455094 -89.1326
0.0325242 -0.0545971 0.67726
-0.0139417 -0.0572917 39.3887
0.0293313 -0.0556909 0.925417
0.072033 -0.0522227 -38.1379
0.116881 -0.0320641 -81.365
0.120821 -0.01147 -86.2968
-0.0246868 0.00618455 51.6853
-0.0438263 0.000728026 69.7617
0.0359988 0.0247648 -11.6141
0.0846568 0.0269348 -60.1784
0.0284274 0.0151441 -0.831177
-0.12063 0.0739134 157.768
-0.0368775 0.0371761 82.5228
-0.100522 0.105015 132.414
0.0622092 0.0557834 -29.9948
0.0908368 0.0606102 -63.1808
0.0287442 0.0090028 44.5843
0.022869 0.0228685 50.3759
0.00892303 0.0502885 64.7232
-0.0281099 0.0532594 109.892
-0.0765795 -0.0170056 29.0411
-0.0731642 0.00855236 25.9092
-0.101898 0.0433404 23.3552
-0.0774661 0.0731434 17.4086
-0.0372738 0.0999713 10.9108
-0.0145594 0.053146 14.2714
-0.0212636 0.0341814 17.4658
-0.038959 -0.0270081 21.9377
0.00207638 -0.0614946 19.4245
0.0163139 -0.0666088 17.0714
0.045916 -0.0465684 7.70811
0.023911 -0.00758816 8.04712
-0.00112912 -0.00804594 14.3748
-0.0125993 -0.00666511 17.3496
-0.0154853 -0.0341199 21.4529
-0.0114887 -0.00474259 16.6815
-0.0211209 0.00795301 18.5809
-0.0611251 0.0236933 31.2401
-0.0845957 0.125252 24.2183
-0.0406359 0.0513636 15.0233
-0.00634433 0.0370519 1.86913
0.0087179 0.0137631 -1.57554
-0.0400516 -0.0280436 25.1771
0.00952749 -0.0323364 1.1749
0.00332504 -0.0365274 5.25921
0.0426728 -0.0237544 -16.2731
0.0338243 -0.0160267 -12.1182
0.0246012 -0.0417282 2.3299
0.0253512 -0.0154985 -1.19856
0.0340623 0.00671641 -9.34551
0.0350902 -0.0883882 -0.446078
0.0546926 -0.121508 -9.95841
0.0540983 0.00222101 -22.1416
-0.0499472 -0.0920356 61.4832
0.0201689 -0.0717463 8.90312
0.0487972 -0.0323066 -18.0597
0.0473607 -0.0100544 -19.7011
0.0973705 -0.0442731 -55.9469
0.0783394 -0.0768895 -35.8755
0.00549279 -0.0681107 24.2436
-0.000864373 -0.0338922 25.1698
0.03322 -0.010276 -7.55936
0.087605 0.0121237 -58.9661
0.125467 0.0338755 -96.1184
0.0804681 0.015832 -50.1959
0.000538724 0.0299689 24.0095
0.0338609 0.0398677 -10.2241
0.106088 -0.0168589 -68.5745
0.129604 -0.0684561 -85.9839
0.0932271 -0.0697886 -46.3942
0.0196414 -0.0336768 28.8902
0.00780301 -0.0332466 41.2164
0.102871 0.0185571 -72.1564
0.16347 0.0447565 -144.47
0.217131 0.0205605 -203.355
0.234308 -0.0185071 -218.302
0.598041 0.0484495 -665.211
0.359826 0.0896291 -377.049
-0.053467 -0.0315191 30.5399
-0.0482346 -0.0104912 27.4139
-0.0621265 0.00453869 26.0336
-0.06843 0.0278325 23.12
-0.052116 0.0496805 18.7458
-0.0523812 0.0378452 20.5618
-0.295273 -0.555578 134.808
-0.020764 -0.141047 32.5495
-0.00267599 -0.133268 28.7132
0.0126671 -0.112309 22.2771
0.105413 -0.0521122 -6.01218
0.0529165 -0.0387284 5.05919
-0.033556 -0.0584096 29.7282
-0.0284733 -0.0740581 30.9704
-0.00949995 -0.0641936 23.4798
0.00715781 -0.070518 18.8322
-0.00815494 -0.0587439 22.6878
-0.0641851 -0.0520041 42.0318
-0.0942003 0.0611131 36.3887
-0.0660564 0.0298205 28.6498
-0.00905497 0.0460794 1.22923
-0.0842238 0.0142705 40.8065
-0.0507373 -0.0239326 29.7252
-0.0482964 0.0124513 24.2558
0.0453764 -0.0102669 -20.527
0.0629956 -0.0255247 -27.2696
0.0264876 -0.0102453 -8.6578
0.0348655 -0.011783 -13.5354
0.0659038 -0.0435089 -27.5527
0.074631 -0.11876 -21.3595
0.051437 -0.0631214 -15.5294
0.0272512 -0.0571826 -0.250214
0.0188629 -0.069713 6.93117
0.0461028 -0.0577231 -13.1495
0.0628462 -0.026893 -29.8209
0.077999 -0.00515282 -44.1733
0.0615746 0.0100002 -33.2301
0.0481438 0.00674062 -22.244
0.0499507 -0.000564713 -22.7003
0.0201602 -0.0454324 8.62276
0.0455721 0.0325827 -23.9361
0.0964608 0.0566055 -72.3342
0.0825395 0.0512698 -59.1742
0.111486 0.0283047 -82.4537
0.036884 0.0353314 -11.8121
0.028741 0.0598397 -8.24041
0.0537121 0.0682218 -34.007
0.147892 -0.039909 -109.261
0.158063 -0.0260752 -121.066
0.124982 -0.0321975 -85.4716
0.038277 -0.0239088 6.68704
0.0231908 -0.0578673 26.9214
0.14167 -0.00447357 -113.869
0.179929 0.00594768 -158.304
0.226305 -0.0141372 -209.976
-0.0839128 0.387434 106.705
0.0515746 0.0758205 3.99953
0.456769 0.103266 -498.481
-0.0374341 -0.036836 31.0925
-0.0365195 -0.019376 28.2199
-0.0378601 -0.00742062 26.5596
-0.0512503 -0.00484221 26.5947
-0.0278671 0.0110645 22.0273
-0.0373255 0.00102182 24.703
-0.0133784 -0.136059 30.9103
-0.00126115 -0.108412 24.4357
0.0119059 -0.126592 24.8181
0.0225315 -0.134322 23.9766
-0.0106404 -0.190669 39.6325
-0.0298266 -0.0327372 24.8206
-0.0569184 -0.0289136 31.0082
-0.042302 -0.0711538 33.0249
-0.00931142 -0.0604628 22.253
0.00036577 -0.0550466 18.7617
-0.0340421 -0.0673685 32.3843
-0.0469424 -0.0791136 38.9403
-0.0589554 -0.0146979 33.1527
-0.0574454 0.0239299 26.0362
-0.0275197 0.0488882 9.21441
-0.0504732 0.0396698 22.392
-0.0340909 0.000810874 18.2049
0.017165 -0.00639964 -6.3272
0.0340903 0.00339863 -16.5251
0.0493139 -0.00449325 -23.3837
0.0556479 -0.0229336 -23.4789
0.0452508 -0.00914643 -19.9638
0.0477662 -0.00910376 -21.3703
0.0473925 -0.0210874 -19.2696
0.046648 -0.00204366 -22.0282
0.0485501 -0.000721045 -23.4537
0.0533983 -0.0111643 -25.295
0.0653267 -0.00496254 -34.7733
0.0855375 0.030839 -55.4879
0.0900588 0.0191313 -56.8349
0.0632778 0.0138133 -35.2582
0.0549886 0.0311219 -31.5174
0.0499508 0.0510926 -30.6797
0.0509061 0.0565898 -32.349
0.0754786 0.0914754 -58.9389
0.0835806 0.0839373 -64.8465
0.0904468 0.0939755 -72.9555
0.0949788 0.0786159 -74.2072
0.0582151 0.0758609 -38.9079
0.0597074 0.0833095 -41.9573
0.131265 0.0642272 -109.951
0.139976 -0.0250648 -103.661
0.159234 -0.0061802 -126.09
0.0650922 -0.0316101 -20.4592
0.00974722 -0.0160485 35.507
0.117531 0.0340592 -93.7195
0.179107 0.019971 -159.925
0.151757 0.000113746 -124.783
0.170898 -0.0159961 -144.615
0.103197 0.0862992 -60.6442
0.108628 0.0775499 -65.6839
0.141756 0.0693864 -104.824
-0.0185656 -0.0363904 30.758
-0.0222445 -0.0168546 27.3364
-0.0335277 -0.0189504 28.4596
-0.048497 -0.0113866 27.4299
-0.0309685 -0.00217551 24.5878
-0.0827365 -0.0289372 35.3289
0.0621991 -0.107873 13.8583
0.0124038 -0.131744 25.6909
0.0482001 -0.125493 17.9156
0.00476044 -0.12264 25.7319
-0.00342378 -0.106386 23.3981
0.0520262 0.0250083 -13.3405
-0.0496301 0.0319273 18.8262
-0.0149348 0.0946949 -10.3764
0.0113763 0.00190288 5.18697
0.00895941 -0.0103652 7.49329
0.00449837 0.00791834 5.15311
0.0942459 0.163449 -61.2344
0.153952 0.105132 -74.1064
0.214514 0.166096 -109.244
0.052099 0.0932203 -24.666
-0.0138865 0.0151078 20.4875
-0.103352 0.0375209 46.4505
-0.00972234 0.033363 0.767066
0.0227174 0.000625452 -9.96203
0.0391161 0.0184999 -21.733
0.0479615 -0.00969758 -21.6318
0.0676937 0.0460579 -43.4378
0.0484133 -0.00727061 -22.1221
0.0513588 0.0030563 -25.8663
0.0552898 0.058514 -38.619
0.0489854 0.0556837 -33.6783
0.0624056 0.0827277 -47.7932
0.0747092 0.0744758 -55.0641
0.0754717 0.084695 -57.3912
0.0811471 0.0665417 -58.4084
0.0767456 0.0792738 -57.3792
0.0778368 0.094327 -61.0374
0.0739109 0.108082 -60.3778
0.0761871 0.112579 -63.1284
0.0803155 0.129621 -69.6673
0.080197 0.121028 -68.0862
0.0833324 0.119787 -70.509
0.0746232 0.100379 -58.7113
0.0640197 0.109925 -50.485
0.078844 0.114093 -65.7715
0.0863997 0.115657 -73.4931
0.0969882 0.106996 -82.5828
0.101349 0.0661858 -79.653
0.111365 -0.0209147 -72.33
-0.0142143 0.032669 52.8087
0.115515 0.0745734 -97.6292
0.142136 0.0365096 -120.409
0.135265 0.00314156 -106.838
0.161537 -0.0306597 -131.275
0.0730561 0.0495807 -17.2838
0.111455 0.0568157 -65.3227
0.12984 0.0733696 -90.7065
-0.00494632 -0.0274133 28.7281
-0.0155378 -0.0177543 27.1706
0.000395439 0.0110268 20.4175
-0.0335163 0.00663048 22.6424
-0.0435024 0.000531775 25.1162
-0.0737457 0.00184243 27.9322
-0.131078 -0.0311592 41.437
-0.0564975 0.0686093 8.70948
-3.50142e-05 0.034178 6.76764
-0.00646237 0.0628536 1.84049
0.00789095 0.0558839 0.236018
-0.0105675 0.0351465 8.99961
-0.0432 0.0532201 13.7524
-0.039049 0.0706739 8.87728
-0.0661122 0.102613 10.3605
-0.0246457 0.177317 -18.3657
-0.0256677 0.0948948 -0.943714
-0.0389532 0.158462 -9.12165
0.204409 0.167902 -106.046
0.174296 0.150636 -89.9652
0.034764 0.0715096 -12.7657
-0.00262774 0.0504983 8.38002
-0.0801662 0.0134228 52.4064
0.00680097 0.370794 -71.668
0.0170105 0.352391 -73.2638
0.0108688 0.325349 -64.3695
0.00903246 0.338203 -65.9841
0.0160457 0.32049 -66.615
0.0267254 0.243369 -56.8773
0.0368751 0.273667 -69.3691
0.0462059 0.184516 -57.2677
0.0715512 0.12869 -62.9205
0.071355 0.138974 -64.9701
0.0753509 0.137936 -67.5411
0.0732339 0.135682 -65.5173
0.0763747 0.128061 -66.3414
0.0838977 0.132688 -73.1481
0.0841956 0.137426 -74.3473
0.0801115 0.138415 -71.1747
0.0809559 0.135214 -71.2639
0.076085 0.134247 -66.7664
0.0791524 0.128185 -68.2317
0.0741729 0.124982 -63.1318
0.0735172 0.120714 -61.6552
0.0805801 0.128471 -70.0221
0.0819731 0.135081 -72.5295
0.0747617 0.131557 -64.7066
0.0822431 0.122564 -70.5081
0.0892234 0.116117 -76.6237
0.0958646 0.0721993 -74.5222
0.0583159 0.0308092 -25.8518
0.089405 0.0726516 -68.0104
0.105558 0.0545491 -81.9502
0.0995843 0.0478804 -73.9241
0.067028 -0.0448563 8.46187
0.0680628 -0.0213326 2.42214
0.0635656 -0.0302286 9.97515
0.188465 -0.121442 -141.056
-0.00421938 0.0152085 19.1936
0.882422 -0.0151476 2.85628
-0.000448303 0.0214442 17.458
-0.0272637 0.0621284 10.2096
-0.0207676 0.0564271 10.4388
-0.0677995 0.0860081 8.53195
-0.0737675 0.116512 2.11586
-0.0578081 0.147609 -8.07381
-0.00565901 0.0797353 -2.2337
-0.0165031 0.098463 -4.26064
-0.00546048 0.0712861 -0.299902
-0.0129285 0.0650664 2.9534
-0.0215009 0.0967262 -1.76925
-0.0113492 0.164387 -19.6201
0.000601214 0.236685 -39.8207
0.00300654 0.270802 -48.5885
-0.0081563 0.339919 -61.0871
0.00609379 0.287487 -54.1016
0.0639241 0.223551 -61.9298
0.0484759 0.209872 -51.8878
0.0407179 0.0507802 -11.6753
-0.000420787 0.0404945 9.25141
-0.0596817 0.0756669 29.1128
-0.0513948 0.316511 -29.7637
7.66578e-05 0.340941 -61.9684
0.0473553 0.311936 -81.8089
0.00602946 0.327953 -62.1716
0.00848323 0.322586 -62.3497
0.0123359 0.310044 -61.7343
0.0205214 0.298068 -64.2003
0.0135142 0.296709 -59.396
0.0141683 0.309981 -62.9416
0.0339523 0.226145 -57.6685
0.0559896 0.196295 -66.3633
0.0653081 0.175557 -68.4499
0.0747099 0.166721 -73.4686
0.0844214 0.158217 -79.0548
0.0849407 0.148669 -77.275
0.0761045 0.137951 -67.6597
0.0716731 0.140601 -64.5341
0.0780961 0.135744 -68.9239
0.077768 0.131182 -67.755
0.0780431 0.13422 -68.6445
0.0797138 0.136616 -70.7982
0.0886686 0.143939 -80.9435
0.0772601 0.125022 -65.4873
0.0734354 0.132684 -63.6047
0.0745341 0.125114 -62.9176
0.0809086 0.124399 -69.3304
0.0672304 0.110337 -51.7222
0.0671197 0.0874385 -46.6541
0.0773478 0.0864487 -57.6662
0.0841711 0.104196 -69.2526
0.0891394 0.100638 -74.3602
0.0715033 0.0937673 -52.0403
0.0719092 -0.0271535 -1.21592
0.210431 -0.114974 -169.343
0.226562 -0.135219 -184.979
-0.00876455 0.105586 -2.54823
-0.0025649 0.159342 -16.3718
0.0047944 0.0567322 9.27283
-0.00485085 0.0552035 10.2115
-0.014446 0.0822995 4.31361
-0.0247952 0.107046 -0.572709
-0.0315578 0.127753 -5.94908
-0.0637551 0.187942 -15.9355
-0.0326635 0.221553 -30.7051
-0.00170423 0.272226 -48.9245
0.0070847 0.317392 -61.8015
0.0173594 0.318812 -64.6961
0.0194286 0.330629 -68.1144
0.021534 0.306186 -62.6886
0.0102728 0.293398 -56.0294
0.00143089 0.307866 -56.817
0.000745753 0.330865 -62.2286
0.00314105 0.30687 -57.3104
0.0201241 0.305852 -63.8061
0.0193172 0.32548 -68.4078
0.0223569 0.325292 -69.5231
0.0168337 0.345699 -72.0762
0.0137823 0.341114 -69.4475
0.0162713 0.332944 -68.6517
0.0114705 0.330869 -65.5222
0.00234407 0.335685 -61.721
0.00150177 0.324892 -58.5949
0.000760092 0.324818 -58.1828
0.00699177 0.317881 -60.4002
0.0131161 0.312076 -62.646
0.0192704 0.309028 -65.9082
0.0116435 0.312424 -61.5796
0.00166891 0.316459 -55.8597
0.0134855 0.288287 -57.4545
0.022559 0.27164 -59.8164
0.0523921 0.220238 -69.3518
0.0667569 0.181827 -70.9224
0.0733071 0.162638 -71.2309
0.073694 0.157536 -70.4354
0.0757866 0.159047 -72.4579
0.0723212 0.15037 -67.3375
0.0731025 0.147257 -67.3377
0.0760716 0.138654 -67.8578
0.0516995 0.142456 -46.0065
0.0793857 0.136762 -70.4752
0.080421 0.134748 -70.9399
0.0757509 0.129671 -65.1655
0.0668821 0.120989 -54.0442
0.0726455 0.121648 -60.124
0.0715327 0.119295 -58.4453
0.0734233 0.123855 -61.8716
0.086418 0.124351 -76.2548
0.0838321 0.134014 -75.6743
0.0730246 0.130135 -62.4688
0.0689888 0.131697 -57.9722
0.0682789 0.142283 -60.3371
0.121628 0.0918143 -111.55
0.140031 -0.0271578 -104.113
0.014772 0.204166 -28.3831
-0.00460686 0.223796 -33.5938
-0.0156732 0.228868 -34.4446
-0.0114981 0.136503 -10.4308
-0.00708594 0.282977 -50.2185
-0.0196302 0.175886 -19.8186
-0.0262804 0.195668 -23.5448
-0.04229 0.242017 -33.294
-0.0136443 0.288053 -50.4193
0.00337935 0.316074 -60.7053
0.00255273 0.317715 -60.4726
0.0179905 0.31423 -63.1226
0.00687334 0.300152 -56.3735
0.00918269 0.303969 -58.1838
0.00190922 0.300928 -55.1631
0.0057455 0.309288 -58.8476
-0.00117653 0.311857 -57.1838
0.00840839 0.335999 -66.9856
0.0274014 0.325621 -71.5309
0.0221797 0.325297 -69.5032
0.0233182 0.353861 -77.3492
0.0197229 0.345135 -73.3055
0.0130811 0.342161 -69.3765
0.0069887 0.331212 -63.5877
0.0121642 0.324953 -64.43
0.00852932 0.32554 -62.6818
-0.00127645 0.322871 -56.5924
-0.00196401 0.323535 -56.3739
0.0063225 0.325365 -61.8897
0.00877007 0.319777 -61.9084
0.0112515 0.312436 -61.5053
0.0134631 0.309748 -62.1974
0.0153325 0.307569 -62.8562
0.0040105 0.320107 -58.3687
0.0011033 0.326463 -58.0976
0.0087761 0.293261 -54.9626
0.0311264 0.260932 -63.6966
0.0540337 0.207648 -67.4604
0.053505 0.195039 -63.5608
0.0658282 0.167355 -66.3072
0.0645844 0.159824 -63.1538
0.0710746 0.15767 -68.2755
0.0785722 0.155578 -74.5276
0.0421427 0.0267705 34.3014
0.0803107 0.00643685 3.85301
0.0763105 0.13179 -66.1885
0.0685954 0.132475 -58.7886
0.077378 0.131399 -67.4694
0.0745021 0.130868 -64.4103
0.0751775 0.140612 -67.821
0.0766335 0.146378 -70.9957
0.0712475 0.146019 -64.9771
0.0824771 0.140872 -76.1116
0.0763617 0.134756 -67.4467
0.0680792 0.133374 -57.3664
0.0971268 0.141916 -94.7597
0.125837 0.158114 -133.884
0.112288 0.144055 -113.46
0.0203432 0.258202 -43.3801
0.00604139 0.261973 -44.1194
-0.00486785 0.290422 -52.5871
-0.00840481 0.261032 -42.9846
0.00897216 0.277549 -50.5776
0.0243633 0.279629 -52.9637
0.00724334 0.308659 -59.0022
-0.000431256 0.296475 -54.4261
0.00645936 0.304394 -57.2702
0.0127849 0.320558 -63.5548
-0.00256211 0.311113 -57.5294
0.0032234 0.290137 -53.035
-0.00515515 0.280636 -48.1125
0.00721608 0.304277 -58.2789
0.00745104 0.320491 -62.803
0.0259048 0.32153 -68.6851
0.0108136 0.325947 -64.774
0.0188572 0.343676 -73.1047
0.0166675 0.339198 -70.9523
0.0299982 0.339646 -76.182
0.0250932 0.343861 -75.2541
0.0142636 0.335975 -68.1161
0.00857521 0.326873 -62.8824
0.00366949 0.325938 -60.2311
0.00530663 0.319927 -59.3697
0.00278334 0.323128 -59.0495
-0.000789201 0.322163 -56.6396
0.00132342 0.322433 -58.0072
0.00274102 0.325972 -59.963
0.00479694 0.319289 -59.2416
0.00502893 0.318706 -59.1456
0.0117984 0.314668 -62.6296
0.0243112 0.31037 -70.1184
0.0151739 0.323282 -67.1986
0.000283408 0.34057 -61.3774
-0.00404864 0.344867 -59.3549
0.00328999 0.336209 -62.6506
0.0210585 0.288505 -63.337
0.0311662 0.268193 -65.7345
0.0283844 0.248141 -57.5446
0.0586356 0.210426 -72.4367
0.0700741 0.185725 -75.404
0.0704047 0.168784 -70.7461
0.066973 0.0166619 13.5718
0.0633538 0.00617703 20.0271
0.066135 0.138428 -58.0103
0.0649056 0.149728 -60.0754
0.0701258 0.135204 -61.22
0.0785039 0.142314 -71.8239
0.0748944 0.152323 -70.8515
0.0762208 0.148627 -71.2261
0.0692629 0.14724 -63.1742
0.0754541 0.138132 -67.2895
0.0722742 0.126791 -60.3941
0.0738695 0.127871 -62.5398
0.0796844 0.124981 -68.7467
0.108879 0.14823 -110.678
0.0985837 0.133473 -93.6879
0.0182143 0.275912 -48.6425
0.0167925 0.273964 -47.9807
0.00371055 0.275607 -47.7521
-0.00363836 0.268606 -45.6066
0.00877511 0.300855 -57.1323
0.0137249 0.308341 -59.5938
0.0108554 0.303259 -57.8334
-0.00392037 0.293541 -52.6916
-0.0101747 0.267543 -43.247
0.00536982 0.289472 -53.1906
0.00193463 0.290682 -53.0827
0.0124605 0.32079 -65.0783
0.0187576 0.320896 -66.3694
0.0172411 0.320571 -65.6588
0.0186334 0.335249 -70.5565
0.0227319 0.354831 -78.0082
0.0209011 0.342235 -73.3466
0.0294758 0.356129 -80.7212
0.0243636 0.350929 -77.1545
0.0195954 0.339037 -71.3975
0.0106696 0.331361 -65.1294
0.00483645 0.324466 -60.3799
0.00454647 0.324582 -60.2844
0.00221087 0.322247 -58.486
0.00411771 0.326807 -60.8069
0.00125772 0.331457 -60.7658
0.00273931 0.324601 -59.4558
0.00340072 0.330706 -61.7066
-0.00134376 0.327468 -57.8443
0.00546221 0.328098 -62.2957
-0.00088223 0.322 -56.2444
0.00957203 0.333597 -66.7879
0.0147892 0.325823 -67.9851
0.0274179 0.317343 -74.3108
0.0191516 0.318276 -68.3806
0.0158094 0.331085 -70.0058
-0.00295496 0.343106 -59.3138
-0.00897649 0.346584 -55.9271
0.00733477 0.321014 -61.6276
0.0123933 0.308197 -62.1367
0.0289095 0.2689 -64.1403
0.045333 0.2309 -66.8578
0.0447471 0.21381 -60.9106
0.0642122 0.00381892 20.071
-0.0155122 0.0100867 94.2802
0.0669471 0.166683 -67.3668
0.0596688 0.184802 -65.7453
0.0701552 0.162239 -69.2847
0.0747272 0.165423 -74.9862
0.0771616 0.152847 -73.5068
0.0691764 0.14591 -62.8463
0.0632373 0.1435 -55.4356
0.0675099 0.142044 -59.8883
0.075154 0.145747 -69.737
0.0784872 0.143892 -73.1487
0.0930086 0.150502 -92.3855
0.100807 0.141923 -99.1471
0.105698 0.131893 -101.956
0.0153755 0.286735 -52.0802
0.0161226 0.28599 -51.8611
0.022091 0.286999 -52.4847
0.00843946 0.290763 -52.8624
0.00802456 0.288817 -53.0921
0.0136254 0.270168 -47.3256
-0.00129999 0.279516 -48.5063
0.00757764 0.311109 -60.4605
-0.00400575 0.296797 -54.3169
0.00819594 0.317907 -63.0666
0.0141639 0.31793 -64.2067
0.0272852 0.337912 -73.9121
0.0183128 0.340698 -72.4056
0.0272793 0.340605 -74.9078
0.0287972 0.344046 -76.4626
0.030666 0.349496 -78.9319
0.0296832 0.348804 -78.3961
0.023881 0.349325 -76.51
0.0260301 0.344309 -75.6206
0.0115784 0.32746 -64.1492
0.000455436 0.326609 -59.0639
0.00269064 0.326682 -60.159
0.00524398 0.318219 -58.5445
0.00431043 0.321884 -59.2638
0.00767405 0.328194 -63.1578
-0.00304861 0.330276 -58.0651
0.00187149 0.328129 -60.1052
0.00254616 0.327051 -60.0696
0.00358658 0.333469 -62.9387
0.00148519 0.327409 -59.4946
0.00610049 0.323229 -61.1739
0.0134891 0.321073 -65.4619
0.00533389 0.324072 -60.7948
0.018451 0.316592 -67.6433
0.0248173 0.30882 -69.7226
0.0198553 0.331791 -73.4256
-0.0010183 0.348075 -62.5698
-0.0134958 0.357547 -55.6823
-0.0185993 0.356258 -51.1438
-0.017355 0.359769 -53.4557
-0.0079077 0.343031 -56.0203
0.0159234 0.29899 -62.49
0.0316353 0.272491 -67.7253
0.0383323 0.00780408 43.1897
0.0572862 0.00222779 26.9577
0.0578729 0.203947 -70.1449
0.0613369 0.217051 -77.579
0.0495505 0.20638 -62.0796
0.0599856 0.205167 -72.6214
0.0650006 0.182471 -70.4221
0.0668866 0.171673 -69.0082
0.0666542 0.153049 -62.4378
0.0731616 0.161668 -72.5123
0.0761521 0.148734 -71.6552
0.0731925 0.159106 -71.632
0.0771948 0.158699 -76.1747
0.108625 0.139682 -107.763
0.0861386 0.136546 -79.4217
0.0133965 0.291492 -53.6475
0.0115384 0.288331 -52.4485
0.0140259 0.294557 -54.7499
-0.0184684 0.270538 -44.1195
0.00518125 0.253833 -40.9389
0.0170706 0.271568 -48.4554
0.0123988 0.27595 -49.3393
0.0236733 0.305747 -61.4988
0.0126146 0.315111 -62.8464
0.0206723 0.335998 -71.667
0.0256116 0.33661 -72.9747
0.031446 0.336701 -74.2916
0.0199558 0.340724 -72.6977
0.0220898 0.341236 -73.4011
0.0282973 0.343839 -76.207
0.0279545 0.340962 -75.0719
0.02553 0.336706 -72.77
0.0164196 0.331083 -67.497
0.0128352 0.320845 -62.3722
0.00733144 0.325168 -61.7003
0.00680586 0.333286 -64.312
0.00488398 0.328266 -61.6566
0.00340258 0.320684 -58.364
0.00196365 0.316562 -56.1776
0.00355449 0.317098 -57.1166
0.00417641 0.317696 -57.71
0.00326616 0.329676 -61.4296
0.00132427 0.320394 -57.0051
0.00290454 0.332063 -62.0952
0.00255917 0.321812 -58.2124
0.00175763 0.325229 -58.8862
0.00532205 0.323059 -60.451
0.00172912 0.309543 -53.2451
0.00872492 0.310604 -58.5886
0.0188843 0.309574 -65.5603
0.0321137 0.300004 -72.1618
0.0215073 0.319016 -70.3532
0.016152 0.326772 -68.8376
-0.00590866 0.366523 -65.0418
-0.010724 0.365748 -60.7758
-0.0201 0.388032 -60.6209
-0.0117084 0.348524 -54.5194
-0.00477348 0.326737 -52.8851
0.0136755 0.0104832 65.4743
0.0530782 0.0137757 26.7614
0.0552217 0.242843 -80.4344
0.0539294 0.242826 -79.1578
0.0410828 0.216731 -56.8635
0.0511259 0.198945 -61.0092
0.0581526 0.198732 -68.2468
0.0575988 0.178729 -60.857
0.0624297 0.182909 -67.5222
0.0663879 0.166468 -66.2366
0.0755228 0.164255 -75.8263
0.0709283 0.169455 -72.5265
0.0891994 0.164344 -92.6188
0.0870966 0.162557 -89.3776
0.0848775 0.14358 -80.0327
0.00988367 0.294123 -54.5373
0.00755946 0.288192 -52.27
0.000789116 0.281735 -49.5649
-0.0200919 0.260344 -40.5356
0.00337158 0.283235 -51.1291
0.0168935 0.279275 -50.992
0.0216493 0.282192 -52.6512
0.0292151 0.291993 -57.5852
0.032585 0.313812 -66.0525
0.0238222 0.315041 -64.832
0.0274516 0.308763 -63.3901
0.0334537 0.33291 -73.5096
0.0271522 0.336653 -73.0934
0.0218795 0.318869 -65.3131
0.028152 0.3274 -70.3818
0.0203444 0.31577 -63.5188
0.0213606 0.312498 -62.6657
0.0194925 0.305231 -59.3921
0.0115249 0.312738 -58.9343
0.000851403 0.310644 -53.76
0.00480077 0.306537 -53.8573
-0.00234819 0.31197 -52.5309
-0.00574911 0.294097 -44.4308
0.00116694 0.287748 -45.4919
-0.00130956 0.281374 -41.8033
0.0112521 0.293205 -52.8624
-0.000373083 0.313458 -53.5737
-0.0024942 0.302285 -48.2233
0.0039385 0.306116 -53.4394
0.00986613 0.307221 -57.5884
0.00866404 0.320813 -61.763
0.00244029 0.326174 -59.5722
0.00405869 0.334345 -63.7032
0.00641561 0.312704 -57.298
0.00744623 0.296054 -52.1298
0.0258018 0.273046 -57.6647
0.0337498 0.285729 -68.3097
0.0240525 0.305143 -67.5432
-0.00870343 0.342439 -54.1731
-0.00723274 0.352945 -59.2445
-0.00784836 0.371981 -65.5855
-0.00619543 0.376473 -68.6831
-0.0145031 0.381684 -63.4114
0.0285892 0.0162952 49.5814
0 0 -1
0.0637231 0.222837 -81.6325
0.0547253 0.232794 -76.3343
0.0275514 0.211159 -40.9712
0.0364919 0.188554 -42.0665
0.0491851 0.171417 -48.9896
0.0561607 0.182346 -60.5625
0.0599794 0.175886 -62.1197
0.0536131 0.162911 -50.4523
0.0648838 0.150335 -58.7713
0.0770428 0.171946 -80.5554
0.0733692 0.192165 -83.4367
0.0694792 0.158854 -66.7908
0.0591855 0.127594 -42.8399
