-0.0749144 0.114933 8.26023
-0.0825261 0.0980072 8.67863
0.0117063 0.044191 4.26377
0.0737503 0.061276 0.579626
0.0397137 0.0337878 4.12489
0.0172912 0.0119486 6.6767
-0.0112614 0.020739 10.2685
-0.0330891 0.0139338 13.5923
-0.0122706 0.0188091 10.1447
-0.00948952 0.0160642 9.63416
-0.0106703 0.0172884 9.99208
-0.0114081 0.0187826 10.0113
0.0233231 0.00318792 1.05302
0.0763899 -0.0169581 -13.4302
-0.112286 0.0975632 50.0375
-0.126322 0.114999 53.7155
-0.104245 0.0946659 46.0454
-0.0126916 0.0531684 13.0918
0.00324089 0.0493101 8.62751
0.0569901 0.0270314 -20.8781
0.0644988 -0.0475702 -21.1512
0.0609087 -0.100844 -17.7933
0.030401 -0.108321 -3.59851
0.0256485 -0.121145 -1.06871
-0.00214733 -0.136698 13.6654
0.0887358 0.0284876 -38.8714
0.00102021 -0.100136 11.3549
-0.0174645 -0.0585072 21.3272
-0.00103636 -0.0420041 10.6786
0.0309606 -0.0825919 -8.32692
0.0384148 -0.0738978 -13.1789
0.000627357 -0.0239559 11.8178
-0.0103415 -0.0146772 19.0348
-0.0219697 -0.0300968 27.7149
-0.0603635 -0.0666614 56.561
-0.0649462 -0.0107729 57.6692
-0.0261775 0.0212795 27.373
0.00171818 0.0208083 4.79054
0.0359211 -0.0320498 -21.9824
0.0280379 -0.0364887 -15.2122
0.0307703 -0.0471306 -17.1388
0.0104727 -0.00628267 0.665537
0.00276755 -0.00141047 7.5609
-0.00926372 -0.00869632 18.8903
0 0 -1
0.0102328 -0.100402 4.49947
0.189266 -0.0110176 -175.413
0.0495452 -0.0554671 -37.6866
-0.0146841 -0.0257975 27.9711
-0.0194058 -0.02213 32.9042
-0.0235552 -0.0213489 37.3603
-0.0258707 -0.0218548 39.9018
-0.0292864 -0.0185675 43.6436
-0.0241982 -0.0118079 37.6234
0.265536 0.019688 -301.943
-0.0220671 -0.057412 38.8192
-0.0269824 -0.0545963 44.5913
0.00890469 -0.0521765 0.62229
-0.0237362 0.065126 9.32918
-0.000285037 0.0493643 9.73829
-0.00572318 0.120335 3.96791
0.0474881 0.0671759 2.61671
0.0140112 0.0376731 6.67497
0.012543 0.0324801 6.70395
-0.0121454 0.0282013 10.0354
-0.0221321 0.0180155 11.785
-0.0116252 0.0157355 10.2114
-0.0134757 0.0142891 10.5086
-0.00710436 0.0176704 8.98722
-0.0168857 0.0164628 11.4784
0.00855875 -0.0212701 5.5802
0.00506193 -0.0314779 7.13642
0.211028 -0.372762 -39.3951
-0.0976614 0.0307222 46.4901
-0.055152 0.041725 30.5384
-0.00873958 0.0715406 12.569
-0.0501501 0.0225698 30.0677
-0.0794699 -0.0454336 41.4958
-0.0119252 -0.0417694 13.2521
0.0401644 -0.0432423 -10.2108
0.0294699 -0.0414347 -5.62764
0.0172027 -0.118972 3.04217
-0.000908485 -0.131572 12.5923
0.029906 -0.0954651 -4.87087
0.0258589 -0.0752867 -2.8502
-0.0257273 -0.0739317 26.608
0.0109861 -0.0735598 3.81285
0.0282213 -0.0747631 -7.18773
0.0587402 -0.0895375 -26.2655
0.00144713 -0.0371154 11.7696
0.016863 -0.0399344 1.16337
-0.0395941 -0.0257608 40.6325
-0.0402607 -0.0511603 41.1499
-0.0496265 0.00735307 46.3221
-0.0251885 -0.0629389 30.4745
-0.0302096 -0.0129004 32.5332
0.00346208 -0.0170551 4.85906
0.0230967 -0.0571409 -9.68962
-0.0533854 -0.046875 56.1732
0.0205968 0.00727733 -9.13014
-0.0145502 0.0183072 22.4843
0.0507374 0.251826 -47.2822
-0.0243202 -0.00270416 32.8359
0.180393 -0.12214 -164.517
0.000917854 0.0512413 12.1039
0.00815102 -0.094522 5.29821
0.00285792 -0.079742 10.3969
-0.000823048 -0.0590613 13.6562
-0.0231032 -0.01981 36.8409
-0.0277894 -0.0228649 42.096
0.00165702 -0.0694383 11.2871
-0.0112304 -0.0527133 24.2868
0.0390625 -2.34896 56.4844
-0.00750983 -0.0642187 21.7233
-0.0280599 -0.0223142 43.9929
0.129684 -0.195344 -144.744
-0.0230162 0.0408979 10.2242
-0.0272742 0.0517332 9.78313
-0.0246426 0.0805365 7.52995
0.0312167 0.0673212 3.94343
-0.00308142 0.0353087 8.3079
-0.00341657 0.0236222 8.93739
-0.00946734 0.0133892 10.2168
-0.0256687 0.0178562 12.2264
-0.0133626 -0.00147849 11.1043
-0.00788365 0.0089624 9.64623
-0.0133962 0.0235353 10.2449
-0.027864 0.00768455 14.6529
-0.0192583 0.0122821 11.9783
-0.0064583 0.00429714 8.76242
0.035798 -0.0482987 -1.5282
0.360931 -0.15578 -100.941
-0.0447409 -0.0453291 31.5474
-0.0864888 -0.0023929 45.4691
-0.153771 -0.0257319 72.9569
0.0430312 0.00665588 -13.2459
0.00811797 -0.0241797 3.19917
-0.00615298 -0.0286805 9.97669
-0.114134 -0.277734 79.7697
0.515261 -0.100825 -241.948
0.0339993 -0.0725714 -7.89596
0.0545351 -0.0618989 -19.8148
-0.0679064 -0.0716652 51.5393
-0.00157516 -0.0664616 11.9984
0.00059785 -0.0603851 9.56603
0.0121452 -0.0663995 2.86586
0.0284207 -0.0746665 -7.41941
0.0396703 -0.0912117 -13.6614
0.0155757 -0.0981475 3.7437
-0.0304177 -0.102516 36.4187
-0.0162903 -0.0871552 24.8854
-0.027644 -0.0762558 32.8997
-0.00212493 -0.0651538 12.0367
-0.00655052 -0.0379864 14.0861
0.00536492 -0.0333808 4.21624
0.02907 -0.0377384 -15.5219
0.0248882 -0.0430882 -11.0775
0.0359448 -0.00476598 -22.6208
-0.0182307 -0.0250879 29.0277
-0.00409027 -0.0275873 14.8769
-0.0171826 -0.0416316 27.8128
-0.00128745 -0.0337434 11.9777
-0.0228607 0.0787629 29.93
0.788123 0.406468 -812.536
0.00503295 -0.106463 9.99263
0.0108443 -0.103819 4.19338
-0.00946782 -0.0921947 25.5305
-0.0056283 -0.0718792 20.0158
0.00703361 -0.0588269 3.29166
-0.00399671 -0.062308 16.726
0.166117 -0.0996425 -180.93
0.0466043 -0.0506976 -44.4915
-0.0478706 -0.0178315 67.9479
0 -0.00502734 8.32303
-0.0236735 0.0200507 11.5813
-0.0295182 0.0246641 11.7168
-0.0379126 0.0340208 11.4962
-0.0275779 0.0369102 10.3063
-0.00937083 0.0306712 9.07431
-0.00681705 0.0228351 9.40379
-0.0192344 0.0164982 11.5149
-0.0294911 0.0085382 13.5869
-0.018632 -0.00159258 12.3075
-0.00305121 -0.00624197 9.55142
-0.00226297 0.000786588 9.10981
-0.0235979 0.0105797 13.3073
-0.0150135 0.0171398 10.433
-0.0196568 0.0116533 12.2394
-0.0211985 -0.00671111 13.9368
0.182292 -0.187991 -38.4237
0.0159357 -0.119174 14.7894
-0.0659707 -0.0611152 41.813
-0.188942 -0.191191 97.1986
-0.148398 -0.0456337 70.9918
0.0436692 -0.0492914 -11.2472
0.0630289 -0.0320305 -20.6253
0.00539033 -0.0370474 5.69747
-0.0294482 -0.0275782 22.1611
0.00664707 -0.0816831 7.18699
0.0361972 -0.0809491 -7.72265
0.0230009 -0.0759846 -1.06515
-0.00221978 -0.0774477 13.3875
0.0351692 -0.0479575 -12.4199
0.0150049 -0.0604387 0.793488
0.006488 -0.0600478 6.19138
0.0216428 -0.0592528 -3.79027
0.004274 -0.0831882 10.4199
-0.0155599 -0.106697 25.5665
-0.012936 -0.0591893 19.9531
-0.0144104 -0.0422521 19.9255
-0.015924 -0.0694481 22.8676
0.010603 -0.0320761 -0.525133
0.0187529 -0.029287 -7.12693
0.0257764 -0.0487155 -12.5765
0.0397564 -0.0541752 -24.087
-0.00958243 -0.0109273 12.6466
-0.00958243 -0.0109273 12.6466
-0.00981503 -0.338711 38.4004
-0.0116006 -0.0389489 22.0601
-0.0254582 -0.0519107 35.7487
-0.0392188 0.0612693 39.283
0.00457605 -0.0639119 5.64707
0.15693 0.0387859 -109.483
0.0120695 -0.0709576 -0.544203
0.0106638 -0.072771 2.05722
0.122692 0.0457093 -128.722
0.0250901 0.931641 -85.2403
-0.171667 0.369225 180.644
-0.147316 0.362708 153.063
0.0522288 -0.0482894 -51.467
0 0.547372 -33.3563
0 0.3704 -19.4629
-0.00963009 0.00444079 12.4552
-0.0112743 0.00786845 12.3344
-0.0250307 0.00706835 13.0711
-0.0304654 0.0124324 12.6931
-0.0156871 0.0166465 10.9541
-0.0123411 0.0156378 10.7135
-0.0251195 0.0164413 12.3469
-0.0407148 0.00900224 15.2924
-0.0382472 0.00072159 15.4015
-0.0119499 -0.00476264 10.9524
0.00569328 -0.00371336 7.77464
-0.014035 -0.000589367 12.0513
-0.0202741 0.00114585 13.4032
-0.0238662 0.00909 13.7259
-0.0381979 0.000526009 18.8156
-0.0241594 -0.00855053 14.9882
0.0174169 -0.120701 12.8659
-0.031936 -0.135203 33.5113
0 0 -1
-0.0128476 -0.033353 11.8286
0.0447057 -0.048243 -11.8679
0.0353196 -0.0433873 -7.62138
-0.0238827 -0.0189331 19.24
0.0154228 0.111859 -13.4536
-0.0244672 -0.0570505 22.224
0.0116294 -0.0829816 5.2874
0.016236 -0.0792914 2.39794
0.00711123 -0.0633402 6.45931
0.00956746 -0.0667962 4.87158
0.0105648 -0.0621601 4.25929
0.00474653 -0.0513599 7.11482
-0.000725558 -0.0716187 12.9606
-0.0104787 -0.052474 18.6001
-0.021445 -0.0796318 27.5175
-0.000927707 -0.0186604 8.38768
-0.00705356 -0.0203403 13.5626
-0.0311382 -0.0226401 31.8704
0.0191688 -0.0281253 -7.21685
0.00405012 -0.0250498 5.17984
-0.00473449 -0.0458456 13.8366
0.0117445 -0.0420471 -0.575156
0.0376564 -0.0644983 -22.2895
0.0384763 -0.0443339 -23.3567
0.0071004 -0.0599431 6.44088
-0.0142898 -0.131054 34.4558
-0.0320197 0.050833 35.2984
-0.0208005 -0.0389838 30.6735
-0.0227386 -0.0253742 30.9162
0.242602 0.0381352 -198.196
0.00328776 -0.0772178 10.1113
0.0452263 -0.0536183 -28.2485
-0.0180279 -0.0853531 34.2656
0.00947865 -0.0852557 2.09613
0.00575526 -0.0589263 3.93533
-0.00641417 -0.0666878 19.1086
0.00233035 0.0330373 -0.140492
-0.0146547 -0.00252749 23.7998
-0.00935707 0.0378939 13.7832
0.00276918 -0.00376583 13.2133
-0.00168639 0.00515729 12.2673
-0.0238105 -0.00131753 13.904
-0.0333624 -0.000790976 14.3454
-0.0105785 -0.000699845 12.3563
-0.0111543 0.00290267 12.0957
-0.0327683 0.00231099 15.0223
-0.037906 0.00988201 14.7644
-0.0178909 0.0358572 7.45342
0.000294172 0.00964498 7.42349
-0.00216841 0.000749329 9.15901
-0.0274901 -0.00710106 16.0911
-0.0162044 0.00170442 12.0584
-0.0180053 -0.0038067 13.4067
-0.0429266 -0.00311027 20.7345
-0.0398934 -0.0362129 23.5646
-0.0224682 -0.0791279 22.2531
-0.0614688 -0.124481 41.2512
0.0182989 0.00548118 -5.00632
0.00383711 -0.00260623 3.04284
-0.0168069 0.00294247 9.97981
0.0224728 -0.0221209 -4.71844
0.0288704 -0.0359966 -4.99239
-0.0252794 -0.0409202 22.0279
-0.0189856 -0.039089 17.5272
0.034201 -0.0365888 -11.1037
0.00952643 -0.0467934 2.99646
0.0173407 -0.0565058 -0.31167
0.00689669 -0.0554224 6.06294
0.00040153 -0.0765271 12.2057
0.0126187 -0.0577049 1.7781
0.0155022 -0.0660731 1.04773
0.0049362 -0.0504084 6.70217
0.00669843 -0.0582552 6.08495
0.0192135 -0.0741855 0.0763991
-0.00452479 -0.0153569 10.8918
0.00703249 -0.080503 9.61645
0.0104332 -0.0234537 -0.221286
-0.0383439 -0.0325272 42.0995
-0.011427 -0.02852 17.6436
-0.00867922 -0.0408746 16.7255
-0.00413549 -0.0646447 15.1149
0.0228121 -0.0613408 -8.66787
0.00633896 -0.0587108 6.40088
-0.0055616 -0.0578083 17.2786
0.0208744 -0.0437242 -10.5625
-0.00427125 -0.0426351 14.7013
-0.0251652 -0.0639266 38.5067
-0.0173677 -0.08621 32.9016
0.000546206 -0.0572855 9.82166
-0.0113465 0.162042 -3.23818
-0.0131397 -0.0624623 26.3779
-0.0293941 -0.0951975 49.631
0.0189411 -0.0558566 -9.86273
-0.0303983 -0.0980252 52.5644
0.0302351 0.0151158 -33.4241
0 -0.0741551 14.383
0.0423826 -0.113918 -33.5731
0.0107913 -0.0227976 15.6269
-0.0124901 -0.0153334 15.233
-0.0216206 -0.0242811 16.8118
-0.0237553 -0.0175379 15.8626
-0.0196709 -0.0145744 15.1084
-0.0116776 -0.0166981 14.6784
-0.0267768 -0.0130797 16.186
-0.036597 -0.012821 17.6572
-0.0258021 0.00244221 13.6527
-0.0101944 0.00214774 10.6094
-0.0136383 -0.00549328 12.5604
-0.035695 -0.0119917 18.6698
-0.0176877 -0.0191747 15.1918
-0.0277857 -0.0154771 17.7484
-0.0372259 -0.0145285 20.3853
-0.0554415 -0.00858751 25.6037
-0.086421 -0.00394014 35.3696
-0.0364166 -0.00215169 16.7047
0.00805948 0.0109096 -1.82393
-0.0107891 2.36285e-05 8.46831
-0.0176786 0.00689599 9.91329
0.00750456 -0.0197307 2.12299
0.0213123 -0.0464645 -0.600756
-0.00647784 -0.0471938 13.0288
-0.0336518 -0.0430454 26.4959
-0.0263152 -0.0324184 20.9408
-0.00169234 -0.0303064 6.7394
-0.0125151 -0.0208894 11.9184
0.00269038 -0.0370676 5.25896
0.018947 -0.0438836 -4.44615
0.0329265 -0.0470611 -12.846
-0.123168 0.0220524 83.2329
-0.00109983 -0.0523203 10.2351
0.0194929 -0.0776691 -0.436232
0.0169538 -0.0870315 2.87716
-0.00423599 -0.105458 21.5232
0.0185951 -0.0675816 -2.38818
0.0236081 -0.0918523 -2.33407
0.0449787 -0.0564962 -24.8207
-0.0245806 -0.0785273 35.9301
0.00114457 -0.0563566 10.6241
-0.00524774 -0.0632241 16.8939
-0.00410539 -0.0637724 16.1086
-0.0186507 -0.0797109 32.4948
0.00556151 -0.044022 4.59874
0.0180724 -0.0952758 -0.08685
-0.0176869 -0.089376 34.2089
-0.0176663 -0.0953329 35.1099
-0.0181549 -0.0841615 33.7141
0.00235196 -0.0545169 8.46178
0.119507 0.24353 -154.585
-0.000809852 -0.061766 13.0184
-0.349967 -0.059897 405.855
-0.00113772 -0.00417755 4.02956
-0.0168389 -0.0814884 33.1852
-7.51779e-05 -0.063325 12.1357
-0.0752566 0.289386 73.2564
0.00495451 0.27836 -23.6565
0.0119761 -0.019701 14.8449
-0.0104002 -0.019063 15.5294
-0.0226504 -0.0150836 15.0478
-0.0220742 -0.0242078 16.3824
-0.0121582 -0.0243775 15.6612
-0.0263598 -0.0326039 18.6307
-0.0193889 -0.0158075 15.1613
-0.0231771 -0.0126427 15.4071
-0.0194417 0.00426478 11.9688
-0.0117667 0.00818928 9.70912
-0.0168415 -0.000884374 12.4174
-0.0299197 0.0174205 12.3997
-0.0176596 -0.000627421 12.1903
-0.0247155 -0.0165445 16.8088
-0.0281659 -0.00715664 16.2872
-0.037849 0.0197582 15.2577
-0.0318504 0.0686905 4.48438
-0.00733345 0.0553428 -2.84558
0.018443 0.0357582 -9.68389
0.00471126 0.00910324 1.25459
-0.0276235 0.00119544 15.136
-0.0119194 -0.0128324 10.368
-0.000188699 -0.00665944 3.75083
-0.0392288 0.0105866 20.5357
-0.0113439 -0.0253813 11.7193
0.0194334 0.0481325 -16.8137
-0.0172494 0.0386867 5.42181
-0.0532889 0.0503351 25.1596
-0.0356208 0.01855 19.7116
-0.00172088 -0.0135323 4.55521
-0.00399009 -0.00518589 4.78924
-0.00516066 -0.0182224 7.7839
0.00299879 -0.0520009 7.36049
0.00830093 -0.0557864 4.55942
-0.0111925 -0.0508786 17.7745
0.00609265 -0.0918915 11.526
0.00943581 -0.086427 7.71247
0.0123217 0.00374402 -8.33153
-0.00402555 0.00815864 6.46292
-0.0635054 -0.0225521 60.6489
-0.00731431 -0.0832706 22.4209
-0.00117331 -0.0486123 11.3565
0.00731637 -0.0569074 4.93345
0.000442654 -0.0545164 10.8647
-0.0495757 -0.218236 83.7781
0.00140364 -0.0612361 11.0691
-0.00300263 -0.0479105 13.1287
-0.00867099 -0.0767834 23.7904
-0.0380033 0.166044 12.2804
-0.00684089 -0.0372125 14.7682
0.00594886 -0.0641499 5.31123
-0.0168063 -0.0524722 28.8174
0.00195214 -0.0643584 9.97743
0.00230911 -0.0662718 9.76119
0.00537049 -0.0563609 4.74637
0.00614213 -0.0499087 2.93969
0.00620742 -0.0262817 -1.09381
-0.0123794 -0.0616548 26.818
0.0100268 0.0219759 7.23903
-0.00595838 0.00618668 10.841
-0.0320806 0.00443692 12.0379
-0.0215105 0.033918 5.9786
-0.0241348 0.021354 8.68227
-0.023671 0.0227292 8.60072
-0.0220625 0.0442412 4.53115
-0.0179838 0.0259359 7.47428
-0.000758012 0.0658352 -3.32139
-0.00244581 0.0287289 4.295
0.000134704 0.0693485 -3.92661
-0.02503 0.0631113 3.24811
-0.051091 0.0415685 13.6446
-0.0302086 0.000521238 15.4579
-0.0146341 0.00610962 9.81577
0.00100786 0.0303296 0.32455
-0.027645 0.0627336 4.36873
-0.0159535 0.139803 -13.772
-0.0270526 0.128754 -7.36815
-0.00189672 0.0517879 14.3052
-0.0103068 0.0383609 20.679
-0.0209766 0.0318838 26.906
0.0436196 0.179047 -49.6732
0.220118 0.253861 -151.79
-0.0191851 0.112202 -1.78077
-0.0376152 0.173457 -5.08658
0.0166681 0.2291 -45.9829
0.00348442 0.0295772 3.25295
-0.0445081 0.122846 14.1377
0.00479734 0.301076 -53.8246
-0.01384 0.3226 -45.3453
-0.00913065 0.312815 -46.8076
-0.0112019 0.33814 -50.1504
-0.0100043 0.317455 -46.7271
-0.00816695 0.331531 -50.8927
-0.0103541 0.345672 -52.6468
-0.000286586 0.0879375 -13.0653
-0.00534649 0.318578 -51.7722
0.0482614 -0.0381099 -30.0795
-0.0339573 0.0405063 24.8525
-0.014037 0.360215 -52.5361
-0.0268449 0.324016 -33.2914
-0.00590114 0.280469 -44.7135
0.00754331 -0.0508399 3.55591
0.0093507 -0.0396498 0.367018
-0.00321712 -0.0251291 9.71981
-0.0178025 -0.0325004 26.0308
0.0149713 0.0296575 -18.9787
-0.0149879 -0.0495159 25.8908
-0.0131522 0.0105735 13.4357
0.00460966 -0.0544736 5.18536
-0.0193225 0.257717 -26.7966
-0.0900683 0.213627 61.6529
0.170839 0.213565 -237.429
-0.0614738 0.177181 39.2254
-0.0199775 0.150486 -4.43353
0.00777175 -0.062006 2.78726
0.00103068 -0.0635491 11.1353
-0.00536687 0.0885884 -5.83983
-0.00936056 0.0393851 4.40626
-0.00726589 0.045345 2.77922
0.00517738 0.132155 -15.891
0.00103185 0.111212 -11.4857
-0.00104811 0.112291 -11.7193
0.0083301 0.160908 -23.0343
0.0181791 0.157891 -24.6048
0.0220622 0.195578 -33.5316
-0.000398766 0.150642 -19.6544
-0.00176359 0.223866 -34.5104
-0.0116386 0.18965 -25.2822
-0.0363288 0.249339 -30.8631
-0.00916335 0.28364 -45.4202
0.00123575 0.298685 -51.621
-0.00133115 0.294473 -49.8547
0.00693831 0.299682 -53.7838
-0.0089812 0.245667 -36.6528
0.0114219 0.0877702 2.01259
-0.00414834 0.0788143 10.5238
-0.00486745 0.0645039 13.3334
-0.0367894 0.0568788 29.7406
-0.0528963 0.0450178 39.2872
0.0457188 0.220119 -57.5194
-0.00784895 0.228742 -31.6476
-0.0134222 0.25533 -34.3984
0.000608284 0.282208 -47.8944
0.0517228 0.137233 -47.2027
-0.0174375 0.0909354 3.66252
-0.038468 0.245249 -14.7628
0.000116005 0.304098 -51.2288
-0.0127089 0.31168 -44.2997
-0.00653131 0.318452 -49.9156
-0.0058635 0.320884 -50.8007
-0.00759995 0.312886 -47.688
-0.0121233 0.316865 -44.8717
-0.00654758 0.33533 -53.2386
-0.0103821 0.32736 -47.9468
0.0011356 0.347077 -61.8629
-0.00159647 0.308459 -51.0435
-0.0055001 0.368868 -60.8515
-0.000799163 0.386052 -68.2479
-0.0149425 0.401139 -59.9374
-0.0279083 0.430452 -54.9903
-0.0291538 0.422125 -51.0166
0.0046971 0.0397726 -8.74934
-0.0115471 0.221708 -28.9135
-0.0256124 0.357926 -40.7299
-0.0324716 0.404049 -43.2517
-0.0278305 0.400437 -47.6435
-0.00634725 0.368809 -63.3888
-0.0220406 0.348742 -42.7296
-0.0252218 0.24405 -17.469
-0.0234229 0.23344 -16.8876
-0.0199551 0.197818 -13.644
-0.0313263 0.20461 -1.44524
-0.0318746 0.203536 -0.351171
-0.0135424 0.140201 -9.03594
0.0287815 0.217924 -34.253
0.0203893 0.275864 -46.9043
0.0209751 0.274316 -47.4604
0.0111521 0.249172 -41.1001
0.0064426 0.245762 -39.9962
-0.00282609 0.232348 -36.1696
-0.00588774 0.25175 -39.947
-0.00421745 0.244251 -38.7008
0.00300341 0.276615 -47.3327
0.0210591 0.284964 -52.8126
-0.0132582 0.331511 -55.8786
-0.00908678 0.307252 -51.0774
-0.000679335 0.285861 -48.3941
0.00247559 0.315719 -55.9256
0.0100338 0.346525 -64.8861
0.0210201 0.359861 -71.0655
0.0116099 0.334893 -62.0895
0.649832 0.0974066 -247.437
0.00413057 0.0306712 17.9411
-0.0123262 0.0252893 26.1376
-0.0338335 0.0479684 30.3769
-0.0615054 0.0494321 42.7778
-0.141289 0.00182658 90.7177
-0.00201204 0.286848 -47.1151
-0.00308311 0.299852 -49.5355
-0.00151743 0.314571 -53.582
0.0063184 0.312182 -57.2448
0.00521359 0.316097 -57.4795
0.00825038 0.302793 -56.5828
0.00581275 0.305033 -55.5779
0.0151236 0.300895 -60.5851
0.0143259 0.306259 -61.2303
-0.00845068 0.328814 -50.9462
-0.00761472 0.325054 -50.6245
-0.0109174 0.313584 -44.809
-0.0073633 0.318637 -48.9412
-0.0116309 0.305163 -42.8001
0.00198984 0.319994 -56.6527
0.00553947 0.319457 -58.9879
0.010947 0.311563 -62.2343
0.020844 0.314435 -71.289
-0.000307803 0.348471 -60.785
-0.0164638 0.355732 -47.9101
-0.00965868 0.368154 -57.3238
-0.0152802 0.381269 -55.4777
-0.0173043 0.369478 -50.6242
-0.028567 0.372904 -40.0773
-0.0188242 0.387632 -52.7553
-0.0411669 0.421396 -37.6914
-0.0179177 0.392612 -55.3914
-0.0143416 0.393057 -59.2371
-0.0218329 0.442169 -62.1755
-0.0488751 0.46559 -38.393
-0.0409686 0.509665 -57.0018
-0.025005 0.225121 -13.0844
-0.0227595 0.238297 -18.7826
-0.0186888 0.206025 -16.2962
-0.0384515 0.196055 9.74285
0.0334641 0.277059 -48.0968
0.0219623 0.27091 -46.3079
0.00274643 0.272927 -45.9573
0.00148187 0.282984 -48.5503
-0.00181804 0.270095 -45.1744
0.00389609 0.273363 -46.511
-0.00591346 0.265224 -42.9737
-0.0147526 0.273121 -43.5538
-0.00068234 0.268075 -44.6576
0.0104773 0.362195 -68.6214
0.0262442 0.414886 -85.027
0.025975 0.380757 -76.446
0.00487936 0.338341 -60.215
-0.0075669 0.343085 -57.9086
-0.0176836 0.288497 -41.2394
-0.00366361 0.288194 -45.5613
0.0124372 0.268342 -46.8934
0.0582488 0.231443 -54.6715
0.049155 0.0205702 1.57275
0.0111061 0.00886111 20.0826
-0.0229959 0.0201757 31.9769
-0.0720542 0.0454939 47.988
-0.0462946 0.252235 -15.824
-0.0183495 0.306833 -43.1607
0.00245242 0.322278 -57.4718
0.000838556 0.327389 -57.7714
0.00830147 0.323078 -61.0222
0.00154841 0.31143 -54.1429
6.75681e-05 0.316163 -54.3263
-0.00254381 0.325759 -55.1586
0.0127409 0.303965 -59.7573
0.0214236 0.305418 -65.8313
0.00405941 0.327163 -58.9569
-0.0209374 0.336332 -43.282
-0.00799631 0.327093 -50.7391
-0.00589957 0.335869 -54.6317
-0.0107196 0.327901 -48.9014
-0.0110394 0.321939 -47.2547
0.00973901 0.295112 -57.3343
0.0144872 0.272491 -55.7674
0.0305065 0.294716 -74.7896
0.00451818 0.275745 -46.7497
-0.0155907 0.249422 -22.2353
-0.025625 0.327291 -32.0285
-0.0061685 0.315146 -48.0801
-0.0110703 0.314553 -43.0306
-0.0222467 0.328566 -35.446
-0.00189867 0.363473 -64.6939
-0.0140602 0.363184 -51.7861
-0.0221676 0.390762 -49.9319
-0.00739056 0.377587 -62.665
-0.00571689 0.386296 -67.0982
0.0210091 0.320207 -79.8803
0.0334803 0.372525 -109.138
-0.0190031 0.367429 -47.6754
-0.0264622 0.378241 -41.2899
-0.00895256 0.368547 -59.9242
0.0605903 0.303573 -128.098
0.01305 0.331923 -61.9463
0.00831591 0.33438 -62.5816
0.011891 0.309981 -56.1561
0.0380743 0.355286 -70.1613
0.030337 0.399884 -81.7695
0.0185995 0.314732 -58.6868
0.036633 0.417586 -87.1317
0.0101527 0.386707 -74.5525
0.0140418 0.324312 -57.3657
-0.0147807 0.327719 -52.9519
-0.00194856 0.353692 -62.6472
-0.0149117 0.324315 -51.9373
-0.0268018 0.246291 -27.7619
-0.014116 0.276353 -39.5909
-0.0144786 0.27935 -40.3951
-0.00620688 0.286811 -45.059
0.0125443 0.313793 -58.799
0.0121754 0.30455 -56.3119
0.00495322 0.325622 -59.0993
0.00837344 0.320443 -59.2888
-0.00117125 0.30807 -51.888
0.00264532 0.315425 -55.6371
-0.00169042 0.31606 -53.8635
0.00531654 0.325882 -59.8471
0.00168062 0.325671 -57.8714
0.00823087 0.319699 -59.7952
0.00165834 0.319985 -56.1253
8.15067e-05 0.322781 -56.0504
0.00118431 0.318204 -55.5613
-0.00218791 0.322402 -54.5466
0.00113151 0.327226 -57.9442
0.0125102 0.31553 -62.4563
0.0165871 0.306296 -62.7308
0.0142481 0.317974 -64.0769
-0.00287212 0.349684 -60.2043
-0.00505592 0.367695 -63.2555
-0.0171305 0.356231 -51.1954
-0.0407089 0.371211 -35.9477
-0.0145729 0.331725 -46.8414
0.00577619 0.301424 -55.641
0.0181766 0.287693 -62.9195
-0.00754389 0.295597 -42.3726
-0.0167941 0.274861 -28.1607
-0.013975 0.277734 -31.3622
-0.00502376 0.2723 -38.0946
-0.00902265 0.285615 -37.5056
0.0129449 0.285625 -59.4663
0.0071843 0.306525 -59.1605
0.00155248 0.307764 -53.3543
-0.0126634 0.333322 -45.3972
-0.0184389 0.351394 -43.967
-0.00265826 0.335787 -57.4123
-0.0111629 0.32585 -45.2694
-0.0159285 0.346736 -45.0596
-0.023161 0.339581 -34.4681
-0.0331119 0.358577 -27.6734
-0.0323852 0.362577 -29.9299
0.00314371 0.355967 -71.3693
0.0267829 0.365808 -71.4948
0.0327162 0.396297 -80.4149
0.0307183 0.395217 -79.1501
0.0158459 0.410653 -82.7692
0.0302365 0.403621 -82.0216
-0.00744758 0.299254 -46.7758
-0.00886344 0.304813 -48.0569
-0.0220813 0.249352 -29.6059
-0.0198216 0.254667 -31.5926
-0.0281023 0.248014 -28.318
-0.0202424 0.27272 -37.0804
-0.0123894 0.28201 -41.6756
-0.0197332 0.303231 -46.0569
-0.00770275 0.315637 -52.7985
-0.00648847 0.305036 -49.9144
0.0044009 0.326252 -59.5268
0.00900091 0.324273 -60.4197
0.00730037 0.317136 -57.7677
0.00414663 0.315876 -56.0876
-1.92204e-05 0.319112 -55.2959
-0.00289369 0.323369 -55.3504
0.00620827 0.323719 -59.5887
0.000315542 0.329546 -58.3247
0.00635642 0.321254 -58.9543
-0.00106252 0.326938 -56.7802
-0.0011061 0.323014 -55.5678
0.00626665 0.319395 -58.6302
0.000982154 0.326183 -57.5634
-0.000201979 0.328967 -57.7243
-0.000486435 0.32995 -57.7136
-0.00321111 0.32949 -55.7179
0.0061087 0.324819 -60.7303
0.015903 0.31384 -64.3081
0.0257382 0.304888 -68.7608
0.0367082 0.29871 -74.6181
0.0192835 0.314751 -65.6537
-0.0312881 0.354265 -38.9433
-0.0343339 0.344833 -34.0542
-0.0220276 0.341567 -43.253
-0.0118117 0.324394 -47.2102
0.00797685 0.298775 -56.2127
0.00416472 0.318252 -58.7925
-0.0429839 0.300556 -10.7781
-0.0250094 0.297469 -26.8471
-0.0268072 0.277269 -19.0526
-0.000626931 0.271317 -42.3232
0.0161476 0.271463 -58.824
0.019607 0.272793 -62.5691
0.00474935 0.281047 -49.496
0.00827259 0.290102 -56.0251
0.0138181 0.29874 -64.566
-0.00712623 0.292712 -39.9504
-0.0133127 0.303687 -36.2393
0.0184577 0.316859 -76.3865
-0.00434778 0.318503 -50.494
-0.00301476 0.330898 -55.8033
-0.0204636 0.357406 -43.0564
-0.015529 0.351341 -46.9405
0.0519415 0.364898 -71.1684
0.0459831 0.359832 -69.2182
0.0350911 0.31859 -55.2012
-0.00254397 0.281879 -41.7018
-0.018308 0.268491 -36.1032
-0.0253297 0.242715 -27.7049
-0.0172035 0.248457 -30.6776
-0.0159776 0.250603 -31.4455
-0.0229822 0.256252 -32.2394
-0.00534833 0.288536 -45.4937
0.00472091 0.300833 -51.6366
-0.00383037 0.306178 -51.0469
0.00127299 0.31934 -56.4297
-0.00236464 0.327841 -57.9662
0.00205432 0.325338 -58.4523
0.00110466 0.327778 -58.8517
0.00686911 0.324853 -59.8796
0.00884666 0.325604 -60.9402
5.23379e-05 0.321038 -56.1153
0.00632836 0.324637 -59.8056
0.00605152 0.326734 -60.2595
0.00372962 0.324089 -58.4769
0.0028392 0.324026 -57.9743
0.00184992 0.329762 -59.4124
0.00246908 0.330356 -59.8564
-0.00216916 0.325252 -55.656
0.00681977 0.325271 -60.6434
0.00230752 0.323894 -57.6145
0.0012642 0.329761 -58.7907
0.00235355 0.325369 -58.1215
-0.00259799 0.320282 -53.2954
-0.00151314 0.329985 -57.0812
0.00490108 0.323737 -59.5922
0.0161376 0.313577 -64.3779
0.0282879 0.296297 -68.0855
0.0386756 0.275105 -68.9687
-0.0101092 0.315979 -43.8256
-0.0268241 0.344847 -39.8517
-0.0280785 0.351537 -41.3745
-0.00190811 0.324966 -55.2274
0.00193366 0.332981 -61.1677
-0.0114328 0.330196 -48.3588
-0.050151 0.323343 -10.7159
-0.0447371 0.32291 -15.3378
-0.0338451 0.263274 -7.77516
-0.0100055 0.282833 -36.5946
0.0272926 0.251772 -64.311
0.0256625 0.254367 -63.2101
-0.00749279 0.300781 -42.9756
-0.00359384 0.265305 -36.1823
-0.0059702 0.252369 -29.3056
0.000583313 0.263026 -40.0872
0.00919542 0.258908 -48.4773
0.0085937 0.265321 -49.3345
-0.00794958 0.302631 -41.1889
-0.0113252 0.303822 -38.0711
-0.00375311 0.300152 -45.8374
-0.0162091 0.320746 -37.0667
0.0289591 0.331572 -60.0427
0.0239771 0.29511 -47.5914
-0.012554 0.244782 -29.2355
-0.0351308 0.231959 -23.6389
-0.0171011 0.245519 -29.7834
-0.0141835 0.255151 -33.3322
0.00552494 0.300715 -51.2057
-0.000236996 0.296287 -48.9433
0.00285205 0.307916 -53.2028
0.00707363 0.318352 -57.4447
0.00876892 0.316019 -57.0363
0.00566852 0.321375 -58.0128
0.00668333 0.321078 -58.2056
-0.00099006 0.322685 -56.6528
0.00254407 0.317592 -55.9383
0.0013465 0.316802 -55.2644
0.00918674 0.325288 -60.7782
0.0057975 0.323116 -58.8303
0.00478169 0.321725 -58.0253
0.00541657 0.324509 -59.2425
0.00511639 0.327291 -60.0076
0.000185474 0.323761 -56.6647
0.00654873 0.318741 -58.0689
0.00540304 0.326967 -60.3124
0.00267322 0.326937 -58.9333
0.00511707 0.329606 -61.1962
0.00362965 0.324322 -58.5511
0.00601537 0.325684 -60.435
0.00424862 0.324148 -58.921
0.0049121 0.32407 -59.3456
-0.000308011 0.322427 -55.4391
0.00194949 0.32924 -59.3389
0.00335911 0.327567 -59.7026
0.0068492 0.32324 -60.8232
0.00997856 0.316651 -60.8288
0.017135 0.302628 -61.7458
0.0148724 0.301213 -59.1557
-0.0148453 0.335229 -46.3157
-0.0944853 0.140913 91.4482
-0.016113 0.334705 -46.1692
0.0150015 0.324265 -69.5408
0.0137664 0.325276 -68.5901
0.024602 0.320666 -77.1373
0.034273 0.168191 -33.5221
0.0391611 0.144956 -30.2985
0.0521134 0.146514 -43.0126
0.041613 0.114059 -20.6834
-0.007057 0.766804 -196.089
-0.0128856 0.688584 -163.837
0.00379782 0.285222 -50.6399
-0.00332018 0.27528 -39.6958
0.0119485 0.264817 -53.0079
-6.10146e-05 0.266301 -40.2262
0.0191654 0.258784 -59.5577
0.0162403 0.249965 -53.0558
-0.0026219 0.251925 -31.2896
-0.00806198 0.275892 -33.0784
0.00686133 0.279521 -52.4048
-0.0117163 0.307462 -51.3718
-0.0174189 0.261692 -34.9619
-0.0278481 0.255985 -32.8292
-0.010874 0.250065 -31.7112
-0.00892412 0.284126 -43.853
0.0109238 0.299649 -51.4596
0.0113231 0.312458 -56.004
0.00775676 0.317195 -57.1512
0.00835428 0.323312 -59.2951
-0.00106474 0.311751 -53.2894
0.0117748 0.301209 -52.4234
0.00908679 0.306641 -53.6492
0.00531201 0.313468 -55.3149
0.00858665 0.315909 -57.0564
0.00597583 0.319568 -57.6367
0.00631966 0.315606 -56.4493
0.00492375 0.319165 -57.1473
-0.00310135 0.321419 -54.8697
0.00705553 0.318677 -57.9384
0.00335027 0.313748 -54.6011
0.00179563 0.319008 -55.7427
0.00215037 0.323123 -57.4117
0.00212878 0.315107 -54.5346
0.00605377 0.313834 -55.9333
0.00036268 0.317488 -54.3413
0.00892595 0.322081 -60.5288
0.00712155 0.323782 -60.2694
0.00529201 0.319254 -57.6738
0.00118822 0.32117 -55.9451
0.00193782 0.324439 -57.6069
0.0072661 0.3201 -59.5752
0.00556326 0.328021 -61.3675
0.00667962 0.320785 -59.561
-0.000649819 0.329835 -57.5964
0.00307892 0.318667 -56.3364
-0.00193936 0.320143 -53.0884
0.0186316 0.297544 -61.1482
0.0565593 0.268735 -81.1932
0.0788946 0.160519 -59.811
0.0538467 -0.00966561 22.1857
0.0310312 -0.0170179 44.6486
0.0235999 0.309728 -72.5985
0.023875 0.28177 -63.5543
0.0223444 0.24685 -49.755
0.0188995 0.194735 -28.5453
0.0623833 0.183953 -66.3556
0.0481096 0.135715 -34.7956
-0.00763815 0.126805 25.2169
-0.0476448 0.0873128 80.875
-0.129695 0.221312 118.696
-0.0545471 0.331512 -2.47488
-0.0168642 0.282777 -27.2575
-0.0112084 0.263021 -26.4784
0.0146628 0.246142 -49.9681
0.0224683 0.231212 -53.9789
0.00982503 0.247268 -44.6322
-0.0115745 0.262063 -23.6524
-0.00139935 0.276874 -41.3824
-0.0288558 0.293993 -46.4194
-0.0278594 0.266742 -36.4236
-0.0195442 0.28111 -42.1699
-0.0103559 0.272571 -39.5999
0.0046433 0.262448 -37.4314
0.0261409 0.282105 -47.0298
0.0203244 0.299613 -52.6106
0.0109573 0.307757 -54.2414
0.00197513 0.293127 -47.3039
-0.00116818 0.283114 -43.0249
-0.00143256 0.276465 -40.6318
0.00907756 0.269542 -40.4476
0.0148134 0.297409 -52.1097
0.00740327 0.306254 -53.2901
0.00162813 0.311906 -53.471
0.0020021 0.315057 -54.7505
0.00458117 0.297612 -49.2796
0.00218778 0.29998 -49.2735
0.00203364 0.306108 -51.4034
0.00169281 0.294937 -47.1675
-0.000363363 0.290614 -44.673
0.0124723 0.292885 -51.4106
0.00759829 0.297344 -50.8052
0.00239914 0.295834 -47.6509
0.00540466 0.291161 -47.5836
0.00813465 0.299441 -52.0772
0.000725222 0.303347 -49.2965
0.00209894 0.308463 -51.944
0.00646371 0.305447 -53.5497
0.0033265 0.31363 -54.604
0.0020986 0.314866 -54.2564
-0.000732915 0.30626 -49.2295
0.00327363 0.302746 -50.665
0.000721619 0.305025 -49.6547
-0.00303582 0.299918 -45.0253
-0.00165739 0.294473 -44.1216
0.0143516 0.274973 -49.6082
0.0581188 0.222796 -65.5859
0.049443 0.0918232 -10.3516
0.0267589 0.0317815 30.8633
0.00608819 0.0125358 56.0551
-0.0835105 0.0334409 126.395
0.0118339 0.281892 -52.3319
0.0063037 0.242933 -33.0328
0.016023 0.227314 -36.8541
0.0446829 0.179963 -47.3964
0.0450131 0.162478 -41.2875
0.00808957 0.138138 5.00122
-0.0402025 0.113838 63.2154
-0.0742254 0.205535 65.3331
-0.0597617 0.338672 0.977992
-0.0451232 0.316466 -7.21413
-0.0387314 0.306713 -10.668
-0.00277558 0.246737 -30.0375
0.0111862 0.246505 -45.9726
0.00839835 0.237202 -39.3984
0.00250842 0.22899 -29.1837
-0.00884498 -0.0126308 73.9958
