0 1 3
1 61 3
3 61 3
3 4 3
4 5 3
5 6 3
6 7 3
7 65 3
9 65 3
9 69 3
11 69 3
11 12 3
12 13 3
13 72 3
72 74 3
16 74 3
16 17 3
17 18 3
18 19 0
19 21 3
21 23 1
23 24 3
24 26 0
26 27 2
27 28 3
28 29 3
29 30 3
30 31 1
31 32 3
32 33 3
33 34 3
34 35 3
35 36 3
36 37 3
37 38 3
38 39 3
39 40 3
40 41 0
41 42 3
42 43 3
43 44 3
44 45 3
45 46 0
46 47 1
47 48 3
48 49 3
49 50 3
50 51 3
51 52 3
52 53 3
53 54 3
54 55 3
55 56 3
56 57 3
55 114 3
56 114 3
46 104 1
24 83 3
36 94 3
39 97 3
45 104 3
26 83 1
35 94 3
37 96 3
38 96 3
49 107 3
68 69 3
29 87 3
32 90 3
33 91 3
41 100 0
42 100 3
47 104 3
113 114 3
9 68 3
31 90 3
34 91 3
43 101 3
55 113 3
36 95 3
40 99 0
41 99 2
43 100 2
44 101 3
52 111 3
53 111 3
11 70 3
12 70 3
27 85 3
28 86 3
28 87 3
35 93 3
94 95 3
37 95 3
39 96 3
44 102 3
45 103 3
48 106 3
49 106 3
54 113 3
17 76 3
18 76 3
26 85 2
27 86 3
86 87 3
30 87 3
40 97 3
102 103 3
50 107 3
50 108 3
57 115 3
1 60 3
60 61 3
3 62 3
4 62 3
5 62 3
5 63 3
5 64 3
6 64 3
7 64 3
65 67 3
9 67 3
69 70 3
13 70 3
13 71 3
74 132 3
16 75 3
17 75 3
30 88 3
31 89 0
33 90 3
34 92 3
34 93 3
93 94 3
100 101 3
47 106 3
51 108 3
52 110 3
53 112 3
54 112 3
57 114 3
0 59 3
1 59 3
71 72 3
85 86 3
87 88 3
88 89 3
89 90 1
91 92 3
92 93 3
40 98 3
98 99 0
99 100 0
101 102 3
107 108 3
51 110 3
111 112 3
114 115 3
63 64 3
64 65 3
75 76 3
19 78 1
21 78 1
90 91 3
96 97 3
104 105 3
47 105 3
110 111 3
61 62 3
62 63 3
67 68 3
18 78 3
23 78 3
24 82 3
95 96 3
97 98 3
106 107 3
112 113 3
70 71 3
74 75 3
23 80 3
23 82 3
26 141 3
103 104 3
76 78 3
78 80 3
80 82 3
82 83 3
83 141 0
105 106 3
59 60 3
72 131 3
74 131 3
85 141 3
131 132 3
114 172 3
65 66 3
108 167 3
59 116 3
66 67 3
75 132 0
96 154 3
166 167 3
51 167 3
97 154 3
110 167 3
113 172 2
101 159 3
67 125 3
76 135 0
78 135 0
78 137 0
101 160 3
61 120 3
62 120 3
68 125 3
72 130 3
78 136 0
80 137 0
94 153 0
95 153 3
102 160 3
103 161 3
108 166 3
71 130 3
95 154 3
97 155 3
100 159 3
102 161 3
68 126 3
130 131 3
75 133 0
136 137 3
82 139 3
82 140 3
85 143 3
86 143 3
92 151 3
93 151 3
154 155 3
98 155 3
110 168 3
115 172 1
115 173 1
60 118 3
60 120 3
64 122 3
69 126 3
76 133 3
83 140 3
86 144 3
87 146 3
88 146 3
90 148 3
93 152 3
94 152 3
94 211 0
153 154 3
103 162 3
171 172 3
59 118 3
63 121 3
65 122 3
80 197 3
89 146 3
89 148 1
91 148 3
98 156 3
100 158 3
104 162 3
106 164 3
107 164 3
111 168 3
113 171 3
59 117 3
62 121 3
70 128 3
71 128 3
135 136 3
141 143 3
87 144 3
87 145 3
89 147 3
91 149 3
92 149 3
99 156 2
99 157 2
99 158 0
158 159 3
159 160 3
111 169 3
172 173 2
116 117 3
117 118 3
121 122 3
69 128 3
82 197 3
145 146 3
147 148 1
152 211 0
153 211 3
157 158 0
105 162 3
105 163 3
168 169 3
112 169 3
112 171 3
66 122 3
133 135 3
139 140 3
144 145 3
146 147 3
156 157 3
161 162 3
196 197 3
143 144 3
151 152 3
160 161 3
105 164 3
107 166 3
167 168 3
112 170 3
125 126 3
126 128 3
148 149 3
155 156 3
169 170 3
170 171 3
120 121 3
132 133 3
137 197 3
128 130 3
83 199 0
141 199 3
118 120 3
66 125 3
163 164 3
130 187 3
128 187 3
160 218 3
118 177 3
120 177 3
132 190 3
133 190 3
149 151 3
126 185 3
128 185 3
133 193 3
139 197 3
66 182 3
125 182 3
137 196 3
143 202 3
144 202 3
157 215 3
157 273 3
158 273 1
107 223 3
59 174 3
116 174 3
126 184 3
130 188 3
131 188 3
131 189 3
135 193 3
156 215 3
216 273 1
158 216 3
162 163 3
125 184 3
199 200 3
141 200 3
154 212 3
164 223 3
117 174 3
128 186 3
143 200 3
143 201 3
201 202 3
159 218 3
161 219 3
166 223 3
168 226 3
172 230 3
122 180 3
185 186 3
151 208 0
161 218 3
162 219 3
172 231 2
121 179 3
121 180 3
136 194 3
145 202 3
145 203 3
149 207 0
149 208 0
151 209 3
155 212 3
155 213 3
158 217 3
159 217 3
163 221 3
166 224 3
167 226 3
169 227 3
170 227 3
171 229 3
173 231 2
117 175 3
118 176 3
184 185 3
188 189 3
133 191 3
136 193 3
137 194 3
137 195 3
145 204 3
146 204 3
146 205 3
147 205 3
148 205 0
148 207 0
152 209 3
153 212 3
212 213 3
156 213 3
156 214 3
217 218 3
163 220 3
164 221 3
167 225 3
172 229 3
175 176 3
120 179 3
186 187 3
132 189 3
190 191 3
191 193 3
195 196 3
139 198 3
140 198 3
148 206 0
213 214 3
162 220 3
164 222 3
223 224 3
167 224 3
225 226 3
230 231 3
174 175 3
176 177 3
177 179 3
187 188 3
194 195 3
203 204 3
204 205 3
205 206 3
222 223 3
224 225 3
170 229 3
189 190 3
193 194 3
83 198 3
202 203 3
207 208 3
208 209 1
152 210 0
210 211 3
211 212 3
214 215 3
215 273 3
219 220 3
221 222 3
168 227 3
125 183 3
200 201 3
220 221 3
182 183 3
197 198 3
218 219 3
170 286 3
229 230 3
179 180 3
66 180 3
206 207 3
209 210 0
179 236 3
216 217 3
229 286 3
177 236 3
190 248 3
227 286 3
180 182 3
180 297 3
183 184 3
193 250 3
182 297 3
191 250 3
226 285 3
230 288 3
182 239 3
223 281 3
239 297 3
205 263 3
206 263 3
222 281 3
226 227 3
179 238 3
180 238 3
238 297 3
203 260 3
217 275 3
227 285 3
229 287 3
193 251 3
194 251 3
197 312 3
202 260 3
206 265 3
179 237 3
204 262 3
207 265 3
209 267 0
213 271 3
224 283 3
225 283 3
174 232 3
237 238 3
250 251 3
201 260 3
203 262 3
208 267 3
211 268 0
211 269 0
212 269 0
226 284 3
229 288 1
189 247 3
194 196 3
83 315 3
205 262 3
210 267 0
210 268 0
216 274 3
217 274 3
221 279 3
225 284 3
284 285 3
285 286 3
231 288 2
175 232 3
175 233 3
176 234 3
177 235 3
184 242 3
186 246 3
187 246 3
189 248 3
198 315 3
199 315 3
208 265 3
208 266 3
212 270 0
213 270 0
214 273 3
274 275 3
222 279 3
286 287 3
287 288 1
231 289 2
233 234 3
234 235 3
235 236 3
183 239 3
194 252 3
200 315 3
263 265 3
265 266 3
267 268 3
268 269 3
269 270 3
213 272 0
214 272 0
273 274 0
218 277 3
219 277 3
224 281 3
224 282 3
288 289 3
185 243 3
191 248 3
196 252 3
196 254 3
258 315 3
201 316 3
262 263 3
266 267 3
270 271 1
218 276 3
222 280 3
281 282 3
283 284 3
232 233 3
183 242 3
185 242 3
188 246 3
200 316 3
272 273 1
276 277 3
279 280 3
236 237 3
242 243 3
188 247 3
248 250 3
251 252 3
252 254 3
197 254 3
198 314 3
260 262 3
220 279 3
280 281 3
282 283 3
183 299 3
186 243 3
314 315 3
262 320 3
263 322 3
265 322 3
217 276 3
220 277 3
246 247 3
198 312 3
315 316 3
260 320 3
271 272 0
254 312 3
312 314 3
275 276 3
243 246 3
247 248 3
258 316 3
183 298 3
246 302 3
246 303 3
239 298 3
298 299 3
302 303 3
283 341 3
271 329 0
277 279 3
284 341 3
243 302 3
312 313 3
272 329 3
277 335 3
242 299 3
279 335 3
313 314 3
282 340 3
283 340 3
260 319 3
297 412 3
248 307 3
319 320 3
266 324 3
238 412 3
246 304 3
247 304 3
250 307 3
252 311 3
254 311 3
267 324 3
267 325 3
268 325 3
273 331 0
274 331 3
287 345 1
288 345 3
265 323 3
269 328 3
270 328 3
279 337 3
233 291 3
238 296 3
243 301 3
258 431 3
263 321 3
266 323 3
271 328 0
232 464 3
232 291 3
296 412 3
301 302 3
260 316 3
260 318 3
321 322 3
275 333 3
335 336 3
279 336 3
279 338 3
280 338 3
281 339 3
288 346 3
289 346 3
234 292 3
235 293 3
236 294 3
237 295 3
242 300 3
250 308 3
251 309 3
318 319 3
262 321 3
323 324 3
272 330 2
272 331 2
275 334 3
336 337 3
337 338 3
282 339 3
286 344 3
287 344 3
289 347 3
232 290 3
291 292 3
292 293 3
293 294 3
294 295 3
238 295 3
299 300 3
300 301 3
247 305 3
307 308 3
250 309 3
252 309 3
322 323 3
269 327 3
329 330 3
274 332 3
274 333 3
276 334 3
340 341 3
346 347 3
290 464 3
248 305 3
311 312 3
315 431 3
320 321 3
327 328 3
271 387 3
332 333 3
280 339 3
339 340 3
285 344 3
345 346 3
290 291 3
295 296 3
248 306 3
308 309 3
316 431 3
328 387 1
329 387 1
331 332 3
333 334 3
338 339 3
344 345 1
304 305 3
305 306 3
316 318 3
324 325 3
268 327 3
330 331 3
276 392 3
277 392 3
303 304 3
306 307 3
284 342 3
285 342 3
316 376 3
318 376 3
325 327 3
334 392 3
341 342 3
335 392 1
342 344 3
309 311 3
330 387 1
309 368 3
311 368 3
325 384 3
309 367 3
325 383 3
306 422 3
312 371 3
323 381 3
324 381 3
324 383 3
327 384 3
333 391 3
297 356 3
297 298 3
308 367 3
313 371 3
316 374 3
322 381 3
387 388 0
330 388 3
334 391 3
341 399 1
342 400 1
297 471 3
298 356 3
299 357 3
300 357 3
320 378 3
337 396 3
338 396 3
340 398 3
342 399 1
292 350 3
295 353 3
296 353 3
412 471 3
303 362 3
304 362 1
305 362 1
367 368 3
311 369 3
311 370 3
312 370 3
319 378 3
383 384 3
339 397 3
340 397 3
341 398 3
344 400 1
344 402 1
346 404 3
290 349 3
291 349 3
291 350 3
299 356 3
307 365 3
370 371 3
319 435 3
324 382 0
327 385 3
331 389 3
332 389 3
336 395 1
337 395 1
399 400 3
400 402 3
293 351 3
294 352 3
294 353 3
353 412 3
356 471 3
300 358 3
301 359 3
302 360 3
303 361 3
306 365 3
308 365 3
368 369 3
369 370 3
381 382 3
328 385 3
328 386 3
332 390 3
335 393 3
335 394 3
336 394 3
398 399 1
345 402 1
345 403 3
345 404 3
347 404 3
290 348 3
350 351 3
351 352 3
356 357 3
357 358 3
358 359 3
359 360 3
360 361 3
361 362 3
305 421 1
382 383 1
385 386 2
386 387 1
388 389 3
389 390 3
333 390 3
391 392 3
392 393 0
395 396 0
338 397 3
397 398 3
401 402 3
347 405 3
348 349 3
349 350 3
352 353 3
365 422 1
308 366 3
314 371 3
318 435 3
384 385 3
400 401 3
404 405 3
348 464 3
362 421 3
366 367 3
321 437 3
322 437 3
322 380 3
380 381 3
393 394 3
403 404 3
365 366 3
376 435 3
380 437 3
396 397 3
314 372 3
315 372 3
378 437 3
320 437 0
374 431 3
378 435 3
390 391 3
394 395 1
414 471 3
356 414 3
374 376 3
387 444 0
421 479 0
382 440 3
383 440 0
386 444 3
402 403 0
305 479 3
306 479 3
352 410 1
371 372 3
404 463 0
405 463 0
353 410 1
372 431 3
388 446 3
389 446 3
403 461 1
365 423 3
422 423 0
431 432 3
389 447 3
374 432 3
380 439 3
381 439 3
387 445 3
388 445 1
394 453 1
399 457 3
400 457 3
353 411 3
437 495 3
385 443 3
392 450 3
394 452 1
452 453 3
395 453 3
398 457 1
404 461 1
351 409 3
352 409 3
411 412 3
366 423 3
368 426 3
369 427 3
384 443 3
397 455 1
398 455 1
402 461 3
369 426 3
383 441 3
384 441 3
384 442 3
385 444 2
390 447 3
391 450 3
398 456 1
400 458 3
401 459 3
348 406 3
349 407 3
350 408 3
409 467 3
357 414 3
358 416 3
358 417 3
359 417 3
422 479 3
366 424 3
376 433 3
437 438 3
380 438 3
382 439 3
393 452 1
396 454 1
455 456 3
456 457 3
457 458 3
401 458 3
402 459 3
402 460 3
461 462 0
404 462 0
406 464 3
406 407 3
407 408 3
408 409 3
410 467 0
409 410 1
410 411 0
360 418 3
361 418 3
361 478 3
423 424 3
370 428 3
371 429 3
374 433 3
378 495 2
438 439 3
440 441 3
443 444 2
445 446 0
446 447 3
393 450 1
397 454 1
458 459 3
460 461 3
462 463 0
367 426 3
369 428 3
370 429 3
442 443 3
444 445 1
396 453 1
357 416 3
416 417 3
359 418 3
362 478 3
426 427 3
428 429 3
376 492 2
441 442 3
427 428 3
435 492 3
417 418 3
418 478 3
372 429 3
453 454 3
454 455 3
459 460 3
390 506 3
390 450 3
433 492 2
367 424 3
439 440 3
450 507 3
450 452 3
447 506 3
390 507 3
463 521 1
378 494 2
494 495 3
506 507 3
450 509 3
452 509 3
462 520 1
424 483 3
367 483 2
461 519 3
412 470 3
435 494 3
460 519 3
461 520 3
411 470 3
424 482 3
432 433 3
462 521 2
414 416 3
429 487 3
470 471 3
482 483 3
426 483 3
439 497 3
418 477 3
477 478 3
421 478 3
372 487 2
438 497 3
447 505 3
446 504 3
505 506 3
454 511 3
410 468 3
483 484 3
435 493 3
438 496 3
440 497 3
445 503 3
446 503 1
453 511 3
454 512 3
455 512 3
455 514 3
456 514 3
408 467 3
411 468 1
414 472 3
423 482 3
426 484 3
437 496 3
503 504 0
447 504 3
452 510 3
457 514 3
407 465 3
408 465 3
468 469 0
411 469 3
416 472 3
431 487 2
497 498 3
440 498 3
441 499 3
441 500 3
442 500 3
442 501 3
443 501 3
444 501 2
444 502 3
509 510 3
452 511 3
511 512 3
455 513 3
457 516 3
458 516 3
459 517 3
460 518 3
407 464 3
469 470 3
440 499 3
502 503 1
504 505 3
458 517 3
517 518 3
520 521 3
464 465 3
408 466 3
471 472 3
478 536 1
421 536 3
492 493 3
498 499 3
500 501 3
507 509 3
512 513 3
513 514 3
519 520 3
465 466 3
467 468 1
423 481 3
431 433 3
501 502 3
518 519 3
481 482 3
487 488 3
431 488 3
431 490 1
433 491 1
516 517 3
466 467 3
479 536 1
488 490 3
433 490 1
491 492 3
495 496 3
496 497 3
499 500 3
510 511 3
426 428 3
428 487 3
422 481 2
514 516 3
493 494 3
472 532 1
416 532 1
416 533 1
417 533 1
417 534 1
418 534 1
428 484 3
503 561 3
505 563 1
533 534 3
477 534 1
495 554 3
472 531 1
532 533 3
479 481 3
490 549 2
504 562 1
531 532 3
477 535 1
536 537 3
479 537 1
479 538 3
481 538 3
503 562 3
534 535 3
433 549 1
495 553 3
494 553 3
509 566 3
512 570 3
465 523 3
481 539 3
428 543 3
553 554 3
504 563 1
507 566 3
511 570 3
514 573 3
466 523 3
428 544 3
487 544 3
496 554 1
516 573 3
538 539 3
494 552 2
497 554 1
505 564 3
506 564 3
472 530 1
482 539 3
482 540 1
483 540 1
484 543 3
543 544 3
488 546 3
490 547 2
491 549 3
493 552 2
498 557 1
502 561 1
509 567 3
514 572 3
520 578 3
470 528 2
530 531 3
483 542 3
488 547 3
492 549 3
497 555 1
498 555 1
499 557 1
506 565 3
507 565 3
572 573 3
516 574 3
517 574 3
518 576 3
519 578 3
521 578 3
521 579 3
466 524 3
471 528 2
539 540 1
484 542 3
487 545 3
487 546 3
490 548 2
492 550 3
493 551 2
554 555 3
498 556 1
563 564 0
566 567 3
510 568 3
511 569 3
513 571 3
517 575 3
518 575 3
519 576 3
519 577 3
578 579 3
467 524 3
545 546 3
548 549 3
549 550 3
550 551 3
555 556 3
556 557 3
561 562 3
568 569 3
569 570 3
570 571 3
576 577 3
537 538 3
544 545 3
547 548 3
551 552 3
552 553 3
502 560 1
565 566 3
571 572 3
575 576 3
469 527 2
470 527 2
477 536 1
546 547 3
560 561 3
562 563 0
510 567 3
574 575 3
535 536 0
540 542 3
564 565 3
567 568 3
523 524 3
467 525 2
471 530 1
542 599 3
500 558 1
500 559 1
501 559 1
502 559 1
464 523 2
524 525 3
540 599 3
499 558 1
467 526 3
468 526 2
468 527 2
528 530 1
557 558 3
558 559 3
559 560 3
577 578 3
525 526 3
527 528 3
573 574 3
538 596 1
539 596 1
542 600 3
526 527 3
542 543 3
464 580 2
523 580 3
550 608 3
559 617 3
531 590 3
532 590 3
533 590 3
539 598 1
543 600 3
551 608 3
555 613 3
559 616 3
523 581 3
528 587 1
531 589 3
540 598 3
553 611 3
554 613 3
558 616 3
616 617 3
580 581 3
530 587 3
589 590 3
552 611 3
565 624 3
566 624 3
578 637 3
523 582 2
524 582 2
560 618 3
560 619 3
561 619 3
567 626 3
568 626 3
569 626 3
570 628 3
574 633 3
575 633 3
579 637 1
533 591 3
556 613 3
556 615 3
557 615 3
559 618 3
562 621 2
567 625 3
569 628 3
572 630 3
581 582 3
590 591 3
534 591 3
534 592 1
535 592 1
536 594 2
537 594 2
537 596 1
599 600 3
546 604 3
548 606 3
549 608 3
556 614 3
558 615 3
617 618 3
618 619 3
563 621 3
624 625 3
573 630 3
578 636 3
525 582 3
530 588 3
543 601 3
544 601 3
544 602 3
545 602 3
547 606 3
548 607 3
549 607 3
551 609 3
552 610 3
613 614 3
564 621 1
564 622 1
625 626 3
569 627 3
571 629 3
573 631 3
573 632 3
574 632 3
632 633 3
576 634 3
577 635 3
636 637 3
530 589 3
535 594 0
601 602 3
545 603 3
546 603 3
547 604 3
607 608 3
609 610 3
554 612 3
564 624 3
626 627 3
627 628 3
628 629 3
629 630 3
630 631 3
633 634 3
578 635 3
525 583 3
526 583 3
588 589 3
598 599 3
602 603 3
612 613 3
634 635 3
587 588 3
591 592 1
596 598 3
600 601 3
603 604 3
547 605 3
608 609 3
610 611 3
553 612 3
615 616 3
562 619 3
631 632 3
527 585 3
528 644 1
594 596 1
604 605 3
605 606 3
606 607 3
611 612 3
621 622 3
635 636 3
587 644 3
614 615 3
582 583 3
526 585 3
528 585 3
619 621 3
622 624 0
585 644 3
583 585 3
615 673 3
616 673 2
598 656 3
599 656 3
613 670 3
621 679 2
637 695 3
592 649 0
594 653 3
596 653 2
596 655 2
598 655 3
599 657 3
600 657 3
612 670 3
613 671 3
621 678 2
636 695 3
656 657 3
614 671 3
619 678 3
622 625 0
581 638 3
581 639 3
591 649 2
655 656 3
670 671 3
580 638 3
582 639 3
583 641 3
585 641 3
585 643 3
596 654 2
654 655 3
605 663 3
606 663 3
609 667 3
622 680 2
622 681 2
630 688 3
636 694 3
600 658 3
601 658 3
601 659 3
601 660 3
602 660 3
602 661 3
603 661 3
604 661 3
604 663 3
606 664 3
608 666 3
609 666 3
614 672 3
615 672 2
618 676 3
678 679 3
621 680 2
631 690 3
635 694 3
589 647 1
591 648 3
653 654 3
657 658 3
658 659 3
659 660 3
604 662 3
663 664 3
607 664 3
671 672 3
617 675 3
617 676 3
679 680 3
625 683 1
628 686 3
629 686 3
632 690 3
590 647 1
590 648 3
594 652 3
660 661 3
661 662 3
662 663 3
607 666 3
666 667 3
609 668 3
610 668 3
611 669 3
616 675 3
619 677 3
680 681 3
622 683 2
626 683 1
626 685 3
627 685 3
629 688 3
631 688 3
631 689 3
635 693 3
694 695 3
638 639 3
667 668 3
668 669 3
618 677 3
685 686 3
689 690 3
633 690 3
633 691 3
634 691 3
634 692 3
634 693 3
693 694 3
587 646 3
588 646 3
647 648 0
652 653 3
607 665 3
612 669 3
675 676 3
676 677 3
677 678 3
626 684 1
692 693 3
643 644 2
589 646 3
648 649 3
535 652 2
664 665 3
622 682 2
683 684 3
684 685 0
691 692 3
582 641 3
644 646 2
665 666 3
669 670 3
681 682 3
688 689 3
690 691 3
582 698 3
592 652 2
682 683 3
639 698 3
592 709 2
592 708 2
652 709 3
673 675 3
686 688 3
649 708 3
672 673 3
684 744 3
685 744 1
686 744 1
641 698 3
708 709 3
641 643 3
648 706 1
641 700 1
643 700 1
646 647 1
647 706 3
649 707 3
743 744 3
690 750 3
647 705 2
707 708 3
655 714 3
656 714 3
684 743 3
706 707 3
686 745 1
688 745 1
643 702 3
644 702 2
648 707 1
670 729 3
692 750 3
693 750 3
654 712 3
655 712 3
671 729 3
675 733 3
689 747 1
691 750 3
657 715 3
659 718 3
660 718 3
666 724 3
676 733 2
679 737 3
681 739 3
688 747 1
646 702 2
657 714 3
667 724 3
668 727 3
669 727 3
672 729 3
676 734 2
678 736 3
680 739 3
690 747 1
693 752 3
694 752 3
639 697 3
643 701 3
714 715 3
658 715 3
659 717 3
661 720 3
662 720 3
664 721 3
664 723 3
665 723 3
672 730 3
677 734 2
677 736 3
683 741 3
693 751 3
695 752 3
638 696 3
697 698 3
698 700 1
700 701 0
646 705 1
658 716 3
658 717 3
661 718 3
663 721 3
668 726 3
670 727 3
670 728 3
729 730 3
673 730 3
733 734 3
678 737 3
680 737 3
680 738 3
682 740 3
682 741 3
684 742 3
744 745 3
688 746 1
750 751 3
695 753 3
696 697 3
701 702 3
646 703 2
715 716 3
717 718 3
662 721 3
666 723 3
728 729 3
677 735 2
738 739 3
681 740 3
741 742 3
742 743 3
745 746 3
746 747 3
751 752 3
752 753 3
702 703 3
703 705 1
716 717 3
721 723 3
667 726 3
727 728 3
675 732 3
734 735 3
736 737 3
737 738 3
740 741 3
705 706 3
653 712 3
673 731 3
673 732 3
720 721 3
724 725 3
667 725 3
726 727 3
730 731 3
732 733 3
735 736 3
739 740 3
690 748 1
652 710 3
653 710 3
653 769 3
731 732 3
747 748 3
748 750 0
712 769 3
718 720 3
723 724 3
725 726 3
710 769 3
698 757 2
700 757 0
709 710 3
746 804 3
749 750 0
703 761 2
703 762 2
748 749 3
705 762 3
747 804 3
702 761 1
761 762 3
750 808 1
751 808 1
709 767 3
710 767 3
720 778 3
745 803 3
749 808 1
701 759 1
708 766 3
709 766 3
717 775 3
718 777 3
720 777 3
721 780 3
733 791 3
739 797 3
740 797 3
751 809 1
756 757 3
702 759 1
702 760 1
714 772 3
723 780 3
723 782 3
724 782 3
726 784 3
732 790 3
732 791 3
752 809 1
760 761 3
655 772 3
718 775 3
728 786 3
729 786 3
730 789 3
731 789 3
731 790 3
741 799 3
698 756 3
766 767 3
727 785 3
739 796 3
740 799 3
742 799 3
748 806 3
769 770 3
712 770 3
712 771 3
655 771 3
715 772 3
716 774 3
717 774 3
777 778 3
721 778 3
725 783 3
725 784 3
727 786 3
729 788 3
730 788 3
734 791 3
735 794 3
736 794 3
737 795 3
738 795 3
738 796 3
743 801 3
744 801 2
744 802 2
744 803 3
804 805 3
747 805 3
748 805 3
749 806 1
749 807 1
808 809 3
752 810 1
752 811 1
753 811 1
696 754 3
697 755 3
705 763 3
771 772 3
715 773 3
715 774 3
718 776 3
721 779 3
723 781 3
724 783 3
727 784 3
734 792 3
735 792 3
736 795 3
797 798 3
740 798 3
802 803 3
745 804 3
806 807 3
807 808 3
809 810 3
754 755 3
755 756 3
759 760 3
762 763 3
706 763 3
770 771 3
772 773 3
776 777 3
778 779 3
779 780 3
780 781 3
781 782 3
782 783 3
789 790 3
790 791 3
735 793 3
795 796 3
798 799 3
810 811 3
707 766 3
773 774 3
774 775 3
775 776 3
784 785 3
785 786 3
791 792 3
794 795 3
796 797 3
742 800 3
783 784 3
792 793 3
799 800 3
803 804 3
805 806 3
706 764 3
707 764 3
786 788 3
788 789 3
793 794 3
700 759 2
767 769 3
743 800 3
764 766 3
800 801 3
801 802 3
763 764 3
767 824 3
809 867 3
764 823 3
766 823 3
766 824 3
808 866 3
809 866 3
700 816 2
767 826 3
769 826 3
759 816 3
824 826 3
866 867 3
756 814 1
757 816 2
757 814 3
771 829 3
782 840 3
783 840 3
804 862 3
770 829 3
772 829 3
779 837 3
784 843 3
785 843 3
799 857 3
800 857 3
803 862 3
807 866 3
759 817 3
760 817 3
778 837 3
801 859 3
824 825 3
825 826 3
774 832 3
788 845 3
805 862 3
773 832 3
775 832 3
776 834 3
777 834 3
780 837 3
784 842 3
786 845 3
795 853 2
798 856 2
807 865 3
757 815 2
778 836 3
781 839 3
783 842 3
842 843 3
794 852 3
799 856 2
802 861 3
803 861 3
806 865 3
865 866 3
810 867 3
815 816 3
823 824 3
773 831 3
775 834 3
777 836 3
836 837 3
789 847 3
790 849 3
791 849 3
793 852 3
796 854 2
798 855 2
857 858 3
800 858 3
801 858 3
810 868 3
811 869 3
754 812 1
755 812 1
755 814 1
816 817 3
760 818 3
761 819 3
762 819 3
763 821 3
764 821 3
764 822 3
769 827 3
770 828 3
828 829 3
772 830 3
773 830 3
831 832 3
777 835 3
780 838 3
781 838 3
782 839 3
788 847 3
790 848 3
792 850 3
793 850 3
793 851 3
796 853 2
796 855 2
797 855 2
858 859 3
802 860 3
805 863 3
806 864 3
867 868 3
810 869 3
755 813 1
818 819 3
762 821 3
822 823 3
826 827 3
827 828 3
829 830 3
786 844 3
788 846 3
792 849 3
850 851 3
852 853 3
801 860 3
860 861 3
862 863 3
863 864 3
813 814 3
814 815 3
817 818 3
834 835 3
835 836 3
838 839 3
839 840 3
840 841 3
783 841 3
841 842 3
785 844 3
844 845 3
846 847 3
790 847 3
848 849 3
851 852 3
854 855 3
868 869 3
821 822 3
830 831 3
837 838 3
845 846 3
847 848 3
853 854 3
855 856 3
856 857 3
861 862 3
864 865 3
819 821 3
849 850 3
833 834 3
812 813 3
832 834 3
843 844 3
859 860 3
832 833 3
848 906 3
847 906 3
819 878 3
821 878 3
866 924 3
865 924 3
824 882 3
825 882 3
838 895 3
851 909 3
867 925 3
868 925 3
823 881 3
824 881 3
837 895 3
840 897 3
842 901 3
843 901 3
850 909 3
857 916 3
858 916 2
818 876 3
881 882 3
836 894 3
837 894 3
839 897 3
867 924 3
814 872 3
815 872 3
817 875 3
819 876 3
835 894 3
846 904 3
847 904 3
818 875 3
819 877 3
822 881 3
833 892 3
834 892 3
838 896 3
839 896 3
845 904 3
860 918 3
862 920 3
868 926 3
812 871 3
813 871 3
814 871 3
876 877 3
844 902 3
849 908 3
850 908 3
852 911 3
853 911 3
861 918 3
863 920 3
869 926 3
812 870 3
816 874 3
877 878 3
821 879 3
822 880 3
825 883 3
826 884 3
827 885 3
828 886 3
829 886 3
829 888 3
830 888 3
831 889 3
832 890 3
833 890 3
833 891 3
834 893 3
835 893 3
894 895 3
840 898 3
841 900 3
842 900 3
844 901 3
845 903 3
849 906 3
852 910 3
854 912 3
855 914 3
856 914 3
856 915 3
857 915 2
858 917 3
859 917 3
861 919 3
862 919 3
864 922 3
865 923 3
869 927 3
870 871 3
871 872 3
874 875 3
878 879 3
879 880 3
880 881 3
882 883 3
883 884 3
884 885 3
828 885 3
829 887 3
888 889 3
889 890 3
890 891 3
893 894 3
895 896 3
896 897 3
897 898 3
900 901 3
901 902 3
902 903 3
903 904 3
849 907 3
908 909 3
851 910 3
853 912 3
915 916 3
917 918 3
863 921 3
863 922 3
922 923 3
886 887 3
887 888 3
891 892 3
841 898 3
907 908 3
910 911 3
919 920 3
920 921 3
921 922 3
923 924 3
924 925 3
925 926 3
926 927 3
815 874 3
875 876 3
906 907 3
911 912 3
914 915 3
916 917 3
918 919 3
872 874 3
885 886 3
892 893 3
909 910 3
898 900 3
904 906 3
855 912 3
906 963 3
912 914 3
872 931 3
898 957 3
904 963 3
874 931 3
900 957 3
886 945 3
912 971 3
887 945 3
896 955 3
897 955 3
909 967 3
914 971 3
893 951 3
898 955 3
908 967 3
917 976 3
918 976 3
872 930 3
888 946 3
889 946 3
930 931 3
876 934 3
877 934 3
889 947 3
912 970 3
924 983 3
879 937 3
884 943 3
885 943 3
946 947 3
890 947 3
892 951 3
894 951 3
904 962 3
970 971 3
925 983 3
927 985 3
871 930 3
880 937 3
915 973 3
924 982 3
926 985 3
874 932 3
874 933 3
875 933 3
885 944 3
886 944 3
887 946 3
890 949 3
894 952 3
903 962 3
908 966 3
910 968 3
911 969 3
914 972 3
915 972 3
916 973 3
918 977 3
919 977 3
920 978 3
923 982 3
925 984 3
926 984 3
870 928 3
871 929 3
931 932 3
932 933 3
876 933 3
877 935 3
878 936 3
880 938 3
881 938 3
883 941 3
884 942 3
944 945 3
947 949 3
895 952 3
895 953 3
895 954 3
896 954 3
898 956 3
900 958 3
900 959 3
901 959 3
902 960 3
902 961 3
903 961 3
907 965 3
907 966 3
968 969 3
912 969 3
919 978 3
922 980 3
923 981 3
928 929 3
929 930 3
934 935 3
935 936 3
936 937 3
937 938 3
881 939 3
882 939 3
941 942 3
891 950 3
892 950 3
953 954 3
955 956 3
956 957 3
959 960 3
961 962 3
906 965 3
966 967 3
969 970 3
916 974 3
976 977 3
920 979 3
921 979 3
921 980 3
980 981 3
981 982 3
982 983 3
983 984 3
933 934 3
882 941 3
942 943 3
943 944 3
891 949 3
950 951 3
951 952 3
954 955 3
962 963 3
965 966 3
967 968 3
971 972 3
972 973 3
917 974 3
984 985 3
938 939 3
945 946 3
952 953 3
957 958 3
958 959 3
973 974 3
917 975 3
975 976 3
978 979 3
960 961 3
977 978 3
939 941 3
906 1022 3
963 1022 3
965 1022 3
979 980 3
949 950 3
974 975 3
950 1007 3
949 1007 3
950 1008 3
951 1008 3
974 1032 3
975 1034 3
976 1034 3
930 988 3
931 988 3
941 998 3
968 1026 3
973 1032 3
939 998 3
949 1006 3
1007 1008 3
951 1009 3
975 1033 3
946 1005 3
947 1006 3
1006 1007 3
1008 1009 3
956 1014 3
960 1018 3
961 1019 3
969 1026 3
970 1028 3
931 989 3
952 1010 3
954 1012 3
957 1014 3
961 1018 3
963 1021 3
966 1024 3
971 1028 3
972 1030 3
974 1033 3
985 1043 3
932 989 3
933 991 3
934 991 3
947 1005 3
953 1012 3
955 1012 3
962 1021 3
965 1024 3
967 1024 3
967 1026 3
969 1028 3
971 1030 3
977 1035 3
978 1035 3
979 1037 3
981 1038 3
984 1043 3
932 990 3
934 992 3
935 992 3
938 997 3
939 997 3
941 1000 3
942 1000 3
945 1003 3
1005 1006 3
951 1010 3
953 1011 3
957 1015 3
1018 1019 3
973 1030 3
973 1031 3
978 1036 3
979 1036 3
980 1037 3
980 1038 3
982 1040 3
983 1041 3
928 986 3
929 987 3
988 989 3
935 993 3
936 994 3
937 995 3
937 996 3
938 996 3
943 1001 3
944 1002 3
944 1003 3
946 1003 3
952 1011 3
955 1013 3
1014 1015 3
958 1015 3
958 1016 3
959 1017 3
959 1018 3
962 1020 3
967 1025 3
969 1027 3
971 1029 2
1031 1032 3
1036 1037 3
1038 1039 3
981 1039 3
981 1040 3
1040 1041 3
984 1041 3
984 1042 3
986 987 3
987 988 3
989 990 3
933 990 3
991 992 3
992 993 3
993 994 3
994 995 3
995 996 3
996 997 3
941 999 3
1000 1001 3
1001 1002 3
1002 1003 3
1009 1010 3
1011 1012 3
1012 1013 3
956 1013 3
1016 1017 3
961 1020 3
1025 1026 3
1026 1027 3
1029 1030 3
1033 1034 3
1034 1035 3
1035 1036 3
1039 1040 3
1042 1043 3
990 991 3
999 1000 3
1010 1011 3
1013 1014 3
1015 1016 3
1020 1021 3
1024 1025 3
1027 1028 3
1028 1029 3
1030 1031 3
997 998 3
998 999 3
1017 1018 3
1032 1033 3
1041 1042 3
1019 1020 3
1021 1022 3
1037 1038 3
