-0.00569409 0.0275791 14.1464
-0.00781341 0.0424778 13.6601
-0.00648298 0.0456628 13.4625
-0.00708783 0.0172088 13.99
-0.00784152 0.00704896 14.2535
-0.0097755 0.0074947 14.4193
-0.00690395 0.0122718 14.0862
-0.0243493 0.0464641 16.132
0.0120399 0.0302981 9.75527
0.0507613 -0.00903511 3.31131
0.0464617 -0.0373555 4.59975
0.0374461 -0.0170597 6.95012
-0.258682 0.0435636 80.2597
0.184431 0.334821 -41.2349
0.0505666 0.0158657 -13.6667
0.669148 0.0397135 -214.394
-0.109089 -0.0884651 54.9704
-0.0982001 -0.228989 51.9003
-0.0173453 -0.125145 18.4012
-0.0700249 -0.0925239 38.9473
0.0242449 -0.111897 0.991238
0.000779936 -0.0982422 12.257
-0.00475353 -0.107955 14.7258
-0.0155664 -0.086886 19.8952
-0.0227178 -0.0610835 22.7875
-0.0209263 -0.321295 22.3231
-0.0271127 -0.47336 28.3048
-0.0195859 -0.0689157 21.9759
-0.00459214 0.213899 10.6192
-0.016826 -0.0720601 19.8643
-0.0146734 -0.0632606 18.5277
-0.0243251 -0.335529 28.1203
0.0344857 -0.0811011 -15.9821
-0.0108206 -0.326162 19.6069
0.00600954 -0.0586324 3.87773
0.00172673 -0.0378999 7.0407
-0.0222498 -0.0399588 25.7033
0.145016 0.0300674 -103.381
0.605469 -0.339844 -483.316
0.0269441 -0.896902 -3.99604
-0.00988388 0.00955629 11.2286
0.0272728 -0.0473901 199.909
0.0343352 -0.0459472 -25.7364
0.0603668 -0.0722165 -49.2311
0.0750929 -0.0736764 -63.3179
0.048514 -0.119109 -37.0102
0.0747154 -0.0832083 -62.1324
-0.633602 -0.142732 668.245
0.0934905 -0.0880386 -84.8502
0.0957395 -0.0427032 -88.2839
0.0581053 -0.0735335 -47.5226
0.0362705 -0.0440872 -28.6679
-0.12708 0.0172197 150.081
0 0.0669936 3.64604
-0.0170268 0.0761564 25.9113
-0.00200532 0.0693091 7.83788
0.0521266 -0.0106863 -54.8949
0.050105 -0.00621012 -52.4589
-0.00349881 0.0331887 13.8754
-0.0107209 0.0393352 13.9325
-0.0164113 0.030948 14.34
-0.0145422 0.0210415 14.2216
-0.00159647 0.0158066 13.442
-0.00796301 0.0259355 13.7679
-0.00479766 0.0273762 13.3689
-0.00325906 0.0278809 13.2867
0.0115418 0.0290256 10.2815
0.0276229 0.0107021 7.75794
0.0123471 -0.00545363 11.4389
0.0175752 -0.0414486 12.0575
-0.23436 0.0574326 73.0911
-0.473609 0.056232 140.487
0.0460277 0.0134869 -12.2764
0.0592274 0.00689344 -15.9229
0.0652653 0.00538674 -17.9149
0.0243759 -0.103169 1.27327
0.0111695 -0.100004 5.79665
0.0128008 -0.0969672 5.25135
0.397515 -0.0485803 -164.014
0.026345 -0.109878 0.0863559
0.0132747 -0.111219 6.62657
-0.0289479 -0.106613 28.5476
-0.00375014 -0.119548 15.2632
-0.0196448 -0.0675591 21.5381
-0.0115076 -0.0681265 16.7395
0.0293563 -0.115877 -5.66131
-0.0354722 -0.0727798 32.8509
0.0141046 -0.121439 4.2625
-0.0224555 -0.067751 23.2015
-0.167619 0.506065 119.701
0.107496 0.0744955 -67.8162
0.0230671 -0.051183 -8.63305
0.0489461 -0.0262516 -27.6146
0.0818862 -0.0241886 -51.601
0.0627782 -0.0497242 -34.7363
0.0584154 -0.27646 -24.2929
-0.00880593 -0.161635 25.0568
-0.00341173 -0.0149212 7.59187
-0.0111379 0.0135002 12.3053
0.00691792 -0.00988904 -2.14524
0.135928 0.144591 -127.686
0.0350588 -0.0145253 -17.8282
0.0414088 -0.062053 -31.5167
0.0276841 -0.0758697 -17.5422
0.0103445 -0.140642 0.781453
0.0779963 -0.0923619 -69.1014
0.129035 -0.0959384 -121.557
0.129404 -0.0592486 -123.3
0.0622042 -0.0114796 -57.7705
0.0486302 0.0135422 -44.2198
-0.0188471 0.000839897 24.4638
-0.120021 0.683932 119.021
0.0303883 -0.0459364 -27.7679
-0.0123122 0.0559177 20.5006
0.0461397 -0.0155357 -47.2825
0 -0.215844 16.4627
-0.0103723 0.0336228 13.7941
-0.0112231 0.0323407 14.0302
-0.0210502 0.0381332 14.263
-0.0194142 0.0370826 13.9906
0.00677809 0.0193479 12.6298
-0.0024303 0.0293809 13.2886
-0.0118436 0.0243591 14.7265
-0.000567241 0.0288313 12.7478
-0.00091209 0.0289283 12.7719
0.00742163 0.011469 12.1488
-0.0215024 -0.00143253 18.9302
-0.0150185 -0.0161692 18.0587
-0.0288266 0.0189365 19.6474
0.00718001 -0.00881573 11.7347
0.0450528 0.0136505 -11.9939
0.0458612 -0.00646526 -11.1095
-0.0296643 -0.245132 35.6598
-0.00285618 -0.0231889 9.68812
0.0338343 -0.0696774 -4.82584
-0.0235269 0.00899787 13.1791
0.0258643 -0.0705393 -1.75662
0.0119573 -0.0837353 5.32239
0.0118238 -0.0983091 6.17484
0.288166 -0.141764 -131.666
6.03142e-05 -0.0790732 11.634
-0.0136678 -0.0902262 19.6018
-0.0161661 -0.08009 20.0656
0.0163604 -0.117241 2.64155
0.024454 -0.121098 -2.17443
-0.0306072 -0.0840227 29.9488
-0.00423739 -0.139456 16.8889
-0.00370394 -0.0445641 9.92598
0.0226005 -0.0484955 -8.09491
0.0473105 -0.0546753 -25.8383
0.077747 -0.0245495 -49.1396
0.0860995 -0.00834856 -55.616
0.0673736 -0.0476679 -38.4917
0.0322089 -0.150734 -8.5889
-0.0569957 0.0161521 51.353
-0.028168 0.00854416 27.1384
-0.034284 0.00432849 32.8423
0.00603757 -0.00510239 -2.15627
0.0075325 -0.030696 -2.60507
-0.0512283 -0.0151789 47.8133
0.0367256 -0.0562412 -26.6562
0.0020905 -0.120415 10.1063
0.0401283 -0.0767621 -31.2351
0.109264 0.035909 -108.129
0.0694559 -0.0402612 -62.4146
0.011203 -0.0131311 -2.89168
0.0194184 -0.0503857 -10.3146
-0.01568 0.0043047 21.5788
0.0510763 -0.000958338 -54.3155
-0.00865573 -0.461091 41.3986
0.290419 0.448473 -357.102
0.00352402 0.0563345 1.60662
0.0769022 -0.0623054 -82.1454
0.0654025 -0.00703277 -71.23
-0.00685531 0.0179676 14.7913
-0.00759401 0.0190703 14.8809
-0.0179867 0.0238261 14.8746
-0.0268723 0.028085 15.1867
-0.00272748 0.0178886 13.5705
0.00330766 0.0141122 13.5277
-0.00860784 0.0115098 14.8958
0.000340177 0.0189407 13.2147
-0.00170734 0.0149616 13.7397
-0.0053676 0.0115726 14.6994
-0.0217293 -0.00392238 19.2315
-0.0315801 -0.00442344 21.344
-0.0111109 0.00407837 15.571
-0.390337 0.209548 110.014
0.0478104 0.0138067 -12.8866
0.0128756 0.0294327 -2.09014
0.0143424 0.0150274 -1.17763
0.0125685 -0.0285654 1.80981
0 0 -1
0.00329917 -0.0185523 4.75838
0.0119102 -0.0391325 2.60826
-0.0137454 -0.0240836 12.7491
0.00981961 -0.0610285 4.09244
0.0300573 -0.0300765 -8.64623
-0.0144821 -0.0908224 19.9302
-0.0164271 -0.0739692 19.2418
-0.0259415 -0.0822879 25.3819
-0.0220293 -0.0947219 24.6933
-0.00987417 -0.0565944 14.2821
-0.00989571 -0.0753235 16.4979
-0.0297645 -0.0603909 27.3299
0.005771 -0.0357423 2.49438
0.00459359 -0.0470594 3.93222
0.0239424 -0.0582932 -8.48088
0.123892 -0.0309353 -83.1828
0.0520766 0.0194024 -31.1806
-0.011497 0.00933736 18.378
-0.0323286 -0.0209457 32.8941
-0.0433656 0.0222229 39.4283
-0.0442598 0.0198401 40.498
-0.0173608 -0.0295577 20.5067
-0.0106467 -0.0434286 15.6104
-0.0112671 -0.00379301 13.2276
0.0190844 -0.0256316 -12.3442
0.0156456 -0.0596372 -7.05122
0.0133468 -0.0532324 -5.35284
0.0773499 0.0274611 -76.0314
0.0750705 0.0665144 -74.4398
0.0233041 0.0102392 -16.7983
-0.00820777 0.0089356 16.6483
-0.0337023 0.0301027 42.5381
-0.089388 0.07773 99.6351
0.0186177 0.0250837 -19.95
0.0241169 -0.0281567 -22.4802
0.014536 0.0307402 -15.8996
0.00446053 0.0718813 -7.63913
0.0230562 -0.0184391 -22.7503
0.0795773 -0.0546433 -86.3032
-0.000143418 0.00469949 15.6987
0.00262893 0.00731508 15.4533
-0.0118942 0.0165661 15.1963
-0.02971 0.0228469 15.7683
-9.00915e-06 0.0310062 12.1571
0.014984 0.0284536 10.5716
-0.00224561 0.0493382 10.2715
-0.000913593 0.0158518 13.5773
0.00646846 0.0181816 11.8568
-0.0115287 0.00678172 16.376
-0.0220145 0.00743737 18.297
-0.0245894 0.00542097 18.7585
-0.0201762 0.0119719 17.1837
-0.0068675 0.00328536 14.5027
0.00059898 0.0325836 1.62009
-0.0099574 0.00350866 7.9867
-0.00227 0.00920697 4.72961
0 0 -1
-0.00279637 0.00193926 5.57978
0 0 -1
0.00989321 -0.00747216 1.29091
-0.0123339 -0.0186912 12.0619
0.0144148 -0.0271433 -0.578885
0.0269024 -0.0464902 -4.25415
-0.00375469 -0.034083 9.21592
-0.0188874 -0.0339111 17.8193
-0.00295575 -0.0184474 5.96275
-0.016158 -0.0501047 17.6894
-0.0118184 -0.0448444 14.6
-0.0047184 -0.0388174 9.88375
0.0089342 -0.0186239 -0.941376
0.014485 -0.0117307 -5.08027
-0.0111716 -0.00964873 12.3962
-0.015944 -0.029437 17.6898
0.0214249 0.0274171 -8.34697
0.0170931 0.0272047 -4.99552
0.00868729 0.0323346 1.05612
-0.00264444 0.0223315 11.1585
-0.0145185 0.0220205 20.8608
-0.0232833 -0.0164686 23.9054
0.000723736 -0.239615 22.1848
-0.00234498 -0.00696108 4.74203
0.00405653 -0.0092244 -1.05091
0.00873213 -0.0143576 -4.56629
0.0416063 0.0122693 -38.7458
0.0749462 0.0512041 -74.1498
0.0546314 0.0473831 -51.0727
0.0199287 0.0333295 -14.8964
0.00257601 0.0165419 4.49709
-0.00459447 0.0112148 12.612
-0.00989254 0.028623 16.7014
-0.0224422 0.0231073 30.9745
-0.0619904 0.0906793 67.1727
-0.0110536 0.155396 2.00316
0.0385316 0.0141883 -41.2559
0.0243235 0.053661 -29.7979
0.0453236 0.0423697 -53.5908
0.0729193 0.00790556 -83.6289
0.00264351 0.00895084 15.1264
0.00608875 0.0149917 14.4565
-0.00462108 0.0212521 14.2551
-0.0178261 0.018773 15.325
-0.0060064 0.0249285 13.5542
-0.00787961 0.0332076 12.9075
-0.0148716 0.0257073 14.7952
-0.016196 0.0161201 15.9923
0.00179267 0.0139334 12.9426
-0.0137831 0.0251193 14.5822
-0.0126216 0.0106038 16.1051
-0.0265684 0.0249713 17.6686
-0.0199542 0.027202 15.5362
-0.0126099 0.0260051 13.6798
-0.00331457 0.0185157 4.1629
-0.00440896 0.0167106 4.74925
-0.00292838 0.024805 3.22826
-0.00437079 0.0126295 5.12483
-0.00365544 0.0115535 4.88671
-0.00379136 0.00530806 5.70763
-0.0131499 0.00778611 9.59116
-0.000675245 -0.0321186 7.20235
-0.00499426 -0.0153522 7.0612
-0.0139943 -0.0229078 12.9295
-0.0169565 -0.024055 15.2609
-0.0232055 -0.0130185 17.1391
-0.00991069 -0.0221213 10.5016
0.000916445 -0.0254852 4.49573
0.00995065 -0.0216449 -1.08177
0 0 -1
0.0126739 -0.013497 -3.71757
0.0180133 -0.0108434 -7.51662
-0.0144719 0.0195917 11.6199
0.0043258 0.100905 -12.2383
0.0798126 0.0169257 -50.3877
0.00901787 0.0088743 3.8826
-0.00319413 0.0287544 10.8406
-0.00605232 0.0136428 14.7878
0.0159795 0.0288102 -14.6432
0.0132058 0.0287432 -12.7668
-0.000848565 0.00989273 1.2462
-0.00684997 0.0151028 6.4232
0.00222313 0.00768421 -0.448527
0.0144208 0.00942857 -12.5797
0.0847322 0.0468766 -82.1749
0.100307 0.0584103 -98.3967
0.029847 0.022262 -23.7707
0.00900157 0.0165364 -1.9233
-0.00829016 0.0156098 15.8735
-0.0030817 0.00827134 11.2669
-0.0132277 0.0179107 21.3038
-0.0270941 0.0174441 36.6317
-0.0226994 0.079617 23.5592
-0.00537699 0.0664887 5.11582
-0.00188138 0.0659946 0.994139
0.0115426 0.0482676 -13.384
0.0224193 0.00270674 -21.2162
0.00612039 -0.00929371 0.271077
0.00654788 0.0160442 14.2042
0.00979683 0.010104 15.0296
-0.00677607 0.00749013 16.2581
-0.0172143 0.00972031 16.4946
-0.00739693 0.0107793 15.4692
-0.00134196 0.014694 14.4404
-0.0114885 0.0113597 16.1946
-0.0100724 0.0250151 13.9988
-0.00800594 0.0324631 12.4586
-0.00659519 0.0338195 11.9165
-0.013952 0.035006 13.1567
-0.0110236 0.0307116 13.1257
-0.0177997 0.0320174 14.6465
-0.0192641 0.0234733 16.1355
-0.0265502 0.0271137 17.8919
-0.00455626 0.0209268 4.15534
-0.00906442 0.0136084 6.8126
-0.0106697 0.0126382 7.54514
-0.00265323 0.00963459 4.79261
0.00263246 0.0166013 1.66482
-0.0069257 0.0202527 5.53391
-0.0388419 0.033743 18.0043
-0.0358333 0.0436244 14.3195
-0.00302928 0.0130807 2.51958
-0.0163793 0.0150086 9.44846
-0.031611 -0.0111322 21.2763
-0.012863 -0.0277251 13.2192
0.000151709 -0.0136341 3.21818
0.0166707 -0.020019 -5.7451
0.0189042 -0.012145 -7.97234
0.021577 0.00220715 -11.7499
0.040774 0.0176366 -26.8262
0.0253284 0.0742156 -23.588
0.0666251 0.202628 -69.864
0.0387943 0.0368508 -22.5463
0.0160973 0.014 -2.25867
0.000169246 0.0151658 10.0174
-0.011226 0.0127129 19.2861
-0.012196 0.0248076 18.2316
-0.0103201 0.0574739 4.41248
0.0079281 0.0529341 -10.6875
-0.000302177 0.0536834 -3.17235
0.00208778 0.0451226 -4.41884
0.0457488 0.0431515 -45.0475
0.118881 0.148892 -128.05
0.0798273 0.0835492 -81.4099
0.0141537 0.0541707 -12.6293
0.0107818 0.0176665 -4.09953
-0.00627255 0.0251926 12.4259
0.00191811 0.022363 4.00555
-0.00754137 0.0155991 15.3847
-0.0309265 0.0171041 41.0237
-0.0394639 0.0356792 48.2151
-0.0255032 0.0349648 32.2898
-0.0182782 0.0380287 23.3691
-0.00725687 0.0256695 11.8171
-0.00155015 0.00279132 8.13187
-0.0192978 -0.00511414 31.0327
-0.00740716 0.0223864 13.437
-0.00995875 0.0132584 14.9995
0.00155952 -0.0018017 17.0327
-0.00189638 0.0109205 15.1413
-0.00625044 0.00716666 16.0351
-0.00928173 0.00726152 16.3434
-0.00554262 0.0109683 15.1771
-0.000307421 0.0144862 13.8125
0.00140321 0.031744 10.7923
-0.00664869 0.0412122 10.8942
-0.0232554 0.0403954 14.7466
-0.0233031 0.0246328 17.0051
-0.0232638 0.0157996 18.4593
-0.0151868 0.0282837 14.2082
-0.0321449 0.0301612 19.1482
-0.0364117 0.0408662 18.4428
-0.0130734 0.0222467 6.91515
-0.011695 0.0131966 7.88151
-0.000760662 0.0230437 1.94511
0.00249435 0.0272936 0.00323919
-0.00623909 0.0218666 4.72785
-0.0215505 0.0314268 10.2112
-0.0349631 0.064167 11.1838
-0.0220145 0.0565469 5.95236
-0.0289862 0.0493179 10.7878
-0.0452735 0.0289729 22.806
-0.0170725 -0.0176338 14.059
-0.00642486 -0.019412 8.09475
0.0187583 -0.000854408 -9.71957
0.0335229 0.0343388 -24.6779
0.0403869 0.0668813 -34.2063
0.0128473 0.0318382 -10.173
-0.114342 -0.0292766 99.4743
-0.00794133 0.0758937 5.38557
0.00762159 0.0309347 1.38501
0.0122473 0.0162033 0.264817
0.0016811 0.016734 8.46212
-0.00784154 0.0193004 15.4652
-0.0064028 0.0312291 12.2589
0.007358 0.0692176 -5.48865
0.00696191 0.0996699 -9.99918
0.0169556 0.0982411 -18.594
0.00456533 0.173572 -20.1102
-0.0100271 0.0350011 16.0574
-0.021328 0.078923 19.234
-0.0237218 0.0604763 24.4327
-0.032915 0.0444207 36.2003
-0.0122614 0.0319808 17.1385
-0.00708384 0.0215781 13.8741
-0.0162743 0.0132862 24.8038
-0.0120348 -0.00440432 23.0797
-0.022671 0.0173435 31.3742
-0.020335 0.0192803 28.7548
-0.00471744 0.0416693 7.20295
-0.0182758 0.0517157 21.0387
-0.024706 0.0331325 31.5257
-0.0234177 -0.00142686 35.4081
-0.0222353 -0.000791397 33.9889
-0.0120733 0.0196731 14.0054
-0.0130368 0.0230839 13.4061
-0.0141989 0.0134478 15.0211
-0.000882842 0.00148126 16.5903
-0.00173093 0.0013539 16.5553
0.00149626 0.0101329 14.587
0.00638051 0.0464809 7.34965
0 0 -1
-0.00385186 0.0449587 9.43975
0.00260896 0.0284644 11.1586
-0.0259656 0.0246667 18.0423
-0.0286918 0.0236603 18.6098
-0.0167776 0.0243979 15.2682
-0.00826543 0.0493134 8.38961
-0.0234432 0.0460944 13.4521
-0.0224658 0.0489066 12.1456
0.00846299 0.0870068 -5.24349
-0.0056323 0.0137761 5.44398
0.0173439 0.0594106 -11.7044
-0.0255439 0.134016 -6.97206
-0.00221709 0.0645885 -4.53427
-0.0231048 0.185264 -16.5096
-0.0276216 0.0967754 1.77926
-0.0367133 0.114007 3.52961
-0.0249721 0.136778 -7.16094
-0.0501726 0.15136 3.34685
-0.0353723 0.12311 0.225494
-0.0102635 0.0166978 4.67462
0.0393457 0.0540133 -31.2891
0.0866771 0.165849 -81.2498
0.069999 0.200113 -76.9957
0.0105367 0.0857794 -17.6142
0.0341996 0.0143271 -21.4349
-0.00328798 0.05875 4.61974
-0.0153536 0.061885 12.7762
0.0153867 0.0371364 -6.1463
0.0129069 0.0366967 -4.04413
0.00312364 0.0466753 1.73285
0.0179907 0.0769047 -15.9808
0.0296922 0.107998 -31.6864
0.0261429 0.136988 -33.8508
0.0553138 0.184087 -68.044
0.0363479 0.188889 -51.8145
0.027032 0.284248 -61.2917
-0.028904 0.0757476 26.9955
-0.058825 0.106854 50.5672
-0.0351881 0.0408719 38.9605
-0.0148233 0.0249346 21.1724
0.0462368 0.166511 -55.6712
-0.00723105 0.0287632 12.5909
0.0101563 0.160139 -15.327
-0.0109152 0.469991 -50.9237
-0.0197439 0.697478 -83.53
-0.0266421 0.686285 -73.5226
-0.0171117 0.701111 -87.5017
0.0814138 0.867104 -235.271
0.037193 0.730554 -157.053
-0.0429779 0.637904 -42.1752
-0.0105028 0.00741996 16.4301
-0.0174599 0.0116214 15.8283
-0.0218563 0.00341241 17.5566
-0.00679608 0.0023182 16.7628
0.00401839 0.0118175 13.8396
0.00550209 0.0201242 11.9272
0.0509924 0.0346154 3.27839
0.0126651 0.0567229 5.31242
-0.0370007 0.018682 21.4498
-0.0194343 0.0204687 17.1258
-0.0220066 0.0133321 19.1968
-0.0204593 0.0169511 17.8327
0.00891797 0.0340605 6.50993
0.0243702 0.0703862 -4.41047
0.00286686 0.0448537 5.74682
0.0239486 0.051198 -3.29664
0.00740745 0.110824 -6.65699
-0.0485636 0.191712 -3.97995
-0.0422476 0.239009 -17.3671
-0.019417 0.312276 -43.1126
-0.0404496 0.187851 -8.18465
-0.0434133 0.18032 -5.50906
-0.0411765 0.179621 -6.63039
-0.0212291 0.228237 -26.9159
-0.0147017 0.240263 -32.5306
-0.0257482 0.256467 -30.0436
-0.00925607 0.329938 -54.1312
-0.00336936 0.344731 -60.4953
0.0222649 0.337663 -74.7566
0.0492707 0.280438 -80.0929
0.0954167 0.18503 -90.1777
0.109918 0.21254 -105.31
0.129881 0.138797 -103.294
-0.0198605 0.102895 8.9017
-0.0275345 0.0595182 22.6793
-0.00462965 0.0780205 1.33564
0.00525319 0.0694238 -4.33809
0.0135422 0.0907286 -15.1418
0.0416483 0.136559 -47.2377
0.0469173 0.144346 -52.9647
0.0510875 0.157352 -59.2272
0.052504 0.155968 -59.9708
0.0568119 0.181468 -68.7757
0.0697677 0.169116 -78.2683
0.0463666 0.134658 -48.8581
0.0405884 0.128593 -41.8842
0.0369812 0.149389 -42.7475
0.0435861 0.131213 -45.6197
0.0438074 0.128626 -45.4184
0.0420537 0.129637 -43.7538
0.0255548 0.121899 -24.4176
0.0327992 0.112758 -30.5976
0.0196719 0.11052 -15.4291
0.0209206 0.123412 -19.5072
0.00757311 0.104665 0.024574
-0.0066526 0.135929 10.3077
-0.00637239 0.151194 6.8961
0.0212061 0.114543 -19.1314
-0.0221314 -0.00357971 18.8498
-0.0254296 -0.0131349 21.1571
-0.0134483 -0.00455424 18.6073
0.0117079 0.0204713 11.0246
0.0112246 0.025774 9.97537
0.0177491 0.0369478 6.681
0.0566976 0.0389646 1.41822
0.0101127 0.0280984 11.4877
-0.0398279 0.0170416 22.2377
-0.0328549 0.00655275 22.7265
-0.0201787 0.00771661 19.9405
0.00279252 0.0177123 11.8789
0.0593374 0.124517 -27.498
-0.0885803 0.0718738 35.5522
-0.0967775 0.140961 22.4492
-0.066578 0.079895 26.5447
-0.0619049 0.114151 16.8914
-0.0505504 0.166645 0.510311
-0.0649654 0.185061 1.99698
-0.0148589 0.234741 -30.3309
-0.0103801 0.243803 -34.6514
-0.0243138 0.227816 -24.8849
-0.00933598 0.274913 -42.5434
-0.00217204 0.295617 -50.6044
-0.0140688 0.295819 -44.3621
-0.00917942 0.312297 -50.557
0.00115102 0.316769 -57.435
0.00099889 0.318652 -57.7291
0.00793784 0.321462 -62.5726
0.0149645 0.313602 -65.3439
0.0616213 0.253564 -82.2816
0.0717636 0.216349 -80.7676
0.136777 0.134921 -107.35
0.174171 0.039522 -112.044
0.198576 -0.012043 -117.689
-0.00287865 0.085247 -1.40275
0.0183064 0.116549 -24.3234
0.0390329 0.122489 -41.9249
0.0498348 0.139686 -54.4265
0.0663774 0.137074 -67.8219
0.0541624 0.142796 -58.5931
0.054367 0.14127 -58.2288
0.0523211 0.140943 -56.2886
0.0482539 0.125859 -49.031
0.0419807 0.116292 -40.9639
0.0438134 0.109496 -41.0951
0.0398157 0.120877 -39.7367
0.0424232 0.127535 -43.8097
0.0428648 0.123865 -43.6219
0.0346519 0.122889 -34.7322
0.0299655 0.114147 -27.7299
0.0229664 0.120425 -21.56
0.027913 0.110618 -24.9222
0.0151215 0.109392 -9.97886
0.00450226 0.111311 2.1548
0.00471345 0.133121 -2.88162
0.0183219 0.119291 -16.2674
0.00769312 0.114297 -2.2171
-0.0260215 -0.00132703 18.2939
-0.0227886 -0.0117551 20.6624
0.00609747 0.0132536 13.1056
0.0504479 0.060557 -1.47756
0.0280594 0.0733177 -2.43024
0.0296645 0.0876539 -5.79015
-0.0876073 -0.0670776 69.9126
-0.0834704 -0.0987831 77.6417
-0.0964603 -0.0963521 79.2142
-0.0840972 -0.037648 61.5379
-0.0841794 -0.000282769 52.1036
-0.112342 -0.0555319 72.5372
-0.138029 -0.0652713 82.208
-0.0355158 -0.013601 39.8584
-0.0854206 0.120664 22.3722
-0.075715 0.141774 14.1745
-0.0459846 0.206835 -11.6774
-0.0356924 0.24016 -23.255
-0.0252695 0.245279 -28.6179
-0.00392864 0.295434 -49.3455
-0.00929639 0.310074 -50.7896
-0.000856195 0.29742 -51.501
0.00534975 0.320831 -60.216
-0.00260834 0.311434 -53.7681
-0.00628231 0.31473 -52.5659
0.00759747 0.324986 -62.9478
-0.00396916 0.33279 -58.4288
0.0128699 0.327469 -66.7369
0.002106 0.337261 -62.5762
0.00723806 0.331839 -64.6474
0.015456 0.311696 -65.1891
0.0187475 0.298205 -64.0772
0.0366915 0.259809 -66.9045
0.0718056 0.198341 -76.7141
0.157054 0.0325569 -98.0724
0.149685 -0.0925731 -61.3335
0.115043 -0.0828294 -36.8998
0.0549434 -0.0613916 5.30345
0.0464699 -0.0490021 9.37971
0.0729034 -0.0830582 -3.90205
0.0497679 -0.0796924 15.1968
0.0326123 -0.0304962 17.6363
0.050261 0.12925 -51.9194
0.0477037 0.10939 -44.855
0.0475689 0.106262 -43.9802
0.0484153 0.114445 -46.7931
0.0469301 0.112845 -45.0167
0.0422947 0.123605 -42.5605
0.0341058 0.143209 -39.05
0.0339589 0.139323 -37.8498
0.021446 0.125058 -20.9243
0.0220564 0.125228 -21.8506
0.018286 0.120473 -16.3613
0.0164862 0.107944 -11.2908
0.0167291 0.107808 -11.398
0.012861 0.107517 -6.81453
0.0116469 0.108234 -5.43172
0.0196575 0.0955032 -12.3417
-0.0147364 -0.00107207 18.1554
-0.0376546 0.412678 -88.5569
-0.0692904 -0.0228361 57.9296
-0.0902073 -0.0279651 60.9198
-0.0966194 -0.0377087 64.377
-0.109893 -0.0333925 64.4154
-0.0649589 -0.136015 84.9982
-0.089768 -0.110927 81.8442
-0.0931013 -0.0968782 78.6312
-0.0656353 -0.0495852 59.6949
-0.0514563 0.204149 -11.8866
-0.0607038 0.0102296 43.4276
-0.0453514 0.212808 -14.7336
-0.0552079 0.179634 -2.76411
-0.0283628 0.24859 -28.8063
-0.0191876 0.262499 -35.233
-0.00241877 0.287738 -47.593
-0.00814164 0.293234 -47.099
-0.00926471 0.30825 -50.3464
-0.00555243 0.312627 -53.0271
0.00214054 0.328203 -60.5025
-0.00486559 0.318836 -54.7507
0.00688853 0.328065 -62.7024
-0.00260462 0.325513 -57.2766
-0.00321546 0.324702 -56.8175
0.00507107 0.32805 -62.1409
0.006294 0.332093 -64.1408
0.0130584 0.342215 -70.7505
0.00487584 0.323504 -60.8253
-0.00804878 0.321663 -52.2646
0.00308335 0.327216 -60.9015
0.00231091 0.323863 -59.4122
0.00966884 0.308083 -60.2703
0.0260909 0.273495 -62.671
0.0317423 0.260889 -63.4562
0.0268272 0.228734 -50.8532
0.00513215 0.164038 -15.6943
0.0341896 -0.00479804 7.1983
0.078603 -0.0364491 -21.5128
0.0659013 -0.0923293 4.21344
0.065986 -0.185097 29.1437
0.0375117 -0.0676171 23.2727
0.0375287 -0.0297054 12.9243
0.0509512 -0.0795888 13.3622
0.0455931 0.00129667 -2.75732
0.0297243 -0.00440262 14.1308
0.0324563 -0.024527 16.8251
0.0289703 -0.0179125 18.4976
0.0184749 -0.0362251 34.3655
0.0132127 -0.0195781 35.6741
0.0231436 -0.0132939 23.0849
0.00824409 -0.0420293 47.6084
0.00237227 -0.0295301 50.4292
-0.00818399 0.000194189 54.7241
-0.000259188 0.00306685 44.9916
0.00215815 -0.0625011 60.1643
-0.00264947 -0.00752299 50.8248
-0.00311997 -0.0426286 61.2305
-0.0738412 -0.0291622 59.8908
-0.0741742 -0.0291651 59.9108
-0.077022 -0.0399046 63.1641
-0.0532137 -0.0307836 58.2467
-0.0324499 0.21382 -19.0768
-0.0200615 0.179737 -10.2035
-0.0187653 0.219804 -22.7639
-0.03112 0.209953 -18.191
-0.0243072 0.282281 -40.7774
-0.0279498 0.247568 -29.8245
-0.0180959 0.267078 -37.0208
-0.0237568 0.272307 -37.2703
-0.0164726 0.281258 -41.2714
-0.0138567 0.279615 -41.5175
-0.00323969 0.309897 -53.3332
0.00433479 0.316084 -57.7336
0.0104288 0.321814 -61.5646
-0.00272325 0.326261 -57.7584
0.00180064 0.324189 -59.093
0.000335134 0.32965 -60.1007
-0.00224147 0.325729 -57.7519
-0.00096207 0.323781 -57.73
-0.000249035 0.325402 -58.6455
0.00166337 0.324435 -59.2497
-0.00203295 0.322957 -56.9793
0.00250787 0.328794 -60.9124
-0.00609941 0.33522 -57.9855
0.00846233 0.322089 -62.6211
0.00584011 0.317399 -59.661
-0.000584716 0.321254 -56.7725
-0.00111458 0.321776 -56.5112
0.00195259 0.322018 -58.7511
0.0110909 0.317975 -63.8869
-7.6359e-05 0.314351 -55.0108
0.0104159 0.298867 -58.2716
0.016673 0.291745 -61.0157
0.0104418 0.258782 -46.5469
-9.21924e-05 0.272263 -42.0103
0.00593308 0.260403 -43.177
0.00206045 0.230005 -31.0267
-0.042437 0.290921 -10.0504
-0.0791781 0.382786 -5.53151
0.098933 0.0068928 -54.191
0.00474047 0.329917 -65.9624
0.0138727 0.290804 -63.4199
0.0325359 0.253253 -70.2774
0.0414029 0.23176 -72.759
0.0322036 0.214017 -58.3802
0.0205965 0.205468 -43.7014
0.022214 0.207845 -46.1695
0.0147218 -0.0303486 37.118
0.000871643 -0.027433 51.4316
0.000206944 0.199074 -19.7663
0.026695 0.159388 -38.6943
0.00785025 0.198974 -28.4486
0.00273929 0.204613 -24.1621
0.0176689 0.186878 -37.0068
0.04982 0.167767 -70.5487
0.00291995 0.252152 -33.6953
0.00440651 0.247997 -32.4461
0.00886529 0.228328 -26.5253
-0.0556325 0.0950607 20.4851
-0.0577979 0.183737 -7.26562
-0.0215248 0.245336 -30.2475
-0.0220915 0.242362 -29.0813
-0.017341 0.271921 -38.8754
-0.0134092 0.288264 -44.5777
-0.00860808 0.290965 -46.3027
-0.00601145 0.297721 -49.0875
0.000398355 0.299305 -51.0036
0.00449995 0.318012 -57.822
-0.00468641 0.327532 -58.1727
-0.00101062 0.320597 -57.2258
0.0094223 0.320149 -60.3751
0.00321836 0.323841 -59.325
0.00721369 0.32505 -61.3125
-0.0013318 0.330107 -59.6679
-0.00139443 0.330486 -59.7364
0.00362575 0.320537 -58.846
-0.00345513 0.327878 -57.8785
0.00477354 0.333927 -63.8124
0.000570597 0.3273 -59.5665
0.00116094 0.325096 -59.0735
-0.00010096 0.323637 -57.9775
-0.00223429 0.329956 -58.69
0.00454127 0.324075 -60.892
0.00080014 0.324999 -58.8527
0.00128716 0.324766 -59.049
0.00636968 0.333416 -65.1356
0.000438412 0.32899 -59.7482
1.76631e-06 0.325012 -58.2293
0.00284525 0.322991 -59.6709
0.00860944 0.321853 -63.5435
-0.000652995 0.332185 -59.5853
0.00371521 0.330215 -62.5323
-0.00561661 0.314887 -50.2825
0.00176615 0.299876 -51.6576
-0.00232385 0.289043 -44.8662
-0.0152477 0.294319 -35.298
-0.0185757 0.311522 -37.5554
-0.0246366 0.341848 -41.2345
-0.00526858 0.249161 -30.0846
-0.00802833 0.32649 -51.7186
0.000131284 0.300296 -51.5875
0.00982764 0.28743 -57.2141
0.0030028 0.254401 -39.6299
0.000560836 0.254595 -37.3773
-0.00704353 0.243981 -26.3844
0.011652 0.238054 -43.789
-0.016198 0.230476 -10.9651
-0.0273007 0.238079 -0.833574
-0.00432162 0.234528 -25.4993
0.00874895 0.242137 -42.8835
0.00743295 0.221244 -34.9897
-0.0093001 0.238605 -20.2253
0.011731 0.199734 -33.4956
0.00110646 0.252554 -33.8048
-0.00104173 0.25294 -33.8779
-0.00587189 0.247981 -32.0319
-0.00866863 0.253042 -33.5253
-0.013689 0.270956 -39.1896
-0.00653657 0.290941 -46.5794
-0.0076388 0.273265 -40.7675
0.000875312 0.298396 -50.1385
-0.000636944 0.309035 -53.5222
-0.0073062 0.313954 -53.688
-0.00203942 0.315981 -55.6088
0.0105345 0.324847 -61.6063
0.00202133 0.325648 -59.6116
0.000154013 0.327743 -59.7726
-0.00167394 0.320812 -56.8986
0.000898545 0.319544 -57.332
0.00176699 0.316544 -56.4739
0.00220654 0.31947 -57.6596
0.00084466 0.325193 -59.0679
0.00278069 0.328164 -60.701
0.00017795 0.322296 -57.6183
-0.00190111 0.326095 -58.0204
0.00144752 0.330153 -61.0117
0.000405623 0.331338 -60.7977
0.00841097 0.330851 -64.7551
0.000409291 0.3263 -59.0065
-0.00246235 0.327963 -58.0451
0.00270429 0.324788 -59.926
0.00818793 0.322725 -62.5328
0.000259544 0.326766 -58.9478
0.000840768 0.328807 -60.0367
0.00270079 0.332574 -62.5168
-0.00342428 0.325578 -55.8528
-0.00467342 0.325667 -55.0179
0.0037643 0.325924 -61.3277
0.0102107 0.321676 -64.6083
0.00028754 0.329283 -59.5113
-0.00656146 0.324215 -52.3834
-0.00990878 0.319009 -47.8693
-0.00624402 0.322695 -52.2885
-0.00527728 0.322288 -52.9451
-0.005908 0.323687 -52.8783
-0.0098313 0.322191 -48.7917
-0.019318 0.312643 -36.8534
-0.015235 0.314768 -41.4942
-0.0170232 0.323328 -42.4861
-0.0129992 0.31773 -44.562
0.000240969 0.28903 -48.4278
-0.00321631 0.255229 -33.7431
-0.000578916 0.256774 -37.0929
0.00146405 0.253696 -38.0151
-0.0152555 0.24699 -17.2885
-0.00668887 0.238562 -24.134
0.00229653 0.250072 -38.2886
0.00449011 0.247566 -40.065
0.00960638 0.237496 -42.7858
0.0129241 0.23416 -45.5
0.00902188 0.231501 -39.8743
0.00455379 0.253969 -34.3457
0.00495669 0.258556 -35.993
0.00830711 0.268226 -39.6379
0.000179482 0.286084 -45.3642
-0.00265393 0.291671 -46.9602
-0.00215902 0.301188 -50.5865
0.00400867 0.312872 -55.5406
0.00794756 0.311101 -55.5338
0.00401397 0.318146 -57.4245
-0.000653114 0.318344 -56.631
0.00183221 0.315373 -56.1135
0.0101969 0.313155 -57.3413
0.00118988 0.318098 -56.8042
0.00273655 0.323069 -58.9831
0.00166801 0.325104 -59.3934
3.99779e-05 0.324784 -58.7589
0.00312147 0.32288 -59.1551
-0.00119615 0.31723 -55.5198
0.00517651 0.325333 -60.8764
0.00144827 0.311228 -54.3221
0.00147622 0.306294 -52.6156
0.00340917 0.321507 -58.9106
0.000719789 0.327545 -59.7177
0.00269237 0.326004 -60.1392
0.00171369 0.311758 -54.6959
-0.00292372 0.32206 -55.776
0.0011584 0.319922 -57.3553
0.00665088 0.324539 -62.1815
0.00202022 0.323034 -58.8878
0.00163618 0.324964 -59.2916
0.00460305 0.320472 -59.6651
0.00148902 0.323692 -58.7441
0.00482435 0.316109 -58.311
0.00231388 0.322296 -58.8227
-0.00116029 0.330783 -59.2014
0.00480297 0.319285 -59.6888
9.17311e-05 0.328126 -59.0658
-0.00499921 0.326987 -54.6107
-0.00137254 0.332515 -59.4945
-0.00868992 0.340261 -56.1447
-0.00736469 0.337609 -56.2857
-0.00695216 0.331375 -54.4202
-0.0100354 0.332605 -52.0787
-0.0119885 0.328187 -48.7421
-0.020286 0.333644 -42.7519
-0.0152962 0.337072 -48.7716
-0.010115 0.337984 -54.2049
-0.0178635 0.334332 -45.0953
-0.0133248 0.322272 -45.6324
-0.00497569 0.306786 -49.2057
-0.0111966 0.294047 -37.7635
-0.00878853 0.286267 -37.9741
-0.0006692 0.288951 -47.9648
-0.00501829 0.280622 -40.0947
-0.0103325 0.289932 -37.4662
-0.00264125 0.276172 -41.557
0.0055152 0.247405 -41.127
-0.00145139 0.254459 -34.9917
0.00783045 0.258375 -35.981
0.0129836 0.265005 -38.5361
0.016717 0.282448 -45.113
0.006648 0.287485 -46.115
-0.0012241 0.277282 -41.887
0.00269272 0.298764 -50.0355
0.00440505 0.299867 -50.8436
-0.00060736 0.312597 -54.612
-0.00284698 0.293777 -47.4601
-0.00417083 0.284702 -43.9132
0.00273144 0.290814 -47.5473
-0.0030681 0.292146 -46.6051
0.00955781 0.289784 -48.924
-0.000125062 0.299077 -49.5558
-0.000589063 0.301678 -50.3535
0.00208073 0.296553 -49.3423
0.00382335 0.305021 -53.017
-0.00318414 0.29528 -46.9087
-0.000772973 0.296613 -48.2153
-0.00560109 0.280009 -40.1669
-0.00360837 0.267893 -36.5999
0.00920726 0.295119 -52.1663
0.00587801 0.305982 -54.5734
0.00643188 0.303896 -54.1504
-0.000642094 0.311442 -53.1422
-0.00866778 0.296248 -43.39
-0.00189457 0.294918 -46.6378
0.00937715 0.298329 -54.3765
0.00342815 0.318123 -57.9599
0.0018106 0.309289 -53.6895
-0.000143203 0.31524 -54.6355
0.00158409 0.303618 -51.6297
0.00483026 0.306699 -54.8879
0.00359844 0.320746 -59.1246
4.42783e-05 0.316462 -54.8899
0.00107546 0.317218 -55.9597
-0.00205215 0.305765 -49.3761
-0.00242195 0.318537 -53.662
-0.00263617 0.320451 -54.1837
-0.004943 0.33097 -55.9697
-0.00726961 0.327805 -52.8203
-0.0174305 0.318925 -40.4763
-0.0160286 0.306564 -37.2756
-0.0119006 0.318149 -45.2493
-0.0121328 0.325657 -47.737
-0.0130558 0.322361 -45.6358
-0.0163591 0.328096 -44.3805
-0.0194981 0.328655 -41.3656
-0.0185854 0.316026 -37.755
-0.0144178 0.318496 -43.0295
-0.0172627 0.290027 -29.574
-0.0119548 0.291199 -35.8946
-0.00381449 0.281785 -41.6924
-0.00563575 0.303369 -47.5199
-0.00403123 0.306061 -50.4254
-0.00774277 0.269103 -32.7902
-0.00910184 0.266742 -30.0349
-0.018525 0.238901 -8.33566
