2 58 0
2 3 0
3 4 3
4 5 3
5 6 3
6 7 3
7 8 3
8 9 1
9 68 0
11 68 2
11 12 2
12 13 3
13 14 3
14 15 3
15 16 3
16 18 3
18 19 3
19 20 3
20 21 3
21 22 3
22 23 3
23 24 3
24 25 3
25 27 1
27 28 1
28 29 0
29 30 3
30 31 3
31 32 3
32 34 3
34 35 3
35 36 3
36 38 3
38 39 3
39 40 3
40 41 3
41 42 3
42 43 3
43 44 3
44 45 3
45 46 3
46 47 3
47 48 3
48 49 3
49 50 3
50 51 3
51 52 3
52 53 3
53 54 3
54 55 3
55 56 3
56 57 3
7 66 3
8 66 3
27 84 0
25 84 3
38 95 3
36 95 3
58 59 3
39 97 3
40 99 3
18 76 3
41 99 3
3 61 3
16 76 3
34 91 3
4 61 3
23 81 0
32 91 3
2 59 0
15 72 3
22 81 0
24 81 0
24 82 1
14 72 3
25 82 1
27 86 2
28 86 2
35 93 3
9 67 3
67 68 0
12 71 3
16 74 3
74 76 3
25 83 3
30 88 3
32 90 3
38 97 3
46 105 3
47 105 3
48 105 3
50 109 3
51 109 3
3 60 3
9 66 0
11 71 2
82 83 3
29 88 3
31 88 3
90 91 3
38 96 3
40 97 3
57 115 3
59 60 3
6 65 3
7 65 3
19 76 3
19 77 3
20 77 3
21 79 3
22 79 3
22 80 3
81 82 1
36 93 3
96 97 3
40 98 3
42 99 3
42 100 3
43 100 3
52 110 3
53 111 3
54 112 3
56 115 3
4 62 3
5 63 3
6 64 3
31 89 3
34 93 3
36 94 3
44 102 3
45 103 3
46 104 3
48 106 3
49 106 3
49 107 3
50 108 3
53 110 3
53 112 3
55 113 3
56 113 3
56 114 3
61 62 3
62 63 3
63 64 3
64 65 3
13 71 3
15 74 3
80 81 2
83 84 3
32 89 3
93 94 3
95 96 3
97 98 3
98 99 3
99 100 3
43 102 3
44 103 3
45 104 3
107 108 3
108 109 3
109 110 3
111 112 3
113 114 3
66 67 1
28 87 2
29 87 3
88 89 3
94 95 3
105 106 3
76 77 3
89 90 3
102 103 3
110 111 3
55 112 3
114 115 3
14 71 3
72 74 3
84 86 3
104 105 3
106 107 3
79 80 3
103 104 3
112 113 3
65 66 3
20 79 3
91 93 3
43 159 3
60 61 3
11 127 0
86 87 3
87 88 3
100 159 3
68 127 3
71 72 3
91 150 3
102 159 3
20 136 3
86 144 3
93 150 3
65 124 3
67 125 3
68 125 1
11 129 2
71 129 3
77 136 3
79 136 3
87 144 3
66 124 3
97 155 3
65 123 3
76 134 3
88 146 3
98 155 3
64 123 3
123 124 3
72 129 2
115 173 3
11 128 0
74 134 3
127 128 3
128 129 1
84 142 3
102 160 3
106 164 3
59 117 3
67 124 0
72 131 3
74 133 3
83 142 3
86 142 3
58 117 3
74 131 3
133 134 3
89 146 3
99 156 3
105 163 3
105 164 3
58 116 3
68 126 3
98 156 3
163 164 3
125 126 0
80 139 3
81 139 0
89 148 3
90 148 3
96 154 3
99 157 3
100 157 3
159 160 3
110 169 3
111 169 3
113 171 3
77 134 3
80 138 3
82 139 2
83 141 3
143 144 3
95 153 3
97 154 3
156 157 3
103 161 3
112 171 3
114 171 3
114 173 3
60 117 3
61 119 3
62 120 3
62 121 3
63 121 3
64 122 3
129 131 2
74 132 3
77 135 3
79 138 3
82 141 2
142 143 3
87 146 3
91 149 3
94 153 3
100 158 3
103 160 3
104 161 3
104 162 3
108 166 3
109 167 3
110 168 3
112 169 3
114 172 3
116 117 3
60 119 3
119 120 3
121 122 3
122 123 3
124 125 1
126 127 3
131 132 3
82 140 2
86 143 3
148 149 3
153 154 3
158 159 3
106 165 3
107 165 3
107 166 3
166 167 3
167 168 3
171 172 3
172 173 3
132 133 3
134 135 3
149 150 3
154 155 3
157 158 3
161 162 3
104 163 3
120 121 3
139 140 3
140 141 3
141 142 3
162 163 3
164 165 3
138 139 3
87 145 3
145 146 3
155 156 3
168 169 3
79 137 3
146 148 3
93 152 3
94 152 3
165 166 3
137 138 3
144 145 3
136 137 3
152 153 3
169 170 3
112 170 3
170 171 3
60 176 3
119 176 3
129 189 0
135 136 3
131 189 0
117 176 3
129 187 0
187 189 3
160 218 3
103 218 3
135 192 3
155 214 3
161 218 3
128 187 3
188 189 3
134 192 3
148 205 3
156 214 3
116 174 3
117 174 3
187 188 3
141 143 3
146 205 3
154 212 3
156 215 3
157 215 3
163 221 3
164 221 3
135 194 3
136 194 3
144 202 3
145 202 3
152 210 3
153 212 3
168 226 3
128 186 3
132 191 3
133 192 3
143 199 3
143 202 3
150 152 3
150 209 3
152 209 3
159 217 3
165 222 3
169 226 3
119 177 3
133 191 3
141 199 3
145 203 3
146 203 3
153 211 3
214 215 3
158 217 3
164 222 3
166 223 3
170 228 3
171 228 3
176 177 3
122 180 3
123 180 3
125 183 3
127 185 3
139 197 3
155 212 3
165 223 3
120 178 3
121 179 3
122 179 3
123 182 3
124 182 3
124 183 1
126 183 1
185 186 3
140 197 3
202 203 3
148 206 3
149 207 3
150 208 3
155 213 3
158 216 3
160 217 3
162 221 3
222 223 3
166 224 3
167 225 3
169 227 3
170 227 3
171 229 3
172 230 3
172 231 3
173 231 3
174 176 3
177 178 3
121 178 3
137 194 3
140 199 3
143 258 3
205 206 3
206 207 3
207 208 3
209 210 3
213 214 3
215 216 3
161 219 3
161 220 3
162 220 3
221 222 3
224 225 3
225 226 3
228 229 3
229 230 3
178 179 3
182 183 1
126 184 3
126 185 3
143 200 3
216 217 3
218 219 3
219 220 3
220 221 3
223 224 3
226 227 3
227 228 3
230 231 3
179 180 3
183 184 0
186 187 3
199 200 3
203 204 3
146 204 3
153 210 3
212 213 3
210 211 3
211 212 3
184 185 3
132 189 0
191 192 3
135 251 3
137 196 3
138 196 3
204 205 3
208 209 3
192 251 3
194 251 3
139 196 3
200 258 3
217 218 3
180 182 3
180 239 3
189 191 1
196 197 3
197 199 3
182 239 3
194 196 3
143 260 3
188 247 3
189 247 3
258 260 3
214 272 3
191 250 0
202 260 3
215 272 3
213 272 3
180 238 3
182 240 3
189 250 3
179 238 3
239 240 3
189 248 3
248 250 3
196 253 3
199 256 3
208 266 3
231 289 3
178 237 3
179 237 3
192 250 0
194 253 3
209 266 3
221 279 3
199 257 3
200 257 3
203 261 3
213 328 0
220 279 3
222 279 3
185 243 3
186 243 3
187 245 3
188 245 3
197 256 3
212 328 0
230 289 3
184 243 3
249 250 3
257 258 3
205 263 3
206 264 3
209 267 3
210 267 3
211 269 3
212 269 3
271 272 3
216 274 3
229 287 3
230 287 3
174 232 3
177 235 3
178 236 3
238 239 3
183 241 3
186 244 3
188 246 3
247 248 3
197 255 3
204 263 3
205 264 3
207 264 3
207 265 3
210 268 3
212 270 3
213 329 3
213 271 3
215 274 3
217 275 3
219 277 3
220 278 3
222 280 3
223 281 3
224 282 3
225 283 3
226 284 3
226 285 3
227 285 3
228 286 3
176 234 3
176 235 3
235 236 3
236 237 3
183 240 0
183 242 0
243 244 3
244 245 3
245 246 3
246 247 3
196 254 3
196 255 3
256 257 3
204 261 3
265 266 3
266 267 3
267 268 3
268 269 3
270 328 0
328 329 1
271 329 3
215 273 3
274 275 3
218 275 3
218 276 3
218 277 3
220 277 3
278 279 3
279 280 3
280 281 3
281 282 3
282 283 3
283 284 3
284 285 3
227 286 3
286 287 3
234 235 3
237 238 3
241 242 0
184 242 3
250 251 1
255 256 3
269 270 3
273 274 3
275 276 3
277 278 3
240 241 1
194 252 3
253 254 3
264 265 3
276 277 3
263 264 3
272 273 3
285 286 3
174 234 3
242 243 3
248 249 3
251 252 3
252 253 3
230 288 3
202 261 3
287 288 3
288 289 3
257 315 3
254 255 3
258 315 3
258 318 3
260 318 3
260 261 3
287 345 3
204 320 3
263 320 3
174 291 3
250 309 3
315 316 3
258 316 3
232 291 3
234 291 3
251 309 0
261 320 3
279 337 3
263 321 3
240 298 3
250 308 3
261 319 3
264 321 3
237 296 3
238 296 3
308 309 3
319 320 3
273 331 3
239 298 3
241 298 0
249 308 3
271 330 3
272 330 3
274 331 3
276 335 3
277 335 3
280 337 3
286 344 3
232 290 3
243 301 3
244 301 3
316 318 3
273 330 3
337 338 3
280 338 3
285 344 3
289 347 3
235 293 3
236 294 3
237 295 3
241 299 3
242 300 3
244 302 3
245 302 3
245 303 3
246 304 3
247 305 3
248 306 3
249 307 3
251 310 3
252 310 3
264 322 3
265 323 3
266 324 3
266 325 3
267 325 3
268 326 3
269 327 3
274 332 3
275 333 3
278 336 3
279 336 3
281 339 3
282 340 3
283 341 3
284 342 3
285 343 3
286 345 3
288 346 3
234 293 3
293 294 3
294 295 3
298 299 1
299 300 0
243 300 3
302 303 3
303 304 3
304 305 3
305 306 3
306 307 3
307 308 3
309 310 3
254 312 3
255 313 3
320 321 3
321 322 3
322 323 3
323 324 3
325 326 3
326 327 3
332 333 3
276 333 3
276 334 3
278 335 3
338 339 3
339 340 3
340 341 3
341 342 3
342 343 3
343 344 3
345 346 3
346 347 3
295 296 3
300 301 3
301 302 3
312 313 3
261 318 3
324 325 3
270 327 3
327 328 0
330 331 3
333 334 3
334 335 3
336 337 3
239 297 3
256 313 3
316 374 3
318 374 3
331 332 3
344 345 3
238 297 3
297 298 3
253 312 3
318 319 3
296 297 3
329 330 3
290 291 3
335 336 3
234 292 3
292 293 3
256 315 3
252 312 3
313 315 3
374 375 3
291 292 3
318 375 3
319 376 3
318 376 3
320 378 3
331 389 3
336 395 3
321 378 3
328 330 1
337 395 3
291 349 3
292 349 3
295 354 3
296 354 3
293 351 3
315 372 3
252 426 0
312 426 3
313 372 3
330 389 3
290 348 3
292 351 3
303 361 3
334 393 3
335 393 3
291 348 3
293 352 3
302 361 3
307 365 3
315 374 3
325 384 3
326 384 3
338 395 3
345 403 3
294 352 3
297 354 3
304 362 3
306 364 3
307 364 3
310 426 3
321 380 3
322 380 3
324 382 3
330 387 3
346 403 3
346 405 3
347 405 3
348 349 3
351 352 3
295 353 3
353 354 3
298 356 3
299 357 3
302 360 3
303 362 3
305 363 3
307 366 3
308 366 3
312 370 3
375 376 3
321 379 3
323 381 3
325 382 3
327 385 3
330 388 3
388 389 3
332 390 3
333 391 3
334 392 3
336 393 3
338 396 3
339 396 3
339 397 3
340 398 3
341 399 3
342 400 3
343 400 3
344 402 3
345 402 3
352 353 3
297 356 3
356 357 1
300 357 1
301 359 3
360 361 3
362 363 3
363 364 3
309 366 3
309 367 3
312 428 3
320 377 3
378 379 3
380 381 3
381 382 3
384 385 3
389 390 3
390 391 3
391 392 3
393 394 3
336 394 3
397 398 3
398 399 3
399 400 3
343 401 3
343 402 3
402 403 3
302 359 3
361 362 3
365 366 3
366 367 3
309 426 3
319 377 3
377 378 3
379 380 3
387 388 3
392 393 3
394 395 3
401 402 3
367 426 3
370 428 3
315 373 3
376 377 3
325 441 3
328 387 1
396 397 3
400 401 3
359 360 3
364 365 3
313 428 3
372 373 3
373 374 3
328 385 1
300 359 3
370 426 3
382 441 3
346 462 3
300 416 3
384 441 3
395 396 3
357 416 0
403 462 3
405 462 3
297 413 3
356 413 3
372 429 3
313 429 3
359 416 3
428 429 3
328 444 1
393 451 3
387 444 3
394 451 3
370 427 3
388 446 3
426 427 3
376 434 3
387 446 3
396 454 3
372 430 3
375 434 3
387 445 3
392 451 3
397 454 3
356 414 3
380 437 3
444 445 3
352 411 3
353 411 3
413 414 3
361 419 3
362 419 3
429 430 3
377 434 3
379 437 3
381 439 3
382 439 3
384 443 3
388 447 3
389 447 3
392 450 3
450 451 3
395 453 3
396 453 3
403 461 3
354 412 3
385 443 3
402 460 3
402 461 3
462 463 3
405 463 3
349 407 3
292 407 3
353 412 3
357 415 3
360 418 3
362 420 3
363 422 3
364 422 3
366 424 3
367 425 3
377 435 3
378 436 3
379 436 3
380 438 3
385 444 3
390 447 3
391 449 3
397 455 3
398 456 3
399 457 3
400 458 3
401 460 3
297 412 3
415 416 0
359 417 3
359 418 3
418 419 3
419 420 3
363 420 3
365 422 3
366 423 3
424 425 3
425 426 3
435 436 3
438 439 3
445 446 3
390 449 3
449 450 3
394 452 3
453 454 3
456 457 3
457 458 3
401 458 3
401 459 0
460 461 3
414 415 1
416 417 3
417 418 3
365 423 3
434 435 3
436 437 3
443 444 3
446 447 3
390 448 3
395 452 3
454 455 3
455 456 3
458 459 0
461 462 3
351 409 3
411 412 3
363 421 3
423 424 3
375 433 3
384 442 3
451 452 3
459 460 2
407 409 3
292 409 3
352 409 3
421 422 3
433 434 3
448 449 3
409 411 3
373 430 3
442 443 3
348 464 3
411 468 3
427 428 3
373 432 3
374 432 3
437 438 3
349 464 3
409 468 3
420 421 3
375 432 3
452 453 3
382 498 2
441 498 3
447 448 3
407 466 3
412 413 3
430 432 3
441 442 3
409 466 3
409 467 3
422 423 3
427 485 3
439 498 3
407 464 3
432 433 3
441 499 3
453 511 3
454 511 3
442 499 3
466 467 3
412 471 3
413 471 3
414 471 3
414 472 3
462 520 3
463 520 3
415 472 0
467 468 3
416 474 3
426 484 3
436 493 2
437 495 2
448 506 3
416 475 3
417 475 3
425 484 3
443 500 3
446 504 3
454 512 0
411 470 3
412 470 3
470 471 3
474 475 3
418 476 3
421 480 3
422 480 3
425 483 3
430 488 2
432 488 2
438 496 2
438 497 3
439 497 3
442 500 3
444 502 3
445 502 3
447 504 3
447 505 3
447 506 3
461 520 3
415 474 0
417 476 3
423 480 3
483 484 3
426 485 2
429 488 2
432 489 2
437 496 2
498 499 3
445 504 3
505 506 3
451 510 3
452 510 3
453 510 3
511 512 0
411 469 3
415 473 3
419 477 3
420 478 3
421 478 3
424 482 3
435 493 2
499 500 3
443 501 3
443 502 3
445 503 3
451 509 3
455 512 1
455 513 3
456 514 3
456 515 3
457 515 3
458 516 3
459 516 1
459 517 3
460 518 3
460 519 3
461 519 3
463 521 3
468 469 3
472 473 1
473 474 0
476 477 3
477 478 3
423 482 3
482 483 3
427 544 2
428 544 2
488 489 3
500 501 3
501 502 3
503 504 3
449 507 3
450 509 3
509 510 3
512 513 0
513 514 3
515 516 3
517 518 2
518 519 3
519 520 3
520 521 3
469 470 3
484 485 3
429 544 2
429 487 2
436 494 2
437 494 2
502 503 3
449 506 3
450 507 3
450 508 3
510 511 3
487 544 3
487 488 3
433 491 1
433 492 1
434 492 1
434 493 2
495 496 3
504 505 3
506 507 3
514 515 3
433 489 2
491 492 3
494 495 3
496 497 3
497 498 3
507 508 3
516 517 0
475 476 3
485 544 3
489 491 1
492 493 0
508 509 3
480 482 3
493 494 3
407 523 3
466 523 3
471 472 3
478 480 3
489 549 1
464 523 3
491 549 3
484 542 2
466 524 3
480 537 2
482 540 2
483 540 2
483 542 2
485 542 3
467 524 3
478 537 2
480 539 2
482 539 2
485 543 3
489 547 3
467 525 3
476 534 2
488 547 3
547 549 1
495 554 3
496 554 3
497 555 2
504 562 3
505 562 3
524 525 3
476 533 2
477 534 2
480 538 2
539 540 3
488 546 3
494 552 3
495 552 3
496 555 3
520 578 3
469 528 3
470 528 3
475 533 2
483 541 2
543 544 3
487 546 3
498 556 2
502 560 3
510 569 1
511 569 1
511 570 3
512 570 1
519 578 3
521 578 3
471 529 3
477 535 2
478 536 2
538 539 3
540 541 3
541 542 3
493 551 3
495 553 3
554 555 3
501 560 3
514 572 3
515 574 3
516 574 3
464 522 3
468 525 3
468 526 3
469 526 3
469 527 3
472 529 3
472 530 3
473 531 3
534 535 3
477 536 2
536 537 3
492 550 3
492 551 0
493 552 3
552 553 3
497 556 2
499 557 2
503 561 3
503 562 3
509 567 1
510 568 1
513 571 3
515 573 3
516 575 3
517 575 1
517 576 2
518 576 3
519 577 3
471 528 3
473 530 0
533 534 3
537 538 3
487 545 3
546 547 3
491 550 3
551 552 3
555 556 3
498 557 2
560 561 3
561 562 3
506 564 1
507 564 1
507 566 1
508 566 1
508 567 1
567 568 3
569 570 3
570 571 3
571 572 3
572 573 3
573 574 3
574 575 3
576 577 3
577 578 3
521 579 3
522 523 3
523 524 3
525 526 3
527 528 3
474 531 1
474 532 2
550 551 0
553 554 3
500 557 2
505 563 1
507 565 1
566 567 3
568 569 3
578 579 3
526 527 3
528 529 3
529 530 3
530 531 1
542 543 3
545 546 3
500 558 3
501 558 3
562 563 1
564 565 3
565 566 3
575 576 3
556 557 3
535 536 3
544 545 3
506 563 1
531 532 0
549 550 3
475 532 2
532 533 3
557 558 3
547 605 3
501 617 1
560 617 1
558 616 1
558 617 1
563 564 3
562 620 1
524 583 3
525 583 3
530 588 3
531 588 2
556 614 3
561 619 1
561 620 1
522 580 3
523 580 3
528 586 3
529 587 3
534 592 3
535 592 3
555 614 3
557 614 2
557 616 2
616 617 0
562 621 1
586 587 3
530 587 3
540 598 3
541 598 3
544 602 3
620 621 3
533 592 3
541 600 3
542 600 3
545 602 3
560 618 1
563 621 3
587 588 3
532 591 3
533 591 3
537 595 3
543 600 3
547 606 3
549 606 2
573 631 3
523 581 2
524 581 2
526 583 3
527 585 3
538 595 3
539 597 3
540 597 3
543 602 3
551 609 3
561 618 1
565 624 3
566 624 3
568 626 3
569 626 3
570 628 3
571 630 3
572 630 3
572 631 3
578 636 3
579 636 3
580 581 3
524 582 2
527 586 3
532 590 3
591 592 3
535 593 3
536 594 3
541 599 3
543 601 3
546 604 3
550 609 2
552 610 3
553 611 3
564 622 3
566 625 3
567 625 3
568 625 3
569 627 3
570 627 3
574 631 3
574 632 3
575 632 3
576 634 3
577 635 3
581 582 3
585 586 3
531 590 2
590 591 3
592 593 3
593 594 3
594 595 3
597 598 3
600 601 3
601 602 3
545 603 3
545 604 3
547 604 3
609 610 3
610 611 3
554 611 3
618 619 3
563 622 3
627 628 3
630 631 3
575 634 3
634 635 3
635 636 3
579 637 3
527 583 3
538 597 3
599 600 3
603 604 3
554 612 3
554 613 3
555 613 3
624 625 3
571 628 3
636 637 3
583 584 3
527 584 3
598 599 3
602 603 3
604 605 3
611 612 3
612 613 3
614 615 3
625 626 3
631 632 3
582 583 3
613 614 3
565 622 3
571 629 3
636 694 3
550 608 2
608 609 3
557 615 2
619 620 3
584 585 3
605 606 3
549 608 2
629 630 3
575 633 3
635 694 3
595 597 3
549 607 2
617 618 3
632 633 3
606 607 3
607 608 3
615 616 3
622 624 3
621 622 3
633 634 3
624 680 3
531 647 2
622 680 3
588 647 3
590 647 3
615 673 3
616 673 2
597 654 3
637 694 3
583 641 3
595 654 3
628 629 3
582 641 3
621 680 3
584 641 3
593 651 3
594 651 3
598 656 3
599 656 3
613 671 3
614 673 3
616 674 3
618 675 3
620 678 3
621 678 3
626 684 3
569 684 3
580 638 3
581 638 3
588 646 3
594 652 3
595 653 3
602 660 3
612 670 3
612 671 3
617 674 3
617 675 3
619 677 3
624 682 3
627 684 3
630 688 3
581 640 3
582 640 3
586 645 3
587 645 3
646 647 3
591 649 3
595 652 3
653 654 3
597 656 3
601 659 3
601 660 3
604 662 3
604 663 3
605 663 3
607 666 3
608 666 3
611 670 3
614 672 3
625 682 3
629 688 3
631 688 3
581 639 3
585 643 3
586 644 3
588 645 3
590 648 3
592 649 3
597 655 3
600 658 3
600 659 3
603 662 3
606 663 3
606 664 3
607 665 3
609 666 3
609 667 3
610 668 3
611 669 3
614 671 3
673 674 3
678 679 3
621 679 3
634 692 3
635 692 3
637 695 3
639 640 3
640 641 3
584 642 3
643 644 3
644 645 3
645 646 3
648 649 3
592 651 3
655 656 3
659 660 3
664 665 3
665 666 3
666 667 3
667 668 3
668 669 3
618 677 3
620 677 3
679 680 3
680 682 3
631 689 3
633 691 3
694 695 3
638 639 3
641 642 3
642 643 3
592 650 3
651 652 3
652 653 3
654 655 3
603 660 3
663 664 3
670 671 3
675 734 3
618 734 3
625 684 3
627 686 3
628 686 3
634 691 3
647 648 3
658 659 3
662 663 3
671 672 3
672 673 3
677 678 3
688 689 3
632 689 3
632 690 3
633 690 3
691 692 3
650 651 3
599 658 3
669 670 3
677 734 3
629 686 3
649 650 3
674 675 3
682 684 3
689 690 3
690 691 3
692 694 3
680 739 3
684 686 3
629 687 3
656 658 3
682 739 3
686 687 3
687 688 3
656 715 3
603 719 3
686 743 3
658 715 3
660 719 3
662 719 3
692 751 3
694 751 3
684 743 3
687 745 3
672 730 3
686 745 3
673 730 3
673 732 3
675 733 3
645 703 3
647 705 3
650 708 3
651 709 3
654 712 3
665 724 3
666 724 3
674 732 3
679 737 3
682 741 3
684 741 3
687 746 3
688 746 3
640 699 3
641 699 3
648 705 3
649 708 3
650 709 3
652 709 3
653 712 3
663 721 3
670 728 3
733 734 3
659 717 3
660 717 3
664 721 3
664 722 3
665 722 3
669 728 3
670 729 3
671 729 3
677 735 3
678 737 3
680 738 3
745 746 3
689 746 1
691 749 3
638 696 3
639 697 3
639 698 3
640 698 3
642 700 3
646 704 3
647 704 3
648 706 3
649 707 3
708 709 3
652 710 3
652 711 3
653 711 3
655 713 3
656 714 3
714 715 3
658 717 3
660 718 3
662 720 3
665 723 3
667 725 3
672 729 3
734 735 3
737 738 3
679 738 3
684 742 3
742 743 3
743 744 3
686 744 3
690 749 3
692 750 3
694 752 3
695 753 3
696 697 3
643 700 3
644 702 3
645 702 3
645 704 3
706 707 3
711 712 3
654 713 3
713 714 3
718 719 3
663 720 3
723 724 3
724 725 3
668 725 3
668 726 3
669 727 3
675 732 3
678 736 3
738 739 3
744 745 3
749 750 3
751 752 3
752 753 3
697 698 3
698 699 3
699 700 3
700 701 3
643 701 3
704 705 3
705 706 3
707 708 3
709 710 3
710 711 3
720 721 3
725 726 3
726 727 3
727 728 3
730 732 3
677 736 3
689 747 1
689 749 3
644 701 3
702 703 3
712 713 3
719 720 3
721 722 3
722 723 3
729 730 3
741 742 3
703 704 3
736 737 3
746 747 3
747 749 0
750 751 3
701 702 3
717 718 3
732 733 3
682 740 3
748 749 0
735 736 3
740 741 3
747 748 3
728 729 3
715 717 3
739 740 3
749 807 1
730 789 3
750 808 1
751 808 1
732 789 3
738 796 3
748 807 3
715 774 3
717 774 3
750 807 1
698 755 3
732 790 3
746 804 3
699 755 3
715 773 3
729 787 3
743 801 3
745 803 3
747 804 3
697 755 3
701 759 3
702 759 3
702 760 3
703 760 3
711 770 3
712 770 3
713 770 3
714 773 3
728 787 3
789 790 3
739 797 3
740 797 3
744 803 3
745 804 3
807 808 3
751 809 1
700 758 3
701 758 3
707 765 3
710 767 3
717 775 3
718 775 3
736 794 3
737 795 3
744 801 3
808 809 3
752 809 1
755 756 3
699 756 3
708 765 3
709 767 3
718 777 3
719 777 3
720 777 3
720 779 3
721 779 3
722 780 3
729 788 3
730 788 3
734 793 3
735 793 3
738 797 3
740 799 3
741 799 3
742 799 3
747 805 3
748 806 3
752 810 1
696 754 3
704 762 3
705 762 3
705 763 3
706 764 3
706 765 3
708 766 3
708 767 3
710 768 3
711 769 3
713 772 3
714 772 3
774 775 3
718 776 3
721 780 3
723 781 3
724 782 3
725 783 3
726 784 3
727 785 3
728 786 3
734 792 3
736 793 3
796 797 3
744 802 3
748 805 3
753 811 3
754 755 3
758 759 3
703 762 3
705 764 3
765 766 3
766 767 3
767 768 3
768 769 3
769 770 3
713 771 3
772 773 3
773 774 3
776 777 3
780 781 3
781 782 3
782 783 3
783 784 3
784 785 3
785 786 3
788 789 3
733 792 3
792 793 3
801 802 3
802 803 3
809 810 3
810 811 0
759 760 3
770 771 3
771 772 3
775 776 3
793 794 3
737 794 3
742 800 3
742 801 3
803 804 3
804 805 3
805 806 3
699 757 3
700 757 3
763 764 3
764 765 3
779 780 3
786 787 3
737 796 3
799 800 3
757 758 3
733 790 3
795 796 3
806 807 3
794 795 3
800 801 3
756 757 3
760 762 3
762 763 3
787 788 3
790 792 3
740 856 3
777 779 3
797 856 3
799 856 3
777 836 3
779 836 3
802 860 3
755 813 3
756 813 3
762 819 3
754 813 3
775 833 3
787 846 3
788 846 3
759 817 3
760 819 3
776 833 3
792 850 3
804 862 3
805 862 3
807 865 3
757 815 3
760 817 3
793 850 3
794 852 3
795 854 3
801 860 3
808 865 3
810 868 3
811 868 1
758 815 3
758 816 3
762 820 3
763 820 3
765 823 3
766 823 3
768 826 3
790 849 3
792 849 3
795 852 3
796 854 3
759 816 3
764 822 3
769 826 3
779 837 3
781 839 3
782 839 3
783 841 3
784 841 3
794 851 3
800 858 3
801 858 3
803 861 3
805 864 3
809 867 3
809 868 3
811 869 1
754 812 3
812 813 3
756 814 3
756 815 3
815 816 3
760 818 3
763 821 3
763 822 3
764 823 3
766 824 3
767 825 3
769 827 3
770 828 3
771 829 3
772 830 3
773 831 3
774 832 3
776 834 3
777 835 3
836 837 3
780 838 3
782 840 3
784 842 3
785 843 3
786 844 3
787 845 3
789 848 3
790 848 3
793 851 3
797 854 3
797 855 3
801 859 3
861 862 3
806 864 3
806 865 3
864 865 3
808 867 3
868 869 3
817 818 3
820 821 3
822 823 3
823 824 3
824 825 3
825 826 3
826 827 3
827 828 3
828 829 3
829 830 3
830 831 3
831 832 3
832 833 3
834 835 3
837 838 3
838 839 3
839 840 3
840 841 3
841 842 3
842 843 3
843 844 3
844 845 3
845 846 3
788 848 3
854 855 3
855 856 3
799 857 3
865 867 3
867 868 3
813 814 3
814 815 3
818 819 3
821 822 3
833 834 3
835 836 3
848 849 3
849 850 3
852 854 3
856 857 3
859 860 3
862 864 3
816 817 3
851 852 3
852 912 3
854 912 3
800 857 3
803 860 3
819 820 3
846 848 3
858 859 3
860 861 3
850 851 3
862 921 3
864 921 3
867 925 3
848 905 3
857 858 3
814 873 3
865 925 3
815 873 3
846 905 3
864 922 3
865 922 3
819 877 3
827 885 3
856 914 3
857 914 3
861 920 3
862 920 3
818 877 3
822 880 3
826 884 3
827 884 3
828 885 3
842 900 3
849 907 3
849 908 3
850 908 3
851 910 3
852 910 3
855 913 3
856 913 3
921 922 3
865 924 2
924 925 1
813 872 3
814 872 3
823 880 3
841 899 3
841 900 3
842 901 3
843 901 3
848 907 3
857 915 3
857 916 3
858 916 3
812 870 3
813 871 3
872 873 3
816 873 3
816 874 3
817 875 3
818 876 3
821 879 3
823 881 3
824 882 3
825 883 3
884 885 3
828 886 3
829 887 3
830 888 3
831 889 3
832 890 3
833 891 3
834 892 3
835 893 3
836 894 3
837 895 3
838 896 3
839 897 3
840 898 3
844 902 3
845 903 3
846 904 3
851 909 3
854 913 3
914 915 3
867 926 3
868 926 3
868 927 3
869 927 3
870 871 3
871 872 3
873 874 3
874 875 3
876 877 3
819 878 3
820 878 3
820 879 3
879 880 3
880 881 3
881 882 3
882 883 3
883 884 3
885 886 3
886 887 3
887 888 3
888 889 3
889 890 3
890 891 3
891 892 3
892 893 3
893 894 3
894 895 3
895 896 3
896 897 3
840 897 3
840 899 3
899 900 3
901 902 3
902 903 3
903 904 3
850 909 3
865 923 2
875 876 3
878 879 3
904 905 3
908 909 3
910 912 3
913 914 3
859 918 3
860 918 3
920 921 3
922 923 3
925 926 3
926 927 3
877 878 3
897 898 3
898 899 3
900 901 3
915 916 3
859 917 3
860 919 3
861 919 3
907 908 3
909 910 3
858 917 3
912 913 3
918 919 3
923 924 0
905 907 3
919 920 3
916 917 3
917 918 3
925 983 3
907 964 3
926 983 3
905 964 3
924 983 1
907 966 3
908 966 3
908 967 3
909 967 3
918 977 3
919 977 3
921 979 2
882 940 3
883 940 3
913 971 3
920 978 3
920 979 1
915 973 3
876 935 3
897 955 3
910 968 3
910 969 3
912 969 3
914 971 3
916 973 3
917 975 3
919 978 3
877 935 3
887 945 3
896 955 3
898 955 3
899 957 3
901 960 3
902 960 3
904 963 3
905 963 3
909 968 3
978 979 3
923 981 2
924 982 1
926 984 3
927 984 3
870 928 3
871 929 3
872 930 3
873 931 3
874 932 3
875 933 3
876 934 3
878 936 3
879 937 3
880 938 3
881 939 3
883 941 3
884 942 3
885 943 3
886 944 3
887 946 3
888 946 3
889 947 3
890 948 3
891 949 3
892 950 3
893 951 3
894 952 3
895 953 3
896 953 3
898 956 3
900 957 3
900 958 3
901 959 3
903 961 3
904 962 3
966 967 3
918 975 3
922 980 2
924 981 1
982 983 0
927 985 1
928 929 3
929 930 3
930 931 3
931 932 3
932 933 3
933 934 3
934 935 3
935 936 3
936 937 3
937 938 3
938 939 3
939 940 3
941 942 3
942 943 3
943 944 3
944 945 3
945 946 3
946 947 3
947 948 3
948 949 3
949 950 3
892 951 3
951 952 3
952 953 3
896 954 3
956 957 3
957 958 3
958 959 3
959 960 3
960 961 3
961 962 3
912 971 3
977 978 3
921 980 2
922 981 2
981 982 3
983 984 3
984 985 1
950 951 3
955 956 3
962 963 3
968 969 3
915 971 3
940 941 3
953 954 3
954 955 3
969 971 3
963 964 3
980 981 3
964 966 3
967 968 3
979 980 3
966 1023 3
971 973 3
964 1023 3
968 1026 3
971 1030 3
973 1030 3
916 975 3
967 1026 3
977 1035 3
978 1035 3
973 1031 3
980 1038 3
981 1038 3
971 1029 3
918 1034 3
977 1034 3
979 1037 3
969 1027 3
971 1027 3
975 1034 3
980 1037 3
982 1041 2
983 1041 3
955 1013 3
979 1036 3
984 1041 3
951 1009 3
956 1013 3
968 1027 3
973 1032 3
1034 1035 3
978 1036 3
932 990 3
933 990 3
933 991 3
934 991 3
948 1006 3
950 1008 3
952 1009 3
954 1013 3
916 1032 3
975 1032 3
975 1033 3
982 1040 3
940 999 3
941 999 3
945 1003 3
949 1006 3
951 1008 3
966 1024 3
967 1025 3
1026 1027 3
1030 1031 3
1033 1034 3
1035 1036 3
981 1040 3
1040 1041 3
928 986 3
929 987 3
930 988 3
931 989 3
934 992 3
935 993 3
936 994 3
937 995 3
938 996 3
939 997 3
940 998 3
942 1000 3
943 1001 3
944 1002 3
944 1003 3
946 1003 3
946 1004 3
947 1005 3
947 1006 3
949 1007 3
952 1011 3
953 1011 3
953 1012 3
954 1012 3
956 1014 3
957 1015 3
958 1016 3
959 1017 3
960 1018 3
961 1019 3
962 1020 3
963 1020 3
963 1022 3
964 1022 3
1023 1024 3
967 1024 3
1025 1026 3
1031 1032 3
981 1039 3
984 1042 3
985 1043 0
986 987 3
987 988 3
988 989 3
989 990 3
990 991 3
991 992 3
992 993 3
993 994 3
937 994 3
995 996 3
996 997 3
997 998 3
998 999 3
999 1000 3
1000 1001 3
944 1001 3
1002 1003 3
1004 1005 3
1005 1006 3
1006 1007 3
1014 1015 3
1015 1016 3
1016 1017 3
1017 1018 3
1018 1019 3
1019 1020 3
1024 1025 3
1029 1030 3
1036 1037 3
1037 1038 3
1038 1039 3
1039 1040 3
1041 1042 3
1042 1043 3
1001 1002 3
1003 1004 3
949 1008 3
1012 1013 3
1013 1014 3
1032 1033 3
994 995 3
1007 1008 3
1008 1009 3
1009 1011 3
1011 1012 3
1022 1023 3
1020 1022 3
1027 1029 3
