0.179278 -0.0917789 6.00394
0.198501 -0.240054 7.03258
0.0491173 -0.25977 13.7563
0.0452026 -0.290453 14.2558
-0.0590083 -0.0452728 28.9299
-0.0765815 0.07547 28.5747
-0.0414368 -0.0132881 23.8983
-0.0330087 -0.0463581 23.0515
0.00141797 -0.0746512 17.4153
0.0333963 -0.103897 11.9932
0.0270352 -0.213524 16.1076
0.00640199 -0.199503 21.0478
-0.00982119 -0.169894 24.2541
-0.151089 0.113994 61.774
-0.042823 -0.0227833 31.1793
0.00880324 0.00255318 0.85847
0.0173971 0.00473768 -2.33057
0.0206288 -0.126304 2.25596
-0.0768299 -0.170568 44.1238
-0.0250946 -0.304792 23.1975
0.0404007 -0.0941305 -6.4509
0.0432612 -0.0928705 -7.51489
0.0435395 -0.083629 -7.77505
0.00800921 -0.127024 9.85941
0.0229144 -0.167751 2.85526
0.051606 -0.0362704 -20.2631
0.0342779 -0.0471723 -9.32973
0.00331682 -0.0584219 8.29447
0.0092678 -0.0530787 4.4468
0.0475657 -0.0321852 -20.4588
-0.00024323 -0.0702492 11.0749
-0.00600483 -0.0923166 14.791
-0.0103837 -0.132814 17.668
0.0410878 -0.0414976 -19.7117
0.053356 0.0677577 -29.059
-0.000263163 -0.0777001 8.98458
-0.00901169 -0.0480522 14.6741
-0.0529996 -0.121165 51.4381
0.0017507 -0.0572527 7.04327
0.00867798 -0.0445028 1.11607
0.0144152 -0.0384144 -3.89147
0.0409969 0.0292288 -13.3161
-0.00719654 -0.012583 14.9844
-0.00251122 -0.00605089 10.3751
-0.0325193 -0.0503863 38.9866
0.0110983 -0.00207097 -2.77046
0.00704849 -0.002192 1.43023
-0.0124652 -0.0188169 22.1518
0 0.0380444 7.94438
0 0.0380444 7.94438
-0.00137698 0.0159966 7.17361
0.0240671 0.0083265 -20.4199
0.0303548 0.00473548 -27.256
0.044579 0.24994 -34.2881
0.0705582 0.230644 -64.159
-0.70895 0.180063 861.093
0.212358 -0.434623 -237.967
0.063402 0.165515 -73.6724
0.0346969 -0.0644963 6.42296
0.0581534 -0.0626929 5.68083
0.0695693 -0.271179 12.4435
0.0456296 -0.294793 14.235
0.0772244 -0.21989 8.37437
0.069789 -0.441621 16.7184
-0.0177819 -0.195474 25.7088
-0.0219728 -0.0570859 22.2989
-0.0118577 -0.0361481 19.704
-0.00813553 -0.0595569 19.5771
0.00997291 -0.139123 17.6373
0.038425 -0.199707 12.0381
0.0320758 -0.187514 13.8326
-0.00631742 -0.128456 24.1894
-0.099302 0.0446374 46.5276
0.00468353 0.00231455 2.31279
0 0 -1
0.0259536 -0.020817 -4.04059
-0.0201885 0.0528144 12.0132
0.05936 -0.000525146 -19.1553
0.0761357 -0.0291196 -24.5807
0.0336845 -0.0596249 -4.00587
-0.006139 -0.0881375 15.2482
-0.0177702 -0.0984948 21.1778
-0.00170288 -0.111784 13.2637
0.0218291 -0.0401734 -3.14732
0.0284414 -0.0311418 -7.01897
0.00807853 -0.0431785 5.02032
0.0156769 -0.0565308 0.321937
0.000567077 -0.0433759 9.85476
-0.0406478 -0.0576418 37.7782
-0.0470455 -0.0568794 41.6604
-0.0150368 -0.0586965 19.0353
-0.00212156 -0.0418889 9.6109
-0.0658839 -0.0749502 57.1176
-0.00590655 -0.0465448 11.6728
0.00829248 -0.04071 0.978989
0.00723754 -0.0372943 1.94709
0.00701339 -0.0560348 2.58006
0.0248453 -0.0488582 -13.0363
0.0142328 -0.0426455 -3.6106
0.0208578 -0.0374906 -9.61394
0.00603966 -0.0211852 3.1985
0.000352733 -0.0117333 7.97448
0.0225575 0.00160953 -14.1191
0.0137129 0.00690666 -5.51398
-0.00376321 -0.00933697 13.0591
0.0172946 0.0105515 -9.14395
-0.0164701 0.0271236 23.0112
-0.0202363 0.0216322 27.2894
-0.0558183 -0.0447396 67.9695
0.0120269 0.00178849 -6.69081
0.0794821 0.0357363 -84.2887
0.0711527 0.0457496 -75.409
0.0360521 -0.0167797 -33.0503
-0.221444 0.143047 273.585
-0.217837 0.25241 265.931
0.063402 0.165515 -73.6724
0.0188186 -0.0039843 4.05853
0.0241186 -0.035946 5.8355
-0.0218042 0.0235117 5.40902
0.0090013 0.0404319 1.00439
-0.00709414 -0.0627751 9.2032
0.271719 -0.0109139 -23.9224
0.0102709 -0.114649 10.8628
0.0982823 -0.179627 -0.0360642
0.100097 -0.435017 13.3566
0.0928331 -0.53502 20.4728
-0.0106934 -0.0504788 19.814
0.020926 -0.176086 16.3689
0.00144772 0.10772 7.47787
0.0121246 -0.166642 18.4206
-0.00925153 0.00232452 6.73238
0.00332633 0.00275575 2.76311
0.0166239 -0.00492423 -1.54735
0.417234 -0.280817 -133.711
0.0123009 -0.12153 14.9508
0.0551564 -0.0216159 -15.515
0.0449479 -0.0461898 -10.0219
0.0171056 -0.0649272 3.59523
-0.00919465 -0.0688071 16.1544
-0.0084604 -0.0877542 15.9348
0.00551249 -0.0706502 7.93258
0.0108324 -0.0703583 4.73354
0.0149473 -0.058324 2.02918
-0.00119969 -0.0736307 12.4814
0.0238984 -0.0589961 -4.41026
0.00524568 -0.0803233 9.4841
-0.0336687 -0.0547247 32.4637
-0.0304611 -0.0520953 29.8038
-0.00785938 -0.044726 13.0922
0.00649428 -0.0170237 2.73225
-0.0160654 -0.0234004 18.6208
0.00342723 -0.0134477 3.20143
0.0123238 -0.0284436 -2.53717
-0.00522964 -0.0225481 11.2731
-0.0113827 -0.0380411 16.6688
0.00934233 -0.04697 0.307676
0.0183649 -0.034135 -7.93893
0.0236082 -0.0541392 -11.7795
0.0131924 -0.0267606 -3.13925
0.0263833 -0.00324058 -17.086
0.0240488 0.0820608 -21.1705
0 0.312469 -10.3375
-0.00431733 0.385375 -9.37085
0.017593 0.335054 -29.4012
0 0.322986 -10.7897
0 0.322986 -10.7897
-0.0121016 0.0154106 18.7697
0.349345 0.144742 -386.7
0.0147554 0.334323 -27.2921
0.0469435 -0.109035 -41.8024
0.0343973 -0.0211061 -30.8992
0.0486465 -0.108725 -42.5624
0.0109294 -0.116726 3.57335
0.0598382 -0.0701509 -59.0937
0.00550259 -0.0419998 7.61698
0.012486 -0.0130069 5.53788
-0.00573041 -0.0124711 6.23048
-0.00847775 -0.0112646 5.96332
-0.0210089 -0.026201 8.05588
2.93739e-06 -0.0456128 7.24011
-0.0329295 -0.0349969 11.4294
-0.00532517 -0.00230796 4.76074
0.0166455 -0.0211097 2.28667
0.0138443 -0.0145961 2.17763
0 0 -1
0.0832378 -0.173636 -1.21455
0.0581327 -0.16696 6.99985
-0.0369172 -0.023066 16.9111
-0.00688268 -0.00191192 6.30589
0.000788188 -0.00211742 3.96693
0.00824285 0.00124292 1.06537
0.0227545 -0.0129375 -3.08548
0.0254888 -0.0134984 -4.63192
0.0749039 -0.0389995 -21.4018
0.0130569 -0.0220385 2.42799
0.00665444 -0.0170024 3.87283
0.0280766 -0.0539183 -3.15128
-0.0173361 -0.0401197 17.0101
-0.01722 -0.0497519 18.5163
0.0184363 -0.0443049 -1.27084
0.00835365 -0.0433257 4.82299
-0.0211579 -0.0613468 23.3242
-0.00118164 -0.0612297 10.2239
-0.135318 0.0363372 92.4687
0.0175561 -0.0800379 0.230028
-0.00161311 -0.0304888 8.84332
0.0133731 -0.0463299 -1.23784
-0.00927217 -0.055683 16.9287
0.0187251 -0.0302678 -6.71146
0.000304026 -0.0202571 6.2537
-1.09066e-05 -0.0245029 7.02554
-0.0113451 -0.0187328 15.9375
-0.00874963 -0.0142142 13.2848
-0.0142852 -0.0207512 18.5306
-0.0023571 -0.0522934 11.5897
0.121119 -0.401641 -68.4349
0.0298907 -0.0328503 -17.908
0.0137825 -0.0377342 -1.2775
0.0140788 0.0593761 -10.105
0.0259601 0.0314897 -19.6133
0.011085 -0.0254283 -0.284538
-0.0116983 -0.0398242 23.4858
-0.0265493 -0.0277059 37.5245
-0.0643299 0.170722 60.4736
-0.0194262 -0.0305366 29.6314
0.0684679 -0.0225908 -68.0006
0.00829486 -0.0226767 -2.03138
0.0958226 0.0287914 -102.372
-0.0718183 -0.0133735 92.3748
0.0244819 -0.0481627 -17.4196
-0.162863 -0.0325102 208.52
0 0 -1
0.0448726 -0.0427108 7.31625
0.0111123 -0.033302 7.1251
0.0110301 -0.0108928 5.02802
-0.00420339 0.0105523 3.72264
-0.00923049 -0.00176994 5.02622
-0.00221767 -0.0153648 5.4087
-0.00254859 -0.0104143 5.05261
0.00213544 -0.00632958 4.01845
0.0074365 -0.00588133 2.92686
0.0090387 -0.00672254 2.58938
0 0 -1
0.00789038 -0.0313304 5.07845
-0.00776261 -0.0292967 8.9328
-0.0054262 -0.0128579 6.66515
-0.00402173 -0.00472658 5.69898
0.00128773 0.00306447 3.31262
0.00352142 -0.00528171 3.36603
0.00661718 -0.00888551 2.49665
0.0331361 -0.0173977 -7.6351
0.0576126 -0.0381439 -14.7744
0.00519516 -0.031129 7.31291
-0.0114184 -0.0374693 16.1022
-0.0236629 -0.00392187 17.8321
-0.0108504 -0.0214811 12.8467
0.15792 0.0182938 -80.5662
-0.00516967 -0.0340654 11.1114
-0.0137658 -0.0380049 16.7354
-0.0322645 -0.057015 29.1784
-0.00735225 -0.0431545 12.8232
0.0106041 -0.0647211 3.32009
0.0226634 -0.066977 -4.20987
-0.0133168 -0.038211 17.5407
-0.0112716 -0.0580754 17.9162
-0.0230051 -0.0405219 24.3375
0.0100413 -0.0453713 1.15679
0.0101385 -0.0262797 -0.568341
-0.00891021 -0.0328302 15.3682
-0.00576138 -0.0256999 11.7289
0.0259632 -0.00893945 -16.4439
0.0138835 -0.0329149 -4.4423
0.0879043 -0.175333 -48.9789
0.0190059 -0.0491915 -8.18348
-0.146889 0.069313 138.82
0.0440293 0.0813841 -39.6747
0.20344 0.156091 -198.752
0.054375 -0.0570263 -39.5865
-0.00628176 -0.0850698 22.6972
-0.231011 -0.0969088 255.174
-0.151605 -0.715498 232.811
-0.0452728 -0.104839 65.8738
-0.00458881 -0.0368607 13.691
0.00684094 0.0961157 -9.13606
-0.017166 -0.0229949 27.3814
0 -0.0653452 12.7748
0.00154661 -0.0677212 11.4309
0.0129593 -0.0852132 -0.42867
-0.025327 -0.249578 65.4411
-0.022489 -0.174688 53.0476
0.0413945 -0.0281332 4.91406
0.0612535 -0.000696065 1.5879
0.0192048 0.00544149 3.13888
-0.00357379 0.00686481 4.34298
-0.0151209 0.00139578 5.62984
-0.0165805 0.000397871 5.67216
-0.00154617 -0.00708627 4.54868
0.00389433 -0.00290894 3.29765
0.0123703 0.000384185 1.5462
0.000179098 -0.00279407 4.14604
-0.00204579 -0.00623472 5.00831
0.000530949 -0.0110822 4.73053
0.00316617 0.00360191 2.35397
0.0041196 0.00342223 2.20916
0.00544662 -0.00253051 2.61392
0.00249317 0.0026457 2.99115
0.00719323 0.000813524 1.55595
0.000129546 -0.00314095 4.52789
0.0260571 -0.0276757 -3.21938
0.0414977 -0.0502636 -7.06573
0.00738999 -0.0419774 7.20232
-0.0007813 -0.0449666 11.8264
-0.0137405 -0.0670771 20.1144
-0.0364489 -0.0447488 27.986
-0.00933546 -0.0431493 14.0366
-0.0142266 -0.0526966 18.1139
-0.0310416 -0.0763683 30.6469
-0.0247905 -0.0691102 25.9901
-0.00489912 -0.0583875 13.1322
-0.0042908 -0.0528743 11.6011
0.0203929 -0.0402013 -6.05012
-0.000854719 -0.0305255 7.61814
-0.00842982 -0.0230045 11.3957
-0.00672745 -0.0439933 13.0215
0.0074498 -0.0442947 2.77375
0.0296862 -0.0517424 -12.4408
-0.00346963 -0.067016 15.5378
-0.00707652 -0.0432655 14.5093
-0.0186023 -0.0333192 23.1781
0.0042918 -0.0195202 2.65149
0.0468357 -0.134563 -16.95
0.00710553 -0.057974 4.73417
0.0145893 -0.0563023 -2.34291
0.0158401 -0.073265 -1.38978
0.0421177 -0.080076 -25.9342
0.0671849 -0.0239818 -55.9838
0.0537206 -0.00939293 -44.2161
0.0113701 -0.0652999 1.81398
0.0155093 -0.0374095 -5.2666
-0.0178741 -0.0489045 30.007
0.000389261 -0.0700572 12.4712
-0.00541635 -0.0534215 17.1274
0.00621599 0.0146563 -3.53214
-0.010174 -0.0310073 19.5268
0.0160028 -0.502744 49.718
0.00982867 -0.0780632 2.65318
0.00218244 -0.159588 21.1801
-0.00335282 -0.102922 20.6342
0.0577296 0.00785825 0.608461
0.049297 -0.0106144 3.93243
0.0172301 -0.00627111 4.73287
-0.010622 -0.00238657 6.1027
-0.0286472 -0.0135476 9.0445
-0.0113254 0.00122838 4.7453
0.0078937 0.0194479 -0.127232
0.00445647 0.0313817 -1.4598
0.000892748 0.0241891 0.21601
-0.0081259 0.0150893 3.23899
-0.00452946 0.0182077 2.10601
0.0118689 0.0202915 -2.10966
-0.692905 -0.0251788 199.613
-0.0129437 0.0198684 5.01478
0.00141187 0.0102474 2.17136
-0.00027478 0.00493452 3.56988
0.00232562 0.00446568 2.72122
-0.00341151 0.00741164 4.5251
-0.00977411 0.00883853 6.58462
0.00132105 -0.00191043 3.47185
-0.0276244 -0.00233679 16.2016
-0.0121744 -0.0350533 13.996
0.0163544 -0.131235 14.3215
-0.0255193 -0.064125 24.9356
-0.0176482 -0.055273 19.8365
-0.0187804 -0.0398421 18.1841
-0.000290409 -0.0205136 4.5735
-0.010311 -0.0125356 9.6743
-0.000112627 -0.045697 7.92046
0.00623379 -0.0387916 2.75595
0.00967996 -0.0355667 0.195356
-0.121329 0.0727472 74.8083
0.00404602 -0.0442042 5.39436
0.00763142 -0.0287745 0.388057
0.359581 -0.344272 -213.887
0.0123098 -0.0537154 0.408212
0.0416824 -0.0616511 -20.5312
-0.0222922 -0.0604538 29.6845
-0.0212908 -0.0352765 26.0589
0.151011 0.00606825 -125.856
-0.214673 0.00695416 189.273
0.0247875 -0.0484972 -13.0778
0.0193346 -0.0539636 -6.61734
-0.433839 -0.0498001 419.119
0.0138503 0.0044247 -12.035
0.00409315 -0.0645449 7.5234
0.0101189 -0.0487311 0.371219
0.0158605 -0.115936 2.66535
-0.00640627 -0.118752 26.541
0.035358 -0.49878 31.6398
0.00130148 -0.069232 11.2906
-0.00682306 -0.0404364 16.7193
-0.0158004 -0.0181958 23.1916
-0.002921 -0.0281591 10.5623
-0.014946 -0.0453993 26.4807
-0.404082 -0.0586177 493.096
-0.00541501 -0.0459602 16.2494
-0.0362317 -0.0949901 59.9533
0.0137385 0.0655271 -7.68166
0.0161853 0.0167884 0.367202
0.00405921 0.0240453 0.299616
-0.01416 -0.00914545 7.0909
0.0123984 0.0564528 -5.76973
0.00244466 0.0212682 0.270273
0.0286817 0.0709685 -11.1845
-0.00336524 0.0221135 0.99758
-0.00695973 0.0741508 -6.26113
-0.0118835 0.0718587 -4.69347
-0.0074698 0.0666161 -4.96703
0.00456319 0.0420854 -3.70208
0.00830859 0.0545723 -6.63104
-0.00349742 0.0528271 -2.96766
-0.0110196 0.0571221 -1.25766
-0.0141181 0.0617543 -0.861521
-0.00207735 0.0328926 -0.266807
-0.00261823 0.0281783 0.88925
-0.00327595 0.0268382 1.17866
-0.00918924 0.0306622 3.0417
-0.040371 0.026246 17.5088
-0.0283872 -0.0119374 18.2254
-0.0208624 -0.0512025 20.9438
-0.00297707 -0.0370317 9.41766
0.00135701 -0.0322776 6.00572
0.0145902 0.0415694 -12.5062
-0.0242987 0.0486056 7.66473
-0.0373354 0.0794705 10.7952
-0.017309 0.00983541 10.4045
-0.00812612 -0.00163213 6.46763
0.0070086 -0.0191758 -0.497168
0.00237972 9.17555e-06 -0.362631
-0.00704383 0.0629626 -3.59242
0.00368853 0.0291809 -5.73431
0.00961779 -0.0256619 -1.7344
0.0231506 -0.0347029 -10.5411
0.0104381 -0.0428468 1.26664
-0.0299168 0.00785026 24.6351
-0.00477952 -0.0304941 10.3997
0.0597502 0.156184 -77.1625
-0.110648 0.0808301 82.7098
0.00723519 -0.0207755 -1.13745
-0.00285306 0.0968848 -13.0035
-0.0109037 0.167599 -17.9806
0.011965 -0.0499895 -0.610727
0.00879351 -0.0336321 -0.728086
0.0145806 -0.034153 -6.51189
0.00355248 -0.0228344 1.43643
0.00956003 0.0829221 -23.6699
-0.00674283 -0.0537972 18.3487
-0.00106279 -0.0593826 12.5532
0.472855 0.0500417 -528.622
0.000424866 0.00768488 0.349969
0.000778442 -0.00574122 1.95545
-0.0109406 -0.0270482 20.0349
-0.0306477 0.00204469 38.8653
-0.0128618 -0.0116811 18.6283
-0.0286256 -0.0417137 44.1232
0.0222433 0.153711 -22.4138
0.0117544 0.0392836 5.91951
-0.056032 0.0588199 3.9834
-0.0115818 0.0349788 -0.649177
0.23733 0.102688 -34.5203
0.00997661 0.0263678 -1.66128
-0.00455583 0.0213279 0.957529
-0.00585913 0.100319 -8.91557
-0.0235435 0.101231 -6.35303
0.0136096 0.155508 -24.9085
0.00113508 0.165331 -24.1559
0.0170768 0.132009 -22.3991
0.00379815 0.175593 -25.658
0.000402362 0.0741596 -7.14436
-0.00451437 0.0795483 -7.0663
0.00726872 0.137844 -21.7819
-0.0079946 0.108027 -11.2486
-0.01317 0.0693347 -2.20167
-0.00882089 0.0464997 0.0601358
-0.0105214 0.0943217 -7.60014
-0.0152685 0.108293 -7.65553
-0.0309134 0.255916 -27.9887
-0.00970785 0.290802 -44.426
-0.00658929 0.272375 -42.544
-0.00351824 0.285861 -46.7077
0.030358 0.192048 -47.9753
0.0223169 0.172968 -40.1789
0.0163597 0.0192389 -1.60945
0.0104126 0.0145046 2.89749
0.0176732 0.29387 -60.6459
0.0141557 0.332473 -65.5913
-0.00433254 0.361254 -57.9869
0.0116884 0.366305 -70.1167
-0.00758549 0.414969 -65.6376
-0.0152892 0.362068 -49.1672
0.0121904 -0.00596346 -6.60667
-0.0116379 0.367517 -53.429
-0.056524 0.037493 41.8872
-0.0270253 0.0586969 14.1226
0.00832714 -0.0120401 -3.27063
0.0100631 -0.0146998 -4.40996
0.0127971 -0.0289842 -4.4117
0.0122426 -0.0191317 -6.05447
0.0198058 -0.0350456 -10.1649
0.00266393 -0.00654516 0.612415
0.00937161 -0.00985371 -4.73222
0.00601428 -0.00540752 -2.99229
0.0125453 -0.00416584 -9.38348
-0.00142641 -0.0267013 7.99766
-0.00511797 0.100818 -11.5431
-0.00526282 0.00214102 7.73877
0.00648404 0.0247982 -9.97771
-0.00326192 0.0350759 -1.10232
0.00104853 0.0468267 -7.98755
-0.00505508 0.046536 -0.939763
-0.0170436 0.0554965 11.7161
-0.0101149 -0.0256346 18.9475
0.0777931 -0.113734 -73.3208
0.113212 0.199942 -30.2057
0.0085829 0.177866 -22.688
-0.0426186 0.0913109 -3.53722
-0.0500803 0.0939608 -3.47471
-0.0207101 0.107778 -9.0417
-0.0159189 0.0703978 -1.65498
-0.0925592 -0.0758119 84.9139
-0.0531845 -0.0467221 72.3312
0.0137802 0.160125 18.8384
0.00463857 0.148811 23.3797
0.00397501 0.100389 34.4792
-0.0505016 0.115177 44.0578
-0.108644 0.0920239 63.7706
-0.133181 0.103543 67.8867
-0.150895 0.0607386 82.6116
-0.160739 0.0604391 85.9799
0.00906283 0.270905 -47.964
0.000900005 0.348673 -61.0771
0.00240838 0.371235 -66.533
0.0170516 0.37516 -73.1133
-0.0004213 0.325029 -55.399
-0.0186987 0.281816 -38.1547
-0.0318562 0.263135 -27.9172
-0.015331 0.270553 -37.6394
-0.00450191 0.303733 -50.014
9.52181e-05 0.299027 -51.4351
0.0126314 0.297269 -58.3018
0.0510171 0.0577353 -30.3733
-0.0200751 0.0433734 15.7329
-0.0112327 0.281509 -39.6296
0.0326804 0.295778 -70.9483
0.031101 0.306824 -71.833
0.0220496 0.342098 -72.3632
0.0182164 0.345897 -70.7092
0.0107906 0.332367 -62.3926
-0.0327687 0.385778 -40.5245
-0.00949613 0.394897 -60.7131
-0.00571838 0.355205 -55.0188
-0.015704 0.395373 -54.8654
-0.0372223 0.366813 -30.6647
-0.105497 0.379844 27.0055
0.0248463 0.318858 -74.5077
0.027979 0.297863 -72.8434
0.0152824 0.287447 -58.6223
0.00535994 0.014627 -4.42597
-0.0464823 0.591699 -67.8264
0.0027389 0.0331422 -4.92747
-0.00072319 0.0385388 -3.00215
0.00356649 0.0185316 -3.72467
-0.0229416 0.174387 -6.94779
-0.00714108 0.0122874 8.58185
-0.00823436 0.0676643 -0.751406
-0.00878565 0.0662948 -0.0433259
0.00669461 0.00228598 -5.84154
-0.000486356 0.00881096 2.60203
-0.00211086 -0.0131283 7.34174
-0.0429514 0.0112578 53.9963
0.00560065 -0.0149625 -1.55997
0.0210635 0.271532 -44.6771
0.00557005 0.253821 -40.0637
-0.0162614 0.243294 -36.7522
-0.0270122 0.311168 -52.0578
-0.110475 -0.0356092 78.4702
-0.118089 -0.0562895 84.1433
-0.0909099 -0.0726177 83.9548
-0.0820367 -0.0577204 78.897
0.0125064 0.109141 30.5961
-0.0115861 0.113924 34.5788
-0.00280628 0.118146 32.1565
-0.0663488 0.122559 46.5034
-0.100862 0.0891993 62.6374
-0.134065 0.0638598 77.3475
-0.155911 0.0662489 81.9964
-0.159629 0.0699857 83.2525
-0.155522 0.0562322 85.2307
-0.00567664 0.303247 -47.975
-0.0109411 0.281799 -41.2906
-0.0129458 0.282143 -40.8305
-0.015016 0.287133 -41.2388
-0.0155874 0.29019 -41.8235
-0.00992452 0.301324 -46.9214
-0.00214524 0.314739 -53.6479
0.00425858 0.324074 -58.9077
-0.000250893 0.329425 -57.6178
0.0018749 0.322944 -57.3505
0.00881454 0.329689 -62.9161
0.00100687 0.324212 -56.9076
0.00596779 0.292217 -52.9037
0.0174247 0.307071 -63.7316
0.0547078 0.277748 -81.8154
0.0333271 0.30616 -73.4591
0.0321406 0.293079 -69.6478
0.000464458 0.314354 -50.1161
0.0053775 0.311697 -54.0019
0.00101863 0.342776 -57.8049
0.0237274 0.352079 -76.997
-0.0134507 0.359731 -48.8231
-0.0149694 0.340866 -43.7733
-0.0245183 0.368076 -41.3534
0.00615786 0.338371 -62.0971
0.0306634 0.317951 -79.8704
0.0354942 0.323497 -85.9049
0.0189823 0.34544 -75.1813
0.0272349 0.387225 -92.4363
0.000179774 0.353575 -57.7854
0.0174748 0.398819 -86.7312
0.0544779 0.30319 -103.431
0.0626362 0.114505 -68.176
0.00022385 0.127831 -4.06
-0.0244994 0.109006 27.5785
-0.00147731 0.10149 2.5203
-0.00327738 0.109886 2.82186
-0.0240273 0.117964 25.2188
-0.490848 0.0882183 587.03
0.0362398 -0.00419775 -24.0498
-0.0120864 0.00167444 17.666
0.0135507 0.289452 -48.6808
0.00566917 0.28535 -47.4388
-0.0138453 0.289974 -47.7827
-0.0727062 0.0451902 54.3001
-0.122344 -0.0238166 76.6294
-0.126355 -0.0998228 94.5363
-0.11185 -0.031517 76.9362
-0.0765387 -0.003229 65.1266
0.0517035 0.406611 -55.0983
0.0760103 0.433734 -65.4844
-0.00887218 0.110681 35.0889
-0.044543 0.104838 45.2328
-0.120406 0.0772068 71.048
0 0 -1
-0.163647 0.0685645 85.0402
-0.161108 0.0456258 90.1282
-0.16882 0.0275541 97.3218
-0.00696686 0.256495 -37.4007
0.00408668 0.296487 -51.6207
-0.0107394 0.294775 -45.0673
-0.0043472 0.317685 -53.3039
-0.00438386 0.313247 -52.249
-0.000412961 0.315051 -54.4292
0.00754042 0.329924 -62.0014
-0.000267034 0.329647 -57.8375
-0.0018947 0.324683 -55.6198
0.00262417 0.319716 -57.0433
0.00416705 0.323429 -58.7295
-0.000478578 0.307779 -52.2408
0.00928874 0.31126 -59.1493
0.00806656 0.317813 -60.1094
0.0172599 0.309018 -64.0265
0.0322225 0.283019 -67.7552
0.0318391 0.287096 -68.326
0.0373072 0.291236 -73.2138
0.0256671 0.307311 -68.8539
0.0303232 0.309247 -72.489
-0.00622817 0.28961 -38.6444
0.012032 0.293326 -54.5295
-0.0123916 0.306124 -37.3158
-0.00822133 0.334389 -47.8482
-0.0200605 0.347643 -40.6997
0.0118761 0.324037 -63.6583
0.0329827 0.29261 -75.0005
0.0440628 0.240337 -71.1598
0.0439388 0.348807 -99.1545
0.0185515 0.394591 -85.3056
0.13309 0.222838 -156.946
0.122419 0.0947538 -112.988
0.0733615 0.0189581 -41.1975
0.0282286 0.00919429 9.33472
-0.0398809 0.209005 29.1254
-0.0812538 0.250197 65.0515
-0.0348619 0.507018 -52.7304
-0.0375456 0.524854 -54.1674
0.0115274 0.224731 -36.3671
0.00746715 0.200998 -24.7325
0.000740787 0.2126 -19.4826
-0.0635473 0.0601196 49.4446
0.00459334 0.294914 -49.7464
0.240613 -0.191687 96.8971
-0.0311372 0.0536915 48.6959
-0.0785592 0.0699985 47.6432
-0.0639181 -0.573454 215.792
0.047447 -8.33851 2291.24
0.00389817 0.0885188 37.639
0.00773379 0.0592073 45.2428
-0.0266784 0.0588786 52.4604
-0.0337816 0.0765363 49.4662
-0.0852806 0.062772 65.5565
-0.128914 0.00402024 92.4405
-0.144945 0.0293068 90.3485
-0.17385 0.00378237 104.955
-0.171185 -0.000405816 105.462
-0.206186 -0.0087721 119.945
0.00762291 0.322993 -59.8222
0.00339703 0.317208 -56.7072
0.00312838 0.316168 -56.1671
0.00308273 0.319015 -57.0001
0.00541114 0.324598 -59.5729
0.00297658 0.328882 -59.5113
0.00537574 0.326671 -60.028
0.00385339 0.323892 -58.4572
-0.00272342 0.321029 -54.011
0.00306399 0.327643 -59.2439
-0.00512219 0.320288 -52.4076
0.00313512 0.323589 -58.347
0.00319212 0.330617 -60.2624
0.00837818 0.32504 -62.1785
0.0139648 0.314782 -63.3084
0.0187405 0.307034 -64.5205
0.0389839 0.282248 -72.4335
0.0456734 0.278406 -76.0195
0.0395883 0.29168 -75.0925
0.0309216 0.280923 -65.0437
0.0632416 0.268572 -87.4335
0.0465251 0.104369 -27.9862
-0.00945769 0.136823 9.87364
0.0179952 0.281002 -57.2637
-0.000755781 0.285788 -41.3066
0.0206948 0.269856 -56.8454
0.0405251 0.188823 -54.2076
0.0261316 0.239847 -54.7877
0.0673147 0.242032 -94.9544
0.0659066 0.1794 -77.3986
0.0773186 0.11366 -71.1474
0.0815784 0.0449028 -57.1883
0.0288776 0.0271903 4.00245
0.00530344 0.0053114 35.4499
0.010656 0.114062 -1.22194
-0.0315339 0.166435 30.6174
-0.0104951 0.141748 12.9467
-0.0131216 0.144583 14.7765
-0.0146164 0.17106 10.2091
-0.0114362 0.174874 4.69607
0.0140085 0.175576 -26.4001
-0.00536124 0.206949 3.18804
-0.0638281 0.0598297 49.5446
-0.0670093 0.0548965 51.1195
-0.0333807 0.095613 37.2704
0.0155515 0.138879 20.7841
0.0444144 0.19615 1.62643
0.000510238 0.10376 33.8017
0.00178141 0.0699469 43.2356
-0.00355664 0.0348551 54.3187
-0.0271294 -0.218937 132.761
-0.0496663 0.0924122 48.5593
-0.132266 0.053089 80.2165
-0.154805 0.0301048 91.8943
-0.167596 0.0078088 101.684
-0.168213 -0.0100944 107.102
-0.164387 -0.00711528 104.988
-0.184228 -0.0091508 112.407
-0.0110043 0.31432 -49.9459
-0.0109502 0.315772 -50.3622
0.00680259 0.320215 -58.9207
0.00395784 0.325457 -59.1078
0.00716088 0.327587 -61.1464
0.00521998 0.322542 -58.7576
0.00344095 0.320208 -57.2808
0.00512384 0.318436 -57.6893
0.00555741 0.316011 -57.274
0.00456003 0.326264 -59.6489
0.00470335 0.329384 -60.7443
0.00282607 0.328567 -59.5259
0.00867261 0.331017 -63.8752
0.00388083 0.326379 -59.4377
0.00877338 0.324354 -62.2377
0.00750961 0.319359 -59.9309
0.00749419 0.318034 -59.7419
0.0456873 0.292927 -80.3578
0.0611188 0.306833 -96.0583
0.0277292 0.285148 -64.1567
0.0381068 0.259366 -65.9785
0.0257652 0.208802 -40.8916
-0.0273686 0.238225 -4.41279
-0.0162461 0.248112 -16.7776
-0.0110633 0.281867 -31.6723
-0.0125403 0.276213 -27.5769
-0.0291459 0.295555 -18.34
-0.0134691 0.271932 -26.3188
0.0316882 0.227394 -57.2132
0.0248786 0.217296 -47.804
0.055368 0.144077 -57.7275
0.0593367 0.0776798 -42.8924
0.0321137 0.0807218 -15.6498
0.00165334 0.015514 36.4664
-0.0132897 0.128473 20.298
-0.0167536 0.17711 9.23398
-0.0133303 0.175395 5.55025
0.00392509 0.191514 -19.0884
0.00152631 0.165387 -8.54851
-0.0135029 0.200052 -0.870081
0.0121601 0.184732 -27.1402
-0.018849 0.05652 61.02
-0.018838 0.0569637 60.8888
-0.0196567 0.0588124 60.325
-0.0141828 0.0580996 60.1091
-0.00655339 0.0465344 63.3998
-0.0389053 0.0195498 75.5931
-0.0481717 0.0140805 78.3408
-0.0944329 0.0655751 68.6734
-0.101509 0.110354 56.3832
-0.13769 0.0525821 81.6395
-0.160167 0.0333409 92.6504
-0.104707 -0.0856716 116.791
-0.19229 0.00113789 110.638
-0.178644 -0.0140405 111.206
-0.182828 -0.0454744 122.379
-0.132509 -0.0138709 96.4067
-0.111866 0.233293 12.4721
-0.00169621 0.317642 -54.5755
0.000316224 0.325424 -57.7982
0.00715908 0.329796 -61.9708
0.00517058 0.327524 -60.3689
0.00690198 0.32858 -61.3976
0.00278505 0.321802 -57.3607
0.0058124 0.321686 -58.8176
-0.00343478 0.322763 -54.3731
0.00977876 0.326272 -62.7273
0.00380497 0.325382 -58.9857
0.0118698 0.329703 -65.1169
0.00374777 0.330997 -60.7015
-0.00125421 0.32945 -57.0567
0.00551629 0.318572 -58.137
0.00091766 0.320819 -55.7297
0.00166493 0.323627 -57.0809
0.00459806 0.326626 -60.1621
0.0138895 0.315277 -63.5026
0.0289527 0.296496 -68.7986
0.0119558 0.278991 -49.6104
0.0122587 0.282699 -51.4067
0.00141145 0.29053 -44.9871
0.00578792 0.304507 -53.1912
0.000698065 0.299 -46.8211
0.00112359 0.318246 -53.1762
-0.0133952 0.314668 -38.9249
-0.00861675 0.324834 -46.7193
-0.0074681 0.336111 -51.4502
0.0180285 0.301335 -65.524
0.0217645 0.256244 -55.647
0.0180549 0.255262 -52.3432
-0.00950441 0.29976 -37.8437
-0.0174746 0.294962 -28.0313
0.00815511 0.308298 -59.9608
0.00454352 0.241535 -35.0637
0.00342787 0.266213 -41.4898
0.012516 0.257881 -49.0992
-0.00542721 0.262151 -29.5735
-0.00359922 0.260486 -31.2192
-0.0030111 0.259847 -31.4407
-0.0105558 0.273511 -25.9634
-0.0193842 0.0562982 61.1076
-0.0192234 0.0535291 62.0407
-0.0155143 0.0545051 61.5544
-0.0154702 0.0585018 60.3274
-0.0396635 0.0223974 74.5884
-0.0421829 0.0103113 78.9772
-0.0298127 0.110835 44.0807
-0.0654137 0.0265355 76.9094
-0.115156 0.0452223 79.3714
-0.131203 0.016885 91.7689
-0.158283 0.0156959 97.9775
-0.18538 0.00154686 108.683
-0.193023 -0.00129193 111.331
-0.183008 -0.00164154 108.473
-0.0208356 0.25488 -27.3183
-0.0348002 0.255661 -22.841
-0.0125806 0.286322 -40.2839
0.0047055 0.318027 -57.1297
0.00418549 0.325629 -59.3586
0.00641027 0.327795 -61.0512
0.00779424 0.328928 -61.9869
0.00259008 0.321539 -57.1785
0.00573505 0.320887 -58.4592
0.000978102 0.31937 -55.4774
0.00396318 0.320014 -57.3539
0.00726854 0.329372 -62.1534
-0.000725168 0.320691 -54.7542
0.00316861 0.324278 -58.2281
0.00236782 0.327267 -58.7423
0.00153752 0.324097 -57.1756
-0.000286132 0.320912 -55.0148
0.00541563 0.31935 -58.2935
0.00623625 0.318883 -58.7548
0.00604557 0.323368 -60.1024
0.0117079 0.31347 -61.08
0.00977224 0.310009 -58.4302
0.0263276 0.298962 -67.9355
0.0308296 0.293979 -69.3909
0.0226072 0.31853 -71.4322
0.0207609 0.337207 -75.9704
0.00161111 0.337495 -59.8311
-0.0126544 0.308422 -37.1005
-0.0132276 0.358035 -53.2326
-0.00452357 0.344786 -57.0164
0.00197974 0.330589 -58.1509
0.00398654 0.333486 -61.5807
0.00802227 0.321411 -61.2312
-0.0165153 0.336816 -42.0924
-0.0303363 0.339589 -29.2975
-0.0114723 0.317494 -41.0688
-0.00642222 0.333874 -52.3314
-0.00197886 0.32124 -52.8307
-0.00720265 0.318073 -46.0232
0.0143947 0.291411 -61.7825
0.0191032 0.288595 -66.032
0.0141325 0.289176 -60.6869
0.0106939 0.296924 -59.3405
0.0295481 0.302206 -83.9586
-0.0225346 0.0555542 61.4087
-0.0226384 0.0519968 62.6898
-0.0215354 0.048328 63.9856
-0.027879 0.0319627 70.3792
-0.0558784 -0.0107588 87.8747
-0.0354183 -0.00413847 83.415
0.000542231 0.0306879 65.541
-0.0551358 0.00844151 81.3256
-0.0919931 0.00821152 87.3875
-0.144806 0.0149764 95.374
-0.185553 0.00910579 106.084
-0.188428 0.000825476 109.564
-0.122677 0.0665843 68.5802
-0.137419 0.0686297 71.5288
0.0162383 0.331082 -65.5004
0.00511849 0.300684 -51.1432
0.00724455 0.313014 -56.2006
0.00742501 0.326278 -60.7953
0.0071207 0.321333 -59.038
0.0091268 0.318295 -58.7748
-0.00262305 0.31378 -52.0975
0.00203579 0.31523 -54.6213
0.00140979 0.314128 -53.9166
0.00261353 0.312923 -54.1155
0.00845873 0.32051 -59.8186
0.00820911 0.315626 -57.9746
0.00361151 0.322791 -58.0057
0.00564343 0.31535 -56.5025
-0.00231302 0.315028 -51.5685
-0.00509947 0.324318 -53.095
0.00109437 0.325013 -57.3297
0.00098315 0.310574 -52.0824
0.00298944 0.310498 -53.4239
0.00679332 0.310758 -56.2545
0.00824715 0.31587 -59.1733
0.00872464 0.308358 -56.9448
0.0106369 0.311492 -59.6147
0.0313312 0.303613 -73.4376
0.0342889 0.337037 -87.2153
0.0107047 0.359619 -74.7614
-0.00788081 0.337855 -51.126
0.00474458 0.337464 -62.4881
0.0392677 0.362638 -102.363
0.134029 0.220933 -138.424
0.0983805 0.137749 -75.1873
-0.00053889 0.345693 -61.0625
-0.000680714 0.340811 -59.6672
-0.0275432 0.375691 -44.3128
-0.0372496 0.315698 -13.1658
-0.00447855 0.307812 -44.8839
-0.00695338 0.331563 -49.9445
-0.0146361 0.331569 -41.8035
-0.00880282 0.363946 -59.4843
-0.0106921 0.299769 -35.727
-0.00781989 0.26317 -26.1997
0.0198016 0.264684 -59.3758
0.0252243 0.264715 -65.7165
0.0317585 0.27895 -78.8325
-0.0252093 0.0530532 62.3592
-0.00999192 0.0493528 62.5472
-0.0274415 0.0464761 64.8793
-0.0339211 0.0317586 70.6982
-0.0453854 -0.0016439 83.9664
-0.0303771 -0.0624984 102.847
-0.0295825 0.0132898 75.5598
-0.0626075 0.0010956 85.2069
-0.0974087 0.0192385 84.3508
-0.117329 -0.00149115 95.4685
-0.169038 0.00664453 103.243
-0.16335 0.0210803 95.9625
-0.0670539 0.168503 17.2155
-0.0298874 0.237753 -17.9235
0.000788484 0.294968 -47.6954
0.0117249 0.297042 -51.9889
0.0163926 0.306119 -56.8809
0.00695245 0.31403 -56.3133
0.00847127 0.310129 -55.587
0.00225273 0.302747 -50.3616
0.00326438 0.296069 -48.3611
-8.71164e-05 0.291054 -44.9668
-0.00423198 0.28244 -39.8517
0.0101893 0.279083 -45.8801
0.0152335 0.295171 -54.3083
0.00433507 0.297689 -49.3787
0.000899947 0.302424 -49.2046
0.00649438 0.286719 -46.7698
0.00219153 0.29094 -45.7328
-0.00287813 0.288185 -41.5741
0.00328307 0.297926 -49.0281
0.00303075 0.29836 -49.0449
0.00520617 0.296656 -50.0316
0.00293046 0.298636 -49.0536
0.00558474 0.297473 -50.5559
0.00447005 0.3005 -50.846
0.0105308 0.298098 -54.7413
0.034667 0.297004 -73.684
0.0614094 0.305825 -98.7443
0.0278016 0.37543 -95.3288
-0.0141809 0.344256 -47.9384
-0.01718 0.327549 -39.2634
0.0384581 0.287602 -75.2724
0.114371 0.221376 -121.026
-0.00721289 0.109512 35.1154
-0.0129474 0.357321 -52.5497
-0.0148195 0.361846 -52.5611
-0.0391169 0.346847 -22.2771
-0.0650048 0.320272 14.0195
-0.0144099 0.272515 -22.5748
0.0242025 0.278834 -65.544
0.00212862 0.305587 -51.111
-0.00754197 0.329298 -48.7818
-0.0380219 0.33651 -16.7661
-0.0385099 0.320406 -10.5212
0.0314661 0.244142 -65.967
0.0494867 0.280193 -100.421
0.0353872 0.306758 -93.0223
