0 1 3
1 2 3
2 3 0
3 4 3
4 5 0
5 6 3
6 7 3
7 8 3
8 10 3
10 78 0
78 80 3
80 81 3
81 139 3
139 141 3
141 196 3
26 141 0
26 86 3
28 86 3
28 29 3
29 30 3
30 31 3
31 32 3
32 33 3
33 34 0
34 35 1
35 36 0
36 37 3
37 38 3
38 39 3
39 40 1
40 41 3
41 42 3
42 43 3
43 44 3
44 45 3
45 46 3
46 47 3
47 48 3
48 49 0
49 50 0
50 51 3
51 52 3
52 53 1
53 54 3
54 55 3
55 56 1
56 57 3
10 12 0
12 78 3
78 133 3
12 133 3
84 141 3
26 84 0
39 98 1
40 98 3
5 63 3
8 67 3
10 68 3
4 63 3
8 68 3
12 69 3
2 61 0
67 68 3
10 69 0
78 81 3
41 98 3
3 61 3
4 61 3
6 63 3
81 133 3
84 196 3
29 86 3
43 101 3
4 62 3
62 63 3
6 65 3
7 65 3
34 92 3
44 101 3
33 92 0
35 94 0
36 94 3
45 103 3
46 104 3
48 106 3
49 107 1
50 108 1
31 89 0
32 89 0
38 96 3
41 100 3
42 100 3
43 100 3
44 103 3
45 104 3
51 109 1
53 111 1
54 111 1
55 113 1
0 58 3
30 89 0
32 90 0
32 91 0
33 91 0
35 92 0
37 94 3
37 95 3
39 96 3
41 99 3
44 102 3
47 105 3
49 108 1
50 109 1
52 109 1
52 111 1
54 112 1
56 113 3
56 114 3
57 115 1
1 58 3
68 69 0
26 85 0
30 88 0
89 90 2
95 96 3
98 99 3
99 100 3
103 104 3
47 104 3
105 106 3
48 107 3
107 108 3
108 109 3
111 112 3
55 112 1
114 115 1
6 122 1
71 133 3
85 86 1
88 89 3
100 101 3
2 60 3
60 61 0
65 122 1
7 67 3
12 71 3
136 139 3
84 85 3
35 93 0
94 95 3
39 97 1
106 107 3
90 91 3
92 93 0
97 98 3
101 102 3
102 103 3
104 105 3
113 114 3
1 60 3
29 87 0
109 111 1
67 124 3
29 88 0
91 92 3
112 113 2
61 62 3
65 67 3
16 81 3
81 136 3
93 94 3
65 124 3
86 87 0
96 97 1
142 196 3
84 142 3
58 60 3
63 122 1
61 120 3
62 120 3
135 136 0
85 87 3
109 168 1
111 168 3
61 119 3
87 88 3
119 120 3
139 198 3
85 144 3
87 144 3
58 117 0
60 117 0
67 126 3
87 145 3
92 151 0
94 153 3
95 153 3
114 172 1
68 126 3
12 129 3
71 129 3
88 145 3
93 151 3
113 172 2
60 119 0
69 127 3
12 127 3
75 81 3
141 198 3
85 142 3
91 208 3
98 156 0
100 158 3
101 158 3
103 161 3
63 121 3
12 128 3
71 130 3
92 208 3
97 156 0
99 156 0
99 158 3
104 161 3
106 165 3
107 165 3
112 170 3
115 172 3
62 121 3
127 128 3
128 129 3
130 133 3
75 133 3
104 162 3
111 170 3
65 123 3
75 136 3
75 135 1
96 154 3
97 155 0
99 157 0
101 159 3
105 162 3
105 163 3
108 166 3
109 166 3
113 171 3
58 116 3
60 118 0
120 121 3
122 123 0
123 124 3
67 125 3
90 206 3
90 149 3
91 149 3
150 151 0
94 210 3
95 154 3
156 157 3
158 159 3
102 161 3
106 164 3
111 169 3
115 173 3
118 119 3
124 125 3
68 127 0
85 143 3
89 147 3
94 151 3
154 155 3
155 156 3
157 158 1
102 159 3
163 164 3
165 166 3
168 169 3
169 170 3
171 172 3
172 173 3
116 117 0
125 126 3
142 143 3
144 145 3
90 147 2
149 206 3
149 208 3
92 150 3
153 210 3
162 163 3
113 170 2
126 127 0
88 146 3
150 208 3
153 154 3
102 160 3
164 165 3
109 167 1
121 122 1
129 130 3
196 200 3
143 144 3
88 147 3
159 160 3
161 162 3
166 167 1
167 168 3
196 198 3
170 171 3
117 118 2
146 147 3
151 210 3
145 146 3
147 206 2
136 198 3
198 200 3
153 212 3
160 161 3
121 179 3
133 189 3
130 189 3
133 190 3
120 179 3
189 190 3
135 192 2
156 214 3
133 135 3
123 181 3
126 184 3
135 193 2
142 200 3
154 212 3
158 217 0
162 220 3
117 176 1
118 176 1
122 180 0
124 181 3
149 207 3
155 214 3
159 217 0
161 220 3
125 184 3
136 253 3
198 253 3
206 207 3
207 208 3
158 216 0
166 224 3
173 231 3
157 216 3
119 176 1
178 179 3
190 192 2
133 192 2
151 209 3
161 219 3
163 222 3
164 222 3
165 223 3
166 223 3
172 231 3
117 175 2
119 178 2
120 178 2
121 180 3
124 182 3
125 182 3
144 202 3
147 205 3
210 212 3
155 212 3
216 217 3
219 220 3
163 221 3
175 176 3
125 183 3
143 202 3
146 205 3
220 221 3
167 224 3
168 226 3
169 227 3
170 228 3
171 228 3
116 174 3
182 183 3
184 242 3
192 193 0
145 202 3
145 203 3
146 204 3
157 215 3
215 216 3
167 226 3
170 227 3
171 229 3
172 229 3
172 230 3
174 175 3
179 180 3
127 184 1
136 194 3
202 203 3
203 204 3
204 205 3
205 206 2
151 208 1
155 213 3
214 215 3
160 217 0
160 219 3
221 222 3
165 222 3
169 226 3
230 231 3
183 184 3
127 243 1
193 194 3
209 210 3
160 218 3
226 227 3
227 228 3
229 230 3
176 178 0
200 256 3
200 257 3
143 200 3
217 218 1
218 219 3
223 224 3
181 182 3
184 243 3
129 188 3
130 188 3
194 253 3
198 256 3
212 213 3
213 214 3
222 223 3
228 229 3
122 181 0
242 243 3
128 244 1
127 244 1
180 181 3
143 259 3
180 238 1
243 244 3
188 189 3
202 259 3
208 209 0
198 312 3
128 188 3
190 249 3
200 259 3
178 235 1
188 244 1
192 250 0
212 268 3
210 268 3
176 235 3
188 245 1
190 250 3
256 257 3
209 268 3
213 271 3
178 236 1
190 248 3
194 252 3
206 265 2
212 271 3
220 278 3
244 245 3
207 265 3
268 270 3
219 278 3
227 285 3
235 236 3
248 249 3
249 250 3
212 270 3
167 283 3
226 285 3
194 251 3
256 312 3
200 258 3
258 259 3
270 271 3
224 283 3
226 283 3
230 288 3
231 289 3
182 240 3
190 247 3
251 252 3
222 280 3
227 286 3
231 288 3
181 240 3
183 242 3
189 247 3
203 262 3
204 262 3
208 265 0
217 274 3
217 275 3
223 280 3
228 286 3
247 248 3
215 273 3
216 274 3
218 276 3
224 282 3
175 233 3
178 237 1
181 239 3
183 240 3
188 247 3
253 312 3
214 271 3
214 272 3
215 272 3
216 273 3
218 275 3
219 276 3
221 278 3
221 279 3
222 279 3
223 281 3
223 282 3
282 283 3
288 289 3
174 233 3
176 234 3
179 237 1
180 239 3
257 258 3
202 260 3
203 261 3
205 263 3
206 263 2
219 277 3
278 279 3
229 287 3
233 234 3
179 238 1
238 239 0
239 240 3
193 251 2
260 261 3
262 263 3
263 265 3
275 276 3
312 314 3
259 260 3
209 267 3
273 274 3
276 277 3
279 280 3
280 281 3
283 284 3
226 284 3
285 286 3
229 286 3
287 288 3
234 235 3
236 237 3
240 242 3
261 262 3
267 268 3
271 272 3
281 282 3
284 285 3
286 287 3
252 253 3
277 278 3
272 273 3
188 246 1
193 250 2
179 295 3
242 299 3
245 246 3
250 251 3
237 295 0
240 299 3
246 247 0
208 267 0
238 295 0
265 322 3
263 322 3
265 324 3
265 267 3
267 324 3
247 305 3
248 305 3
268 328 3
281 339 3
282 341 3
283 341 3
288 347 3
289 347 3
256 314 3
257 314 3
267 325 3
268 326 3
270 328 3
275 334 3
276 334 3
174 464 0
233 464 0
252 310 3
253 310 3
259 317 3
260 317 3
265 323 3
324 325 3
326 328 3
271 329 3
280 339 3
322 323 3
323 324 3
270 329 3
268 325 3
276 335 3
277 335 3
236 295 0
238 296 3
239 296 1
244 302 3
245 302 3
257 372 3
258 317 3
279 338 3
280 338 3
234 292 2
235 292 2
239 298 3
240 298 3
298 299 3
245 303 3
249 307 3
250 307 3
314 372 3
261 320 3
262 320 3
272 330 3
277 336 3
278 336 3
282 340 3
286 344 3
287 344 3
287 345 3
287 346 3
288 346 3
233 291 2
234 291 2
239 297 3
299 300 3
242 300 3
243 301 3
243 302 3
246 303 3
246 305 3
248 306 3
251 309 3
263 320 3
263 321 3
273 330 3
279 337 3
281 340 3
340 341 3
236 293 0
296 297 0
300 301 3
305 306 3
306 307 3
250 309 3
309 310 3
260 318 3
261 318 3
321 322 3
274 275 3
336 337 3
338 339 3
236 292 2
293 295 3
295 296 1
297 298 3
320 321 3
325 326 3
271 330 3
274 331 3
334 335 3
284 341 3
345 346 3
346 347 3
317 318 3
273 331 3
337 338 3
291 464 0
291 292 3
292 293 0
301 302 3
302 303 3
318 320 3
328 329 3
335 336 3
339 340 3
330 331 3
274 391 3
285 344 3
344 345 3
329 330 3
275 391 3
285 341 3
285 400 3
285 401 3
331 391 3
400 401 3
307 424 3
250 424 3
334 391 3
341 400 3
320 377 3
293 352 3
295 352 3
309 424 3
257 317 3
318 377 3
344 401 3
303 305 3
303 362 3
303 363 3
305 363 3
347 404 3
293 351 3
362 363 3
307 365 3
291 349 2
292 351 0
365 424 3
310 369 3
339 397 3
340 397 3
346 404 3
349 464 0
253 369 3
328 386 3
329 387 3
334 392 3
335 392 3
257 374 3
317 374 3
329 386 3
330 387 3
345 404 3
298 356 3
257 373 3
326 385 3
330 388 3
335 393 3
297 356 3
309 367 3
310 367 3
253 314 3
372 373 3
373 374 3
317 375 3
317 376 3
318 376 3
325 383 3
326 383 3
328 385 3
392 393 3
344 403 3
345 403 3
292 350 2
299 356 2
301 359 3
302 359 3
367 424 3
322 380 3
324 383 3
338 396 3
339 396 3
403 404 3
291 350 2
350 351 3
351 352 3
303 361 3
306 364 3
307 364 3
314 371 3
374 375 3
321 380 3
323 380 3
331 388 3
336 393 3
337 395 3
338 395 3
349 350 2
296 354 2
300 357 3
300 358 3
302 361 3
361 362 3
305 364 3
310 368 3
371 372 3
320 378 3
320 379 3
321 379 3
323 381 3
324 382 3
326 384 3
387 388 3
336 394 3
395 396 3
397 398 3
340 398 3
341 399 3
344 402 3
295 353 2
295 354 2
357 358 3
358 359 3
364 365 3
367 368 3
375 376 3
377 378 3
378 379 3
380 381 3
381 382 3
383 384 3
391 392 3
393 394 3
398 399 3
399 400 3
401 402 3
402 403 3
404 405 3
352 353 3
356 357 3
299 357 3
363 364 3
368 369 3
386 387 3
337 394 3
396 397 3
353 354 2
302 360 3
379 380 3
384 385 3
385 386 3
359 360 3
331 447 3
394 395 3
360 361 3
376 377 3
391 447 3
253 428 3
297 354 1
369 428 3
314 428 3
382 383 3
388 447 3
371 428 3
391 449 3
392 449 3
354 412 1
297 413 3
391 448 3
354 413 0
356 413 3
356 414 3
387 445 3
372 430 3
373 430 3
388 445 3
362 420 3
371 430 3
386 444 3
412 413 0
357 415 3
363 420 1
380 438 3
381 438 3
384 442 3
385 444 3
399 458 3
400 458 3
407 464 0
353 412 1
424 425 3
375 434 3
376 434 3
377 436 3
378 436 3
383 442 3
447 448 3
448 449 3
392 450 3
397 455 3
349 407 2
359 417 3
363 421 3
367 426 3
369 427 3
373 431 3
374 431 3
377 434 3
385 443 3
445 446 3
388 446 3
393 450 3
398 455 3
401 459 3
402 459 3
404 463 3
405 463 3
350 408 1
356 415 3
358 415 3
358 416 3
359 416 3
360 417 3
361 420 3
420 421 0
368 426 3
368 427 3
374 432 3
378 437 3
379 437 3
383 441 3
384 443 3
350 407 1
351 408 2
351 409 3
352 410 3
414 415 3
371 429 3
431 432 3
375 432 3
381 439 3
382 439 3
382 441 3
449 450 3
393 451 3
394 451 3
394 452 3
396 454 3
397 454 3
398 456 3
399 457 3
458 459 3
402 460 3
403 461 3
404 462 3
353 410 2
416 417 3
367 425 3
430 431 3
375 433 3
379 438 3
441 442 3
387 444 3
446 447 3
450 451 3
395 452 3
395 454 3
455 456 3
456 457 3
457 458 3
460 461 3
461 462 3
462 463 3
408 409 2
353 411 3
415 416 3
365 423 3
425 426 3
426 427 3
427 428 3
428 429 3
429 430 3
433 434 3
451 452 3
454 455 3
459 460 3
408 465 0
351 410 3
411 412 1
413 414 3
361 419 3
419 420 3
364 421 3
437 438 3
438 439 3
382 440 3
442 443 3
443 444 3
395 453 3
407 408 2
424 482 3
436 437 3
439 440 3
440 441 3
444 445 3
452 453 3
407 465 0
360 419 3
423 424 3
432 433 3
434 436 3
453 454 3
409 410 3
410 411 3
423 482 3
364 480 3
364 423 3
423 480 3
444 502 3
408 466 0
481 482 3
427 485 3
465 466 1
480 481 3
423 481 3
434 493 3
436 493 3
417 476 0
421 479 3
428 485 1
413 470 1
413 472 0
414 472 0
414 473 0
412 470 3
360 476 0
441 499 3
455 513 3
472 473 1
416 474 0
416 476 0
419 476 0
419 478 2
421 480 3
432 490 3
433 490 3
445 503 3
456 513 3
464 465 3
410 468 3
415 473 0
416 473 2
420 478 0
436 494 3
444 503 3
454 512 3
455 512 3
456 515 3
457 515 3
459 517 3
462 520 3
463 520 3
408 467 2
409 467 3
474 476 3
419 477 0
421 478 3
429 487 3
430 487 3
437 494 3
449 508 3
450 508 3
452 510 3
453 512 3
458 515 3
460 517 3
464 522 3
411 468 2
473 474 0
476 477 3
425 482 3
426 484 3
428 486 3
431 490 3
437 495 3
440 499 3
441 500 3
442 500 3
442 501 3
443 501 3
445 504 3
446 504 3
447 504 3
448 506 3
449 507 3
450 509 3
451 509 3
451 510 3
453 511 3
456 514 3
458 516 3
460 518 3
461 519 3
465 522 3
410 467 3
411 470 1
470 528 0
471 472 0
475 476 3
477 478 3
482 483 3
425 483 3
425 484 3
426 485 2
486 487 3
431 489 3
438 495 3
439 496 3
440 498 3
501 502 3
447 506 3
448 507 3
507 508 3
509 510 3
510 511 3
511 512 3
513 514 3
515 516 3
516 517 3
518 519 3
463 521 3
413 471 2
474 475 3
479 480 3
485 486 0
430 489 3
493 494 3
439 497 3
498 499 3
508 509 3
514 515 3
520 521 3
411 528 0
478 479 3
484 485 2
494 495 3
439 495 3
496 497 3
502 503 3
503 504 3
517 518 3
462 519 3
470 471 0
495 496 3
447 505 3
466 467 1
468 528 0
483 484 3
497 498 3
505 506 3
506 507 3
512 513 3
519 520 3
467 468 3
434 492 3
500 501 3
487 489 3
489 490 3
433 492 3
492 493 3
499 500 3
504 505 3
470 587 3
471 587 1
490 492 3
487 547 2
489 547 2
495 554 3
496 554 3
474 532 1
495 553 3
467 525 3
473 532 2
479 537 3
480 537 3
553 554 3
466 525 1
484 542 2
504 562 3
465 523 3
481 540 3
484 541 2
493 551 2
505 562 3
506 564 3
466 523 0
473 531 1
482 540 2
482 541 2
483 541 2
541 542 3
490 547 2
494 551 2
502 560 3
503 562 3
505 564 3
507 564 3
517 575 3
518 575 3
467 526 0
481 539 3
539 540 3
485 542 2
490 548 2
492 551 2
503 560 3
508 566 3
509 567 3
468 526 0
480 539 3
487 545 2
545 547 3
546 547 3
547 548 3
490 549 2
492 549 2
507 566 3
509 566 3
510 567 3
519 577 3
466 524 2
524 525 1
525 526 0
480 538 3
486 544 3
487 544 3
548 549 3
518 577 3
522 523 3
537 538 3
538 539 3
544 545 3
545 546 3
492 550 2
494 553 3
497 555 3
498 556 3
499 557 3
500 558 3
501 559 3
502 559 3
503 561 3
505 563 3
507 565 3
566 567 3
511 569 3
511 570 3
512 570 3
513 571 3
514 572 3
515 573 3
516 574 3
516 575 3
518 576 3
520 577 3
520 579 3
521 579 3
526 528 0
475 533 1
477 534 1
478 536 3
478 537 3
549 550 3
550 551 3
494 552 2
554 555 3
555 556 3
556 557 3
557 558 3
558 559 3
560 561 3
561 562 3
563 564 3
565 566 3
510 568 3
510 569 3
570 571 3
514 571 3
572 573 3
573 574 3
575 576 3
576 577 3
474 533 1
476 534 1
477 536 3
540 541 3
485 544 2
551 552 3
559 560 3
568 569 3
569 570 3
523 524 1
529 587 1
477 535 3
542 544 3
520 578 3
578 579 3
471 529 1
532 533 3
535 536 3
536 537 3
552 553 3
564 565 3
567 568 3
571 572 3
475 534 1
534 535 3
562 563 3
574 575 3
577 578 3
473 530 1
533 534 3
472 530 1
530 531 3
471 530 1
531 532 3
470 586 3
526 527 1
527 528 0
528 586 1
571 629 3
526 584 1
586 587 3
529 530 3
572 629 3
537 595 3
544 601 3
560 618 3
562 620 3
563 620 3
525 584 3
527 584 3
536 595 3
542 601 3
561 618 3
561 620 3
527 586 1
552 610 3
524 582 1
549 607 3
551 609 3
552 609 3
567 625 3
568 625 3
523 582 1
527 585 3
534 593 3
538 595 3
540 599 3
547 605 3
548 605 3
548 607 3
609 610 3
561 619 3
566 624 3
567 624 3
531 589 3
535 594 3
536 594 3
539 597 3
541 599 3
545 603 3
548 606 3
550 609 3
553 610 2
619 620 3
570 629 3
574 632 3
575 632 3
579 637 3
522 580 1
523 581 1
525 583 3
584 585 3
585 586 1
530 588 3
530 589 3
532 589 3
532 590 3
533 591 3
534 591 3
534 592 3
535 593 3
538 596 3
542 599 3
544 602 3
546 603 3
546 604 3
606 607 3
550 608 3
553 611 3
554 612 3
554 613 3
555 613 3
556 614 3
557 615 3
558 616 3
559 617 3
563 621 3
564 622 3
565 623 3
568 626 3
569 627 3
570 628 3
572 630 3
573 631 3
575 633 3
576 635 3
577 635 3
578 636 3
578 637 3
580 581 3
581 582 3
529 588 3
588 589 3
589 590 3
590 591 3
593 594 3
594 595 3
595 596 3
539 599 3
542 600 3
545 602 3
603 604 3
604 605 3
607 608 3
611 612 3
613 614 3
614 615 3
615 616 3
616 617 3
617 618 3
620 621 3
621 622 3
622 623 3
623 624 3
625 626 3
626 627 3
627 628 3
628 629 3
629 630 3
630 631 3
631 632 3
576 633 3
635 636 3
636 637 3
525 582 3
583 584 3
599 600 3
600 601 3
602 603 3
605 606 3
610 611 3
576 634 3
591 592 3
592 593 3
601 602 3
618 619 3
632 633 3
634 635 3
587 588 0
588 704 1
608 609 3
612 613 3
624 625 3
582 583 3
597 599 3
587 704 3
539 596 3
597 656 3
599 656 3
633 634 3
596 597 3
592 651 3
593 651 3
632 690 3
631 690 3
630 688 3
590 649 2
591 649 3
594 651 3
631 688 3
633 691 3
634 691 3
634 692 3
586 644 3
595 653 3
606 665 3
607 665 3
611 669 3
627 685 3
628 687 3
629 687 3
633 690 3
635 692 3
637 695 3
583 641 3
585 644 1
587 644 3
589 647 3
592 650 3
597 655 3
600 658 3
601 658 3
609 667 3
610 669 3
619 677 3
625 683 3
626 685 3
629 688 3
691 692 3
636 695 3
580 638 3
581 639 3
582 639 3
582 640 3
582 641 3
584 641 3
587 645 3
588 646 3
589 646 3
590 647 3
590 648 2
649 650 3
594 652 3
595 652 3
596 654 3
655 656 3
599 657 3
604 663 3
605 663 3
606 664 3
608 666 3
608 667 3
610 668 3
613 671 3
614 672 3
615 673 3
616 674 3
617 675 3
618 676 3
620 677 3
620 678 3
621 679 3
622 680 3
622 681 3
623 681 3
624 682 3
626 683 3
628 686 3
631 689 3
635 693 3
636 694 3
638 639 3
639 640 3
584 642 3
644 645 3
645 704 3
647 648 3
648 649 3
650 651 3
657 658 3
603 662 3
604 662 3
663 664 3
664 665 3
665 666 3
667 668 3
668 669 3
612 669 3
612 670 3
613 670 2
671 672 3
672 673 3
673 674 3
674 675 3
675 676 3
676 677 3
677 678 3
678 679 3
679 680 3
624 681 3
682 683 3
685 686 3
688 689 3
689 690 3
693 694 3
694 695 3
640 641 3
641 642 3
585 642 3
646 647 3
651 652 3
652 653 3
596 655 3
656 657 3
602 660 3
603 660 3
603 661 3
680 681 3
686 687 3
687 688 3
692 693 3
585 643 3
646 704 1
596 653 3
601 659 3
660 661 3
662 663 3
666 667 3
643 644 1
653 654 3
654 655 3
658 659 3
602 659 3
661 662 3
669 670 3
670 671 3
681 682 3
642 643 3
659 660 3
690 691 3
639 697 3
643 702 1
644 702 3
683 685 3
683 742 3
685 742 3
656 714 3
690 748 3
691 748 3
656 713 3
657 714 3
655 713 3
713 714 3
668 727 3
669 727 3
669 728 3
670 728 3
671 729 3
647 704 1
648 706 3
649 706 3
649 707 3
649 708 3
650 708 3
650 709 3
651 709 3
652 710 3
657 715 3
670 729 3
672 731 3
673 731 3
675 733 3
677 735 3
692 749 3
640 697 3
641 699 3
642 699 3
704 705 2
706 707 3
653 710 3
658 715 3
676 733 3
676 735 3
680 739 3
681 739 3
691 749 3
692 750 3
638 696 3
645 703 3
653 711 3
661 720 3
662 720 3
663 721 3
664 722 3
665 723 3
666 724 3
667 725 3
668 725 3
672 730 3
674 732 3
675 732 3
677 736 3
678 736 3
679 737 3
680 738 3
682 740 3
683 741 3
685 743 3
686 744 3
687 744 3
687 745 3
688 746 3
689 747 3
693 750 3
693 751 3
694 752 3
695 753 3
696 697 3
640 698 3
640 699 3
643 699 3
644 703 3
703 704 3
647 706 3
709 710 3
710 711 3
654 711 3
720 721 3
721 722 3
722 723 3
723 724 3
724 725 3
727 728 3
728 729 3
729 730 3
730 731 3
731 732 3
736 737 3
737 738 3
738 739 3
739 740 3
740 741 3
741 742 3
742 743 3
743 744 3
745 746 3
746 747 3
747 748 3
748 749 3
751 752 3
752 753 3
698 699 3
704 706 2
707 708 3
654 712 3
655 712 3
714 715 3
744 745 3
749 750 3
697 698 3
702 703 3
705 706 3
711 712 3
661 719 3
735 736 3
750 751 3
708 709 3
660 719 3
719 720 3
732 733 3
712 713 3
659 717 3
660 717 3
668 784 3
733 735 3
658 717 3
725 784 3
727 784 3
717 719 3
715 717 3
715 774 3
717 774 3
643 759 3
733 792 1
699 759 3
708 766 3
717 776 3
719 776 3
735 792 1
702 759 3
707 766 3
733 791 3
732 791 3
748 807 3
749 807 3
699 758 1
703 761 2
704 761 2
713 771 3
717 775 3
698 757 1
699 757 1
704 762 2
705 762 3
712 771 3
714 771 3
775 776 3
757 758 3
758 759 3
702 760 3
703 760 3
707 765 3
711 769 3
712 769 3
720 778 3
721 778 3
727 785 3
739 798 3
740 798 3
741 798 3
706 765 3
774 775 3
728 785 3
743 801 3
751 809 3
752 809 3
696 754 1
697 755 1
697 756 1
698 756 1
705 763 3
710 768 3
711 768 3
715 773 3
719 777 3
721 779 3
722 780 3
723 781 3
724 782 3
725 782 3
725 783 3
728 786 3
729 787 3
730 788 3
731 789 3
731 790 3
732 790 3
736 795 3
737 795 3
738 796 3
739 797 3
741 799 3
742 800 3
744 801 3
744 802 3
745 803 3
746 803 3
746 804 3
747 805 3
748 806 3
750 808 3
750 809 3
752 810 3
753 811 3
754 755 3
755 756 3
759 760 3
765 766 3
709 766 3
709 768 3
714 772 3
776 777 3
777 778 3
778 779 3
779 780 3
780 781 3
781 782 3
784 785 3
785 786 3
786 787 3
787 788 3
788 789 3
735 793 3
795 796 3
796 797 3
797 798 3
799 800 3
800 801 3
802 803 3
804 805 3
805 806 3
807 808 3
810 811 3
756 757 3
762 763 3
705 764 3
772 773 3
773 774 3
782 783 3
783 784 3
791 792 1
792 793 0
736 793 3
801 802 3
806 807 3
809 810 3
763 764 3
706 764 3
768 769 3
769 770 3
712 770 3
771 772 3
789 790 3
808 809 3
760 761 3
736 794 3
803 804 3
761 762 3
790 791 3
793 794 3
794 795 3
798 799 3
770 771 3
764 765 3
766 768 3
771 829 3
768 825 3
770 829 3
766 825 3
769 827 3
766 824 3
768 827 3
770 827 3
824 825 3
768 826 3
763 821 3
764 821 3
765 824 3
825 826 3
826 827 3
788 790 3
803 861 3
804 861 3
806 865 3
807 865 3
756 815 3
757 815 3
758 816 3
760 818 3
761 818 3
762 820 3
762 821 3
765 823 3
790 849 0
791 849 1
808 865 3
808 867 3
809 867 3
810 869 3
811 869 3
754 812 3
755 813 3
759 817 3
760 817 3
761 819 3
820 821 3
764 822 3
765 822 3
823 824 3
770 828 3
772 829 3
772 830 3
773 831 3
774 832 3
775 833 3
775 834 3
776 834 3
777 835 3
778 836 3
778 837 3
779 837 3
780 838 3
781 839 3
782 840 3
783 841 3
784 842 3
785 843 3
786 844 3
787 845 3
788 845 3
792 849 2
792 850 3
796 854 3
796 855 3
797 855 3
797 856 3
798 856 3
798 857 3
799 857 3
800 858 3
801 859 3
802 860 3
804 862 3
805 863 3
805 864 3
806 864 3
810 867 3
810 868 3
812 813 3
756 813 3
756 814 3
815 816 3
817 818 3
818 819 3
761 820 3
827 828 3
828 829 3
830 831 3
831 832 3
832 833 3
833 834 3
834 835 3
835 836 3
837 838 3
838 839 3
839 840 3
840 841 3
783 842 3
842 843 3
843 844 3
844 845 3
849 850 2
793 850 1
795 854 3
857 858 3
858 859 3
859 860 3
860 861 3
861 862 3
862 863 3
863 864 3
814 815 3
836 837 3
841 842 3
793 851 3
795 853 3
855 856 3
864 865 3
868 869 3
813 814 3
758 817 3
821 822 3
829 830 3
853 854 3
854 855 3
856 857 3
816 817 3
819 820 3
822 823 3
794 851 3
794 852 3
867 868 3
851 852 3
852 853 3
790 848 3
790 905 3
788 905 3
848 905 3
848 849 2
865 867 3
850 851 0
865 924 3
867 924 3
818 874 3
788 904 3
904 905 3
817 874 3
836 894 3
837 894 3
845 904 3
821 879 3
816 874 3
819 877 3
822 879 3
822 880 3
823 880 3
853 911 3
860 918 3
862 920 3
814 873 3
815 873 3
820 877 3
827 885 3
831 889 3
832 889 3
851 909 3
852 911 3
859 918 3
825 884 3
826 884 3
826 885 3
828 885 3
828 886 3
844 902 3
848 906 3
849 906 2
849 908 1
850 909 0
852 910 3
858 916 3
861 920 3
869 927 3
812 870 3
813 871 3
814 871 3
816 873 3
820 878 3
821 878 3
823 881 3
824 882 3
825 883 3
829 886 3
829 887 3
830 888 3
832 890 3
833 891 3
834 892 3
835 893 3
894 895 3
837 895 3
838 896 3
839 897 3
840 898 3
841 899 3
842 900 3
843 901 3
843 902 3
845 902 3
845 903 3
851 910 3
854 912 3
855 913 3
856 914 3
856 915 3
857 915 3
857 916 3
858 917 3
859 917 3
861 919 3
863 920 3
863 921 3
864 922 3
865 923 3
868 926 3
868 927 3
870 871 3
873 874 3
818 877 3
878 879 3
880 881 3
881 882 3
882 883 3
883 884 3
885 886 3
887 888 3
888 889 3
889 890 3
890 891 3
891 892 3
892 893 3
893 894 3
895 896 3
896 897 3
897 898 3
898 899 3
899 900 3
900 901 3
901 902 3
850 908 3
911 912 3
912 913 3
913 914 3
915 916 3
918 919 3
919 920 3
921 922 3
922 923 3
923 924 3
867 925 3
867 926 3
879 880 3
902 903 3
909 910 3
910 911 3
917 918 3
920 921 3
924 925 3
925 926 3
818 934 3
884 885 3
886 887 3
903 904 3
908 909 0
914 915 3
916 917 3
926 927 3
874 934 3
877 934 3
905 906 3
877 878 3
906 908 1
871 873 3
874 933 3
873 931 3
873 932 3
874 932 3
933 934 3
871 931 3
932 933 3
906 964 3
919 978 3
920 978 3
923 981 3
924 981 3
871 930 3
930 931 3
931 932 3
877 935 3
889 947 3
890 947 3
903 962 3
904 962 3
934 935 3
878 935 3
918 976 3
925 984 3
926 984 3
881 939 3
886 945 3
887 945 3
891 949 3
892 949 3
905 963 3
908 964 2
909 967 3
913 972 3
914 972 3
914 973 3
915 973 3
919 976 3
878 937 3
879 937 3
882 939 3
884 943 3
885 943 3
902 961 3
903 961 3
904 963 3
908 967 0
910 968 3
911 968 3
916 973 3
870 928 3
871 929 3
929 930 3
878 994 3
880 938 3
880 939 3
882 940 3
884 942 3
886 944 3
888 946 3
890 948 3
892 950 3
893 951 3
894 952 3
895 953 3
896 954 3
897 955 3
898 956 3
899 956 3
899 957 3
900 958 3
901 959 3
902 960 3
910 967 3
911 969 3
912 970 3
913 971 3
916 974 3
917 975 3
919 977 3
922 981 3
924 982 3
925 983 3
927 985 3
928 929 3
937 938 3
938 939 3
883 940 3
883 942 3
942 943 3
943 944 3
945 946 3
946 947 3
948 949 3
950 951 3
951 952 3
952 953 3
953 954 3
954 955 3
955 956 3
957 958 3
958 959 3
959 960 3
961 962 3
905 964 3
967 968 3
969 970 3
970 971 3
974 975 3
975 976 3
976 977 3
977 978 3
922 980 3
981 982 3
982 983 3
983 984 3
984 985 3
937 994 3
944 945 3
947 948 3
949 950 3
968 969 3
971 972 3
972 973 3
973 974 3
921 980 3
935 994 3
956 957 3
960 961 3
963 964 3
980 981 3
939 940 3
962 963 3
920 980 3
930 989 3
931 989 3
967 1024 3
908 1024 2
978 980 3
908 1023 2
964 1023 3
883 999 3
940 999 3
942 999 3
932 989 3
940 998 3
981 1039 3
932 990 3
998 999 3
963 1022 3
964 1022 3
1023 1024 3
980 1037 3
980 1039 3
930 988 3
988 989 3
989 990 3
933 990 3
939 998 3
978 1037 3
937 995 3
938 996 3
942 1000 3
943 1000 3
946 1004 3
949 1007 3
951 1009 3
954 1012 3
967 1026 3
968 1026 3
970 1028 3
972 1030 3
974 1032 3
975 1033 3
976 1033 3
984 1042 3
933 992 3
934 992 3
934 993 3
935 993 3
995 996 3
945 1004 3
948 1007 3
950 1007 3
952 1009 3
955 1012 3
968 1027 3
969 1027 3
969 1028 3
971 1030 3
973 1032 3
974 1033 3
978 1036 3
982 1040 3
985 1042 3
985 1043 3
928 986 3
929 987 3
933 991 3
993 994 3
994 995 3
939 997 3
943 1001 3
944 1002 3
944 1003 3
945 1003 3
947 1005 3
950 1008 3
952 1010 3
953 1011 3
953 1012 3
955 1013 3
956 1014 3
957 1015 3
958 1016 3
959 1016 3
959 1018 3
960 1018 3
961 1019 3
962 1020 3
963 1021 3
1022 1023 3
967 1025 3
971 1028 3
971 1029 3
973 1031 3
976 1034 3
977 1035 3
977 1036 3
980 1038 3
1039 1040 3
983 1041 3
986 987 3
987 988 3
990 991 3
991 992 3
996 997 3
997 998 3
1000 1001 3
1001 1002 3
1003 1004 3
1004 1005 3
948 1005 3
948 1006 3
1007 1008 3
951 1008 3
1009 1010 3
1010 1011 3
1012 1013 3
1013 1014 3
1014 1015 3
1015 1016 3
1018 1019 3
1019 1020 3
1020 1021 3
1021 1022 3
1024 1025 3
1027 1028 3
1028 1029 3
1030 1031 3
1031 1032 3
1033 1034 3
1034 1035 3
1035 1036 3
1037 1038 3
1038 1039 3
1040 1041 3
1041 1042 3
992 993 3
999 1000 3
1002 1003 3
1005 1006 3
1011 1012 3
1025 1026 3
1026 1027 3
1029 1030 3
1032 1033 3
1042 1043 3
1008 1009 3
1006 1007 3
1036 1037 3
1016 1018 3
