0 1 3
1 2 3
2 3 3
3 4 3
4 5 3
5 6 3
6 7 3
7 8 3
8 9 3
9 10 3
10 11 3
11 12 3
12 13 3
13 14 3
14 15 3
15 16 3
16 17 3
17 18 3
18 20 3
20 21 3
21 23 3
23 24 3
24 25 3
25 26 1
26 27 3
27 28 3
28 30 3
30 31 3
31 32 3
32 33 3
33 34 3
34 35 3
35 36 3
36 37 3
37 38 3
38 40 3
40 41 3
41 43 3
43 44 3
44 45 1
45 46 3
46 47 3
47 48 3
48 49 3
49 50 3
50 51 3
51 52 3
52 53 3
53 54 3
54 55 3
55 56 3
56 57 3
28 87 3
30 87 3
38 97 3
40 97 3
4 62 3
5 62 3
21 79 3
21 80 3
23 80 3
55 113 3
1 59 3
20 79 3
43 102 3
44 102 3
0 59 3
18 77 3
20 77 3
20 78 3
26 85 3
27 85 3
37 96 3
2 60 3
7 64 3
12 70 3
77 78 3
78 79 3
38 96 3
41 99 3
51 109 2
1 60 3
6 64 3
13 70 3
13 72 3
14 72 3
30 88 3
96 97 3
40 98 3
41 98 3
41 100 3
50 109 3
52 109 3
59 60 3
5 64 3
7 65 3
7 66 3
8 66 3
10 68 3
11 68 3
16 75 3
17 75 3
31 88 3
43 100 3
56 113 3
9 67 3
10 67 3
11 69 3
17 76 3
18 76 3
25 83 3
37 94 3
94 96 3
97 98 3
45 102 0
48 106 3
49 106 3
52 110 3
0 58 3
3 60 3
62 63 3
5 63 3
64 65 3
65 66 3
9 66 3
68 69 3
12 69 3
15 72 3
15 73 3
16 74 3
23 81 3
24 83 3
35 93 3
36 93 3
45 103 3
46 104 3
47 105 3
49 107 3
50 108 3
53 110 3
53 111 3
54 111 3
56 114 3
57 114 3
63 64 3
69 70 3
16 73 3
74 75 3
80 81 3
24 81 3
24 82 3
26 83 0
28 85 3
34 90 3
34 93 3
36 94 3
102 103 1
103 104 3
104 105 3
105 106 3
106 107 3
107 108 3
109 110 3
54 170 3
55 170 3
58 59 3
76 77 3
82 83 3
28 86 3
33 90 3
99 100 3
108 109 3
113 170 3
67 68 3
72 73 3
73 74 3
75 76 3
85 86 3
87 88 3
113 114 3
4 60 3
66 67 3
81 82 3
26 84 3
34 92 3
100 158 3
57 173 3
84 85 3
92 93 3
98 99 3
43 159 3
102 159 3
114 173 3
83 84 1
86 87 3
32 90 3
110 111 3
32 88 3
93 94 3
90 92 3
79 80 3
111 170 3
70 129 3
13 129 3
100 159 3
114 172 3
64 122 3
65 122 3
88 147 3
60 119 3
4 119 3
62 119 3
72 129 3
32 147 3
113 172 3
90 148 3
62 120 3
87 145 3
119 120 3
77 135 3
82 141 3
83 141 3
86 145 3
72 130 3
80 138 3
90 147 3
92 148 3
63 120 3
129 130 3
73 130 3
94 153 3
96 154 3
97 155 3
63 122 3
78 135 3
81 138 3
153 154 3
154 155 3
98 155 3
103 162 3
104 162 3
108 166 3
109 166 3
65 123 3
66 123 3
68 126 3
70 128 3
73 131 3
148 149 3
92 149 3
99 158 3
157 158 3
107 165 3
111 168 3
113 171 2
172 173 3
60 118 3
67 126 3
69 128 3
74 133 3
75 133 3
76 134 3
79 137 3
87 146 2
88 146 2
92 151 3
93 151 3
94 152 3
152 153 3
98 157 3
158 159 3
103 161 3
106 165 3
110 168 3
58 116 3
59 117 3
60 117 3
122 123 3
68 127 3
69 127 3
128 129 3
74 131 3
74 132 3
76 135 3
81 139 3
82 140 3
147 148 3
93 152 3
99 157 3
102 160 3
161 162 3
105 163 3
106 164 3
116 117 3
130 131 3
76 133 3
134 135 3
80 137 3
138 139 3
139 140 3
84 142 3
85 142 3
98 156 3
159 160 3
102 161 1
162 163 3
163 164 3
164 165 3
165 166 3
109 168 3
171 172 3
117 118 3
118 119 3
127 128 3
132 133 3
78 137 3
140 141 3
145 146 2
146 147 2
155 156 3
156 157 3
160 161 1
74 190 3
133 134 3
170 171 3
131 190 3
132 190 3
86 144 3
144 145 3
151 152 3
66 183 3
67 183 3
137 138 3
86 142 3
109 226 3
168 226 3
120 122 3
126 183 3
126 127 3
137 195 3
142 144 3
149 151 3
66 182 3
78 195 3
84 141 0
111 227 3
123 182 3
170 227 3
135 194 3
78 194 3
168 227 3
120 179 3
146 204 2
147 204 0
225 226 3
122 179 3
182 183 3
138 195 3
166 225 3
109 225 3
171 230 3
172 230 3
166 224 3
179 180 3
194 195 3
224 225 3
144 146 3
204 205 3
147 205 0
149 208 3
151 208 3
122 180 3
160 218 3
171 229 3
123 180 3
130 188 3
133 191 3
134 191 3
142 200 0
153 211 3
158 216 3
159 216 2
161 218 0
129 188 3
141 200 3
84 200 0
142 201 0
152 211 3
154 211 3
154 212 3
157 215 3
161 219 0
163 221 3
164 221 3
172 231 3
117 176 3
118 176 3
127 185 3
131 188 3
131 189 3
200 201 3
144 201 0
148 205 0
211 212 3
155 213 3
156 215 3
158 215 3
159 218 3
218 219 3
162 221 3
173 231 3
116 174 3
123 181 3
126 185 3
128 185 3
128 186 3
129 187 3
134 193 3
135 193 3
138 196 3
141 199 3
144 202 0
151 209 3
152 210 3
156 213 3
156 214 3
215 216 2
159 217 3
162 220 3
230 231 3
117 174 3
181 182 3
126 184 3
185 186 3
187 188 3
188 189 3
189 190 3
190 191 3
193 194 3
195 196 3
139 197 3
140 197 3
140 199 3
201 202 3
149 207 3
207 208 3
208 209 3
209 210 3
210 211 3
212 213 3
217 218 3
219 220 1
220 221 3
119 236 3
120 236 3
183 184 3
184 185 3
129 186 3
134 192 3
199 200 3
148 264 0
216 217 2
164 223 3
226 227 3
170 229 3
180 181 3
192 193 3
196 197 3
140 198 3
148 207 3
214 215 3
215 273 3
221 223 3
165 223 3
165 224 3
227 228 0
174 176 3
119 235 3
235 236 3
179 236 3
198 199 3
207 264 3
213 214 3
170 228 0
229 230 3
119 176 3
186 187 3
223 224 3
228 229 1
191 192 3
197 198 3
205 264 3
146 202 2
223 280 0
280 281 3
182 240 3
183 240 3
202 261 3
223 281 0
226 284 3
176 235 3
193 251 3
221 280 0
192 251 3
202 204 3
174 233 3
176 233 3
180 237 3
204 261 3
221 279 0
230 287 3
179 237 3
279 280 3
229 287 3
200 258 3
201 258 3
201 260 3
223 282 0
224 282 0
227 285 0
240 241 3
185 244 3
186 244 3
189 247 3
190 247 3
202 260 3
212 270 3
228 285 3
228 286 3
183 241 3
188 246 3
194 252 3
195 252 3
204 262 3
211 270 3
216 275 2
217 275 3
219 277 3
225 284 3
285 286 3
229 286 0
174 232 3
187 245 3
189 246 3
190 248 3
191 248 3
197 255 3
208 266 3
209 267 3
210 268 3
218 277 3
232 233 3
180 239 3
181 239 3
181 240 3
184 241 3
185 243 3
244 245 3
187 246 3
191 249 3
192 250 3
250 251 3
193 252 3
195 253 3
198 255 3
258 259 3
201 259 3
260 261 3
209 266 3
220 278 0
281 282 3
286 287 1
184 243 3
243 244 3
192 249 3
196 253 3
196 254 3
198 256 3
199 257 3
261 262 3
205 262 3
205 263 3
263 264 3
209 268 3
213 271 3
214 272 3
215 272 3
218 276 3
219 278 3
225 283 3
230 289 3
231 289 3
237 239 3
246 247 3
247 248 3
251 252 3
252 253 3
254 255 3
255 256 3
256 257 3
257 258 3
259 260 3
264 266 3
207 266 3
266 267 3
267 268 3
268 270 3
212 271 3
214 271 3
272 273 3
218 275 3
278 279 3
283 284 3
227 284 3
184 242 3
248 249 3
253 254 3
262 263 3
271 272 3
224 283 3
230 288 3
288 289 3
236 237 3
239 240 3
242 243 3
245 246 3
270 271 3
216 273 2
275 276 3
276 277 3
249 250 3
277 278 3
282 283 1
233 235 3
241 242 3
287 288 3
233 292 3
216 333 2
275 333 3
235 292 3
273 333 3
284 285 0
264 323 3
266 323 3
280 338 3
240 298 3
281 338 3
237 295 3
239 295 3
239 298 3
244 302 3
245 302 3
273 331 3
236 294 3
242 300 3
251 309 3
267 325 3
331 333 3
281 339 3
284 342 3
235 294 3
237 294 3
248 307 3
252 309 3
338 339 0
249 307 3
266 325 3
276 334 3
279 338 3
287 345 3
288 345 3
288 346 3
239 296 3
240 299 3
241 299 3
243 300 3
250 309 3
252 310 3
258 317 3
259 317 3
289 346 3
294 295 3
295 296 3
239 297 3
298 299 3
243 302 3
245 304 3
253 310 3
270 328 3
271 387 2
271 330 3
272 330 3
279 337 3
282 340 3
283 340 0
286 344 3
246 304 3
253 312 3
254 312 3
254 313 3
255 313 3
268 327 3
270 327 3
275 334 3
277 334 3
277 335 3
278 337 3
282 339 3
283 341 3
345 346 3
243 301 3
247 305 3
247 307 3
249 308 3
250 308 3
256 315 3
257 315 3
258 316 3
260 318 3
261 319 3
262 320 3
263 321 3
264 322 3
327 328 3
271 328 3
330 387 3
334 335 3
277 336 3
278 336 3
339 340 3
284 341 3
285 344 3
289 347 3
232 290 3
235 293 3
297 298 3
242 299 3
300 301 3
301 302 3
245 303 3
304 305 3
255 314 3
256 314 3
315 316 3
316 317 3
317 318 3
318 319 3
319 320 3
320 321 3
321 322 3
322 323 3
273 330 3
333 334 3
337 338 3
340 341 1
285 343 3
287 344 0
346 347 3
292 293 3
296 297 3
299 300 3
302 303 3
303 304 3
308 309 3
309 310 3
312 313 3
314 315 3
284 343 0
247 364 3
307 364 3
335 336 3
336 337 3
342 343 0
233 349 3
305 364 3
307 308 3
267 327 3
341 342 3
232 349 3
292 349 3
253 369 3
313 314 3
266 382 3
330 331 3
344 345 1
293 294 3
325 382 3
337 395 3
338 395 3
343 344 3
310 369 3
312 369 3
290 349 3
323 382 3
325 327 3
325 384 3
327 384 3
328 387 3
292 351 3
293 351 3
310 368 3
298 357 3
299 357 3
309 368 3
334 393 3
335 393 3
300 357 3
307 365 3
331 390 3
330 388 3
333 390 3
346 404 3
301 360 3
302 360 3
325 383 3
336 393 3
294 352 3
295 352 3
298 356 3
356 357 3
308 365 3
382 383 3
338 396 3
339 397 3
343 401 3
293 352 3
295 353 3
300 359 3
301 359 3
303 362 3
304 362 3
364 365 3
312 370 3
336 395 3
395 396 3
340 398 3
342 400 3
342 401 0
344 402 3
344 404 1
345 404 3
352 353 3
296 353 3
304 363 3
305 363 3
312 371 3
313 371 3
314 372 3
315 372 3
316 374 3
334 392 3
336 394 3
339 398 3
341 398 0
341 400 3
400 401 0
290 348 3
292 350 3
296 354 3
297 356 3
359 360 3
308 366 3
309 367 3
370 371 3
315 374 3
317 375 3
318 376 3
319 377 3
320 378 3
321 379 3
322 380 3
323 381 3
331 388 3
333 392 3
348 349 3
349 350 3
350 351 3
353 354 3
297 354 3
300 358 3
362 363 3
365 366 3
366 367 3
367 368 3
314 371 3
374 375 3
317 376 3
376 377 3
377 378 3
378 379 3
379 380 3
380 381 3
333 391 3
392 393 3
338 397 0
397 398 3
401 402 3
346 405 0
357 358 3
358 359 3
303 360 3
363 364 3
368 369 3
381 382 3
383 384 3
387 388 3
390 391 3
393 394 3
404 405 0
351 352 3
369 370 3
331 447 1
391 392 3
402 404 1
354 356 3
371 372 3
375 376 3
388 447 3
396 397 0
384 385 3
327 385 3
372 374 3
394 395 3
303 418 3
303 420 3
362 420 3
352 409 3
360 418 3
404 461 0
418 420 3
395 453 3
398 400 1
402 461 3
351 409 3
394 453 3
328 444 3
404 462 0
348 406 3
349 406 3
356 413 3
387 446 3
405 462 3
354 413 3
357 415 3
327 444 3
387 444 3
394 452 2
398 457 1
400 457 3
356 415 3
374 431 3
390 448 3
391 448 3
364 422 3
372 431 3
388 446 3
452 453 1
397 454 1
349 407 3
365 422 3
367 425 3
370 427 3
377 435 3
378 435 3
385 444 1
387 445 3
446 447 3
392 450 3
396 454 3
397 456 3
398 456 3
350 407 3
363 422 3
368 425 3
369 427 3
370 429 3
371 429 3
445 446 3
391 449 3
392 449 3
401 459 3
352 410 3
353 410 3
358 415 3
363 420 3
375 433 3
376 433 3
384 442 3
447 448 0
393 451 3
394 451 3
400 459 0
402 459 3
461 462 3
406 407 3
365 423 3
372 429 3
378 436 3
379 436 3
382 440 3
383 440 3
385 442 3
444 445 3
448 563 1
331 448 3
350 408 3
353 411 3
354 412 3
358 416 3
359 416 3
359 417 3
363 421 3
422 423 3
366 423 3
366 424 3
372 430 3
374 432 3
376 434 3
379 437 3
380 438 3
381 439 3
383 441 3
449 450 3
392 451 3
400 458 3
402 460 3
407 408 3
351 408 3
409 410 3
410 411 3
411 412 3
412 413 3
360 417 3
421 422 3
367 424 3
368 427 3
429 430 3
431 432 3
432 433 3
433 434 3
434 435 3
437 438 3
438 439 3
439 440 3
440 441 3
441 442 3
450 451 3
395 454 3
457 458 3
459 460 3
417 418 3
423 424 3
370 428 3
451 452 2
460 461 3
405 463 3
356 472 3
368 426 3
428 429 3
436 437 3
385 443 3
456 457 1
408 409 3
415 416 3
425 426 3
427 428 3
430 431 3
435 436 3
397 513 1
462 463 3
415 472 3
416 417 3
442 443 3
453 454 3
456 513 2
420 421 3
424 425 3
426 427 3
385 445 1
448 449 3
413 472 3
454 513 2
458 459 0
451 509 3
436 494 3
415 473 3
416 473 3
427 485 3
435 494 3
446 504 3
447 563 3
453 512 3
454 512 3
445 504 3
447 504 3
447 505 3
460 519 3
461 519 3
409 467 3
426 484 3
427 484 3
505 563 3
450 508 3
408 467 3
425 483 3
443 501 3
449 508 3
409 468 3
410 468 3
425 482 3
432 490 3
443 500 3
450 509 3
452 509 1
406 464 3
407 466 3
422 480 3
423 482 3
424 482 3
427 486 3
428 486 3
433 490 3
435 493 3
493 494 3
439 497 3
440 497 3
442 500 3
500 501 3
449 507 3
452 512 1
456 514 3
408 466 3
411 469 3
412 470 3
413 471 3
471 472 3
416 474 3
423 480 3
482 483 3
484 485 3
429 488 3
430 488 3
431 488 3
431 489 3
433 491 3
434 492 3
436 495 3
437 495 3
438 496 3
441 499 3
385 502 1
445 503 3
448 507 3
457 514 0
457 515 3
458 516 3
459 517 3
467 468 3
468 469 3
469 470 3
470 471 3
473 474 3
423 481 3
483 484 3
429 486 3
489 490 3
490 491 3
491 492 3
492 493 3
495 496 3
496 497 3
440 499 3
499 500 3
385 503 1
503 504 3
515 516 3
459 516 1
460 517 3
406 466 3
421 480 3
480 481 3
481 482 3
488 489 3
440 498 3
502 503 2
507 508 3
508 509 3
512 513 2
516 517 0
460 518 3
461 463 3
464 466 3
417 474 3
485 486 3
494 495 3
497 498 3
498 499 3
518 519 3
463 519 3
466 467 3
429 487 3
504 505 3
517 518 3
472 473 3
486 487 3
487 488 3
385 501 2
463 520 3
507 563 1
513 514 2
417 420 3
501 502 2
519 520 3
420 534 3
466 523 3
417 534 3
514 515 1
464 523 3
420 536 3
420 535 3
486 544 3
509 568 0
519 577 3
520 577 3
534 535 3
421 536 3
487 544 3
452 568 1
535 536 3
480 536 3
482 541 2
483 541 3
507 565 2
417 533 3
481 539 3
563 565 0
474 533 3
533 534 3
489 547 3
515 573 3
518 577 3
464 522 3
480 539 3
484 543 3
485 543 3
488 547 3
490 547 3
500 558 2
502 559 2
567 568 3
514 573 1
473 531 3
501 559 3
504 562 3
505 562 3
507 566 2
508 566 2
509 567 2
520 579 3
463 579 3
472 531 3
474 531 3
487 546 3
488 546 3
497 555 2
498 555 2
498 556 2
499 556 2
513 572 2
522 523 3
466 524 3
467 525 3
468 526 3
474 532 3
486 543 3
499 557 2
503 562 3
508 567 3
514 572 3
517 576 3
518 576 3
523 524 3
466 525 3
467 526 3
471 529 3
532 533 3
482 539 2
484 542 3
546 547 3
491 550 2
492 550 2
494 552 2
495 552 2
496 555 2
500 557 2
503 561 3
452 569 1
512 569 3
524 525 3
469 528 3
470 528 3
470 529 3
482 540 2
483 542 3
543 544 3
496 554 2
555 556 3
561 562 3
565 566 3
516 574 3
517 575 3
576 577 3
469 526 3
528 529 3
531 532 3
536 537 3
480 538 3
539 540 3
493 550 2
493 551 2
494 551 2
495 553 2
495 554 2
554 555 3
556 557 3
557 558 3
562 563 3
568 569 3
573 574 3
469 527 3
536 538 3
540 541 3
542 543 3
487 545 3
553 554 3
512 570 3
516 575 0
525 526 3
527 528 3
472 529 3
538 539 3
544 545 3
545 546 3
490 548 3
550 551 3
552 553 3
501 558 3
502 561 2
566 567 3
513 570 2
574 575 0
575 576 3
537 538 3
541 542 3
547 548 3
551 552 3
558 559 3
577 579 3
526 527 3
491 548 3
569 570 3
570 572 0
575 634 3
576 634 1
472 588 3
550 607 3
559 618 3
502 618 2
561 618 2
529 588 3
531 588 3
491 607 2
572 573 1
577 636 2
532 591 3
533 591 3
579 636 3
531 590 3
577 635 1
531 589 3
536 594 3
548 607 2
551 610 3
552 610 3
559 617 3
563 566 2
570 630 2
522 580 3
523 580 3
532 590 3
535 594 3
537 595 3
617 618 3
568 627 3
572 630 1
525 583 3
589 590 3
547 606 2
548 606 2
569 627 3
573 630 0
635 636 3
524 583 3
535 593 3
538 595 3
606 607 3
551 609 3
556 614 3
557 614 3
618 619 3
561 619 2
568 625 3
577 634 1
524 582 3
526 584 3
527 585 3
528 586 3
588 589 3
534 593 3
547 605 3
554 613 3
555 613 3
555 614 3
567 625 3
573 631 3
574 632 3
574 634 0
523 581 3
524 581 3
583 584 3
584 585 3
527 586 3
529 586 3
590 591 3
534 591 3
538 596 3
605 606 3
607 608 3
550 608 3
550 609 3
609 610 3
553 610 3
554 612 3
613 614 3
558 616 3
559 616 3
630 631 1
631 632 3
632 634 0
581 582 3
582 583 3
593 594 3
537 594 3
595 596 3
612 613 3
616 617 3
566 624 3
567 624 3
585 586 3
529 587 3
594 595 3
539 596 3
546 604 3
566 623 3
624 625 3
570 629 2
580 581 3
586 587 3
587 588 3
591 593 3
544 601 3
604 605 3
623 624 3
629 630 3
543 601 3
545 604 3
558 614 3
562 619 2
562 678 2
562 621 2
563 621 2
601 604 3
619 678 3
621 678 3
563 622 2
563 623 2
625 627 3
540 542 3
608 609 3
621 622 3
634 635 3
540 598 3
543 600 3
554 610 3
622 623 3
570 627 3
634 690 1
539 598 3
542 600 3
600 601 3
625 684 3
627 684 3
632 690 2
540 600 3
554 669 3
598 600 3
610 669 3
612 669 3
539 655 3
598 655 3
601 661 3
604 661 3
627 629 3
590 593 3
596 655 3
558 673 3
599 600 3
616 673 3
636 694 3
610 668 3
614 673 3
627 686 3
634 692 1
635 694 3
596 654 3
668 669 3
614 672 3
629 686 3
579 695 3
601 660 3
672 673 3
616 674 3
617 674 3
618 676 3
631 688 2
634 691 1
582 640 3
583 640 3
593 646 3
654 655 3
660 661 3
617 676 3
623 681 3
623 682 3
624 682 3
684 685 3
627 685 3
630 688 3
636 695 3
598 599 3
600 659 3
601 659 3
608 667 3
609 667 3
610 667 3
622 681 3
691 692 3
635 692 1
580 639 3
581 639 3
586 644 3
587 644 3
590 646 3
595 653 3
605 663 3
667 668 3
690 691 3
585 643 2
589 646 3
594 653 3
595 654 3
600 658 3
606 663 3
613 672 3
673 674 3
619 676 3
621 679 3
622 679 3
635 752 2
694 695 3
580 638 3
581 640 3
584 642 3
585 642 3
586 643 2
593 651 3
653 654 3
599 658 3
658 659 3
604 662 3
605 662 3
617 675 3
619 677 3
622 680 3
624 683 3
625 683 3
692 752 3
583 641 3
583 642 3
593 650 3
598 656 3
599 656 3
599 657 3
674 675 3
675 676 3
676 677 3
677 678 3
683 684 3
629 687 3
638 639 3
639 640 3
640 641 3
641 642 3
643 644 0
588 646 3
650 651 3
594 651 3
594 652 3
657 658 3
659 660 3
662 663 3
613 671 3
680 681 3
685 686 3
630 687 3
631 690 2
694 752 1
642 643 1
652 653 3
655 656 3
661 662 3
613 669 3
671 672 3
679 680 3
681 682 3
686 687 3
687 688 3
587 645 3
588 645 3
646 649 1
656 657 3
682 683 3
644 645 3
593 649 3
651 652 3
678 679 3
607 663 3
608 723 3
669 671 3
688 689 3
688 690 3
645 646 3
649 650 3
607 664 3
669 728 3
663 664 3
667 723 3
671 728 3
689 690 3
646 647 1
608 664 3
647 649 3
664 722 3
608 722 3
722 723 3
646 703 1
657 715 3
644 703 1
645 703 1
646 704 1
692 750 3
750 752 3
703 704 3
647 704 3
652 710 3
656 715 3
658 715 3
669 727 3
691 750 3
643 701 2
644 701 1
653 710 3
658 716 3
659 716 3
727 728 3
672 730 3
689 748 3
690 748 3
701 703 3
647 706 3
655 713 3
715 716 3
659 717 3
660 717 3
671 730 3
684 742 3
651 709 3
651 710 3
654 713 3
656 714 3
678 736 3
682 740 3
683 742 3
690 749 3
691 749 3
750 751 3
751 752 3
694 753 1
695 753 1
653 711 3
655 714 3
667 724 3
668 727 3
671 729 3
673 730 3
673 731 3
677 736 3
679 736 3
681 740 3
683 741 3
685 742 3
686 744 3
686 745 3
687 745 3
687 746 3
688 746 3
638 696 1
640 698 1
641 698 1
647 705 3
650 708 3
709 710 3
653 712 3
654 712 3
714 715 3
661 719 1
661 720 1
662 720 1
663 720 1
663 721 1
664 721 3
723 724 3
668 724 3
729 730 3
674 731 3
675 733 3
676 734 3
677 735 3
679 737 3
681 739 3
741 742 3
685 744 3
748 749 3
639 696 1
641 699 1
702 703 3
704 705 3
705 706 3
649 706 3
708 709 3
710 711 3
711 712 3
712 713 3
713 714 3
716 717 3
661 718 3
719 720 3
668 726 3
730 731 3
674 732 3
674 733 3
733 734 3
677 734 3
735 736 3
736 737 3
680 738 3
680 739 3
739 740 3
740 741 3
744 745 3
689 747 3
639 697 1
640 697 1
642 699 1
642 700 1
660 718 3
726 727 3
732 733 3
737 738 3
738 739 3
698 699 3
643 700 2
701 702 3
649 707 3
650 707 3
717 718 3
718 719 1
721 722 3
728 729 3
731 732 3
745 746 3
752 753 3
697 698 3
699 700 3
700 701 3
734 735 3
685 801 3
747 748 3
707 708 3
689 746 3
749 750 3
744 801 3
696 697 3
706 707 3
720 721 3
742 801 3
746 747 3
668 783 3
724 783 3
726 783 3
723 782 3
724 782 3
705 763 3
706 763 3
718 776 1
744 802 3
751 809 3
753 811 3
715 772 2
717 776 1
745 802 3
752 811 3
702 760 3
704 763 3
714 772 2
782 783 3
728 786 3
752 809 3
703 760 3
722 779 3
727 786 3
729 786 3
696 754 3
697 754 3
701 759 3
702 759 3
760 761 3
703 761 3
719 776 3
723 779 3
759 760 3
704 761 3
707 765 3
708 765 3
737 795 3
700 759 3
716 772 2
716 774 1
717 774 1
726 784 3
729 787 3
736 795 3
746 804 3
747 804 3
747 806 3
748 806 3
749 807 3
750 808 3
751 808 3
697 755 3
698 755 3
706 764 3
707 764 3
709 767 3
710 767 3
711 770 3
712 770 3
774 776 3
719 777 3
727 784 3
786 787 3
731 789 3
733 791 3
734 791 3
738 796 3
741 800 3
742 800 3
745 804 3
748 807 3
754 755 3
700 758 3
763 764 3
776 777 3
781 782 3
727 785 3
730 788 3
730 789 3
732 790 3
734 792 3
735 793 3
736 794 3
795 796 3
739 797 3
740 797 3
740 799 3
741 799 3
745 803 3
750 807 3
699 758 3
758 759 3
723 781 3
784 785 3
785 786 3
787 788 3
789 790 3
790 791 3
792 793 3
793 794 3
794 795 3
739 796 3
800 801 3
802 803 3
806 807 3
808 809 3
708 766 3
711 769 3
713 770 3
713 771 3
714 771 3
720 777 3
721 779 3
788 789 3
807 808 3
764 765 3
765 766 3
709 766 3
772 773 1
716 773 1
783 784 3
791 792 3
769 770 3
771 772 1
773 774 3
720 779 3
779 781 3
797 799 3
799 800 3
801 802 3
803 804 3
698 756 3
699 756 3
756 758 3
761 763 3
766 767 3
711 767 3
720 778 3
796 797 3
809 811 3
755 756 3
762 763 3
770 771 3
777 778 3
778 779 3
761 762 3
767 769 3
779 838 3
776 834 3
777 834 3
781 838 3
754 813 3
755 813 3
771 829 1
756 813 3
772 829 1
797 856 3
799 856 3
809 867 3
770 828 1
770 829 1
808 867 3
804 863 3
747 863 3
806 863 3
756 814 3
761 819 3
762 819 3
828 829 3
778 834 3
813 814 3
758 816 3
760 818 3
773 831 3
774 832 2
776 832 3
797 855 3
759 816 3
759 818 3
760 819 3
763 821 3
767 825 3
769 825 3
772 831 2
773 832 3
783 841 3
784 841 3
790 848 3
794 853 3
795 853 3
796 855 3
801 859 3
802 859 3
811 869 3
754 812 3
812 813 3
756 815 3
758 815 3
764 821 3
766 825 3
779 837 3
837 838 3
784 842 3
787 846 3
788 846 3
791 848 3
792 850 3
799 858 3
800 859 3
806 865 3
807 865 3
809 868 3
814 815 3
759 817 3
762 820 3
765 823 3
825 826 3
769 826 1
776 833 3
778 837 3
781 839 3
782 841 3
785 842 3
785 843 3
786 844 3
787 845 3
789 847 3
789 848 3
791 849 3
791 850 3
793 851 3
793 852 3
794 852 3
796 854 3
802 861 3
803 861 3
803 862 3
804 862 3
806 864 3
808 865 3
811 868 3
816 817 3
819 820 3
764 822 3
765 822 3
766 823 3
766 824 2
824 825 3
770 826 1
778 836 3
838 839 3
782 839 3
841 842 3
843 844 3
844 845 3
845 846 3
846 847 3
847 848 3
850 851 3
796 853 3
854 855 3
800 858 3
862 863 3
864 865 3
867 868 3
815 816 3
836 837 3
782 898 3
848 849 3
849 850 3
851 852 3
852 853 3
853 854 3
855 856 3
863 864 3
817 818 3
762 821 3
821 822 3
822 823 3
823 824 3
829 831 3
832 833 3
856 858 3
808 924 3
820 821 3
839 898 3
841 898 3
842 843 3
865 924 3
818 819 3
826 828 1
831 832 3
833 834 3
858 859 3
867 924 3
834 893 3
778 893 3
861 862 3
868 927 3
868 869 3
836 893 3
869 927 3
826 884 3
826 885 1
831 888 3
859 861 3
828 885 3
829 888 3
884 885 3
834 892 3
892 893 3
837 896 3
838 896 3
859 918 3
861 918 3
858 916 3
856 973 3
858 973 3
861 919 3
817 875 3
825 883 3
862 921 3
863 921 3
816 874 3
818 875 3
818 876 3
826 883 3
833 892 3
839 897 3
847 906 3
848 906 3
850 908 3
851 908 3
853 911 3
855 913 3
867 925 3
868 925 3
814 872 3
815 872 3
874 875 3
819 876 3
820 878 3
821 878 3
838 897 3
897 898 3
843 901 3
844 902 3
849 906 3
851 910 3
852 911 3
854 911 3
856 913 3
916 973 3
918 919 3
863 922 3
864 922 3
924 925 3
812 870 3
813 871 3
822 880 1
823 880 1
824 883 3
883 884 3
828 886 3
829 886 3
831 889 3
832 889 3
833 891 3
836 894 3
837 895 3
896 897 3
841 899 3
842 900 3
901 902 3
845 903 3
845 904 3
846 904 3
847 905 3
849 907 3
852 910 3
854 912 3
856 914 3
859 916 3
862 920 3
865 923 3
870 871 3
871 872 3
815 873 3
815 874 3
821 880 1
824 882 3
833 889 3
891 892 3
894 895 3
895 896 3
898 899 3
899 900 3
900 901 3
902 903 3
903 904 3
904 905 3
906 907 3
907 908 3
911 912 3
912 913 3
914 973 3
861 920 3
920 921 3
921 922 3
922 923 3
923 924 3
873 874 3
875 876 3
819 877 3
820 877 3
880 882 3
893 894 3
905 906 3
913 914 3
919 920 3
872 873 3
821 879 1
910 911 3
876 877 3
878 879 1
879 880 3
880 881 3
881 882 3
885 886 3
886 887 3
829 887 3
882 883 3
887 888 3
908 910 3
888 889 3
833 948 3
877 878 3
889 948 3
891 948 3
916 918 3
868 984 3
925 984 3
927 984 3
908 967 3
910 967 3
879 937 3
925 983 3
880 937 3
879 936 3
880 938 3
916 974 3
877 935 1
878 935 1
881 938 3
881 940 3
882 940 2
898 956 3
899 956 3
973 974 3
916 975 3
918 975 3
983 984 3
877 934 1
878 936 1
889 947 3
873 931 3
874 931 3
874 933 2
875 933 1
875 934 1
876 934 1
935 936 2
881 939 3
888 947 3
947 948 3
897 956 3
918 977 3
927 985 3
872 931 3
934 935 3
936 937 3
937 938 3
883 940 3
884 942 3
910 968 3
919 977 3
924 983 3
984 985 3
939 940 3
940 941 3
883 941 2
885 942 3
885 943 3
892 950 3
892 951 3
893 951 3
895 953 3
896 954 3
911 968 3
912 970 3
913 972 3
914 972 3
931 933 2
886 943 3
891 950 3
894 951 3
894 953 3
897 954 3
906 964 3
911 970 3
919 978 3
920 978 3
922 981 3
923 981 3
923 982 3
924 982 3
870 928 3
871 929 3
872 930 3
933 934 3
886 944 3
888 946 3
891 949 3
950 951 3
894 952 3
897 955 3
899 957 3
900 958 3
901 959 3
902 960 3
903 961 3
903 962 3
904 962 3
905 962 3
905 964 3
907 965 3
908 966 3
911 969 3
913 971 3
921 979 3
922 980 3
982 983 3
928 929 3
929 930 3
930 931 3
884 941 3
943 944 3
887 944 3
946 947 3
948 949 3
951 952 3
952 953 3
953 954 3
954 955 3
955 956 3
956 957 3
957 958 3
900 959 3
959 960 3
960 961 3
961 962 3
964 965 3
965 966 3
966 967 3
967 968 3
968 969 3
970 971 3
971 972 3
974 975 3
978 979 3
979 980 3
981 982 3
938 939 3
949 950 3
958 959 3
905 963 3
969 970 3
980 981 3
962 963 3
963 964 3
977 978 3
942 943 3
887 946 3
972 973 3
941 942 3
975 977 3
887 1003 3
931 932 1
932 933 0
946 1003 3
944 1003 3
977 1034 3
932 934 0
942 1000 3
936 994 3
941 1000 3
943 1000 3
947 1005 3
932 991 2
938 996 3
938 997 3
939 997 3
948 1005 3
961 1019 3
975 1034 3
934 991 1
934 992 3
935 992 3
937 996 3
943 1002 3
944 1002 3
1002 1003 3
946 1004 3
947 1004 3
977 1035 3
931 989 1
932 989 3
941 999 3
960 1019 3
967 1025 3
968 1025 3
973 1031 3
974 1031 3
978 1035 3
930 989 1
932 990 3
935 993 3
937 994 3
999 1000 3
948 1006 3
949 1006 3
952 1010 3
953 1010 3
958 1016 3
966 1025 3
979 1038 3
980 1038 3
990 991 2
996 997 3
1005 1006 3
959 1016 3
968 1026 3
969 1028 3
970 1028 3
928 986 1
929 987 1
930 988 1
991 992 2
992 993 3
936 993 3
937 995 3
940 997 3
940 998 3
941 998 3
1004 1005 3
949 1007 3
950 1008 3
951 1009 3
953 1011 3
954 1012 3
955 1013 3
956 1014 3
957 1015 3
959 1017 3
960 1018 3
962 1019 3
964 1022 3
965 1023 3
966 1024 3
969 1026 3
971 1029 3
972 1029 3
972 1031 3
979 1037 3
981 1039 3
982 1040 3
983 1041 3
984 1041 3
986 987 3
987 988 3
988 989 3
993 994 3
994 995 3
995 996 3
1000 1001 3
943 1001 3
1001 1002 3
1006 1007 3
1007 1008 3
1008 1009 3
1009 1010 3
1011 1012 3
1012 1013 3
956 1013 3
1014 1015 3
958 1015 3
1017 1018 3
1018 1019 3
962 1021 3
963 1021 3
963 1022 3
964 1023 3
1023 1024 3
1024 1025 3
971 1028 3
978 1037 3
1038 1039 3
1039 1040 3
983 1040 3
998 999 3
1003 1004 3
1010 1011 3
1013 1014 3
1016 1017 3
1025 1026 3
1028 1029 3
1034 1035 3
984 1043 3
985 1043 3
989 990 3
997 998 3
1022 1023 3
1037 1038 3
1040 1041 3
1015 1016 3
1019 1021 3
1021 1022 3
1035 1037 3
1026 1028 3
