-0.0349452 -0.00653391 11.6996
-0.0215634 -0.00800805 11.6678
-0.0238854 -0.0157443 12.0009
-0.00598998 -0.00270259 10.155
0.00261006 -0.0168629 9.63127
0.000611932 0.0012286 9.52146
0.0109163 -0.00978408 8.44193
-0.00432122 -0.0319355 11.195
-0.0172157 -0.00116804 12.7436
-0.0110814 0.00266782 11.2873
-0.00268984 0.0051962 9.38548
0.00123504 0.00373437 8.54217
0.00340715 0.00122369 7.9823
0.0250691 -0.00781635 1.92231
0.0349931 0.0591638 5.66305
0.00103884 0.0775161 16.0283
-0.0126651 -0.0202362 21.9359
-0.0437455 -0.0314975 33.4292
-0.058914 -0.01859 39.0055
-0.0922209 -0.0285916 53.2409
-0.0362253 0.120062 27.4934
-0.0426578 0.188929 30.2581
-0.0479779 0.164955 33.168
-0.0733692 0.137955 45.9102
0.173577 0.122745 -79.974
0.0797239 -0.0936065 -33.315
0.0458993 -0.0820238 -13.8576
0.0285347 -0.0717581 -4.1882
0.064 -0.044582 -26.7367
0.0980129 -0.116672 -46.1828
0.0874643 -0.176453 -37.7934
0.100279 -0.107625 -47.1233
0.0238646 -0.0191155 4.28758
0.0381588 -0.0330071 -5.0395
0.00566735 -0.0558983 18.9334
0.026381 -0.0675654 3.99939
-0.0135194 -0.0520275 34.894
-0.0339283 -0.0532824 51.0025
0.256377 -0.0353091 -187.862
-0.00889593 -0.0155267 35.2705
-0.00436034 -0.00436554 15.1826
-0.00378566 0.0110477 14.4085
0.0130866 0.0140677 -0.675771
0.0154879 -0.00412899 -2.46757
0.00432613 0.00133171 8.05224
0.0034599 0.00538009 8.84836
0.00964476 0.00966528 2.41569
0.0104377 0.0254657 1.44477
0.0426017 -0.00628769 6.08232
0.0147817 0.00137751 35.3126
-0.0415374 -0.0342428 59.1597
-0.0582485 -0.0354511 77.7343
-0.0549048 0.0198363 72.1185
-0.0362395 0.0304968 50.802
0.00573238 0.00995219 2.19521
0.0202361 -0.00281316 -14.5247
0.0103973 0.00969525 -3.21313
0.00894081 0.0122983 -1.57871
-0.0499328 0.0109678 12.3313
-0.0567154 -0.00710467 12.6262
-0.0261726 -0.0171429 11.8253
-0.00310709 -0.00165965 10.0634
-0.0164277 0.00323697 11.1842
-0.0118513 0.0183839 10.4772
-0.0204989 -0.00109674 12.6652
-0.010409 -5.06051e-05 10.9844
-0.015369 -0.00454354 12.2876
-0.0105238 -0.00158247 11.1388
0.00103953 0.00362736 8.46052
0.00381232 0.00669701 7.80706
-0.00597114 0.00402566 10.4492
0.00743419 -0.0121688 7.30028
0.0308249 0.000152532 -0.125244
0.0739722 -0.15715 -3.27482
0.00401027 -0.0802762 18.128
-0.0109507 -0.0703721 22.5951
-0.0606229 -0.0208672 39.7896
-0.107067 -0.00625316 58.5134
-0.171714 0.000562147 85.6459
-0.0860181 -0.101341 57.0116
0.0535781 -0.0602778 -16.7615
-0.225014 -0.0924959 126.966
0.0732487 -0.0957142 -21.1117
-1.71504 0.0181926 942.265
0.0395155 -0.0643099 -11.6556
0.0465236 -0.0591402 -15.6811
0.0826952 -0.0501803 -38.4307
0.0875304 -0.0850886 -40.0706
0.0628095 -0.105188 -23.7222
0.0544089 -0.14677 -16.6166
0.0420498 -0.00572279 -8.35813
0.00431916 -0.0557808 20.4567
-0.0132502 -0.066673 33.0804
0.0123174 -0.0754957 14.7426
0.0151068 -0.0840215 12.5693
0.00345989 -0.0757634 21.4014
0.299883 -0.0241994 -224.283
0.00173514 -0.00399055 26.0296
-0.00284829 0.00154298 13.6134
0.0136016 -0.0027716 -0.903706
0.0116338 -0.00246522 0.916037
0.018864 0.00346926 -5.9963
0.0154788 0.000145101 -2.57116
0.0115679 0.013861 0.646381
0.01358 0.0155436 -1.46405
0.0183712 0.0283932 -6.70433
0.0429407 -0.00668894 5.85309
0.0427968 -0.00344643 5.83677
-0.0460165 -0.00314866 63.3409
-0.0278067 -0.0271869 43.5435
-0.0328698 0.0170047 46.691
-0.036905 0.016619 51.6768
0.00383815 0.000441178 4.78147
0.00999298 -0.00326594 -2.48722
0.0047414 0.0062137 3.69027
-0.00244733 0.0196044 11.8688
-0.0465153 0.00109547 13.392
-0.0653627 -0.0101929 13.2348
-0.0218785 -0.00764026 10.9027
0.0119548 -0.00639864 8.9429
0.00302221 0.00494236 9.43922
-0.00745067 0.0103104 10.8126
-0.020995 0.00513093 12.4221
-0.00366544 -0.00249459 10.2351
-0.00630058 0.0156529 9.61277
0.00172739 0.0126838 7.91097
-0.00395258 0.0143667 9.27061
-0.00556628 0.00425684 10.2406
-0.00461772 -0.00113987 10.2347
0.000358747 -0.00589065 9.02667
0.0432055 -0.034228 -2.78289
0.178862 -0.155987 -39.9937
0.0216334 -0.131792 12.9725
0.014257 -0.120169 15.826
-0.0319938 -0.0527526 30.2337
-0.0882539 0.0302703 49.1948
-0.0663888 0.0155457 39.837
-0.0791676 -0.0811164 52.447
0.0535825 -0.0602666 -16.7645
0.0558543 -0.0450368 -17.9667
0.0294767 -0.0502659 -4.36732
0.0199335 -0.0168879 -2.01866
0.0382631 -0.0154738 -12.6054
0.0452256 -0.0341854 -15.4994
0.039676 -0.0466489 -11.7209
0.0454527 -0.0681705 -13.5486
0.0137709 -0.101821 8.31174
0.052621 -0.124373 -16.1709
1.9816e-05 -0.0465312 23.3982
-0.00328243 -0.0479635 25.8452
-0.0234102 -0.0414426 40.2092
-0.00053765 -0.0489966 22.5479
0.0122964 -0.0435787 12.4972
0.0474399 -0.0573667 -15.4284
0.347626 0.0248375 -266.174
0.0511096 -0.00311312 -15.8968
-0.00411745 0.00297225 14.7771
0.00449515 0.00327859 7.03942
0.0170169 -0.0111501 -3.49107
0.0163985 -0.0070029 -3.29939
0.0268013 0.00853967 -13.9023
0.0221144 0.0129288 -9.5932
0.0153225 0.0156405 -3.06466
0.0211372 0.0135951 -8.92159
0.0531756 -0.00672168 -4.92272
0.0266818 -0.00482635 22.8319
-0.0326961 -0.00360771 49.063
-0.0282799 0.0257172 42.0738
-0.0380403 0.0381195 52.5198
-0.0517725 0.0397667 68.0064
-0.000317381 0.00131387 9.73954
-0.000766371 0.0168703 9.26724
0.0316571 0.0171771 -29.4471
0.0310214 0.0174884 -28.8671
-0.0803744 -0.0221097 14.7595
-0.0679622 -0.0276885 14.893
-0.0192693 -0.0127043 11.2734
0.0115655 -0.0239952 10.103
0.0148348 -0.0240455 9.84765
0.0222259 -0.0266146 9.07571
-0.00635532 -0.0126587 11.9771
-0.00323798 -0.01277 10.7561
0.0114329 0.00796901 6.76685
0.00536276 0.0200418 7.41017
-0.00628684 -0.00446128 11.4026
-0.0146876 0.0016837 12.6549
-0.0214393 -0.0060112 14.9624
0.000937617 -0.00936197 8.91715
0.0280809 -0.0303684 1.91916
0.0388345 -0.068967 1.17978
-0.0648727 -0.0425863 32.7533
-0.0112282 -0.000975897 9.48066
-0.0181029 -0.0153448 13.2925
-0.0484489 -0.00942698 24.8129
-0.00467413 -0.00136206 6.04977
0.0506731 -0.0485778 -16.6914
0.0514142 -0.0552016 -16.3226
0.0444002 -0.0553439 -11.5718
0.0123256 -0.0609974 5.28158
0.0205015 -0.0465852 -0.703405
0.0313061 -0.0247558 -8.23929
0.0416685 -0.0221399 -14.4196
0.0219893 -0.0431019 -1.3095
0.035321 -0.0780336 -7.92743
0.0418018 -0.0780627 -12.2057
0.074216 -0.0493386 -35.0718
0.0281957 -0.0747584 4.89062
0.00210671 -0.0643185 22.831
0.0108089 -0.0491799 14.7522
0.0178859 -0.0226077 7.28469
0.0171092 0.00771866 5.50076
0.0275621 0.0140134 -3.30046
0.100914 0.0283614 -60.2164
0.063047 0.000466612 -26.3464
0.00280245 0.00671539 8.41433
0.0114494 0.0066545 0.686872
0.014941 0.00412021 -2.31966
0.0167753 0.00512977 -4.17537
0.0207791 0.00856952 -7.97261
0.0181485 0.00926908 -5.72082
0.0238835 -0.0031479 -10.545
0.0169583 0.00822829 -4.41455
0.0575132 0.0120857 -10.7065
-0.0155826 -0.00911172 30.7827
0.0129597 -0.0124313 -0.761769
-0.00861231 0.0270527 20.7766
-0.0361959 0.0231998 52.13
-0.0672284 0.0151703 87.782
-0.0380018 0.0145382 53.292
0.00773762 0.0261309 -1.30822
0.0222812 0.0329539 -19.3721
0.0293443 0.0350236 -28.0651
-0.0554212 -0.0394735 16.0498
-0.0523233 -0.0219158 13.2165
-0.00575688 -0.0386242 12.9097
0.00298581 -0.0236006 10.8638
0.0121194 -0.0219865 9.79552
0.0263085 -0.0241062 8.38492
0.00405676 -0.0265784 11.937
0.0081587 -0.00506803 8.57006
0.0104592 0.0127728 6.16055
-0.00176997 0.00656629 9.55581
-0.0113273 0.00427571 11.5578
-0.0200503 -0.006439 14.7386
-0.0206765 -0.00218596 14.5162
-0.00521304 -0.000732616 10.2278
-0.00345002 -0.0140475 11.0693
-0.0558474 -0.0179234 28.0577
-0.063027 -0.024657 30.5669
-0.0283529 -0.0061673 16.182
-0.0287674 0.007677 15.4029
-0.0191511 0.00607581 11.7346
-0.00735066 0.00476845 6.822
-0.0114699 0.000714324 8.47952
0.0617722 -0.0481124 -21.9439
-0.0199913 -0.20652 36.1549
-0.00211843 -0.0757681 14.3709
0.00894678 -0.0704967 8.48599
0.0306701 -0.060644 -4.42974
0.0386507 -0.0479323 -10.4481
0.0153365 -0.0496074 2.971
0.013048 -0.0756273 6.25471
0.0797208 -0.0743475 -36.7348
0.0657786 -0.0569289 -28.0255
0.054117 -0.0704406 -18.8913
0.0161714 -0.0604316 6.72315
0.021639 -0.0826667 4.80103
0.031998 -0.0257539 -3.37856
0.0225517 -0.00481203 2.47815
0.0343472 0.0202485 -9.50857
0.0635459 0.00856225 -27.485
0.0462848 -0.00135347 -11.9432
0.00889431 0.00447507 3.16046
-0.000955752 -0.0101619 13.2414
0.0241644 -0.00925237 -9.69523
0.0227685 0.00404651 -9.53937
0.0302269 0.000513081 -16.4516
0.0162736 0.0152296 -4.21281
0.0120455 0.0143662 -0.0595135
0.0118583 0.00588822 0.949421
0.0458699 0.0014897 2.37578
-0.000156136 -0.00861719 14.5498
0.00452758 0.00378797 8.20967
-0.0198128 0.00188675 35.238
-0.0295456 0.00392398 45.5436
-0.052087 0.0117351 70.6905
-0.0116897 0.0270352 21.8728
0.0200428 0.0326349 -16.7167
0.0240368 0.0296356 -20.7807
0.0203504 0.0310877 -16.6276
-0.0492615 -0.0544364 16.3335
-0.0348531 -0.025322 12.6541
0.00354362 -0.0274836 10.9667
0.0117234 -0.01911 9.75198
0.0182096 -0.00888181 7.64109
0.0218174 -0.0159788 8.20372
0.0207297 -0.0158814 8.70805
0.00343955 0.000433412 8.41741
0.0175071 0.0121955 5.038
-0.00681682 0.00383255 11.1825
-0.0174122 -0.00155679 14.0743
-0.0190601 -0.00451287 14.5067
-0.0161858 -0.0161166 15.302
-0.0198994 -0.0192816 16.6699
-0.0160987 -0.0283182 16.4607
-0.035 -0.0263406 22.1356
-0.0406997 -0.0134464 21.6007
-0.0066435 -0.00276317 7.86453
-0.017194 0.000851384 11.6908
-0.0249836 -0.00531826 15.5813
-0.00932523 0.000630604 8.17003
-0.0144145 0.00772847 9.76056
-0.016071 -0.00451674 11.7868
0.0169717 -0.0717632 3.45435
-0.0113815 -0.0656237 16.8432
0.00939917 -0.122837 13.039
0.0239673 -0.120036 4.8838
0.035788 -0.160232 2.29933
-0.0151167 -0.0147725 18.3253
-0.0312962 -0.0401688 30.5561
0.0309941 -0.08079 -4.37748
0.0665109 -0.090059 -26.0474
0.0614847 -0.104938 -20.8743
0.0253737 -0.059427 0.125352
-0.0478561 -0.0716092 54.6067
-0.01442 -0.0947575 32.6069
0.0338246 -0.0013081 -6.98602
0.061822 0.00356867 -39.9412
0.0552576 0.00527598 -20.3423
0.0521305 -0.00166618 -16.7564
-0.00162053 0.00902086 11.9237
0.00125067 0.0109805 9.00482
0.0188795 0.0216592 -8.23309
0.0159585 0.0125542 -4.4477
0.0287081 0.0268198 -18.2246
0.0219134 0.0146759 -10.0506
0.0134498 0.0119332 -1.26032
0.0537289 0.00275358 -6.1395
0.0568916 0.00150386 -9.1711
0.0334574 0.0111265 -24.2893
0.00735139 0.0157275 3.42133
-0.0127442 0.0170955 25.1379
-0.0282589 0.031143 41.0218
-0.0484275 0.0227565 64.5971
-0.0206622 0.0312981 31.2505
0.00870786 0.0061531 -0.075845
0.0183522 -0.0110735 -9.36407
-0.00216651 0.00420728 13.8718
-0.0275452 4.90617e-05 9.72818
-0.0374571 -0.00912628 10.7471
-0.0140627 -0.00590264 8.9494
0.00426355 -0.00890361 8.72994
0.00882446 -0.0102794 9.02227
0.0122807 -0.00885702 8.32322
0.0259229 -0.0119031 7.09781
0.0134455 -0.0120473 9.38004
0.0107255 0.000218925 8.33556
-0.0150821 -0.0137183 15.1985
-0.0251783 -0.0283026 19.1687
-0.0211849 -0.0233665 17.3557
-0.0271917 -0.0295123 19.9638
-0.0352981 -0.0491805 24.7577
-0.0290382 -0.0533774 23.3322
-0.0298972 -0.0328456 20.5603
-0.0267324 -0.0159073 17.1989
-0.0124728 -0.00805666 10.7764
-0.0223675 -0.00846316 14.802
-0.0182758 -0.0095758 13.2814
-0.00980231 -0.0060446 9.23098
-0.0170909 -0.013765 13.7174
-0.0263254 -0.0148126 18.0465
-0.019971 -0.0263513 16.3716
-0.0120251 -0.0183409 11.1055
-0.0215229 -0.0165616 16.0934
-0.0109478 -0.0423555 13.6432
-0.00872102 -0.0364718 11.5483
-0.000857207 0.0117027 6.5827
-0.0166602 0.0245386 14.2652
0.0875342 -0.121955 -36.7379
0.0760031 -0.119255 -29.1054
0.0595222 -0.0871668 -22.0915
-0.0716361 -0.0267629 66.4442
-0.0461738 -0.0417248 49.2241
-0.00775278 -0.0475614 21.5146
0.0628566 -0.00449982 -29.3404
0.0454746 -0.0239928 -22.9813
0.0560317 -0.00100641 -20.2093
0.0501078 -0.00424419 -14.6667
0.00873612 0.0254516 0.532871
0.0114285 0.0306464 -2.73525
0.0202494 0.0383024 -12.0827
0.0243976 0.0244656 -13.7965
0.0199391 0.0514951 -13.3022
0.0214804 0.0342957 -12.4748
0.0178798 0.0314523 -8.45397
0.0518137 0.00181022 -4.02748
0.051396 0.000564543 -3.42516
-0.00162034 0.0171275 13.0075
0.00177225 0.00245749 11.486
-0.0054943 0.00985751 18.4655
-0.022813 0.0142401 37.1108
-0.034482 0.0214327 49.4368
-0.0735257 -0.0246802 101.867
-0.0207166 0.0160576 32.9866
0.0221853 -0.0103156 -14.3872
0.0293917 -0.00266332 -24.2096
-0.0295585 -0.00138528 9.99369
-0.0303184 0.0134045 7.50941
-0.0329665 0.00307624 8.8767
-0.00783469 0.0168906 5.12134
0.0214708 -0.0222726 9.20104
0.00399221 -0.00610042 8.82283
0.0188106 -0.0257409 9.49266
0.0154671 -0.0373999 12.5788
-0.00705591 -0.0332819 16.0125
-0.0214088 -0.0465068 20.9096
-0.0137272 -0.0300846 16.8816
-0.0156114 -0.0249362 16.3079
-0.0500116 -0.0217768 24.7724
-0.0327185 -0.0217037 19.1328
-0.0194123 -0.0239274 15.6032
-0.0177938 -0.00632084 12.256
-0.0151032 -0.0110633 12.181
-0.00677023 -0.00551986 8.25556
-0.0362358 0.000640608 18.8309
-0.00580091 0.0142247 4.04954
-0.0125484 0.00454303 8.44446
-0.0177441 0.0108371 9.80546
-0.0114851 0.0603723 -1.43201
-0.0266194 0.0340113 10.464
-0.0135799 -0.0164792 11.8512
-0.00291232 -0.0266047 7.85622
-0.0153245 0.00625065 9.33362
-0.0343754 0.0256761 17.5968
-0.00467662 0.009728 9.27754
-0.0087455 0.00376012 12.8455
0.0484454 -0.0926511 -15.8099
0.0611184 -0.0710038 -27.7745
-0.00298659 -0.024804 10.5323
0.0140866 0.00995472 -0.975184
0.023762 -0.0196465 -7.01444
0.047969 -0.00365601 -27.563
0.0841147 -0.0108358 -45.1068
0.029577 0.0177965 -16.8217
0.055132 -0.00504388 -18.7823
0.0504631 0.000335721 -15.4812
0.0657871 0.0814438 -58.2148
0.00969693 0.0979143 -10.6809
0.00247035 0.103089 -4.59395
0.0134699 0.094239 -14.5462
0.0129409 0.105153 -14.6387
-0.00839009 0.0859321 8.53171
0.0048915 0.0859369 -3.93516
0.053037 -0.00479645 -4.30245
0.0516841 -0.00214947 -3.2828
-0.00387461 0.00190048 17.556
-0.00555237 -0.00986541 21.1386
0.00322071 -0.0115605 11.667
-0.0214707 -0.0100698 39.1877
-0.0343268 0.0130858 50.7302
-0.0722908 -0.031534 101.088
-0.0245987 -0.0113382 42.1612
0.0236395 0.00964762 -19.1262
0.0306746 0.000911222 -26.4015
-0.0215334 -0.00642118 10.7656
-0.0201808 0.0236422 5.23624
-0.0196178 0.0499652 0.219382
-0.0331578 0.0654074 -1.60604
2.6542e-05 0.0245429 2.90749
0.0122275 0.00996315 4.63749
0.00259838 0.030357 1.93516
0.0152218 0.0132795 3.14281
0.0157577 0.0232406 1.52475
-0.0433001 0.0315655 11.1029
-0.032783 -0.0198666 18.5487
0.0167492 -0.0104437 5.15026
-0.0599447 0.0147524 20.7537
-0.0538249 0.0267009 16.6636
-0.00997099 -0.0028075 9.24016
-0.0131342 0.0123087 7.77655
-0.01277 0.0289856 4.62912
-0.0142546 0.027395 5.3296
-0.0153705 0.0470541 2.40144
-0.0106913 0.0676062 -3.04501
-0.00694971 0.0575268 -2.99991
-0.00536903 0.0747427 -6.92105
-0.0151706 0.167336 -19.1246
-0.0194286 0.191057 -20.9389
-0.0181939 0.257394 -33.8974
0.00800762 0.248068 -46.0607
0.0272456 0.241583 -55.8399
0.0757054 0.261252 -88.3578
0.034062 0.0163446 -16.2033
-0.0339402 0.0627451 17.5167
0.051908 0.1548 -58.7518
0.0586436 0.294452 -88.8931
0.080112 0.15948 -78.1789
-0.0558972 -0.0140219 53.2766
-0.0271419 0.0394846 22.366
-0.0514181 0.141594 23.7476
0.0846608 0.0024162 -48.1492
0.0563695 0.0684273 -47.5296
0.0636729 -0.0117917 -24.9678
0.0339078 -0.00242174 -0.977243
0.0129859 -0.00173754 16.7869
0.0392691 0.0853592 -34.8548
-0.000609989 0.0477336 8.22102
-0.00321525 0.0663223 7.34594
-0.0144954 0.0669898 18.848
0.00720692 0.135316 -14.2274
-0.0142069 0.1505 4.29797
0.0511322 -0.00725107 -1.93161
0.0482816 -0.00869875 1.42121
-0.01073 0.0220966 21.1345
0.0194935 0.0294417 -13.4035
0.00028828 0.0117715 10.8036
-0.0587801 0.0034437 78.8512
-0.0364571 -0.00957047 56.0327
0.03374 -0.0855025 4.6695
0.0529826 -0.0313333 -28.4557
-0.0096131 0.00452951 22.6784
0.00513425 -0.00385016 6.07555
0.00484252 -0.023389 13.5172
0.00218978 0.0267915 3.76497
-0.0123729 0.119669 -14.3011
-0.0313195 0.0264995 5.51648
-0.0281191 0.10187 -10.0703
0.00916317 0.0383918 -0.312734
0.0218319 0.0151286 2.7809
-0.0100148 0.0458527 1.8303
-0.0251484 0.113956 -8.57555
-0.0221324 0.0913957 -5.07744
-0.00499756 0.248204 -41.1946
0.00360438 0.258493 -44.8558
-0.0252874 0.175707 -20.0235
-0.00118428 0.304353 -53.2067
0.0146187 0.328783 -63.0143
0.00323408 0.339289 -61.8867
0.00622281 0.322957 -59.2248
0.00487902 0.336706 -61.4742
0.0104548 0.361581 -68.9983
0.0172864 0.384973 -76.7228
0.0225754 0.404106 -83.1504
0.0168736 0.343832 -68.3721
0.00902435 0.302974 -56.2285
-0.0188453 0.306815 -42.9416
-0.011851 0.290186 -42.835
-0.0109399 0.259274 -37.1869
0.0088112 0.293078 -55.3515
0.00905088 0.274365 -51.5726
0.00831907 0.310148 -58.7373
0.0168748 0.315425 -65.4188
0.0408881 0.316934 -81.2203
0.0638259 0.281289 -89.6591
0.0641465 0.261782 -86.1731
0.0561957 0.266832 -81.1201
0.0426041 0.288718 -75.8937
0.0666634 0.309258 -98.6677
0.0667311 0.129745 -60.6092
0.0596071 0.300547 -91.6024
0.150743 -0.00662799 -99.9511
0.0425298 0.0237278 -14.026
-0.0497664 -0.00694769 71.7926
0.0614824 0.122904 -62.5789
-0.0169343 0.342459 -35.6814
0.0107749 0.241748 -40.72
0.0448046 0.14198 -52.3313
0.00530169 0.176494 -21.0582
0.00710457 0.177794 -22.904
0.0507287 -0.00738741 -1.48367
0.0433904 -0.00566836 5.89125
-0.0408236 0.456972 -31.5751
0.00241615 0.0135564 19.3617
0.0354709 0.557077 -135.864
0.0432741 0.0590368 -36.8383
0.0501506 0.0297239 -38.4736
0.0408022 0.0090884 -23.0706
0.0531655 -0.0121983 -32.8228
-0.0272747 -0.0201014 66.0078
-0.0434666 -0.00211426 65.5483
0.0217477 0.279818 -51.3963
0.0326468 0.279895 -52.1289
0.012052 0.237662 -41.1589
0.0127874 0.31979 -60.1166
0.0122331 0.40147 -79.0543
0.03107 0.383601 -77.0855
0.0278912 0.402392 -80.7376
0.0205344 0.339918 -64.4912
0.0012003 0.365127 -67.5876
-0.00396527 0.354363 -63.9159
0.0365797 0.36073 -74.846
0.0215275 0.296464 -57.1665
0.00830353 0.258051 -45.2037
0.00453888 0.343893 -63.6405
0.00607968 0.341438 -63.5133
0.0180185 0.369973 -74.0508
0.0197548 0.344529 -68.7892
0.010318 0.370286 -70.9821
0.0211612 0.359611 -72.2429
0.0132414 0.384436 -74.1882
0.00777452 0.329237 -59.7888
-0.0175315 0.271757 -35.4604
-0.0125855 0.289081 -41.8225
-0.0147048 0.293953 -42.3894
-0.00359873 0.312825 -52.3429
-0.00502896 0.309258 -50.8963
-0.00182855 0.32896 -56.9826
0.00408714 0.318614 -58.0506
0.00617592 0.335584 -63.1343
0.0159523 0.32347 -66.6456
0.0457486 0.30127 -80.9685
0.0521766 0.307477 -86.3502
0.0265703 0.334881 -74.9582
0.0484524 0.301552 -83.3427
0.0535308 0.277981 -82.0282
0.0787775 0.247481 -94.312
0.059455 0.254079 -80.5942
0.0567094 0.292444 -86.2039
0.0797223 0.214721 -88.0136
0.0320476 0.115123 -25.3775
0.00940073 0.244202 -35.2977
-0.0420988 0.309938 -4.56897
-0.0225751 0.345516 -31.7489
-0.00788909 0.344508 -45.2584
-0.0135752 0.342754 -38.7131
0.00653135 0.270374 -42.2313
-0.0142345 0.281365 -23.75
0.0438872 -0.00434278 4.76289
0.0202435 -0.0154299 32.1844
-0.000816072 -0.01298 53.7628
0.0216917 0.330477 -71.1906
0.0169315 0.314065 -62.658
-0.00907647 0.114364 10.8773
0.0395612 0.0166569 -23.2681
0.0616427 0.0442093 -55.5724
0.0583768 0.0179139 -45.8428
0.0159343 -0.0039797 10.6073
-0.0853385 0.0105315 129.299
0.0331081 0.338494 -65.2905
0.0306193 0.362781 -71.0085
0.0265931 0.347136 -67.23
0.0341262 0.373106 -74.7009
0.0167835 0.34379 -65.3834
0.0295229 0.343677 -67.1119
0.0239142 0.328546 -62.8731
0.0334864 0.347306 -68.9029
0.0151739 0.357896 -68.7123
0.0201402 0.378487 -75.0032
0.0376711 0.383388 -80.077
-0.00267053 0.399434 -75.0888
0.00108886 0.306291 -54.0009
0.0448398 0.388104 -86.1582
0.0183302 0.63712 -138.386
0.000882418 0.413829 -77.791
0.0121878 0.378016 -72.9672
0.0128575 0.349314 -65.5877
-0.00297601 0.315646 -51.6285
-0.0154369 0.275783 -37.0365
-0.0259453 0.268848 -30.9688
-0.00683192 0.292367 -45.8544
-0.0100611 0.293522 -44.515
0.00477145 0.314185 -56.911
0.0054984 0.319156 -58.38
-0.00380681 0.325873 -55.0786
0.00422044 0.329177 -60.3931
0.00712718 0.336042 -63.7553
-0.00275582 0.333366 -57.1236
0.0139208 0.319742 -64.3065
0.0234341 0.309331 -68.0982
0.070627 0.283118 -93.1808
0.0642354 0.271384 -84.9791
0.0182992 0.325875 -66.8031
0.0414472 0.309025 -80.1125
0.0393548 0.307856 -78.6638
0.109888 0.194262 -106.642
0.0679608 0.250394 -86.6233
0.0608713 0.245351 -79.5785
0.0295467 0.218407 -46.2769
0.0414577 0.254495 -65.4417
0.0107511 0.277221 -44.1259
-0.00202327 0.299754 -38.6909
-0.0460329 0.324384 -3.3577
-0.0031509 0.348935 -49.8292
-0.0124612 0.329402 -35.8597
-0.0142992 0.347111 -38.2117
0.0452191 0.0330615 -5.92282
0.0125019 0.024219 30.5812
-0.0364681 0.0258243 82.0167
0.0195895 0.275494 -55.883
0.0255598 0.285278 -64.6073
0.0415066 0.257776 -76.0822
0.00882004 0.282641 -45.0126
-0.000214512 0.268058 -30.9635
0.0140624 0.521322 -111.531
-0.0287953 0.570067 -72.1065
-0.0354269 0.55755 -61.4387
0.0425896 0.38163 -76.2105
0.0326622 0.373562 -73.6139
0.0118419 0.387041 -76.8409
0.00532037 0.392936 -77.5527
0.0139176 0.368915 -71.9056
0.00352771 0.358339 -68.0601
0.0295144 0.355802 -70.1303
0.0475346 0.368453 -76.3096
0.0254003 0.38104 -76.2353
0.0316014 0.391399 -80.4344
0.0585018 0.396318 -88.2699
0.0644311 0.338492 -73.7207
0.0447721 0.152742 -16.7119
-0.0343701 0.234075 -17.337
-0.0479932 0.240543 -14.7561
-0.0396158 0.280787 -29.0539
-0.0377257 0.244518 -20.0437
-0.0290919 0.236525 -20.9107
-0.0264277 0.255658 -27.6347
9.89112e-05 0.302613 -51.3155
-0.00247995 0.295453 -48.3619
-0.00297033 0.318268 -54.2109
0.00203986 0.325363 -58.4548
0.0054676 0.327996 -60.7601
0.00849419 0.329266 -62.6356
0.0062918 0.329589 -61.619
0.00917606 0.336418 -65.0763
0.00642094 0.328294 -61.1664
-0.00330083 0.325374 -54.6261
0.00369754 0.331038 -60.5855
0.0107567 0.318887 -61.9268
0.0443398 0.288063 -76.6089
0.0929766 0.246131 -99.1475
0.044617 0.30331 -79.5879
0.0272088 0.327116 -73.5199
0.0268237 0.331174 -74.6611
0.0268624 0.307711 -68.6867
0.0235997 0.318386 -68.8218
0.0382678 0.284975 -71.7883
0.049576 0.25431 -73.0321
0.0641041 0.229924 -78.609
0.0633122 0.243096 -81.2857
0.086941 0.282188 -113.791
0.149915 0.137814 -131.688
0.135308 0.136744 -117.678
0.0432113 0.0807905 -12.1688
-0.0406106 0.199533 38.0047
-0.0112289 0.110767 31.9275
0.0117529 0.0882277 14.494
-0.0526141 0.0673252 88.2032
-0.11949 0.116384 147.309
0.0891682 0.256048 -116.016
-0.0146809 0.416015 -53.3273
0.00324413 0.340309 -54.2748
-0.010604 0.207858 -3.584
0.0417753 0.152451 -50.5084
0.0483566 0.178198 -65.5178
0.0324538 0.206538 -53.4327
0.0326082 0.406448 -82.9624
0.0314967 0.407723 -83.3125
0.027546 0.398012 -80.9401
0.0130223 0.407131 -81.9134
-0.00856605 0.403113 -79.1244
0.0270946 0.339782 -66.3704
0.07235 0.455172 -105.142
0.0502077 0.427469 -93.1399
0.0303418 0.360472 -70.8476
0.0252291 0.382398 -76.112
0.0188908 0.36358 -68.8725
0.0050074 0.301843 -47.7466
-0.0321527 0.210232 -11.4106
-0.0418425 0.206693 -7.5049
-0.0529971 0.209788 -5.18469
-0.0472519 0.229274 -12.855
-0.0239579 0.256625 -29.1189
-0.0177789 0.261798 -32.626
0.00977208 0.311783 -57.8362
0.00504175 0.321522 -58.479
0.00451377 0.321857 -58.4364
8.2429e-05 0.326305 -57.6069
-0.000123196 0.32507 -57.2313
0.00875464 0.325427 -61.7695
0.00744405 0.324082 -60.6401
0.00256269 0.320569 -56.9299
0.00844602 0.334349 -64.2239
0.0039301 0.326717 -59.2839
-0.00523446 0.321619 -52.32
0.000546001 0.323135 -56.3953
-0.00167259 0.315559 -52.673
0.00864433 0.308249 -57.6738
0.0497112 0.282223 -78.8481
0.0774572 0.266661 -93.3292
0.0237887 0.312361 -66.5592
0.0300448 0.31786 -72.9088
0.0219806 0.332271 -71.0804
0.0193804 0.33963 -71.1633
0.0166159 0.317804 -62.7511
0.0190123 0.328558 -67.6675
0.0323727 0.306399 -72.7254
0.0494783 0.258337 -73.8625
0.0810796 0.234043 -95.1964
0.124575 0.185949 -121.837
0.0916485 0.153848 -80.6891
0.0592073 0.156875 -50.1572
0.0154271 0.180234 -13.2088
0.0433698 0.266729 -67.0104
0.0676683 0.304228 -103.139
0.055596 0.521804 -154.753
0.0920615 0.20672 -99.233
0.0182441 0.135945 2.72768
-0.134827 0.336242 109.884
-0.067293 0.453484 -3.2838
0.00346285 0.428618 -77.8392
0.0217929 0.407818 -92.5959
0.00504055 0.551439 -115.571
0.0180122 0.275627 -46.969
0.0290706 0.420611 -87.1093
0.028117 -0.266023 120.588
0.0269927 0.420346 -86.8363
0.0381327 0.424142 -88.7066
0.0296437 0.390646 -77.8515
0.0601359 0.0172305 40.8483
-0.00444481 0.0727107 31.8551
-0.0854766 0.16696 13.2827
-0.0353382 0.310593 -41.7731
-0.025216 0.243084 -22.1714
-0.0294854 0.24303 -21.566
-0.0476073 0.212659 -7.94729
-0.0399042 0.199423 -6.18023
-0.0395592 0.21738 -11.9751
-0.0374023 0.241939 -20.4067
-0.0149789 0.290542 -42.4631
0.0093357 0.316017 -58.7737
0.00438281 0.322961 -59.0912
0.0154152 0.336547 -67.5019
0.0108758 0.327327 -62.6777
0.00585503 0.319819 -58.25
0.00129156 0.32372 -57.3512
0.00129296 0.328734 -58.9311
0.00285441 0.326231 -58.9408
0.00735577 0.327961 -61.8082
0.00495172 0.333225 -62.2063
0.0115568 0.333648 -66.0353
-0.000240825 0.325323 -56.5192
-0.00043432 0.329836 -57.8463
-0.00234743 0.324902 -55.1024
-0.00104723 0.322642 -55.1982
0.00144683 0.329249 -59.0438
0.0132485 0.320603 -64.55
0.0533357 0.28689 -83.0049
0.0960138 0.254199 -103.342
0.0562944 0.313578 -91.2717
0.0301429 0.342678 -80.4821
0.0218442 0.340566 -73.3182
0.0188234 0.342728 -71.6363
0.0222647 0.347153 -75.8717
0.0200672 0.340149 -71.8596
0.0228697 0.333848 -72.4666
0.032693 0.317606 -76.3369
0.0727424 0.21644 -82.1402
0.0968666 0.19655 -98.9501
0.0821308 0.179207 -78.447
0.0626172 0.22334 -73.1561
0.0546515 0.28093 -81.9906
0.065671 0.223721 -76.4221
0.0462656 0.167529 -37.6194
0.0588875 0.165987 -51.2327
0.00997569 0.185761 -4.21946
0.0874017 0.286518 -123.828
-0.0427888 0.455015 -31.5015
-0.0419777 0.43719 -27.2003
0.0383272 0.368841 -100.96
0.0421887 0.323395 -91.5065
0.0346277 0.288749 -71.4545
0.0255477 0.421443 -87.2495
0.0221086 0.412256 -84.0448
0.019356 0.402567 -80.6831
0.0202052 0.39593 -78.3427
0.0306395 0.361554 -67.6108
0.0447465 0.285046 -43.4823
-0.0434782 0.175015 4.28571
-0.060177 0.190909 1.58476
-0.0528878 0.208675 -5.50098
-0.0396247 0.206874 -7.67224
-0.0469487 0.192087 -1.63021
-0.0367649 0.221801 -14.3105
-0.0158635 0.266276 -34.6533
-0.0173108 0.289189 -41.7447
-0.00157469 0.308222 -52.5399
0.0103675 0.323646 -61.4663
0.00674371 0.327039 -61.2073
0.010105 0.324576 -61.6078
0.00773184 0.320204 -58.9954
0.00669747 0.326651 -60.8984
0.00522247 0.320769 -58.1705
0.00428242 0.320498 -57.7279
0.00834522 0.326597 -61.6986
0.00378322 0.330386 -60.6535
0.00726884 0.327855 -61.8015
0.0116723 0.33104 -65.1699
0.00899455 0.330876 -63.6671
0.000651465 0.32692 -57.5943
0.000646901 0.331057 -58.9587
0.00243509 0.330934 -60.0639
-0.00344902 0.331727 -56.553
0.00709888 0.333605 -64.2957
0.00631867 0.329017 -62.1797
0.00934522 0.324877 -63.0344
0.0369714 0.295406 -73.8039
0.123004 0.227146 -114.92
0.0516335 0.316542 -88.6635
0.0270551 0.329337 -73.714
0.0249509 0.334886 -73.9266
0.0220709 0.34764 -75.8862
0.0226769 0.349622 -77.0204
0.0182422 0.349293 -72.9972
0.014433 0.345449 -68.3035
0.0361908 0.32217 -81.0586
0.0432077 0.275413 -72.4067
0.0553877 0.246531 -74.6204
0.0762691 0.20604 -81.733
0.0542628 0.186708 -52.5136
0.0515557 0.191336 -51.2928
0.0550067 0.188745 -54.1798
0.0548034 0.197314 -57.5667
0.0703196 0.276943 -101.091
0.0322542 0.287988 -62.5043
0.079274 -0.0332612 -0.58054
0.116573 -0.00809922 -52.5988
0.122739 0.00688357 -64.7
-0.0145226 0.0925005 62.0243
0.135974 0.0957357 -112.136
0.0183317 0.416064 -85.2864
0.0142804 0.404334 -81.0484
0.00681467 0.377104 -71.0251
-0.0212677 0.347258 -58.2691
-0.0121541 0.277187 -34.5408
-0.0321673 0.230032 -15.7909
-0.0685294 0.188177 3.78801
-0.0685296 0.164678 12.3029
-0.0733621 0.146176 19.5426
-0.038768 0.194331 -4.21703
-0.0049599 0.257737 -34.1241
0.00322175 0.283712 -45.1986
0.00219466 0.306259 -52.7982
0.00561761 0.318514 -58.1286
0.0053175 0.329574 -61.8479
0.0200607 0.332505 -67.6204
-3.01381e-05 0.331359 -60.1964
0.0091623 0.331181 -63.5742
0.00971703 0.309013 -55.942
0.0128335 0.316859 -60.0558
0.00257916 0.320349 -56.8823
0.0103546 0.314942 -58.4846
0.00797624 0.319913 -59.175
0.00590128 0.325541 -60.1078
0.00814714 0.33029 -63.1093
0.0104139 0.329484 -63.9788
-0.00137105 0.323899 -55.236
0.00207416 0.321055 -56.3118
0.000743278 0.3216 -55.6854
-0.00217342 0.320409 -53.4726
0.00141363 0.321055 -56.0279
-0.00331338 0.317832 -51.7921
0.00488631 0.32187 -58.7596
0.0054125 0.319694 -58.2952
0.00484658 0.319174 -57.7717
0.054 0.261009 -74.5368
0.144825 0.209491 -125.59
0.042607 0.315045 -81.0769
0.0337463 0.333368 -80.5465
0.0299458 0.338431 -79.2402
0.0214191 0.338158 -71.9701
0.0216101 0.339298 -72.4713
0.0118491 0.344946 -65.6935
0.0196163 0.340443 -71.3599
0.0280014 0.327531 -74.8947
0.0236707 0.309336 -64.346
0.0518512 0.250945 -72.3877
0.0546151 0.220285 -64.916
0.043977 0.204317 -48.1518
0.0541891 0.204852 -59.175
0.048823 0.210236 -55.0341
0.0605937 0.225516 -73.5541
0.0531948 0.278634 -83.325
0.109761 0.18365 -114.906
0.162908 0.0133315 -114.956
0.12973 0.024247 -79.4293
0.144492 0.0869473 -119.494
0.136731 0.101077 -115.018
0.00324356 0.139685 16.2061
-0.00330748 0.108328 28.0045
-0.0199406 0.0808396 38.9379
-0.0427852 0.109917 29.6391
-0.0313079 0.26751 -29.4942
-0.061122 0.21483 -6.85713
-0.0901017 0.145516 22.037
-0.0647767 0.13477 22.1175
-0.0356568 0.174743 2.38792
-0.0144839 0.238184 -24.8366
0.0145205 0.265533 -41.1166
0.00690872 0.284243 -46.2017
0.0175394 0.292063 -51.8285
0.00873642 0.31878 -59.0005
0.0117496 0.310979 -57.1552
0.0128697 0.304986 -55.4012
0.0029827 0.305095 -51.9151
0.00301719 0.29962 -49.9851
0.00945138 0.290264 -49.1109
0.00917448 0.295962 -51.0291
0.00585973 0.306886 -53.5714
0.000484748 0.293732 -46.2934
0.0095008 0.302355 -53.6547
0.0103916 0.309076 -56.483
0.00238296 0.315839 -54.8301
0.00511004 0.310909 -54.3907
0.00179317 0.314104 -53.603
0.00150116 0.310859 -52.2716
-0.000602793 0.308554 -50.2139
-0.00277794 0.307609 -48.4853
0.00575543 0.294592 -49.4016
0.00179223 0.310686 -52.6086
0.00388933 0.299931 -50.2464
0.00546598 0.300623 -51.5483
0.00663446 0.299355 -51.9812
0.0104939 0.289419 -51.3447
0.12953 0.231709 -121.495
0.105706 0.301643 -127.205
0.034756 0.374921 -95.7626
0.011179 0.334865 -61.9902
0.0303271 0.431463 -114.256
0.0255478 0.319276 -68.8529
0.0180343 0.329078 -65.6748
0.0184198 0.331031 -66.7724
0.0156634 0.330931 -64.1603
0.0143259 0.304106 -53.142
0.0203191 0.29306 -55.1027
0.0249909 0.273971 -53.0356
0.0314978 0.246099 -49.8419
0.0426008 0.209378 -48.165
0.0476201 0.185703 -45.0496
0.0593752 0.194797 -61.281
0.0709139 0.208377 -79.1375
0.0842599 0.169083 -80.2611
0.145264 0.0522669 -108.516
0.145191 0.0110217 -93.2968
-1.84347 0.126393 2312.53
0.153432 0.123534 -143.602
