0.00828397 -0.0382968 9.62021
0.0051261 -0.0293577 9.65183
0.0135092 -0.012925 8.93435
-0.00411361 -0.00908665 10.2451
-0.00734437 -0.0097952 10.4947
-0.0160752 -0.00361515 11.2359
0.0162317 0.00766959 7.00675
-0.0163792 -0.0160629 12.2997
0.562343 -0.0580466 -88.5852
-0.291896 0.0299939 76.9273
0.0466965 0.0760837 3.45219
0.0865385 0.0472695 -4.93353
-0.0281021 -0.0341202 26.3203
-0.0777898 -0.0514944 40.8517
-0.0474457 -0.00386195 30.0783
0.00620804 0.00508721 11.7694
-0.00343238 -0.0188141 16.7764
-0.0557328 -0.0129814 36.113
-0.0795982 -0.0430792 45.5994
-0.050752 0.0351434 32.1633
-0.0236346 0.0305098 20.5335
-0.00840981 0.000903526 14.2254
0.00145691 -0.0325229 10.1691
-0.0142333 -0.0262439 18.2398
-0.0336541 -0.0166872 27.9732
-0.052776 0.0423528 36.6863
-0.0124311 0.0261621 14.2071
-0.000208547 0.0141074 7.16392
0.0161975 0.0176617 -2.69895
0.016805 0.011046 -2.97511
0.0564273 0.0580027 -29.3379
0.0460349 0.0433961 -17.6019
0.0255269 0.000994321 -2.96771
0.0286251 0.00641635 -5.31765
0.037021 0.0106821 -11.8261
0.0740944 -0.016938 -39.6642
0.0632307 -0.0171483 -30.2655
0.0196703 0.0284801 3.83338
-0.0198787 0.0052078 36.9978
0.0287261 -0.0236359 -4.09096
0.0162185 -0.0387989 7.83609
0.0172927 -0.0294401 6.99275
-0.0350272 -0.0342381 55.0701
-0.0505037 -0.0715109 69.1393
0.188031 -0.107899 -157.724
0 0 -1
0.135837 -0.0410688 -85.613
0.0927451 -0.0174302 -42.6896
0.0719153 -0.00994214 -21.0635
-0.000119476 0.0275208 54.1656
-0.00582729 0.015806 60.5696
-0.000858002 0.00885453 55.11
0.0176142 -0.0161587 34.8798
-0.0558624 -0.0470415 92.2467
-0.10892 -0.0123892 152.002
0.102111 0.0809148 -93.6651
0.0595927 -0.0418689 -41.5783
0.023844 -0.0567997 2.15609
0.0158149 -0.0537947 9.88469
0.0173362 -0.0489782 9.74848
0.021836 -0.0235387 8.57786
0.0138709 -0.0109649 8.98193
-0.0159562 -0.00100851 11.0258
-0.0112627 -0.00149566 10.3457
0.000724549 -0.0133877 9.3448
0.00736535 -0.0175796 8.283
0.00605566 -0.0145468 8.48214
-0.0919961 0.0392625 35.9589
0.0130309 0.10071 10.264
0.0425056 0.0433399 6.18023
-0.0503423 -0.0291535 32.781
-0.0645711 -0.0458187 36.2677
-0.0534498 -0.029556 32.3164
-0.00363434 -0.0434198 17.0635
-0.00639849 -0.0719539 18.9379
-0.0355153 -0.0435006 29.244
-0.0504705 -0.10768 36.7471
-0.0259668 -0.012676 22.6563
-0.0255709 0.00463157 22.0015
-0.0284497 -0.00192962 23.5432
-0.0232967 -0.0411591 22.3015
-0.00503375 -0.0501449 13.8109
-0.0153578 -0.0411416 18.7483
-0.019101 -0.0162278 19.8417
-0.0141019 0.012979 15.8283
-0.00408456 0.0109728 9.74146
0.00629218 0.00205823 3.70498
0.0535763 0.0194435 -26.9647
0.154256 0.0627181 -92.8477
0.0479558 0.00355297 -17.9103
0.0204235 0.0156175 0.121947
0.0437703 0.00486 -16.2512
0.0298091 0.00547489 -6.24229
0.0663785 -0.0174462 -33.2596
0.0861359 -0.0350829 -47.5762
0.0446698 -0.0189824 -14.9251
0.000801069 -0.00228855 19.935
0.00931168 -0.0243106 12.9708
0.0255156 -0.0257805 -0.749248
0.0123835 -0.016145 10.6295
-0.0418574 -0.0262602 60.6409
-0.0329372 -0.0118847 50.0304
-0.020442 -0.0869706 41.1645
-0.0380559 -0.0707565 57.4912
0.13534 -0.0321231 -85.5445
0.110118 -0.00143846 -60.9728
0.0824047 -0.00785951 -31.9302
-0.000512088 0.0139985 54.8638
-0.00908813 0.0142886 64.2979
-0.0136388 0.0101011 69.2306
-0.0012745 -0.0050559 55.7784
-0.087862 -0.0112365 127.956
-0.0912593 0.0413908 130.305
-0.109201 0.0759269 149.398
0.0258626 -0.0344409 -1.24607
0.0263035 -0.0441663 -1.47281
0.0417008 -0.0669798 9.44952
0.0442535 -0.0376358 8.3057
0.0599156 -0.0310974 7.28627
0.0127717 -0.017621 9.42455
-0.00078815 -0.023113 10.6852
-0.00598474 -0.00354301 10.11
0.00435128 -0.000419515 8.34205
0.00644204 -0.010063 8.30528
0.0121699 -0.00623328 7.23854
-0.0329068 0.0480702 23.1322
-0.0103044 0.0211763 20.3008
-0.0571638 0.00320384 32.6181
-0.085605 -0.023836 41.0527
-0.0558133 -0.0228069 32.5149
-0.0600421 -0.0243225 34.3401
-0.0268505 -0.0636824 24.3069
-0.0161938 -0.0991726 22.7491
-0.00356431 -0.105465 18.3971
-0.0451488 -0.063054 31.9769
-0.00379845 -0.0520898 14.9718
-0.0161369 -0.0268581 19.1199
-0.0317956 -0.0458349 27.2322
-0.0324869 -0.0610509 27.1251
0.0116424 -0.065485 5.59633
0.00919638 -0.0525654 6.04234
0.00322589 -0.0273165 8.09997
-0.00996919 -0.00833412 14.4944
-0.00304817 0.00644481 9.35318
-0.000470513 0.00614925 7.65955
0.0361663 -0.000581457 -15.0095
0.349864 0.0847637 -223.38
0.0611661 0.0248896 -27.7041
0.0174144 0.0156654 2.51145
0.021272 0.00865404 -0.119401
0.0212132 -0.00547039 0.696534
0.0356688 -0.0113956 -10.0875
0.0850128 -0.0138421 -48.086
0.0460559 -0.015859 -15.8369
0.00816162 -0.0090727 14.5173
-0.00720963 -0.0150207 27.0451
0.0318168 -0.00568351 -6.6405
0.00837963 -0.00274332 13.7428
-0.030877 -0.00387691 49.8441
-0.0949903 0.0104316 107.626
-0.0629269 -0.016925 78.4548
-0.0477779 -0.0498664 65.8888
0.132614 -0.00563591 -84.0301
0.101785 -0.0175991 -51.636
0.0799808 -0.00240778 -29.672
0.013791 0.00783599 39.736
-0.0043513 -0.00870448 60.5321
-0.0158027 0.00890322 71.7407
-0.0296404 0.0160568 86.921
-0.0294959 0.0138982 59.6599
-0.0097258 0.0866265 32.4669
0.0525725 0.00921383 -35.6449
0.045742 -0.0161095 -26.0296
0.0134559 -0.0154076 13.2497
0.0442791 -0.0421628 8.39499
0.0738042 -0.0115393 4.94012
0.0533315 -0.0028829 5.54181
0.0226282 -0.0286993 9.41723
-0.00510302 -0.0261303 11.3331
0.00560602 -0.0348542 11.0802
0.010537 0.000364569 7.54213
-0.0016243 -0.0189927 10.5039
-0.00131946 -0.0389802 12.1288
-0.0184095 -0.00331252 23.2198
-0.0183141 -0.00716483 23.3776
-0.055598 -0.00272204 32.3952
-0.018566 -0.0117321 10.9329
-0.0487633 0.00841832 28.4372
-0.0440083 0.0067243 27.2195
-0.0407704 -0.116792 32.596
-0.0214328 -0.142044 27.3307
0.0115573 -0.10206 12.5586
0.011047 -0.045933 8.3515
-0.0113873 -0.0487674 17.9981
-0.00882729 -0.054519 17.1888
-0.0342028 -0.0580086 28.3049
-0.0315295 -0.053682 26.3253
-0.00260712 -0.060878 12.1021
0.0172049 -0.0539958 1.84214
0.0360201 -0.0353778 -9.99734
0.0110998 -0.0271857 3.70491
0.0131351 0.00868012 -0.3802
-0.00011578 0.0206535 6.62237
0.0116026 0.0139663 -0.206876
0.0479949 0.0322662 -19.4623
0.0219255 0.00166438 0.314356
0.00264354 -0.00320323 14.0248
0.0145914 -0.00568994 5.57759
0.0197308 -0.00504615 1.6918
0.0256848 -0.00451844 -2.98363
0.0925772 0.000196867 -54.9853
0.0511875 -0.0159046 -19.9451
-0.0284051 -0.0270836 46.0814
0.00143995 -0.0335087 20.7961
0.0254322 -0.025805 0.601878
-0.00277928 -0.0115727 24.5616
-0.0280803 -0.0119725 47.7129
-0.113727 -0.0204501 127.42
-0.0803465 -0.0111779 94.8984
-0.0615884 -0.0168899 77.2622
0.127284 0.0023688 -79.0041
0.112946 -0.00122553 -64.1235
0.0757253 -0.00509327 -24.9048
0.0180312 -0.0182674 36.9343
0.00981141 -0.0226528 46.02
-0.00257713 -0.000861584 57.6581
-0.00367299 0.00937816 58.0754
-0.00795242 -0.00247521 35.9592
4.33137e-05 0.0137678 24.9638
0.051619 -0.00692332 -33.6725
0.0334169 0.000288777 -12.2842
0.0297986 0.00180269 -8.04544
0.051812 0.00720544 5.07716
0.0433587 0.00588386 5.06602
0.031891 -0.024785 8.74482
0.00791266 -0.0377368 11.2471
-0.000336731 -0.0383836 11.7654
0.0183904 -0.0496756 10.9142
-0.0153986 -0.0358049 14.0807
-0.0208762 -0.0533409 16.0737
-0.0196229 -0.0668821 17.2856
-0.00980597 0.0035957 20.7378
-0.0173175 0.00743503 21.9935
-0.0295546 -0.000884159 25.6401
-0.0138021 -0.00901085 9.44896
-0.0246751 0.0172088 9.89387
0.0109734 0.00986857 -0.453918
0.290147 0.0176642 -92.691
0.0377285 -0.104178 2.0327
0.0368651 -0.104716 2.27331
0.0679776 -0.0469735 -14.4561
0.00113282 -0.0137613 9.40858
-0.0295955 -0.0532523 25.9129
-0.0426235 -0.0505617 31.6475
-0.0211327 -0.0327764 19.6843
-0.00795792 -0.0416825 13.8008
0.026498 -0.0294262 -5.78255
0.0551399 -0.0259187 -21.5678
0.034363 -0.0182386 -10.1152
0.0145095 -0.0215888 1.56628
0.0118692 -0.00292093 1.23338
0.0131173 0.00997633 -0.80716
0.0533708 -0.0038558 -20.0898
0.0300341 -0.00220923 -4.80718
0.0126097 0.00918094 5.97547
0.00420574 0.00321578 12.6299
0.0084138 -0.00837361 10.5062
0.0539117 -0.0166451 -23.5213
0.230265 -0.0104778 -162.281
0.0643808 -0.0314459 -28.8802
-0.00891159 -0.043245 31.8497
-0.0343109 -0.0322893 50.5924
0.0718577 -0.0400259 -40.1129
0.0286786 -0.033572 -1.50192
-0.0478204 -0.0416346 67.8095
-0.0828674 -0.0393274 99.5838
-0.0513305 -0.0252058 68.577
-0.0602942 -0.00884816 75.5161
0.115977 0.0109323 -68.3602
0.107242 0.000156599 -58.3207
0.0709725 -0.00798819 -19.7109
0.0286501 0.0015881 23.8907
0.0121892 -0.0020655 41.7238
0.00560726 0.00196255 48.2165
0.0109664 0.0146636 40.9647
-0.0302943 0.000165436 61.2493
0.0155474 0.000189491 7.51713
0.063633 -0.00370223 -48.4626
0.043921 0.00205981 -25.0779
0.0287677 0.00294821 -6.78201
0.0142457 0.0319645 2.72425
0.0311801 -0.0125062 7.13266
0.0141434 -0.0315359 10.1747
-0.00752711 -0.00255336 7.94929
0.00569752 -0.0291836 10.1992
0.00853294 -0.0309693 9.64501
-0.0110147 -0.0391379 13.4801
-0.0354131 -0.0153343 13.8626
-0.0322485 -0.0319898 15.7622
-0.00708185 0.0013924 20.4154
-0.0130317 0.0134849 20.3729
-0.0171612 -0.00417346 9.7314
-0.00347306 -0.0020542 5.9437
-0.0184189 0.00409195 9.4208
-0.00885808 -0.0112875 8.17958
0.0275541 -0.06564 2.98124
-0.00114546 -0.0519189 10.6689
0.0578351 -0.0454084 -12.1145
0.0717667 -0.0185929 -18.6653
0.027761 0.00214424 -3.21629
-0.0273148 -0.061147 26.2513
-0.00600364 -0.0489418 14.5791
-0.0272674 -0.0417579 23.9203
-0.0182358 -0.0433174 19.3611
0.016421 -0.0567764 2.57515
0.0504282 -0.0878895 -11.8996
0.0354667 -0.0989006 -1.90601
0.0383404 -0.0675725 -7.35191
0.0378528 -0.039295 -10.587
0.0496924 -0.0168948 -20.9635
0.0611833 -0.0136647 -24.4772
0.0346877 -0.000940484 -8.35915
0.0358917 -0.00486593 -8.69285
0.00453084 0.0101141 11.3546
0.00464278 -0.00364326 12.4476
0.0134579 -0.0164308 7.40011
0.0939745 -0.0252436 -54.178
0.0442675 -0.031567 -12.3916
-0.0264184 -0.0577225 47.6133
-0.0385202 -0.0296942 54.1945
0.0315889 -0.0303846 -5.90583
0.0227415 -0.0411603 4.46306
-0.0580475 -0.0587094 78.4637
-0.045752 -0.0256918 62.9915
-0.0404047 -0.0305658 58.7516
-0.0475789 -0.0153834 63.7736
0.098482 0.0361036 -53.8327
0.0866157 -0.00384057 -36.8138
0.074748 -0.0148473 -22.7745
0.0391585 -0.0086784 14.0984
0.00372903 -0.00676051 51.4511
0.0108607 -0.00154854 42.8679
0.0220872 0.0121916 28.7702
-0.00709716 -0.0202153 36.4655
0.0382379 -0.0081994 -17.9541
0.00867053 -0.0496008 10.4593
0.00482199 -0.00199486 23.0556
0.124349 -0.00715864 -70.16
0.0505322 0.137836 -12.9456
-0.00873709 -0.0197834 8.88271
0.0185678 -0.00770404 6.53162
0.0172853 0.00377029 5.21421
-0.0026606 0.0096758 5.6626
0.0193861 0.0106938 2.90258
-0.014413 0.0108315 7.85197
-0.0318324 0.00721423 10.6821
-0.0327674 -0.00433168 12.3822
0.0189627 -0.0107502 16.6215
0.0266682 0.00679157 12.4525
0.000719192 0.0161816 2.50041
-0.00543495 0.00699077 5.37843
-0.0215426 0.0110766 9.37399
-0.0318731 0.00502429 13.1573
-0.00518355 -0.0188309 7.49486
0.0246925 -0.0173559 -3.17711
0.0582842 -0.0118139 -16.5498
0.102527 -0.00894815 -33.8882
0.0597737 0.00594515 -18.7581
0.0956206 -0.0119564 -37.4284
-0.00194974 -0.0336858 11.4048
-0.0367284 -0.0522977 29.3579
-0.0293069 -0.0537527 26.1409
-0.0198459 -0.0598847 21.994
0.00326424 -0.0696011 10.9506
0.0338696 -0.0963061 -1.1499
0.0759644 -0.0697864 -29.9818
0.0659969 -0.0541398 -26.3501
0.134884 -0.012176 -74.9985
0.114325 0.00660493 -63.6366
0.0677233 0.0138986 -33.0787
0.0426128 0.0141959 -15.8179
0.0126548 0.0287099 3.23645
0.00191023 0.028695 10.6435
-0.00312003 0.0042022 17.7762
0.0228986 -0.0307965 2.58845
0.0303912 -0.0459842 -1.03844
-0.0610927 -0.047839 75.9918
-0.00282352 -0.0334036 23.7253
0.0322582 -0.00498488 -10.1698
-0.000210171 -0.0197939 21.6453
-0.0273564 -0.0141114 44.4397
-0.0585863 -0.00913123 73.6187
-0.0477918 -0.0186293 64.3514
-0.0423081 -0.0100282 57.8296
0.0958731 0.0388522 -50.4424
0.0597745 0.03026 -13.7716
0.0638235 3.6983e-05 -13.7282
0.04006 -0.0113079 13.1561
0.0102987 -0.00830827 44.2358
0.029289 -0.00300176 22.5438
0.0363809 0.00387782 13.9582
0.011575 -0.0113614 13.7685
0.00892145 -0.014436 17.1733
-0.00878368 -0.0353943 29.4716
-0.0180679 -0.0389773 41.0993
0.113141 -0.00329124 -56.8217
0.0309786 0.111802 -8.41977
0.0972704 0.0592903 -0.147853
0.0421534 0.0732179 -9.12064
0.0142514 0.0424624 -0.94778
0.00676005 0.0621446 -3.29144
0.0060176 0.05469 -2.0517
-0.0112412 0.0310966 4.62834
-0.0508189 0.0444502 8.10324
-0.0323939 0.0281831 7.13443
0.0359709 -0.0255822 15.4112
-0.0160652 0.0165276 6.74111
-0.0377004 0.0136604 12.4291
-0.0139182 0.0286364 4.14781
-0.0409197 0.00906184 15.2688
-0.0362818 0.0587795 5.86179
-0.0356365 0.0645984 4.98687
-0.00989339 0.0506717 -1.17978
-0.00597408 0.059015 -4.02389
0.0851504 0.0192906 -32.2453
0.0954939 0.0496094 -39.8431
0.0439949 -0.0173317 -13.1782
-0.0288519 0.0389812 12.2055
-0.0216138 -0.0259715 18.39
-0.0300764 -0.0345866 23.6211
-0.0373383 -0.0527936 30.2039
0.00997673 -0.0640727 6.46832
0.031508 -0.0646211 -6.02838
0.0709378 -0.0551586 -29.5314
0.113213 -0.0223646 -59.8942
0.146196 0.00865148 -85.151
0.0950328 0.00121962 -49.4991
0.336721 0.0291729 -215.96
0.0462666 0.0062832 -16.9194
0.0360779 0.0246231 -13.0294
-0.0130556 0.0705314 14.8114
-0.0106729 0.0249117 20.4078
-0.00241241 -0.00135425 18.0207
0.00197012 -0.0273876 19.0874
-0.00135044 -0.0366379 23.5985
0.0198517 -0.0225255 2.96116
0.062478 -0.00662065 -36.2801
0.0205457 0.00258665 -0.385331
-0.0319043 -0.0119891 48.2147
-0.0406312 -0.0132147 56.7255
-0.0227827 -0.000685502 36.9503
-0.0184662 0.00705298 31.7394
0.0606204 0.0181807 -11.547
0.048384 0.0215636 -0.868577
0.0461749 0.0237572 1.86754
0.0316612 0.0169085 17.8562
0.0157912 0.0128498 35.516
0.0299861 0.00590549 20.5405
0.0294745 -0.00471537 23.052
-0.00102967 -0.00973186 16.3545
-0.00119341 -0.0144704 17.2937
0.000540069 -0.0117006 14.8445
-0.00903736 -0.00617184 25.4163
0.0841158 -0.000185311 -21.4338
0.00681957 0.135378 -11.7349
-0.0241468 0.10695 -5.28736
0.0115544 0.185605 -26.6246
0.00476473 0.139049 -17.7015
0.0260997 0.0443916 -3.09189
0.000269669 0.132703 -15.8521
-0.0142485 0.045113 2.29276
-0.0274856 0.0873109 -3.30111
0.638831 0.289269 -159.441
0.0188609 -0.0421889 22.9229
-0.0307138 0.0256906 20.9018
-0.00907323 0.0391603 0.994864
-5.06933e-05 0.0844633 -9.44503
0.00408702 0.344303 -57.8422
-0.00480623 0.214783 -31.4166
-0.00701113 0.241144 -35.3692
-0.000732024 0.18701 -28.044
0.0252164 0.106573 -23.9213
0.00704684 0.247926 -41.0685
0.00247055 0.147737 -19.5615
-0.00543534 0.139017 -15.8585
-0.0267058 0.18153 -14.3356
-0.0381388 0.16648 -6.50222
-0.025232 0.251287 -28.4383
-0.0377939 0.263673 -24.0817
-0.0150862 0.301415 -43.1954
-0.00699024 0.0161674 18.3539
0.00868835 0.0245849 7.63085
0.0977336 0.0463644 -61.6488
0.144453 0.0125008 -84.7696
0.110048 7.39392e-05 -59.8701
0.079749 -0.0052183 -38.6008
0.073931 0.00237445 -35.8657
0.0352864 0.0133572 -10.9858
0.0410532 0.045757 -20.6202
-0.0198959 0.012767 29.3108
0.000954024 -0.0124823 17.5094
0.02347 -0.000724104 -2.71358
-0.00132061 -0.017456 20.4756
0.00155622 -0.0325961 20.5908
0.072572 -0.0176983 -42.8475
-0.0312621 -0.0363377 52.4394
-0.0436845 -0.0273538 61.5666
-0.0216025 -0.0176297 39.6705
-0.0249268 0.0154925 36.9214
-0.024726 0.0185558 36.0443
0.07307 0.0195292 -25.0221
0.0423021 0.023398 4.86485
0.0623705 0.00800311 -12.9644
0.0233578 0.00822999 28.2454
0.00768674 0.00373772 45.5516
0.0257895 -0.00188997 26.6606
0.0252411 -0.00419572 27.552
0.00186082 -0.00990708 13.0696
0.00133868 -0.0166409 14.8444
-0.00339366 -0.00554829 18.198
0.00194631 -0.0256214 15.5615
0.0489689 0.00395214 21.3587
-0.0206238 0.155877 -15.6224
-0.0415612 0.182321 -20.5995
-0.0585197 0.24639 -32.7016
0.0117118 0.378515 -64.7659
0.00157771 0.329049 -53.6071
0 0 -1
0.00714092 0.34307 -56.9047
0 0 -1
0.0408422 0.295496 -51.6245
0.0156559 0.0119161 13.5537
-0.0421017 0.0925309 9.67092
-0.0599592 0.280441 -26.4758
-0.0295524 0.319298 -42.4634
-0.0225457 0.331337 -46.9612
-0.0117513 0.321706 -48.294
-0.00781176 0.306831 -46.5371
-0.00598705 0.286317 -43.067
-0.00725343 0.277243 -40.707
-0.0135574 0.27045 -36.8991
-0.0192902 0.239406 -28.3434
-0.0257699 0.20717 -19.1194
-0.021824 0.234268 -26.618
-0.0322965 0.228753 -20.703
-0.0200911 0.282687 -37.4886
-0.00133054 0.291821 -48.9354
0.0825842 0.328705 -101.697
0.00987589 0.0256575 6.79512
0.0132379 0.0295294 3.87845
0.0232491 -0.0227003 8.49185
0.0593399 0.252944 -78.1444
0.0956263 0.0566344 -61.3314
0.0602871 0.0155973 -29.3259
0.0670144 0.00986797 -31.89
0.0566931 0.0457811 -33.0234
0.100756 0.0481799 -65.3886
0.108185 0.0342897 -68.0552
0.112044 0.017205 -67.3277
0.0198694 0.0119921 -2.41801
-0.00244206 -0.0189738 21.734
0.0345228 -0.0344777 -6.94876
0.070086 -0.0183871 -40.3405
-0.0104883 -0.0221412 32.0736
-0.0267921 -0.0293464 46.4039
-0.0170463 -0.00879516 33.4065
0.00565857 -0.00362539 10.8996
-0.00224583 0.021586 13.3978
0.163445 0.0279 -118.61
0.0343827 0.0247716 12.5423
0.0426803 0.0144781 6.46528
0.0236593 0.00099817 29.1904
0.0179388 -0.000781055 35.7562
0.0254479 0.00087814 26.3752
0.028817 0.00363927 22.0762
0.00252056 -0.0056703 11.3573
0.00538664 -0.0134614 9.61209
-0.00696558 0.00215769 21.2453
-0.00632036 -0.00915347 22.7685
0.00937265 -0.00300724 71.6726
0.0126503 0.254477 -36.4062
-0.0244737 0.285868 -42.054
-0.0122207 0.329375 -51.8297
-0.0199566 0.322287 -49.297
0.000726427 0.363534 -59.7219
0.00290644 0.360109 -59.1809
-0.0059407 0.29606 -43.6791
0.0188087 0.284151 -44.9648
0.0151757 0.236711 -33.895
0.00386483 0.19716 -22.9945
-0.0084009 0.187951 -18.2324
-0.0482403 0.236294 -19.4406
-0.0162129 0.251952 -30.9693
-0.00686676 0.257894 -35.0236
-0.0242303 0.272979 -33.3168
-0.0185274 0.261844 -32.6191
-0.014328 0.250266 -31.9345
-0.0196311 0.251286 -30.3732
-0.0307528 0.243258 -24.3421
-0.0143211 0.245053 -32.0739
-0.00612005 0.267764 -41.1127
-0.00806986 0.293228 -45.848
-0.00224062 0.301446 -50.319
-0.00269005 0.309873 -52.0057
0.000138709 0.304985 -52.3343
0.0325498 0.281049 -64.7133
0.0323791 0.0539285 -12.4784
-0.00271636 0.0507875 8.99983
-0.0125528 0.111647 0.903716
-0.00090717 0.287807 -47.2624
0.0375856 0.280944 -70.4412
0.0258681 0.290304 -64.6464
0.0204175 0.283521 -59.3258
0.0263005 0.306089 -69.2987
0.0895639 0.100895 -69.0448
0.100676 0.0401392 -63.5468
0.117679 0.0488684 -78.9431
0.113759 0.0370485 -73.3689
0.148378 0.0176126 -97.5377
0.132164 0.0168622 -83.7175
0.152856 0.0127574 -100.942
0.152604 -0.0011567 -97.0459
0.132316 -0.0220714 -73.375
-0.00718476 0.336557 -50.585
-0.0158608 0.363585 -48.6443
0.0520845 0.0144712 -2.72642
0.0468496 0.0318516 -1.20872
0.0301188 0.0387912 13.312
0.0410094 0.0188786 7.08299
0.021066 0.0162808 28.5798
0.00810096 0.00732676 44.3459
0.0284699 0.00444622 22.2096
0.0331419 0.00181536 17.5521
-0.000235988 0.377936 -68.1224
0.00310388 0.35352 -66.5294
0.0203644 0.381185 -93.513
0.0122977 0.413868 -91.1588
-0.027248 0.00268309 115.662
-0.00111677 0.255942 -36.6971
-0.00017214 0.245999 -34.2503
-0.0111766 0.248189 -32.7755
-0.0160741 0.198736 -21.2754
0.0116206 0.192935 -21.9912
0.00469668 0.18121 -18.5002
-0.0168477 0.214296 -23.5926
-0.0109138 0.207991 -22.6873
-0.0121695 0.182877 -16.5123
-0.00704098 0.175321 -15.6933
-0.00267495 0.174377 -16.2723
-0.0120616 0.194468 -18.7058
-0.00876388 0.190878 -18.6618
-0.0211471 0.217089 -21.4143
-0.0167403 0.220581 -23.9078
-0.0199604 0.222343 -23.4404
-0.0149009 0.24076 -29.8643
-0.0107905 0.269924 -38.7158
-0.00616873 0.296985 -47.3
0.00599974 0.326836 -59.6826
-0.000738521 0.33174 -58.2387
-0.000782299 0.339025 -59.9591
-0.00512545 0.320487 -53.5194
0.006548 0.308916 -56.619
0.00121962 0.308535 -53.701
0.00479022 0.313514 -56.8602
0.0059093 0.314656 -57.8917
0.000203721 0.310445 -53.2546
-0.00108711 0.295887 -49.0441
0.00368957 0.319642 -57.7997
0.0213663 0.287246 -61.2983
0.0307579 0.294491 -69.2098
0.0564489 0.295468 -86.5072
0.0162156 0.311882 -63.0542
-0.00633195 0.356041 -57.5683
0.0171882 0.32006 -66.2806
0.024306 0.143653 -27.6192
0.0710208 0.103268 -54.605
0.120723 0.0517023 -82.6203
0.133899 0.0223973 -86.8041
0.147937 0.017253 -97.7908
0.136964 -0.0117577 -80.411
0.120421 -0.0389579 -58.6343
0.129546 -0.184851 -30.2433
0.159236 -0.186879 -58.1737
0.337852 -0.0723892 -267.534
0.106138 -0.0238936 -48.2348
0.0409103 0.0277172 5.47894
0.0294422 0.0167695 19.2991
0.0107614 0.031129 35.4736
0.119888 -0.0041851 -65.4065
0.0325957 0.00808598 16.6909
0.0379084 0.00752772 11.0588
-0.0170633 0.0256175 34.7175
-0.000401033 0.0133608 18.2829
0.0424165 0.0551191 -42.9964
0.0769618 0.114318 -98.8475
-0.0342773 0.0117864 122.181
0.00288243 0.273022 -41.1899
0 0 -1
-0.00884703 0.267379 -38.833
-0.0290719 0.255404 -34.3038
-0.0415877 0.259625 -34.276
0.00440666 0.236699 -32.3419
-0.0102598 0.237322 -30.5362
-0.0205816 0.235225 -27.9887
-0.00857478 0.261945 -38.369
-0.00279495 0.252616 -36.7387
-0.00462895 0.254821 -37.6075
0.00674906 0.209567 -28.191
-0.00281634 0.245826 -35.5857
-0.00309618 0.223708 -29.3782
0.00638519 0.284703 -48.8807
0.001255 0.243804 -36.4146
-0.0130748 0.278758 -40.0018
0.0329064 0.273309 -55.1473
0.00483431 0.288869 -49.0459
0.0208492 0.290517 -55.4013
0.00855727 0.319098 -58.4256
-0.0133641 0.323479 -49.4959
-0.00527273 0.301517 -47.5437
-0.0115319 0.300704 -44.8819
0.0066111 0.311533 -57.3086
0.0193859 0.283949 -56.632
0.0083557 0.316503 -58.8583
0.00146098 0.312845 -54.0135
0.00166767 0.305241 -52.1748
0.00811993 0.336127 -64.943
0.00070801 0.328428 -57.998
0.0358687 0.290286 -72.0055
0.0464563 0.273863 -74.502
0.0267822 0.297454 -66.4431
0.00692763 0.3311 -60.5106
0.00277925 0.337712 -59.6116
0.000842142 0.359358 -63.8119
-0.0111394 0.345328 -50.7003
0.0328006 0.321907 -80.5915
0.0384823 0.20884 -53.8902
0.107406 0.100679 -84.0772
0.113657 0.0120387 -65.877
0.0660044 -0.125195 14.1552
0.0190984 -0.228802 84.3036
0.0188295 -0.118995 54.1711
0.342131 0.0185085 -295.866
0.323766 -0.0256462 -266.49
0.0120946 -0.00217864 42.3557
0.0185521 0.0072215 32.7759
0.00737307 0.0178309 42.0116
0.00672859 0.0219238 41.409
0.0346414 0.00810839 14.3453
0.0256927 -0.00358229 27.6534
0.0429717 0.319645 -100.173
-0.000100575 0.201821 2.98129
-0.000100575 0.201821 2.98129
-0.000100575 0.201821 2.98129
-0.00453643 0.00769688 86.5586
0.00418686 0.280623 -43.2895
0.00426214 0.279753 -43.0478
-0.00673604 0.289422 -45.2219
-0.0216675 0.268508 -38.4634
-0.00834378 0.27935 -42.8503
0.00896545 0.265666 -40.7883
-0.0119123 0.261964 -36.788
-0.0134178 0.284643 -43.0393
-0.0193816 0.287011 -43.0092
-0.0127474 0.293302 -45.6609
0.00135299 0.323492 -58.0083
-0.00380011 0.299204 -49.851
-0.00143031 0.319135 -56.1857
0.00269492 0.295034 -50.3431
0.00927266 0.324762 -60.8667
0.0101836 0.305789 -55.6723
0.00502128 0.325683 -59.6981
0.00106894 0.294444 -49.0578
-0.00441234 0.294135 -45.68
-0.000606448 0.292597 -47.3271
-0.0030065 0.298002 -47.7668
-0.00908324 0.299575 -45.4582
-0.00207888 0.315186 -53.4789
-0.00143747 0.325765 -56.8246
0.00630801 0.325956 -60.9482
0.0116261 0.31869 -61.6917
0.00696382 0.313571 -57.538
0.00194623 0.320139 -56.5241
-0.00147419 0.319914 -54.4025
0.00170123 0.325589 -57.9389
-0.000442211 0.322917 -55.8012
0.00522878 0.326947 -60.7675
0.0121548 0.311292 -60.967
0.0415374 0.279121 -72.5595
0.0401851 0.279138 -71.0775
0.00448037 0.309605 -52.8169
-0.00494378 0.320393 -48.5944
-0.00338757 0.306622 -45.7528
-0.0167595 0.311106 -36.1791
0.0143209 0.294252 -57.4968
0.0251971 0.258599 -56.5375
0.0336457 0.270702 -67.7635
0.0176374 0.213368 -36.1273
-0.00782942 0.232236 -18.114
-0.0171246 0.283754 -24.5853
0.279023 0.140372 -269.187
0.24448 0.0141786 -197.831
0.0344859 -0.0102086 22.0853
0.0310446 0.0116397 18.2306
0.0203376 0.01686 28.4513
0.00494608 0.0220825 43.5557
0.0161765 0.0119696 33.7271
0.00230993 -0.00124029 53.197
0.0442113 0.322328 -102.419
0.0449046 0.302429 -97.4388
-0.0695032 0.182878 79.9968
0.0413429 -0.00809326 34.2711
0.0336067 -0.00396748 42.6465
0.00410803 0.280996 -43.3435
0.00701537 0.28125 -43.5522
0.000316815 0.277171 -41.9019
-0.0202403 0.275893 -40.1309
-0.0175339 0.280322 -41.9569
0.00671155 0.283259 -45.8906
0.00348545 0.289309 -47.282
-0.00546898 0.282169 -43.2436
-0.00312298 0.303055 -50.3469
-0.0119911 0.319599 -53.5824
-0.0134756 0.319421 -53.4609
-0.00386694 0.326416 -57.6494
-0.00444733 0.33321 -59.8239
-0.00179982 0.327764 -58.4046
0.00251569 0.322731 -58.0353
0.00250218 0.345832 -64.8888
0.0115605 0.339864 -65.8175
0.00491013 0.321348 -57.7976
-0.0031168 0.318889 -54.0042
0.000678508 0.309172 -52.661
-0.00095499 0.315261 -53.8385
-0.0101095 0.327393 -53.3975
0.00143621 0.323412 -57.4946
0.00166725 0.326738 -58.6582
0.00229238 0.327356 -59.1837
0.000472258 0.332178 -59.6544
0.00786529 0.321273 -60.4481
0.00541165 0.318736 -58.0411
0.00349668 0.329417 -60.2744
0.00284718 0.324801 -58.5075
0.00149232 0.325787 -57.9004
0.00786878 0.325923 -62.1884
0.00207179 0.317474 -55.5161
0.0251558 0.295653 -65.3134
0.0294783 0.295267 -68.4268
0.0244387 0.289117 -62.2324
-0.00228045 0.292662 -42.7541
-0.000121341 0.303184 -47.6386
0.00951031 0.315868 -59.5475
0.0113899 0.330259 -65.7222
0.00562681 0.320821 -57.9124
0.0149671 0.310676 -63.1175
0.00388289 0.312217 -53.2287
-0.00344393 0.30755 -45.0448
0.0199657 0.312662 -69.214
0.139019 0.213095 -153.328
0.128628 0.0604362 -95.3511
0.0319841 0.00884391 18.2447
0.0416277 -0.00424715 12.0132
0.0355366 0.00699844 15.0551
0.00647721 0.00923172 45.8467
-0.0412582 0.0163558 96.322
0.024353 0.297343 -71.8652
0.0392131 0.307011 -92.2738
0.0557615 0.294971 -107.536
0.0650249 0.211164 -91.0162
0.0524825 -0.00680998 20.2613
0.0481721 -0.00190917 24.0896
0.00393837 0.277341 -42.1668
0.00440287 0.276022 -41.7298
0.00081515 0.277065 -41.8598
-0.00460408 0.292311 -47.0434
0.00244757 0.296216 -48.8851
-0.00688325 0.296041 -47.932
0.0134955 0.307345 -54.4842
0.00230223 0.318212 -56.6067
0.0171301 0.311456 -56.8968
0.0123267 0.325403 -60.5121
0.00348249 0.321611 -57.7375
0.0113609 0.328374 -62.4035
0.00337056 0.338741 -64.3237
0.0121952 0.311776 -57.357
0.0192244 0.320523 -62.1012
0.00551288 0.3177 -56.8448
0.0116293 0.297485 -52.5841
-0.0041163 0.313214 -51.5091
-0.00909203 0.30255 -46.0328
-0.0100924 0.319912 -51.5534
-0.00383574 0.341826 -61.3177
-0.0005685 0.326586 -57.7171
0.000711591 0.325708 -57.9462
0.000671729 0.321302 -56.3595
0.00236498 0.326891 -59.1322
0.00852052 0.325138 -61.8107
0.0113113 0.32111 -62.2572
0.00888225 0.316676 -59.2689
0.00934408 0.329933 -64.0982
0.00525329 0.322904 -59.3119
0.00332337 0.330884 -60.7174
0.00364784 0.324909 -59.009
-0.00201539 0.320937 -53.7058
0.0033253 0.309041 -53.6935
0.0260022 0.299878 -67.4431
0.030775 0.310241 -74.3447
0.0142833 0.298747 -57.3892
0.0168809 0.322473 -67.5218
0.0143062 0.326132 -66.8782
0.0214157 0.337754 -76.7455
0.0180402 0.369999 -84.6718
0.00883945 0.341529 -67.1808
0.00934503 0.359064 -73.5762
0.0169232 0.36393 -82.5135
0.0219184 0.334273 -77.6205
0.0213709 0.350166 -82.4717
0.0172221 0.410281 -98.6647
0.020579 0.362379 -85.525
0.0631781 0.0963668 -43.5851
0.0437325 0.349044 -105.065
0.0299977 0.367278 -96.1199
-0.0444429 0.412404 -29.9927
0.00779411 0.350493 -69.3223
0.00388147 0.310109 -52.2101
0.0159123 0.261108 -49.7936
0.092529 0.221612 -126.721
0.0681816 -0.00657578 1.04877
0.0591251 0.00385354 8.6683
0.000201724 0.275501 -41.5005
-0.000662747 0.273687 -40.834
-0.00372542 0.277828 -42.2074
0.00854261 0.297602 -50.0612
0.00651433 0.300145 -50.6781
0.00141791 0.307185 -52.4111
0.00396449 0.30657 -52.7297
0.00820092 0.313908 -55.882
0.00300056 0.296997 -49.0245
0.00455514 0.319097 -56.9322
0.0158934 0.313168 -57.3035
0.0312112 0.319807 -63.639
0.00610622 0.362173 -72.7816
0.00330502 0.321383 -57.4833
0.010435 0.313402 -56.7273
0.00227515 0.326092 -58.6766
-0.00160046 0.322526 -56.1527
0.000307357 0.301025 -49.0948
0.00524757 0.296432 -49.4019
-0.00357013 0.311079 -50.9718
-5.84232e-06 0.3192 -55.3006
0.00205231 0.323389 -57.8562
0.00510706 0.313708 -55.8845
0.000789839 0.318978 -55.5843
0.00406956 0.325457 -59.5543
0.00950377 0.322383 -61.4809
0.0214803 0.33031 -71.3188
0.0131986 0.329151 -66.1231
0.00484155 0.321018 -58.3958
0.00579848 0.323097 -59.8447
0.00469655 0.323402 -59.1371
0.00611821 0.329142 -62.2943
-0.000568825 0.334336 -59.4841
0.00341954 0.317472 -56.8572
0.012953 0.327654 -67.3934
0.0271547 0.306918 -70.4165
0.0129535 0.294447 -54.7247
0.0403857 0.293681 -76.0207
0.022922 0.356835 -84.2416
0.0286359 0.375787 -95.9856
0.0230214 0.374437 -90.2811
0.0300516 0.376886 -97.6613
0.0164122 0.410813 -97.0264
-0.000918991 0.426405 -86.8032
0.00305197 0.427863 -91.2707
0.00993032 0.38161 -81.8355
0.0170992 0.383445 -89.428
0.032984 0.321807 -83.4661
0.0303423 0.335131 -85.3396
0.0347299 0.297601 -77.1479
0.0372762 0.303769 -81.426
0.0845889 0.278693 -124.699
0.094037 0.196625 -105.92
0.109621 0.0908671 -86.1022
-0.00608528 0.33145 -47.3458
0.0176114 0.215525 -35.2062
0.0903654 -0.0201846 -21.3262
0.0727705 0.00146335 -7.28634
-0.000128776 0.274373 -41.0981
0.000273257 0.274097 -41.0116
0.00187165 0.277283 -42.2688
0.0153285 0.301737 -52.0433
0.022359 0.317051 -58.0647
0.000709866 0.284615 -44.2766
0.00836095 0.299588 -50.6645
0.00516618 0.311108 -54.2638
0.00413088 0.300172 -50.2162
0.00253797 0.262764 -36.3527
0.0223072 0.271234 -43.7773
0.0132006 0.313961 -57.2324
0.0121802 0.341792 -67.1831
-0.00222366 0.340842 -62.6572
0.0038128 0.325752 -58.9654
-0.00875232 0.32419 -54.322
-0.0194491 0.276954 -33.4245
0.00676673 0.244237 -31.5194
0.0114904 0.24987 -35.3238
0.00818135 0.273388 -42.5942
0.00906046 0.277222 -44.2795
0.00733602 0.296038 -50.4942
0.00426592 0.30343 -51.7609
0.00742574 0.296802 -51.0098
0.00540246 0.318642 -57.8127
0.00684357 0.32388 -60.5275
0.00940108 0.329435 -63.9565
-0.00304732 0.320156 -53.2171
-0.00339312 0.2989 -45.3946
0.00716319 0.307941 -55.222
0.00756122 0.308644 -55.7504
-0.000456272 0.32005 -54.5077
0.00168285 0.312161 -53.1762
0.00192665 0.327403 -58.8776
0.0148298 0.316219 -64.4004
0.0169127 0.291664 -57.0102
0.0329062 0.262489 -59.2635
0.0321133 0.316515 -77.5248
0.0559818 0.318118 -97.8055
0.0382725 0.382612 -106.188
0.0300581 0.393436 -103.09
0.0281625 0.399121 -103.537
0.01984 0.422492 -104.525
-0.00437559 0.409208 -77.3029
0.0111978 0.390193 -85.6301
0.00683997 0.415003 -90.221
-0.0146348 0.392925 -60.7873
0.0029191 0.331737 -56.0764
0.0334111 0.309138 -79.561
0.0335188 0.313554 -81.5171
0.0403555 0.292285 -80.7632
0.0552439 0.215066 -69.6805
0.0782801 0.13311 -65.5393
0.110009 0.0953137 -87.8831
0.0863309 0.0911351 -58.3055
0.101111 0.0508635 -61.0683
0.0997974 -0.031503 -28.9406
0.0971126 -0.0211893 -29.3039
