0 1 3
1 3 3
2 3 3
3 4 3
4 5 3
5 6 3
6 7 3
7 8 3
8 9 3
9 10 3
10 11 3
11 12 3
12 13 3
13 14 3
14 15 3
15 16 3
16 17 3
17 18 3
18 19 3
19 21 3
21 78 3
21 22 3
22 23 3
23 25 1
25 26 3
26 27 3
27 28 3
28 29 3
29 30 3
30 31 1
31 32 3
32 34 3
34 35 3
35 36 3
36 37 0
37 38 3
38 39 3
39 40 3
40 41 3
41 42 3
42 43 2
43 44 3
44 45 3
45 46 3
46 47 3
47 48 3
48 49 2
49 50 1
50 51 3
51 52 3
52 53 0
53 54 3
54 55 3
55 56 3
56 57 3
1 2 3
20 21 3
19 20 3
20 78 3
48 106 3
39 97 3
2 60 3
34 92 3
35 92 3
1 60 3
32 90 3
42 100 3
41 100 3
45 103 3
3 60 3
32 91 3
43 101 3
52 110 0
53 110 3
22 80 1
34 91 3
46 103 3
51 110 0
53 111 3
54 111 3
13 72 3
14 72 3
31 89 3
35 93 3
36 94 0
36 95 0
4 63 3
5 63 3
26 84 3
32 89 3
92 93 3
38 96 3
40 97 2
44 102 3
49 106 2
50 108 0
3 61 3
4 61 3
7 66 3
8 66 3
19 77 3
25 83 3
25 84 3
30 88 1
89 90 3
90 91 3
36 93 3
94 95 3
37 95 3
40 99 3
41 99 3
43 100 3
45 102 3
106 107 2
49 107 2
0 58 3
0 59 3
1 59 3
6 64 3
9 67 3
10 68 3
11 69 3
12 70 3
13 71 3
15 74 3
16 74 3
16 75 3
17 75 3
18 77 3
23 83 1
27 84 3
27 85 3
28 86 3
28 87 3
29 87 3
29 88 3
30 89 1
37 96 3
39 96 3
40 98 2
46 104 3
47 105 3
48 105 3
51 109 3
56 114 1
56 115 1
57 115 1
59 60 3
4 62 3
63 64 3
8 67 3
67 68 3
11 68 3
69 70 3
70 71 3
23 80 1
85 86 3
86 87 3
87 88 3
95 96 3
96 97 3
43 102 2
46 105 3
105 106 3
107 108 0
50 109 3
110 111 3
58 59 3
61 62 3
62 63 3
7 64 3
18 75 3
20 77 3
84 85 3
88 89 1
93 94 0
97 98 3
103 104 3
109 110 0
68 69 3
98 99 3
100 101 1
104 105 3
66 67 3
111 112 1
54 112 1
55 112 1
55 113 1
56 113 1
114 115 3
64 66 3
71 72 3
74 75 3
83 84 3
102 103 3
113 114 3
60 61 3
99 100 3
101 102 3
112 113 3
15 72 3
91 92 3
108 109 1
72 74 3
21 80 2
77 78 3
106 164 3
80 139 3
23 139 1
23 198 3
107 164 2
95 152 3
72 131 3
74 131 3
139 198 0
94 152 3
60 118 3
61 118 2
75 134 3
18 134 3
58 117 1
93 152 0
59 117 1
92 150 3
97 155 3
107 166 0
112 171 3
64 123 3
66 123 3
67 126 3
68 126 3
91 150 2
93 151 3
95 153 3
108 166 2
113 171 3
77 134 3
86 145 3
92 151 3
96 153 3
101 159 0
103 161 0
103 162 0
109 166 0
110 169 3
111 169 3
115 173 3
69 127 3
74 132 3
75 133 3
77 135 3
78 136 2
78 137 2
21 137 2
23 141 1
84 143 3
85 143 3
87 145 3
88 146 3
151 152 0
99 158 3
100 158 0
100 159 0
101 160 0
102 160 0
102 161 0
104 162 0
105 162 0
114 172 3
63 121 3
67 125 3
70 127 3
71 129 3
131 132 3
74 133 3
134 135 3
21 139 2
83 141 3
83 142 3
84 142 3
86 143 3
86 144 3
87 146 3
88 147 3
89 147 0
96 155 1
98 155 3
159 160 3
160 161 3
161 162 3
105 163 3
113 172 3
58 116 1
61 119 3
62 120 3
62 121 3
63 122 3
64 122 3
66 124 3
70 128 3
72 129 3
72 130 3
133 134 3
143 144 3
144 145 3
90 148 0
158 159 3
106 163 3
107 165 3
109 167 0
110 168 3
112 169 0
60 117 1
118 119 3
121 122 3
122 123 3
67 124 3
126 127 3
127 128 3
128 129 3
130 131 3
78 135 2
145 146 3
152 153 0
162 163 1
164 165 2
165 166 0
167 168 3
168 169 3
125 126 3
129 130 3
142 143 3
146 147 3
147 148 3
91 149 2
150 151 3
99 157 3
161 277 3
166 167 1
115 172 3
116 117 3
117 118 0
61 120 3
141 142 3
149 150 1
163 164 3
172 173 3
132 133 3
136 137 3
153 155 1
119 120 3
90 149 2
155 212 0
98 157 0
157 158 3
124 125 3
153 212 3
135 136 3
148 149 1
169 170 1
112 170 3
171 172 3
120 121 3
123 124 3
170 171 3
141 198 0
139 254 3
153 211 3
164 222 3
137 194 3
21 254 2
21 194 2
161 220 3
173 231 3
122 180 3
198 199 1
141 199 3
146 204 3
147 204 3
220 277 3
172 231 3
121 180 3
123 180 3
194 254 3
155 157 0
159 218 3
160 218 3
160 277 3
162 220 3
164 221 3
221 222 2
127 185 3
128 185 3
128 186 3
129 186 3
149 208 2
150 208 0
151 208 0
155 214 0
157 214 3
120 179 3
121 179 3
123 182 3
124 182 3
145 203 3
151 209 0
155 213 0
158 217 3
159 217 3
124 183 3
125 183 3
129 187 3
130 187 3
131 190 3
132 190 3
132 191 3
133 191 3
144 202 3
144 203 3
146 203 3
147 205 3
208 209 3
211 268 3
212 213 3
158 215 3
218 277 3
163 221 3
165 222 2
117 175 3
118 176 3
179 180 3
134 192 3
142 200 3
143 202 3
202 203 3
148 205 3
152 210 0
213 214 3
157 215 3
166 224 3
171 229 3
116 174 3
118 175 1
180 181 3
123 181 3
126 184 3
130 188 3
131 189 3
134 191 3
135 192 3
136 194 3
141 200 3
143 201 3
148 206 3
148 207 3
149 207 2
151 210 0
153 210 2
153 268 3
215 216 3
158 216 3
217 218 3
162 221 1
165 223 0
165 224 2
167 224 0
167 225 0
168 226 0
169 227 0
170 228 3
172 229 3
172 230 3
174 175 3
119 178 3
181 182 3
183 184 3
127 184 3
187 188 3
188 189 3
190 191 3
135 193 3
143 200 3
201 202 3
205 206 3
207 208 3
225 226 3
226 227 3
227 228 1
171 228 3
230 231 3
120 178 3
178 179 3
182 183 3
185 186 3
189 190 3
136 193 3
204 205 3
209 210 3
211 212 3
214 215 3
216 217 3
229 230 3
175 176 3
223 224 3
224 225 3
228 229 3
118 178 3
184 185 3
186 187 3
191 192 3
192 193 3
254 256 3
203 204 3
206 207 3
210 268 3
139 256 0
199 200 3
200 201 3
176 178 3
220 221 1
222 223 0
190 248 3
198 256 3
189 248 3
176 233 3
178 235 3
193 194 3
175 233 3
214 272 3
215 272 3
203 261 3
204 261 3
212 270 3
215 273 3
221 279 0
254 255 3
213 270 3
220 279 3
224 283 3
176 235 3
180 238 3
181 238 3
181 239 3
182 239 3
183 241 3
184 241 3
200 258 3
216 273 3
225 283 3
230 289 3
231 289 3
185 244 3
186 244 3
191 248 3
201 258 3
216 274 3
217 274 3
223 281 3
224 281 3
229 287 3
188 246 3
229 288 3
230 288 3
241 242 3
184 242 3
189 246 3
194 252 3
201 259 3
206 264 3
209 267 3
211 270 3
218 276 3
276 277 3
222 281 0
227 285 1
228 285 0
174 232 3
179 238 3
185 242 3
185 243 3
187 244 3
187 245 3
189 247 3
247 248 3
255 256 3
202 260 3
205 264 3
207 265 3
208 265 3
208 266 3
210 267 3
220 278 3
222 279 0
222 280 0
226 284 1
228 286 3
228 287 3
288 289 3
232 233 3
238 239 3
243 244 3
244 245 3
245 246 3
246 247 3
193 252 0
258 259 3
259 260 3
203 260 3
264 265 3
265 266 3
266 267 3
214 271 3
279 280 3
281 283 3
225 284 1
284 285 3
286 287 3
287 288 3
182 240 3
255 314 3
205 263 3
267 268 3
270 271 3
278 279 3
280 281 1
285 286 1
233 235 3
239 240 3
183 240 3
242 243 3
314 371 3
263 264 3
283 284 1
179 237 3
237 238 0
199 258 3
205 261 3
272 273 3
178 294 3
178 237 3
240 241 3
191 308 0
192 308 0
260 261 3
252 254 3
254 314 3
271 272 3
273 274 3
218 274 3
237 294 3
252 314 3
276 334 3
218 334 3
277 278 3
282 283 0
235 294 3
252 309 3
281 282 1
248 308 0
248 307 3
307 308 0
192 252 0
252 310 3
199 256 0
261 320 3
252 308 2
309 310 3
205 320 3
283 341 1
242 301 3
243 301 3
256 315 3
199 315 0
268 327 3
235 292 3
311 314 3
311 371 3
263 320 3
211 327 3
271 330 3
279 337 1
284 341 3
233 292 3
235 293 3
241 299 3
265 322 3
266 324 3
273 332 3
274 332 3
277 335 3
286 344 0
292 293 3
242 299 3
264 322 3
265 324 3
268 326 3
270 327 3
285 343 3
286 343 0
237 295 3
263 322 3
267 325 3
267 326 3
274 334 3
294 295 3
238 297 3
239 297 3
258 315 0
258 317 3
259 317 3
319 320 3
272 330 3
272 331 3
273 331 3
274 333 3
278 335 3
278 336 3
343 344 3
233 291 3
240 298 3
241 298 3
245 303 3
246 303 3
248 306 3
306 307 3
252 311 3
261 319 3
326 327 3
270 330 3
333 334 3
279 336 3
280 337 1
287 344 0
232 290 3
291 292 3
242 300 3
244 302 3
246 304 3
247 305 3
258 316 0
260 318 3
260 319 3
263 321 3
265 381 3
324 381 3
325 326 3
335 336 3
281 339 1
282 341 3
287 345 0
287 346 0
288 346 0
289 347 0
290 291 3
238 295 1
239 298 3
301 302 3
302 303 3
304 305 3
305 306 3
315 316 3
316 317 1
317 318 3
321 322 3
267 324 3
276 335 3
280 339 1
282 339 2
282 340 3
344 345 3
345 346 2
346 347 2
297 298 3
298 299 3
299 300 3
310 311 3
327 328 3
270 328 3
331 332 3
340 341 3
284 343 3
238 296 1
300 301 3
255 313 3
318 319 3
334 335 3
336 337 1
293 294 3
295 296 3
255 315 3
320 321 3
324 325 3
330 331 3
296 297 0
303 304 3
280 338 1
308 309 3
338 339 3
341 343 2
337 338 3
322 381 0
339 340 3
313 314 3
341 400 3
343 400 3
313 315 3
334 392 3
335 392 3
335 393 3
324 382 3
325 382 3
392 393 3
293 352 3
294 352 3
308 366 3
309 366 3
310 368 3
317 375 0
270 387 3
330 387 3
307 365 3
316 375 3
381 382 3
332 333 3
300 359 3
301 359 3
308 365 1
310 427 3
311 427 3
328 386 3
328 387 3
292 350 3
299 357 3
302 359 3
303 361 3
304 361 3
306 364 3
368 427 3
315 372 3
327 386 3
336 394 3
337 395 3
338 395 3
343 402 3
344 402 3
291 350 3
293 351 3
295 352 3
298 357 3
302 360 3
303 360 3
305 364 3
365 366 3
313 372 3
317 376 0
380 381 3
331 389 3
332 389 3
292 351 3
351 352 3
297 357 3
315 432 3
316 432 3
318 376 0
325 383 3
327 385 3
332 390 3
333 390 3
335 394 3
340 398 3
343 401 3
290 348 3
291 349 3
350 351 3
295 353 3
296 353 3
300 357 3
309 367 3
310 367 3
375 376 3
319 376 0
321 380 3
322 380 0
326 383 3
326 384 3
326 385 3
330 388 3
393 394 3
341 398 3
341 399 3
401 402 3
345 402 3
345 403 0
346 404 1
347 405 3
348 349 3
349 350 3
296 354 2
297 354 1
359 360 3
361 420 3
304 420 3
364 365 3
366 367 3
316 374 3
320 380 3
382 383 3
383 384 3
384 385 3
385 386 3
386 387 3
387 388 3
388 389 3
389 390 3
337 394 0
339 398 3
403 404 1
346 405 3
360 361 3
371 427 3
374 375 3
339 397 3
399 400 3
400 401 3
352 353 3
357 359 3
372 432 3
333 391 3
334 391 3
338 397 3
397 398 3
402 403 1
357 415 3
367 368 3
374 432 3
320 376 3
320 378 3
404 405 2
354 357 2
359 415 3
304 364 3
371 428 3
313 428 3
320 379 3
427 428 3
314 428 3
379 380 3
397 455 3
398 399 3
378 379 3
390 391 3
391 392 3
353 354 2
395 397 3
364 420 3
376 378 3
353 411 3
354 411 1
394 395 1
313 429 3
376 435 3
378 435 3
395 454 3
397 454 3
428 429 3
372 429 3
395 453 3
354 413 2
357 413 3
366 424 3
367 424 3
453 454 3
404 462 3
364 421 3
399 457 3
405 462 2
411 413 0
359 417 3
420 421 3
365 424 3
372 431 3
431 432 3
380 438 3
387 445 3
388 445 3
400 457 3
400 459 3
401 459 3
411 412 0
360 417 3
395 452 3
400 458 3
412 413 3
361 419 3
364 422 3
378 436 3
379 436 3
381 438 3
381 439 3
383 441 3
384 441 3
394 452 3
457 458 3
350 408 3
351 408 3
365 422 3
438 439 3
454 455 3
402 460 3
357 414 3
360 419 3
382 441 3
388 446 3
391 449 3
458 459 3
403 460 0
403 461 1
404 461 3
405 463 3
348 406 3
349 407 3
349 408 3
351 409 3
352 410 3
413 414 3
415 417 1
372 430 3
375 433 3
376 434 3
379 437 3
379 438 3
382 440 3
384 442 3
385 443 3
389 447 3
390 448 3
393 451 3
394 451 3
401 460 3
406 407 3
407 408 3
409 410 3
410 411 3
414 415 3
419 420 3
429 430 3
430 431 3
432 433 3
433 434 3
435 436 3
436 437 3
439 440 3
442 443 3
386 443 3
386 445 3
446 447 3
391 448 3
392 449 3
462 463 3
415 475 0
360 418 3
365 423 3
386 444 3
445 446 3
390 447 3
460 461 1
408 409 3
417 418 3
423 424 3
367 425 3
368 426 3
434 435 3
440 441 3
441 442 3
443 444 3
444 445 3
447 448 3
392 451 3
398 455 3
459 460 3
422 423 3
424 425 3
368 425 3
426 427 3
437 438 3
452 453 3
461 462 3
418 419 3
421 422 3
392 450 3
417 475 0
450 451 3
451 452 3
455 572 3
398 572 3
449 450 3
425 426 3
448 449 3
399 572 2
415 474 3
451 509 3
452 509 3
457 572 3
474 475 3
423 482 0
424 482 3
413 472 3
415 473 3
414 472 3
414 473 3
452 510 3
408 466 3
473 474 3
443 501 3
444 501 3
509 510 3
458 516 3
409 466 3
412 471 3
413 471 3
421 480 3
422 480 3
441 499 3
411 471 0
471 472 3
427 486 3
428 486 3
440 499 3
442 500 3
452 454 3
455 513 3
515 572 3
457 516 3
418 476 3
419 476 3
423 481 0
443 500 3
444 502 3
457 515 3
410 468 3
411 468 3
411 469 3
417 476 3
481 482 3
436 495 3
437 495 3
445 502 3
450 509 3
459 516 3
460 518 3
461 518 0
461 519 3
462 520 3
406 464 3
407 465 3
408 465 3
409 468 3
419 477 0
420 478 3
421 478 3
421 479 3
424 483 2
430 488 3
432 490 3
434 493 3
435 493 3
436 493 3
438 496 3
439 497 3
440 497 3
440 498 3
498 499 3
500 501 3
501 502 3
445 503 3
446 505 3
447 505 3
448 506 3
449 507 3
515 516 3
459 517 3
459 518 3
518 519 1
461 520 3
463 521 3
464 465 3
472 473 3
475 476 1
420 477 0
429 488 3
431 490 3
433 490 3
495 496 3
496 497 3
442 499 3
502 503 3
505 506 3
506 507 3
450 507 3
450 508 3
452 512 3
454 512 3
455 512 0
517 518 3
463 520 3
465 466 3
409 525 3
468 469 3
469 471 0
476 477 0
477 478 1
480 481 0
423 480 3
482 483 3
431 488 3
493 494 3
436 494 3
446 503 3
508 509 3
512 513 3
468 525 3
425 483 1
433 491 3
434 491 3
516 517 3
519 520 3
479 480 3
494 495 3
452 569 3
512 569 3
513 572 3
520 521 3
466 525 3
478 479 3
499 500 3
446 504 3
510 569 3
491 493 3
490 491 3
497 498 3
504 505 3
507 508 3
469 528 3
426 483 1
426 542 1
426 485 1
427 485 1
486 544 1
428 488 3
488 490 3
465 524 3
466 524 3
471 528 1
485 542 3
485 486 0
486 488 2
503 504 3
483 542 2
485 544 3
472 530 1
488 547 2
490 547 2
471 529 1
471 530 1
473 530 1
515 574 3
516 574 3
528 529 3
473 531 1
474 531 1
474 532 1
493 550 2
482 539 2
486 546 2
488 546 2
491 550 3
504 563 3
505 563 3
530 531 3
474 533 1
481 539 3
512 571 3
531 532 3
476 534 3
480 539 3
482 540 3
486 545 2
546 547 3
490 548 2
491 548 2
507 565 3
524 525 3
525 526 3
468 526 3
532 533 3
475 534 1
477 535 1
477 536 1
478 536 3
479 538 3
480 538 3
483 540 3
485 543 3
545 546 3
547 548 3
508 565 3
512 570 3
513 571 3
519 577 3
520 577 3
520 578 3
521 579 0
474 534 1
476 535 3
479 536 2
483 541 3
543 544 3
544 545 0
503 561 3
504 561 3
506 563 3
570 571 3
520 579 0
464 522 3
465 523 3
469 527 3
533 534 3
539 540 2
493 551 2
494 552 3
495 553 3
496 553 3
496 554 3
497 555 3
498 556 3
499 557 3
500 558 3
501 559 3
502 560 3
504 562 3
508 566 3
509 567 3
510 568 3
569 570 3
517 575 3
518 576 1
577 578 3
522 523 3
523 524 3
526 527 3
527 528 3
529 530 3
535 536 3
540 541 3
550 551 3
551 552 3
552 553 3
554 555 3
555 556 3
556 557 3
557 558 3
558 559 3
559 560 3
560 561 3
562 563 3
566 567 3
567 568 3
568 569 3
571 572 3
572 574 3
516 575 3
575 576 1
576 577 3
578 579 0
479 537 2
491 549 2
565 566 3
574 575 3
536 537 3
537 538 3
542 543 3
549 550 3
561 562 3
506 564 3
506 565 3
538 539 3
541 542 3
548 549 3
564 565 3
553 554 3
563 564 3
572 631 3
574 631 3
534 535 3
574 632 3
547 606 3
548 606 3
575 632 3
543 601 3
572 630 3
541 600 2
544 601 3
571 630 3
578 636 0
630 631 3
526 585 3
529 586 3
545 603 3
546 603 3
546 604 3
547 604 3
523 582 3
524 582 3
528 586 2
534 592 3
535 592 3
544 603 2
568 626 3
525 584 3
526 584 3
527 585 3
527 586 3
562 621 3
563 621 3
569 626 3
577 635 3
578 635 3
530 588 3
562 620 3
564 621 3
570 628 3
575 633 3
579 636 3
525 582 3
529 587 3
531 588 3
551 609 3
561 620 3
569 628 3
522 580 3
523 581 1
585 586 3
586 587 3
531 589 3
531 590 3
532 590 3
533 591 3
540 600 2
549 606 3
549 607 3
550 608 3
551 610 3
552 610 3
553 611 2
554 612 3
555 613 3
556 614 3
557 615 3
558 616 3
559 617 3
560 618 3
561 619 3
564 622 3
565 623 3
566 624 3
567 624 3
567 625 3
569 627 3
571 629 3
576 634 0
580 581 0
584 585 3
587 588 3
588 589 3
590 591 3
591 592 3
601 602 3
544 602 3
607 608 3
608 609 3
610 611 3
553 612 3
612 613 3
613 614 3
614 615 3
615 616 3
616 617 3
617 618 3
618 619 3
619 620 3
620 621 3
622 623 3
623 624 3
567 626 3
627 628 3
628 629 3
629 630 3
631 632 3
575 634 3
634 635 1
635 636 0
579 637 3
581 582 0
589 590 3
540 598 3
603 604 3
604 606 3
606 607 3
611 612 3
621 622 3
625 626 3
626 627 3
542 600 3
542 601 3
609 610 3
624 625 3
632 633 3
636 637 3
602 603 3
525 641 3
536 592 3
604 663 3
606 663 3
582 641 3
540 597 2
598 600 3
600 601 3
536 594 3
539 597 3
633 634 3
584 641 3
592 594 3
538 654 2
597 598 3
584 642 3
537 595 3
537 654 2
539 654 2
592 651 2
594 651 3
537 594 3
597 654 3
594 595 3
595 654 3
637 695 3
585 644 3
600 658 2
586 644 3
612 670 3
582 640 3
585 643 3
598 656 3
603 661 3
606 665 3
611 670 3
640 641 3
584 643 3
588 646 3
604 661 3
604 662 3
607 665 3
625 683 3
581 640 0
642 643 3
586 645 3
587 646 3
597 656 3
600 656 2
662 663 3
609 668 3
610 668 3
624 683 3
580 638 3
581 638 1
641 642 3
643 644 3
587 645 3
595 653 3
602 660 2
602 661 2
661 662 3
606 664 3
609 667 3
615 674 3
616 674 3
625 684 3
626 684 3
631 689 3
632 689 3
632 691 3
633 691 3
633 692 3
634 692 3
635 693 0
645 646 3
591 649 2
592 650 2
594 653 3
653 654 3
597 655 3
660 661 3
663 664 3
607 666 3
608 666 3
608 667 3
611 669 3
613 671 3
614 672 3
615 673 3
617 675 3
618 676 3
619 677 3
620 678 3
621 679 3
622 679 3
622 680 3
623 680 3
627 685 3
628 686 3
629 687 3
630 688 3
631 688 3
632 690 3
634 693 3
636 694 2
581 639 0
589 646 3
592 649 2
650 651 3
594 652 3
654 655 3
655 656 3
601 660 2
664 665 3
668 669 3
670 671 3
671 672 3
672 673 3
674 675 3
675 676 3
676 677 3
677 678 3
678 679 3
684 685 3
685 686 3
686 687 3
687 688 3
688 689 3
689 690 3
690 691 3
691 692 3
637 694 2
639 640 3
589 648 2
590 648 2
590 649 2
649 650 3
651 652 3
601 659 2
665 666 3
667 668 3
623 683 3
638 639 3
648 649 3
656 657 3
656 658 3
601 658 2
659 660 3
669 670 3
635 694 0
644 645 3
657 658 3
658 659 3
673 674 3
679 680 3
683 684 3
694 695 3
646 648 3
652 653 3
666 667 3
692 693 3
693 694 3
680 683 3
680 739 1
683 739 1
683 740 1
739 740 3
645 703 3
644 703 3
646 703 3
663 721 3
664 721 3
644 702 3
702 703 3
662 721 3
683 741 3
684 741 3
646 705 3
650 709 3
651 709 3
679 738 3
680 738 3
643 702 3
648 705 3
690 748 3
639 697 3
640 699 3
641 699 3
642 699 3
689 748 3
638 696 3
642 701 3
677 735 3
740 741 0
691 749 3
692 749 3
694 753 3
695 753 2
639 696 3
640 698 2
643 701 3
646 704 3
648 707 3
649 707 3
650 708 3
654 712 3
655 712 3
655 713 3
656 714 3
657 715 3
660 718 3
664 722 3
665 723 3
666 725 3
667 725 3
668 726 3
669 727 3
670 729 3
671 729 3
672 730 3
673 731 3
674 732 3
675 733 3
676 734 3
676 735 3
678 736 3
679 737 3
684 742 3
685 743 3
686 744 3
687 745 3
688 746 3
689 747 3
692 750 3
693 751 3
694 752 3
639 698 3
698 699 3
703 704 3
704 705 3
707 708 3
708 709 3
713 714 3
656 715 3
658 715 3
659 718 3
661 718 3
662 720 3
721 722 3
722 723 3
666 723 3
725 726 3
726 727 3
670 727 3
670 728 3
672 729 3
672 731 3
731 732 3
674 733 3
733 734 3
735 736 3
736 737 3
742 743 3
743 744 3
744 745 3
745 746 3
746 747 3
747 748 3
693 750 3
694 751 3
752 753 3
696 697 3
648 706 3
652 709 3
653 712 3
714 715 3
661 719 3
661 720 3
720 721 3
666 724 3
727 728 3
730 731 3
732 733 3
737 738 3
741 742 3
749 750 3
697 698 3
701 702 3
705 706 3
706 707 3
712 713 3
718 719 3
724 725 3
729 730 3
734 735 3
691 748 3
751 752 3
653 711 3
658 717 3
659 717 3
723 724 3
728 729 3
748 749 3
652 711 3
711 712 3
658 716 3
750 751 3
699 701 3
716 717 3
717 718 3
719 720 3
715 716 3
709 711 3
738 739 1
709 768 3
711 768 3
712 770 3
713 770 3
740 798 3
701 759 3
738 796 3
739 796 0
740 799 0
741 799 3
696 755 3
697 755 3
702 759 3
798 799 0
698 757 3
701 758 3
708 767 3
709 767 3
711 770 3
699 757 3
699 758 3
705 764 3
707 765 3
708 765 3
721 779 3
727 785 3
739 798 3
751 809 3
698 755 3
706 764 3
767 768 3
714 772 3
720 779 3
722 779 3
722 781 3
723 781 3
726 785 3
728 785 3
742 801 3
743 801 3
749 807 3
750 807 3
757 758 3
702 761 3
703 761 3
704 761 3
713 772 3
714 773 3
715 773 3
724 781 3
729 787 3
734 791 3
735 793 3
742 799 3
744 801 3
744 802 3
745 802 3
745 804 3
746 804 3
748 806 3
751 810 3
752 810 3
696 754 3
755 757 3
758 759 3
759 761 3
705 763 3
707 764 3
711 769 3
769 770 3
713 771 3
772 773 3
717 776 3
718 776 3
719 777 3
720 778 3
722 780 3
724 782 3
725 783 3
726 784 3
728 786 3
730 787 3
731 789 3
732 790 3
733 791 3
734 793 3
736 794 3
737 795 3
742 800 3
745 803 3
747 805 3
747 806 3
749 806 3
753 810 3
753 811 3
754 755 3
704 763 3
763 764 3
764 765 3
770 771 3
771 772 3
716 773 3
717 775 3
776 777 3
777 778 3
779 780 3
780 781 3
782 783 3
783 784 3
785 786 3
786 787 3
730 788 3
730 789 3
789 790 3
790 791 3
793 794 3
794 795 3
795 796 3
799 800 3
801 802 3
803 804 3
804 805 3
805 806 3
809 810 3
765 766 3
768 769 3
716 775 3
775 776 3
778 779 3
781 782 3
784 785 3
787 788 3
788 789 3
796 798 1
800 801 3
802 803 3
750 809 3
759 760 3
708 766 3
716 774 3
810 811 3
774 775 3
807 809 3
760 761 3
704 762 3
766 767 3
791 793 3
806 807 3
756 757 3
761 762 3
762 763 3
773 774 3
755 756 3
807 866 3
798 855 3
809 866 3
796 855 1
756 814 3
757 814 3
798 857 0
799 857 3
806 865 3
807 865 3
755 814 3
791 849 3
791 850 3
793 850 3
790 849 3
800 857 3
806 864 3
773 831 3
782 840 3
805 864 3
757 815 3
758 815 3
759 817 3
760 817 3
762 821 3
763 821 3
774 831 3
781 840 3
785 844 3
786 844 3
794 853 3
795 853 3
864 865 3
754 813 3
755 813 3
758 816 3
758 817 3
761 819 3
768 826 3
769 826 3
769 828 3
770 828 3
772 830 3
774 832 3
801 859 3
814 815 3
760 819 3
762 819 3
830 831 3
775 832 3
787 844 3
849 850 3
796 854 3
800 859 3
802 859 3
809 867 3
811 869 3
754 812 3
813 814 3
816 817 3
760 818 3
762 820 3
764 822 3
765 823 3
766 823 3
769 827 3
771 828 3
771 829 3
775 833 3
776 834 3
777 835 3
778 836 3
779 837 3
780 838 3
781 839 3
783 841 3
784 842 3
785 843 3
787 845 3
788 846 3
789 847 3
790 848 3
793 851 3
794 852 3
853 854 3
800 858 3
802 860 3
803 861 3
804 862 3
805 863 3
863 864 3
810 867 3
810 869 3
812 813 3
817 818 3
818 819 3
819 820 3
821 822 3
765 822 3
827 828 3
829 830 3
833 834 3
834 835 3
835 836 3
836 837 3
837 838 3
838 839 3
839 840 3
840 841 3
841 842 3
842 843 3
843 844 3
844 845 3
845 846 3
846 847 3
847 848 3
850 851 3
851 852 3
858 859 3
859 860 3
860 861 3
861 862 3
810 868 3
815 816 3
820 821 3
822 823 3
826 827 3
832 833 3
852 853 3
854 855 1
857 858 3
862 863 3
865 866 3
866 867 3
867 868 3
823 824 3
766 824 3
767 824 3
767 825 3
767 826 3
828 829 3
831 832 3
848 849 3
825 826 3
824 825 3
868 869 3
798 914 3
857 914 1
818 876 3
855 914 3
817 876 3
815 873 3
854 913 1
816 875 3
819 878 3
820 878 3
821 878 3
828 886 3
842 900 3
843 900 3
855 913 3
861 919 3
817 875 3
825 883 3
829 886 3
835 893 3
836 893 3
845 903 3
913 914 3
857 915 3
860 919 3
816 874 3
821 880 3
822 880 3
823 880 3
823 881 3
824 881 3
824 882 3
826 883 3
827 885 3
828 885 3
833 891 3
844 903 3
847 905 3
848 906 3
849 906 3
850 908 3
851 909 3
851 910 3
852 910 3
914 915 0
862 919 3
863 921 3
866 924 3
867 924 3
812 870 3
813 871 3
814 872 3
814 873 3
815 874 3
874 875 3
881 882 3
824 883 3
826 884 3
829 887 3
830 888 3
831 889 3
832 890 3
834 891 3
834 892 3
836 894 3
837 895 3
838 896 3
838 897 3
839 897 3
840 898 3
841 899 3
843 901 3
844 902 3
846 904 3
848 905 3
849 907 3
849 908 3
850 909 3
853 911 3
854 912 3
858 915 3
858 916 3
859 917 3
860 918 3
862 920 3
864 921 3
864 922 3
865 922 3
865 923 3
867 925 3
868 926 3
868 927 3
869 927 3
870 871 3
871 872 3
872 873 3
875 876 3
819 876 3
884 885 3
885 886 3
887 888 3
888 889 3
889 890 3
890 891 3
892 893 3
894 895 3
895 896 3
897 898 3
898 899 3
899 900 3
901 902 3
903 904 3
847 904 3
905 906 3
907 908 3
910 911 3
911 912 3
912 913 1
916 917 3
917 918 3
919 920 3
862 921 3
865 924 3
925 926 3
873 874 3
819 877 3
821 879 3
879 880 3
883 884 3
891 892 3
893 894 3
896 897 3
900 901 3
904 905 3
906 907 3
908 909 3
909 910 3
918 919 3
922 923 3
924 925 3
926 927 3
876 877 3
877 878 3
878 879 3
880 881 3
882 883 3
886 887 3
902 903 3
920 921 3
923 924 3
921 922 3
915 916 3
878 936 3
877 936 3
879 936 3
910 969 3
911 969 3
914 972 3
872 930 3
904 963 3
905 963 3
912 970 3
913 970 0
915 973 3
918 977 3
919 977 3
873 930 3
873 931 3
876 934 3
877 934 3
882 940 3
883 940 3
922 981 3
923 981 3
874 931 3
875 934 3
877 935 3
881 940 3
913 972 3
914 973 0
916 973 3
922 980 3
925 983 3
926 985 3
927 985 3
870 928 3
871 929 3
871 930 3
930 931 3
874 932 3
875 932 3
879 937 3
880 938 3
883 941 3
884 942 3
885 943 3
886 944 3
887 945 3
888 946 3
889 947 3
890 948 3
891 949 3
892 950 3
893 951 3
894 952 3
895 953 3
896 954 3
897 955 3
898 956 3
899 957 3
900 958 3
901 959 3
902 959 3
902 961 3
903 961 3
906 964 3
907 965 3
908 966 3
909 966 3
909 967 3
909 968 3
910 968 3
916 974 3
917 975 3
918 976 3
920 978 3
980 981 3
924 983 3
925 984 3
926 984 3
928 929 3
929 930 3
931 932 3
934 935 3
937 938 3
881 938 3
941 942 3
942 943 3
943 944 3
944 945 3
945 946 3
946 947 3
947 948 3
948 949 3
949 950 3
950 951 3
951 952 3
952 953 3
953 954 3
954 955 3
955 956 3
956 957 3
957 958 3
958 959 3
904 961 3
963 964 3
964 965 3
965 966 3
968 969 3
969 970 3
973 974 3
974 975 3
975 976 3
976 977 3
977 978 3
921 978 3
924 981 3
875 933 3
933 934 3
881 997 3
940 941 3
921 980 3
984 985 3
938 997 3
940 997 3
966 967 3
967 968 3
972 973 0
932 933 3
936 937 3
904 962 3
935 936 3
962 963 3
913 1029 3
961 962 3
970 1029 1
978 980 3
983 984 3
972 1029 3
978 1037 3
980 1037 3
959 961 3
959 1018 3
961 1018 3
969 1027 3
940 998 3
941 998 3
958 1017 3
959 1017 3
981 1039 3
924 1040 3
983 1040 3
985 1043 3
942 1000 3
1017 1018 3
924 1039 3
934 992 3
997 998 3
943 1000 3
961 1019 3
963 1021 3
968 1027 3
970 1028 3
973 1031 3
983 1041 3
935 992 3
962 1019 3
962 1021 3
966 1024 3
967 1024 3
969 1028 3
972 1031 0
977 1035 3
1039 1040 3
930 988 3
933 992 3
941 999 3
946 1004 3
954 1012 3
955 1012 3
976 1034 3
978 1035 3
984 1043 3
929 988 3
931 988 3
931 989 3
932 991 3
933 991 3
935 993 3
936 994 3
938 996 3
942 999 3
947 1004 3
949 1007 3
950 1007 3
963 1022 3
964 1022 3
1027 1028 3
974 1032 3
975 1034 3
984 1042 3
928 986 3
929 987 3
932 989 3
932 990 3
936 993 3
937 995 3
937 996 3
943 1001 3
944 1002 3
945 1003 3
947 1005 3
948 1006 3
948 1007 3
950 1009 3
951 1009 3
952 1010 3
953 1010 3
953 1012 3
955 1013 3
956 1014 3
957 1015 3
957 1016 3
958 1016 3
1016 1017 3
1018 1019 3
965 1024 3
967 1025 3
973 1032 3
975 1033 3
980 1038 3
1040 1041 3
1042 1043 3
986 987 3
987 988 3
990 991 3
991 992 3
992 993 3
936 995 3
998 999 3
999 1000 3
1000 1001 3
1001 1002 3
1002 1003 3
1003 1004 3
1005 1006 3
1012 1013 3
1013 1014 3
1014 1015 3
1024 1025 3
968 1025 3
1028 1029 1
1032 1033 3
1034 1035 3
1037 1038 3
1038 1039 3
983 1042 3
988 989 3
993 994 3
996 997 3
1004 1005 3
952 1009 3
1015 1016 3
1021 1022 3
965 1022 3
1033 1034 3
989 990 3
994 995 3
995 996 3
1041 1042 3
1006 1007 3
1009 1010 3
1031 1032 3
1025 1027 3
1007 1009 3
