0.0214943 0.00104228 18.16
0.0253133 -0.0270516 18.806
-0.00927186 0.0330108 18.8062
0.0129156 0.0487187 17.5204
0.0205801 0.0611076 16.8425
-0.0230993 0.0357229 21.926
0.00142311 0.0442547 17.7716
0.0143219 0.0251962 16.545
-0.0157553 0.0338547 21.28
-0.0320886 0.0167025 24.4766
-0.0393074 0.0206153 26.1657
-0.06021 -0.00194035 31.1663
-0.0331546 0.0399001 22.3327
-0.0211053 0.0169116 19.0709
0.00344987 0.01686 11.479
0.050883 0.0210938 -3.64254
0.0601579 -0.00110144 -6.55998
-0.0137197 -0.0162015 20.719
-0.0281231 -0.109099 26.9822
0.633975 -0.0415667 -262.844
-0.0403367 -0.0125785 23.2933
-0.0757623 0.0150158 38.2126
-0.0243751 0.0153926 14.3424
0.0410535 0.00201911 -19.7076
-0.0249861 -0.0131832 15.2439
0.0525424 0.0485877 -27.6809
0.0966158 0.0510171 -52.9428
0.0657175 0.037729 -34.1781
0.0593745 0.00315707 -29.4687
0.0628861 0.0193857 -32.4108
0.0937924 0.00595152 -50.9514
0.0839247 0.00946313 -44.7513
0.0220324 -0.0127869 14.0638
0.00283055 -0.0225594 27.7969
0.0101774 -0.0142875 21.9809
-0.0182974 -0.000203084 43.443
-0.0127615 0.0430616 38.3918
0.0308062 0.0942212 2.21284
0.0389713 0.0134627 -2.47719
0.028966 -0.00574695 6.43028
0.0108579 -0.0537297 22.7434
0.056333 -0.110309 -15.9092
0.052239 -0.087346 -13.3324
0.0558842 -0.073945 -16.6012
0.0167801 -0.0567395 20.3376
0.009615 -0.0385373 26.5685
0.0221086 -0.00369335 13.4223
0.00277339 0.00597475 32.9706
0.00883175 2.95153e-05 26.6882
0.0351397 0.0477725 -1.95307
-0.0694462 -0.0425053 134.994
0.0994108 -0.0315583 -68.6174
0.0527292 -0.0189088 -16.5707
0.00634016 0.448552 26.336
0.00871325 0.0851908 22.567
0.03261 -0.036102 -4.40402
0.0343543 -0.025343 4.21546
0.020626 -0.00985348 20.9279
-0.00901421 0.0317818 17.7151
-0.0120053 0.0348504 17.824
0.0112273 0.0399666 17.3245
0.0341644 -0.00233909 17.1883
-0.000855398 0.0292559 19.8499
-0.0338382 0.00523044 24.3087
-0.0138782 0.00898158 21.2288
-0.00674242 -0.00920914 20.8683
-0.0314207 0.00896859 24.9233
-0.0339767 -0.0106016 25.4841
-0.0546232 -0.0435698 31.4562
-0.0605461 -0.0235322 31.3397
-0.0354384 0.0112748 23.8025
-0.0143768 0.0256102 16.855
-0.0422119 0.0522591 24.505
0.0282246 0.0021862 4.11057
0.0267767 0.00366284 5.67058
-0.0426487 -0.0441748 32.4554
-0.0600538 -0.151937 41.1891
-0.0395752 0.0323825 21.8402
-0.0362409 0.0158937 20.9371
-0.0373117 0.0437896 19.5646
-0.118769 0.0278635 59.1229
0.00427443 0.00109966 0.081552
0.0257803 0.0411998 -13.3125
0.0105968 -0.00494224 -3.2842
0.082906 0.0324858 -44.1124
0.0658448 0.0183503 -33.2633
0.0502747 0.0150707 -24.4003
0.105969 0.0269039 -59.5187
0.0902147 0.0220717 -49.0499
0.0713069 0.00439528 -36.0703
0.0164648 0.00303483 17.2377
0.019816 0.0062687 14.8636
0.00124821 0.0269611 27.719
0.00112774 0.0249971 27.9956
0.00316213 0.0277342 26.4152
0.0198756 0.0257795 12.8333
0.00993579 0.00509077 21.722
0.0171442 -0.0209383 16.5006
0.0166368 -0.0529005 17.8167
0.0290972 -0.0757724 7.32931
-0.0365915 -0.243707 69.1722
0.0780774 -0.0906981 -36.894
0.0184697 -0.00959572 17.4687
0.0035203 -0.110463 34.2353
0.0260986 -0.0316144 9.94875
-0.0409935 0.0115532 56.5861
0.0348324 0.0206935 -1.27268
0.0495871 0.03692 -16.808
0.0947149 -0.0040954 -64.9924
0.0949975 0.00367453 -64.6683
0.0524794 -0.00579391 -16.6116
0.0118599 0.00344247 29.4667
0.0122763 0.0203183 28.0763
0.0626024 -0.0021383 -30.9465
0.0550179 -0.0204054 -20.3646
0.00166662 -0.0213209 44.5394
0.00403249 0.0609618 16.4588
0.023446 0.0742205 15.3917
0.0187704 0.0640472 16.175
0.00589638 0.0431758 18.2375
-0.0203992 0.0202832 22.077
-0.0405042 0.0152729 24.5559
-0.0124116 0.00293308 20.6944
-0.00306296 -0.0174207 20.7234
-0.0404952 -0.0162009 27.1062
-0.0493564 -0.0187277 28.8017
-0.0492501 -0.0454646 30.0974
-0.0293336 -0.00853215 22.5795
-0.0235978 -0.00402324 21.3096
-0.0243256 0.0128716 20.6299
-0.0106161 0.0222241 15.7272
0.0348933 0.00435674 1.44862
0.0456169 -0.00651787 -1.53238
-0.332269 -0.134343 144.805
-0.0343125 -0.0460885 23.8706
-0.0210103 0.0116107 15.215
-0.032398 0.0267391 19.0861
-0.0462683 0.0500667 24.0406
-0.0332973 0.0549765 17.1107
-0.0129523 0.0522783 7.36881
0.0142302 0.158989 -15.1658
0.0492774 0.0354032 -24.7077
0.0783948 0.043074 -41.8225
0.051081 0.017393 -24.6038
0.0587595 0.0167431 -29.8708
0.11552 0.0372272 -66.4179
0.049253 0.00629775 -21.3514
0.0477463 -0.00555918 -19.8193
0.0162533 0.0480562 15.8258
0.0073162 0.032939 23.098
-0.00476219 0.0194977 32.6017
-0.00486106 0.00960389 33.286
-0.00154636 0.00010347 31.2879
0.00302184 -0.00379673 27.6091
0.00621724 -0.000975286 25.3602
2.03172e-05 0.00359614 29.6723
0.0164492 -0.0310762 17.5029
-0.0134613 -0.0416762 44.3835
0.0760486 -0.0442198 -37.8875
0.0188964 -0.00632059 12.6395
-0.000504058 -0.0136148 26.7553
0.181248 -0.222604 -137.308
-0.0745107 0.0164613 90.0774
-0.0567151 0.000464279 72.9967
0.0568069 0.0479563 -24.4283
0.0587749 0.0384661 -26.4806
0.0797824 0.0418513 -49.8787
0.0594763 0.00293702 -25.0715
0.0383587 0.00714862 -0.995351
0.0206745 0.0177284 18.826
0.00259819 0.0219563 39.1389
0.0320293 0.00641784 5.02358
0.0370796 0.00450816 -0.030493
0.00519421 0.0133201 38.3234
0.0156599 0.0514888 17.0286
0.0208158 0.0521568 16.946
0.0129269 0.00302577 21.6396
-0.016677 0.00019298 23.0531
-0.0133342 -0.0030688 23.4603
-0.0480978 0.00838434 25.5149
-0.0144671 -0.0202269 22.9462
-0.0381068 -0.0317642 26.7734
-0.0211347 -0.0308357 24.211
-0.0525963 -0.0267715 30.1786
-0.0554814 -0.00639963 28.35
-0.0206803 -0.000617146 20.0412
-0.0131161 -0.00652291 18.6564
-0.0168404 -0.015212 20.4353
-0.0162107 0.0147478 18.2505
-0.0110062 0.00843407 16.7396
0.0552377 0.00233336 -5.80183
0.00196362 -0.0121544 7.32471
-0.0103521 -0.0037361 11.5074
-0.0112791 0.000315805 11.763
-0.0229558 0.0201612 15.59
-0.0387457 0.0357424 21.9041
-0.0143465 0.0679708 7.90019
-0.00990408 0.0819357 4.80925
0.00523047 0.0258612 -0.952917
0.0319533 0.062844 -16.4675
0.0513014 0.00898099 -23.4103
0.0355941 0.0060089 -14.6078
0.0568462 0.00415003 -27.5376
0.0923452 0.0110943 -49.4535
0.0400433 -0.0188762 -13.4
0.0271029 -0.0216278 -4.72524
-0.0224471 -0.000738748 46.3325
-0.00819365 -0.0186247 37.4421
0.000355844 0.00261792 29.9516
-0.0260294 -0.0373291 52.8322
-0.0191158 -0.033068 47.4109
0.0139304 -0.0391748 20.9812
0.0231489 -0.0389349 13.5934
0.00920871 -0.00607329 22.7779
-0.0052846 -0.0181061 36.0952
0.0158676 -0.0306227 17.0011
0.0328537 0.00739763 -0.890466
0.0306947 0.01965 0.284094
0.0308263 0.0188773 0.251884
0.0602656 -0.0095856 -32.9247
0.0631625 -0.0787859 -22.853
0.0661297 -0.00765328 -31.1934
0.0763284 0.00211724 -42.695
0.066798 0.0343427 -34.2864
0.0532564 0.0396895 -20.2857
0.0176461 -0.00460254 22.0748
0.0476133 0.00775717 -11.5486
0.0250233 0.0165707 13.2346
0.0232452 0.000868446 16.4939
0.0351403 0.00107834 2.07866
0.0508196 0.00582553 -17.0543
0.0418931 0.00416917 -5.68625
-0.00280079 0.0328722 18.8501
0.00308721 0.0152011 20.0874
-0.0118925 0.0166337 20.9762
-0.0233642 -0.00294311 24.1395
-0.00212589 -0.0024632 20.8806
-0.0245868 -4.03736e-05 23.407
-0.0217956 0.0112215 21.6018
-0.0433177 0.00414594 25.3187
-0.0655661 0.0114089 28.1308
-0.0328011 -0.00848855 25.2134
-0.0692816 0.0210229 29.6433
-0.0216185 0.0165687 18.53
-0.0178472 -0.0130356 20.6122
-0.0145491 -0.019479 20.3532
-0.0188304 -0.0227409 22.1273
-0.027306 -0.021572 24.9167
-0.0512302 0.0884987 17.8981
-0.0282763 0.0366781 14.547
-0.00577124 0.00782453 8.7665
-0.00678639 0.000548024 9.99284
-0.0106509 0.00266815 11.4852
-0.0422357 -0.0164875 27.6365
-0.0229992 0.0118349 16.3392
-0.0220296 0.00834774 16.3187
0.00511782 -0.111314 13.6286
0.0269249 -0.0348845 -6.08679
0.0365226 -0.038367 -11.3171
0.045277 -0.013362 -18.8278
0.0493441 -0.0190584 -20.9022
0.0740346 -0.0159446 -35.8153
0.0317257 -0.0454958 -5.37768
0.0171366 -0.0237962 1.89748
0.0309518 -0.0173077 -8.28203
0.000475864 -0.0207443 31.6135
-0.0129841 -0.0479758 44.5289
-0.0216722 -0.084609 53.7566
-0.0272688 -0.0557893 54.9902
0.00436833 -0.0526791 29.3485
0.0243158 -0.0359013 12.1847
0.0230534 -0.0449035 13.9466
0.0304754 -0.0254137 5.7859
0.0135988 0.00658928 17.1386
0.0381197 0.0292574 -7.4958
0.0287179 0.0270902 1.46807
0.0368847 0.00309118 -4.10166
0.096368 0.0954405 -76.4521
0.0570218 0.102728 -38.4911
0.110807 0.00213103 -77.9982
0.0881167 0.000261041 -54.0758
0.0760734 0.0145441 -42.8377
0.0550925 0.0130055 -19.8997
0.0475812 0.00546238 -10.9067
0.0226408 0.0106384 16.9625
0.0240811 -0.0117044 17.3674
0.0136858 0.0227991 26.1086
0.0256678 0.00355089 13.2294
0.0422329 0.0188733 -7.37602
-0.0518662 0.0121036 108.392
-0.0183031 0.026202 19.8727
-0.0153056 0.0236125 19.9716
-0.0213885 0.0314299 19.7729
-0.0221405 -0.0114536 24.5041
-0.0180081 0.0056744 21.9021
-0.0119164 -0.0045839 22.2914
-0.019414 -0.00190328 23.4297
-0.0414288 0.010629 24.4754
-0.0451054 -0.00800093 26.0763
-0.00999927 -0.000511758 19.3979
-0.05769 0.00402561 28.9757
-0.0311277 0.00466979 22.4757
-0.0360872 -0.000249198 24.3252
-0.0251509 -0.00686646 21.9275
-0.0316856 -0.0219482 25.7678
-0.0397275 -0.013447 27.6496
-0.095072 0.0514576 39.0251
-0.0927735 0.0481513 37.8846
-0.0203922 0.0148461 13.7382
-0.0120732 0.0128572 10.6493
-0.0170285 0.0011035 14.3258
-0.0714542 -0.0196517 41.1413
-0.0204812 -0.044031 19.5403
-0.0395503 -0.0387355 29.0539
-0.00940659 -0.042132 12.9522
0.00433773 -0.0489634 6.25797
0.0391232 -0.0488466 -12.3326
0.0523476 -0.0240001 -21.9984
0.0385164 -0.0305073 -12.892
0.0588759 -0.0567036 -22.4495
0.0218481 -0.0578632 2.73353
0.0239349 -0.0611021 1.23458
0.0619262 -0.0361202 -27.8012
-0.0360802 -0.0833288 64.8726
-0.0284591 -0.132943 63.4816
-0.00944845 -0.0731589 42.8148
-0.0193209 -0.0848229 51.6027
0.0653844 -0.00607991 -25.1909
0.0142956 0.0237427 13.8875
0.0366077 0.0378632 -7.36544
0.0379364 0.0250878 -6.67924
0.0241035 0.0141354 7.12534
0.0311925 0.0296051 -0.819538
0.018081 0.019279 12.3326
0.103046 0.0775522 -81.4708
0.132077 0.0729694 -108.851
0.077018 0.0427661 -49.5951
0.112116 -0.0110876 -78.1161
0.103112 -0.00982548 -69.3979
0.077804 -0.0122261 -41.6802
0.0413258 -0.0115838 -2.51175
0.0504143 -0.0254741 -10.2731
0.0316087 -0.00503835 8.1744
0.0227124 0.0083281 17.1245
0.021198 0.0106452 17.6413
0.0764245 0.0333895 -50.2837
0.051526 0.0566029 -23.2397
0.0110252 0.0474325 27.4608
-0.031425 0.00251468 23.1923
-0.0331972 -0.00578022 24.8003
-0.0325947 -0.0215156 27.1633
-0.0115777 -0.0208024 24.8611
-0.0129605 -0.00601697 23.2799
-0.0153123 0.0176992 19.3478
-0.0106773 -0.000165156 21.2511
-0.0573235 -0.00934742 29.892
-0.0467055 -0.00460898 27.7012
-0.00136117 -0.00649064 18.4047
-0.0536319 -0.0225923 31.8394
-0.0338951 -0.00730659 24.6004
-0.0355068 -0.0134439 26.3456
-0.048866 0.00866598 26.7486
-0.0303944 0.00889028 21.4405
-0.0446773 0.0227128 24.3516
-0.0645349 0.0510412 27.7576
-0.107434 0.0445077 43.9388
-0.0432875 0.00787304 23.8846
-0.0166005 0.00478373 13.6418
-0.0310577 -0.0130908 22.6312
-0.0538602 0.000315509 31.3834
-0.0741447 0.00237485 38.8281
-0.0262402 -0.030218 19.8071
0.0174704 -0.0269724 -3.92318
0.0316969 0.0676574 -25.7486
0.0464161 -0.0335982 -18.6262
0.0546635 -0.0455346 -21.5448
0.0493258 -0.0653216 -15.0709
0.0427438 -0.0618545 -11.5932
0.0384621 -0.0720014 -7.34921
0.0351041 -0.072416 -5.58664
0.0969823 -0.0663549 -49.0464
0.124237 -0.0508895 -69.6553
0.0976609 -0.032794 -52.9451
0.0821926 -0.0275343 -41.8452
0.0559551 -0.050047 -12.7625
0.100481 0.0115263 -55.4959
0.0610976 0.0274785 -25.398
0.0200825 0.0260483 8.70141
0.0264458 -0.00123615 6.93318
0.0524601 0.000966932 -16.5993
0.0392278 0.0065175 -5.90236
0.0197402 0.0239735 9.91051
-0.000833055 0.0900831 18.6815
0.105857 0.056166 -80.6599
0.0918552 0.00655052 -60.139
0.100069 0.0101738 -69.0351
0.0915839 -0.00834718 -56.9236
0.0803709 -0.0133219 -44.2556
0.052179 -0.0153429 -13.6841
0.0325218 -0.0155197 7.82582
0.0434762 -0.0347805 -1.70574
0.0471218 -0.0312629 -6.06888
0.0418521 -0.00850224 -3.49076
0.102675 0.0365906 -82.3249
0.0973893 0.0388789 -75.5627
0.0165444 0.0493291 20.649
-0.0438258 0.00414938 23.0002
-0.0486603 0.00474961 22.9545
-0.0430066 -0.0186625 25.9471
-0.0145601 -0.0106683 23.3765
-0.0180658 -0.00634099 23.8987
-0.018333 -0.00143302 22.911
-0.0324116 -0.0281318 29.3337
-0.064681 -0.0274989 33.8067
-0.0302682 -0.00687996 23.3219
-0.0165045 -0.0137067 22.0693
-0.0271713 0.00297882 21.8242
-0.0490672 -0.00206594 27.3311
-0.0206424 -0.00103019 20.3927
-0.0270293 -0.00487337 22.7272
-0.0136801 0.0131097 15.6965
-0.0103912 0.0362622 11.2793
-0.0185994 0.0463688 12.5423
-0.142722 0.0585126 55.355
-0.0495311 0.000366351 27.3575
-0.0469339 -0.0111622 28.5185
-0.0390121 -0.0223346 26.9701
-0.0477634 -0.0167202 30.1706
-0.0651181 -0.0264671 38.9462
0.0116216 0.0506042 -12.2196
0.00069411 0.0114727 -0.5438
0.018502 0.013268 -10.3461
0.0437318 -0.0360266 -16.6116
0.0372597 -0.0475106 -10.7996
0.0451848 -0.0313122 -18.3043
0.03754 -0.0198967 -15.3721
0.0399024 -0.0451544 -12.908
0.0734176 -0.00774418 -41.8586
0.110806 -0.027631 -64.7985
0.11124 -0.0229378 -66.068
0.110774 -0.037159 -62.3355
0.112467 -0.0307999 -64.7257
0.0746943 -0.0201087 -36.9914
0.0600012 -0.000457609 -28.6737
0.0957209 -0.056227 -48.7716
0.158826 -0.039854 -104.549
0.0858934 -0.0442448 -38.9131
0.0855524 -0.0205346 -42.0328
0.0323494 0.0133742 -0.281337
0.0187553 0.00884293 13.0286
0.102096 0.046892 -77.8068
0.09982 -0.00204635 -67.0817
0.113228 0.00546503 -81.355
0.0559987 -0.0110877 -19.1583
0.0672884 -0.0100735 -31.7707
0.0822451 -0.0144464 -46.3781
0.0523314 -0.0125218 -14.2458
0.0445058 -0.00438661 -7.09405
0.0323956 -0.00779974 6.55634
0.0379575 -0.00885156 0.513673
0.0852515 0.0366616 -62.2427
0.0892126 0.045995 -67.1221
0.0602116 0.0254811 -29.3934
0.0203792 0.0290907 18.7413
-0.0402549 0.00535435 22.7712
-0.0410367 0.00724341 22.3688
-0.0510112 0.00171004 24.2234
-0.0167474 -0.00935507 23.6307
-0.00464612 -0.0119857 23.272
-0.0323016 -0.0233094 27.8957
-0.0368734 -0.0249344 28.6778
-0.0476321 -0.0247479 29.8201
-0.0335869 0.011601 21.038
-0.0165724 0.000721919 19.6801
-0.0398138 -0.00408113 25.8674
-0.0229398 -0.0162761 23.4919
-0.0283155 0.00610304 21.3815
-0.0164393 0.00235453 18.063
0.00733927 0.00963382 9.31853
0.00828179 0.0183775 7.6202
0.0404182 0.0196747 -3.45511
0.00732729 0.0214186 8.48306
-0.0670033 0.028857 29.7459
-0.041287 0.0287778 19.1282
-0.0118851 0.0770948 -2.99035
0.016824 0.12358 -25.5103
0.00131565 0.211951 -35.0574
0.00888482 0.20151 -37.6898
0.0338054 0.0899348 -29.9651
0.00668115 0.113083 -19.3682
0.00711574 0.236958 -43.6299
0.0358696 0.236664 -60.5372
0.0410997 0.0550554 -29.9928
0.029781 0.0799943 -27.6636
0.0358016 0.0341532 -23.3669
0.0759142 0.0910111 -60.5029
0.0696658 0.086773 -55.5384
0.0953489 0.010843 -60.3643
0.0943556 0.0630565 -68.7393
0.112062 0.00454637 -70.9971
0.077729 0.00579156 -43.8955
0.0535826 0.0119152 -25.6726
0.075007 0.00553442 -42.7576
0.144141 -0.0251003 -94.8045
0.150177 -0.0659042 -91.5587
0.113216 -0.0650144 -58.8549
0.0580283 -0.0141543 -18.7549
0.0324928 -0.0285861 6.55863
0.0834908 0.110528 -71.6059
0.0938975 0.0955194 -78.7985
0.0858163 0.0606886 -64.1967
0.0897053 0.0128262 -58.9401
0.0938002 0.034226 -67.5191
0.0856002 0.0255942 -57.218
0.0459268 0.0175601 -12.6841
0.0586554 0.042114 -31.6267
0.0676594 0.0536142 -44.0862
0.0753635 0.0774259 -57.1055
0.0976708 0.073572 -82.2718
0.0611244 0.0540427 -35.6598
0.0766432 0.0804198 -59.3005
0.0470241 0.0712766 -21.0956
-0.0330792 0.00392607 22.9152
-0.0458312 0.00489845 23.121
-0.0474103 -0.0134946 26.5854
-0.0264765 0.0193676 18.0203
0.00113424 0.0106734 18.1843
-0.0273543 0.0297439 17.5951
-0.0509708 0.0205879 22.355
-0.0556628 -0.00265837 27.2411
-0.0306703 0.0376618 14.7779
-0.0346901 0.0227483 19.0047
-0.0241825 0.0140954 18.4756
-0.0199966 0.0248285 15.1755
-0.0330243 0.0275811 18.4445
-0.0147613 0.0330976 11.3441
-5.08718e-05 0.0424411 5.19569
0.00371371 0.0127011 10.028
0.0207105 0.0127499 4.98728
-0.0418236 0.00458924 30.0512
-0.0305638 0.0599801 9.30433
-0.02946 0.0691603 6.68796
-0.0054106 0.213636 -32.1198
-0.0241147 0.244043 -29.6755
-0.00950248 0.258108 -39.3752
-0.00467511 0.248942 -39.6623
0.0126918 0.273957 -53.9239
0.0230785 0.291436 -63.0945
0.0177884 0.30191 -62.1079
0.0158325 0.303063 -61.2861
0.0100535 0.30999 -59.1865
0.0177098 0.325058 -67.165
0.0223304 0.320669 -69.2479
-0.0653419 0.0307276 51.6957
0.0312221 0.203982 -51.4068
0.075449 0.142724 -70.3255
0.0727509 0.152355 -70.3534
0.0815178 0.117531 -69.7959
0.0805834 0.0730312 -59.7511
0.0736292 0.0604674 -51.7798
0.109811 0.0728521 -84.8159
0.0918765 0.0646886 -68.1989
0.0596508 0.0692032 -41.3988
0.0904317 0.131614 -81.571
0.0811838 -0.0880304 -26.8952
0.0653379 0.0845318 -48.6634
0.0852379 0.130156 -76.862
0.0894362 0.118229 -78.519
0.0730237 0.120898 -62.754
0.0782544 0.0999703 -63.7965
0.0833116 0.102977 -69.6721
0.0661836 0.097742 -50.5927
0.0648973 0.0787455 -45.2316
0.0619784 0.103919 -47.1022
0.0697408 0.100948 -55.0756
0.0740844 0.110962 -62.0491
0.0714722 0.112173 -59.0821
0.0727343 0.0990942 -58.1539
0.0711454 0.0875617 -53.4342
0.0421044 0.100373 -20.6025
-0.0179995 0.0211515 18.835
-0.0250672 0.0338366 16.2566
-0.0433301 0.047148 13.7473
-0.0222755 0.068048 7.75698
-0.0172305 0.0631074 8.61198
-0.0215444 0.044114 13.6814
-0.0490925 0.0637097 12.8553
-0.0509554 0.039539 17.7843
-0.00467196 0.106066 -4.61812
-0.0372655 0.0172207 21.2321
-0.0268994 0.0135565 19.3309
-0.0135278 0.0172668 15.423
-0.0260647 0.0337069 15.1549
-0.0139054 0.0410503 10.1521
0.00652279 0.087324 -5.96585
-0.000332677 0.027841 8.89127
0.0127428 0.023042 5.34916
-0.00691153 0.246956 -37.8373
0.00365672 0.262631 -45.2915
-0.000935401 0.268924 -44.8923
-0.018891 0.259067 -34.5899
-0.0145773 0.288826 -43.6013
0.0102147 0.314448 -60.8905
0.00517635 0.307768 -56.8692
0.01743 0.329843 -67.7234
0.0204361 0.325971 -68.5898
0.0103647 0.320182 -61.5868
0.0108355 0.305523 -58.7149
0.0147388 0.311137 -62.3895
0.0252911 0.316249 -70.1554
0.015681 0.312897 -63.1861
0.012131 0.29113 -55.8824
-0.0028508 0.300991 -48.0343
0.0161159 0.268074 -53.9546
0.0382449 0.213245 -57.8483
0.0481789 0.201555 -62.4875
0.0560531 0.167266 -60.6048
0.0622452 0.155938 -62.9875
0.0641282 0.144583 -61.871
0.0730426 0.158289 -72.266
0.0839697 0.150427 -79.8352
0.0829247 0.167485 -82.7261
0.0812326 0.166587 -80.9086
0.0781945 0.148074 -73.8946
0.0862845 0.149174 -81.7396
0.0757063 0.139885 -69.4365
0.0695041 0.134572 -62.0588
0.0748506 0.126562 -65.7308
0.0728564 0.127469 -63.8948
0.0746561 0.141963 -69.0794
0.0670242 0.139389 -60.2083
0.0604735 0.137347 -52.5701
0.073135 0.131629 -65.3526
0.0737294 0.128924 -65.3705
0.0636433 0.131218 -54.0633
0.0737023 0.11084 -61.5782
0.0680928 0.117067 -56.092
0.0610562 0.125314 -49.2839
-0.0129356 0.0724116 6.28045
-0.0130777 0.06511 8.04267
-0.0147933 0.0697077 7.06231
-0.0164778 0.0795533 4.74446
-0.0262938 0.0946834 1.80015
-0.046004 0.0544873 14.3173
-0.0362356 0.0805259 6.81591
-0.0357089 0.100632 1.9659
-0.00101333 0.20631 -30.3666
-0.0492676 0.219881 -24.2854
-0.0150784 0.295768 -50.6348
0.0161806 0.34259 -69.675
0.0128846 0.357329 -72.6227
0.00787814 0.310568 -58.722
0.00722616 0.330898 -63.7168
0.00696975 0.339474 -65.6766
0.0257622 0.329465 -69.8587
0.0045386 0.288365 -51.6157
-0.00559559 0.280937 -46.0591
0.0100148 0.29976 -57.1129
0.00475351 0.304657 -55.7886
-0.00608642 0.31095 -52.258
0.0142409 0.332569 -67.2525
0.0218835 0.332863 -70.8174
0.0173704 0.334024 -68.7001
0.0118341 0.33121 -64.8692
-0.0025798 0.325153 -55.2978
0.00992486 0.323371 -62.4625
0.00992682 0.327174 -63.3113
0.0159051 0.316352 -64.3338
0.0130369 0.314429 -61.9567
0.0164884 0.309468 -62.975
0.00282362 0.314662 -54.7689
0.00191401 0.315837 -54.4624
-0.00324024 0.316664 -50.9313
0.00684353 0.301481 -54.7611
0.025127 0.262489 -58.7473
0.0525079 0.226956 -71.6715
0.0644431 0.202171 -75.3026
0.0726603 0.198746 -81.3632
0.0781505 0.183587 -82.3013
0.0725537 0.178243 -75.8438
0.0768737 0.168467 -77.349
0.0751643 0.160259 -73.8295
0.0758351 0.146509 -70.983
0.0669094 0.138552 -60.4356
0.0737389 0.143137 -68.4654
0.0752075 0.137236 -68.4884
0.0734575 0.13779 -66.9081
0.0731999 0.139269 -66.9915
0.0777382 0.141033 -72.2393
0.0699406 0.150105 -65.876
0.0627092 0.139774 -55.1136
0.0648285 0.138937 -57.389
0.0676061 0.13428 -59.4272
0.068082 0.148182 -63.5601
0.0752818 0.140669 -70.2514
0.0626386 0.144989 -56.0147
0.0049998 0.171908 -19.9843
-0.00144601 0.183306 -23.3389
-0.00145191 0.0930475 0.0981988
0.0113241 0.134343 -11.8054
0.0125392 0.146851 -15.6492
0.00390606 0.283096 -51.7656
0.00965714 0.288418 -53.7895
0.0238329 0.28427 -55.0471
-0.00271768 0.283029 -50.2933
-0.0177635 0.293793 -49.8231
0.0203017 0.309647 -61.6834
0.0142103 0.320248 -62.9251
0.0118498 0.317036 -61.3428
0.00269002 0.309377 -56.7176
-0.00514079 0.298559 -51.202
-0.00692493 0.293527 -49.5626
0.0117904 0.302819 -58.4208
0.0187533 0.312928 -63.5586
0.00754081 0.318991 -60.7422
0.0166511 0.341247 -70.4083
0.0186013 0.334986 -69.5639
0.0158288 0.338772 -69.3211
0.0163982 0.344327 -71.064
0.0206275 0.340067 -72.0298
0.0161099 0.324721 -65.5684
0.00983218 0.319637 -60.6426
-0.00193791 0.327913 -56.3746
0.00422865 0.330289 -60.6854
0.00966642 0.319859 -61.2987
0.0104045 0.315897 -60.6255
0.0087895 0.311398 -58.3108
0.00966509 0.307082 -57.6846
0.0152732 0.305309 -61.0096
-0.00390245 0.305771 -47.3143
-0.0118566 0.30183 -40.3549
-0.000490284 0.288148 -45.3551
0.00447464 0.26556 -42.9885
0.0144686 0.257059 -48.6407
0.0231748 0.228472 -47.9328
0.0557111 0.208221 -69.3831
0.0572022 0.206073 -69.9861
0.0693907 0.18476 -74.8757
0.0691613 0.170661 -70.8588
0.0643269 0.167441 -65.5311
0.0650563 0.158722 -63.8523
0.0652203 0.155322 -63.1196
0.06678 0.157462 -65.2803
0.0715024 0.148913 -67.7691
0.0707323 0.148904 -66.906
0.0754644 0.148432 -71.742
0.0734572 0.144038 -68.3083
0.0715664 0.144374 -66.2769
0.0608266 0.143247 -53.9218
0.0664327 0.1411 -59.7554
0.066329 0.142526 -60.0561
0.0672396 0.141536 -60.7633
0.0810101 0.148177 -79.0351
0.0806466 0.157836 -81.2801
0.0108601 0.233223 -37.1868
-0.00684643 0.229471 -35.7726
-0.0112595 0.26224 -44.9533
0.024352 0.321527 -64.6621
0.0313266 0.334494 -69.239
0.0141613 0.298103 -56.5744
0.00426872 0.305045 -57.8244
0.00615501 0.298832 -55.9856
0.00294677 0.310736 -58.9338
0.0196608 0.328884 -66.9699
0.0138571 0.312571 -60.9822
0.0122536 0.287817 -53.2609
0.00938114 0.297877 -55.9406
0.00963126 0.305351 -58.1075
0.0049516 0.308294 -57.451
0.00740949 0.310912 -58.9589
0.0215202 0.322326 -67.0021
0.0232957 0.323362 -67.8813
0.0160999 0.334749 -68.3009
0.0178584 0.33671 -69.6228
0.0200878 0.33765 -70.7113
0.0183214 0.338321 -70.1873
0.00981843 0.33423 -64.8059
0.00638931 0.333363 -62.8464
0.00646857 0.329395 -61.7471
0.00559896 0.323479 -59.537
0.0048235 0.320777 -58.3863
0.00653005 0.323809 -60.2472
0.00750001 0.321744 -60.3451
0.00378939 0.324971 -58.9684
0.00927092 0.31524 -59.7303
0.00343199 0.309524 -54.0979
0.00858651 0.307523 -57.1688
0.0052794 0.297969 -51.951
-0.00158397 0.316224 -52.3364
-0.0314064 0.315157 -29.8117
-0.019969 0.306004 -35.9899
0.000644074 0.316044 -54.5186
0.0156987 0.332457 -72.861
0.0451057 0.247122 -71.4602
0.048455 0.236222 -71.0405
0.0532238 0.205608 -66.3397
0.0510222 0.20609 -64.4797
0.059614 0.184163 -65.8811
0.0608199 0.175401 -64.483
0.0692019 0.17263 -71.8397
0.0664891 0.165814 -67.2335
0.0682908 0.161405 -67.8905
0.0676016 0.151318 -64.1323
0.071996 0.151374 -68.799
0.0695224 0.14123 -63.1107
0.0653741 0.14659 -60.1181
0.0656544 0.145977 -60.2805
0.0699514 0.15125 -66.8136
0.073209 0.148442 -69.8327
0.0798134 0.155244 -79.7534
0.0886019 0.156143 -90.6573
0.0790201 0.159066 -79.6988
0.0115563 0.257814 -44.5517
0.00799781 0.264081 -46.3983
0.0167884 0.286284 -53.6588
0.0281081 0.321464 -65.1713
0.0214692 0.310861 -61.3228
0.0183568 0.328461 -66.5516
0.0129931 0.301128 -57.1356
0.00811999 0.297396 -55.478
0.000269663 0.272643 -46.0428
0.0040972 0.289908 -52.2884
0.00782246 0.303991 -57.5558
0.0230759 0.31452 -64.5186
0.0161682 0.323331 -65.4076
0.0210329 0.327957 -68.2387
0.0188306 0.331433 -68.652
0.0221938 0.334349 -70.7265
0.0254376 0.344714 -75.0258
0.0269641 0.346576 -76.178
0.0222567 0.345363 -73.903
0.0199045 0.342403 -72.0623
0.0101187 0.33762 -66.3546
0.00919392 0.334828 -64.8707
0.00940037 0.332086 -64.0756
0.0120366 0.330489 -64.8864
0.00532532 0.326191 -60.1255
0.00307114 0.321511 -57.5499
0.00271063 0.322196 -57.5017
0.000818443 0.318955 -55.3303
0.00286648 0.323545 -58.0864
0.00363629 0.324465 -58.7912
0.00593219 0.320721 -59.1451
0.00281201 0.315133 -55.3097
0.000563787 0.312086 -52.8467
0.00861382 0.310732 -58.1403
0.0198702 0.311506 -66.4686
1.31131e-05 0.346821 -62.2211
-0.0142113 0.377296 -60.7633
-0.00829011 0.393757 -70.9993
0.000177624 0.37345 -71.4931
0.023837 0.331204 -78.6371
0.00943505 0.31183 -60.1302
0.030556 0.253835 -60.6556
0.0389674 0.234804 -62.3967
0.049083 0.207033 -63.0375
0.0484601 0.205159 -61.8027
0.0577731 0.183465 -63.9827
0.054931 0.177722 -59.2552
0.0596313 0.174177 -62.8081
0.0603982 0.175086 -64.0114
0.0658026 0.168686 -67.6633
0.0719473 0.16352 -72.6622
0.0720778 0.162676 -72.5239
0.0787862 0.160239 -79.3409
0.0728969 0.149486 -69.3064
0.0702274 0.169825 -72.6955
0.0842412 0.160465 -86.2682
0.0792136 0.160273 -80.1077
0.0788235 0.168032 -82.0916
0.022246 0.275815 -50.4257
0.0236895 0.28505 -53.5425
0.0276134 0.282439 -52.7135
0.0267176 0.291238 -55.3315
0.021683 0.282539 -52.1182
0.0156469 0.277579 -50.0632
0.0145858 0.291224 -54.6872
0.0215351 0.315125 -63.8342
0.015157 0.309529 -60.8212
0.0138426 0.314048 -62.1675
0.021456 0.320506 -65.8267
0.0303608 0.329677 -71.0984
0.0222363 0.341375 -72.8829
0.0253393 0.346321 -75.3685
0.0200187 0.345134 -73.4964
0.0247731 0.34375 -74.4082
0.0262027 0.345695 -75.5403
0.0259693 0.347004 -75.8399
0.0157741 0.339185 -69.3002
0.013672 0.338913 -68.2685
0.00926311 0.334028 -64.6983
0.0107208 0.330135 -64.1247
0.00728149 0.325105 -60.7564
0.00628428 0.322594 -59.4781
-0.00294177 0.32146 -54.2658
-0.00303615 0.328282 -56.4489
0.00509942 0.320419 -58.3237
0.00439353 0.322659 -58.6804
0.00314841 0.324147 -58.4673
0.00481122 0.321361 -58.5614
-0.00238601 0.318883 -52.9841
0.000868983 0.322989 -56.5573
0.00516773 0.32303 -59.5914
0.00643676 0.317095 -58.5129
0.0131719 0.303504 -58.9955
0.0285103 0.299563 -69.0256
-0.0112932 0.35325 -55.5831
-0.0139887 0.349287 -51.5946
-0.00280573 0.336604 -56.6902
-0.000713676 0.364783 -68.1186
-0.0173916 0.355185 -50.6112
-0.0107857 0.332229 -48.9265
-0.00182787 0.314537 -50.9355
0.0224982 0.26774 -57.8654
0.0325964 0.242592 -58.8521
0.0350582 0.2271 -55.9381
0.053571 0.199371 -64.9223
0.0511212 0.210353 -65.8852
0.0573174 0.204748 -70.486
0.065427 0.198267 -76.8362
0.071062 0.193017 -81.1969
0.062231 0.188803 -70.0082
0.0632986 0.178226 -67.7153
0.0789865 0.173455 -84.148
0.132662 0.979244 -410.005
0.0791646 0.167237 -82.2781
0.0784142 0.143895 -73.5927
0.0774016 0.147639 -73.6318
0.0275321 0.282397 -52.7042
0.0307679 0.281967 -52.5811
0.0217104 0.262824 -45.0613
0.0133411 0.259366 -43.4749
0.0276717 0.297483 -58.2576
0.0226592 0.309796 -61.9137
0.0218601 0.311107 -62.1928
0.0163279 0.320618 -64.6248
0.0191432 0.320647 -65.1687
0.0220873 0.327133 -67.9911
0.0253468 0.330408 -69.9659
0.026639 0.337676 -72.7504
0.0250451 0.351393 -77.1886
0.0277923 0.344208 -75.3203
0.0252528 0.345574 -75.1181
0.0219461 0.343651 -73.3046
0.0287274 0.343135 -75.5188
0.0268974 0.33223 -71.062
0.0184124 0.338054 -69.8582
0.00326954 0.326461 -59.5537
0.00372323 0.320701 -57.7607
0.00892769 0.313612 -57.5586
0.00106166 0.312321 -53.385
0.00580364 0.316173 -57.0878
0.00627707 0.309561 -54.985
0.00110291 0.317608 -55.1108
0.00257711 0.318546 -56.2147
0.00756611 0.319207 -59.3792
0.00166794 0.324203 -57.5676
0.00267454 0.319773 -56.6558
0.000677633 0.312886 -52.9354
0.00430328 0.318607 -57.3005
-0.00520586 0.317769 -50.4783
0.00736992 0.312147 -57.4844
0.00346319 0.31591 -55.911
0.00784193 0.305347 -55.5875
0.0345723 0.29813 -73.2965
0.00860996 0.328791 -63.1469
0.00248093 0.335367 -60.5373
-0.00529348 0.353286 -60.2215
-0.0119228 0.369297 -60.1023
-0.013289 0.362111 -56.6068
-0.0236304 0.355666 -45.0134
-0.0068656 0.33515 -53.2242
0.0107713 0.285179 -52.4443
0.0181863 0.254306 -48.7643
0.0388536 0.225819 -59.0912
0.0544822 0.241926 -80.3436
0.0524737 0.227666 -73.191
0.0483364 0.222108 -66.9831
0.0686056 0.198541 -80.4548
0.0619398 0.189195 -69.5701
0.0482136 0.195007 -56.2764
0.070518 0.194099 -81.4961
0.0737826 0.173259 -77.9741
0.0697629 0.165972 -70.6439
0.0664421 0.158558 -64.0356
0.0347216 0.161804 -26.339
0.0277986 0.281246 -52.3014
0.0283332 0.278758 -51.3974
0.028294 0.267996 -47.4637
0.0244667 0.269662 -47.8037
0.0327583 0.313678 -64.4281
0.0248319 0.311038 -62.5536
0.0205949 0.307269 -60.5686
0.022669 0.309302 -61.6247
0.0216509 0.321265 -65.7675
0.0216537 0.315866 -63.7523
0.0305986 0.323872 -68.5386
0.0277107 0.341541 -74.3337
0.0244014 0.336855 -71.7732
0.0234208 0.322719 -66.313
0.0201645 0.323875 -65.7137
0.0190936 0.306543 -59.065
0.0245047 0.311465 -62.7728
0.0280951 0.307649 -62.6893
0.0111184 0.303954 -54.7381
0.00333701 0.297082 -49.1024
0.00163098 0.294424 -47.4233
0.00271518 0.289521 -46.0608
0.00461456 0.286045 -45.6911
0.00657105 0.299805 -51.5974
0.00358063 0.299347 -49.9575
0.00465462 0.307567 -53.4603
0.00676043 0.30677 -54.3872
0.00473322 0.310213 -54.4568
-0.00223136 0.307431 -49.1709
-0.00394398 0.297461 -44.4531
0.0013927 0.294488 -46.803
0.0092902 0.296215 -52.6839
0.00274824 0.306961 -52.1349
-9.13884e-05 0.304605 -49.3434
0.00284384 0.312583 -54.247
-0.0004353 0.306112 -49.3918
0.0233109 0.257275 -50.1893
0.0377837 0.272741 -66.9163
0.0229052 0.305739 -66.7742
0.0101802 0.334632 -66.6911
-0.0108538 0.358041 -57.1419
-0.0244175 0.355241 -44.1267
-0.0272466 0.334062 -33.9391
-0.0179441 0.320072 -37.269
-0.00828519 0.282108 -32.7628
0.0208946 0.269725 -56.6341
0.0382422 0.236775 -61.9957
0.0491046 0.234565 -72.0695
0.0436831 0.230239 -64.8645
0.0480634 0.206311 -60.9685
0.0588084 0.22103 -77.7226
0.0515162 0.204947 -63.7926
0.0543578 0.176506 -56.6503
0.0620787 0.173222 -64.2932
0.0658226 0.171767 -68.0925
0.0644462 0.164838 -63.8752
0.0600455 0.156726 -55.5413
0.0483095 0.158523 -41.9363
