-0.134308 -0.20027 21.4815
-0.133975 -0.193901 21.3483
0.262051 -0.0948978 3.55207
0.259276 -0.0201601 2.46814
-0.0172019 0.023425 25.606
-0.0350786 -0.0497812 28.4727
-0.0471945 0.440783 19.6455
-0.107112 0.28613 28.8511
0.0157962 -0.0669473 11.5831
0.0442762 -0.223279 9.03138
0.0426272 -0.207514 10.025
0.0727503 -0.241619 3.4166
0.0659567 -0.279972 6.88128
0.0324844 -0.163345 13.7469
0.0113482 -0.0116897 13.6623
0.0172408 -0.0374658 12.4185
-0.0265734 -0.0325586 27.455
-0.0597512 -0.0016551 38.4186
-0.0864061 -0.00987529 49.7999
-0.151241 -0.0465638 76.5738
-0.086968 0.0318418 46.8375
-0.055466 0.049466 30.5494
-0.0557153 0.0253798 31.747
-0.0207874 0.0522021 12.5946
0.0920761 0.0131119 -43.5102
0.0843038 -0.0072068 -38.8158
0.0585016 -0.0527683 -22.6138
0.0677184 -0.064337 -27.8129
0.0841379 -0.0823071 -36.823
0.0975783 -0.0664082 -45.3038
0.107557 -0.0415227 -51.9851
0.0173936 -0.00251804 14.3679
0.031056 -0.00874915 4.98458
0.0189734 0.0218702 13.0615
0.0242121 0.0248765 8.89976
0.0610267 -0.0477504 -16.9856
0.00997013 -0.0167293 22.8319
-0.0568608 -0.0725835 76.3114
0.0134458 -0.000430896 17.5802
0.0530047 0.0286642 -16.5174
0.0626362 -0.00226108 -23.9589
0.0601567 -0.0178994 -21.093
-0.117942 -0.00689141 139.215
0.00814339 -0.00125357 20.4183
0.000947782 -0.0190655 27.2921
-0.0111635 0.0128635 29.2371
-0.00928668 0.015311 27.3489
-0.0361677 -0.0406376 45.6927
-0.0390687 -0.033694 48.421
-0.0412235 -0.0309626 50.5966
-0.0249861 -0.0484898 33.1712
-0.00221807 -0.0443646 8.42855
-0.0139259 -0.0357569 20.6293
0.0204216 -0.0613342 15.1207
0.0147864 -0.0681539 21.856
-0.00291271 -0.0509017 42.414
0.0216412 -0.0144399 12.1776
0.222491 -1.0118 -222.403
-0.0387091 -0.0578381 9.20954
-0.069449 -0.0723855 10.3203
-0.0263857 -0.019902 6.65041
-0.0117114 -0.000128218 5.00527
-0.00694141 0.00806774 4.46176
0.0220692 -0.0209862 2.45367
-0.00208676 -0.00167754 4.60073
-0.0482358 0.00476993 28.8879
-0.0398233 -0.157571 32.3536
-0.145898 0.265467 37.6134
0.0339643 -0.184358 10.4373
0.0798361 -0.238951 0.899603
0.0695895 -0.245989 4.29429
0.0552639 -0.194526 6.74862
0.0255597 -0.183872 15.8371
-0.0182089 -0.0766668 26.409
-0.0431234 -0.0318459 33.1291
-0.0780764 -0.0121266 45.8526
-0.0754711 -0.0149375 45.0585
-0.100819 -0.00467753 54.6946
-0.10508 0.0104466 55.6902
-0.077296 0.0303937 41.6297
0.0380733 0.0153967 -14.421
0.067817 0.0040534 -30.7575
0.0777418 0.00592345 -35.725
0.0917748 -0.0399679 -40.8222
0.0477997 -0.0614552 -16.1469
0.0160161 -0.0755564 3.17269
-0.00570292 -0.0781947 16.0498
0.0545394 -0.239318 -14.5057
0.0995826 -0.471255 -37.3131
0.0254686 -0.0105827 8.89991
0.0294267 0.000160417 5.8002
0.0173622 0.00663921 14.7951
-0.0281502 -0.0111827 48.9455
0.0102104 -0.0566338 21.6751
0.00599444 -0.212698 29.7476
0.0212819 -0.10876 14.2016
0.0505511 -0.0541527 -11.9574
0.026134 -0.0304294 8.35
0.0793751 -0.0194042 -38.2376
0.0566971 -0.00299666 -18.126
0.015541 -0.0132656 19.2299
-0.00922733 -0.0162266 36.4525
-0.0376943 0.00334029 55.4272
-0.00566487 0.0199012 23.5585
0.00992295 0.0113051 8.05425
-0.0414276 -0.0278401 50.549
-0.0356571 -0.0259258 44.3971
-0.0625107 -0.020342 72.4397
0.0140732 -0.0521351 -10.2962
0.383548 -0.0661002 -417.729
-0.10256 -0.0503963 120.211
0.0296341 -0.0557453 4.02147
0.0164704 -0.0481314 19.2314
0.019874 -0.0314048 14.7411
0.0228367 -0.0413497 11.5626
0.00391897 -0.0326761 34.1342
-0.0270694 -0.0467584 8.07492
-0.0255118 -0.0116021 5.71492
-0.00548827 -0.00332224 4.58546
-0.00143156 0.00257699 4.10082
-0.000197995 0.00985448 3.73479
-0.000909308 0.00761581 3.91077
-0.00230103 0.00384205 4.21229
0.0183333 -5.97991e-05 1.19387
0.388079 -0.159768 -54.5786
0.076269 -0.29705 14.8544
0.0364719 -0.271357 21.893
0.0215473 -0.271996 24.6379
0.0358774 0.0792288 -1.97312
0.055037 -0.156432 4.51419
0.0381698 -0.153861 10.494
0.00711666 -0.182426 21.8723
-0.0179466 -0.103262 27.6551
-0.0693316 0.0413041 39.2322
-0.0547244 -0.0132547 36.7282
-0.0815509 0.00384169 46.5386
-0.105835 0.00341516 56.7485
-0.123789 0.0152078 63.7034
-0.0721165 0.0194191 38.7069
0.038652 0.000637094 -15.5093
0.043066 -0.0189443 -16.3326
0.0532709 -0.0466142 -19.8972
0.0417947 -0.0470223 -13.9859
0.0208405 -0.0708476 -0.0281417
-0.00847827 -0.0589897 16.9032
-0.0133908 -0.0874642 21.0079
-0.00844333 -0.0441941 15.3112
0.0275226 -0.0149152 8.58764
0.0227967 -0.00767681 10.7254
0.00990254 -0.00629584 20.6355
-0.0248036 0.0108393 45.0616
-0.0338096 -0.0463884 53.7523
0 0 -1
0.0396097 -0.0350444 -5.22055
0.0411568 -0.0373031 -4.9932
0.0390105 -0.049825 -3.03908
0.0380711 -0.0358803 -2.95977
0.0708478 -0.00397592 -30.8346
0.030114 0.00497294 5.44076
-0.00899192 -0.0180374 29.333
-0.0299009 -0.00223621 48.2965
-0.0103253 0.0138762 28.485
0.00161614 0.0159691 16.5566
-0.0379749 -0.0106918 46.5245
-0.0384703 -0.0264023 47.9158
-0.026786 -0.0281686 34.8356
-0.0132007 -0.0368241 19.8093
0.354057 -0.0802531 -384.442
-0.0219904 0.0461836 26.2098
-0.0433314 -0.720115 98.5618
-0.0391515 -0.0331041 83.985
0.0488784 0.00701312 -21.3292
0.159295 0.159901 -160.158
0.69366 -0.125601 -823.286
-0.019452 -0.00885647 5.51028
-0.0069282 -0.000259286 4.48545
0.00111585 0.00336506 3.95173
0.0113914 0.00856408 2.88412
-0.00257299 0.00733328 4.14725
-0.0016586 0.00189573 4.43358
8.42241e-05 0.00360616 3.99251
0.00905566 0.00333172 2.55939
0.0383113 -0.00725062 -1.85305
0.0834915 -0.239576 8.9292
0.0286537 -0.269741 22.9892
0.0326887 -0.205237 16.513
0.0352582 -0.291941 22.187
0.0430023 -0.355778 24.7665
0.026652 -0.0892626 10.6815
-0.00815039 -0.152095 22.441
0.0210557 -0.222456 19.2655
0.0986569 -0.277245 -4.91721
0.0304928 -0.249231 19.1308
-0.035441 -0.0589801 31.7123
-0.0603491 -0.0170601 38.7349
-0.0955998 0.0168666 51.4431
-0.0276837 0.0251462 16.8233
-0.0275805 0.546841 -24.3072
0.0172046 -0.0304683 -1.79538
0.0175208 -0.0306666 -2.2524
0.0402998 -0.032306 -13.9498
0.00441226 -0.0607807 9.16404
-0.00202724 -0.0645573 13.6369
-0.0353501 -0.0668207 34.419
-0.00499119 -0.0343598 11.7427
0.0217768 -0.0618246 -3.23035
0.0176984 -0.0731747 -0.0634589
0.0640423 -0.0485025 -34.8706
0.0124459 -0.0300422 8.3613
0.0180943 -0.0317291 4.12569
0.0286033 -0.0145551 -5.33058
0.0346448 -0.0151445 -10.0658
0.0381481 -0.00228212 -13.8968
0.0542834 -0.0253404 -17.1037
0.101547 -0.00258394 -58.723
0.0880869 -0.00151856 -46.3835
0.0513442 -0.00290807 -13.326
-0.00431034 0.00391636 23.2164
-0.0202589 -0.0110737 39.5184
-0.0292172 -0.0316158 49.6216
-0.204928 0.132278 210.442
-0.0555764 -0.0620225 68.0238
-0.0249004 -0.0401979 33.337
-0.0470431 -0.0714127 59.1762
-0.0143602 -0.0306295 20.3388
-0.00284237 -0.02163 7.08392
-0.00636837 -0.0191505 10.9918
-0.000225406 -0.00234314 2.76094
-0.00336793 -0.00230551 6.35561
-0.00338862 -0.00222916 6.37923
-0.0287924 -0.0348707 76.2512
-0.00310441 -0.0806575 49.0194
-0.0183819 -0.0280685 7.47321
-0.00271665 -0.00508252 4.77766
0.0095583 -0.00651958 4.34688
0.0120413 0.00725166 2.93257
-0.00730666 0.00228121 5.06089
0.000897945 -0.000111073 4.38584
-0.00413467 -0.00167105 5.20709
-0.0043243 0.00330265 4.68579
0 0 -1
0.0622308 0.0420735 -11.2904
0.00803778 -0.0214859 6.53487
0.0011398 -0.00240341 6.44411
-0.00695481 -0.0394761 12.2045
0.00886425 -0.0411705 7.87905
0.00434201 -0.0161603 6.9098
-0.00321107 -0.0257754 10.284
0.00475372 -0.0270423 7.26193
-0.0084571 -0.0747939 16.7026
0.0417194 -0.20601 11.1246
0.0290706 -0.279066 22.3106
0.0151494 -0.203253 20.7733
0.00649538 -0.108385 15.2998
-0.0103055 -0.0404921 14.9965
-0.0117587 0.008985 10.5162
0.0041949 -0.0027472 2.47233
0.0301841 -0.0220614 -9.90635
0.0373824 -0.0234766 -13.0849
-0.00577734 -0.0387319 13.5536
-0.0138938 -0.0628224 19.9845
-0.0225242 -0.0578783 25.03
-0.00467544 -0.0257627 10.6947
0.00199526 -0.0334633 6.71428
-0.0220607 -0.00473576 20.3306
-0.0133803 0.062747 6.11772
-0.0172881 0.0638723 8.87788
-0.00941229 0.0454024 4.19643
0.0522138 -0.032209 -22.6825
0.0500778 -0.00185395 -23.7445
0.045259 -0.019614 -18.1969
0.0413322 0.00767217 -9.18066
0.0336235 -0.016804 -8.83076
0.0780821 0.0061286 -38.291
0.0451447 -0.00369451 -7.63466
-0.00170841 -0.0060906 21.8895
-0.0266825 0.00358678 44.2441
-0.0165623 0.0457679 29.8899
-0.267884 0.378682 248.93
-0.0299793 -0.0378737 38.9246
0.0266481 -0.204986 -5.80969
-0.0210403 -0.0375034 28.5382
-0.0106649 -0.00473789 14.2711
0.00268169 0.00110077 -0.877054
0.00759572 -0.00589512 -5.6966
0.00384867 0.000540325 -2.08875
0.0947269 -0.160383 -61.8772
0.0856665 -0.147768 -52.2219
0.0405297 -0.0666525 -5.41244
-0.00194284 -0.0537699 44.9803
0.00173314 -0.00885638 5.01581
0.00788789 0.00125239 3.77124
0.00646904 0.000556914 3.91531
0.00116285 -0.00842217 5.37774
-0.008174 -0.0164376 7.11302
0.00445346 -0.00589102 4.47589
0.0037689 -0.000428586 3.83178
0.0062669 0.00678615 2.61122
0.0380614 0.0267362 -5.33516
0.0358865 0.0170646 -3.12882
0.0206074 0.0122547 0.549262
-0.00181809 -0.00462544 7.54426
-0.00942862 0.000683172 8.86254
0.0064361 -0.00337039 4.88952
0.00437775 -0.00128859 5.39633
-0.00421698 -0.0044303 8.48504
-0.0129872 -0.0156836 12.7235
-0.039851 -0.0165973 22.5117
-0.0443664 -0.0142686 23.7531
-0.00892779 -0.0247822 10.6425
0.0249447 -0.0809785 2.16588
0.018637 -0.0767502 4.08868
0.00225426 -0.0980516 14.9338
0.0026953 -0.0494652 8.62755
-0.0313954 -0.00530858 22.223
-0.00262126 -0.0237455 8.55067
0.005748 -0.0308053 5.083
-0.00787442 -0.0189245 11.9774
-0.0149178 -0.0268872 16.776
0.00841805 0.00405577 -1.41781
0.000751244 -0.014381 5.99917
-0.014626 0.0580113 7.1457
0.0054585 0.0309232 -2.87055
-0.0144021 0.0775885 5.48447
-0.0159348 0.0768281 6.72548
-0.00968453 0.0815715 0.364861
0.00471205 0.105745 -13.5543
0.184088 -0.0155818 -142.135
-0.0338199 -0.0546237 51.6091
-0.0213395 -0.00619779 45.7183
0.0224551 -0.0321277 2.59896
0.0685905 0.0103511 -30.3423
0.0378485 -0.00118432 -1.16075
-0.00577577 0.00837442 23.8509
-0.0101896 0.0267719 25.933
-0.00714758 0.00156292 26.6118
-0.0157609 0.00708524 34.7077
-0.00669525 -0.00328919 11.2249
-0.00889219 8.0928e-05 13.1305
-0.0257985 0.0160466 28.2985
-0.0104927 0.0160797 11.9736
-0.0104569 0.0201325 11.7477
0.000695491 0.00311145 1.26781
-0.00191035 -0.000909968 4.64486
0.090234 -0.14716 -58.3615
0.088323 -0.161728 -54.6093
0.0734391 -0.0466966 -48.0265
-0.0150594 -0.0259997 57.9254
0.00888611 0.00990576 2.66092
-0.000726952 0.00600633 3.34994
0.00357217 0.00131071 3.82387
-0.00125989 -0.00131818 4.47292
0.00203279 0.00714536 2.8949
0.00500629 0.00417671 3.02318
-0.00167359 0.00387687 3.85082
0.0164392 0.00851176 0.569854
0.0456291 0.0121513 -4.94513
0.0262137 0.00913325 -0.22908
0.00371847 0.00691863 4.78152
-0.0023735 0.00259851 6.80644
-0.00210296 -0.000138956 7.43085
-0.00541151 -0.00321142 8.65133
-0.00469221 -0.00877822 9.16441
4.29022e-05 -0.0126617 8.25328
-0.0133422 -0.00442003 11.7734
-0.0383751 -0.00746962 21.1181
-0.0549107 -0.0125633 28.3392
-0.0230493 -0.00427444 14.1492
-0.00996125 -0.00828932 9.20646
-0.00631341 -0.0180078 8.54117
0.00376401 -0.0338864 6.06529
-0.0206865 -0.0187654 16.0311
0.100334 -0.215987 -20.4983
0.0110783 -0.0566011 5.2728
0.0265778 0.00492289 -11.0723
0.0106476 0.045166 -7.66053
-0.00620396 0.0400309 2.62632
-0.00756407 0.0338784 4.62802
6.82655e-05 0.00195788 4.49601
0.000406429 0.00296231 3.98756
0.0301072 0.0140022 -17.6178
0.00642785 0.0469698 -5.16299
0.00712745 0.0501296 -6.1861
0.0105498 0.071117 -11.8544
-0.00584031 0.100138 -3.85932
-0.00491115 0.0922555 -3.87772
0.0294909 -0.0638474 -0.0918394
-0.00787875 -0.00901644 34.8198
0.100362 -0.0249705 -66.6605
0.0511755 -0.00127046 -13.0946
0.0404879 0.00278022 -4.09925
0.00414535 -0.000656987 15.9062
-0.0116273 -0.00736215 31.8571
-0.0236968 -0.0366378 47.8127
-0.0265387 -0.0349577 50.1257
-0.0465926 -0.0275139 69.5236
-0.0130813 0.00398801 17.1035
-0.0190747 0.00887508 22.6643
-0.0153875 0.00779273 18.6667
-0.0113531 0.00381569 14.8134
-0.00906219 0.0019504 12.4126
-0.00621078 -0.00770974 10.5769
-0.00124814 -0.00532653 4.43562
0.130573 -0.0060025 -122.4
0.0319786 -0.0545314 4.98106
0.022747 -0.0452741 14.619
0.0115498 -0.00157158 4.29447
0.00377254 -0.00065893 4.32383
0.00582955 0.00207118 3.73476
0.00115753 0.00456662 3.57276
0.00154443 0.0120042 2.2099
0.00561176 0.0105666 1.94402
0.0156291 0.0136794 0.0101601
0.041521 0.0378885 -7.97323
0.0417874 0.02413 -5.90777
0.0191551 0.0186112 -0.378781
-0.00973145 0.00412562 8.2883
-0.00881017 -0.00664709 9.77404
-0.00990414 -0.0122993 10.8549
-0.00487055 -0.0161831 9.967
0.00797195 -0.0145128 5.55926
0.00111201 -0.0131612 7.91155
-0.0238574 -0.0123762 16.5518
-0.0409225 -0.00818043 21.9906
-0.0252545 0.00174812 14.0439
-0.0196409 -0.00320363 12.4773
-0.0266305 -0.00993187 16.7851
-0.00808152 0.0148168 4.17392
-0.00884796 -0.00275151 7.5594
-0.0205155 -0.0142922 15.395
-0.0239016 -0.0161903 17.339
0.000799867 -0.0314609 6.52919
0.0763875 -0.0484 -33.077
-0.00445074 0.0251023 5.44109
-0.044227 0.04069 26.6206
-0.0257735 0.0132512 19.1804
-0.00169588 0.00739449 4.62875
0.0193823 -0.0131792 -6.50407
0.0506766 0.00573949 -30.937
0.029032 0.0211448 -17.9514
0.0172952 0.0429533 -13.0041
0.00969594 0.0676672 -11.3458
-0.0202145 0.0679885 11.8614
-0.0224781 0.0589675 14.9289
0.0456572 -0.021271 -20.0951
0.039001 -0.0118434 -4.50251
0.0771254 0.00443177 -50.5183
0.0525701 -0.00215092 -14.2978
0.0339773 0.00359575 1.56319
-0.0175008 0.0117223 34.2414
-0.0238048 0.00757735 40.7228
-0.0453341 -0.00715959 63.9809
-0.0100261 -0.0170788 30.8885
-0.0158507 -0.0103519 35.8623
-0.0117958 0.00943182 14.7163
-0.022429 -0.00179626 27.9198
-0.0244925 -0.00809424 31.0389
-0.0172933 -0.0250663 25.8753
-0.00444207 -0.0219639 10.9172
-0.00771136 -0.0118206 12.9979
0.0293837 0.0285537 -7.37309
0.0634381 -0.0637252 -33.0683
0.0439092 -0.0889074 -5.45328
0.0185222 -0.0837759 25.1052
0.0105306 -0.00598548 5.05797
0.00622216 -0.00447372 4.88939
0.00232329 0.00873664 2.63882
0.0110786 0.0110005 1.54009
0.00684881 0.0262358 -0.900004
0.00107577 0.00958954 2.70049
0.0370312 0.0417325 -7.99822
0.0426823 0.0513358 -10.6107
0.0290655 0.0334332 -4.72672
0.00442117 0.0298444 0.648075
-0.0149548 0.0211105 6.47016
-0.0241679 0.0160162 9.47492
-0.0165765 0.0165538 7.49932
-0.0251515 0.00712921 11.7232
-0.00362612 0.0141907 3.96553
0.0128852 0.0103812 -0.414303
-0.0212399 0.00897778 11.7023
-0.0181418 0.032591 5.96271
-0.0137934 0.0267546 5.20217
-0.00716046 0.0462842 -1.27606
-0.0323165 0.0412915 10.4795
-0.0328791 0.0696735 6.0217
-0.0330069 0.0802079 4.68061
-0.0118005 0.00713989 7.18435
-0.0123853 0.0514238 -0.385697
-0.00931936 0.0426049 -0.54449
-0.00479178 0.043754 -3.00244
-0.00483582 0.00691812 8.88358
-0.0365358 0.0336556 23.6237
-0.0668485 0.097336 29.8454
0.009967 0.0539384 -11.1829
0.0366688 0.0188679 -23.6823
0 0 -1
0.0602422 0.0414645 -43.7622
0.0524782 0.091476 -47.1646
0.0586432 0.148773 -62.4594
0.0550746 0.151092 -60.2218
0.0714234 0.0228101 -48.5106
0.330706 0.0982857 -269.483
0.0396217 0.0115527 -8.95101
0.040533 0.0101961 -19.3076
0.0401501 0.00645535 -4.52767
-0.0107966 0.00366594 42.4496
0.0176851 -0.0101937 6.31109
-0.0326987 0.0222145 47.0517
-0.0428713 0.0202487 57.623
-0.0533433 0.00239913 70.934
-0.0292572 -0.0224215 38.4585
-0.0175709 -0.0199477 25.7094
-0.0379098 -0.0275008 48.7105
-0.0194229 -0.0173966 26.6033
-0.0141749 -0.0177126 20.8233
-0.00171604 -0.0180849 6.82412
-0.00133014 -0.0101463 5.16516
0.141505 -0.0339948 -130.212
0.0346897 -0.01006 -8.43061
0.0391655 -0.0571895 -4.98956
0.0346347 -0.0676067 2.45656
0.0216408 -0.0104038 5.62036
0.0173581 -0.00173403 3.94409
0.0117192 0.00515884 2.82957
0.0191151 0.0147709 0.266449
0.028098 0.0786035 -13.7545
0.0170296 0.0278946 -2.78122
0.0518962 0.0724764 -15.99
0.0241399 0.06958 -11.2165
0.0360008 0.0593063 -11.3012
0.00838626 0.0380696 -1.94059
-0.0108782 0.0614329 -2.424
-0.00512404 0.0668648 -5.19158
-0.0124434 0.0367494 2.47848
-0.00148337 0.0601157 -5.08573
-0.00311107 0.089607 -10.3751
-0.00484485 0.0643935 -4.68272
-0.0192609 0.0511899 2.99644
-0.0221122 0.096584 -4.92143
-0.00223453 0.0571297 -4.97578
0.00906828 0.153991 -28.0016
0.00287067 0.37393 -67.951
-0.00545922 0.4046 -70.8344
0.0119923 0.431253 -84.241
-0.000293969 0.383925 -69.3496
0.0121539 0.382353 -75.8589
-0.012328 0.38727 -63.6755
0.00158212 0.391347 -72.1172
0.0123056 0.315648 -62.3736
0.0247814 0.253586 -57.3349
0.0323865 0.321298 -76.2224
0.0526805 0.335804 -92.3356
0.0306928 0.399197 -90.6938
0.0209952 0.360814 -75.9652
0.0365093 0.358244 -86.6365
0.0334938 0.332036 -78.9173
0.0196871 0.295313 -61.141
0.0252317 0.317537 -70.1315
0.0290888 0.0915614 -27.5031
0.0998221 0.125319 -82.8662
0.0259032 0.0406909 -3.4585
-0.0168284 0.0356537 26.3234
0.0496431 0.0149724 -14.9826
0.0643129 0.0206612 -29.5498
0.076214 0.00179896 -35.8742
-0.0248629 0.0166071 40.4238
-0.0300378 0.0277538 43.222
-0.0108512 0.0619825 15.6442
-0.0170403 -0.0216104 25.6699
-0.00759068 0.00421181 9.76848
-0.0094742 0.00900348 10.8713
-0.0162793 0.0266944 14.7684
0.00182616 0.00830345 -1.82666
0.106483 0.111507 -116.093
0.0585741 0.0141643 -41.1464
0.0707511 0.0593858 -64.9254
0.0432393 0.0476811 -29.8546
0.00381125 -0.0412349 35.1876
0.0163826 -0.0561905 22.9311
0.0225852 -0.0101811 5.55121
0.0332791 -0.00639781 4.52202
0.0866427 0.0632536 -13.6136
0.0272702 0.42874 -91.2337
0.0439519 0.46772 -101.543
0.0455734 0.488805 -106.005
0.0373284 0.530474 -115.116
0.014622 0.500531 -105.029
0.0379542 0.42789 -92.4715
0.0453978 0.436776 -95.642
0.0322038 0.444966 -94.6348
0.0293131 0.446381 -94.5103
0.0175526 0.485563 -99.6757
0.0231292 0.366374 -73.3125
0.0067225 0.367739 -68.9285
0.0204127 0.372297 -74.4252
0.0143311 0.334629 -63.7912
0.00202328 0.316444 -54.6436
-0.0141759 0.287448 -41.6124
-0.0141882 0.280549 -39.763
-0.00945367 0.286066 -43.1954
-0.0139576 0.290598 -41.8185
-0.0253296 0.289187 -36.474
-0.00693423 0.316771 -52.0835
0.00196943 0.334839 -60.702
0.0079522 0.331836 -63.2373
0.010608 0.335163 -65.6274
0.00760512 0.319164 -60.3165
0.0166306 0.314748 -64.8845
0.0257811 0.313228 -70.3381
0.0557873 0.302752 -87.3915
0.0410403 0.323289 -81.5043
0.0329353 0.324418 -76.255
0.025734 0.336893 -74.1122
0.0250833 0.322166 -70.4029
0.066991 0.318427 -101.603
0.121291 0.123787 -98.4669
0.0952544 0.165534 -87.4623
0.0652537 0.186217 -67.1307
-0.0330349 0.215584 8.48395
-0.0339165 0.193139 14.14
0.0820015 0.104817 -63.8082
0.0800002 0.0353611 -47.2875
0.0624611 0.0677537 -38.1156
-0.00120929 -0.00114787 37.8222
0.0378032 0.24331 -57.2175
0.0259358 0.129172 -27.6189
0.0276874 0.137959 -31.4983
0.0535656 0.0617508 -41.5421
0.0830296 0.182984 -100.459
0.0657003 0.0749596 -56.7431
-0.0019622 0.15867 -2.0642
0.00396496 0.282975 -37.6625
0.0310651 0.296768 -70.5883
0.0162333 0.255044 -43.9146
0.025772 0.04044 -37.1387
0.026149 -0.0148843 -25.4296
0.0364826 -0.021773 -36.3585
0.0205626 0.402888 -82.5376
0.00315657 0.385615 -77.866
0.0130049 0.443943 -92.9943
0.0348682 0.442129 -93.9567
0.0452177 0.446371 -95.4358
0.0197859 0.441676 -90.8039
0.00918911 0.410365 -82.2261
0.0126826 0.426518 -86.7132
0.0172527 0.46455 -96.9822
0.0294145 0.436951 -92.4876
0.0271826 0.415698 -86.6525
0.0271834 0.385658 -79.075
0.0250353 0.392966 -80.5276
0.0269452 0.386933 -79.6422
-0.00176859 0.332934 -57.176
-0.00749728 0.32809 -54.1494
-0.00369611 0.304904 -49.6719
-0.0408453 0.211318 -10.6441
-0.035011 0.265267 -26.5464
-0.0404032 0.263098 -24.4318
-0.0273003 0.241574 -24.5223
-0.00720126 0.279593 -43.3517
-0.0108665 0.304776 -47.7318
-0.00151423 0.310072 -53.6443
0.00864611 0.313538 -59.5356
0.0056889 0.311406 -57.3373
0.0101418 0.322563 -62.6393
9.48677e-05 0.309504 -53.4598
0.0201468 0.314883 -67.0173
0.0206185 0.31376 -67.1028
0.0385796 0.30393 -76.4774
0.0704829 0.26821 -89.1589
0.0608432 0.2775 -84.6345
0.0403145 0.314813 -79.6011
0.0305105 0.325986 -75.4002
0.0244798 0.33156 -72.3259
0.0449664 0.305678 -81.9251
0.0831653 0.204862 -87.389
0.0999527 0.172531 -92.7788
0.048811 0.195356 -55.5067
0.0757403 0.117284 -57.8
0.0571844 0.167007 -54.8666
0.0230551 0.245601 -43.5863
0.0402845 0.186812 -45.8652
0.0205331 0.249561 -41.9691
0.00611793 0.258799 -30.4317
0.0254747 0.271105 -51.396
0.0241441 0.347972 -68.8274
0.0236415 0.382747 -76.599
0.000154832 0.283729 -27.2658
0.0241745 0.161847 -21.4504
0.104674 0.107216 -96.8902
0.0832931 0.0838152 -65.8366
0.0541168 0.112264 -40.2003
0.0196905 0.236336 -43.2962
0.0175072 0.226963 -38.589
0.0645062 0.172449 -81.3196
0.0862656 0.087069 -86.4758
0.0272607 0.397756 -81.3027
0.0282109 0.390751 -79.5044
0.0256826 0.416187 -86.6732
0.0389962 0.407685 -84.5105
0.0577775 0.372248 -76.1705
0.0244007 0.376413 -74.5212
0.0152438 0.413548 -83.5556
0.00115746 0.397766 -77.6646
0.0131468 0.422339 -85.6511
-0.00219913 0.360357 -65.1455
0.00642432 0.369068 -69.9516
0.00317195 0.313159 -53.8478
0.00732633 0.333595 -60.3116
0.0058286 0.317903 -55.9264
-0.00265671 0.284251 -44.6435
0.017434 0.278926 -49.3168
-0.0117152 0.259451 -34.2629
-0.0204205 0.255208 -30.4718
-0.0344118 0.248707 -23.3211
-0.020375 0.259272 -32.4083
0.00074949 0.292306 -50.3972
0.00696385 0.31274 -58.4944
0.00175664 0.313513 -56.1621
0.00743202 0.329364 -63.2318
0.0186036 0.324614 -67.7136
0.00679076 0.326125 -61.7923
0.00650925 0.325494 -61.4706
0.00553904 0.322455 -59.968
0.0136758 0.328802 -66.6164
0.0223806 0.321494 -70.3304
0.0178803 0.313864 -65.5245
0.0331057 0.301885 -72.7109
0.0781415 0.254639 -91.1667
0.0629824 0.278939 -86.4205
0.0374307 0.323989 -79.9514
0.0274764 0.33246 -74.7926
0.0223385 0.331581 -70.7134
0.0248636 0.315077 -68.2987
0.0275515 0.261309 -55.8127
0.0266105 0.243744 -49.959
0.0715338 0.169551 -68.3237
0.0784038 0.177929 -76.4839
0.0510795 0.209951 -60.1529
0.0417078 0.24779 -61.7218
0.0421079 0.283272 -70.3012
0.106118 0.166974 -99.4738
0.118222 0.0551206 -79.9783
0.0486411 0.0384348 -4.37925
-0.0111157 0.365818 -36.3009
0.0604654 0.16776 -56.5421
0.00010231 0.188048 -2.22548
0.0710051 0.145883 -69.794
0.0688019 0.124883 -60.4344
0.0518865 0.127752 -42.0017
0.040646 0.0854584 -16.8703
-0.0608595 0.000647583 127.015
0.0253625 0.387111 -89.1524
0.0305625 0.394208 -97.524
0.0268113 0.391374 -79.5057
0.0266976 0.400244 -81.956
0.0364427 0.406715 -84.5963
0.026925 0.377704 -75.8625
0.027376 0.348244 -67.4048
0.0275265 0.361867 -70.0387
0.00837565 0.360982 -67.5809
0.000670601 0.362569 -65.8888
-0.0233229 0.297024 -43.6075
-0.00511757 0.302607 -48.9538
0.0288066 0.299833 -55.2993
0.095359 0.135234 -20.6724
-0.00134516 0.0836721 19.4464
-0.0256846 0.272599 -33.8428
-0.0175759 0.246573 -28.7531
-0.0176609 0.237292 -26.3913
-0.00956416 0.250569 -33.2429
-0.0134672 0.265831 -36.5286
-0.00232508 0.296223 -49.8279
-0.00131614 0.310468 -54.605
0.0100506 0.32468 -63.3254
0.0114708 0.331862 -65.9486
0.0178925 0.332187 -69.1272
0.00682948 0.325727 -61.6381
0.00488605 0.332776 -62.5687
0.00373852 0.33397 -62.295
0.00901217 0.337666 -66.3547
0.00952557 0.332127 -64.9659
0.0070758 0.336575 -64.7607
0.00800187 0.326913 -62.6025
0.00944598 0.33204 -65.0771
0.019393 0.317014 -67.4396
0.0404443 0.291473 -74.9225
0.0811306 0.258012 -94.3756
0.0758241 0.268283 -92.6411
0.0389477 0.324437 -81.0263
0.0203602 0.33069 -68.65
0.020843 0.318361 -65.6701
0.0271799 0.311846 -69.0805
0.0245881 0.31565 -68.0721
0.033725 0.29258 -69.4183
0.039201 0.267787 -67.047
0.0597861 0.222385 -72.2888
0.0731924 0.213869 -81.8473
0.0920144 0.197957 -95.0205
0.0876756 0.176822 -84.6003
0.0788434 0.0984734 -52.8616
0.0243329 0.107675 0.0296975
0.00692697 0.159132 3.39252
0.0343276 0.122966 -15.2055
0.00903052 0.0424636 36.1289
-0.0514579 0.0756149 92.4943
0.00324923 0.225886 -14.5168
0.0484108 0.290035 -84.2302
0.0196942 0.202709 -25.0035
-0.0145888 0.263037 -2.85758
-0.021685 0.338937 -16.8191
0.0430804 0.369975 -105.58
0 0 -1
0.0318272 0.0336766 28.1097
-0.00944242 0.20512 -16.3758
-0.0135693 0.395281 -76.7268
0.00383434 0.348545 -64.7447
-0.00532759 0.319312 -53.8089
0.00493537 0.303667 -50.3073
-0.0153973 0.319295 -51.6747
-0.0159269 0.317203 -51.4154
-0.00816343 0.29811 -46.5597
0.00159855 0.281993 -44.1649
0.0499515 0.177359 -22.7533
-0.0568837 0.164527 8.64253
-0.0410923 0.226722 -15.7972
-0.00272931 0.25676 -37.3385
0.00786084 0.282613 -49.1222
0.00248349 0.29637 -51.7544
0.00938931 0.289961 -52.0194
0.0109205 0.322623 -62.9
0.00655247 0.322408 -60.9327
0.010953 0.32594 -63.7979
0.0144396 0.326987 -65.6864
0.0155194 0.329097 -66.857
0.0082832 0.323193 -61.5379
0.00712623 0.323176 -60.9215
0.0120545 0.327409 -64.9068
0.00877188 0.330413 -63.8937
0.00936196 0.332986 -65.1091
0.00708073 0.330879 -62.9845
0.00230138 0.324065 -57.9965
0.00841029 0.319515 -60.4928
0.0071248 0.321968 -60.3648
0.0127538 0.318064 -63.0201
0.0191661 0.30683 -64.2999
0.0881636 0.247836 -96.4152
0.0904683 0.243808 -96.0729
0.0555096 0.281335 -80.9802
0.0330793 0.308233 -72.0489
0.0235543 0.325828 -69.929
0.0177714 0.332356 -67.1746
0.0205959 0.319677 -65.6596
0.0209878 0.318678 -65.6787
0.0295363 0.310171 -70.782
0.0443055 0.282142 -75.8189
0.064463 0.235563 -80.547
0.0451795 0.228244 -59.3436
0.0719695 0.186998 -72.6979
0.0451938 0.190672 -46.6772
0.00948932 0.211241 -15.7466
0.00778949 0.140719 7.89862
0.0646297 0.0726288 -24.2438
-0.00688695 0.282052 -19.1751
0.0142501 0.273415 -40.4723
0.0372153 0.253478 -59.4515
-0.000108059 0.271323 -21.8104
-0.00160766 0.328145 -38.1539
-0.0113077 0.344539 -31.8515
0.00740072 0.348399 -55.3847
0.569925 2.23887 -721.801
0 0 -1
-0.00635718 0.241498 -27.2711
0.0575464 0.224219 -27.2209
-0.0295167 0.315926 -50.8435
-0.00969235 0.295359 -46.5565
-0.00180816 0.306994 -50.3506
-0.00049124 0.290935 -44.9452
-0.0238567 0.265866 -32.1017
-0.0169925 0.251519 -29.2027
-0.0132038 0.246365 -28.5462
-0.0196166 0.224252 -20.4757
-0.0102096 0.254221 -33.5672
0.00541259 0.286568 -49.1222
0.00857623 0.295123 -52.959
0.0125976 0.307645 -58.3214
0.0043075 0.312091 -57.1024
0.013873 0.317588 -62.2101
0.0119657 0.330572 -65.7924
0.0123684 0.325311 -64.2321
0.0134349 0.324183 -64.3796
0.013321 0.323499 -64.0302
0.0202006 0.291824 -56.5796
0.0102045 0.320729 -61.568
0.00354367 0.318485 -57.4847
0.0132607 0.320213 -63.247
0.0091065 0.320827 -60.9953
0.00860146 0.322551 -61.313
0.00377867 0.318749 -57.0996
-0.000560166 0.316323 -53.5358
0.00225678 0.318769 -56.2184
0.00649577 0.314642 -57.6614
0.011629 0.311379 -60.0026
0.00842826 0.311702 -57.8893
0.0474598 0.276243 -75.172
0.0934813 0.23555 -96.4613
0.099327 0.232322 -99.3976
0.061448 0.279277 -85.0278
0.0302473 0.315887 -72.2287
0.0209331 0.320532 -65.8334
0.0172145 0.331317 -66.3378
0.0253431 0.331051 -73.5411
0.0227165 0.333489 -71.9425
0.023604 0.326893 -70.5972
0.0372607 0.303389 -75.6943
0.0376041 0.310051 -78.4035
0.0607221 0.261755 -85.4418
0.0586983 0.238693 -75.8825
0.0948516 0.20393 -101.89
0.0965024 0.0306534 -44.5934
0.0719129 0.119173 -47.9176
0.0893831 0.119275 -67.5232
0.0420809 0.524549 -153.716
0.0125148 0.306978 -47.8582
0.00342757 0.288855 -31.2027
-0.0210447 0.323868 -12.9826
-0.00526856 0.35847 -43.2633
0.00138052 0.371933 -55.6713
0.0664336 0.0623747 28.9679
0.0639823 0.0665458 27.5927
0.0507554 0.102558 15.6183
0.0651296 0.192943 -17.1436
0.0248931 0.311193 -54.143
-0.0104483 0.337948 -59.7354
-0.0233897 0.269585 -33.9266
-0.0274853 0.269531 -33.1555
-0.043466 0.211367 -10.3239
-0.0190174 0.192164 -8.5846
-0.0352163 0.214428 -13.1268
-0.0108827 0.263 -36.24
0.00288 0.300706 -53.1346
0.00852833 0.302933 -55.2957
0.0215081 0.327172 -68.007
0.0149164 0.333294 -67.8263
0.0152297 0.329514 -66.7358
0.0135908 0.329511 -66.1298
0.0131746 0.320968 -63.0539
0.0113404 0.320644 -62.0423
0.0109146 0.317222 -60.6751
0.0166641 0.319727 -64.2453
0.00865242 0.316439 -59.3742
0.00541148 0.316007 -57.723
0.00632149 0.321024 -59.8651
0.0162084 0.30849 -60.7763
0.00672311 0.307467 -54.9622
0.00594046 0.311573 -55.9503
0.00770781 0.312184 -57.2471
0.00164915 0.305737 -51.2017
0.005084 0.317281 -57.5437
0.000865432 0.319632 -55.5669
0.00950634 0.303295 -55.6982
0.00741044 0.302389 -53.8492
0.0119372 0.298783 -55.9874
0.0489581 0.263461 -71.878
0.0970824 0.212841 -91.4489
0.0696995 0.295645 -96.88
0.0415896 0.308705 -78.9482
0.0373472 0.317833 -78.8888
0.0282306 0.337544 -78.0935
0.0245659 0.33738 -74.8796
0.0273743 0.346133 -80.5054
0.0223523 0.342898 -74.6972
0.0226904 0.333176 -71.6721
0.027018 0.327948 -74.0743
0.0344415 0.316643 -77.4381
0.0283845 0.304519 -67.1557
0.0432741 0.27766 -73.0701
0.0616889 0.213516 -70.2325
0.0733067 0.159359 -63.5387
0.0805372 0.145943 -66.7237
0.0976713 0.147806 -86.577
0.106981 0.180496 -108.321
0.0897501 0.0627818 -46.3959
-0.0219681 0.379461 -29.9366
-0.0168313 0.37729 -35.3432
-0.0103556 0.377933 -43.4224
0.0662682 0.0621617 29.0443
0.0659887 0.0629428 28.7762
0.067622 0.0713383 25.5937
0.107199 0.257243 -43.219
0.0613204 0.251356 -36.6246
-0.0467324 0.199883 -5.47294
-0.0416402 0.249122 -23.7751
-0.0814714 0.177874 8.22211
-0.0318853 0.140071 12.6183
-0.00844529 0.166568 -1.65237
0.00277655 0.251264 -35.1422
0.00505611 0.28518 -48.0596
0.0115216 0.294887 -53.2149
0.0204083 0.290601 -54.2584
0.0179001 0.322931 -65.1872
0.0138228 0.324022 -64.2979
0.00952992 0.319376 -61.0575
0.0100907 0.298927 -53.8795
0.0160107 0.297469 -55.714
0.0118652 0.302377 -55.73
0.00334161 0.298845 -50.6886
0.000465171 0.297433 -48.7706
0.0067599 0.303662 -54.0056
0.00887068 0.302741 -54.7062
0.0056933 0.287359 -47.5181
0.0146314 0.296767 -55.6763
0.00315936 0.307365 -52.9889
0.00743198 0.280881 -45.9289
0.00782217 0.291129 -49.7819
0.00674042 0.28635 -47.4763
0.00773026 0.29012 -49.5423
0.00880923 0.297978 -53.2582
0.00942728 0.306474 -56.7229
0.00554414 0.299643 -51.52
0.000962376 0.284817 -42.7366
0.0202942 0.274169 -53.5255
0.0624051 0.22514 -68.5146
0.120214 0.240318 -119.283
0.0571392 0.314982 -94.2996
0.0386485 0.336949 -86.7216
0.0288001 0.332301 -76.7507
0.0280961 0.327982 -74.5701
0.0261827 0.333954 -75.0708
0.0199079 0.329555 -67.6172
0.0214293 0.330104 -69.2821
0.0165231 0.335634 -66.4233
0.0219482 0.316864 -64.9704
0.026012 0.306578 -65.3544
0.0318658 0.294502 -66.9794
0.032478 0.275859 -60.9019
0.0543995 0.179152 -49.6306
0.0639602 0.165775 -55.2616
0.0968532 0.135819 -81.1545
0.0887909 0.09303 -56.1264
0.0608969 0.0628439 -12.545
-0.0143566 0.232632 14.9484
-0.0137604 0.348421 -28.7875
0.000397179 0.360899 -50.6167
