0 1 3
1 2 3
2 3 3
3 4 3
4 5 3
5 6 3
6 7 3
7 8 3
8 9 3
9 10 3
10 11 3
11 12 3
12 13 3
13 14 3
14 15 3
15 17 3
17 18 3
18 20 3
20 21 3
21 22 3
22 23 3
23 24 3
24 25 3
25 26 3
26 28 3
28 30 3
30 32 3
32 33 3
33 34 3
34 35 3
35 36 3
36 37 3
37 38 3
38 39 3
39 40 3
40 41 3
41 42 3
42 43 3
43 44 3
44 45 3
45 46 3
46 47 3
47 49 3
49 51 3
51 52 3
52 53 3
53 54 2
54 55 0
55 56 3
56 57 3
49 108 3
51 108 3
26 84 3
28 84 3
32 88 3
30 88 3
20 77 3
49 107 3
55 112 1
15 74 3
17 74 3
18 77 3
46 105 3
47 105 3
107 108 3
54 112 3
32 264 3
32 90 3
20 78 3
21 78 3
88 264 3
33 90 3
55 170 1
0 58 3
3 62 3
4 62 3
18 76 3
28 86 3
30 145 3
36 94 3
38 96 3
39 96 3
51 109 3
52 109 3
53 111 3
1 58 3
2 60 3
5 64 3
7 65 3
13 71 3
14 71 3
17 75 3
17 76 3
24 82 3
25 83 3
26 83 3
84 86 3
30 86 3
33 92 3
34 92 3
35 94 3
39 97 3
54 111 2
56 114 3
6 64 3
6 65 3
8 66 3
9 66 3
15 73 3
21 79 3
22 80 3
25 82 3
35 92 3
40 97 3
40 98 3
41 98 3
55 114 3
2 59 3
2 61 3
3 61 3
5 63 3
7 66 3
10 68 3
11 69 3
12 70 3
14 73 3
74 75 3
21 80 3
23 81 3
86 145 3
90 264 3
35 93 3
37 95 3
41 99 3
42 100 3
43 101 3
44 102 3
45 103 3
46 104 3
47 106 3
108 109 3
52 110 3
57 115 3
1 59 3
59 60 3
61 62 3
62 63 3
63 64 3
9 68 3
11 68 3
69 70 3
70 71 3
77 78 3
80 81 3
81 82 3
36 95 3
95 96 3
96 97 3
98 99 3
99 100 3
100 101 3
101 102 3
102 103 3
103 104 3
104 105 3
49 106 3
110 111 3
112 170 1
56 115 3
60 61 3
65 66 3
75 76 3
76 77 3
78 79 3
79 80 3
82 83 3
93 94 3
105 106 3
109 110 3
55 113 3
68 69 3
97 98 3
113 170 1
113 114 3
114 115 3
58 59 3
64 65 3
83 84 3
90 91 3
33 91 3
94 95 3
111 112 2
66 125 3
9 125 3
71 73 3
73 74 3
91 92 3
92 93 3
94 152 3
95 152 3
106 107 3
68 125 3
84 143 3
86 143 3
88 205 3
65 123 3
66 123 3
76 134 3
84 142 3
30 146 3
88 146 3
73 130 3
83 142 3
145 146 3
108 167 3
109 167 3
64 122 3
75 133 3
75 134 3
77 134 3
205 264 3
104 162 3
108 166 3
109 168 3
110 168 3
65 122 3
68 126 3
71 130 3
74 133 3
107 166 3
166 167 3
63 122 3
125 126 3
74 132 3
83 141 3
142 143 3
93 152 3
103 162 3
107 165 1
59 117 3
60 118 3
61 119 3
69 127 3
73 132 3
82 141 3
143 144 3
86 144 3
146 205 3
105 162 3
106 165 1
111 169 3
111 170 1
115 173 3
58 116 3
59 116 3
60 117 3
60 119 3
62 120 3
62 121 3
63 121 3
66 124 3
68 127 3
69 128 3
70 128 3
71 129 3
132 133 3
134 135 3
77 135 3
77 136 3
78 136 3
79 136 3
81 139 3
82 140 3
95 153 3
96 154 3
96 155 3
97 155 3
98 156 3
99 157 3
100 158 3
101 159 3
105 164 3
106 164 3
169 170 1
113 171 3
114 172 3
114 173 3
118 119 3
61 120 3
123 124 3
128 129 3
73 131 3
133 134 3
80 137 3
80 139 3
139 140 3
140 141 3
141 142 3
144 145 3
90 206 3
92 150 3
152 153 3
153 154 3
155 156 3
98 157 3
157 158 3
158 159 3
168 169 3
171 172 3
172 173 3
119 120 3
126 127 3
130 131 3
131 132 3
79 137 3
91 150 3
93 150 3
102 159 3
167 168 3
170 171 0
170 228 3
171 228 1
116 117 3
120 121 3
124 125 3
127 128 3
117 118 3
121 122 3
129 130 3
135 136 3
137 139 3
93 208 3
152 209 3
154 155 3
156 157 3
105 163 3
136 137 3
206 264 3
150 208 3
93 209 3
162 163 3
91 206 3
102 162 3
122 123 3
208 209 3
163 164 1
165 166 0
102 160 3
137 196 3
145 204 3
102 219 3
164 165 3
139 196 3
91 207 3
150 207 3
162 219 3
206 207 3
159 160 3
139 198 3
140 198 3
146 204 3
160 219 3
166 224 1
128 186 3
129 186 3
129 187 3
130 187 3
156 214 3
165 224 3
118 176 3
119 176 3
126 184 3
127 186 3
135 193 3
157 214 3
119 178 3
120 178 3
121 179 3
125 183 3
126 183 3
127 184 3
134 193 3
167 225 1
168 225 1
145 203 3
207 208 3
164 222 3
165 222 3
169 227 1
170 227 3
117 175 3
118 175 3
122 179 3
122 180 3
124 183 3
127 185 3
130 188 3
132 190 3
133 190 3
136 193 3
139 197 3
197 198 3
141 199 3
142 199 3
144 203 3
152 211 3
153 211 3
159 218 3
160 218 3
168 226 1
116 174 3
116 175 3
119 177 3
120 179 3
123 180 3
185 186 3
131 188 3
131 189 3
131 190 3
133 191 3
134 191 3
134 192 3
136 195 3
137 195 3
142 200 3
154 213 3
155 213 3
157 215 3
158 216 3
159 216 3
159 217 3
217 218 3
162 220 3
162 221 1
163 221 1
166 225 1
225 226 3
171 229 2
172 229 2
172 230 1
173 230 1
177 178 3
179 180 3
124 182 3
188 189 3
190 191 3
196 197 3
199 200 3
142 201 3
143 201 3
144 201 3
154 211 3
213 214 3
214 215 3
215 216 3
219 220 3
220 221 1
164 221 3
227 228 3
228 229 0
229 230 1
174 175 3
176 177 3
178 179 3
123 182 3
183 184 3
184 185 3
186 187 3
187 188 3
189 190 3
192 193 3
216 217 3
224 225 3
226 227 3
175 176 3
191 192 3
193 253 3
136 253 3
195 196 3
203 204 3
209 211 3
154 212 3
182 183 3
195 253 3
211 212 3
212 213 3
221 278 0
123 181 3
218 219 3
221 222 3
173 231 1
180 181 3
141 198 3
200 201 3
220 278 3
222 224 3
230 231 3
182 241 3
183 241 3
198 199 3
204 205 3
181 182 3
224 281 3
201 203 3
216 275 3
217 275 3
222 281 3
201 258 3
200 258 3
205 262 3
204 262 3
222 280 3
208 266 3
209 266 3
215 273 3
216 273 3
219 277 3
225 283 3
226 283 3
181 239 3
182 239 3
187 245 3
207 265 3
220 277 3
230 287 3
186 245 3
208 265 3
211 269 3
218 275 3
221 280 3
227 285 3
229 287 2
175 234 3
176 234 3
177 236 3
178 236 3
191 250 3
192 250 3
193 251 3
198 257 3
199 257 3
201 259 3
203 261 3
209 269 3
212 269 3
212 270 3
213 270 3
280 281 3
224 282 3
225 282 3
226 285 3
174 234 3
177 234 3
178 237 3
179 237 3
180 239 3
182 240 3
240 241 3
189 248 3
190 248 3
251 253 3
196 255 3
197 255 3
258 259 3
201 261 3
262 264 3
213 271 3
228 285 3
228 287 3
180 238 3
239 240 3
184 242 3
185 243 3
186 244 3
188 246 3
189 247 3
191 249 3
192 251 3
198 256 3
206 265 3
209 267 3
214 272 3
218 276 3
282 283 3
226 284 3
228 286 3
230 288 3
231 289 2
174 232 3
177 235 3
237 238 3
238 239 3
242 243 3
243 244 3
244 245 3
187 246 3
246 247 3
247 248 3
191 248 3
249 250 3
256 257 3
257 258 3
201 318 3
265 266 3
266 267 3
267 269 3
271 272 3
272 273 3
275 276 3
276 277 3
277 278 3
284 285 3
285 286 3
287 288 3
288 289 0
235 236 3
183 242 3
245 246 3
250 251 3
261 318 3
269 270 3
232 234 3
234 235 3
236 237 3
196 253 3
216 332 3
253 255 3
259 318 3
203 262 3
270 271 3
273 332 3
275 332 3
283 284 3
286 287 3
198 255 3
278 280 1
281 282 3
261 262 3
233 234 3
255 256 3
232 233 3
255 312 3
264 265 3
248 249 3
255 313 3
312 313 3
262 321 3
267 326 3
269 326 3
253 311 3
255 311 3
264 321 3
241 242 3
251 310 3
253 310 3
278 337 3
242 300 3
280 337 3
287 346 3
288 346 3
233 291 3
275 333 3
232 291 3
236 295 3
237 295 3
241 300 3
247 305 3
265 323 3
276 333 3
284 343 3
285 343 3
234 292 3
246 305 3
311 312 3
266 323 3
332 333 3
281 339 3
235 292 3
256 314 3
266 324 3
280 339 3
282 340 3
233 292 3
238 296 3
241 299 3
243 301 3
249 307 3
255 314 3
259 317 3
264 322 3
267 324 3
283 340 3
283 341 3
235 294 3
236 294 3
237 296 3
239 296 3
240 298 3
240 299 3
299 300 3
242 301 3
250 307 3
313 314 3
256 315 3
257 315 3
259 316 3
317 318 3
261 319 3
265 322 3
277 335 3
281 340 3
284 341 3
288 347 3
289 347 1
232 290 3
239 298 3
244 302 3
245 303 3
248 305 3
248 306 3
249 306 3
250 308 3
251 309 3
258 316 3
267 325 3
269 327 3
270 328 3
271 329 3
272 329 3
272 330 3
273 331 3
276 334 3
278 335 3
280 338 3
340 341 3
286 344 3
287 345 3
290 291 3
235 293 3
239 297 3
298 299 3
300 301 3
301 302 3
302 303 3
246 303 3
305 306 3
308 309 3
309 310 3
315 316 3
323 324 3
324 325 3
325 326 3
327 328 3
328 329 3
330 331 3
331 332 3
333 334 3
334 335 3
278 394 3
338 339 3
339 340 3
286 343 3
344 345 3
345 346 3
346 347 3
294 295 3
296 297 3
310 311 3
314 315 3
326 327 3
329 330 3
337 394 3
291 292 3
292 293 3
293 294 3
316 317 3
337 338 3
343 344 3
306 307 3
307 308 3
322 323 3
335 394 3
295 296 3
262 319 3
284 342 3
297 298 3
303 305 3
303 362 3
305 364 3
305 362 3
306 364 3
341 342 3
342 343 3
318 319 3
310 368 3
321 322 3
309 368 3
301 360 3
302 360 3
292 351 3
293 351 3
296 354 3
299 357 3
300 357 3
340 399 3
341 399 3
294 352 3
297 354 3
319 321 3
337 395 3
338 395 3
345 403 3
346 403 3
291 349 3
292 349 3
307 365 3
307 366 3
308 366 3
315 373 3
316 373 3
316 374 3
332 390 3
334 392 3
339 397 3
340 398 3
342 399 3
343 401 3
344 401 3
344 403 3
346 404 3
347 404 3
295 352 3
297 355 3
298 355 3
298 357 3
306 365 3
311 369 3
317 374 3
321 378 3
321 379 3
323 381 3
324 381 3
325 383 3
326 383 3
326 385 3
327 385 3
331 390 3
333 390 3
335 392 3
335 393 3
340 397 3
398 399 3
342 400 3
290 348 3
291 348 3
292 350 3
294 351 3
295 354 3
354 355 3
298 356 3
300 358 3
301 359 3
359 360 3
309 367 3
310 369 3
312 370 3
313 371 3
314 372 3
319 377 3
319 378 3
378 379 3
322 379 3
324 382 3
327 386 3
328 386 3
329 387 3
330 388 3
331 388 3
331 389 3
333 391 3
393 394 3
338 396 3
399 400 3
343 400 3
350 351 3
356 357 3
357 358 3
358 359 3
302 361 3
303 361 3
308 367 3
367 368 3
369 370 3
370 371 3
371 372 3
372 373 3
373 374 3
318 377 3
377 378 3
381 382 3
382 383 3
329 386 3
387 388 3
390 391 3
391 392 3
392 393 3
394 395 3
339 396 3
403 404 3
349 350 3
351 352 3
361 362 3
317 434 3
318 434 3
322 380 3
386 387 3
395 396 3
397 398 3
348 349 3
355 356 3
360 361 3
365 366 3
366 367 3
373 431 3
380 381 3
344 402 3
368 369 3
374 434 3
379 380 3
389 390 3
396 397 3
401 402 3
402 403 3
364 365 3
379 436 3
388 389 3
347 405 3
383 385 3
385 386 3
400 401 3
404 405 3
377 434 3
352 354 3
305 421 3
362 421 3
354 411 3
364 421 3
374 432 3
377 435 3
352 411 3
401 459 3
402 459 3
378 436 3
393 452 3
394 452 3
360 418 3
372 431 3
385 443 3
349 407 3
361 418 3
371 429 3
372 429 3
380 436 3
386 443 3
403 461 3
355 413 3
367 426 3
368 426 3
432 434 3
434 435 3
435 436 3
394 453 3
402 461 3
404 462 3
348 407 3
354 413 3
356 414 3
357 415 3
358 415 3
366 425 3
367 425 3
432 433 3
433 434 3
381 440 3
382 440 3
388 446 3
389 447 3
395 453 3
405 462 3
350 407 3
355 414 3
369 427 3
370 427 3
385 442 3
387 445 3
387 446 3
452 453 3
400 458 3
348 406 3
406 407 3
350 408 3
351 409 3
352 410 3
354 412 3
358 474 3
359 417 3
361 420 3
362 420 3
364 422 3
364 423 3
365 423 3
366 424 3
369 426 3
370 428 3
372 430 3
380 438 3
381 439 3
383 442 3
442 443 3
386 444 3
386 445 3
390 447 3
390 448 3
391 449 3
392 450 3
393 451 3
396 454 3
397 455 3
398 456 3
399 457 3
401 458 3
403 462 3
407 408 3
408 409 3
409 410 3
411 412 3
412 413 3
414 415 3
358 417 3
359 418 3
420 421 3
422 423 3
423 424 3
425 426 3
426 427 3
428 429 3
429 430 3
430 431 3
373 432 3
438 439 3
383 440 3
446 447 3
447 448 3
448 449 3
449 450 3
450 451 3
451 452 3
453 454 3
454 455 3
455 456 3
456 457 3
400 457 3
402 460 3
405 463 3
417 418 3
427 428 3
431 432 3
436 438 3
439 440 3
445 446 3
458 459 3
459 460 3
460 461 3
462 463 3
413 414 3
424 425 3
443 444 3
457 458 3
461 462 3
410 411 3
383 500 3
444 445 3
415 474 3
361 477 3
421 422 3
442 500 3
418 477 3
436 437 3
420 477 3
437 438 3
440 500 3
440 499 3
499 500 3
444 502 3
453 511 3
454 511 3
417 474 3
422 481 3
423 481 3
415 473 3
420 479 3
421 479 3
446 505 3
447 505 3
409 467 3
410 467 3
473 474 3
458 516 3
411 469 3
412 470 3
422 479 3
445 503 3
451 509 3
452 509 3
459 516 3
412 469 3
444 503 3
446 503 3
456 514 3
412 471 3
413 471 3
425 484 3
431 489 3
433 491 3
439 497 3
443 501 3
455 514 3
459 518 3
460 518 3
460 519 3
461 519 3
407 465 3
408 467 3
424 481 3
426 484 3
427 485 3
428 487 3
429 487 3
432 489 3
434 491 3
438 497 3
440 498 3
444 501 3
457 516 3
462 520 3
406 464 3
408 466 3
410 469 3
414 472 3
417 475 3
418 476 3
424 482 3
424 483 3
425 483 3
426 485 3
428 485 3
429 488 3
430 488 3
432 490 3
432 491 3
435 493 3
436 493 2
436 494 2
498 499 3
443 500 3
502 503 3
448 505 3
448 506 3
449 507 3
450 508 3
454 512 3
455 513 3
459 517 3
461 520 3
463 520 3
406 465 3
465 466 3
471 472 3
472 473 3
475 476 3
481 482 3
483 484 3
431 488 3
434 492 3
437 494 3
438 496 3
497 498 3
501 502 3
505 506 3
506 507 3
507 508 3
508 509 3
511 512 3
512 513 3
457 514 3
457 515 3
517 518 3
518 519 3
464 465 3
466 467 3
467 468 3
410 468 3
474 475 3
422 480 3
488 489 3
491 492 3
435 492 3
513 514 3
463 521 3
470 471 3
479 480 3
480 481 3
482 483 3
484 485 3
487 488 3
489 490 3
490 491 3
493 494 3
446 504 3
514 515 3
516 517 3
519 520 3
520 521 3
469 470 3
437 496 3
503 504 3
504 505 3
515 516 3
437 495 3
452 568 3
452 511 3
468 469 3
477 479 3
492 493 3
495 496 3
500 501 3
509 568 3
476 477 3
494 495 3
511 568 3
496 497 3
485 487 3
512 570 3
513 570 3
479 536 3
479 537 3
517 575 3
536 537 3
488 546 2
489 547 3
518 575 3
472 529 3
477 536 3
482 484 3
487 546 3
546 547 3
513 571 3
469 527 3
477 535 3
487 545 3
490 549 3
491 549 2
493 551 3
500 558 3
514 571 3
516 574 3
519 577 3
519 578 3
467 525 3
468 527 3
471 529 3
474 532 3
481 484 3
485 545 3
490 547 3
492 549 2
494 551 3
495 554 2
496 554 2
496 555 2
497 555 2
501 558 3
505 563 3
506 563 3
515 574 3
518 577 3
520 578 3
464 522 3
465 522 3
466 525 3
473 532 3
475 533 3
535 536 3
492 550 2
502 560 3
503 561 3
504 562 3
505 562 3
577 578 3
468 525 3
474 533 3
476 533 3
476 534 3
549 550 3
493 550 3
495 553 2
554 555 3
560 561 3
503 562 3
521 578 3
465 523 3
468 526 3
470 528 3
472 530 3
532 533 3
477 534 3
545 546 3
494 552 3
494 553 3
553 554 3
498 556 2
499 556 2
499 558 3
501 559 3
561 562 3
506 564 3
507 565 3
508 565 3
508 566 3
511 569 3
570 571 3
514 572 3
515 573 3
521 579 3
466 523 3
466 524 3
525 526 3
527 528 3
529 530 3
473 530 3
473 531 3
480 537 3
480 484 3
485 543 1
543 545 3
490 548 3
548 549 3
550 551 3
551 552 3
497 556 2
558 559 3
502 559 3
506 565 3
509 566 3
509 567 3
571 572 3
572 573 3
516 575 3
578 579 3
522 523 3
523 524 3
528 529 3
530 531 3
531 532 3
533 534 3
534 535 3
484 542 1
485 542 1
562 563 3
564 565 3
511 570 3
526 527 3
542 543 3
547 548 3
555 556 3
556 558 3
559 560 3
563 564 3
567 568 3
569 570 3
524 525 3
484 538 1
566 567 3
484 541 1
565 566 3
568 569 3
573 574 3
574 575 3
575 576 3
518 576 3
480 538 1
484 540 1
541 542 3
552 553 3
556 615 3
537 538 1
484 539 1
538 539 3
539 540 3
540 541 3
558 615 2
537 595 1
538 595 3
543 602 3
545 602 3
569 627 3
576 577 3
577 635 3
533 591 1
566 624 3
567 624 3
570 627 3
578 635 3
534 592 1
536 595 1
567 625 1
578 636 3
579 636 3
522 580 3
532 591 1
535 592 1
535 594 1
536 594 1
540 598 3
575 633 3
576 633 3
576 635 3
523 580 3
527 585 3
528 585 3
591 592 3
593 594 3
594 595 3
550 608 3
551 608 3
551 609 3
552 609 3
562 620 3
574 632 3
592 594 3
541 599 3
542 599 3
546 604 3
546 605 3
547 605 3
548 605 3
548 606 3
549 665 3
549 608 3
554 612 3
555 612 3
558 616 2
561 619 3
562 619 3
563 622 3
564 622 3
565 622 3
627 628 3
570 628 3
575 632 3
523 581 3
524 582 3
524 583 3
525 583 3
525 584 3
526 584 3
532 590 1
592 593 3
538 596 3
539 597 3
539 598 3
606 665 3
608 609 3
552 610 3
553 610 3
555 613 3
556 614 3
615 616 3
560 619 3
619 620 3
563 620 3
563 621 3
565 623 3
571 629 3
572 630 3
573 631 3
574 631 3
580 581 3
523 582 3
584 585 3
530 588 1
595 596 3
545 661 2
604 605 3
605 606 3
608 665 3
609 610 3
553 612 3
612 613 3
613 614 3
559 616 2
621 622 3
624 625 1
629 630 3
630 631 3
632 633 3
635 636 3
579 637 3
581 582 3
529 588 1
531 590 1
590 591 3
597 598 3
541 598 3
604 661 3
614 615 3
559 617 2
560 617 2
620 621 3
568 625 1
570 629 3
631 632 3
636 637 3
582 583 3
583 584 3
531 588 1
538 597 3
543 601 3
602 661 3
553 670 3
616 617 3
622 623 3
569 625 1
601 602 3
612 670 3
565 624 3
531 589 1
589 590 3
596 597 3
610 670 3
617 619 3
623 624 3
599 659 3
542 659 2
529 587 1
588 589 3
598 599 3
628 629 3
587 588 3
542 601 3
528 587 1
585 587 1
601 659 3
619 676 2
585 644 1
669 670 3
617 676 3
625 627 3
585 643 1
576 692 3
584 643 1
587 644 3
623 681 3
624 681 3
633 692 3
635 692 3
583 642 1
584 642 1
610 669 3
627 685 3
642 643 3
625 685 3
643 644 3
594 652 3
619 677 2
635 693 3
592 650 3
593 652 3
599 657 3
614 672 3
676 677 3
692 693 3
587 645 3
588 645 3
593 650 3
598 657 3
657 659 3
658 659 3
613 672 3
636 695 3
637 695 3
583 641 1
641 642 3
591 650 3
598 656 3
602 660 3
609 667 3
620 677 2
627 686 3
628 686 3
631 689 3
632 689 3
582 640 1
583 640 1
656 657 3
657 658 3
601 660 3
660 661 3
605 663 3
608 667 3
615 673 3
616 675 3
617 675 3
621 679 3
629 686 3
632 690 3
633 690 3
591 707 3
604 662 3
606 663 3
608 666 3
613 671 3
620 678 2
620 679 3
622 679 3
622 680 3
629 687 3
630 688 3
636 693 3
636 694 3
580 638 1
581 638 1
581 640 1
640 641 3
595 652 3
597 656 3
661 662 3
605 662 3
666 667 3
610 667 3
612 671 3
672 673 3
675 676 3
677 678 3
680 681 3
625 681 0
686 687 3
629 688 3
688 689 3
693 694 3
581 639 1
590 707 3
650 651 3
593 651 3
606 664 3
610 668 3
671 672 3
616 673 3
679 680 3
689 690 3
633 691 3
694 695 3
645 647 3
588 647 3
589 647 3
590 648 3
659 660 3
665 666 3
667 668 3
670 671 3
673 675 3
690 691 3
691 692 3
639 640 2
644 645 3
590 647 3
650 707 3
651 652 3
596 652 3
597 713 2
662 663 3
664 665 3
678 679 3
638 639 0
648 707 3
656 713 3
663 664 3
668 669 3
647 648 3
685 686 3
625 740 0
596 654 3
597 654 3
681 740 3
654 713 3
641 699 3
687 688 3
675 732 3
673 732 3
625 742 3
645 703 3
685 742 3
645 704 3
596 711 2
703 704 3
647 704 3
652 711 2
654 711 3
640 698 3
693 751 3
644 701 3
679 737 2
740 742 3
692 751 3
639 698 2
640 699 3
645 701 3
652 710 3
662 720 3
664 722 3
732 733 3
675 733 3
678 737 3
692 750 3
694 752 3
698 699 3
643 701 3
710 711 3
663 722 3
671 730 3
750 751 3
647 705 3
648 705 3
656 714 3
657 715 3
658 716 3
659 716 3
663 720 3
665 722 3
665 723 3
666 723 3
670 729 3
671 729 3
672 730 3
676 734 3
642 700 3
713 714 3
657 714 3
659 718 3
660 718 3
661 719 3
661 720 3
720 721 3
663 721 3
667 725 3
668 726 3
675 734 3
677 734 3
677 735 3
679 738 2
680 738 2
681 738 2
686 744 3
687 744 3
689 747 3
695 753 3
638 696 3
639 697 0
643 700 3
701 703 3
654 712 3
660 719 3
721 722 3
666 725 3
667 726 3
669 727 3
670 728 3
673 730 3
733 734 3
734 735 3
685 743 3
687 745 3
688 746 3
690 747 3
691 749 3
692 749 3
694 751 3
694 753 3
696 697 0
697 698 1
700 701 3
711 712 3
712 713 3
714 715 3
657 716 3
719 720 3
722 723 3
666 724 3
726 727 3
727 728 3
673 731 3
737 738 3
742 743 3
743 744 3
687 746 3
746 747 3
690 748 3
690 749 3
641 700 3
651 710 3
723 724 3
724 725 3
729 730 3
730 731 3
745 746 3
747 748 3
749 750 3
699 700 3
651 709 3
715 716 3
716 718 3
725 726 3
748 749 3
751 752 3
752 753 3
704 705 3
648 706 3
709 710 3
678 735 3
738 740 2
705 706 3
706 707 3
718 719 3
728 729 3
744 745 3
651 707 3
731 732 3
735 737 3
707 709 3
707 766 3
709 766 3
716 775 3
718 775 3
718 776 3
733 791 3
735 794 3
737 794 3
738 797 3
738 798 3
740 798 2
719 776 3
731 789 3
732 789 3
737 797 3
707 765 3
734 791 3
734 793 3
735 793 3
745 803 3
750 808 3
765 766 3
714 772 3
714 773 3
744 803 3
751 808 3
699 756 3
701 760 3
706 765 3
715 773 3
720 778 3
732 790 3
748 806 3
749 806 3
697 755 2
698 756 3
711 768 3
712 770 3
713 771 3
714 771 3
721 778 3
721 780 3
722 780 3
724 782 3
728 786 3
730 788 3
789 790 3
742 798 2
744 802 3
753 811 3
697 756 2
699 757 3
703 760 3
709 768 3
710 768 3
711 770 3
772 773 3
721 779 3
725 783 3
727 785 3
729 786 3
729 788 3
734 792 3
797 798 3
742 799 2
746 804 3
747 804 3
752 811 3
696 754 3
756 757 3
703 761 3
704 761 3
711 769 3
712 771 3
716 773 3
716 774 3
774 775 3
719 777 3
724 783 3
726 783 3
726 784 3
729 787 3
732 791 3
792 793 3
793 794 3
737 795 3
743 801 3
743 802 3
802 803 3
745 804 3
749 807 3
751 809 3
752 810 3
754 755 3
755 756 3
706 764 3
764 765 3
709 767 3
768 769 3
769 770 3
775 776 3
776 777 3
720 777 3
723 780 3
723 781 3
724 781 3
783 784 3
726 785 3
785 786 3
786 787 3
731 788 3
790 791 3
791 792 3
742 801 3
806 807 3
807 808 3
809 810 3
705 763 3
706 763 3
766 767 3
767 768 3
771 772 3
773 774 3
777 778 3
778 779 3
779 780 3
780 781 3
787 788 3
798 799 3
770 771 3
782 783 3
788 789 3
794 795 3
801 802 3
810 811 3
763 764 3
784 785 3
808 809 3
700 759 3
701 759 3
795 797 3
799 801 3
803 804 3
759 760 3
760 761 3
705 761 3
781 782 3
804 805 3
747 805 3
747 806 3
761 820 3
705 820 2
700 757 3
763 820 3
805 806 3
757 759 3
798 856 3
805 863 3
806 863 3
766 825 3
767 825 3
799 858 3
801 858 2
756 814 3
755 814 3
761 819 3
764 822 3
769 828 3
770 828 3
772 830 3
787 846 3
788 846 3
757 816 3
759 816 3
760 819 3
819 820 3
763 822 3
765 822 3
777 835 3
780 838 3
789 846 3
767 826 3
768 826 3
771 830 3
781 838 3
781 839 3
783 842 3
784 842 3
795 853 3
797 856 3
803 860 2
810 868 3
757 815 3
763 821 3
769 826 3
782 839 3
789 848 3
790 848 3
791 849 3
792 851 3
793 851 3
793 852 3
794 852 3
858 860 3
802 860 2
806 865 3
807 865 3
809 868 3
811 869 3
754 812 3
755 813 3
756 815 3
820 821 3
821 822 3
766 824 3
769 827 3
771 829 3
773 831 3
774 832 3
775 833 3
776 834 3
776 835 3
778 836 3
779 837 3
782 841 3
783 841 3
785 843 3
786 844 3
787 844 3
787 845 3
790 849 3
792 850 3
801 860 3
803 862 3
804 862 3
805 862 3
808 866 3
809 867 3
810 869 3
812 813 3
813 814 3
815 816 3
765 824 3
827 828 3
828 829 3
829 830 3
774 831 3
832 833 3
833 834 3
834 835 3
778 835 3
836 837 3
837 838 3
838 839 3
842 843 3
843 844 3
848 849 3
849 850 3
851 852 3
795 854 3
865 866 3
866 867 3
868 869 3
825 826 3
826 827 3
830 831 3
841 842 3
794 853 3
853 854 3
797 854 3
814 815 3
759 817 3
760 817 3
824 825 3
831 832 3
850 851 3
852 853 3
867 868 3
817 819 3
835 836 3
845 846 3
789 905 3
856 858 3
844 845 3
846 905 3
848 905 3
863 865 3
839 841 3
862 863 3
822 824 3
816 817 3
854 856 3
860 919 3
860 862 3
822 881 3
862 919 2
824 881 3
856 914 3
860 918 3
814 873 3
815 873 3
858 918 3
856 913 3
817 876 3
819 876 3
854 913 3
862 921 3
863 921 3
819 877 3
839 898 3
841 898 3
849 909 3
850 909 3
913 914 3
919 921 3
865 923 2
816 873 3
858 915 3
816 874 3
817 874 3
820 877 3
838 897 3
839 897 3
863 923 3
876 877 3
825 883 3
833 892 3
834 892 3
856 915 3
863 980 2
826 883 3
829 888 3
830 888 3
843 901 3
920 921 3
923 980 3
873 874 3
817 875 3
820 878 3
821 878 3
821 879 3
822 879 3
824 883 3
826 884 3
827 884 3
831 888 3
842 901 3
844 903 3
845 903 3
905 906 3
848 906 3
851 909 3
853 912 3
854 912 3
914 915 3
918 919 3
919 920 3
866 924 3
867 924 3
868 926 3
868 927 3
869 927 3
822 880 3
824 882 3
827 886 3
828 886 3
829 887 3
831 889 3
832 889 3
835 893 3
836 894 3
836 895 3
837 895 3
841 899 3
843 902 3
844 902 3
846 903 3
849 907 3
907 909 3
852 911 3
853 911 3
858 916 3
867 926 3
877 878 3
878 879 3
879 880 3
880 881 3
882 883 3
828 887 3
832 890 3
832 891 3
833 891 3
892 893 3
893 894 3
898 899 3
842 899 3
849 906 3
921 980 3
926 927 3
813 871 3
814 871 3
875 876 3
881 882 3
887 888 3
889 890 3
890 891 3
891 892 3
894 895 3
897 898 3
902 903 3
851 910 3
852 910 3
911 912 3
865 924 3
867 925 2
871 873 3
883 884 3
884 886 3
901 902 3
910 911 3
915 916 3
923 924 3
888 889 3
838 895 3
906 907 3
912 913 3
916 918 3
924 925 3
925 926 3
886 887 3
838 954 3
918 975 3
812 871 3
874 875 3
895 954 3
897 954 3
877 935 3
903 905 3
909 910 3
876 935 3
842 958 3
901 958 3
916 975 3
921 979 3
812 928 3
871 928 3
899 958 3
903 962 3
905 962 3
886 943 3
920 979 3
924 982 3
873 930 3
884 943 3
909 966 3
979 980 3
925 982 3
871 930 3
907 966 3
915 973 3
923 981 3
923 982 3
911 969 3
981 982 3
873 931 3
874 931 3
881 939 3
883 941 3
888 946 3
891 949 3
897 955 3
902 960 3
912 970 3
915 974 3
916 974 3
880 939 3
884 941 3
892 949 3
894 952 3
898 955 3
901 960 3
905 963 3
906 963 3
909 967 3
910 969 3
911 970 3
914 972 3
915 972 3
973 974 3
974 975 3
918 977 3
878 936 3
879 936 3
881 940 3
882 940 3
887 945 3
888 945 3
889 946 3
895 952 3
919 977 3
920 978 3
871 929 3
874 932 3
875 933 3
875 934 3
876 934 3
877 936 3
879 937 3
880 937 3
884 942 3
886 944 3
889 947 3
890 948 3
892 950 3
893 950 3
893 951 3
895 953 3
954 955 3
898 956 3
899 957 3
901 959 3
903 961 3
906 964 3
907 965 3
913 970 3
919 978 3
928 929 3
929 930 3
931 932 3
932 933 3
939 940 3
941 942 3
942 943 3
887 944 3
946 947 3
947 948 3
948 949 3
949 950 3
951 952 3
955 956 3
956 957 3
958 959 3
959 960 3
960 961 3
961 962 3
962 963 3
964 965 3
965 966 3
910 967 3
975 977 3
978 979 3
926 984 2
927 984 2
930 931 3
934 935 3
935 936 3
936 937 3
883 940 3
943 944 3
945 946 3
950 951 3
952 953 3
953 954 3
957 958 3
963 964 3
966 967 3
913 971 3
914 971 3
980 981 3
925 984 3
972 973 3
933 934 3
940 941 3
944 945 3
970 971 3
971 972 3
977 978 3
969 970 3
967 969 3
937 939 3
982 984 3
974 1032 3
969 1026 3
975 1032 3
967 1026 3
975 1034 3
977 1034 3
972 1031 3
973 1031 3
973 1032 3
982 1041 3
984 1041 3
937 996 3
939 996 3
939 997 3
967 1025 3
984 1043 3
940 997 3
966 1025 3
934 993 3
935 993 3
954 1012 3
955 1012 3
966 1024 3
969 1027 3
972 1030 3
930 988 3
933 992 3
936 994 3
940 998 3
941 1000 3
942 1000 3
945 1002 3
950 1009 3
956 1014 3
957 1014 3
964 1022 3
965 1024 3
970 1027 3
971 1028 3
975 1033 3
980 1037 3
981 1039 3
931 988 3
934 992 3
935 994 3
996 997 3
941 998 3
944 1002 3
947 1006 3
948 1006 3
951 1009 3
953 1012 3
955 1014 3
959 1017 3
960 1018 3
963 1022 3
965 1022 3
1025 1026 3
1026 1027 3
970 1028 3
1030 1031 3
1032 1033 3
977 1035 3
978 1035 3
979 1037 3
980 1039 3
928 986 3
929 987 3
931 990 3
932 990 3
933 990 3
937 994 3
937 995 3
943 1001 3
945 1003 3
946 1004 3
947 1005 3
949 1007 3
950 1008 3
952 1010 3
955 1013 3
957 1015 3
958 1016 3
958 1017 3
959 1018 3
961 1020 3
962 1020 3
963 1021 3
980 1038 3
982 1039 3
982 1040 3
986 987 3
987 988 3
994 995 3
943 1000 3
1001 1002 3
1003 1004 3
1004 1005 3
1005 1006 3
1006 1007 3
1007 1008 3
1008 1009 3
1009 1010 3
953 1011 3
1012 1013 3
1013 1014 3
1015 1016 3
961 1018 3
1020 1021 3
1021 1022 3
1027 1028 3
1031 1032 3
1033 1034 3
1034 1035 3
978 1036 3
1037 1038 3
995 996 3
997 998 3
1000 1001 3
1002 1003 3
952 1011 3
1011 1012 3
1016 1017 3
979 1036 3
1040 1041 3
1010 1011 3
1014 1015 3
1017 1018 3
1024 1025 3
1035 1036 3
1036 1037 3
1039 1040 3
990 992 3
992 993 3
993 994 3
1018 1020 3
972 1028 3
1038 1039 3
1028 1030 3
998 1000 3
