0 1 1
1 2 3
2 3 3
3 4 3
4 5 3
5 6 0
6 65 0
8 65 0
8 9 2
9 10 3
10 11 0
11 70 2
12 70 3
12 13 0
13 70 1
13 14 3
14 15 3
15 16 3
16 17 0
17 18 3
18 19 3
19 20 3
20 21 3
21 22 3
22 23 3
23 24 3
24 25 3
25 26 1
26 27 3
27 28 3
28 29 3
29 30 3
30 31 3
31 33 3
33 34 3
34 35 1
35 36 0
36 37 1
37 38 3
38 39 0
39 40 3
40 41 1
41 42 3
42 43 3
43 44 3
44 45 3
45 46 3
46 47 3
47 48 3
48 49 3
49 50 3
50 51 3
51 52 3
52 53 3
53 54 3
54 55 3
55 56 3
56 57 3
31 32 3
32 33 3
21 78 3
20 78 3
33 149 3
35 93 0
37 95 0
2 60 3
9 67 0
34 149 3
1 60 3
32 149 3
34 93 3
41 99 0
42 99 0
25 83 3
32 90 3
8 67 0
26 84 3
34 92 3
49 107 3
92 149 3
50 107 3
0 60 1
3 61 3
10 68 3
11 69 3
18 76 3
22 80 3
53 111 3
9 68 3
69 70 3
18 75 3
19 76 3
25 84 3
26 85 3
27 85 3
30 88 3
36 95 3
38 96 0
50 108 3
52 111 3
54 111 3
56 114 3
3 62 3
4 62 3
67 68 1
15 73 3
17 75 3
24 82 3
25 82 3
83 84 3
28 86 3
29 86 3
29 88 3
39 96 3
45 102 3
47 105 3
48 105 3
107 108 3
54 112 3
55 113 3
56 113 3
2 61 3
61 62 3
5 63 0
6 64 3
16 74 3
75 76 3
82 83 3
84 85 3
31 88 3
90 149 3
36 93 3
36 94 3
37 96 0
39 97 3
40 97 3
44 102 3
48 107 3
52 110 3
55 112 3
57 114 3
60 61 3
64 65 3
65 66 1
8 66 3
14 73 1
15 74 3
17 74 3
19 77 3
23 80 3
23 81 3
23 82 3
28 85 3
29 87 3
31 90 3
40 98 3
41 98 0
42 100 3
43 100 3
43 101 3
45 103 3
46 105 3
51 108 3
0 58 3
6 63 2
68 69 0
13 71 3
14 72 3
20 77 3
22 78 3
80 81 3
86 87 3
87 88 3
31 89 3
94 95 3
95 96 1
96 97 3
98 99 3
99 100 1
101 102 3
105 107 3
113 114 3
70 71 0
14 71 3
78 137 3
81 82 3
85 86 3
88 89 3
89 90 3
90 91 3
91 149 3
92 93 3
97 98 3
46 103 3
110 111 3
111 112 3
112 113 3
63 64 3
66 67 0
70 128 3
74 75 3
76 77 3
22 137 3
102 103 3
62 63 0
5 62 3
71 128 1
71 72 3
72 73 1
100 101 3
51 109 3
51 110 3
109 110 3
0 59 1
58 59 1
59 60 3
77 78 3
114 115 3
57 115 3
80 137 3
103 105 3
73 74 3
108 109 3
105 162 3
58 116 3
103 162 3
93 94 3
111 170 3
112 170 3
81 139 3
82 139 3
85 142 3
84 142 3
105 164 3
59 117 0
66 124 3
74 132 3
77 135 3
80 138 3
87 145 3
88 146 3
101 159 3
107 164 3
58 117 3
60 118 0
61 118 0
65 124 2
78 135 3
137 138 3
93 152 3
94 152 3
95 153 1
102 159 3
112 171 3
62 120 0
63 121 3
64 121 3
69 128 3
73 132 3
76 134 3
76 135 3
78 136 3
82 199 1
83 199 3
83 142 3
86 145 3
87 146 3
90 148 3
94 153 1
97 155 3
103 161 3
107 166 2
170 171 3
113 171 3
63 120 3
64 122 3
66 125 0
67 125 3
75 133 3
135 136 3
89 146 3
89 148 3
92 151 3
93 151 3
95 154 1
96 154 3
96 155 3
102 160 3
108 166 3
113 172 3
114 172 3
116 117 3
61 120 0
121 122 3
65 181 3
68 126 3
72 130 3
74 133 3
75 134 3
134 135 3
142 199 3
85 143 3
89 147 3
151 152 3
98 156 3
99 157 3
100 158 3
103 160 3
109 166 3
60 117 0
118 120 3
124 181 2
125 126 1
71 129 3
71 130 3
80 139 3
142 143 3
153 154 3
154 155 3
155 156 3
156 157 3
157 158 1
158 159 3
160 161 3
115 172 3
120 121 3
65 122 3
66 183 2
128 129 0
132 133 3
138 139 3
145 146 3
146 147 3
152 153 1
159 160 3
107 224 2
171 172 3
122 181 3
125 183 2
147 148 3
162 164 3
166 224 3
117 118 3
124 183 2
69 126 1
73 130 0
149 151 3
111 168 3
129 130 3
82 198 1
85 145 3
168 170 2
132 189 3
139 198 2
198 199 2
91 148 3
110 168 3
117 174 3
73 189 0
133 134 3
143 145 3
116 174 3
118 177 3
120 177 3
69 185 3
136 137 3
148 149 3
115 231 3
128 185 3
160 218 3
161 218 3
145 202 3
161 162 3
164 224 2
172 231 3
126 185 3
126 184 3
143 202 3
136 194 3
184 185 3
137 194 3
138 196 3
139 196 3
147 206 3
148 206 3
162 221 1
164 221 3
110 166 3
137 195 3
130 189 3
194 195 3
146 204 3
164 222 3
164 223 3
118 176 3
177 178 3
121 179 3
138 195 3
139 197 3
143 200 3
147 204 3
155 213 3
223 224 3
117 175 3
176 177 3
120 178 3
120 179 3
128 186 3
130 188 3
132 191 3
133 191 3
134 192 3
135 193 3
197 198 2
149 207 3
156 213 3
168 227 3
124 182 0
182 183 1
129 186 1
135 192 3
142 200 3
143 201 3
151 209 3
152 210 3
153 210 0
153 212 3
154 212 3
218 219 3
161 219 3
222 223 3
170 228 1
171 230 3
172 230 3
174 175 3
117 176 3
178 179 3
122 179 3
122 180 3
129 187 3
134 191 3
199 200 3
206 207 3
149 209 3
153 211 3
156 214 1
157 215 1
157 216 1
158 216 0
227 228 1
171 229 3
175 176 3
180 181 3
125 184 2
186 187 0
130 187 3
188 189 3
136 193 3
200 201 3
145 203 3
146 203 3
147 205 3
211 212 3
214 215 3
215 216 3
159 217 2
159 218 3
162 220 1
166 225 3
170 229 3
229 230 3
230 231 3
181 182 3
195 196 3
196 197 3
201 202 3
162 219 3
185 186 3
187 188 3
191 192 3
202 203 3
204 205 3
205 206 3
210 211 1
221 222 3
122 237 3
180 237 3
183 184 3
189 191 3
198 257 2
151 210 3
159 216 0
217 218 1
179 237 3
216 217 1
220 221 3
207 209 3
209 210 3
155 212 3
213 214 1
166 168 3
203 204 3
212 213 3
168 225 3
168 284 3
228 229 2
219 220 1
166 282 3
192 193 3
225 282 3
178 236 3
224 282 3
227 284 3
177 236 3
192 251 3
193 251 3
199 257 3
207 265 3
225 284 3
179 236 3
207 267 3
206 265 3
189 248 3
191 248 3
209 267 3
229 286 2
181 239 3
200 259 3
201 259 3
228 286 0
174 233 3
175 233 3
180 239 3
183 242 3
184 242 3
186 245 3
136 252 3
194 252 3
197 256 3
198 256 2
220 222 3
236 237 3
182 240 3
184 243 3
185 243 3
187 245 1
188 246 3
189 246 3
196 254 3
217 276 1
181 240 3
186 243 3
197 254 3
205 264 3
206 264 3
230 288 3
176 233 3
191 249 3
193 252 3
194 253 3
195 253 3
203 261 3
204 262 3
212 271 1
213 271 1
216 274 3
217 275 2
218 276 3
219 277 3
222 280 3
230 289 3
174 232 3
197 255 3
256 257 1
200 257 3
202 261 3
203 262 3
210 268 1
212 270 1
215 274 3
275 276 1
218 277 3
223 281 3
229 288 3
231 289 3
176 234 3
239 240 3
183 241 0
186 244 3
189 247 3
247 248 3
254 255 3
202 260 3
205 262 3
211 268 1
270 271 3
214 271 3
214 272 3
215 272 3
216 275 3
220 277 0
222 281 3
224 281 3
227 286 0
229 287 3
232 233 3
233 234 3
177 234 3
240 241 3
243 244 3
244 245 3
188 245 1
249 308 3
251 252 3
253 254 3
201 260 3
264 265 3
207 266 3
266 267 3
210 267 3
211 269 1
212 269 1
215 273 3
274 275 3
276 277 3
280 281 3
281 282 3
286 287 2
287 288 3
177 235 3
241 242 1
246 247 3
272 273 3
273 274 3
225 283 3
288 289 3
234 235 3
235 236 3
245 246 0
252 253 3
255 256 3
260 261 3
265 266 3
269 270 3
271 272 3
283 284 3
227 343 3
242 243 3
191 308 3
261 262 3
267 268 1
268 269 3
282 283 3
286 343 1
220 336 3
222 336 3
192 308 3
251 308 3
259 260 3
262 264 3
277 336 1
248 249 3
257 259 3
284 342 3
284 343 3
262 321 3
264 321 3
222 337 3
276 334 0
277 334 0
280 337 3
282 340 3
260 319 3
261 319 3
275 334 3
336 337 3
283 340 3
248 306 3
249 306 3
259 316 3
288 346 3
237 295 3
180 295 3
246 304 3
247 305 3
248 305 3
257 316 3
272 330 3
237 294 3
239 295 3
245 304 0
255 313 3
256 313 3
257 315 0
262 319 3
246 305 3
305 306 3
251 309 3
252 309 3
254 312 3
264 322 3
265 322 3
277 335 1
335 336 3
340 341 3
283 341 3
342 343 3
286 345 2
233 291 3
241 300 3
242 300 0
242 301 3
253 312 3
259 317 3
260 317 3
274 332 3
275 333 3
287 345 3
232 291 3
236 294 3
243 301 3
244 303 3
245 303 3
252 310 3
252 311 3
253 311 3
255 312 3
260 318 3
275 332 3
333 334 3
282 339 3
232 290 3
234 292 3
235 292 3
295 297 3
239 297 3
240 298 3
241 299 3
244 301 3
244 302 3
315 316 3
317 318 3
318 319 3
265 323 2
266 323 3
268 326 3
269 327 3
270 327 3
270 328 3
270 329 3
271 329 3
271 330 3
273 331 3
337 338 3
280 338 3
280 339 3
281 339 3
284 341 3
290 291 3
234 291 3
297 298 3
298 299 3
299 300 3
303 304 0
308 309 3
310 311 3
256 314 3
257 314 0
266 324 1
267 325 1
267 326 1
326 327 3
328 329 3
273 330 3
331 332 3
332 333 3
341 342 0
235 293 3
302 303 3
304 305 3
311 312 3
312 313 3
313 314 3
266 325 1
325 326 3
329 330 3
330 331 3
334 335 1
339 340 3
236 293 3
301 302 3
309 310 3
314 315 3
262 320 3
327 328 3
338 339 3
287 346 3
292 293 3
295 353 3
297 353 3
300 301 1
320 321 3
345 346 3
289 346 3
294 295 3
322 323 3
324 325 3
289 347 3
316 317 3
286 402 0
291 292 3
293 294 3
319 320 3
323 324 3
343 402 3
345 402 0
294 352 3
321 322 3
293 352 3
306 365 3
346 347 3
308 365 0
293 351 3
342 400 3
351 352 3
313 371 3
320 379 3
321 379 3
343 401 3
304 362 3
305 362 3
305 363 3
314 371 3
322 379 3
401 402 3
353 354 3
297 354 3
306 363 3
330 388 3
335 337 3
337 396 0
340 397 3
341 400 0
292 350 3
362 363 3
310 368 3
311 368 3
312 371 3
314 372 3
315 372 3
322 381 3
323 381 2
328 386 3
329 386 3
331 388 3
337 394 0
337 395 0
338 396 0
340 398 3
341 398 3
346 404 0
325 383 3
327 385 3
329 388 3
333 391 3
335 394 0
339 397 3
347 404 0
293 350 3
300 358 3
301 358 0
302 360 3
303 360 3
311 369 3
319 378 3
320 378 3
322 380 3
326 383 3
328 385 3
332 390 3
332 391 3
334 391 3
334 392 3
335 392 0
394 395 3
342 401 3
345 404 0
290 348 3
294 353 3
297 356 3
298 356 3
299 357 3
301 359 3
312 369 3
312 428 3
371 372 3
315 373 3
378 379 3
380 381 3
324 382 3
326 384 3
331 389 3
331 390 3
390 391 3
391 392 3
339 396 0
345 403 0
291 348 3
291 349 3
292 349 3
350 351 3
352 353 3
297 355 3
356 357 3
357 358 3
359 360 3
304 360 1
371 428 3
316 373 3
323 382 3
382 383 3
384 385 3
385 386 3
329 387 3
388 389 3
395 396 3
397 398 3
341 399 0
399 400 3
402 403 3
403 404 3
354 355 3
358 359 1
304 361 3
308 367 3
309 367 3
368 369 3
381 382 3
383 384 3
387 388 3
389 390 3
400 401 3
349 350 3
355 356 3
373 374 3
318 377 3
319 377 3
335 393 0
396 397 1
348 349 3
360 361 0
372 373 3
316 374 0
379 380 3
386 387 3
392 393 3
393 394 3
347 405 0
361 362 3
363 365 3
310 367 3
317 374 0
404 405 3
308 424 3
367 368 0
317 433 0
377 378 3
398 399 0
365 424 3
367 424 2
374 433 3
318 434 3
317 434 2
363 422 3
365 422 3
433 434 3
377 434 3
372 430 3
397 456 0
398 456 0
399 456 3
367 426 0
368 426 3
371 430 3
351 409 3
360 419 0
352 409 3
358 416 3
359 416 0
361 419 3
369 428 3
399 458 3
400 458 3
349 407 3
349 408 3
350 408 3
402 460 3
348 407 3
368 427 3
383 441 3
403 460 3
362 420 3
369 427 3
374 432 3
382 440 3
383 440 3
384 441 3
391 449 3
400 459 3
401 459 3
355 414 3
356 414 3
359 417 3
361 420 3
373 431 3
432 433 3
377 435 3
378 435 3
379 438 3
380 438 3
386 445 3
387 445 3
392 449 3
394 452 3
395 452 3
399 457 3
403 462 3
404 462 3
352 411 3
353 411 3
416 417 1
427 428 3
372 431 3
381 438 3
440 441 3
388 447 3
389 447 3
390 448 3
390 449 3
392 451 3
393 451 3
395 453 3
396 453 3
348 406 3
355 413 3
357 415 3
360 418 3
378 436 3
379 436 3
379 437 3
437 438 3
381 439 3
384 442 3
385 443 3
386 444 3
444 445 3
387 446 3
388 446 3
389 448 3
394 451 3
457 458 3
405 462 3
407 408 3
409 411 3
354 411 3
354 413 3
414 415 3
415 416 3
359 418 3
365 423 3
374 431 3
436 437 3
439 440 3
441 442 3
442 443 3
443 444 3
392 450 3
397 455 0
402 459 3
417 418 3
362 421 3
422 423 3
438 439 3
446 447 3
447 448 3
450 451 3
396 455 3
456 457 3
458 459 3
459 460 3
406 407 3
350 409 3
418 419 0
363 421 3
423 424 2
371 487 2
431 432 3
445 446 3
448 449 3
449 450 3
451 452 3
455 456 3
413 414 3
420 421 3
435 436 3
452 453 3
426 427 3
430 431 3
452 511 3
453 455 3
460 462 3
408 409 3
453 511 3
367 482 3
367 484 0
428 487 3
434 435 3
482 484 0
426 484 3
427 485 2
428 485 2
419 420 3
424 482 3
405 521 3
409 410 3
410 411 3
411 413 3
421 422 3
453 512 3
455 512 3
423 481 3
451 509 3
462 521 3
411 470 3
413 470 3
459 517 3
433 492 3
434 492 3
511 512 3
430 487 3
448 505 3
411 469 3
447 505 3
462 520 3
520 521 3
469 470 3
422 481 3
424 481 2
450 509 3
456 514 3
460 519 3
462 519 3
417 475 3
457 514 3
413 472 3
414 472 3
416 475 1
427 484 3
441 499 3
444 502 3
457 515 3
409 467 3
418 475 3
432 490 3
435 492 3
442 499 3
445 502 3
449 507 3
406 464 3
407 464 3
407 465 3
408 466 3
408 467 3
410 467 3
413 471 3
415 473 3
416 474 3
419 477 3
421 479 3
422 479 3
430 488 2
433 490 3
436 494 3
437 496 3
438 496 3
439 497 3
440 498 3
441 498 3
442 500 3
443 501 3
445 503 3
445 504 3
446 504 3
448 507 3
449 508 3
450 508 3
451 567 3
452 567 3
455 513 3
457 574 3
458 574 3
459 518 3
460 518 3
465 466 3
470 471 3
471 472 3
472 473 3
473 474 3
474 475 1
418 477 0
420 478 3
431 490 3
435 494 3
437 494 3
437 495 3
496 497 3
497 498 3
499 500 3
500 501 3
501 502 3
502 503 3
504 505 3
508 509 3
512 513 3
456 513 3
514 515 3
458 517 3
421 478 3
431 489 2
495 496 3
498 499 3
515 574 3
518 519 3
410 468 3
430 489 2
489 490 3
503 504 3
507 508 3
509 567 3
452 510 3
513 514 3
517 518 3
420 477 3
481 482 1
487 488 3
510 567 3
517 574 3
464 465 3
467 468 3
411 468 3
418 534 3
477 478 3
478 479 3
488 489 3
490 492 2
494 495 3
519 520 3
475 534 3
448 564 3
466 467 3
468 469 3
485 487 3
490 548 1
492 548 1
492 550 1
505 564 3
510 511 3
477 534 1
479 481 3
548 550 3
492 494 3
548 549 3
484 485 3
485 544 3
549 550 3
507 564 3
487 544 3
518 576 3
482 542 0
517 576 3
484 542 2
514 572 3
515 572 3
464 523 3
465 523 3
490 547 1
499 557 3
507 566 3
508 566 3
485 542 3
489 547 3
503 561 3
511 570 3
512 570 3
474 531 3
482 540 2
540 542 3
485 543 3
543 544 3
487 545 3
492 551 3
495 553 3
504 561 3
511 569 3
513 572 3
520 578 3
466 523 3
473 531 3
475 531 0
481 539 3
494 551 2
496 553 3
502 560 3
569 570 3
512 571 3
513 571 3
517 575 3
519 576 3
521 578 3
472 531 3
477 535 2
478 535 2
539 540 3
544 545 3
488 545 3
498 557 3
501 560 3
502 561 3
508 567 3
572 574 3
574 575 3
575 576 3
464 522 3
466 524 3
466 525 3
467 525 3
469 527 3
470 527 3
471 529 3
472 530 3
479 539 3
542 543 3
488 546 3
488 547 3
550 551 0
494 552 3
494 553 3
496 554 3
497 555 3
498 556 3
500 558 3
501 559 3
504 562 3
504 563 3
505 563 3
510 568 3
511 568 3
570 571 3
519 578 3
521 579 3
522 523 3
523 524 3
468 525 3
470 528 3
471 528 3
529 530 3
530 531 3
540 541 3
541 542 3
546 547 3
554 555 3
555 556 3
557 558 3
558 559 3
559 560 3
560 561 3
561 562 3
507 565 3
565 566 3
572 573 3
573 574 3
578 579 3
468 526 3
469 526 3
528 529 3
479 537 3
490 606 1
552 553 3
556 557 3
566 567 3
524 525 3
525 526 3
527 528 3
534 535 0
545 546 3
553 554 3
563 564 3
564 565 3
568 569 3
571 572 3
526 527 3
537 539 3
551 552 3
562 563 3
535 594 2
478 537 3
548 606 2
567 568 3
531 534 1
535 537 3
576 577 3
576 578 3
537 596 3
539 596 3
531 589 1
547 606 3
577 578 3
534 589 0
574 632 3
537 594 3
573 632 3
530 589 1
547 605 3
576 635 3
534 591 2
605 606 3
568 626 3
569 626 3
572 630 3
577 635 3
527 529 3
589 591 3
534 593 2
571 630 3
526 584 1
530 588 1
588 589 3
535 593 2
575 633 3
525 584 1
571 629 3
572 631 3
573 631 3
527 585 1
527 586 1
527 587 1
529 587 1
546 604 3
547 604 3
552 610 2
553 610 2
556 614 3
567 625 3
567 626 3
629 630 3
575 632 3
522 580 3
587 588 3
541 599 3
542 599 3
545 604 3
555 614 3
557 615 3
566 625 3
578 636 3
523 580 3
527 584 1
586 587 3
537 595 3
539 597 3
551 610 3
555 613 3
558 615 3
558 617 3
559 617 3
561 619 3
562 620 3
576 634 3
578 635 3
593 594 3
595 596 3
596 597 3
539 598 3
540 598 3
541 598 3
543 601 3
553 611 2
554 613 3
558 616 3
560 618 3
560 619 3
561 620 3
562 621 3
563 621 3
563 622 3
564 622 3
565 623 3
569 627 3
570 628 3
630 631 3
634 635 3
534 592 2
597 598 3
544 601 3
604 605 3
610 611 3
614 615 3
615 616 3
617 618 3
619 620 3
620 621 3
621 622 3
622 623 3
566 623 3
566 624 3
626 627 3
569 628 3
576 633 3
636 694 3
585 586 3
591 592 3
592 593 3
544 603 3
545 603 3
551 609 3
553 613 3
616 617 3
618 619 3
623 624 3
571 628 3
631 632 3
632 633 3
633 634 3
635 636 3
579 636 3
524 582 1
525 582 1
584 585 3
594 595 3
542 601 3
544 602 3
603 604 3
549 606 2
609 610 3
613 614 3
627 628 3
582 584 3
598 599 3
602 603 3
549 607 2
550 607 2
550 609 2
611 613 3
625 626 3
628 629 3
523 581 1
523 582 1
601 602 3
606 607 3
550 608 2
624 625 3
581 582 3
599 601 3
580 581 1
607 608 3
608 609 3
579 694 3
579 695 3
694 695 3
613 670 2
599 658 3
601 658 3
611 670 3
621 679 3
631 689 3
633 691 3
634 691 3
584 642 3
584 643 3
585 643 3
585 644 3
586 644 3
588 647 3
589 648 3
599 657 3
582 642 3
643 644 3
586 645 3
587 645 3
588 646 3
589 647 3
632 689 3
581 639 3
582 641 3
642 643 3
587 646 3
646 647 3
591 648 3
657 658 3
582 639 3
644 645 3
647 648 3
615 673 3
616 673 3
580 639 1
582 640 3
641 642 3
645 646 3
592 650 3
593 650 3
603 661 3
613 671 3
635 693 3
639 640 3
598 656 3
599 656 3
604 661 3
607 665 3
611 669 3
670 671 3
617 675 3
619 677 3
620 678 3
624 683 3
625 683 3
628 687 3
634 692 3
634 693 3
640 641 3
594 653 3
595 653 3
656 657 3
602 661 3
605 663 3
606 663 3
606 665 3
608 665 3
609 666 3
610 669 3
614 672 3
616 675 3
618 677 3
621 678 3
624 682 3
628 686 3
629 687 3
692 693 3
596 654 3
601 659 3
602 659 3
606 664 3
608 666 3
613 672 3
623 681 3
682 683 3
626 683 3
627 686 3
630 687 3
632 690 3
633 690 3
580 638 1
591 650 3
593 651 3
594 652 3
595 654 3
604 662 3
664 665 3
609 667 3
609 669 3
614 673 3
618 676 3
620 677 3
678 679 3
622 679 3
622 681 3
626 684 3
686 687 3
630 688 3
638 639 3
648 649 3
591 649 3
651 652 3
652 653 3
597 655 3
598 655 3
602 660 3
661 662 3
663 664 3
665 666 3
666 667 3
675 676 3
676 677 3
677 678 3
623 682 3
683 684 3
627 685 3
687 688 3
631 688 3
649 650 3
597 654 3
659 660 3
660 661 3
605 662 3
616 674 3
626 685 3
685 686 3
689 690 3
635 694 3
650 651 3
662 663 3
671 672 3
672 673 3
691 692 3
653 654 3
655 656 3
658 659 3
674 675 3
684 685 3
667 669 3
673 674 3
693 694 3
654 655 3
669 670 3
688 689 3
679 738 3
622 738 3
669 726 3
690 691 3
667 726 3
681 682 3
693 751 3
692 751 3
642 700 3
661 719 3
673 732 3
674 732 3
681 738 3
646 705 3
647 705 3
649 707 3
653 655 3
662 719 3
663 722 3
664 722 3
672 730 3
685 743 3
686 743 3
687 745 3
641 699 3
650 707 3
658 717 3
671 730 3
686 744 3
686 745 3
688 745 3
691 749 3
643 701 3
653 711 3
659 717 3
660 718 3
666 725 3
667 725 3
671 729 3
676 735 3
677 735 3
677 736 3
678 736 3
681 740 3
682 740 3
744 745 3
690 749 3
641 700 3
644 701 3
646 704 3
704 705 3
648 705 3
652 711 3
653 712 3
659 718 3
670 728 3
670 729 3
679 737 3
684 742 3
684 743 3
692 749 3
638 696 3
640 698 3
641 698 3
698 699 3
642 701 3
644 702 3
645 703 3
648 706 3
648 707 3
650 709 3
651 709 3
652 710 3
711 712 3
655 712 3
657 716 3
658 716 3
664 723 3
665 723 3
666 723 3
666 724 3
669 727 3
669 728 3
673 730 2
676 734 3
734 735 3
678 737 3
737 738 3
681 739 3
682 741 3
683 741 3
742 743 3
639 696 3
639 697 3
639 698 3
699 700 3
700 701 3
701 702 3
702 703 3
703 704 3
706 707 3
650 708 3
709 710 3
655 713 3
656 714 3
717 718 3
660 719 3
662 720 3
662 721 3
663 721 3
722 723 3
723 724 3
724 725 3
725 726 3
726 727 3
675 732 3
675 733 3
735 736 3
736 737 3
738 739 3
739 740 3
683 742 3
743 744 3
692 750 3
693 752 3
694 752 3
696 697 3
697 698 3
705 706 3
656 713 3
657 714 3
716 717 3
718 719 3
720 721 3
727 728 3
740 741 3
688 746 3
749 750 3
707 708 3
714 716 3
719 720 3
721 722 3
732 733 3
676 733 3
689 748 3
690 748 3
751 752 3
708 709 3
710 711 3
713 714 3
728 729 3
729 730 3
750 751 3
695 752 3
712 713 3
741 742 3
745 746 3
689 746 3
733 734 3
746 748 3
748 749 3
746 805 3
748 805 3
730 732 3
738 796 3
737 796 3
752 810 3
695 810 1
709 767 3
710 767 3
743 801 3
708 767 3
726 784 3
727 784 3
730 788 3
744 801 3
749 807 3
751 808 3
695 811 3
697 756 3
698 756 3
707 765 3
729 788 3
736 794 3
739 797 3
745 803 3
750 808 3
810 811 3
708 765 3
714 773 3
730 790 3
732 790 2
735 794 3
738 797 3
742 801 3
750 807 3
699 757 3
700 757 3
700 758 3
703 761 3
705 763 3
716 773 3
718 775 3
720 778 3
721 778 3
730 789 3
746 803 3
699 756 3
701 758 3
704 761 3
704 762 3
705 762 3
706 763 3
706 765 3
710 768 3
710 769 3
711 769 3
712 771 3
713 771 3
717 775 3
724 782 3
725 782 3
725 783 3
727 785 3
728 785 3
728 786 3
729 786 3
789 790 3
733 791 3
740 797 3
741 799 3
742 799 3
708 766 3
767 768 3
712 770 3
716 775 3
721 780 3
722 780 3
723 781 3
724 781 3
783 784 3
788 789 3
744 803 3
748 807 3
751 809 3
696 754 3
697 755 3
701 759 3
702 760 3
766 767 3
711 770 3
714 772 3
716 774 3
719 778 3
723 780 3
784 785 3
737 795 3
796 797 3
740 798 3
740 799 3
748 806 3
807 808 3
808 809 3
754 755 3
755 756 3
759 760 3
760 761 3
713 772 3
772 773 3
774 775 3
718 776 3
718 777 3
719 777 3
780 781 3
782 783 3
732 791 3
734 792 3
735 793 3
736 795 3
795 796 3
797 798 3
803 805 3
806 807 3
756 757 3
757 758 3
758 759 3
761 762 3
762 763 3
768 769 3
770 771 3
773 774 3
775 776 3
776 777 3
721 779 3
785 786 3
733 792 3
793 794 3
798 799 3
805 806 3
751 810 3
777 778 3
778 779 3
779 780 3
781 782 3
734 793 3
744 802 3
809 810 3
771 772 3
790 791 3
801 802 3
769 770 3
791 792 3
765 766 3
786 788 3
802 803 3
763 765 3
803 862 3
805 862 3
794 795 3
799 801 3
805 863 3
807 865 3
792 793 3
806 863 3
806 865 3
808 865 3
862 863 3
763 823 3
801 858 3
803 861 3
861 862 3
765 823 3
799 858 3
757 814 3
756 814 3
801 859 3
802 859 3
775 834 3
776 834 3
781 839 3
810 868 3
766 824 3
780 839 3
786 846 3
791 849 3
795 853 3
809 868 3
762 820 3
767 824 3
769 827 3
770 827 3
775 833 3
777 835 3
782 840 3
786 845 3
788 846 3
793 851 3
798 856 3
799 856 3
858 859 3
863 864 3
806 864 3
757 815 3
763 820 3
765 824 3
833 834 3
776 835 3
780 838 3
839 840 3
783 842 3
784 842 3
845 846 3
789 847 3
789 848 3
790 848 3
790 849 3
794 853 3
797 855 3
814 815 3
761 820 3
763 821 3
821 823 3
770 829 3
771 829 3
773 831 3
834 835 3
779 836 3
779 838 3
788 847 3
796 853 3
796 854 3
796 855 3
855 856 3
808 866 3
809 866 3
754 812 3
755 813 3
758 815 3
758 816 3
759 817 3
760 818 3
761 819 3
768 826 3
770 828 3
771 830 3
772 830 3
773 830 3
774 831 3
774 832 3
778 836 3
779 837 3
785 843 3
785 844 3
786 844 3
794 910 3
853 854 3
799 857 3
802 860 3
811 869 3
812 813 3
813 814 3
815 816 3
816 817 3
817 818 3
818 819 3
819 820 3
823 824 3
767 825 3
767 826 3
769 826 3
828 829 3
774 833 3
778 835 3
836 837 3
837 838 3
783 840 3
842 843 3
844 845 3
793 910 3
853 910 3
856 857 3
859 860 3
811 868 3
868 869 3
820 821 3
824 825 3
825 826 3
826 827 3
827 828 3
831 832 3
783 841 3
843 844 3
854 855 3
802 861 3
864 865 3
830 831 3
832 833 3
835 836 3
838 839 3
840 841 3
792 849 2
841 842 3
847 848 3
848 849 3
857 858 3
822 823 3
829 830 3
846 847 3
792 851 3
851 910 3
821 822 3
849 851 3
865 866 3
866 868 3
828 886 3
829 886 3
860 861 3
869 927 3
820 877 3
849 908 3
851 908 3
868 927 3
820 879 3
819 877 3
821 879 3
825 883 3
827 886 3
862 921 3
863 921 3
864 922 3
865 922 3
824 882 3
824 883 3
833 891 3
834 891 3
856 914 3
856 915 3
857 915 3
862 920 3
864 921 3
817 875 3
818 875 3
818 876 3
823 882 3
882 883 3
830 888 3
832 890 3
840 899 3
841 899 3
842 900 3
844 902 3
848 907 3
849 907 3
855 914 3
914 915 3
858 915 3
861 920 3
920 921 3
819 876 3
829 888 3
833 890 3
834 893 3
835 893 3
843 900 3
843 902 3
847 905 3
858 916 3
860 919 3
861 919 3
866 923 3
868 926 3
926 927 3
812 870 3
813 871 3
814 872 3
815 872 3
815 873 3
816 874 3
816 875 3
822 881 3
823 881 3
826 884 3
827 885 3
886 887 3
829 887 3
830 889 3
831 889 3
831 890 3
835 894 3
836 894 3
837 894 3
839 897 3
840 898 3
843 901 3
854 913 3
855 913 3
913 914 3
859 916 3
860 918 3
865 923 3
866 924 3
870 871 3
871 872 3
873 874 3
874 875 3
875 876 3
821 880 3
822 880 3
883 884 3
884 885 3
885 886 3
834 892 3
837 895 3
838 897 3
897 898 3
898 899 3
899 900 3
900 901 3
845 902 3
854 912 3
859 975 3
921 922 3
923 924 3
868 924 3
876 877 3
881 882 3
887 888 3
889 890 3
891 892 3
894 895 3
838 895 3
901 902 3
853 912 3
860 975 3
918 919 3
879 880 3
880 881 3
838 896 3
845 904 3
846 904 3
847 904 3
912 913 3
922 923 3
877 878 3
888 889 3
892 893 3
893 894 3
896 897 3
916 975 3
919 920 3
872 873 3
820 878 3
890 891 3
904 905 3
848 905 3
907 908 3
910 912 3
915 916 3
918 975 3
878 879 3
895 896 3
912 970 3
868 983 3
851 968 3
924 983 3
845 961 3
908 968 3
913 970 3
926 983 3
902 961 3
904 961 3
920 979 3
921 979 3
874 932 3
905 907 3
910 968 3
926 984 3
927 984 3
905 964 3
880 938 3
914 973 3
873 932 3
881 938 3
915 973 3
919 977 3
872 930 3
875 932 3
908 967 3
967 968 3
912 968 2
912 969 2
920 977 3
924 982 3
873 930 3
885 943 3
886 943 3
891 949 3
892 949 3
968 969 3
923 982 3
890 949 3
893 951 3
894 951 3
907 966 3
908 966 3
915 974 3
876 935 3
877 935 3
889 947 3
890 947 3
896 954 3
897 954 3
907 965 3
913 973 3
916 974 3
873 931 3
878 935 3
890 948 3
898 956 3
905 965 3
977 978 3
920 978 3
922 980 3
930 931 3
878 937 3
879 937 3
879 938 3
881 939 3
882 939 3
882 940 3
883 940 3
887 943 3
887 945 3
888 946 3
948 949 3
892 950 3
894 952 3
895 953 3
896 953 3
899 956 3
969 970 3
923 980 3
870 928 3
871 929 3
871 930 3
931 932 3
876 934 3
878 936 3
883 942 3
884 942 3
887 946 3
889 946 3
892 951 3
951 952 3
895 952 3
897 955 3
899 957 3
900 958 3
901 959 3
902 960 3
904 962 3
905 962 3
964 965 3
918 976 3
919 976 3
978 979 3
928 929 3
929 930 3
875 933 3
934 935 3
937 938 3
939 940 3
883 941 3
885 942 3
945 946 3
949 950 3
950 951 3
954 955 3
956 957 3
957 958 3
958 959 3
959 960 3
960 961 3
965 966 3
979 980 3
923 981 3
983 984 3
932 933 3
935 936 3
940 941 3
941 942 3
947 948 3
953 954 3
898 955 3
961 962 3
975 976 3
981 982 3
936 937 3
938 939 3
952 953 3
966 967 3
980 981 3
927 985 3
943 944 3
887 944 3
955 956 3
974 975 3
976 977 3
982 983 3
933 934 3
942 943 3
946 947 3
962 964 3
984 985 3
944 945 3
973 1029 3
913 1029 3
973 974 3
970 1029 3
946 1004 3
967 1025 3
973 1030 3
947 1004 3
966 1025 3
964 1021 3
1029 1030 3
983 1041 3
947 1005 3
953 1011 3
954 1011 3
962 1021 3
982 1041 3
944 1003 3
945 1003 3
948 1005 3
968 1026 3
970 1028 3
930 988 3
930 989 3
931 989 3
933 990 3
967 1026 3
969 1028 3
1028 1029 3
973 1031 3
974 1032 3
975 1032 3
984 1041 3
929 988 3
932 990 3
948 1007 3
949 1007 3
949 1008 3
950 1008 3
954 1012 3
960 1018 3
974 1031 3
975 1033 3
988 989 3
935 994 3
936 994 3
937 994 3
944 1001 3
945 1004 3
951 1008 3
955 1012 3
959 1018 3
961 1018 3
962 1020 3
964 1022 3
965 1023 3
966 1023 3
968 1027 3
969 1027 3
1032 1033 3
977 1035 3
978 1035 3
979 1037 3
984 1042 3
931 990 3
934 992 3
939 998 3
940 998 3
943 1001 3
948 1006 3
1007 1008 3
951 1010 3
952 1010 3
1011 1012 3
958 1016 3
961 1019 3
961 1020 3
1021 1022 3
965 1022 3
976 1033 3
978 1037 3
980 1038 3
981 1038 3
985 1042 3
928 986 3
929 987 3
933 991 3
933 992 3
935 993 3
937 995 3
938 996 3
939 996 3
939 997 3
941 999 3
941 1000 3
942 1000 3
1001 1003 3
1006 1007 3
951 1009 3
953 1010 3
955 1013 3
956 1014 3
957 1015 3
957 1016 3
959 1017 3
1018 1019 3
976 1034 3
978 1036 3
986 987 3
987 988 3
989 990 3
934 993 3
993 994 3
938 995 3
941 998 3
943 1000 3
1005 1006 3
1008 1009 3
1012 1013 3
1013 1014 3
1014 1015 3
1015 1016 3
1016 1017 3
1017 1018 3
1019 1020 3
1030 1031 3
1031 1032 3
976 1035 3
1035 1036 3
985 1043 3
991 992 3
994 995 3
996 997 3
997 998 3
999 1000 3
1000 1001 3
1004 1005 3
1009 1010 3
1034 1035 3
1036 1037 3
980 1037 3
1041 1042 3
995 996 3
1020 1021 3
1025 1026 3
1026 1027 3
990 991 3
992 993 3
1003 1004 3
1010 1011 3
1022 1023 3
1033 1034 3
998 999 3
1037 1038 3
1027 1028 3
1042 1043 3
