116 117 3
5 117 3
5 65 3
9 65 2
9 130 0
11 130 0
11 14 3
14 17 0
17 18 3
18 19 1
19 20 3
20 21 0
21 23 1
23 24 0
24 25 3
25 26 3
26 27 3
27 28 3
28 29 3
29 30 3
30 32 0
32 33 3
33 34 3
34 35 3
35 36 3
36 37 3
37 38 3
38 39 3
39 42 0
42 44 1
44 45 0
45 46 3
46 50 3
50 52 3
52 110 3
54 110 3
54 115 3
51 52 3
51 109 3
51 110 3
42 100 3
44 100 0
39 98 0
50 51 3
50 167 3
32 89 1
42 98 3
46 162 3
50 162 3
51 167 3
110 112 3
100 214 3
44 214 0
54 112 3
9 124 0
113 115 3
65 124 3
17 76 2
18 76 0
21 80 0
23 80 0
38 96 3
39 96 3
45 103 3
54 113 3
30 89 3
98 100 3
46 103 3
14 130 0
5 64 3
98 99 3
64 65 3
14 128 0
34 93 3
35 93 2
36 94 3
126 130 3
128 130 3
29 87 3
30 87 3
37 94 3
37 95 3
99 100 3
112 113 3
5 121 3
9 126 0
19 77 0
20 77 0
20 78 0
21 78 0
28 86 3
28 87 3
35 94 2
64 121 3
14 71 0
18 77 0
24 80 0
27 85 3
86 87 3
38 95 3
103 162 3
113 287 3
117 121 3
17 71 0
24 81 0
26 84 3
26 85 3
95 96 3
115 287 3
17 134 1
76 134 1
77 78 3
25 81 0
84 85 3
28 85 3
30 147 3
89 147 3
93 94 3
103 160 3
71 128 3
76 77 3
80 81 3
85 86 3
94 95 3
96 98 0
109 167 3
78 80 3
26 81 3
87 147 3
49 50 3
49 162 3
49 167 3
117 119 3
9 67 0
116 119 3
67 124 3
32 148 2
33 148 3
33 149 3
9 184 0
34 149 3
103 222 3
162 222 3
67 184 3
126 184 3
71 134 1
89 148 3
34 150 3
119 121 3
149 150 3
93 150 3
121 178 3
128 247 3
119 178 3
148 149 3
109 168 3
51 168 3
99 214 3
159 214 3
76 135 1
93 151 3
167 168 3
77 135 1
77 136 1
78 136 1
94 151 3
110 168 3
112 170 3
78 137 1
96 154 3
98 154 1
44 159 2
110 170 3
126 188 3
80 137 1
80 139 3
81 139 3
103 218 3
221 222 3
128 188 3
130 188 3
134 135 3
84 142 3
85 142 3
98 156 3
45 218 3
103 221 3
110 227 3
184 187 3
26 139 3
94 152 3
95 152 3
154 156 0
99 156 3
44 218 2
103 219 3
168 227 3
170 227 3
80 138 1
86 144 3
87 144 3
95 153 3
113 170 3
135 136 3
136 137 3
137 138 2
138 139 1
85 144 3
151 152 3
95 154 3
218 219 3
170 287 3
184 188 3
144 147 3
162 280 3
65 355 3
150 151 3
152 153 3
49 280 3
64 355 3
124 355 3
187 188 3
131 188 3
134 191 1
134 192 1
26 198 3
26 142 3
147 148 3
153 154 3
219 221 3
188 247 3
139 198 3
222 280 3
116 118 3
118 119 3
286 287 3
71 191 3
26 199 3
142 199 3
170 286 3
147 206 3
148 206 3
159 218 3
142 201 3
85 201 3
147 204 3
205 206 3
156 214 3
124 356 3
198 199 3
144 201 3
144 203 3
121 237 3
355 356 3
67 356 3
71 364 3
147 203 3
167 284 3
168 284 3
128 364 3
204 206 3
64 237 3
203 204 3
156 212 1
178 237 3
138 197 1
135 194 1
136 194 1
139 197 3
142 200 3
199 200 3
170 228 3
49 284 3
247 364 3
137 194 1
137 195 1
138 196 1
152 268 3
152 211 3
153 211 3
153 212 3
154 212 3
196 197 3
200 201 3
149 208 3
150 208 3
151 209 3
227 284 3
227 228 3
228 286 3
212 214 3
214 272 3
150 209 2
151 268 3
211 268 3
212 270 3
159 272 3
197 198 3
131 247 3
194 195 3
137 196 1
201 203 3
159 273 3
135 192 1
203 260 3
149 206 3
209 268 3
272 273 3
221 278 3
49 340 3
64 354 3
191 364 3
201 260 3
211 212 3
219 278 3
284 340 3
237 354 3
206 208 3
119 351 3
178 351 3
354 355 3
191 192 3
195 196 3
159 275 3
184 356 3
247 304 3
208 209 3
273 275 3
218 275 3
218 277 3
164 221 3
280 340 3
188 244 3
192 194 3
219 277 3
164 222 3
118 348 3
178 352 3
119 350 3
237 352 3
204 205 3
218 276 3
228 285 3
118 350 3
350 351 3
188 304 3
191 249 3
227 285 3
351 352 3
356 472 3
247 305 3
249 364 3
286 288 3
355 472 3
205 263 3
275 276 3
164 280 3
304 305 3
192 249 3
192 251 3
194 251 3
194 252 3
195 252 3
204 263 3
276 277 3
305 364 3
209 267 3
284 342 3
118 349 3
195 254 3
196 254 3
197 255 3
204 262 3
208 267 2
214 271 3
271 272 3
340 342 3
349 350 3
355 414 3
244 304 3
196 255 3
203 262 3
262 263 3
212 271 3
227 342 3
354 414 3
251 252 3
198 256 3
199 257 3
200 257 3
280 339 3
198 255 3
199 256 3
277 278 3
164 339 3
348 349 3
203 261 3
256 257 3
339 340 3
303 304 3
201 257 3
201 317 3
261 262 3
255 256 3
260 317 3
244 361 3
244 303 3
254 255 3
260 261 3
266 267 3
249 307 3
268 325 3
270 271 3
285 342 3
228 345 3
307 364 3
212 268 3
286 345 3
192 308 3
208 266 0
288 345 3
249 308 3
251 308 3
255 313 3
256 313 3
267 268 3
268 270 3
285 345 3
255 312 3
257 316 3
257 317 3
285 344 3
252 254 3
254 312 3
206 266 3
276 334 3
344 345 3
277 335 3
164 278 3
288 347 3
276 335 3
278 337 3
164 337 3
262 321 3
334 335 3
263 321 3
251 309 3
252 309 3
252 310 3
206 323 3
266 323 3
278 335 3
342 343 3
285 343 3
184 359 3
188 359 3
244 359 3
303 361 3
308 309 3
309 310 3
252 311 3
254 311 3
275 333 3
276 333 3
184 472 3
304 362 3
307 308 3
271 329 3
275 332 3
472 474 3
184 360 3
359 361 3
305 362 3
256 314 3
256 315 3
257 315 3
270 329 3
273 332 3
184 474 3
359 360 3
311 312 3
312 313 3
316 317 3
260 318 3
205 321 3
205 322 3
206 322 3
267 325 3
333 334 3
337 339 3
288 346 3
414 474 3
313 314 3
314 315 3
261 318 3
321 322 3
273 331 3
332 333 3
345 346 3
352 354 3
310 311 3
315 316 3
322 323 3
272 331 3
346 347 3
355 474 3
317 318 3
272 329 3
343 344 3
184 357 3
270 328 3
342 399 3
357 360 3
261 377 3
262 377 3
266 325 3
268 328 3
331 332 3
357 474 3
321 377 3
329 331 3
278 395 3
340 399 3
354 474 3
328 329 3
335 395 3
321 378 3
268 326 3
337 395 3
337 396 3
339 396 3
303 362 3
305 363 3
363 364 3
308 366 3
309 366 3
377 378 3
325 326 3
326 328 3
351 409 3
352 409 3
308 365 3
323 325 3
307 365 3
340 398 3
309 367 3
318 377 3
329 388 3
331 388 3
335 394 3
394 395 3
339 398 3
398 399 3
354 409 3
366 367 3
325 382 3
348 406 3
307 363 3
315 373 3
316 373 3
349 406 3
323 382 3
343 401 3
344 401 3
310 367 3
328 386 3
329 386 3
365 366 3
311 369 3
321 379 3
322 379 3
312 369 3
378 379 3
343 399 3
409 474 3
360 361 3
314 372 3
317 376 3
318 376 3
334 392 3
349 407 3
350 407 3
312 428 3
376 377 3
331 389 3
332 389 3
332 390 3
333 392 3
335 392 3
335 393 3
339 397 3
397 398 3
369 428 3
313 372 3
316 375 3
317 375 3
322 380 3
323 381 3
328 385 3
329 387 3
333 390 3
393 394 3
344 402 3
345 403 3
346 404 3
347 405 3
361 362 3
362 363 3
375 376 3
380 381 3
381 382 3
326 385 3
387 388 3
401 402 3
402 403 3
403 404 3
404 405 3
386 387 3
389 390 3
392 393 3
396 397 3
350 409 3
310 369 3
379 380 3
388 389 3
395 396 3
406 407 3
315 372 3
316 374 3
407 409 3
363 365 3
367 369 3
373 374 3
374 375 3
326 382 3
385 386 3
312 372 3
343 459 3
372 428 3
372 430 3
399 459 3
401 459 3
333 449 3
392 449 3
372 429 3
428 429 3
429 430 3
326 441 2
385 443 3
367 426 3
369 426 3
377 435 3
378 435 3
382 441 3
385 441 2
386 443 3
390 449 3
357 416 3
361 419 3
362 419 3
362 420 3
378 436 3
379 436 3
416 474 3
419 420 3
362 421 3
363 421 3
365 423 3
366 423 3
392 451 3
393 451 3
366 424 3
379 437 3
441 443 2
395 453 3
407 466 3
409 466 3
360 417 3
365 421 3
423 424 3
367 424 3
380 437 3
396 453 3
404 463 3
405 463 3
360 416 3
361 417 3
367 425 3
426 427 3
369 427 3
381 439 3
382 440 3
386 444 3
387 445 3
388 446 3
389 447 3
389 448 3
390 448 3
394 452 3
402 460 3
409 467 3
424 425 3
425 426 3
427 428 3
372 373 3
436 437 3
380 438 3
380 439 3
439 440 3
443 444 3
444 445 3
445 446 3
446 447 3
447 448 3
448 449 3
451 452 3
452 453 3
398 456 3
401 460 3
403 460 3
403 461 3
467 474 3
420 421 3
373 430 3
435 436 3
438 439 3
440 441 3
397 456 3
399 456 3
460 461 3
404 461 3
361 476 3
421 423 3
453 454 3
396 454 3
466 467 3
416 417 3
419 476 3
399 458 3
458 459 3
471 474 3
417 476 3
373 490 3
376 435 3
397 454 3
459 460 3
437 438 3
456 458 3
410 474 3
406 464 3
407 464 3
410 467 3
373 489 3
397 513 3
489 490 3
456 513 3
411 474 3
411 471 3
441 500 3
449 451 3
443 500 3
430 489 3
375 492 3
376 492 3
435 493 3
421 479 3
375 491 3
443 501 3
449 508 3
451 508 3
454 513 3
407 465 3
420 479 3
423 480 3
423 481 3
491 492 3
435 492 3
500 501 3
464 465 3
465 466 3
410 411 3
421 480 3
424 481 3
424 483 3
373 375 3
425 483 3
373 491 3
404 521 3
463 521 3
429 487 3
459 517 3
461 519 3
419 478 3
420 478 3
480 481 3
428 486 3
429 486 3
430 487 3
436 493 3
436 495 3
437 495 3
458 516 3
458 517 3
460 519 3
404 519 3
404 520 3
479 480 3
439 497 1
444 503 3
445 503 3
454 512 3
460 517 3
519 520 3
520 521 3
426 484 3
430 488 3
490 491 3
438 495 3
438 496 3
440 497 1
446 504 3
447 505 3
448 506 3
449 507 3
451 509 3
452 510 3
453 511 3
454 511 3
512 513 3
460 518 3
483 484 3
427 485 3
427 486 3
486 487 3
487 488 3
488 489 3
492 493 3
444 501 3
503 504 3
504 505 3
505 506 3
506 507 3
509 510 3
510 511 3
517 518 3
417 474 3
424 482 3
426 485 3
495 496 3
507 508 3
511 512 3
410 469 3
476 478 3
481 482 3
482 483 3
493 495 3
508 509 3
518 519 3
411 469 3
441 497 1
484 485 3
456 515 3
458 515 3
485 486 3
439 496 3
501 503 3
478 479 3
515 516 3
516 517 3
441 557 1
490 548 2
491 548 2
497 556 2
441 556 3
441 558 1
513 515 3
474 531 3
410 526 3
556 557 2
557 558 3
469 526 3
496 497 2
500 558 1
467 526 3
501 559 1
474 532 3
417 532 3
493 552 2
501 558 1
501 560 1
503 560 1
503 561 1
474 530 3
476 532 3
478 535 1
478 536 1
552 553 3
504 561 1
504 562 1
505 562 1
505 563 1
505 564 1
506 564 1
506 565 1
507 565 1
466 525 3
467 525 3
531 532 3
479 536 1
560 561 3
562 563 3
525 526 3
530 531 3
486 544 2
487 544 2
495 552 2
563 564 3
564 565 3
508 565 1
508 566 1
509 567 1
489 547 2
493 551 2
565 566 3
508 567 1
518 520 3
464 523 3
465 523 3
465 525 3
469 471 3
486 543 2
490 547 2
493 550 2
551 552 3
561 562 3
523 525 3
471 529 3
483 541 2
484 541 2
485 543 2
487 545 2
488 545 2
492 550 2
550 551 3
510 567 1
469 527 1
469 529 3
474 529 3
476 535 1
535 536 3
482 541 2
543 544 3
544 545 3
558 559 3
559 560 3
566 567 3
510 568 1
511 568 1
529 530 3
484 542 2
488 546 2
489 546 2
547 548 3
495 555 2
496 555 2
511 569 1
512 569 1
479 538 2
480 538 2
541 542 3
546 547 3
491 550 2
552 555 2
497 555 2
567 568 3
568 569 3
536 538 0
545 546 3
548 549 3
491 549 2
553 613 3
553 555 2
513 569 1
513 570 1
515 572 1
481 538 2
484 543 2
569 570 3
515 570 1
515 631 1
542 543 3
549 550 3
555 556 0
570 572 3
516 631 1
516 574 1
517 576 1
476 592 1
482 538 2
517 574 1
526 527 1
532 592 1
613 614 3
555 613 2
574 631 3
574 576 3
518 576 1
538 541 3
572 631 3
518 577 1
520 577 1
576 577 3
520 579 1
532 590 1
572 629 3
521 579 1
531 589 1
532 589 1
535 592 3
555 614 2
570 629 3
574 633 3
576 633 3
577 579 3
527 586 3
469 586 1
529 586 1
529 587 1
530 588 1
526 584 1
529 588 1
536 594 2
577 694 0
527 584 3
587 588 3
590 592 3
542 600 3
543 600 3
548 606 3
549 606 3
611 613 3
579 694 0
546 605 3
547 605 3
552 609 3
553 611 3
565 623 3
577 635 0
635 694 3
525 584 1
538 598 3
551 609 3
552 611 3
556 615 1
566 623 3
572 630 3
630 631 3
588 589 3
590 591 3
594 596 3
538 596 3
538 597 3
541 598 3
544 602 3
545 602 3
545 603 3
546 603 3
548 605 3
561 620 3
562 620 3
633 634 0
576 634 0
527 585 3
531 588 1
591 592 3
536 596 2
597 598 3
541 599 3
550 608 3
562 621 3
563 621 3
564 622 3
566 624 3
567 625 3
568 626 3
569 627 3
570 628 3
631 632 3
574 632 3
525 582 1
584 585 3
585 586 3
586 587 3
589 590 3
598 599 3
599 600 3
543 601 3
543 602 3
608 609 3
555 615 2
557 615 1
621 622 3
622 623 3
624 625 3
625 626 3
626 627 3
627 628 3
628 629 3
632 633 3
634 635 3
523 582 1
535 594 2
596 597 3
558 618 3
559 618 3
629 630 3
600 601 3
601 602 3
602 603 3
603 605 3
605 606 3
614 615 3
557 618 3
620 621 3
549 608 3
552 668 3
623 624 3
592 594 3
606 608 3
611 668 3
613 670 3
560 619 3
561 619 3
619 620 3
609 668 3
611 670 3
557 616 1
616 618 0
560 618 3
615 616 3
584 641 3
605 662 3
525 641 1
603 662 3
618 619 3
613 671 3
606 665 3
608 665 3
670 671 3
596 653 3
618 676 1
634 750 1
594 653 3
615 674 3
635 751 1
611 669 3
616 674 3
616 676 3
630 689 3
631 689 3
633 691 3
596 654 3
597 654 3
601 660 3
602 660 3
605 664 3
606 664 3
613 672 3
632 689 3
634 691 1
592 649 2
668 669 3
671 672 3
614 672 0
618 677 1
620 678 3
632 691 3
634 692 3
635 692 3
582 641 3
591 649 3
676 677 3
619 678 3
620 679 3
621 679 3
584 642 2
585 642 2
588 645 2
589 647 2
590 648 3
600 658 3
601 658 3
662 663 3
605 663 3
609 667 3
523 639 1
582 639 3
585 643 2
587 645 2
591 648 3
601 659 3
659 660 3
663 664 3
608 667 3
674 676 3
622 681 3
623 681 3
582 640 3
642 643 3
586 643 2
588 646 2
588 647 2
590 647 2
649 651 3
594 651 3
594 652 3
653 654 3
597 655 3
598 655 3
658 659 3
603 660 3
622 679 3
623 682 3
624 682 3
625 683 3
626 684 3
627 685 3
628 686 3
629 687 3
630 688 3
632 690 3
692 750 1
641 642 3
646 647 3
647 648 3
651 652 3
652 653 3
654 655 3
598 657 3
599 657 3
600 657 3
603 661 3
608 666 3
667 668 3
678 679 3
622 680 3
682 683 3
683 684 3
684 685 3
685 686 3
686 687 3
687 688 3
689 690 3
690 691 3
586 644 2
587 644 2
645 646 3
648 649 3
598 656 3
660 661 3
661 662 3
664 665 3
665 666 3
619 677 1
679 680 3
688 689 3
644 645 3
656 657 3
657 658 3
666 667 3
669 670 3
677 678 0
691 750 3
692 751 1
639 640 3
640 641 3
614 674 3
681 682 3
643 644 3
655 656 3
680 681 3
672 674 1
676 734 3
674 734 3
677 737 3
694 752 1
672 731 3
674 731 0
678 737 1
642 699 3
674 732 0
679 737 1
647 705 2
671 730 3
677 734 3
737 738 3
681 741 3
522 639 1
647 649 3
672 730 3
731 732 3
679 738 1
682 741 3
683 741 3
522 523 3
641 699 2
654 712 3
655 712 3
657 715 3
659 718 3
660 718 3
662 720 3
677 735 3
680 738 1
645 703 2
646 703 2
655 713 3
658 715 3
658 717 3
659 717 3
661 718 3
663 720 3
683 742 2
684 742 2
688 746 3
635 752 1
644 702 3
645 702 3
646 705 2
649 707 3
656 713 3
656 715 3
665 724 3
666 724 3
669 727 3
670 728 3
671 728 3
734 735 3
687 746 3
750 751 3
694 695 3
702 703 3
651 707 3
651 709 3
656 714 3
658 716 3
661 719 3
663 721 3
664 722 3
665 723 3
667 726 3
668 726 3
727 728 3
736 737 3
741 742 3
689 747 3
690 748 3
690 749 3
691 749 3
646 704 2
652 709 3
652 710 3
653 711 3
653 712 3
713 714 3
714 715 3
716 717 3
717 718 3
718 719 3
719 720 3
720 721 3
721 722 3
665 722 3
723 724 3
667 724 3
726 727 3
730 731 3
735 736 3
685 742 2
686 745 3
687 745 3
746 747 3
747 748 3
695 752 1
643 701 3
703 704 3
704 705 3
649 706 3
706 707 3
711 712 3
712 713 3
715 716 3
681 738 1
699 700 3
642 700 3
643 700 3
644 701 3
647 706 2
709 710 3
710 711 3
722 723 3
728 730 3
739 741 0
685 743 2
686 743 2
749 750 3
751 752 3
701 702 3
705 706 3
732 734 1
738 741 0
741 799 1
745 746 3
700 701 3
738 739 3
742 743 3
748 749 3
640 698 2
641 698 2
724 725 3
667 725 3
698 699 3
725 726 3
734 791 0
732 791 3
639 698 2
707 709 3
686 802 2
639 756 1
698 756 3
734 792 0
739 799 3
745 802 3
695 811 1
522 756 1
791 792 3
737 795 2
698 700 3
736 795 3
739 796 1
728 787 3
730 787 3
737 796 2
738 796 1
743 802 3
707 765 3
709 765 3
730 788 3
701 759 3
731 788 3
742 799 1
698 757 3
700 759 2
720 778 3
734 793 0
735 793 0
745 804 3
756 757 3
705 707 3
710 769 3
711 769 3
719 778 3
795 796 3
742 800 1
746 804 2
746 805 2
747 805 2
749 807 3
700 757 3
702 761 2
703 761 3
705 763 3
709 766 3
714 773 3
715 773 3
731 789 3
792 793 3
748 807 3
751 809 3
704 761 3
707 763 3
765 766 3
709 767 3
710 767 3
712 770 3
716 774 3
717 775 3
718 776 3
719 777 3
721 779 3
722 780 3
723 781 3
723 782 3
724 782 3
726 784 3
727 785 3
728 785 3
732 789 3
732 790 3
799 800 3
748 806 3
750 807 3
750 808 3
751 808 3
752 809 3
752 810 3
702 759 3
707 764 3
769 770 3
713 770 3
713 771 3
773 774 3
774 775 3
775 776 3
776 777 3
777 778 3
778 779 3
779 780 3
780 781 3
781 782 3
725 784 3
784 785 3
787 788 3
788 789 3
790 791 3
743 801 1
804 805 3
747 806 3
806 807 3
752 811 3
759 761 3
767 769 3
770 771 3
725 782 3
789 790 3
735 795 3
796 797 3
739 797 1
742 801 1
809 810 3
810 811 3
764 765 3
807 808 3
808 809 3
704 762 3
705 762 3
763 764 3
793 795 1
801 802 0
805 806 3
761 762 3
762 818 3
762 763 3
802 804 3
766 767 3
714 771 3
800 801 3
757 759 3
739 857 1
767 826 3
769 826 3
714 830 3
799 857 1
771 830 3
773 830 3
785 787 3
795 853 0
797 857 3
761 818 3
793 853 3
801 861 3
802 861 1
757 815 3
759 815 3
799 858 2
756 814 3
725 841 3
784 841 3
785 844 3
787 844 3
856 857 3
522 814 1
764 822 3
765 822 3
797 856 3
800 858 1
804 861 1
782 841 3
857 858 3
809 866 2
790 849 3
808 866 2
759 818 3
766 825 3
767 825 3
825 826 3
791 849 3
757 814 3
818 819 3
762 819 3
769 827 3
780 838 3
781 838 3
788 847 3
789 847 3
805 864 3
806 864 3
807 865 3
808 865 2
765 823 3
766 823 3
770 827 3
781 839 3
793 852 3
852 853 3
797 855 3
806 865 3
814 815 3
759 817 3
763 822 3
771 829 3
773 831 3
774 832 3
775 833 3
776 834 3
777 835 3
777 836 3
778 836 3
779 837 3
782 839 3
784 842 3
785 842 3
788 846 3
792 850 3
792 852 3
796 853 0
796 855 3
855 856 3
804 862 1
805 862 1
865 866 3
809 867 3
810 868 3
816 817 3
817 818 3
766 824 3
826 827 3
830 831 3
831 832 3
832 833 3
833 834 3
834 835 3
836 837 3
837 838 3
785 843 3
787 846 3
849 850 3
861 862 3
864 865 3
866 867 3
867 868 3
811 869 3
822 823 3
824 825 3
838 839 3
842 843 3
843 844 3
850 852 3
810 869 3
815 816 3
763 819 3
763 821 3
823 824 3
770 829 3
835 836 3
841 842 3
846 847 3
851 852 3
805 922 1
815 817 3
821 822 3
829 830 3
790 847 3
850 851 3
853 854 1
796 854 2
864 922 1
868 869 3
844 846 3
801 858 1
854 855 1
801 859 1
862 922 3
819 821 3
790 906 3
858 859 3
847 906 3
816 872 3
782 898 3
801 919 1
815 872 3
839 898 3
841 898 3
849 906 3
859 919 3
862 921 1
814 872 3
844 903 3
846 903 3
921 922 0
522 872 1
827 886 3
770 886 3
829 886 3
857 916 3
858 916 3
861 919 1
821 879 3
822 879 3
822 880 3
823 880 3
854 913 2
855 913 0
918 919 3
859 918 3
835 893 3
836 893 3
850 908 3
853 912 3
865 923 1
879 880 3
839 897 3
849 908 3
854 912 2
858 917 3
859 917 3
864 923 1
866 923 1
868 927 3
869 927 3
819 877 3
821 877 3
823 881 3
824 882 3
825 883 3
826 884 3
827 885 3
829 887 3
830 888 3
831 889 3
832 889 3
832 890 3
833 891 3
834 891 3
834 893 3
836 894 3
837 895 3
838 896 3
838 897 3
841 899 3
842 900 3
843 901 3
846 904 3
847 905 3
849 907 3
851 908 3
851 909 3
852 910 3
853 910 3
856 913 0
856 915 3
857 915 3
916 917 3
919 921 2
816 874 3
817 874 3
818 874 3
818 877 3
821 878 3
881 882 3
882 883 3
883 884 3
884 885 3
885 886 3
886 887 3
887 888 3
888 889 3
890 891 3
893 894 3
894 895 3
895 896 3
896 897 3
897 898 3
898 899 3
899 900 3
900 901 3
844 901 3
904 905 3
905 906 3
906 907 3
907 908 3
909 910 3
853 911 3
912 913 3
922 923 3
867 926 3
868 926 3
880 881 3
889 890 3
844 902 3
903 904 3
908 909 3
910 911 3
911 912 3
818 876 3
901 902 3
902 903 3
920 921 2
866 924 1
876 877 3
878 879 3
915 916 3
917 918 3
919 920 3
816 873 3
877 878 3
856 972 0
923 924 3
867 924 1
924 926 0
926 927 3
872 873 3
873 874 3
874 876 3
913 972 3
915 972 0
874 932 3
876 932 3
834 950 3
893 950 3
891 950 3
921 980 1
924 983 3
922 980 1
926 983 1
920 980 3
920 978 3
978 980 3
923 982 3
924 982 3
919 977 3
887 945 3
888 945 3
918 977 3
879 937 3
881 939 3
882 939 3
886 944 3
906 964 3
917 976 3
918 976 3
877 936 3
878 936 3
880 937 3
885 944 3
888 946 3
899 957 3
905 964 3
908 966 3
913 971 3
926 985 1
877 935 3
887 944 3
945 946 3
900 957 3
907 966 3
912 970 3
912 971 3
971 972 3
927 985 1
873 932 3
935 936 3
879 936 3
907 964 3
970 971 3
919 978 3
978 979 3
979 980 3
923 980 1
926 984 1
932 933 3
876 933 3
876 934 3
877 934 3
936 937 3
880 938 3
880 939 3
882 940 3
883 941 3
884 942 3
885 943 3
889 946 3
889 947 3
890 948 3
891 949 3
894 952 3
895 953 3
896 954 3
897 955 3
898 956 3
900 958 3
901 959 3
902 960 3
902 961 3
903 961 3
904 962 3
905 963 3
907 965 3
909 967 3
910 968 3
911 969 3
911 970 3
915 974 0
977 978 3
923 981 1
982 983 3
984 985 3
937 938 3
938 939 3
939 940 3
940 941 3
941 942 3
942 943 3
944 945 3
947 948 3
948 949 3
949 950 3
893 951 3
893 952 3
952 953 3
953 954 3
954 955 3
955 956 3
956 957 3
957 958 3
958 959 3
959 960 3
960 961 3
961 962 3
962 963 3
963 964 3
965 966 3
908 967 3
909 968 3
968 969 3
969 970 3
915 973 0
916 974 0
976 977 3
980 981 3
933 934 3
943 944 3
951 952 3
964 965 3
972 973 3
983 984 3
934 935 3
946 947 3
950 951 3
966 967 3
967 968 3
981 982 0
873 931 3
973 974 3
931 932 3
917 974 0
974 1034 1
917 1034 3
976 1034 3
522 873 1
522 931 1
972 1030 3
974 1032 3
1033 1034 1
973 1030 3
974 1033 3
982 1040 1
981 1040 3
982 1041 1
983 1041 1
949 1007 3
967 1025 3
971 1030 3
979 1038 3
980 1038 3
1040 1041 3
932 990 3
948 1007 3
966 1025 3
977 1036 3
978 1036 3
954 1012 3
955 1012 3
956 1015 3
957 1015 3
931 989 3
933 990 3
934 992 3
935 992 3
953 1011 3
964 1022 3
965 1024 3
966 1024 3
971 1029 3
984 1042 3
522 989 1
937 995 3
938 995 3
942 1001 3
943 1001 3
946 1005 3
947 1005 3
952 1011 3
961 1019 3
963 1022 3
970 1029 3
978 1037 3
979 1037 3
983 1042 3
985 1043 3
933 992 3
935 993 3
935 994 3
936 994 3
936 995 3
939 997 3
939 998 3
940 998 3
945 1003 3
945 1004 3
946 1004 3
948 1006 3
950 1007 3
954 1011 3
962 1019 3
973 1032 3
984 1043 3
933 991 3
938 996 3
941 999 3
942 1000 3
943 1002 3
944 1002 3
944 1003 3
1005 1006 3
1006 1007 3
950 1008 3
951 1009 3
952 1009 3
955 1013 3
956 1014 3
957 1016 3
958 1016 3
959 1017 3
960 1018 3
962 1020 3
963 1021 3
965 1022 3
965 1023 3
968 1026 3
969 1027 3
970 1028 3
1029 1030 3
973 1031 3
977 1034 3
977 1035 3
1036 1037 3
981 1038 3
931 990 3
990 991 3
991 992 3
992 993 3
993 994 3
994 995 3
995 996 3
996 997 3
997 998 3
998 999 3
999 1000 3
1000 1001 3
1003 1004 3
1004 1005 3
1007 1008 3
1008 1009 3
1012 1013 3
1013 1014 3
1016 1017 3
959 1018 3
1018 1019 3
1019 1020 3
1020 1021 3
1021 1022 3
1022 1023 3
1023 1024 3
1024 1025 3
1026 1027 3
1027 1028 3
1030 1031 3
1031 1032 3
1034 1035 3
1002 1003 3
1011 1012 3
1014 1015 3
1017 1018 3
968 1025 3
1028 1029 3
1032 1033 3
1035 1036 3
1042 1043 3
1041 1042 0
989 990 3
1015 1016 3
1037 1038 3
1001 1002 3
1025 1026 3
