0 1 3
1 2 3
2 3 3
3 4 3
4 5 3
5 6 3
6 7 3
7 8 3
8 9 3
9 10 3
10 11 3
11 13 3
13 14 1
14 15 3
15 16 3
16 17 3
17 18 3
18 19 3
19 20 3
20 21 3
21 22 3
22 24 2
24 25 0
25 83 0
25 26 3
26 27 3
27 28 3
28 29 3
29 30 3
30 31 3
31 32 3
32 33 3
33 34 3
34 35 3
35 36 3
36 37 3
37 38 2
38 39 2
39 40 0
40 41 3
41 42 3
42 43 3
43 44 3
44 45 3
45 46 3
46 47 3
47 48 1
48 49 3
49 108 0
50 108 3
50 51 3
51 52 3
52 53 3
53 54 3
54 55 3
55 56 3
56 57 3
7 65 3
11 70 3
13 70 3
22 81 2
24 81 0
52 109 3
53 109 3
5 63 3
6 63 3
33 91 3
34 91 3
42 101 3
43 101 3
6 65 3
22 80 0
47 105 3
48 105 0
15 73 2
16 75 3
17 75 3
21 80 0
54 112 3
14 73 3
16 74 3
30 88 3
31 88 3
35 151 3
38 96 3
42 100 3
55 112 3
4 62 3
9 67 3
15 74 2
28 86 3
32 90 3
34 151 3
39 96 2
41 100 3
51 109 3
109 111 3
53 111 3
3 61 3
3 62 3
4 63 3
10 67 3
11 69 3
20 78 0
33 90 3
39 97 3
100 101 3
44 102 3
46 104 3
50 109 3
55 113 3
0 58 3
8 66 3
9 66 3
10 68 3
69 70 3
13 73 1
74 75 3
17 76 3
18 76 3
18 77 3
80 81 1
25 84 3
26 84 3
27 85 3
28 85 3
29 86 3
36 95 3
37 95 3
40 97 1
40 98 3
41 99 3
43 102 3
45 103 3
45 104 3
48 107 3
49 107 3
53 112 3
56 113 3
57 115 3
2 61 3
61 62 3
62 63 3
7 66 3
67 68 3
11 68 3
73 74 3
19 77 3
19 78 3
21 78 0
24 83 1
95 96 2
96 97 2
97 98 0
98 99 3
99 100 3
102 103 3
104 105 3
107 108 0
56 115 3
2 60 3
65 66 3
66 67 3
21 79 2
26 85 3
29 88 3
90 91 3
91 151 3
101 102 3
103 104 3
48 106 3
108 109 3
111 112 3
112 113 3
1 58 3
1 60 3
60 61 3
75 76 3
76 77 3
78 79 1
79 80 0
85 86 3
36 94 3
105 106 1
107 223 0
108 223 3
77 78 3
94 95 3
109 110 3
63 64 3
6 64 3
68 69 3
84 85 3
31 90 3
64 65 3
81 83 1
83 84 1
106 107 3
113 115 3
35 94 3
58 60 3
80 138 3
81 138 2
86 88 3
110 111 3
115 172 3
73 131 3
94 151 3
113 172 3
70 129 3
13 129 3
13 130 3
13 131 3
88 90 1
129 130 3
86 145 3
88 145 3
88 146 3
94 152 3
95 152 3
65 123 3
90 146 0
115 173 3
58 117 3
66 123 3
83 140 0
90 148 3
60 117 3
81 140 1
83 141 1
84 141 3
172 173 3
64 123 3
130 131 3
97 155 3
105 163 3
60 118 3
61 118 3
62 120 3
63 120 3
66 125 3
67 125 3
74 131 2
78 136 3
91 150 3
150 151 3
99 157 3
100 158 3
104 163 3
108 166 3
109 167 3
110 169 3
112 170 3
63 122 3
64 122 3
138 140 3
84 142 3
86 144 3
145 146 3
91 148 3
95 153 3
98 157 3
99 158 3
101 159 3
166 223 3
108 167 3
109 168 3
110 168 3
111 170 3
58 116 3
63 121 3
68 126 3
69 127 3
70 128 3
76 135 3
77 135 3
138 139 3
85 142 3
144 145 3
146 205 3
90 205 0
91 149 3
96 153 2
96 154 3
98 156 3
100 159 3
102 159 3
102 160 3
103 161 3
104 162 3
106 163 0
106 164 3
107 164 3
166 167 3
111 169 3
113 171 3
61 119 3
61 120 3
122 123 3
125 126 3
126 127 3
127 128 3
128 129 3
78 135 3
79 138 0
139 140 3
85 144 3
154 155 2
97 156 0
156 157 3
157 158 3
158 159 3
160 161 3
161 162 3
168 169 3
169 170 3
113 170 3
116 117 3
118 119 3
120 121 3
121 122 3
123 125 3
75 134 3
76 134 3
140 141 3
148 149 3
149 150 3
153 154 2
155 156 0
159 160 3
162 163 3
171 172 3
117 118 3
74 132 3
148 205 0
151 152 3
163 164 1
107 165 3
167 168 3
170 171 3
119 120 3
135 136 3
85 143 3
143 144 3
152 153 3
164 165 3
131 132 2
165 223 0
78 137 1
136 137 3
79 137 3
168 226 3
169 226 3
75 132 3
141 142 3
137 138 0
132 134 3
134 135 3
167 226 3
129 188 3
130 188 3
167 225 3
123 182 3
125 182 3
125 183 3
126 183 3
138 196 3
142 143 3
225 226 3
172 230 3
126 184 3
137 196 0
139 196 3
151 209 3
152 209 3
173 230 3
126 185 3
148 206 3
171 230 3
116 174 3
122 180 3
183 184 3
127 185 3
132 191 0
134 191 0
145 204 3
146 204 3
205 206 1
154 212 3
166 225 3
118 176 3
130 189 3
131 189 3
141 199 3
141 200 3
142 200 3
149 207 3
158 217 3
159 217 3
163 221 3
164 221 0
164 222 3
165 222 3
119 176 3
121 180 3
123 181 3
128 185 3
128 186 3
129 187 3
132 190 0
144 202 3
148 207 3
150 207 3
150 208 3
153 211 3
155 212 3
155 213 3
156 214 3
157 215 3
158 216 3
160 217 3
160 218 3
160 219 3
161 219 3
162 220 3
223 224 3
166 224 3
169 228 3
170 228 3
173 231 3
119 177 3
120 177 3
121 179 3
122 181 3
180 181 3
184 185 3
186 187 3
187 188 3
188 189 3
134 192 0
139 197 3
140 197 3
143 202 3
206 207 3
151 208 3
152 211 3
153 212 1
155 214 0
214 215 3
215 216 3
219 220 3
220 221 3
221 222 1
171 228 3
171 229 3
230 231 3
120 178 3
121 178 3
181 182 3
185 186 3
132 189 3
190 191 3
191 192 3
134 136 3
140 256 3
140 199 3
143 200 3
144 204 3
212 213 3
216 217 3
218 219 3
228 229 3
229 230 3
117 176 3
176 177 3
204 205 3
178 179 3
179 180 3
197 256 3
208 209 3
226 228 3
155 271 3
177 178 3
196 197 3
202 204 3
204 262 3
213 271 3
214 271 1
217 218 3
224 225 3
189 190 3
136 194 0
199 256 3
199 200 3
205 262 3
207 208 3
211 212 1
117 174 3
174 232 3
117 232 3
137 194 0
136 192 0
262 263 3
205 263 3
117 233 3
182 183 3
200 259 3
143 259 3
202 259 3
232 233 3
176 233 3
196 253 3
209 268 3
152 268 3
165 280 3
194 196 3
222 280 3
223 280 1
192 194 3
192 250 3
194 251 3
194 252 3
204 261 3
206 264 0
202 261 3
211 268 3
271 504 3
191 249 3
191 250 3
251 252 3
205 264 3
209 267 3
214 504 1
226 285 3
178 236 3
188 305 3
189 305 3
208 267 3
214 273 3
215 273 3
224 282 3
225 282 3
228 285 3
177 236 3
187 246 3
188 246 3
207 264 0
207 265 0
217 275 3
218 275 3
231 289 3
179 237 3
180 237 3
181 239 3
182 239 3
183 241 3
184 241 3
190 249 3
208 265 0
218 277 3
223 281 3
223 282 3
228 286 3
178 237 3
192 251 3
256 257 3
199 257 3
199 258 3
200 258 3
264 265 3
211 269 3
212 270 3
219 277 3
220 278 3
221 280 1
281 282 3
229 286 3
176 234 3
176 235 3
177 235 3
180 238 3
184 242 3
185 242 3
185 243 3
186 244 3
187 245 3
196 254 3
197 254 3
258 259 3
261 262 3
267 268 3
268 269 3
211 270 1
213 270 3
216 274 3
219 278 3
221 279 3
225 283 3
229 287 3
230 288 3
230 289 3
233 234 3
237 238 3
180 239 3
182 241 3
241 242 3
243 244 3
244 245 3
245 246 3
246 305 3
257 258 3
263 264 3
214 272 3
273 274 3
274 275 3
278 279 3
279 280 1
282 283 3
226 283 3
226 284 3
230 287 3
288 289 3
234 235 3
235 236 3
182 240 3
259 318 3
202 318 3
269 270 1
270 271 3
272 504 1
218 276 3
280 281 0
284 285 3
286 287 3
236 237 3
240 241 3
242 243 3
250 251 3
253 254 3
208 266 0
272 273 3
276 277 3
287 288 3
277 278 3
285 286 3
238 239 3
261 319 3
262 319 3
265 266 3
266 267 1
275 276 3
283 284 3
194 253 3
194 311 3
239 240 3
253 311 3
238 297 3
239 297 3
252 311 3
261 318 3
275 333 3
256 313 3
276 333 3
190 305 3
197 313 3
259 316 3
305 306 3
190 306 3
258 316 3
244 302 3
249 306 3
254 313 3
245 302 3
249 307 3
268 326 3
284 344 3
285 344 3
286 344 3
234 292 3
235 292 3
240 299 3
241 299 3
191 307 3
267 326 3
287 344 3
250 308 3
251 308 3
254 312 3
256 314 3
265 323 3
266 323 3
276 334 3
279 337 1
280 337 3
282 340 3
236 294 3
240 298 3
253 312 3
269 326 3
333 334 3
283 340 3
235 293 3
237 294 3
237 295 3
263 321 3
283 341 3
284 341 3
284 342 3
287 345 3
289 347 3
232 290 3
233 292 3
236 293 3
238 295 3
238 296 3
298 299 3
243 301 3
245 303 3
246 304 3
191 308 3
251 309 3
252 310 3
311 312 3
262 320 3
262 321 3
264 323 3
269 328 1
270 328 3
271 329 3
272 330 3
273 331 3
274 332 3
277 335 3
278 336 3
280 338 3
281 339 3
340 341 3
341 342 3
344 345 3
288 346 3
296 297 3
239 298 3
242 301 3
244 301 3
302 303 3
303 304 3
306 307 3
308 309 3
309 310 3
310 311 3
257 316 3
319 320 3
320 321 3
328 329 3
330 331 3
331 332 3
332 333 3
276 335 3
335 336 3
336 337 1
337 338 3
280 339 0
282 339 3
345 346 3
346 347 3
292 293 3
293 294 3
294 295 3
242 299 3
242 300 3
329 504 3
330 504 1
280 396 3
342 344 3
300 301 3
301 302 3
304 305 3
316 376 2
259 376 3
338 396 3
339 396 1
295 296 3
297 298 3
318 376 3
318 319 3
269 327 0
339 340 3
264 321 3
266 383 3
267 383 0
327 328 1
334 335 3
312 313 3
313 314 3
266 382 3
326 383 0
326 327 0
307 308 3
375 376 1
321 323 3
256 316 3
323 382 3
382 383 3
233 290 3
233 349 3
299 300 3
316 375 3
323 380 3
290 349 3
256 374 3
316 374 3
321 380 3
292 349 3
295 353 3
314 374 3
319 376 3
296 353 3
374 375 3
319 377 3
344 401 3
293 352 3
294 352 3
314 373 3
342 401 3
314 372 3
298 356 3
372 373 3
373 374 3
376 377 3
320 379 3
321 379 3
333 391 3
299 356 3
327 385 3
332 391 3
340 399 3
341 399 3
345 403 3
297 356 3
301 359 3
305 363 3
306 363 3
312 371 3
313 371 3
326 385 0
334 391 3
342 399 3
292 350 3
300 358 3
301 358 3
302 359 3
306 364 3
380 438 3
337 396 3
339 397 3
344 403 3
347 405 3
349 350 3
293 351 3
296 355 3
299 357 3
358 359 3
302 361 3
303 361 3
363 364 3
306 365 3
307 365 3
308 365 3
308 366 3
309 367 3
310 368 3
311 369 3
312 370 3
323 438 0
328 386 3
330 388 3
331 388 3
334 392 3
335 392 3
335 393 3
336 394 3
337 395 3
396 397 0
340 398 3
342 400 3
345 404 3
346 404 3
290 348 3
350 351 3
352 353 3
353 355 3
297 355 3
356 357 3
357 358 3
366 367 3
367 368 3
368 369 3
369 370 3
370 371 3
314 371 3
326 384 3
385 386 1
329 386 3
331 389 3
332 389 3
393 394 3
394 395 1
395 396 3
397 398 3
398 399 3
400 401 3
404 405 3
351 352 3
304 361 3
364 365 3
365 366 3
371 372 3
383 384 1
329 445 3
399 400 3
304 362 3
326 443 0
388 504 1
388 389 3
391 392 3
392 393 3
348 349 3
361 362 3
305 362 3
379 380 3
385 443 3
386 445 3
332 390 3
320 377 3
384 443 0
445 504 3
389 390 3
390 391 3
403 404 3
355 356 3
323 497 3
362 363 3
320 436 3
382 497 3
382 440 3
344 459 3
403 459 3
438 497 1
440 497 3
401 459 3
353 412 3
377 436 0
379 436 3
355 412 3
377 435 3
390 449 3
361 419 3
362 419 3
375 434 1
391 449 3
396 454 3
372 430 3
376 434 3
380 436 3
397 454 1
350 408 3
359 418 3
302 418 3
373 430 3
435 436 0
361 418 3
363 422 3
364 422 3
349 408 3
349 407 3
352 411 3
353 411 3
383 440 3
407 408 3
351 410 3
352 410 3
377 434 3
400 459 3
365 422 3
370 429 3
371 429 3
375 433 3
434 435 3
389 447 3
390 447 3
393 451 3
394 452 3
348 407 3
359 417 3
362 420 3
374 433 3
380 494 0
395 452 0
395 454 3
398 456 3
400 458 3
403 461 3
348 406 3
351 408 3
351 409 3
409 410 3
411 412 3
356 414 3
358 417 3
419 420 3
363 420 3
363 421 3
365 423 3
366 424 3
367 425 3
368 425 3
368 426 3
369 427 3
370 427 3
373 431 3
374 432 3
436 494 2
383 441 3
384 441 0
384 442 3
386 443 0
386 444 3
392 449 3
393 452 3
395 453 3
397 455 3
399 456 3
399 458 3
404 461 3
404 462 3
405 463 3
420 421 3
421 422 3
422 423 3
423 424 3
424 425 3
426 427 3
429 430 3
430 431 3
431 432 3
432 433 3
443 444 1
444 445 3
388 446 3
392 451 3
451 452 3
452 453 1
453 454 3
454 455 0
455 456 3
399 457 3
461 462 3
462 463 3
406 407 3
357 414 3
358 416 3
417 418 3
442 443 0
389 446 3
447 449 3
408 409 3
355 414 3
418 419 3
440 441 3
441 442 1
456 457 3
457 458 3
458 459 3
425 426 3
370 428 3
459 460 3
459 461 3
427 428 3
428 429 3
410 411 3
416 417 3
438 494 3
460 461 3
358 474 3
436 493 1
446 504 1
447 506 3
358 414 3
416 474 3
435 493 3
449 507 3
392 507 3
451 507 3
355 471 3
414 471 3
414 473 3
414 474 3
446 447 3
473 474 3
507 508 3
449 506 3
506 507 3
451 508 3
459 517 3
463 521 3
412 471 3
493 494 3
458 517 3
462 521 3
420 478 3
421 478 3
438 496 3
412 470 3
445 503 3
453 511 3
406 464 3
410 468 3
417 475 3
375 492 1
494 496 3
503 504 3
446 505 3
454 511 3
458 516 3
516 517 3
407 464 3
409 468 3
411 470 3
470 471 3
421 479 3
429 487 3
431 489 2
434 492 3
442 500 3
444 502 3
444 503 3
447 505 3
457 515 3
458 515 3
462 520 3
520 521 3
408 466 3
409 466 3
409 467 3
418 476 3
419 477 3
419 478 3
478 479 3
422 480 3
423 481 3
424 482 3
426 484 3
427 484 3
427 485 3
428 485 3
428 487 3
430 488 2
441 500 1
443 500 1
443 502 1
454 512 3
455 513 3
456 514 3
460 517 3
460 518 1
411 468 3
476 477 3
479 480 3
480 481 3
481 482 3
425 482 3
425 484 3
428 486 3
487 488 3
431 490 2
432 490 2
446 563 3
505 506 3
452 511 1
455 512 1
455 570 1
513 514 3
514 515 3
515 516 3
461 518 1
461 519 1
462 519 1
407 465 3
408 465 3
467 468 3
417 474 3
417 476 3
477 478 3
425 483 3
484 485 3
430 489 2
502 503 3
504 563 0
452 510 3
511 512 3
512 570 3
513 570 1
464 465 3
466 467 3
414 472 3
474 475 3
485 486 3
486 487 3
489 490 3
443 501 3
451 510 3
510 511 1
517 518 1
519 520 0
471 472 3
475 476 3
483 484 3
488 489 3
501 502 1
411 527 3
482 483 3
500 501 0
505 563 3
465 466 3
468 527 3
472 473 3
489 547 3
490 547 3
433 490 3
435 492 3
508 509 3
451 509 3
518 519 3
470 527 3
433 492 1
509 510 3
470 529 3
492 493 3
518 576 3
471 529 3
490 492 3
438 555 1
497 555 2
519 576 3
496 555 3
500 556 0
506 565 2
490 549 3
492 549 2
441 556 1
506 563 3
485 543 2
496 554 3
440 555 1
503 561 3
473 531 3
474 531 3
479 538 2
480 538 2
481 539 2
482 539 2
484 543 2
486 543 3
494 554 3
440 556 1
502 561 3
504 562 3
507 565 2
466 524 3
471 530 3
476 534 3
477 534 3
480 539 2
493 554 2
555 556 3
503 562 3
509 567 3
517 576 1
520 579 3
521 579 3
464 522 3
465 523 3
468 526 3
472 530 3
475 533 2
477 535 2
478 536 2
479 536 2
482 540 2
484 542 2
490 548 3
510 569 1
511 569 3
513 572 1
514 572 1
516 573 2
516 574 1
517 574 1
465 522 3
466 523 3
467 526 3
529 530 3
475 534 3
535 536 3
538 539 3
483 540 2
483 542 2
542 543 3
488 546 3
548 549 3
493 552 2
552 554 3
569 570 3
513 571 2
515 573 2
517 575 1
472 531 3
474 533 2
534 535 3
479 537 2
537 538 3
539 540 3
483 541 2
546 547 3
500 558 3
501 559 1
508 565 2
570 571 0
573 574 1
575 576 3
467 524 3
526 527 3
530 531 3
531 532 3
474 532 2
532 533 3
533 534 3
536 537 3
540 541 3
541 542 3
556 558 3
500 559 0
508 566 3
509 566 3
510 568 3
571 572 1
514 573 2
487 546 3
492 550 2
554 555 3
502 559 0
568 569 1
519 579 0
522 523 3
527 529 3
547 548 3
549 550 3
493 550 2
561 562 3
562 563 0
509 568 3
524 526 3
487 543 3
493 551 2
563 565 3
565 566 3
566 567 3
567 568 3
519 636 3
523 524 3
550 551 3
551 552 3
576 636 3
579 636 1
543 546 3
558 559 3
574 575 3
572 573 0
543 602 3
554 611 3
556 616 3
559 561 1
546 602 3
579 637 1
522 580 2
534 592 3
535 592 3
554 612 3
558 616 3
559 618 3
561 618 3
563 623 3
565 623 3
574 633 3
575 633 3
524 582 3
546 605 3
547 605 3
552 611 3
611 612 3
636 637 3
526 582 3
554 613 3
555 613 3
571 630 3
572 630 2
529 586 2
523 581 2
524 581 3
527 586 2
531 590 2
532 590 3
539 597 3
546 604 3
552 610 3
556 613 3
561 619 3
565 625 3
566 625 3
576 633 3
523 580 2
540 597 3
604 605 3
610 611 3
618 619 3
563 621 1
538 596 3
543 600 3
623 625 3
570 628 3
571 628 1
533 591 3
535 594 3
536 594 3
537 595 3
539 596 3
542 600 3
600 602 3
546 603 3
548 606 3
549 607 3
550 608 3
551 609 3
559 617 3
562 619 3
568 626 3
569 626 0
569 627 3
580 581 3
581 582 3
527 585 2
530 588 2
534 591 3
595 596 3
541 600 3
605 606 3
606 607 3
607 608 3
608 609 3
609 610 3
558 617 2
617 618 3
562 620 2
562 621 2
567 625 3
627 628 3
573 631 2
576 634 3
634 636 3
526 585 2
585 586 3
592 594 3
592 593 3
537 594 3
602 603 3
620 621 3
572 631 2
574 631 2
635 636 3
530 590 2
591 592 3
593 594 3
594 595 3
596 597 3
541 599 3
612 613 3
616 617 3
625 626 3
631 633 3
634 635 3
530 587 2
587 588 3
533 590 3
599 600 3
603 604 3
633 634 3
586 587 3
529 587 1
588 590 3
540 598 3
626 627 1
571 688 2
600 601 3
601 602 3
616 672 3
619 620 3
628 688 0
630 688 3
582 583 3
526 583 3
540 599 3
613 672 3
556 672 3
598 599 3
621 679 3
583 585 3
590 591 3
621 623 3
630 631 3
597 598 3
611 670 3
616 673 3
623 681 3
623 683 3
625 683 3
612 670 3
672 673 3
620 679 3
621 681 3
631 690 3
620 678 3
623 682 3
682 683 3
585 587 3
597 656 3
598 657 3
628 687 3
631 688 3
631 689 3
633 690 1
585 642 3
588 647 3
591 650 3
592 650 3
598 656 3
599 657 3
621 680 3
681 682 3
687 688 0
583 642 3
585 643 3
590 647 3
656 713 3
602 660 3
603 660 3
680 681 3
633 691 1
581 640 3
582 640 3
587 643 3
596 654 3
603 661 3
605 663 3
606 663 3
679 680 3
688 689 3
689 690 3
634 691 1
580 638 3
590 648 3
591 649 3
593 650 3
593 651 3
594 651 3
601 660 3
604 661 3
609 668 3
610 668 3
611 668 3
616 732 3
628 686 3
635 693 2
636 693 2
637 695 2
581 638 3
583 640 3
587 644 3
587 646 3
647 648 3
597 654 3
656 657 3
601 659 3
609 667 3
612 671 3
613 671 3
673 732 3
617 676 3
618 677 3
619 677 3
627 686 3
690 691 3
634 692 1
634 693 2
636 695 2
640 641 3
583 641 3
641 642 3
642 643 3
587 645 3
588 646 3
594 652 2
594 653 3
595 653 3
654 656 3
659 660 3
604 663 3
606 664 3
607 665 3
608 666 3
608 667 3
671 672 3
616 676 3
620 677 3
627 685 3
691 692 3
590 649 3
649 650 3
651 652 3
600 657 3
601 716 3
664 665 3
665 666 3
667 668 3
670 671 3
677 678 3
678 679 3
685 686 3
643 644 3
645 646 3
646 647 3
648 649 3
652 653 3
600 716 3
604 662 3
676 732 3
618 676 3
626 683 3
626 684 3
626 685 1
644 645 3
650 651 3
659 716 3
660 661 3
666 667 3
676 677 3
684 685 1
686 687 3
693 695 3
581 639 3
595 654 3
657 716 3
662 663 3
663 664 3
654 712 3
661 662 3
638 639 3
692 693 3
653 654 3
611 727 3
639 640 3
668 727 3
670 727 3
683 684 3
654 713 3
676 733 3
712 713 3
732 733 3
653 711 3
654 711 3
690 748 2
679 737 3
689 748 3
657 715 3
639 698 3
647 706 3
648 706 3
715 716 3
690 749 3
691 749 3
693 752 2
640 699 3
641 699 3
643 701 3
711 712 3
673 731 3
731 732 3
695 752 2
640 698 3
642 700 3
642 701 3
644 701 3
650 708 1
672 730 3
678 737 3
684 742 1
686 744 3
687 744 3
638 696 3
639 696 3
639 697 3
697 698 3
641 700 3
648 707 3
649 707 3
650 707 1
651 709 1
656 714 3
657 714 3
670 728 3
671 730 3
672 731 3
685 742 2
748 749 3
693 751 2
696 697 3
708 709 3
653 710 3
714 715 3
659 717 3
660 718 3
661 719 3
662 720 3
663 721 3
664 721 3
664 723 3
665 723 3
666 724 3
666 725 3
667 725 3
668 726 3
727 728 3
678 736 3
682 741 1
683 741 1
685 743 3
687 745 3
692 749 3
695 753 2
698 699 3
699 700 3
646 704 3
706 707 3
707 708 3
652 709 2
652 710 2
716 717 3
717 718 3
661 718 3
719 720 3
720 721 3
723 724 3
725 726 3
726 727 3
677 735 3
678 735 3
680 738 3
681 739 1
682 739 1
742 743 3
686 743 3
744 745 3
688 746 1
692 751 3
751 752 3
700 701 3
644 702 3
645 704 3
646 705 3
647 705 3
709 710 3
676 735 3
679 738 3
681 738 2
683 742 1
687 746 3
701 702 3
710 711 3
718 719 3
730 731 3
676 792 3
735 792 3
736 737 3
682 798 1
741 742 3
743 744 3
692 750 3
645 702 3
704 705 3
713 714 3
671 787 3
733 792 3
749 750 3
750 751 3
705 706 3
724 725 3
738 739 3
739 798 3
689 746 1
645 703 3
721 723 3
670 787 3
735 736 3
741 798 3
745 746 3
748 864 1
702 703 3
703 704 3
730 787 3
689 864 1
737 738 3
752 753 3
746 864 1
743 802 2
744 802 2
723 780 3
721 780 3
732 790 3
752 810 2
708 765 2
727 786 3
728 786 3
733 790 3
739 797 3
797 798 3
751 810 2
707 765 3
713 771 3
714 771 3
727 785 3
728 787 3
708 766 3
715 774 3
716 774 3
726 785 3
736 794 3
709 766 3
785 786 3
731 790 3
735 794 3
753 810 2
702 759 3
703 759 3
765 766 3
712 771 3
717 774 3
735 793 3
736 795 3
737 795 3
749 807 3
699 758 3
700 758 3
701 759 3
714 772 3
733 791 3
793 794 3
748 806 1
748 807 3
750 809 1
751 809 1
697 755 3
698 755 3
699 757 3
711 768 3
771 772 3
715 772 3
717 775 3
718 775 3
787 788 3
730 788 3
790 791 3
791 792 3
737 796 3
738 796 3
738 797 3
741 799 3
743 800 3
806 864 3
749 808 3
750 808 1
753 811 1
696 754 3
698 757 3
757 758 3
701 758 3
709 767 3
710 767 3
710 768 3
711 769 3
712 769 3
712 770 3
715 773 3
774 775 3
718 776 3
719 777 3
720 778 3
721 779 3
779 780 3
723 781 3
724 782 3
725 783 3
726 784 3
731 789 3
792 793 3
742 800 3
806 807 3
809 810 3
754 755 3
758 759 3
703 761 3
703 762 3
704 762 3
705 762 3
706 764 3
770 771 3
772 773 3
775 776 3
776 777 3
777 778 3
721 778 3
780 781 3
781 782 3
782 783 3
783 784 3
784 785 3
731 788 3
789 790 3
741 800 3
745 803 2
807 808 3
808 809 3
810 811 1
698 756 3
759 761 3
761 762 3
707 764 3
778 779 3
786 787 3
794 795 3
796 797 3
799 800 3
746 803 2
705 764 3
766 767 3
767 768 3
756 757 3
705 763 3
768 769 3
773 774 3
788 789 3
795 796 3
798 799 3
744 803 2
755 756 3
763 764 3
764 765 3
762 763 3
769 770 3
800 802 3
802 803 3
786 845 3
787 845 3
803 862 2
746 862 1
746 805 1
805 864 0
805 862 3
759 818 1
761 818 1
798 857 3
799 857 3
759 817 1
768 827 3
769 827 3
817 818 3
770 827 3
758 817 1
792 850 3
793 850 3
802 859 3
774 832 3
780 838 3
781 838 3
796 854 3
807 865 3
775 832 3
777 835 3
786 844 3
791 850 3
797 854 2
806 865 2
810 868 2
758 816 3
763 821 3
764 821 3
765 823 3
772 831 3
773 831 3
778 835 3
785 844 3
787 846 3
788 846 3
794 853 3
795 853 3
800 858 3
811 868 3
755 814 3
756 814 3
762 820 3
764 822 3
766 823 3
768 826 3
775 833 3
776 833 3
789 846 3
789 848 3
790 848 3
797 855 3
798 855 3
802 858 3
808 866 3
809 867 3
754 812 3
755 813 2
757 815 3
763 820 3
766 824 3
826 827 3
770 828 3
771 829 3
772 830 3
776 834 3
778 836 3
779 837 3
781 839 3
782 840 3
783 841 3
784 842 3
785 843 3
844 845 3
789 847 3
791 849 3
793 851 3
794 852 3
858 859 3
803 861 2
864 865 0
811 869 3
812 813 0
813 814 1
756 815 3
815 816 3
762 818 1
820 821 3
822 823 3
767 824 3
827 828 3
828 829 3
829 830 3
830 831 3
831 832 3
832 833 3
833 834 3
834 835 3
835 836 3
836 837 3
837 838 3
838 839 3
839 840 3
840 841 3
841 842 3
842 843 3
843 844 3
845 846 3
846 847 3
848 849 3
849 850 3
850 851 3
851 852 3
852 853 3
853 854 3
802 861 2
808 867 3
810 867 2
767 826 3
802 860 3
805 863 3
863 864 2
866 867 3
868 869 3
821 822 3
859 860 3
867 868 3
816 817 1
823 824 3
798 914 2
857 914 3
860 861 3
808 865 3
762 819 1
847 848 3
854 855 3
865 866 3
855 914 3
799 858 3
861 862 3
814 815 3
818 819 3
824 826 3
857 858 3
819 820 3
862 863 3
846 904 3
861 920 3
845 904 3
857 915 3
862 920 3
858 915 3
824 883 3
826 883 3
863 921 3
864 921 3
817 875 2
818 875 2
914 915 3
819 877 3
855 913 3
818 876 3
820 877 3
845 903 3
854 913 3
819 876 3
823 881 3
824 881 3
835 894 3
844 903 3
865 980 2
875 876 3
822 880 3
826 884 3
831 889 3
836 894 3
863 920 3
864 980 3
816 875 3
823 880 3
824 882 3
827 884 3
827 886 3
828 886 3
832 889 3
832 891 3
833 891 3
834 892 3
835 892 3
812 870 3
813 871 1
814 871 3
821 879 3
821 880 3
882 883 3
827 885 3
829 887 3
830 888 3
837 895 3
838 896 3
839 897 3
840 898 3
841 899 3
842 900 3
843 901 3
844 902 3
847 906 3
848 906 3
849 908 3
850 908 3
851 909 3
852 910 3
853 911 3
854 912 3
923 980 0
865 923 1
866 924 1
867 925 1
868 926 1
869 927 1
870 871 3
876 877 3
820 878 3
820 879 3
884 885 3
885 886 3
828 887 3
887 888 3
831 888 3
891 892 3
835 893 3
894 895 3
837 896 3
896 897 3
897 898 3
898 899 3
899 900 3
900 901 3
901 902 3
902 903 3
850 909 3
909 910 3
910 911 3
911 912 3
912 913 3
865 924 1
925 926 0
926 927 1
814 872 3
815 872 3
816 874 3
877 878 3
879 880 3
883 884 3
886 887 3
893 894 3
895 896 3
913 914 3
861 919 3
920 921 3
923 924 3
874 875 3
878 879 3
880 881 3
888 889 3
889 890 3
832 890 3
892 893 3
903 904 3
849 906 3
919 920 3
866 925 1
816 872 3
908 909 3
921 980 3
924 925 3
871 872 3
881 882 3
906 908 3
860 919 3
890 891 3
816 931 3
915 974 3
858 974 3
858 860 3
860 974 3
874 931 3
846 906 3
914 972 3
860 975 3
913 972 3
872 931 3
974 975 3
919 975 3
881 939 3
908 965 3
882 939 3
904 963 3
846 963 3
906 965 3
921 979 3
872 930 3
880 938 3
914 973 3
915 973 3
919 977 3
925 982 3
871 929 3
930 931 3
881 938 3
882 940 3
883 941 3
884 941 3
888 946 3
904 962 3
908 967 3
909 967 3
972 973 3
920 979 3
924 982 3
926 984 1
872 929 3
877 935 3
883 940 3
887 946 3
903 962 3
912 971 3
913 971 3
975 977 3
923 981 0
927 984 3
929 930 3
876 933 3
878 935 3
878 936 3
879 937 3
889 947 3
895 953 3
896 953 3
902 960 3
903 960 3
919 978 3
920 978 3
980 981 3
870 928 3
874 932 3
875 933 3
879 936 3
880 937 3
939 940 3
940 941 3
884 942 3
885 943 3
886 944 3
887 945 3
890 947 3
891 949 3
892 950 3
893 950 3
893 951 3
894 952 3
896 954 3
897 955 3
898 956 3
899 957 3
900 958 3
901 959 3
903 961 3
910 968 3
911 969 3
912 970 3
925 983 3
927 985 3
871 928 3
931 932 3
875 932 3
876 934 3
877 934 3
938 939 3
941 942 3
942 943 3
943 944 3
944 945 3
945 946 3
946 947 3
890 949 3
949 950 3
951 952 3
952 953 3
954 955 3
955 956 3
956 957 3
957 958 3
958 959 3
959 960 3
962 963 3
909 968 3
968 969 3
969 970 3
978 979 3
981 982 3
982 983 3
983 984 3
950 951 3
953 954 3
960 961 3
961 962 3
846 1022 3
906 1022 3
973 974 3
984 985 3
932 933 3
934 935 3
935 936 3
936 937 3
970 971 3
971 972 3
928 929 3
933 934 3
963 1022 3
937 938 3
965 1022 3
967 968 3
977 978 3
979 980 3
965 967 3
931 990 3
975 1033 3
975 1034 3
977 1034 3
932 990 3
974 1033 3
935 993 3
936 993 3
890 1006 3
949 1006 3
974 1032 3
934 993 3
965 1024 3
967 1024 3
973 1032 3
936 994 3
937 994 3
947 1006 3
965 1023 3
933 990 3
937 995 3
938 995 3
949 1007 3
1023 1024 3
967 1025 3
972 1030 3
977 1035 3
979 1038 3
980 1038 3
982 1040 3
983 1040 3
931 989 2
934 992 3
939 997 3
940 997 3
941 999 3
950 1007 3
956 1014 3
959 1017 3
960 1017 3
962 1021 3
963 1021 3
968 1025 3
971 1030 3
973 1030 3
1032 1033 3
978 1035 3
981 1040 3
983 1041 3
930 989 2
989 990 3
933 991 3
992 993 3
938 996 3
942 999 3
944 1002 3
945 1002 3
945 1003 3
946 1003 3
952 1010 3
955 1014 3
957 1014 3
960 1018 3
961 1018 3
969 1027 3
970 1028 3
971 1028 3
1033 1034 3
978 1036 3
981 1038 3
1040 1041 3
928 986 2
929 987 2
930 988 2
934 991 3
994 995 3
995 996 3
938 997 3
940 998 3
940 999 3
942 1000 3
943 1001 3
946 1004 3
947 1005 3
950 1008 3
951 1009 3
951 1010 3
953 1011 3
954 1012 3
955 1013 3
957 1015 3
958 1015 3
958 1016 3
958 1017 3
961 1020 3
962 1020 3
1024 1025 3
968 1027 3
969 1028 3
971 1029 3
973 1031 3
1035 1036 3
979 1037 3
981 1039 3
984 1042 1
985 1043 3
986 987 3
987 988 3
988 989 3
998 999 3
1000 1001 3
1001 1002 3
1004 1005 3
1007 1008 3
1008 1009 3
1010 1011 3
1011 1012 3
1012 1013 3
1013 1014 3
1022 1023 3
1028 1029 3
1029 1030 3
1030 1031 3
1031 1032 3
1034 1035 3
1036 1037 3
1037 1038 3
1039 1040 3
1041 1042 1
1042 1043 2
990 991 3
991 992 3
993 994 3
996 997 3
997 998 3
999 1000 3
1005 1006 3
1006 1007 3
1009 1010 3
1014 1015 3
1016 1017 3
1020 1021 3
1002 1003 3
1003 1004 3
1015 1016 3
1017 1018 3
1027 1028 3
1038 1039 3
1018 1020 3
