0 1 3
1 2 3
2 3 3
3 4 3
4 5 3
5 6 3
6 7 3
7 8 3
8 9 3
9 10 3
10 11 3
11 13 3
13 14 2
14 15 2
15 16 3
16 17 3
17 18 1
18 136 0
20 136 0
20 22 0
21 22 0
22 23 0
23 26 3
26 27 3
27 28 3
28 29 3
29 31 3
31 32 3
32 33 3
33 35 3
35 36 3
36 37 3
37 38 3
38 39 3
39 40 3
40 41 3
41 42 3
42 43 3
43 44 3
44 45 3
45 46 3
46 47 3
47 48 3
48 49 3
49 51 3
51 52 3
52 53 3
53 54 3
54 55 3
55 56 3
56 57 3
20 21 3
31 88 3
53 111 3
29 88 3
49 107 3
52 111 3
23 81 1
35 92 3
33 92 3
23 84 3
81 84 0
33 91 3
91 92 3
26 84 3
11 70 3
13 72 3
14 72 0
13 70 3
51 165 3
15 73 3
46 105 3
47 105 3
48 107 3
32 90 3
107 165 3
4 63 3
5 63 3
5 64 3
6 64 3
6 65 3
7 65 3
9 68 3
10 68 3
14 73 2
33 90 3
37 95 3
38 95 3
47 106 3
48 106 3
51 107 3
57 115 3
8 67 3
9 67 3
13 71 3
16 74 3
17 74 3
31 89 1
31 90 3
36 94 3
39 97 3
44 102 3
45 102 3
46 104 3
55 114 3
56 114 3
4 61 3
64 65 3
11 69 3
71 72 3
20 79 3
21 79 3
90 91 3
38 97 3
45 104 3
0 59 3
1 59 3
2 60 3
3 61 3
8 66 3
10 69 3
69 70 3
27 84 3
36 95 3
38 96 3
40 98 3
41 99 3
42 100 3
43 101 3
45 103 3
106 107 3
55 113 3
56 115 3
0 58 3
59 60 3
60 61 3
63 64 3
7 66 3
66 67 3
89 90 3
94 95 3
96 97 3
39 98 3
98 99 3
99 100 3
100 101 3
101 102 3
102 103 3
104 105 3
54 112 3
70 71 3
72 73 1
16 73 3
134 136 0
27 86 3
28 86 3
35 94 3
103 104 3
105 106 3
53 112 3
113 114 3
58 59 3
61 63 3
65 66 3
67 68 3
95 96 3
51 109 3
54 113 3
18 74 0
22 79 0
88 89 3
97 98 3
109 165 3
111 112 3
112 113 3
68 69 3
73 74 3
79 136 0
92 94 3
52 109 3
114 115 3
86 143 3
109 111 3
74 136 0
133 136 0
84 86 3
132 133 1
133 134 3
81 140 2
28 88 3
61 120 3
63 120 3
23 79 3
23 138 1
84 140 1
81 138 3
86 88 3
109 169 3
74 133 3
84 141 3
95 154 3
96 154 3
92 151 3
113 171 3
84 142 1
90 148 3
112 171 3
136 137 1
79 137 1
79 138 1
138 139 3
81 139 3
141 142 1
84 143 1
91 148 3
109 167 3
111 169 3
114 172 3
115 172 3
86 145 3
92 150 3
165 167 3
142 143 1
88 145 3
91 150 3
150 151 3
97 155 3
109 168 3
168 169 3
112 169 3
59 117 3
61 119 3
72 131 3
73 131 0
137 138 3
140 141 0
88 146 3
94 153 3
95 153 3
98 155 3
165 166 3
166 167 3
58 117 3
60 117 3
60 119 3
65 123 3
68 127 3
69 127 3
70 129 3
71 129 3
139 140 3
89 146 3
89 147 3
94 151 3
96 155 3
99 157 3
113 172 3
115 173 3
58 116 3
60 118 3
63 121 3
64 122 3
66 123 3
66 124 3
67 125 3
68 126 3
70 128 3
90 147 3
94 152 3
98 157 3
99 158 3
100 158 3
101 159 3
101 160 3
102 160 3
102 161 3
103 161 3
104 161 3
104 162 3
105 162 3
105 163 3
106 164 3
112 170 3
172 173 3
117 118 3
118 119 3
119 120 3
121 122 3
122 123 3
123 124 3
124 125 3
125 126 3
127 128 3
128 129 3
146 147 3
147 205 3
147 148 3
151 152 3
154 155 3
157 158 3
158 159 3
161 162 3
163 164 3
116 117 3
120 121 3
72 129 3
152 153 3
153 154 3
106 165 3
167 168 3
170 171 3
73 133 3
143 145 3
164 165 3
169 170 3
126 127 3
136 193 1
155 156 3
98 156 3
160 161 3
162 163 3
159 160 3
171 172 3
134 193 3
145 146 3
148 150 3
156 157 3
129 188 3
72 188 3
145 203 3
131 188 3
131 133 1
137 195 3
138 195 3
143 202 3
138 196 3
145 202 3
136 195 1
139 196 3
131 132 3
134 192 3
133 192 3
136 194 1
156 215 3
157 215 3
193 194 3
147 206 3
148 206 3
139 197 3
164 223 3
165 223 3
171 230 3
172 230 3
122 180 3
123 180 3
140 197 2
201 202 3
152 211 3
154 213 3
155 213 3
158 215 3
166 223 3
123 182 3
124 182 3
125 183 3
132 190 3
132 191 3
143 201 3
146 204 3
147 204 3
153 212 3
154 212 3
156 213 3
156 214 3
161 219 3
173 230 3
116 174 3
117 175 3
118 176 3
119 177 3
120 178 3
121 179 3
126 183 3
126 184 3
127 185 3
128 185 3
128 186 3
129 187 3
131 190 3
145 204 3
204 205 3
148 207 3
150 207 3
153 211 3
214 215 3
158 217 3
159 217 3
160 218 3
162 219 3
162 220 3
163 221 3
164 222 3
166 225 3
169 228 3
170 228 3
170 229 3
171 229 3
173 231 3
174 175 3
175 176 3
176 177 3
177 178 3
178 179 3
179 180 3
182 183 3
184 185 3
185 186 3
129 186 3
187 188 3
195 196 3
205 206 3
206 207 3
212 213 3
217 218 3
218 219 3
220 221 3
221 222 3
167 225 3
169 227 3
229 230 3
230 231 3
123 181 3
183 184 3
139 255 2
150 267 3
151 267 3
213 214 3
158 216 3
222 223 3
168 225 3
168 227 3
180 181 3
196 255 3
197 255 3
141 198 3
142 201 1
215 216 3
219 220 3
227 228 3
186 187 3
132 192 1
194 195 3
142 198 1
203 204 3
228 229 3
192 193 3
140 198 2
150 266 3
211 212 3
216 217 3
223 225 3
181 182 3
190 191 3
266 267 3
191 192 1
197 198 3
198 201 3
188 190 3
207 266 3
151 211 3
225 227 3
190 247 3
202 203 3
188 247 3
201 258 3
204 262 3
205 262 3
207 265 3
211 269 3
182 239 3
203 262 3
212 269 3
265 266 3
211 267 3
181 239 3
213 272 3
193 251 3
214 272 3
227 284 3
192 251 3
267 268 3
211 268 3
225 284 3
185 243 3
195 253 3
198 257 3
215 273 3
230 288 3
184 243 3
186 243 3
196 253 3
214 273 3
218 277 3
219 277 3
229 288 3
180 239 3
193 252 3
194 252 3
198 256 3
198 258 3
268 269 3
228 286 3
175 233 3
176 233 3
188 246 3
190 248 3
252 253 3
197 256 3
257 258 3
203 261 3
225 281 3
229 286 3
231 288 3
174 232 3
176 234 3
177 235 3
178 236 3
179 237 3
180 238 3
182 240 3
183 241 3
184 242 3
186 244 3
187 245 3
246 247 3
201 260 3
261 262 3
212 270 3
212 271 3
213 271 3
216 273 3
216 274 3
217 275 3
218 276 3
220 278 3
221 279 3
222 280 3
223 280 3
223 281 3
227 285 3
227 286 3
229 287 3
231 289 3
232 233 3
233 234 3
234 235 3
235 236 3
237 238 3
239 240 3
240 241 3
241 242 3
242 243 3
243 244 3
244 245 3
247 248 3
202 260 3
205 264 3
206 264 3
269 270 3
272 273 3
274 275 3
275 276 3
277 278 3
278 279 3
279 280 3
225 282 3
225 283 3
284 285 3
285 286 3
287 288 3
288 289 3
236 237 3
238 239 3
190 249 3
191 249 3
251 252 3
203 260 3
270 271 3
271 272 3
273 274 3
281 282 0
283 284 3
188 245 3
248 249 3
256 257 3
260 261 3
207 264 3
280 281 3
276 277 3
282 283 3
286 287 3
191 251 1
255 256 3
264 265 3
253 255 3
258 260 3
262 264 3
245 246 3
191 308 3
269 326 3
249 308 3
256 314 3
262 321 3
268 326 3
282 340 1
257 314 3
258 317 3
264 321 3
266 325 3
267 325 3
281 340 3
245 304 3
246 304 3
253 312 3
255 312 3
260 317 3
264 322 3
265 322 3
288 346 3
251 309 0
252 311 3
255 313 3
267 326 3
271 329 3
272 330 3
287 346 3
247 305 3
248 305 3
191 309 3
312 313 3
258 316 3
329 330 3
273 330 3
276 334 3
284 342 3
235 293 3
245 302 3
248 306 3
252 309 0
275 333 3
276 333 3
277 334 3
282 341 3
283 341 3
283 342 3
284 343 2
234 293 3
239 298 3
240 298 3
244 302 3
245 361 3
247 304 3
249 306 3
253 311 3
257 316 3
316 317 3
277 335 3
278 335 3
278 337 3
279 337 3
279 338 3
280 338 3
285 343 2
232 290 3
233 291 3
234 291 3
236 294 3
237 295 3
238 296 3
239 297 3
241 299 3
242 300 3
243 301 3
304 361 3
249 307 3
256 313 3
261 319 3
262 320 3
265 323 3
266 324 3
269 328 3
270 328 3
271 328 3
273 331 3
274 332 3
275 332 3
278 336 3
280 339 3
281 339 3
289 347 3
290 291 3
293 294 3
294 295 3
295 296 3
296 297 3
298 299 3
299 300 3
300 301 3
301 302 3
305 306 3
307 308 3
309 311 3
260 319 3
319 320 3
322 323 3
323 324 3
324 325 3
269 327 3
330 331 3
331 332 3
336 337 3
337 338 3
338 339 3
341 342 3
342 343 1
286 343 2
346 347 3
297 298 3
311 312 3
325 326 3
326 327 3
327 328 3
335 336 3
340 341 0
308 309 3
320 321 3
328 329 3
333 334 3
334 335 3
339 340 3
286 344 2
332 333 3
343 344 3
234 292 3
292 293 3
302 361 3
304 305 3
291 292 3
306 307 3
313 314 3
287 344 2
287 345 1
314 316 3
345 346 0
344 345 3
311 368 3
321 322 3
309 368 3
345 402 3
346 405 1
317 376 3
344 402 2
345 405 3
304 362 3
305 362 3
260 376 3
329 387 3
330 387 3
345 403 3
314 373 3
319 376 3
328 387 3
339 398 3
340 398 3
402 403 3
347 405 1
316 373 3
317 374 3
342 400 1
313 372 3
314 372 3
316 374 3
343 400 2
343 402 2
307 366 3
308 366 3
330 388 3
331 388 3
291 349 3
299 357 3
307 365 3
312 371 3
313 371 3
374 376 3
341 399 1
341 400 1
290 348 3
291 348 3
292 349 3
298 357 3
302 360 3
360 361 3
306 365 3
309 367 3
372 373 3
327 385 3
387 388 3
332 390 3
333 390 3
340 399 3
343 401 2
345 404 3
404 405 3
294 352 3
301 360 3
305 364 3
306 364 3
308 367 3
326 385 3
328 385 3
336 394 3
400 401 3
401 402 3
293 352 3
294 353 3
295 353 3
296 354 3
297 355 3
298 356 3
300 358 3
301 359 3
319 377 3
320 378 3
321 379 3
322 380 3
323 381 3
323 382 3
324 382 3
325 383 3
326 384 3
328 386 3
331 389 3
332 389 3
333 392 3
334 392 3
335 392 3
335 393 3
336 393 3
337 394 3
337 395 3
353 354 3
354 355 3
355 356 3
356 357 3
357 358 3
358 359 3
359 360 3
371 372 3
373 374 3
376 377 3
377 378 3
378 379 3
379 380 3
380 381 3
382 383 3
383 384 3
385 386 3
386 387 3
394 395 3
398 399 3
361 362 3
365 366 3
311 369 3
389 390 3
399 400 3
362 364 3
364 365 3
367 368 3
312 427 3
384 385 3
388 389 3
392 393 3
393 394 3
403 404 3
368 369 3
311 427 3
381 382 3
338 395 3
339 455 3
371 427 3
374 432 3
338 396 3
338 455 3
398 455 3
374 433 3
376 433 3
348 349 3
352 353 3
369 427 3
395 396 3
366 367 3
292 408 3
396 455 3
349 408 3
390 449 3
390 392 3
292 352 3
427 428 3
371 428 3
392 449 3
376 434 3
377 434 3
352 408 3
356 414 3
357 414 3
366 424 3
387 445 3
349 407 3
367 424 3
368 427 3
432 433 3
388 445 3
405 463 3
407 408 3
361 420 3
362 420 3
362 421 3
364 421 3
396 454 3
454 455 3
348 407 3
352 410 3
364 422 3
373 432 3
392 450 3
404 463 3
408 410 3
365 422 3
368 426 3
433 434 3
387 444 3
388 446 3
389 446 3
449 450 3
393 452 3
394 452 3
402 460 3
403 460 3
360 418 3
367 426 3
372 430 3
373 430 3
385 444 3
386 444 3
445 446 3
390 448 3
448 449 3
393 450 3
400 458 3
401 458 3
401 459 3
402 459 3
403 461 3
348 406 3
352 411 3
353 411 3
354 412 3
355 413 3
357 415 3
358 416 3
359 417 3
361 418 3
365 423 3
366 423 3
426 427 3
371 430 3
377 435 3
378 436 3
379 437 3
380 437 3
380 438 3
382 440 3
383 441 3
384 442 3
389 447 3
389 448 3
395 453 3
398 456 3
399 457 3
404 462 3
406 407 3
411 412 3
412 413 3
413 414 3
414 415 3
415 416 3
416 417 3
417 418 3
435 436 3
436 437 3
381 438 3
381 439 3
381 440 3
440 441 3
441 442 3
446 447 3
452 453 3
453 454 3
455 456 3
399 456 3
458 459 3
459 460 3
460 461 3
461 462 3
462 463 3
409 410 3
410 411 3
423 424 3
428 430 3
434 435 3
437 438 3
438 439 3
447 448 3
456 457 3
408 409 3
420 421 3
422 423 3
439 440 3
385 443 3
393 451 3
399 458 3
418 420 3
427 485 2
384 443 3
450 451 3
451 452 3
421 422 3
373 431 3
442 443 3
443 444 3
444 445 3
457 458 3
430 431 3
367 425 3
420 477 3
424 425 3
425 426 3
418 477 3
428 485 3
417 475 3
418 475 3
454 512 3
485 486 3
428 487 2
449 507 3
457 515 3
460 518 3
461 519 3
426 485 2
428 486 2
447 504 3
455 512 3
456 515 3
460 519 3
486 487 3
430 487 2
446 504 3
416 475 3
431 432 3
444 503 3
445 503 3
448 506 3
450 507 3
460 517 3
518 519 3
425 483 3
426 483 3
432 489 2
449 506 3
459 517 3
411 469 3
415 474 3
475 476 3
418 476 3
421 479 3
443 501 3
444 501 3
444 502 3
447 506 3
450 508 3
453 511 3
456 514 3
457 516 3
458 516 3
407 465 3
408 465 3
412 469 3
412 470 3
413 470 3
416 474 3
420 479 3
422 479 3
424 482 3
425 482 3
430 488 2
431 488 2
489 491 1
432 491 1
435 493 2
439 497 3
442 500 3
502 503 3
446 503 3
447 505 3
451 508 3
451 510 3
452 510 3
454 511 3
455 513 3
462 520 3
463 521 3
410 468 3
423 481 3
483 484 3
426 484 2
431 489 2
433 491 1
434 491 1
440 497 3
441 500 3
500 501 3
501 502 3
503 504 3
505 506 3
506 507 3
510 511 3
512 513 3
513 514 3
459 516 3
517 518 3
519 520 3
462 521 3
415 473 3
422 481 3
481 482 3
484 485 3
487 488 3
488 489 3
437 495 2
440 499 3
441 499 3
504 505 3
507 508 3
451 509 3
514 515 3
515 516 3
409 468 3
491 549 3
434 549 1
436 493 2
436 495 2
438 495 2
511 512 3
516 517 3
476 477 3
482 483 3
434 493 2
436 494 2
438 496 2
438 497 3
499 500 3
520 521 3
409 465 3
411 468 3
469 470 3
413 471 3
414 472 3
493 494 3
494 495 3
497 499 3
508 509 3
470 471 3
413 472 3
473 474 3
493 549 1
496 497 3
406 465 3
468 469 3
471 472 3
474 475 3
509 510 3
514 572 3
406 522 3
415 472 3
515 572 3
465 524 3
409 524 3
472 473 3
495 496 3
468 524 3
420 536 2
477 536 2
479 536 3
479 481 3
465 522 3
512 569 3
511 569 3
473 531 3
474 531 3
482 540 3
483 540 3
479 537 3
479 538 3
483 541 3
489 547 3
501 559 3
502 559 3
513 571 3
514 571 3
515 573 3
517 575 3
518 575 3
474 532 2
475 532 2
481 538 3
540 541 3
499 557 2
506 565 3
507 565 3
507 566 3
508 566 3
508 567 3
509 567 3
510 568 3
518 576 3
519 576 3
520 578 3
468 525 3
469 527 3
470 527 3
471 529 3
537 538 3
484 542 3
487 546 3
488 546 3
488 547 3
511 568 3
572 573 3
516 574 3
519 578 3
521 579 3
524 525 3
468 527 3
472 529 3
483 542 3
497 555 3
505 563 2
517 574 3
575 576 3
519 577 3
520 579 3
481 539 3
541 542 3
486 544 3
487 545 3
546 547 3
493 550 3
493 552 3
494 552 3
496 555 3
504 563 2
568 569 3
512 570 3
512 571 3
573 574 3
577 578 3
525 527 3
470 529 3
472 531 3
476 535 2
477 535 2
536 537 3
482 539 3
485 542 3
485 543 3
486 543 3
486 545 3
545 546 3
491 547 0
549 550 3
503 559 3
506 564 2
565 566 3
509 568 3
569 570 3
529 530 3
472 530 3
531 532 3
535 536 3
538 539 3
544 545 3
493 551 3
495 552 3
495 553 3
495 554 3
496 554 3
497 556 3
499 556 3
503 561 3
506 563 2
570 571 3
576 577 3
578 579 3
547 549 3
550 551 3
552 553 3
553 554 3
554 555 3
555 556 3
500 558 2
564 565 3
566 567 3
465 523 3
523 524 3
530 531 3
476 533 3
539 540 3
543 544 3
499 558 2
558 559 3
563 564 3
567 568 3
574 575 3
522 523 3
527 529 3
532 533 3
475 533 3
533 535 3
556 557 3
557 558 3
500 559 3
542 543 3
559 561 3
504 562 3
571 572 3
551 552 3
503 562 3
561 562 3
559 618 3
561 618 3
547 606 3
561 620 3
562 620 3
574 632 3
533 592 3
535 592 3
549 606 2
562 563 3
555 613 3
529 587 3
527 585 3
527 586 3
530 587 3
545 603 3
546 603 3
554 613 3
556 613 3
561 619 3
563 623 3
564 623 3
568 628 3
569 628 3
571 630 3
578 637 3
579 637 3
525 584 3
533 591 3
537 595 3
544 602 3
545 602 3
549 607 2
552 610 3
558 616 3
559 616 3
559 617 3
618 619 3
566 625 3
567 625 3
572 630 3
578 636 3
529 586 3
530 588 3
531 588 3
531 589 3
532 589 3
532 591 3
538 595 3
540 598 3
541 600 3
542 600 3
543 601 3
606 607 3
550 607 3
551 610 3
553 611 3
557 616 3
617 618 3
565 625 3
568 626 3
570 628 3
571 629 3
636 637 3
585 586 3
586 587 3
591 592 3
539 598 3
541 598 3
542 601 3
544 601 3
554 611 3
619 620 3
562 621 3
563 621 3
565 623 2
626 628 3
573 632 3
575 632 3
575 633 3
575 634 3
576 634 3
525 583 3
584 585 3
532 590 3
535 593 3
536 594 3
536 595 3
538 596 3
546 604 3
547 605 3
616 617 3
567 626 3
570 629 3
629 630 3
577 634 3
577 636 3
522 580 3
524 582 2
524 583 2
583 584 3
588 589 3
589 590 3
590 591 3
592 593 3
593 594 3
594 595 3
604 605 3
605 606 3
550 608 3
552 611 3
554 612 3
556 614 3
621 623 3
632 633 3
523 582 3
539 596 3
539 597 3
607 608 3
551 608 3
613 614 3
557 614 3
623 625 3
523 581 3
587 588 3
595 596 3
597 598 3
601 602 3
602 603 3
603 604 3
612 613 3
620 621 3
573 631 3
633 634 3
581 582 3
582 583 3
600 601 3
610 611 3
611 612 3
625 626 3
577 635 3
522 581 3
596 597 3
598 600 3
608 610 3
635 636 3
580 581 3
557 615 3
628 629 3
634 635 3
615 616 3
631 632 3
614 615 3
625 683 3
572 631 3
623 680 3
630 631 3
613 671 3
621 680 3
623 683 3
626 684 3
612 671 3
626 685 3
628 685 3
608 667 3
610 667 3
598 657 3
600 657 3
621 679 3
628 686 3
611 669 3
618 676 3
626 683 3
629 687 2
630 687 2
601 659 3
610 669 3
617 676 3
685 686 3
629 686 3
631 689 3
600 659 3
602 659 3
614 672 3
616 674 3
620 678 3
630 689 3
582 640 3
586 644 3
593 652 3
594 652 3
602 660 3
603 660 3
604 662 3
605 663 3
605 664 3
606 664 3
610 668 3
615 672 3
615 673 3
615 674 3
617 674 3
619 676 3
619 678 3
683 684 3
636 694 3
581 639 3
582 639 3
583 640 3
585 643 3
587 644 3
587 645 3
588 645 3
588 647 3
589 647 3
590 647 3
595 652 3
597 655 3
598 656 3
603 662 3
604 663 3
667 668 3
612 669 3
672 673 3
617 675 3
684 685 3
635 694 3
636 695 3
637 695 3
580 638 3
639 640 3
584 642 3
584 643 3
586 643 3
591 649 3
593 651 3
595 653 3
596 654 3
596 655 3
597 656 3
603 661 3
607 665 3
608 666 3
614 671 3
673 674 3
675 676 3
619 677 3
621 678 3
632 689 3
632 690 3
633 691 3
634 692 3
635 692 3
635 693 3
581 638 3
643 644 3
644 645 3
588 646 3
592 649 3
651 652 3
652 653 3
653 654 3
656 657 3
659 660 3
662 663 3
664 665 3
665 666 3
666 667 3
668 669 3
676 677 3
679 680 3
623 682 3
690 691 3
691 692 3
694 695 3
583 642 3
642 643 3
645 646 3
646 647 3
592 651 3
654 655 3
655 656 3
660 661 3
661 662 3
612 670 3
678 679 3
680 682 3
682 683 3
689 690 3
692 693 3
638 639 3
590 648 3
669 670 3
670 671 3
671 672 3
693 694 3
583 641 3
591 648 3
674 675 3
641 642 3
648 649 3
657 659 3
640 641 3
663 664 3
647 648 3
649 651 3
677 678 3
686 687 3
672 730 3
671 730 3
680 739 3
687 745 3
689 746 1
692 751 1
649 708 3
651 708 3
682 739 3
686 745 3
647 705 3
687 746 3
689 747 1
690 748 1
691 749 1
692 749 1
648 705 3
673 730 3
679 737 3
685 743 3
695 753 3
680 737 3
694 753 3
674 732 3
693 751 1
652 710 3
653 710 3
659 717 3
669 727 3
674 733 3
675 733 3
677 735 3
686 743 3
692 750 2
694 751 1
641 700 3
645 703 3
651 709 3
652 709 3
668 727 3
670 729 3
671 729 3
732 733 3
678 735 3
678 736 3
679 736 3
682 740 3
749 750 3
750 751 3
694 752 2
642 700 3
646 703 3
708 709 3
654 712 3
655 713 3
656 713 3
657 715 3
657 717 3
664 722 3
668 726 3
670 728 3
730 731 3
673 731 3
676 733 3
735 736 3
736 737 3
683 740 3
683 741 3
745 746 3
689 748 1
751 752 0
638 696 3
639 697 3
640 698 3
641 699 3
643 701 3
644 702 3
648 706 3
649 706 3
649 707 3
653 711 3
655 712 3
656 714 3
656 715 3
660 718 3
661 719 3
662 720 3
663 721 3
663 722 3
665 723 3
666 724 3
667 725 3
726 727 3
669 728 3
673 732 3
739 740 3
684 741 3
684 742 3
691 748 1
696 697 3
697 698 3
698 699 3
699 700 3
642 701 3
643 702 3
702 703 3
710 711 3
711 712 3
712 713 3
713 714 3
714 715 3
657 774 3
717 718 3
718 719 3
719 720 3
720 721 3
722 723 3
665 724 3
724 725 3
725 726 3
731 732 3
676 734 3
676 735 3
740 741 3
741 742 3
685 742 3
743 744 3
686 744 3
752 753 3
700 701 3
646 705 3
706 707 3
717 774 3
727 728 3
729 730 3
733 734 3
737 738 3
680 738 3
742 743 3
747 748 3
701 702 3
646 704 3
705 706 3
707 708 3
709 710 3
715 774 3
721 722 3
728 729 3
734 735 3
738 739 3
744 745 3
748 749 3
704 705 3
703 704 3
746 747 3
723 724 3
744 802 3
701 759 3
734 792 3
739 797 3
743 802 3
752 811 1
753 811 1
702 759 3
730 788 3
698 757 3
699 757 3
729 788 3
735 792 3
740 798 3
741 798 3
698 756 3
702 760 3
703 760 3
745 802 3
746 804 3
748 807 3
749 807 3
697 755 3
698 755 3
756 757 3
703 761 3
704 761 3
711 769 3
712 769 3
727 785 3
727 786 3
728 786 3
733 792 3
737 795 3
745 803 3
750 808 3
751 809 3
700 757 3
759 760 3
705 763 3
706 764 3
707 764 3
710 769 3
718 776 3
719 776 3
724 782 3
726 785 3
732 790 3
736 794 3
737 794 3
742 800 3
802 803 3
745 804 3
747 804 3
747 806 0
748 806 0
749 808 3
752 810 1
696 754 3
755 756 3
700 759 3
704 820 3
705 820 3
706 763 3
707 765 3
708 765 3
709 767 3
712 770 3
713 771 3
714 772 3
715 773 3
717 775 3
719 778 3
720 779 3
721 779 3
722 780 3
723 781 3
725 782 3
725 783 3
726 784 3
785 786 3
729 787 3
731 790 3
733 791 3
738 795 3
738 796 3
741 800 3
810 811 3
754 755 3
761 820 3
708 767 3
709 769 3
769 770 3
770 771 3
771 772 3
772 773 3
773 774 3
774 775 3
775 776 3
720 778 3
779 780 3
780 781 3
781 782 3
782 783 3
783 784 3
784 785 3
786 787 3
787 788 3
730 789 3
731 789 3
791 792 3
735 794 3
794 795 3
796 797 3
797 798 3
741 799 3
743 801 3
803 804 3
807 808 3
750 809 3
751 810 3
763 820 3
767 769 3
789 790 3
798 799 3
799 800 3
808 809 3
757 759 3
760 761 3
765 767 3
788 789 3
792 794 3
743 800 3
763 764 3
764 765 3
733 790 3
795 796 3
804 805 3
747 805 3
809 810 3
778 779 3
800 801 3
805 806 3
801 802 3
806 807 3
776 778 3
757 816 3
790 791 3
759 816 3
802 861 3
769 826 3
776 835 3
778 835 3
803 861 3
811 869 3
767 826 3
764 823 3
765 823 3
794 852 3
807 865 3
808 865 3
809 867 3
810 869 3
797 855 3
810 867 3
760 818 3
765 824 3
767 824 3
792 850 3
794 850 3
794 851 3
795 852 3
798 856 3
755 813 3
759 818 3
773 831 3
774 831 3
790 849 3
791 849 3
796 854 3
756 813 3
757 815 3
767 825 3
779 837 3
780 838 3
784 843 3
785 843 3
786 843 3
792 849 3
795 853 3
795 854 3
796 855 3
798 855 3
803 863 3
804 863 3
805 863 3
806 865 2
815 816 3
760 819 3
761 819 3
825 826 3
774 832 3
775 832 3
778 837 3
779 838 3
780 839 3
781 839 3
783 841 3
786 845 3
787 845 3
788 845 3
850 851 3
852 853 3
800 858 3
801 858 3
754 812 3
754 813 3
759 817 3
819 820 3
763 821 3
764 821 3
764 822 3
823 824 3
769 827 3
769 828 3
770 828 3
771 829 3
772 830 3
775 833 3
776 834 3
778 836 3
782 840 3
782 841 3
784 842 3
786 844 3
789 847 3
855 856 3
801 860 3
802 860 3
861 863 3
806 863 2
812 813 3
816 817 3
817 818 3
820 821 3
822 823 3
826 827 3
828 829 3
829 830 3
830 831 3
831 832 3
832 833 3
833 834 3
834 835 3
836 837 3
837 838 3
782 839 3
840 841 3
841 842 3
788 846 3
788 847 3
790 847 3
853 854 3
799 856 3
799 858 3
860 861 3
808 866 3
821 822 3
827 828 3
835 836 3
839 840 3
842 843 3
844 845 3
846 847 3
847 848 3
790 848 3
849 850 3
854 855 3
806 864 2
865 866 3
809 866 3
838 839 3
843 844 3
818 819 3
845 846 3
864 865 3
866 867 3
824 825 3
861 920 3
863 920 3
863 864 3
756 815 3
856 858 3
810 926 3
867 926 3
848 849 3
869 926 3
851 852 3
856 916 3
858 916 3
813 872 3
756 872 3
820 878 3
821 878 3
866 925 3
867 925 3
926 927 3
869 927 3
850 908 3
858 917 3
815 872 3
835 893 3
836 893 3
849 908 3
823 881 3
858 860 3
817 875 3
818 876 3
819 876 3
819 878 3
824 881 3
834 893 3
841 900 3
842 900 3
848 907 3
849 907 3
860 917 3
815 873 3
816 875 3
822 881 3
829 888 3
830 888 3
833 892 3
834 892 3
842 901 3
843 901 3
852 910 3
853 911 3
860 919 3
812 870 3
813 871 3
816 873 3
816 874 3
818 875 3
819 877 3
821 879 3
822 880 3
824 882 3
825 883 3
826 884 3
827 885 3
828 886 3
829 887 3
831 889 3
832 890 3
833 891 3
836 894 3
837 895 3
838 896 3
839 897 3
840 898 3
844 902 3
845 903 3
846 904 3
847 906 3
848 906 3
851 908 3
851 910 3
854 912 3
916 917 3
860 918 1
861 919 3
863 921 3
864 921 3
866 924 3
870 871 3
871 872 3
872 873 3
877 878 3
878 879 3
879 880 3
882 883 3
883 884 3
884 885 3
828 885 3
886 887 3
888 889 3
889 890 3
890 891 3
893 894 3
894 895 3
895 896 3
896 897 3
897 898 3
841 898 3
901 902 3
902 903 3
903 904 3
847 904 3
847 905 3
919 920 3
865 924 3
924 925 3
874 875 3
875 876 3
876 877 3
880 881 3
885 886 3
887 888 3
891 892 3
892 893 3
905 906 3
853 910 3
853 912 3
911 912 3
855 912 3
920 921 3
873 874 3
881 882 3
904 905 3
855 913 3
917 918 3
906 907 3
907 908 3
925 926 3
856 913 3
864 981 3
900 901 3
915 916 3
865 981 3
898 900 3
910 911 3
856 915 3
921 981 3
912 913 3
918 919 2
908 910 3
924 981 3
856 972 3
913 972 3
900 957 3
908 966 3
910 966 3
898 957 3
915 972 3
916 974 3
872 930 3
910 968 3
917 974 3
873 930 3
966 968 3
925 983 3
917 976 3
918 976 2
980 981 3
926 983 3
876 934 3
915 974 3
917 975 3
921 980 3
924 982 3
925 982 3
871 929 3
877 934 3
878 936 3
903 962 3
904 962 3
905 963 3
974 975 3
921 979 3
872 929 3
877 936 3
878 937 3
879 937 3
882 940 3
901 959 3
904 963 3
906 963 3
907 966 3
911 968 3
913 971 3
919 976 3
919 977 3
920 979 3
979 980 3
927 985 3
870 928 3
873 931 3
874 931 3
875 933 3
880 937 3
880 938 3
881 939 3
883 940 3
883 941 3
884 942 3
885 943 3
886 944 3
887 944 3
887 946 3
888 946 3
889 947 3
890 948 3
890 949 3
891 949 3
892 950 3
893 951 3
894 952 3
895 953 3
896 954 3
897 955 3
898 956 3
900 958 3
900 959 3
902 959 3
902 960 3
903 961 3
906 964 3
907 965 3
911 969 3
911 970 3
912 970 3
912 971 3
915 973 3
975 976 3
982 983 3
926 984 3
926 985 3
928 929 3
929 930 3
930 931 3
874 933 3
933 934 3
937 938 3
938 939 3
939 940 3
941 942 3
942 943 3
943 944 3
946 947 3
947 948 3
949 950 3
950 951 3
951 952 3
952 953 3
953 954 3
954 955 3
955 956 3
956 957 3
958 959 3
959 960 3
960 961 3
963 964 3
964 965 3
969 970 3
970 971 3
973 974 3
983 984 3
936 937 3
887 945 3
961 962 3
920 977 3
944 945 3
945 946 3
948 949 3
957 958 3
962 963 3
968 969 3
976 977 3
981 982 3
984 985 3
940 941 3
965 966 3
971 972 3
874 990 3
920 1036 3
931 990 3
933 990 3
979 1036 3
972 973 3
934 993 3
877 993 3
936 993 3
966 1025 3
968 1025 3
977 1036 3
972 1031 3
973 1031 3
930 988 3
939 997 3
940 998 3
952 1010 3
953 1010 3
956 1015 3
957 1015 3
971 1029 3
979 1037 3
929 988 3
934 992 3
938 996 3
997 998 3
960 1018 3
966 1024 3
969 1027 3
970 1028 3
970 1029 3
972 1029 3
972 1030 3
980 1037 3
980 1038 3
982 1040 3
983 1042 3
984 1042 3
985 1042 3
933 992 3
936 994 3
937 994 3
937 995 3
938 995 3
939 996 3
946 1004 3
957 1016 3
958 1016 3
961 1018 3
961 1020 3
962 1020 3
965 1024 3
968 1027 3
969 1028 3
974 1031 3
976 1034 3
977 1034 3
977 1035 3
1037 1038 3
983 1040 3
928 986 3
929 987 3
931 989 3
992 993 3
996 997 3
941 1000 3
942 1000 3
943 1001 3
944 1001 3
944 1002 3
945 1003 3
947 1004 3
947 1005 3
948 1006 3
949 1007 3
950 1008 3
951 1009 3
953 1011 3
954 1012 3
955 1013 3
956 1014 3
959 1017 3
963 1021 3
964 1022 3
965 1023 3
1024 1025 3
968 1026 3
1029 1030 3
1030 1031 3
974 1032 3
975 1033 3
981 1039 3
981 1040 3
985 1043 3
986 987 3
987 988 3
930 989 3
989 990 3
993 994 3
995 996 3
941 998 3
1000 1001 3
1002 1003 3
1003 1004 3
1005 1006 3
1006 1007 3
1007 1008 3
951 1008 3
952 1009 3
1011 1012 3
1012 1013 3
1013 1014 3
1014 1015 3
1015 1016 3
1017 1018 3
1020 1021 3
1021 1022 3
1022 1023 3
1025 1026 3
1027 1028 3
1028 1029 3
1031 1032 3
975 1032 3
976 1033 3
1034 1035 3
1038 1039 3
1039 1040 3
1042 1043 3
994 995 3
1001 1002 3
1004 1005 3
1008 1009 3
1010 1011 3
1016 1017 3
1023 1024 3
1036 1037 3
988 989 3
1032 1033 3
1033 1034 3
1009 1010 3
1018 1020 3
1026 1027 3
1040 1042 3
1035 1036 3
990 992 3
