0.0558688 0.0569604 5.08043
0.0215228 0.0351615 6.34137
0.0106504 0.0162964 6.95153
0.0178093 -0.0156768 24.9397
0.0188372 -0.0136034 24.733
-0.0113524 -0.0279723 28.8164
-0.0845972 -0.00330575 38.1762
0.00479371 0.0127505 24.8813
0.0207963 0.0153581 22.6342
-0.0476481 -0.0353134 36.4708
-0.0690442 -0.0237752 40.4687
-0.0730792 -0.0236009 35.1964
-0.026768 -0.0326627 22.779
0.0136286 -0.0175281 10.627
0.0547376 -0.0112152 -0.202439
0.0141977 -0.00682638 12.8761
-0.0277689 -0.0434237 28.1902
-0.0247031 -0.0916071 27.7968
-0.0209977 -0.03601 26.1459
-0.00544139 -0.0113048 13.3784
-0.000911355 6.05582e-05 11.3472
-0.0663175 -0.135697 63.8017
-0.0656266 -0.117208 63.4258
-0.0456655 -0.0622571 52.9213
0.00944377 -0.0426248 24.0313
0.0279907 -0.0581704 14.1795
0.0600013 -0.0266433 -4.36758
0.0946263 0.0294977 -37.169
0.0188297 -0.0955138 19.3313
0.070037 -0.0187583 -20.3598
0.017087 -0.212878 20.5432
-0.052471 -0.165703 66.1082
-0.0353898 0.0589387 50.0557
-0.00600372 0.0900865 28.5364
0.00207826 0.0950024 23.332
-0.0124818 -0.0739696 29.8602
0.0213865 -0.0317192 22.4247
0.00874066 -0.0195128 32.5651
0.0783419 -0.0417056 -24.7463
0.137883 -0.0205256 -74.7099
0.124976 0.0127712 -63.782
-0.148359 0.0279457 177.941
0.134625 -0.00246308 -71.6711
0.01577 -0.0521971 19.1212
-0.000968823 -0.0514313 35.2307
-0.0210859 -0.037112 54.4657
-0.0234102 -0.0379387 56.6842
-0.022623 -0.0311215 55.8114
0.123137 0.0183194 -55.6972
0.127636 0.0355807 -61.4614
0.184893 0.0876475 -123.572
0.110314 -0.0323716 -21.9948
0.0325818 0.0198528 64.9293
-0.0700238 0.311828 178.023
0.19197 -0.0498968 -115.229
0.17871 -0.0182215 -100.74
0.155993 -0.0256977 -72.2606
0.131121 -0.00941289 -41.97
0.0111839 0.0376931 6.83316
0.00140467 0.016138 7.38243
0.0120382 0.0103368 6.97543
0.0183946 -0.0187458 24.9575
0.0205796 -0.015228 24.6292
0.0348569 -0.000351762 22.3864
-0.019286 -0.00352377 28.6091
0.0161212 0.00933243 23.0504
-0.0177169 -0.0035577 30.2244
-0.0573263 -0.0167601 36.949
-0.0464838 -0.00649118 34.8052
-0.0277996 -0.0551898 24.4925
-0.0356553 -0.0323605 25.0886
0.0371861 -0.0380636 4.88909
0.0627295 0.00777205 -3.04309
-0.00362909 -0.0132933 19.306
-0.0629972 -0.0742133 41.933
-0.0716803 -0.112075 45.793
-0.0909851 -0.133304 53.9889
-0.0396301 -0.01522 28.2882
0.00459605 -0.00314093 9.17684
0.000985441 -0.0139382 10.9402
-0.00241189 -0.0242416 12.7423
-0.00260809 -0.0110655 12.2545
0.0138634 -0.0246947 4.37226
0.0441686 0.000284772 -6.13187
0.0229415 -0.015999 5.96361
0.0718465 -0.026212 -22.3234
0.0961673 -0.0277109 -36.2204
0.0821776 -0.0757843 -25.8724
0.0121631 -0.158327 22.4459
-0.0140233 -0.188698 40.1302
0.00878823 -0.172438 24.0947
0.0616046 -0.003213 -18.3344
0.0047443 0.0842851 21.4936
-0.00466609 0.0961984 28.088
0.020935 -0.024602 22.4655
0.0202888 -0.0172627 22.6953
0.0508764 -0.020612 -2.79224
0.139157 0.0112733 -76.465
0.0973371 0.0114062 -40.0888
-0.188395 0.216815 206.041
0.109225 -0.0544194 -46.9298
0.0215151 -0.0462554 13.5945
0.0129946 -0.0322306 21.663
-0.0191899 -0.0345281 52.6144
-0.02087 -0.0347804 54.0581
-0.0173949 -0.0291476 50.4064
0.171177 0.0253137 -106.798
0.187944 0.0764039 -126.575
0.208652 0.0925967 -149.148
0.145288 -0.0453716 -61.2782
0.128143 -0.0218306 -42.1531
0.135617 -0.0474277 -51.0311
0.178805 -0.0579977 -100.232
0.190195 -0.0414389 -113.91
0.134489 -0.0128244 -46.397
0.122291 -0.0123401 -31.6246
-0.0113095 0.0185374 7.99697
-0.0210575 0.0200169 8.13677
-0.00473343 -0.00264832 8.35649
0.00618336 4.23695e-05 7.73929
0.0255735 -0.00339843 23.653
0.0142146 -0.0142624 25.767
-0.0142173 0.0148604 27.7313
0.00604846 0.00819183 24.9303
-0.048546 -0.0114505 35.7965
-0.0485616 -0.0117517 35.1952
-0.0393823 -0.0134944 33.3888
0.00685451 -0.0819037 15.7465
-0.0113355 -0.0371762 18.8068
-0.0810281 -0.177916 45.4006
-0.0083344 0.0168541 19.3429
-0.0395032 -0.0546004 33.0661
-0.0569715 -0.250026 48.227
-0.0704111 -0.125347 45.8598
-0.0392906 -0.0595171 29.4929
-0.0190381 -0.0514641 20.2667
0.00706254 -0.0232289 8.7279
-0.0139842 -0.0115446 17.5323
-0.00441208 -0.0473836 14.9396
0.00776459 -0.0178944 7.42746
0.00799525 -0.0267455 7.6226
0.000641744 -0.0385211 19.6922
0.0225794 -0.0530001 7.62418
0.0708077 -0.0524482 -19.9238
0.0631823 -0.0873783 -13.858
-0.0111498 -0.16419 37.5329
-0.0791588 -0.206225 82.9606
-0.0214985 -0.149158 42.2505
0.0518604 -0.157877 -7.03582
0.114874 -0.036075 -56.8642
0.00877446 0.0900011 18.3748
-0.0020023 0.0946502 26.0922
0.033535 0.000348192 11.3728
0.0437205 0.0216222 2.21337
0.105112 0.0501106 -50.5124
0.149543 0.0270448 -85.873
0.108266 0.0156971 -49.6684
0.0965714 -0.0209535 -38.053
0.0731266 -0.120862 -10.7002
0.0525537 0.313897 -38.6129
0.00130551 -0.0487919 33.42
-0.0126139 -0.0375234 46.259
-0.0165493 -0.0339158 49.7917
-0.0133595 -0.0286612 46.2988
0.202359 0.0413211 -140.344
0.214904 0.0420795 -153.542
0.578988 -0.0367007 -541.699
0.150588 -0.0169564 -67.9163
0.131576 -0.0252915 -46.6782
0.1448 -0.0164793 -62.0524
0.186966 -0.0217931 -111.115
0.177079 -0.0403855 -98.0551
0.175143 -0.0458889 -95.7859
0.175572 -0.0268322 -96.4713
-0.00977273 0.00762431 8.60527
-0.0182501 0.0128237 8.44926
-0.0158813 0.0170747 7.9105
-0.012272 0.00660109 8.48106
0.0129551 0.00199351 24.5071
0.0118551 -0.00361909 25.1214
-0.00368052 -0.000684488 27.0135
-0.0148219 0.00391332 28.7549
-0.0592119 -0.0188629 37.8138
-0.0734011 -0.00419073 39.7714
-0.0124441 -0.00622798 10.2179
0.00414064 -0.032635 8.42901
0.0518856 -0.00915526 -0.918017
0.0170993 -0.052063 6.12181
0.0313395 -0.0337639 0.444358
0.0423918 -0.0541364 -1.61055
0.0239328 -0.0845834 7.84046
-0.0100332 -0.0712033 19.4333
0.00895297 -0.0742152 12.0919
0.00416573 -0.0261905 10.0462
0.00542078 -0.0280961 9.90518
-0.0163091 -0.054639 21.6726
-0.00403641 -0.0847737 17.1958
0.0064038 -0.0707323 11.6691
0.0105729 -0.0625588 8.91399
0.0145004 -0.0754886 14.3876
0.0254168 -0.0790785 8.12999
0.0172079 -0.0968318 13.8273
0.0318741 -0.104489 4.85294
-0.00631492 -0.136575 32.3469
0.0256491 -0.0893339 6.25774
0.10222 0.0204202 -53.071
0.15101 0.0156119 -86.1457
0.106185 0.00228129 -52.5507
0.0853023 0.0820835 -53.4411
0.0886212 0.0716771 -55.0691
0.0660951 0.0205584 -15.4862
0.0735143 0.00635636 -20.0969
0.0980618 0.0236151 -41.9542
0.115978 0.0309391 -57.4367
0.0618977 -0.00894266 -7.89028
-0.00654294 0.000180465 52.6913
-0.0837768 -0.189524 137.192
-0.0039309 -0.0562132 38.8971
0.00644431 -0.0903781 31.3752
-0.00922035 -0.0520213 43.8818
-0.00914377 -0.0333633 42.3794
0.0345249 -0.112096 22.6634
0.198789 0.0381491 -136.228
0.199433 0.0319806 -136.093
0.194761 -0.0201791 -116.661
0.157328 -0.0156098 -75.6945
0.139953 -0.0204131 -56.4724
0.137518 0.0116475 -56.016
0.169253 -0.00137235 -91.2353
0.15296 0.00538208 -71.5912
0.170851 0.00809616 -93.7084
0.208236 -3.95679e-05 -138.661
-0.00662994 0.000235667 9.19149
-0.00817834 -0.000171358 9.30634
-0.0247745 0.010288 9.00851
-0.0188789 -0.00207034 9.74271
-0.00751565 -0.0108007 9.55761
-0.0110785 0.00644706 27.3093
0.00157285 -0.000335599 26.2376
0.00386423 0.00629068 25.4892
-0.048019 0.00605678 34.5531
-0.00367858 -0.0203999 9.75762
-0.0228736 -0.0224592 14.0041
0.00114318 -0.0360741 9.66491
0.136507 -0.00734106 -23.3903
0.0270051 -0.0753771 5.03845
0.0293833 -0.065445 3.79263
0.00910394 -0.0717848 11.1088
0.0244856 -0.0945008 9.0342
0.00451008 -0.113319 17.4931
0.0438681 -0.0847168 -0.767168
0.019132 -0.0835653 9.40768
-0.00938789 -0.0615116 19.3618
-0.0524246 -0.08747 40.1698
-0.0062227 -0.0643929 16.2182
0.000331535 -0.0874928 15.2419
-0.0086635 -0.095422 20.8952
-0.00230922 -0.0816041 24.0306
-0.000764158 -0.0952347 24.354
-0.00162661 -0.0836692 23.543
0.016542 -0.112536 15.1957
0.0606092 -0.0907849 -15.6923
0.122454 -0.0566454 -60.03
0.170321 0.0179038 -98.8984
0.136847 0.020385 -75.8845
0.107761 -0.0104465 -52.2397
0.0626257 -0.0433608 -15.6487
0.0665038 -0.0787264 -15.0894
0.0730039 0.0373482 -22.2159
0.0679762 0.00391756 -14.9571
0.0851556 0.0194144 -30.7312
0.0723541 -0.000223844 -17.3937
0.0674017 0.00832142 -14.4536
0.0263647 0.0231748 20.7883
-0.154613 0.0710124 180.444
-0.264714 -0.0821897 295.683
0.288964 0.241235 -261.504
-0.0136262 -0.111428 70.7538
0.0135484 -0.120846 44.4941
0.0301347 -0.117278 27.6931
0.181664 0.0293039 -117.346
0.187115 -0.0150356 -109.276
0.204197 -0.0252485 -126.532
0.183059 -0.0197037 -103.574
0.144677 0.00832676 -63.6911
0.188118 0.027191 -115.457
0.173293 0.0221358 -97.7804
0.152128 0.0120051 -71.4864
0.187325 0.0442132 -117.3
0.175846 0.0271186 -101.197
0.000884548 -0.0108886 10.2908
-0.00944182 -0.00536101 10.0454
-0.0246232 -0.00366923 10.198
-0.0015643 -0.0163399 9.78979
-0.0055679 0.00047814 8.21357
-0.0230896 0.00215221 29.3736
-0.0050426 -0.00668742 27.8906
0.0455859 0.0101291 18.2394
0.0256164 -0.0329701 5.28395
0.0160238 -0.021653 5.98864
-0.038989 -0.0277682 17.7675
-0.0307193 -0.0435019 17.4187
0.166446 -0.00977222 -31.2289
0.0268895 -0.0518648 2.45443
0.0119314 -0.0352765 5.18028
-0.0113766 -0.0792941 18.5801
0.016999 -0.106107 11.0188
0.015172 -0.120011 13.5348
0.0449435 -0.107384 0.668336
0.0314388 -0.104911 6.86111
-0.0424559 -0.0604657 32.9282
-0.0426231 -0.0607913 32.7684
-0.00577557 -0.0536322 14.6006
-0.0066948 -0.0482644 14.3337
-0.0123203 -0.0555701 18.1532
-0.0312732 -0.0541925 28.088
-0.0104899 -0.0423143 14.5464
0.0578806 -0.084039 -20.2166
0.194319 -0.0174024 -112.652
0.225656 -0.106986 -120.623
0.175367 -0.0722995 -92.5575
0.161559 -0.0594469 -83.8054
0.130029 -0.0847733 -59.6049
0.1051 -0.034756 -47.5087
0.0582698 -0.05508 -11.2987
0.0621027 -0.0906983 -10.3653
0.0874665 -0.00772829 -27.9339
0.127887 -0.150419 -44.7978
0.0727337 -0.0468272 -12.8407
0.0966359 -0.00727401 -37.9968
0.106876 0.0281685 -51.0753
0.139553 0.0431623 -82.7305
0.189389 0.0529285 -127.374
0.121842 0.0347145 -63.1044
-0.049959 0.126914 80.2073
-0.0095062 -0.107205 66.3545
-0.0791925 -1.21387 254.32
0.194784 0.0348287 -130.79
0.205433 0.0465701 -143.683
0.223228 0.254759 -186.556
0.214991 -0.0287609 -138.006
0.127208 0.00809533 -43.9079
0.136083 -0.0229901 -50.3042
0.194968 -0.011107 -119.826
0.182476 0.0138979 -107.622
0.201141 0.0194378 -129.607
0.181829 0.0371995 -109.436
0.191537 0.0438999 -122.085
0.00588528 -0.00176516 9.01799
0.0029919 -0.00276521 9.24357
-0.0147133 -0.011458 11.0526
0.00158318 -0.00247153 8.21332
0.0213912 0.030513 1.73528
-0.0236748 -0.00388661 30.319
-0.0255892 0.00111404 29.7087
-0.00479445 -0.00241384 27.2659
0.0431557 -0.00363029 -2.46712
-0.00767967 -0.00611668 8.78789
-0.0524457 -0.00869361 18.4097
-0.0179838 0.00637188 8.02473
0.163613 0.00673717 -32.227
-0.00730248 -0.016211 8.96964
-0.00359518 -0.00829433 6.74485
-0.0130553 -0.0320889 12.9483
-0.0164522 -0.0311557 13.7195
-0.00141506 -0.0285477 7.79061
0.0247623 -0.0794482 4.74139
0.129923 -0.00351438 -47.243
-0.0962601 -0.0177769 51.8611
-0.0754821 -0.0262151 43.1363
0.0105197 -0.0326945 3.82381
-0.0109138 -0.0249338 13.7578
-0.0307879 -0.0394038 25.8909
-0.0277286 -0.0429638 24.6461
-0.0197993 -0.0405102 19.5795
0.02278 -0.025285 -7.84427
0.132091 -0.0222416 -73.571
0.197484 -0.0227897 -113.524
0.153387 -0.0555813 -79.7887
0.137795 -0.0360396 -71.8726
0.152947 -0.0535469 -80.1893
0.141388 -0.0218723 -75.5545
-0.0754683 0.00205643 71.4773
0.0396835 -0.114047 9.3723
0.206153 0.0220068 -132.178
0.176663 -0.00441269 -104.974
0.154948 0.00385764 -88.7799
0.131546 0.0184846 -71.3277
0.129753 0.0568261 -75.2668
0.154082 0.0725066 -100.084
0.185587 0.0689039 -126.962
0.164282 0.097746 -111.183
0.178966 0.176248 -136.343
0.231023 0.0681263 -172.419
0.199667 0.035755 -136.006
0.179773 0.0311839 -115.183
0.163604 0.0269861 -97.9828
0.222269 0.291194 -189.642
0.114507 -0.015521 -25.3119
0.0900437 -0.000769569 -1.97015
0.131562 -0.000486318 -49.6148
0.208259 0.0145461 -138.782
0.213472 0.00603197 -142.979
0.202184 0.0035173 -128.954
0.183725 0.0326242 -110.628
0.180816 0.0122419 -104.508
0.00595966 0.00234391 8.26297
-0.00599363 0.00332577 8.30561
-0.0101159 -0.00214456 8.89667
0.0120906 0.0177241 4.60332
0.0357845 0.0416502 -1.10957
-0.00846175 -0.0132585 29.9067
-0.0191996 0.00133974 29.0076
-0.00948773 -0.000969932 27.8593
-0.00233638 0.0229489 1.74797
0.0285651 0.0288808 -4.53585
-0.0399717 0.0220277 11.6646
-0.023224 0.0263101 6.62436
0.0582846 0.0119846 -4.74266
-0.0364439 0.00669886 14.3039
-0.0136484 0.00620561 7.71107
-0.0128271 0.0066118 7.41818
-0.012665 0.018071 5.09529
-0.00653956 0.0315663 0.408141
-0.00725165 -0.00655734 6.93145
-0.0959737 0.0182644 46.8797
-0.0967515 -0.014684 51.7833
-0.02787 0.0178671 12.9862
0.0294112 -0.0117113 -9.4348
0.0162314 -0.0140215 -1.24844
-0.0394037 -0.0116518 26.0842
-0.0300635 -0.009357 20.2435
-0.0073538 -0.0173688 8.69203
0.0172079 -0.0068291 -7.53344
0.136569 0.00426383 -80.2831
0.188126 -0.0315194 -106.021
0.13238 -0.0401073 -68.2211
0.150363 -0.0138163 -83.3661
0.154225 -0.00231099 -88.5333
0.0954215 0.0144806 -48.3319
0.0982219 -0.0066209 -48.2566
0.204944 0.0680897 -140.538
0.226129 0.0234709 -148.375
0.1797 0.0345355 -112.966
0.154846 0.0432662 -94.8181
0.165513 0.0733825 -108.831
0.140838 0.104281 -91.5636
0.145312 0.0548772 -88.2268
0.214891 0.128416 -163.261
0.215263 0.15142 -166.697
0.244498 0.146505 -193.22
0.167831 0.0315145 -98.3465
0.178966 0.115411 -127.097
0.178424 0.0831803 -121.917
0.164589 0.0279933 -98.9233
0.157383 0.0283279 -91.729
0.163415 -0.0267242 -78.1044
0.107164 0.0691601 -32.88
0.13577 0.0169962 -56.8574
0.185097 0.0353855 -114.843
0.243738 0.00374544 -178.846
0.208114 0.0114314 -137.527
0.183598 0.00154203 -105.861
0.13385 -0.0042554 -44.6397
-0.00249395 0.0875724 -6.80488
-0.00979418 0.0732488 -3.79017
-0.0086027 0.0551914 -0.854258
0.0363684 0.0846889 -9.44982
0.0590753 0.0826969 -10.3465
-0.00181862 -0.00532057 27.8228
-0.018007 -0.000692419 29.2958
-0.0280782 -0.00219999 31.0059
-0.0203904 0.0971408 -7.18403
-0.0208383 0.0749278 -2.13754
-0.0412339 0.0473435 6.95303
-0.0278737 0.0488458 3.67738
0.0158875 0.0140312 6.32139
-0.0231124 0.0207867 8.05955
-0.0210503 0.00712078 9.91233
0.00529793 0.0122518 0.465072
-0.00593206 0.0417727 -1.32213
-0.00585565 0.107286 -13.2286
-0.0253426 0.104385 -4.76675
-0.0742431 0.0407937 32.1652
-0.107177 0.0490658 45.2534
-0.0490116 0.0387212 20.6722
0.010014 0.0337291 -7.14469
-0.00942155 0.0304167 3.35374
-0.0327744 0.0446486 12.5105
-0.0197959 0.13472 -11.1197
-0.007798 0.0411295 -0.829118
0.0449575 -0.00161352 -24.2181
0.12183 0.0664263 -81.6029
0.165806 -0.00678024 -96.4933
0.181256 -0.0493908 -98.7556
0.145469 0.0167054 -85.7788
0.160732 0.0417234 -100.816
0.115194 0.0268334 -64.531
0.114867 0.0490518 -68.976
0.200106 0.0960227 -142.237
0.221236 0.0511073 -149.399
0.177706 0.0568328 -116.058
0.207473 0.0963258 -148.117
0.203951 0.112531 -148.144
0.159444 0.101985 -107.852
0.185974 0.102782 -132.046
0.239029 0.125287 -184.028
0.226467 0.100412 -167.377
0.214849 0.0627123 -149.142
0.209438 0.0597227 -143.089
0.147506 0.0486044 -80.5233
0.146278 0.0826776 -86.9178
0.22294 0.00821592 -150.786
0.23872 -0.0242923 -160.895
0.229443 -0.00528304 -153.862
0.139362 0.0446668 -63.9094
0.125524 0.0323225 -44.2252
0.157795 0.0344023 -83.3364
0.182194 0.018438 -108.148
0.20282 0.0129099 -132.167
0.204156 0.00532617 -132.275
0.178474 0.0278856 -105.027
0.00326798 0.0924271 -7.14845
-0.0182349 0.0695566 -1.83308
-0.0151019 0.0835887 -5.3672
0.0394674 0.0599706 -4.27648
0.0616707 0.0920432 -12.492
0.00384727 0.0303773 19.973
-0.0280333 0.0149749 27.5288
-0.0290268 0.0959426 -4.67866
-0.0398643 0.103646 -3.99855
-0.0310793 0.106841 -6.43808
-0.0235339 0.0843102 -3.60001
0.0505691 0.412207 -86.2155
0.0312176 0.0672357 -8.93862
-0.0699116 0.407627 -52.7308
0.00520464 0.418561 -77.5119
0.00965784 0.396234 -74.7257
-0.010461 0.378411 -64.0294
0.0432442 0.293409 -66.7798
0.0239849 0.257632 -52.0861
-0.00857327 0.21817 -30.4113
-0.0310648 0.177638 -13.1217
-0.028127 0.286549 -36.6054
-0.0118137 0.29519 -46.1795
-0.0314421 0.292478 -35.9286
-0.0070651 0.306097 -51.3265
0.00558978 0.297474 -56.3983
-0.0493032 0.318447 -29.9216
0.000879991 -0.000823169 11.5034
-0.0347874 0.0301386 26.6988
0.0423395 0.111142 -39.744
0.168671 0.0901988 -115.969
0.128748 0.0833444 -87.6505
0.163864 0.0539216 -105.47
0.119773 0.0448444 -71.7874
0.144379 0.0609823 -93.0688
0.188003 0.0569213 -125.451
0.215028 0.0559304 -145.624
0.175401 0.0749536 -117.667
0.217251 0.0599499 -148.765
0.173333 0.0724581 -113.236
0.139514 0.0466497 -79.7384
0.20429 0.0517265 -138.795
0.242308 0.0596129 -173.83
0.206067 0.0318537 -135.066
0.212273 0.046366 -143.847
0.156998 0.0255842 -86.1072
0.155588 0.0144321 -82.6271
0.159715 0.0452866 -93.1914
0.221597 0.0198299 -151.2
0.239947 -0.00851813 -165.228
0.23611 -0.00440997 -161.709
0.17318 -0.00218955 -92.0551
0.147044 -0.0310007 -56.3837
0.144377 -0.00864391 -58.5378
0.176983 -0.006246 -97.5213
0.200801 -0.00202872 -126.202
0.15831 0.0166655 -78.5688
0.189946 0.00559327 -114.584
0.00184751 0.0906095 -6.69764
0.0367973 0.392098 -71.3324
0.0378935 0.383354 -69.4631
0.0417603 -0.0997035 46.2712
0.00890342 0.0876774 6.36727
0.010714 0.068919 10.3629
-0.0299919 0.0606144 17.941
-0.082408 0.0719962 23.1384
-0.0360911 0.677232 -126.234
-0.00958202 0.522305 -96.3109
-0.0202528 0.36545 -58.585
0.00804186 0.315371 -53.9395
-0.00432594 0.34501 -57.8542
-0.0134101 0.358072 -58.1017
-0.0201032 0.348534 -54.1036
-0.0126832 0.33656 -53.7915
-0.00231555 0.3478 -59.9449
-0.0132024 0.305226 -47.0357
-0.0110824 0.277438 -41.6121
-0.0235721 0.258677 -32.7064
-0.0258011 0.254401 -30.7096
-0.0248151 0.270742 -34.8841
-0.00702322 0.301146 -50.1191
-0.00603676 0.297824 -50.0115
0.00746506 0.327659 -63.7436
0.00525118 0.324882 -61.975
0.0186683 0.300518 -64.0257
0.00739401 0.30076 -57.5
-0.0010724 0.280882 -47.8289
0.038467 0.255879 -67.3909
0.0964523 0.181634 -87.8199
0.120265 0.110898 -88.2374
0.108551 0.133902 -84.8129
0.135373 0.0560187 -85.6984
0.155841 0.0675664 -102.965
0.187293 0.0721541 -128.186
0.225059 0.0658644 -155.981
0.19793 0.0625989 -133.159
0.172828 0.0241411 -103.852
0.159873 -0.00773325 -85.1646
0.159541 0.0059285 -88.4443
0.181421 -0.000517858 -106.473
0.218889 0.0137646 -143.132
0.215141 0.00845823 -138.943
0.230098 0.0301882 -158.018
0.165289 0.0631696 -102.179
0.149964 0.0510374 -85.2488
0.134625 0.0638055 -72.189
0.18737 0.0536299 -124.536
0.212394 0.0255215 -144.133
0.225033 -0.00420376 -149.796
0.165717 -0.0425516 -74.9038
0.154179 -0.0251858 -67.0273
0.16238 -0.023249 -76.7408
0.173519 -0.0247459 -89.8939
0.1882 -0.0423822 -102.846
0.192884 -0.0203181 -112.336
0.182388 0.0148199 -107.425
0.0271384 0.364496 -64.2128
0.0354956 0.332846 -56.3597
0.0544176 0.338674 -59.0302
0.04325 0.233787 -32.2741
-0.00295311 0.191882 -17.8154
-0.0145688 0.154202 -7.3481
-0.0106766 0.154416 -7.56367
-0.0497561 0.158345 -2.16829
-0.0190689 0.244591 -28.8064
-0.0189484 0.233039 -25.7729
-0.03318 0.279543 -34.2745
-0.0109039 0.302771 -45.633
-0.00910402 0.291596 -43.4431
-0.0309358 0.264394 -30.8356
-0.0400287 0.231196 -19.8136
-0.036608 0.243536 -23.9664
-0.029174 0.265181 -31.7272
-0.0215519 0.263926 -34.8327
-0.0107699 0.274424 -41.9667
0.000782923 0.303568 -54.063
-0.0177901 0.302222 -45.2965
-0.0226617 0.29029 -40.6447
0.00687891 0.321114 -61.5843
-0.00485437 0.329974 -57.9938
-0.0117528 0.328704 -53.9345
-0.00540538 0.336531 -58.703
-0.00480288 0.312542 -53.5183
0.00723937 0.299912 -57.2613
0.00808485 0.311951 -60.4177
0.0337725 0.296911 -73.2985
0.0284926 0.280439 -65.8556
0.0802908 0.208626 -83.2031
0.0766985 0.218996 -83.6228
0.129435 0.0758237 -85.9621
0.184692 0.0942368 -131.123
0.186511 0.0806237 -129.085
0.170659 0.0794682 -116.167
0.174652 0.0645574 -115.403
0.168716 0.0493291 -106.187
0.14256 0.0245825 -78.186
0.132909 0.0772646 -83.5633
0.156039 0.0141938 -86.8873
0.204648 -0.00865237 -125.221
0.245079 0.0065725 -166.635
0.217906 0.0316611 -146.802
0.185642 0.0406759 -117.539
0.177636 0.0468408 -111.553
0.152348 0.0317622 -81.9193
0.179208 0.0432498 -112.791
0.19099 0.0376141 -124.198
0.207906 0.013569 -136.199
0.157394 -0.0428435 -66.051
0.160113 0.00615679 -81.8717
0.131767 -0.00214898 -46.5699
0.150558 0.0103591 -70.8422
0.149604 0.00297745 -68.3678
0.16117 -0.0438581 -70.4854
0.27016 0.00444766 -220.359
0.0185482 0.331157 -55.3832
0.0169313 0.315978 -51.1582
0.0278326 0.313718 -51.4731
0.00801638 0.294665 -45.4679
0.000505925 0.272104 -38.5151
-0.00899533 0.256172 -33.4796
-0.0157366 0.245173 -29.6278
-0.0237145 0.243551 -27.9379
-0.0178607 0.245602 -29.3632
-0.0167107 0.234914 -26.5612
-0.0227133 0.237734 -26.1307
-0.0243412 0.231654 -24.2313
-0.0363067 0.216812 -17.3671
-0.0400834 0.219766 -17.2059
-0.0379329 0.226265 -19.8648
-0.0473809 0.262468 -26.4744
-0.023115 0.263738 -34.5855
-0.000530623 0.281851 -47.7178
0.0124397 0.314917 -61.824
-0.00157636 0.315006 -55.8602
0.00351396 0.325291 -60.7409
-0.00413402 0.306544 -52.5764
0.0109041 0.326352 -65.0141
-0.00150433 0.328563 -59.1938
-0.00362132 0.34603 -62.9517
-0.000729543 0.339569 -62.4488
-0.00183121 0.349998 -64.6753
0.00985714 0.333857 -67.3368
0.00288006 0.322959 -60.0916
0.00842754 0.336102 -67.0096
0.00101799 0.31112 -55.2231
0.0183224 0.29955 -64.027
0.0544149 0.265864 -79.9609
0.0585605 0.287733 -88.5172
0.0829142 0.266418 -100.693
0.138017 0.14955 -110.048
0.164586 0.105765 -118.45
0.156145 0.0733502 -102.711
0.124782 0.0344863 -65.8434
0.0814841 0.0469008 -33.2389
0.13005 0.0169424 -64.9739
0.158663 -0.00280383 -85.3457
0.230966 0.0245578 -159.386
0.271236 -0.0035946 -188.434
0.231667 0.0184043 -156.494
0.182072 0.0233568 -110.416
0.170028 -0.000540243 -91.9063
0.134345 0.0166251 -59.9557
0.152649 0.0149484 -79.1043
0.200218 0.018203 -128.887
0.145182 0.0182234 -68.9039
0.155051 0.000909131 -75.1001
0.171424 0.0443095 -104.407
0.158094 0.0378703 -87.2866
0.153641 0.0115854 -74.9872
0.14201 -0.00222554 -58.1045
0.1349 -0.0195013 -44.0375
0.0787495 0.0159207 13.7052
0.0109087 0.301202 -46.8614
0.00982899 0.293022 -44.4291
-0.00264503 0.290378 -43.0247
-0.00977586 0.287147 -41.6832
-0.0165126 0.259934 -33.1146
-0.0140635 0.260271 -33.5587
-0.0280324 0.240574 -26.0313
-0.0337612 0.233174 -23.1057
-0.0236424 0.221033 -21.3208
-0.0305488 0.216505 -18.6294
-0.0316289 0.210278 -17.0249
-0.0152581 0.223109 -25.0382
-0.0333691 0.235251 -24.1376
-0.00290995 0.278808 -45.2417
-0.00697433 0.307554 -52.4521
0.00497337 0.317892 -59.2717
-0.00581934 0.312999 -53.9108
-0.0160449 0.326288 -54.2932
0.00855201 0.331095 -64.807
0.0147668 0.321113 -64.4332
0.0066148 0.318567 -60.3104
0.00011145 0.327447 -59.897
-0.00113642 0.319151 -56.7644
0.0018872 0.331175 -61.7445
0.00297506 0.336512 -63.8868
-0.0042991 0.332575 -58.6888
0.00479321 0.337503 -65.0812
0.00304717 0.339106 -64.4366
0.00150612 0.326951 -59.9874
0.00454592 0.344119 -66.9019
-0.000391268 0.327415 -58.8112
0.0136299 0.321942 -66.9855
0.0330375 0.307077 -75.9428
0.0429001 0.282924 -76.0339
0.0709426 0.269716 -92.5041
0.0754067 0.262791 -94.2194
0.134908 0.163089 -111.171
0.149462 0.0966238 -103.728
0.0980999 0.0344016 -43.1769
0.0776169 0.0277773 -24.5079
0.136449 0.0115741 -69.5745
0.189073 0.0466923 -127.204
0.190647 0.0844776 -138.908
0.259046 0.0440327 -191.072
0.22568 0.0441418 -158.855
0.183515 0.0294621 -114.093
0.186251 0.00618842 -110.366
0.173572 0.00633885 -97.3978
0.169925 -0.0108807 -89.3131
0.197117 0.0317419 -128.821
0.163781 0.0417607 -94.6804
0.161001 0.0465885 -93.5291
0.160667 0.0482947 -92.7188
0.134544 0.0645439 -67.7118
0.115537 0.0335594 -36.6065
0.123119 0.0158291 -40.4338
0.121371 0.0188547 -38.5752
0.0877963 -0.0112584 11.0696
0.00669402 0.263039 -35.3248
0.00659907 0.247497 -30.3916
-0.00227094 0.237603 -26.754
-0.0279996 0.265787 -33.9362
-0.0270661 0.220101 -19.7029
-0.0334536 0.212587 -16.6811
-0.046367 0.194947 -9.78299
-0.0334488 0.197625 -12.7578
-0.0207726 0.220828 -22.4792
-0.0214804 0.215429 -20.7268
0.000489819 0.297526 -51.398
-0.00734159 0.285155 -46.0408
-0.00568638 0.294919 -49.0723
0.00660335 0.309845 -56.8776
-0.0043928 0.316326 -55.7778
-1.67592e-05 0.313727 -56.2693
-0.0135572 0.307682 -49.3291
0.00353948 0.326831 -61.639
0.0046766 0.329115 -62.6209
0.00622919 0.322488 -61.1472
0.00196225 0.324208 -59.9191
-0.00538562 0.315412 -53.6572
-0.000763622 0.327029 -59.4199
0.00677368 0.32278 -61.9538
0.00665114 0.322497 -61.5546
0.00454693 0.32481 -61.2017
0.00709024 0.323128 -62.1657
0.00500418 0.327145 -62.1416
0.00606382 0.31243 -57.9613
-0.00451343 0.322337 -54.5576
0.0042314 0.330479 -62.9544
0.00261314 0.340387 -64.962
0.0122597 0.314214 -63.5486
0.0167135 0.313852 -66.6879
0.0624574 0.27388 -87.8151
0.0668077 0.258269 -85.9552
0.0665419 0.260852 -86.5209
0.0576897 0.252425 -77.1413
0.050349 0.194398 -52.9067
0.101296 0.0706795 -57.5265
0.1334 0.0465714 -77.8393
0.202366 0.0491993 -139.653
0.187209 0.103776 -141.146
0.206316 0.0880316 -153.972
0.188179 0.0650037 -129.782
0.189703 0.0410557 -123.344
0.176283 0.0556334 -114.785
0.155903 0.051566 -93.083
0.190305 0.0182285 -118.349
0.216863 0.00348028 -141.378
0.159803 0.0206879 -82.979
0.154955 0.0233234 -79.1061
0.156674 0.0278684 -82.4214
0.134848 0.0223203 -54.9446
0.0949241 0.0149531 -6.91386
0.0779439 0.00901975 15.4189
0.0792539 0.00605492 15.9504
0.0439081 -0.0249536 68.2854
-0.00759323 0.228478 -24.0268
-0.00864176 0.209448 -17.5914
-0.0144978 0.174055 -5.46679
-0.033449 0.187856 -8.82907
-0.0339092 0.182809 -7.23831
-0.0369746 0.197442 -12.0052
-0.0056836 0.241224 -31.3699
-0.00962616 0.26744 -39.8354
0.00136655 0.302682 -53.2367
-0.00560113 0.286452 -46.4799
0.00498788 0.30766 -55.6015
0.000634209 0.310034 -55.2946
0.000351681 0.312744 -56.1621
0.00339666 0.314228 -57.4486
0.00229953 0.31869 -58.4371
-0.000259081 0.315543 -56.6313
0.000236341 0.325103 -60.0436
0.0111844 0.338753 -68.4985
0.0116258 0.333982 -67.0604
-0.00372955 0.326351 -58.1229
0.00142879 0.331591 -62.2207
0.00175775 0.314777 -56.7886
0.00212849 0.311708 -55.7288
0.00544499 0.321153 -60.5834
0.00686019 0.327461 -63.4962
0.00982735 0.310074 -58.9634
-0.00289109 0.3282 -58.062
-0.000877345 0.314604 -54.7517
0.00429567 0.307568 -55.3252
-0.000185929 0.314996 -55.0086
0.0127476 0.33437 -70.0961
0.0094506 0.329693 -66.3041
-0.0014075 0.316196 -54.164
0.0130536 0.324291 -67.2562
0.0245734 0.306736 -69.9423
0.0602071 0.262585 -82.3505
0.0611673 0.265823 -83.79
0.0455552 0.267969 -72.1286
0.0233737 0.278915 -57.8399
0.0370096 0.266151 -65.0563
0.0493559 0.191084 -50.4623
0.0624512 0.17971 -57.4876
0.129172 0.0575968 -71.7673
0.15615 0.0604745 -97.9923
0.169703 0.0258583 -99.2682
0.208279 0.0352582 -139.679
0.174884 0.0670721 -116.421
0.126162 0.0847033 -72.8385
0.161595 0.0610677 -102.641
0.195716 0.0200936 -124.981
0.223098 -0.00598287 -145.572
0.192175 0.00593189 -114.898
0.185487 0.0455571 -120.567
0.108464 0.0252503 -26.0324
0.0912923 0.0168094 -2.90367
0.0748863 0.0423113 7.85019
0.0564155 0.0550105 25.8868
0.116388 0.0747167 -53.6288
-0.0301898 0.208787 -17.0877
-0.0346465 0.189511 -10.1276
-0.0327497 0.171058 -3.86617
-0.0186934 0.189865 -11.1251
-0.00974708 0.228717 -25.57
-0.00810455 0.260909 -37.2013
0.00145909 0.289975 -48.6963
0.00272978 0.290546 -49.2296
0.00704001 0.299562 -53.175
0.0107685 0.291787 -51.0776
0.00846366 0.31188 -57.6859
0.00285115 0.30721 -54.6896
0.00518862 0.305274 -54.8202
0.0117855 0.309493 -58.0064
0.0110881 0.302916 -55.391
-0.001556 0.311335 -54.4801
0.00532845 0.320047 -59.9003
0.00823852 0.321585 -61.5309
-0.0141247 0.331059 -56.0471
-0.00201437 0.326742 -59.2228
0.00216596 0.32775 -61.0106
0.00781451 0.292446 -51.1208
0.00451397 0.305912 -55.126
0.0195719 0.306274 -62.7306
0.0151059 0.319943 -65.1339
0.0142399 0.316679 -63.6014
0.0132332 0.334507 -69.421
0.00225707 0.321171 -58.6223
0.00654074 0.31324 -58.7015
0.0133819 0.309462 -61.6177
0.00597167 0.320127 -60.6248
0.00693473 0.31881 -60.8501
0.00235551 0.320384 -58.1495
0.00893157 0.325666 -64.7118
0.0158769 0.312941 -65.3835
0.0197046 0.304059 -65.3171
0.0578904 0.257842 -78.7564
0.0442463 0.271838 -71.9827
0.0247054 0.265357 -53.9335
0.0333032 0.259114 -59.1485
0.0369205 0.243952 -56.9729
0.0715889 0.210568 -76.1173
0.142098 0.0442393 -80.3538
0.145625 0.0320513 -78.576
0.148265 -0.000698648 -70.0068
0.207677 -0.00983719 -124.143
0.214846 0.00885548 -136.881
0.161389 0.0638036 -101.645
0.139245 0.0728933 -82.7111
0.183715 0.0438528 -120.041
0.204544 0.0534118 -145.623
0.206424 0.0519669 -146.234
0.154409 0.0281198 -78.8088
0.0975196 0.023154 -12.5774
0.102517 0.0312207 -21.6285
0.0999764 0.0286925 -17.4998
0.11281 0.0736707 -48.689
0.153841 0.114146 -113.007
-0.0350977 0.19517 -12.221
-0.0304658 0.187543 -9.57883
-0.0117751 0.203918 -16.57
0.0132491 0.223818 -25.2692
-0.00187373 0.233214 -27.4783
-0.00209655 0.267569 -40.0674
0.0108315 0.275489 -44.7041
-0.0035769 0.291903 -48.4639
0.00720057 0.296405 -52.1084
0.0232104 0.282181 -50.1172
0.00204902 0.307412 -54.6417
-0.00734462 0.279268 -42.1912
-0.00712977 0.275558 -40.9261
0.00410123 0.280552 -45.5636
0.00617696 0.25177 -35.6777
0.0120673 0.2685 -43.8658
0.0113122 0.291783 -51.9698
0.0134287 0.306704 -57.9034
0.000367055 0.295233 -48.9845
0.0034461 0.315791 -57.7601
0.0121861 0.299815 -55.6204
-0.0030264 0.305427 -50.8919
0.00501307 0.329763 -63.8192
0.00970959 0.319142 -62.1162
0.00456171 0.297792 -51.6573
0.0121686 0.291401 -53.3457
0.00628429 0.312648 -57.803
-0.00424882 0.315542 -52.6237
-0.00615631 0.298073 -45.2911
0.00860502 0.288191 -50.9373
0.0074196 0.313517 -59.2933
0.00433172 0.313179 -57.1035
0.00579633 0.313116 -57.9955
0.00461218 0.286273 -47.525
0.00618388 0.289214 -49.7082
0.0095682 0.277999 -48.2247
0.0292169 0.25707 -55.8975
0.0539601 0.246947 -71.5567
0.0483384 0.272854 -75.9978
0.0247598 0.278438 -58.4851
0.0163354 0.20484 -24.8665
0.0497813 0.185152 -47.4245
0.0997103 0.122809 -69.6989
0.130027 0.0388088 -66.969
0.148178 0.00998025 -73.5091
0.22057 -0.0106491 -136.376
0.234347 -0.0044432 -151.821
0.199331 0.0776371 -146.353
-0.157635 0.111764 217.012
0.12213 0.0913412 -70.8839
0.208308 0.0526012 -149.013
0.176556 0.030718 -105.832
0.146118 -0.0156398 -54.9767
0.113208 0.00702283 -25.1838
0.0896927 0.0410147 -9.8857
0.101073 0.0122336 -13.1258
0.169504 0.0744657 -118.315
0.205206 0.112481 -175.873
