0.0128895 0.00108065 5.8841
-0.00448251 0.00302148 6.25317
-0.0224527 0.0563077 5.8449
0.0736083 -0.0165735 14.2531
0.0164346 -0.00687211 19.1708
-0.00233919 -0.0251299 21.3656
0.00714137 -0.0097657 20.1389
-0.00423112 -0.307562 16.7683
0.293572 -0.469128 -32.0022
0.0572621 -0.245139 12.6041
-0.0768043 -0.146077 41.3004
-0.161232 0.0348681 57.9816
-0.102746 0.0755135 40.3769
-0.027805 0.0740229 19.3792
0.0613591 0.0424495 -7.82921
0.0396347 0.00733431 0.94496
-0.0334947 -0.0500001 27.2425
-0.018086 0.0033451 19.8323
-0.0579316 -0.0523694 36.9391
-0.0723617 -0.0348822 41.8698
-0.0295011 -0.0134975 23.3431
-0.00482131 -0.0496997 12.9062
-0.022346 -0.0586142 21.3443
-0.0236367 -0.0283029 21.4576
-0.0275393 -0.0108207 23.294
-0.00665196 0.0199777 10.6432
0.0613424 -0.00578039 -27.7388
0.0904814 -0.0850144 -43.1321
0.0543756 -0.0970897 -20.8773
-0.00592921 -0.10652 15.4036
0.0264005 -0.0526239 -6.50671
0.0263873 -0.0500605 -6.42961
-0.00481675 -0.001659 13.6016
0.0285464 0.0232444 -11.058
0.0553084 0.00804635 -29.7676
-0.00928227 -0.00771568 19.913
-0.458197 -0.13894 369.744
-0.0289306 0.0131802 58.3721
0.0222563 -0.0350812 4.15057
-0.00122804 0.0186495 22.481
0.0297695 0.0143822 -3.545
-0.00857816 -0.00259477 30.8642
0.0176408 -0.000436761 -3.50589
0.00219644 -0.0137661 11.1043
0.0141034 -0.00744357 -0.342898
0.00127112 0.000655827 11.833
0.00271926 0.0108753 10.5209
0.0317421 0.0122623 -19.0629
0.092907 -0.00699495 -82.1089
0.0343642 -0.0322035 -18.9052
0.00272437 -0.0550199 15.5442
0.0379591 -0.0434075 -23.8879
0.0636183 -0.016303 -53.4688
0.0424121 -0.00500532 -28.8898
0.0180585 -0.023754 -0.316869
-0.012313 -0.00123496 17.1134
0.234839 0.0153367 -283.57
0.00043504 -0.00880206 2.14541
0.0244573 0.00843609 5.51037
0.00108544 0.00755855 5.83486
0.00376136 0.0233754 5.33631
0.0110326 0.0316445 4.56091
0.0178993 -0.000345049 18.9073
-0.010371 -0.0222324 22.4205
0.0193801 -0.0266183 18.9699
-0.0208103 0.0686593 11.1335
0.193175 0.0258027 -25.2451
0.258516 -0.131992 -32.0275
0.000954321 -0.073975 22.1222
0.106907 -0.0938249 -12.1592
0.0303679 -0.00771852 5.98013
0.020338 0.00516713 8.08843
-0.000493478 0.0342771 12.0051
0.0275734 -0.00456759 5.39629
-0.0217548 0.00773625 21.0165
-0.0443116 -0.0319278 32.2574
-0.09864 -0.0397408 52.4344
-0.0525954 -0.0442668 33.5636
-0.0133869 -0.0106995 15.7128
-0.0128607 -0.0369363 16.7831
-0.0236948 -0.0427206 21.7596
-0.0226884 -0.0372947 21.1781
-0.0189014 -0.0230392 18.8784
-0.00763563 -0.0117984 11.5332
0.0436598 -0.0480946 -16.4725
0.0116219 -0.07948 3.72503
-0.00560555 -0.0929122 14.7591
0.0182903 -0.0497822 -2.13488
0.045239 -0.0391738 -19.7076
0.0483071 -0.0330644 -22.3269
0.00822131 -0.0071675 5.22797
0.0124119 0.00691074 1.47164
0.0473712 0.0166223 -24.4085
0.0214936 -0.00456073 -3.48782
-0.011329 -0.0317502 21.7227
-0.0104213 0.0127795 43.309
0.0391273 -0.0365342 -10.1595
0.0177726 -0.00392959 7.39136
0.0211015 0.00215506 4.37281
0.0168314 0.00178374 8.06919
0.00749253 -0.0134835 6.29329
0.00225098 -0.0104047 11.1104
-0.00250691 0.0230343 14.6104
0.000247359 -0.00501879 13.5618
-0.0068594 -0.0346887 22.511
0.0193513 0.0144425 -5.55231
0.0241642 -0.147621 -5.43193
0.0256709 -0.0575038 -10.0969
0.0226727 -0.0964187 -5.80402
0.07472 -0.0675865 -64.4913
0.0737836 -0.0527862 -63.9115
0.0448671 -0.0306453 -30.746
-0.401074 -0.0597276 489.323
-0.0473342 0.00328007 59.3301
-0.00579386 -0.00827372 9.8477
0.643597 -0.0739906 -784.274
0.0230667 0.00439907 5.96065
-0.00862346 0.0267468 5.51397
-0.00104538 0.0136653 5.95751
0.00476482 0.00287603 6.15765
-0.0453477 -0.0341234 26.659
-0.216937 -0.296367 58.321
0 0 -1
0.0107708 0.0727977 6.33784
0.0187125 0.0304614 7.41932
0.0084279 -0.0794605 15.7607
-0.245782 0.0589013 63.5188
0.0605016 -0.0225165 -3.37184
0.0359067 -0.0549164 5.15463
0.0671354 -0.147108 0.982133
0.0437489 -0.00871178 1.76993
0.0284056 0.0267345 3.44191
-0.0143982 0.036363 18.1397
-0.0695613 -0.0219337 41.3984
-0.0879967 -0.0275691 47.5089
-0.0242688 -0.00251116 20.0994
-0.0213748 0.00358325 18.8869
-0.0340547 -0.00441965 25.1701
-0.0358826 -0.0368406 26.9584
-0.0145651 -0.0453818 17.4004
-0.0106026 -0.0283872 14.3688
-0.0137301 -0.00584447 14.8517
-0.000488643 -0.0426529 9.04809
0.023017 -0.0559931 -4.24103
0.0280698 -0.0350964 -8.48222
0.0243359 -0.0304665 -6.36142
0.0432155 -0.0367935 -18.5354
0.044491 -0.0268866 -19.7331
0.0479918 -0.0379453 -21.3437
0.0127479 0.00303221 1.57449
0.0195914 -0.020237 -1.98017
-0.0397724 -0.0506084 44.411
-0.0550859 -0.0664531 57.2444
-0.0164681 0.0107298 48.2032
-0.0213198 -0.0029414 29.5539
0.0025657 0.00223808 8.90433
0.0515565 -0.00293112 -22.3474
0.0384906 0.00510111 -11.3572
-0.0154932 -0.00535453 27.0784
-0.0130893 -0.00387475 24.7776
-0.0106716 -0.00542818 22.6899
-0.421567 0.0525895 417.186
-0.00750255 0.00710883 8.87879
0.935126 0.00894616 -953.322
0.0175423 -0.0740915 -1.71293
0.00902104 -0.0137848 3.93439
0.030058 -0.0513558 -17.064
0.0720571 -0.0158388 -65.2339
0.114424 0.022181 -113.113
-0.0722023 -0.0564136 104.437
-0.401757 -0.0589707 490.09
-0.33581 -3.98597e-05 407.284
0.719015 0 -875.648
0 0 4.5
-0.0223004 0.0492025 10.9849
-0.0105392 0.051083 10.4448
-0.00890542 0.00103909 6.77617
0.00564275 0.042237 3.01193
-0.00306091 -0.0152246 15.0436
-0.0225668 -0.00257091 16.1359
-0.0113412 0.0300648 12.2153
0.00415814 0.0320168 9.82465
0.001439 0.0186108 11.1973
-0.022955 0.010882 16.3342
-0.0665937 0.0159747 25.0638
-0.00775381 0.0043104 10.9083
-0.00968709 -0.0773289 17.9055
-0.00731957 -0.029594 13.323
0.0307811 -0.000990453 5.4529
0.0160885 0.0262167 8.26584
-0.0256519 0.0160714 23.2811
-0.0592117 -0.0776983 40.0889
-0.0609095 -0.0549535 39.097
-0.0272747 -0.0127593 22.3163
-0.0101923 -0.0148068 15.1945
-0.0507641 -0.00660174 32.653
-0.0117027 -0.0240218 14.9984
-0.0134483 -0.0247535 15.6863
-0.011312 -0.0346032 15.4029
-0.0136535 -0.0359286 16.973
-0.0100458 -0.0415333 15.0121
-0.0116565 -0.0456394 15.754
0.0198096 -0.0398009 -2.62952
0.0247871 -0.0380043 -6.52423
0.0438767 -0.0286142 -18.9714
0.0288152 -0.0326929 -8.64515
0.0259932 -0.0402994 -6.38752
0.032338 -0.0512927 -8.75573
0.00763364 -0.0176784 7.06691
-0.0540186 -0.0338295 54.5775
-0.0720859 -0.0279945 67.6865
-0.0229179 0.00672792 53.6603
0.0199296 -0.0411837 -2.65643
0.031729 -0.0140546 -15.2303
0.0356346 0.000532231 -8.54316
0.0268271 -0.00644928 -0.21275
-0.0306245 -0.0300662 42.5159
-0.00245186 -0.0131465 15.3172
-0.0537818 0.0261639 61.689
0.00537034 -0.00194499 -2.16892
0.21999 0.251981 -235.838
1 0 -1019.5
0.132175 0.0973006 -130.779
0.0476171 0.145236 -46.2403
0.0186353 0.165108 -17.9179
0.0994008 0.086512 -100.504
0.123662 0.100985 -128.286
0.0715597 0.107567 -69.4764
-0.00254019 0.947699 -49.3435
-0.0166673 0.00479333 21.9492
0.00782307 -0.00793565 -6.70929
-0.0170031 -0.0131636 23.7743
-0.0127837 0.0225444 13.2441
-0.0178326 0.0369275 12.0976
-0.0243638 0.0248134 13.5313
-0.0204597 0.0220867 13.1317
-0.00927512 0.009733 13.3028
-0.00814301 0.00145616 13.9406
-0.00533057 0.0217237 11.8704
0.00466321 0.0324812 9.37051
-0.00207665 0.0401806 9.84793
-0.0198848 0.0412076 13.1866
-0.0553099 0.04932 19.9001
-0.0989536 0.0444214 29.9528
-0.0051376 0.0194822 8.33778
0.00230948 0.0314561 5.23601
0.0168557 0.00554216 3.39661
-0.00320542 -0.00235534 16.9237
-0.0272529 0.00259354 24.8751
-0.00955566 -0.071501 19.5724
0.00374837 -0.0481557 12.8355
-0.00122014 -0.0485846 14.8994
0.0369835 -0.0234242 -5.36098
-0.0467047 -0.00812657 31.1194
-0.0396791 -0.017862 27.8843
-0.017223 -0.0275168 17.7764
-0.027458 -0.0346151 23.7931
-0.0173047 -0.0439757 19.3967
-0.0110762 -0.0427365 15.8444
-0.0215516 -0.0473096 22.3199
0.0155527 -0.0605551 1.10983
0.0254356 -0.05721 -5.14749
0.0459289 -0.0636344 -17.8409
0.0362618 -0.0436691 -12.5656
0.035632 -0.0594079 -10.6794
0.0512447 -0.0514147 -22.7714
-0.0137033 -0.0446589 25.1636
-0.0709631 -0.0537273 68.8566
-0.0285768 -0.0543793 35.9082
0.0165418 -0.028861 -2.59799
0.0677296 -0.0182669 -45.2946
0.0399315 -0.0171823 -21.7405
0.0276965 0.00126741 -1.64969
0.022287 -0.00568654 3.79962
-0.0853799 0.236877 69.8203
-0.030032 0.193182 23.2171
-0.00968006 0.0642494 16.3758
0.013741 -0.15016 25.0772
0.0107747 -0.155605 28.6253
-5.87693e-05 -0.000550689 23.609
-0.0231645 0.0460757 42.8763
0.0283968 0.127444 -25.0269
0.0740078 0.120642 -75.1865
0.116135 0.0845446 -118.421
0.0948375 0.0742918 -92.2639
0 0 -1
0.05179 0.0252807 -37.9975
-0.0213303 0.00110963 27.523
-0.000751654 -0.00590877 3.24399
0.398438 0 -491.504
-0.00479749 -0.00148331 15.7229
-0.0148074 0.00666654 15.1529
-0.012603 0.00860288 15.1692
-0.0172096 0.0243111 13.0217
-0.00857709 0.0322487 11.214
0.000534238 0.0411675 9.02888
-0.00362279 0.0464086 9.04973
0.0076679 0.0412273 8.01724
-0.00377661 0.037159 10.4929
-0.0229058 0.0327193 14.8048
-0.0708021 0.0479097 23.4173
-0.0452348 0.0382922 16.7062
-0.02212 0.0474669 10.2468
-0.00289768 0.0316101 6.93534
0.0244269 0.0233156 -0.611467
0.400568 0.0193916 -123.902
-0.111868 -0.015621 56.843
-0.0401368 -0.0147057 24.9943
-0.0319019 -0.0518763 25.7175
-6.68193e-05 -0.0915092 17.4011
0.01648 -0.0516074 6.49357
-0.0495461 0.0294657 27.6379
-0.0195955 -0.0403577 20.6351
-0.0312005 -0.032258 25.3679
-0.0228039 -0.0341157 21.206
-0.0237025 -0.0518927 23.7622
-0.0272011 -0.0658979 27.38
-0.0162174 -0.0570519 20.0069
0.0213984 -0.0710095 -1.34807
0.0294329 -0.072262 -6.21668
0.0421484 -0.0688067 -14.8089
0.0392449 -0.0634117 -13.6429
0.0560843 -0.0468233 -26.8315
0.0429633 -0.0264863 -20.0649
0.0474533 -0.0780968 -16.7637
-0.042654 -0.069618 49.2449
-0.0295117 -0.0596446 37.4335
-0.0070743 -0.0649812 20.4327
0.0461563 -0.0268649 -25.7477
0.0475847 -0.00505422 -29.5199
0.00992146 -0.00185361 14.3643
-0.00178418 0.00333864 24.1158
0.0216968 0.0210626 -21.0019
0.0203053 0.0206889 -19.509
0.0108244 -0.000635864 -8.4433
-0.00104346 -0.0125255 5.08795
-0.0152497 0.0168156 15.9672
-0.0136566 0.0371418 11.2351
-0.0192663 0.0335287 17.3359
0.0480309 -0.144754 -17.7375
0.0347591 -0.281623 9.2717
0.138514 -0.0936489 -126.114
-0.0134619 0.00972755 38.8165
0.016788 0.00633024 4.80982
0.0278438 0.0153035 -9.01209
-0.0280138 -0.00239896 36.1337
0.128587 -0.0176227 -152.923
0.555288 0.00615986 -686.165
-0.00370131 -0.000391296 15.3879
-0.00452631 -0.00010578 15.536
-0.00728017 0.00671448 14.5724
-0.00257279 0.0102371 13.7702
-0.00276752 0.0308985 10.9503
0.000118439 0.013426 13.1245
0.00783401 0.0213439 10.7904
-0.00443541 0.0163198 13.4252
-0.0118568 0.0177066 14.6636
-0.027385 0.0202797 17.2131
-0.0529656 0.0205145 22.8434
-0.0504066 0.0350245 20.2779
-0.0489082 0.0586984 16.2221
-0.0173293 0.0334172 10.8055
-0.0160377 0.0194778 12.349
0.335153 -0.00269676 -98.4857
-0.187235 -0.0176834 82.8764
-0.0756063 -0.0124317 38.8195
-0.0521212 0.0177571 24.9569
-0.0071581 -0.00547295 9.26776
0.088511 0.00893853 -32.6231
0.0422784 0.038764 -21.8825
0.0186371 -0.0202153 -0.331734
-0.0576072 -0.00116072 34.3076
-0.0330522 -0.0196757 24.4866
-0.0328119 -0.0251517 25.2247
-0.0348419 -0.0336759 27.5867
-0.0271101 -0.0471016 24.91
-0.00858285 -0.0542437 14.6785
0.0226521 -0.0591292 -3.93257
0.0407215 -0.0508894 -16.6544
0.0488823 -0.047973 -22.3894
0.0590612 -0.0270633 -31.9849
0.095 -0.0378891 -57.0225
-0.0426637 -0.0714288 50.2498
-0.103623 -0.051904 94.647
-0.0644855 -0.0775866 67.3706
0.0231416 0.00185426 16.4993
0.0613379 0.118721 -64.2535
0.0661684 0.137362 -71.1999
0.0140186 -0.00111774 10.6462
0.00053449 -0.00584263 23.1943
0.0129393 0.0368836 -15.0263
0.0175013 0.0247289 -17.5427
-0.00180164 0.0131982 2.32583
0.00172942 0.000109247 1.10185
-0.0213875 -0.00187947 24.7488
-0.0207661 0.0146934 21.4404
-0.0240245 0.0300423 22.8392
0.0019383 0.0449643 -6.57271
0.00650073 0.027483 -9.26155
0.0149587 0.0305267 -18.5182
0.0130746 0.0303803 -17.0871
-0.0673714 -0.013543 82.007
0.00602708 -0.00667738 -4.13974
-0.0123683 -0.0022688 17.1693
-0.0131615 -0.000584303 17.6152
-0.0103868 -0.0105196 15.492
0.00112044 0.00455587 14.4779
0.0111439 -0.00307168 15.2172
0.000726459 -0.000936085 15.1009
-0.000197183 0.00859225 13.6729
-0.00341776 0.00935031 13.9529
-0.00451228 0.00629893 14.4732
-0.00205055 -0.00412538 16.1015
-0.0198862 -0.00596834 19.2755
-0.00304735 -0.0164951 18.1018
-0.0297646 -0.0249519 24.5024
-0.0396207 -0.00977591 24.0294
-0.0363355 -0.00690892 22.565
-0.0416817 0.0191714 20.1374
-0.0187061 0.0145531 13.8974
0.041037 0.0436934 -9.36812
0.149269 -0.00481684 -35.4115
-0.399517 -0.0207847 157.825
-0.0473987 -0.00368364 26.7026
-0.0484813 -0.00594473 27.4893
-0.00989924 0.0114717 8.89437
0.0967813 0.000734943 -34.9857
0.0238829 0.0756528 -17.7626
0.0357411 0.063108 -21.399
-0.0296853 0.0368107 13.832
-0.0330122 0.0544604 12.3242
-0.0284714 0.00623553 17.9749
-0.0546404 0.0265905 29.3594
-0.0524235 0.000201377 32.5604
-0.00294444 0.030786 -2.17917
0.0373362 -0.0311865 -17.3625
0.0810968 0.000703866 -50.9353
0.0625115 0.0111669 -40.1027
0.124882 0.00610824 -83.5607
0.151593 0.0598547 -115.862
0.237515 0.00988939 -169.955
-0.119717 -0.0751632 110.673
-0.0541901 -0.0602089 55.7764
0.0100586 -0.00231661 27.6833
0.0253137 0.135132 -35.9596
0.0944915 0.131209 -94.8013
0.0155708 -0.00299971 9.54213
0.0159029 0.00105437 8.58423
-0.151246 0.383483 84.027
-0.0163942 0.0221699 14.7758
-0.0151443 0.00661132 16.0235
-0.0100527 0.00216174 11.7644
-0.00355604 -0.0101931 7.60347
0.00682549 0.0559662 -13.5868
-0.0086909 0.0391461 5.28301
-0.0115884 0.0347822 8.96223
0.00669456 0.042722 -12.2243
0.0114599 0.0774252 -22.3079
0.00530784 0.0290213 -8.30676
-0.00877013 0.00965769 10.745
-0.0113642 -0.00513598 16.0826
-0.0135893 0.00945926 16.744
-0.0348779 0.00904432 42.9226
-0.0255584 0.0463005 25.8149
-0.00661692 0.0269766 10.7408
-0.00822493 0.0297812 10.0762
0.00191607 0.0347003 8.33046
0.00481974 0.0288403 9.90192
0.00380642 0.0153872 12.0528
-0.0126513 0.0227993 12.5344
-0.0221481 0.0265871 13.1698
-0.0203079 0.0165299 14.9856
-0.0364969 -0.00825535 22.4165
-0.0290881 0.0131312 17.3122
-0.0392526 -6.36699e-05 21.9851
-0.035473 0.00588839 19.8318
-0.0276567 0.0250739 14.5202
0.0048912 0.0393406 2.49682
0.0606623 0.0438335 -16.0842
0.12421 0.0212913 -31.0476
-0.0148369 -0.0125892 22.8066
-0.0248735 -0.00815489 19.1504
-0.0331558 0.0179973 17.3729
0.0371835 0.0308748 -14.2773
0.0341463 0.0274547 -11.6476
0.00309924 0.127808 -17.3688
0.00862932 0.108195 -16.2095
-0.0404847 0.101156 9.6321
-0.0595032 0.099289 19.4183
-0.0377921 0.091502 8.81473
-0.0159058 0.139778 -12.7013
0.000398556 0.265651 -45.5331
0.00649284 0.186578 -34.0797
0.011323 0.249174 -49.2785
0.0417974 0.26427 -71.8434
0.0508289 0.146694 -56.2217
0.0371241 0.0109044 -23.4435
0.0632679 -0.0182288 -35.678
0.206117 0.0112694 -146.653
0.186166 0.0220641 -133.829
0.211666 0.0035359 -142.143
0.018626 8.0254e-05 20.3412
0.0126632 0.0733819 -14.1885
0.0298855 0.0978356 -33.2982
0.0203801 -0.000503105 4.84229
0.0146767 -0.00436464 10.5846
0.0109481 0.0711056 -11.051
0.0162179 0.0844178 -18.3797
-0.0355603 0.887372 -117.353
0.00306297 0.0662537 -0.131086
0.0120563 0.0614262 -8.27158
0.0128169 0.0638416 -9.45644
0.00584491 0.138958 -26.6308
0.0094634 0.119867 -27.1878
0 0 -1
-0.00139422 0.115488 -14.5686
0.00562897 0.0614137 -12.9334
0.551106 0.303816 -681.681
-0.00822968 0.0488036 4.72393
-0.0157003 0.107957 3.45203
0.00334439 0.15498 -28.0333
-0.0105639 0.137847 -7.82236
0.0217311 0.0304724 9.89814
0.0143575 0.040482 7.8297
-0.00996023 0.057928 4.94399
0.0184802 0.0611107 2.05691
0.00147043 0.0528665 4.98252
-0.00626163 0.0452845 7.69659
-0.0211766 0.0364134 11.4573
-0.0317201 0.0374584 13.1464
-0.0209316 0.0478352 8.74473
-0.0294984 0.0551042 9.06909
-0.0307595 0.0489198 10.1254
-0.0257059 0.090234 1.1205
-0.018995 0.125022 -8.19421
0.0272894 0.137038 -23.2264
0.0760703 0.0581877 -22.8968
0.0609994 0.0309527 -11.4696
-0.00848748 0.0263562 13.2119
-0.0269003 0.263032 -33.3737
0.00156281 0.297029 -51.2433
0.0122093 0.210136 -38.0331
-0.00440478 0.315431 -51.1398
-0.00907805 0.245251 -35.079
-0.0177139 0.232523 -28.3814
-0.0162632 0.225969 -27.5479
-0.0256403 0.250887 -27.9624
0.012893 0.315568 -62.0299
0.0147861 0.291838 -58.787
0.0131214 0.294302 -58.389
-0.00410477 0.28889 -46.8368
0.00621329 0.29119 -53.9435
0.0339893 0.281127 -69.8265
0.0302674 0.28388 -67.7634
0.0040468 0.315238 -55.8958
0.0165325 0.35011 -71.921
0.067127 0.31149 -101.064
0.627099 0.0908045 -480.512
0.185636 0.0166175 -124.458
0.0221744 -0.00260708 17.9074
0.0314476 0.377941 -90.5404
0.0601928 0.357199 -110.673
0.0150569 0.0252065 4.27936
-0.0107535 0.0209638 27.8547
0.0323043 0.121809 -40.2956
0.0499503 0.115471 -55.4808
0.032114 0.0778282 -30.6626
0.00185059 0.102647 -6.23893
-0.00536923 0.117198 -2.14661
-0.0229186 0.158425 0.298568
-0.0162908 0.168274 -8.80683
-0.0081089 0.149514 -13.8302
0.00169659 0.150333 -24.4758
0.0120443 0.171244 -40.2196
-0.0176331 0.137086 -0.39907
0.00681028 -0.0094102 18.7319
-0.00937635 0.132228 -8.05405
-0.00704944 0.151283 -14.6667
-0.00867885 0.141107 -10.5816
0.0027178 0.155766 -27.4838
0.0210332 0.0327872 9.24749
0.0309264 0.0188118 12.3063
-0.00151799 0.0577732 4.69225
-0.0109639 0.0559941 5.23034
-0.012387 0.123765 -9.94041
-0.0250103 0.0884535 -0.0479256
-0.0218046 0.0537382 7.68844
-0.0225073 0.0603279 6.33336
-0.0405133 0.125065 -4.67614
0.00188785 0.160796 -20.3147
0.0111931 0.174438 -25.5667
-0.00468563 0.203235 -28.0879
0.00602008 0.24437 -40.2471
0.0055159 0.238432 -38.5988
0.00583239 0.229017 -36.3836
-0.00233034 0.194005 -25.8281
-0.00833597 0.275367 -41.9268
-0.0216415 0.24336 -29.8592
-0.0021251 0.278038 -45.2998
0.0035258 0.265573 -44.8362
-0.00824874 0.284476 -43.9673
-0.00553473 0.284958 -45.5526
-0.00646949 0.296915 -47.6497
-0.00636422 0.301485 -48.6924
-0.00191918 0.297948 -50.0644
-0.00875056 0.305382 -47.9071
0.00214071 0.299392 -52.9956
0.0169017 0.294539 -60.5781
-0.00212595 0.304283 -51.3742
0.0116003 0.29104 -57.1624
0.0257019 0.289374 -66.0879
0.0511252 0.267902 -78.2827
0.0508542 0.296132 -84.3572
0.0536965 0.30055 -87.6694
0.0525644 0.309463 -89.5029
0.111365 0.274749 -126.085
0.11806 0.106294 -91.9062
0.0136072 0.00394768 23.3865
0.0124256 0.367248 -72.196
0.010776 0.319574 -59.7652
0.054675 0.126029 -52.7849
-0.00778477 0.0683602 14.8627
-0.0204137 0.247139 -13.842
0 0 -1
0.00284622 0.345127 -58.4418
-0.00165112 0.432738 -74.5315
-0.00647702 0.433021 -69.5554
0 0 -1
0 0 -1
0 0 -1
0.0248066 0.400552 -94.9516
0 0 -1
0.0322135 0.0154243 -15.684
0.0380068 -0.00196081 -18.6364
0.00503893 0.160805 -30.9115
0.00780402 0.149812 -31.7799
0.00259304 0.144678 -24.5353
-0.00048594 0.149424 -21.9151
0.0284302 0.326971 -62.2902
0.0287207 0.161008 -21.1344
0.0306565 0.30028 -55.8636
-0.0494614 0.216924 -30.0804
0.00852452 0.277642 -49.0574
0.011511 0.37033 -72.6552
0.0281054 0.345877 -68.2767
0.00954518 0.351871 -66.8573
-0.0055063 0.361186 -66.7058
-0.0049267 0.334378 -60.15
0.00496668 0.278978 -48.4984
0.00525644 0.305629 -54.8281
0.0139404 0.325581 -61.9896
0.00972133 0.303078 -55.2569
0.0115126 0.283524 -51.2228
0.00877994 0.301713 -54.7364
-0.0107832 0.299453 -47.2709
-0.0132544 0.297722 -45.8091
-0.00704533 0.301037 -48.7066
0.000315143 0.2988 -51.0958
0.0035623 0.313249 -56.129
-0.0010132 0.315294 -54.5883
0.00280923 0.319242 -57.2973
0.00021475 0.316133 -55.2147
-0.0055533 0.314987 -51.8285
-0.0124696 0.312818 -47.634
0.0106239 0.315185 -61.5462
0.00696328 0.323248 -61.2457
0.00400958 0.317426 -57.9385
-0.00945117 0.324182 -51.5234
0.00969225 0.314894 -61.5926
0.0184258 0.297965 -63.2845
0.043315 0.275604 -74.7462
0.0889518 0.23113 -95.9005
0.0488494 0.270119 -77.0652
0.0545625 0.25181 -77.2022
0.0574729 0.232309 -74.8645
0.00574915 -0.00672872 32.3114
0.00778856 0.314886 -56.8769
0.00456772 0.289586 -47.7129
0.00497198 0.307954 -51.8107
0.00765955 0.230771 -35.5139
0.00909373 0.330739 -60.7631
-0.00490652 0.3056 -41.0661
0.0108605 0.346787 -66.686
0.0183925 0.37724 -80.6616
-0.0381162 0.104993 40.8384
0.0099769 0.403016 -78.9213
0.0246487 0.400002 -94.3147
0.0228939 0.396878 -91.5225
0 0 -1
0.0140792 0.399572 -81.9551
-0.00240947 0.484176 -85.2295
-0.0152399 0.505597 -75.7367
-0.00100538 0.557269 -105.543
0.0338137 0.467367 -123.707
0.00892903 0.439569 -87.1429
0.0222831 0.425087 -100.065
0.0260282 0.34701 -67.522
0.0298403 0.355147 -69.8869
0.0266028 0.347901 -67.6419
0.0143021 0.364367 -71.4108
0.0108725 0.357367 -69.0101
0.0047012 0.368123 -69.8242
0.0321866 0.378242 -77.189
0.0148934 0.362135 -70.965
0.00339397 0.364582 -69.4113
-0.0157579 0.360692 -64.2984
0.000517763 0.344366 -63.636
0.0133647 0.324829 -61.2548
0.00604236 0.334817 -61.9529
0.0080734 0.328417 -60.8543
0.000477693 0.322071 -57.0714
0.00605253 0.317892 -57.6856
-0.00158315 0.314236 -54.0849
-0.00293552 0.32353 -56.1303
-0.00200106 0.310049 -52.8852
0.00202858 0.316363 -56.1123
-0.00633918 0.325483 -54.8858
0.00200309 0.315709 -55.9804
0.0050668 0.322152 -59.2179
0.00455247 0.320974 -58.5564
-0.0059657 0.318827 -52.4108
-0.00449305 0.320432 -54.0413
0.00254773 0.330886 -60.729
0.0036562 0.324326 -59.5457
0.00713215 0.323759 -61.5904
-0.00485499 0.334799 -57.0505
-0.00710378 0.336393 -56.1492
0.00584243 0.316924 -59.5038
0.0106963 0.319914 -63.5969
0.0504918 0.278721 -81.222
0.0659309 0.286188 -94.4995
0.0735325 0.28571 -99.3454
0.0714733 0.296858 -100.873
0.0633623 0.277685 -89.3137
0.00789521 0.363363 -68.2351
0.0110539 0.370091 -72.5873
0.00648251 0.378614 -71.4687
0.0855956 0.00596204 -21.9475
0.0186066 0.367832 -78.6253
0.014028 0.342334 -67.1583
0.00533505 0.343697 -59.4536
0.0117534 0.320301 -59.0102
0.00448033 0.334367 -55.5042
0.0121687 0.346368 -66.7166
0.0126141 0.377441 -75.234
0.0160397 0.344244 -70.2786
0.0252697 0.339158 -78.7247
0.00317682 0.348374 -56.5702
0.0144369 0.322336 -62.4902
0.0123223 0.306379 -55.8825
0.00564073 0.323549 -52.6452
0.022324 0.291219 -63.6637
0.0231263 0.367718 -85.5857
0.215671 0.232483 -286.285
0.0278078 0.35613 -70.0251
0.0303684 0.355351 -69.8541
0.0182171 0.366494 -72.1272
0.0268974 0.354241 -69.2955
0.00754984 0.352667 -67.1115
0.0164818 0.341561 -64.9457
0.0094068 0.341238 -64.1124
0.00791135 0.350678 -66.7816
0.00368977 0.340705 -62.949
-0.00225239 0.334642 -59.8965
-0.00475131 0.325643 -57.0745
0.00832243 0.32655 -60.4665
0.00779252 0.317588 -57.7219
4.83604e-05 0.322946 -57.1279
0.00376501 0.317212 -56.5768
0.00321297 0.323943 -58.3924
0.00294725 0.311291 -54.6314
-0.00456022 0.319138 -54.3107
0.00109834 0.315564 -55.3728
-0.00722987 0.311948 -50.6894
0.000861363 0.324956 -58.0759
0.00441876 0.3272 -60.1701
-0.0023592 0.323116 -55.7144
0.000627816 0.320143 -56.3612
0.000155989 0.329122 -58.6092
-0.00221517 0.323051 -55.7326
0.00195989 0.328665 -59.692
-0.000806496 0.331827 -58.9966
-0.00295627 0.325728 -55.9738
0.00375685 0.320826 -58.7274
0.00446651 0.326041 -60.6072
0.00314603 0.322482 -58.9489
0.0112212 0.314289 -62.3251
0.011777 0.312776 -62.4092
0.0467133 0.27951 -78.3619
0.0844049 0.240416 -95.1069
0.0830031 0.25199 -97.2316
0.0606543 0.251842 -79.2577
0.0387215 0.297466 -74.9016
0.0251991 0.337405 -75.7543
0.043083 0.356988 -97.117
0.10049 0.00854621 -36.2498
0.0232947 0.349157 -77.8327
0.00346311 0.34209 -57.0455
-0.00710009 0.340178 -46.4782
0.00786357 0.32917 -57.727
0.0029697 0.323447 -51.1464
0.0208097 0.326103 -70.2083
0.0124261 0.339223 -64.9182
0.0166167 0.336999 -69.1996
0.0242939 0.331468 -76.2015
0.0101725 0.338625 -62.2784
-0.00432188 0.339629 -46.5694
0.00747533 0.311587 -51.659
0.0078322 0.316046 -53.5819
0.020414 0.318121 -68.6413
0.0181603 0.337288 -71.8504
0.0388557 0.324056 -92.7193
0.0235954 0.355753 -69.8211
0.0227656 0.353206 -68.9965
0.00939789 0.339057 -63.5067
0.0148579 0.34371 -65.4311
0.0186889 0.334957 -62.928
0.0124426 0.329339 -60.9718
0.0193327 0.307412 -55.0462
0.0132057 0.30197 -52.3295
-0.000827905 0.287527 -45.7214
-0.00964053 0.303942 -49.3108
-0.00150682 0.313929 -54.3203
2.09193e-05 0.322261 -57.2978
0.00260376 0.322579 -57.8817
0.00590694 0.311756 -55.4933
0.000268948 0.311313 -53.6131
-0.00155981 0.311395 -53.0615
-0.00365414 0.313435 -53.1235
0.00533439 0.323477 -59.4692
0.00574787 0.318263 -57.9715
0.00134438 0.322999 -57.7414
0.0028025 0.322851 -58.2729
0.000799038 0.315596 -55.0095
-0.000766165 0.323523 -56.7212
0.00297558 0.32235 -58.1904
0.000506648 0.320705 -56.3802
-0.00221934 0.322197 -55.3132
-0.00371005 0.32254 -54.5986
0.000719138 0.325124 -57.9482
-0.00679317 0.331822 -55.5478
0.00108341 0.329573 -59.7818
-0.000638967 0.318046 -55.0565
0.00581167 0.314159 -58.2012
0.00603958 0.318041 -59.6362
0.0064006 0.320806 -60.9389
0.0122236 0.300242 -59.0276
0.0669678 0.251439 -85.3272
0.0829633 0.243964 -95.1195
0.0697365 0.234513 -81.0581
0.0633778 0.266322 -85.9882
0.0614078 0.305426 -97.1093
0.0781411 0.296594 -108.884
0.113729 0.0599811 -64.2479
0.0155659 0.370594 -76.9284
-0.0194361 0.359877 -40.5688
-0.0178643 0.365861 -44.3573
-0.000516391 0.36575 -60.8899
0.00158339 0.349376 -58.2118
0.0267143 0.352149 -84.0315
0.01627 0.336576 -68.8267
0.0226493 0.36588 -84.4782
0.0193903 0.366045 -80.5872
0.000287055 0.362586 -58.5186
0.00162288 0.354004 -57.8358
0.0067038 0.344401 -61.1468
0.0150536 0.372061 -79.029
0.0180534 0.343537 -74.1701
0.0297108 0.338426 -86.0464
0.0229895 0.312702 -69.929
0.0165365 0.353029 -68.8382
0.016881 0.345196 -66.2055
0.0117235 0.334235 -62.2006
0.00242933 0.314145 -55.0812
0.00712333 0.320213 -57.4632
0.00553026 0.311995 -54.7725
0.0107073 0.292807 -49.1977
0.00284681 0.296659 -49.4371
0.00296984 0.304154 -51.9861
-0.00271328 0.313344 -53.923
0.00239206 0.31251 -54.8
0.00202692 0.321618 -57.5626
0.00354953 0.31751 -56.766
0.00449141 0.311878 -55.1296
0.000695995 0.311514 -53.7396
-0.0110728 0.307529 -48.4652
0.00198012 0.312498 -54.7305
0.0125168 0.315941 -59.6186
0.00571563 0.324406 -59.8517
0.00104955 0.325065 -58.134
-0.00364082 0.322559 -55.3116
0.000993219 0.310572 -53.4108
0.000709047 0.312746 -53.8393
0.00306412 0.312105 -54.7915
0.00466889 0.304208 -53.0555
0.00130255 0.311306 -53.7766
0.0034418 0.32021 -57.9454
0.000430361 0.322889 -57.1334
-0.00203052 0.328545 -57.4791
-0.000360215 0.331004 -59.2486
-0.00382269 0.32321 -54.4032
0.00359872 0.315089 -56.8293
0.00129656 0.300232 -50.5066
0.00215082 0.310005 -54.4901
0.0308237 0.313748 -77.4327
0.041681 0.279085 -74.4353
0.0749741 0.248508 -90.3753
0.0725188 0.242243 -86.3182
0.0875708 0.241437 -98.0459
0.0656091 0.284825 -93.6405
0.0652578 0.288674 -94.4737
0.0593046 0.313131 -97.5821
0.00306646 0.319502 -48.1092
-0.00359953 0.350858 -52.7563
-0.0107112 0.363454 -50.1915
-0.00574945 0.3937 -64.5077
-0.00838504 0.386436 -60.0363
0.00776593 0.398655 -80.4477
0.0135476 0.356307 -71.4918
0.0018683 0.321662 -47.7715
-0.00381831 0.319426 -40.1
0.000620484 0.314826 -43.6527
0.0140937 0.343271 -67.9485
0.148303 0.0170176 -66.6754
0.0287971 0.340013 -84.4066
0.0347945 0.329242 -88.5298
0.0359382 0.323981 -88.4016
0.00073238 0.330202 -48.0575
0.00315561 0.348621 -67.1564
0.00159212 0.333912 -61.8649
-0.00318108 0.310151 -53.1825
-0.00356256 0.29613 -48.2338
-0.0047044 0.305052 -51.2729
0.0017439 0.308917 -53.4059
0.00318861 0.307141 -52.9788
-0.0011643 0.306737 -52.0683
0.00310076 0.303175 -51.3909
0.010085 0.316492 -57.5687
0.00385284 0.319403 -57.3576
-0.00450664 0.31302 -53.0593
-0.00168802 0.309228 -52.3219
-0.00206977 0.307937 -51.6816
0.000934914 0.304168 -51.2336
-0.00381186 0.30582 -50.3892
0.0144447 0.30601 -57.0391
0.0235317 0.309658 -61.8039
0.0164117 0.320544 -62.7475
0.00214188 0.326758 -59.0244
-0.00583501 0.316595 -52.0167
-0.000975008 0.324366 -57.2618
0.00204088 0.319593 -57.1015
-0.00618557 0.298622 -45.3838
0.00249741 0.281571 -44.3271
0.00379429 0.313633 -55.9915
0.00747826 0.304084 -54.8532
0.0118806 0.307035 -58.4608
0.00621137 0.32833 -62.5985
-0.0100653 0.327015 -51.6497
-0.0201746 0.303837 -36.8133
-0.0115799 0.300076 -41.2676
0.00523903 0.278509 -45.5239
0.00581552 0.318685 -59.9824
0.0076388 0.317452 -60.7946
0.0122745 0.332235 -69.5722
0.0376073 0.291984 -75.5989
0.0412859 0.278735 -73.9609
0.0830359 0.224804 -88.7886
0.100487 0.215215 -99.8757
0.100671 0.253196 -113.552
0.0902151 0.255628 -104.96
0.0504162 0.314147 -89.6824
0.0299496 0.361102 -87.0602
0.0383886 0.372082 -98.7132
0.0151683 0.399919 -86.8559
0.003266 0.394205 -73.6641
-0.00594404 0.373403 -56.4586
-0.0163353 0.35971 -41.072
-0.0190316 0.337615 -30.0465
-0.0106339 0.333265 -37.8844
-0.0043483 0.313712 -37.7577
0.148379 0.000577019 -61.0472
0.150308 0.0122597 -67.3355
0.0243281 0.270143 -55.9975
0.0527463 0.263102 -87.0196
0.049888 0.314382 -102.382
0.0206833 0.350989 -79.9225
-0.00946443 0.346383 -66.223
-0.0123133 0.326159 -58.6723
-0.014968 0.303335 -50.1554
-0.00928441 0.285773 -44.0983
-0.00894404 0.268178 -37.8135
0.00680442 0.289499 -47.1264
0.00382615 0.289202 -46.6607
0.00211027 0.284939 -44.7702
0.0055398 0.283795 -44.9831
0.0128724 0.274994 -43.3474
0.00135144 0.285239 -44.5831
0.00554052 0.287522 -46.4401
-0.00653854 0.304798 -49.4369
-0.00151274 0.285042 -43.7064
0.0140198 0.288117 -49.5685
0.0126731 0.323485 -62.1245
0.00195532 0.326019 -59.5216
0.0111632 0.31867 -60.2317
0.00886662 0.311814 -56.7812
0.000427116 0.27297 -39.0934
-0.00584485 0.316482 -52.1251
-0.00499626 0.316745 -52.7056
-0.0123414 0.32683 -52.7128
-0.0237513 0.279635 -29.6998
0.0014601 0.290995 -46.8309
0.00519091 0.308334 -54.9908
-0.0062795 0.294067 -43.3951
0.0147922 0.267614 -46.1914
0.0200309 0.318794 -67.5687
-0.0103323 0.331473 -53.2306
-0.0311179 0.262537 -14.8303
-0.00607645 0.277921 -37.07
0.0117226 0.315088 -62.6681
0.00523898 0.33253 -64.3521
0.00359203 0.331352 -62.7558
0.00770072 0.333104 -66.4732
0.0136211 0.315894 -64.8429
0.00524148 0.267166 -40.5496
0.0640213 0.212051 -68.496
0.107853 0.200601 -101.039
0.11044 0.237384 -116.522
0.0922399 0.242186 -101.97
0.06771 0.288917 -96.822
0.0664204 0.312782 -104.455
0.0463827 0.329454 -91.302
0.00363556 0.388586 -71.504
0.00489663 0.401003 -77.3081
-0.0115255 0.374942 -51.217
-0.0138235 0.372554 -48.0338
-0.0200151 0.354474 -35.0333
-0.0198381 0.30892 -19.1965
-0.0111379 0.298575 -24.8527
0.155022 0.0144446 -73.5483
0.155096 0.0119711 -72.7225
0.04726 0.182083 -52.0023
0.070287 0.211572 -90.2366
0.0780345 0.271629 -121.488
0.0596947 0.322896 -117.702
