-0.00204917 -0.094726 17.6589
0.00793292 -0.075469 17.9074
-0.0107713 0.00440102 16.6411
-0.0155071 0.0081646 12.0326
-0.00618022 0.00290639 11.2961
-0.0049271 0.00632699 11.133
-0.00376687 0.00147234 11.0499
0.00587137 -0.00497806 9.60019
-0.0203831 0.0146667 13.0348
-0.0019922 0.0155678 9.51311
0.00121996 0.00560379 9.0628
-0.00775185 0.00802115 10.9645
-0.0082043 0.00873303 11.1465
0.0282135 0.0484023 0.273557
0.333495 0.0372698 -92.4981
0.0149077 0.0114547 11.479
-0.042307 -0.0120373 32.6142
-0.0442815 -0.0161976 33.3985
-0.0399927 -0.0502469 31.9588
-0.0140249 -0.0698336 22.0133
-0.0107294 -0.0532126 20.5044
-0.014456 -0.0380535 21.6317
-0.0123041 -0.0531196 20.8709
-0.0604789 -0.0507833 44.6469
-0.0674324 -0.0227626 47.06
0.389983 -0.0175111 -199.318
-0.347499 -0.170142 217.006
-0.0341057 -0.0566454 32.7339
0.0247462 -0.0937569 -2.21248
0.18319 -0.173144 -99.3737
0.132786 -0.0204521 -65.7643
0.0792964 -0.0106502 -30.8684
0.0387123 -0.0232763 -2.91051
0.0183222 -0.0301876 11.6504
0.00348956 -0.0170777 22.4966
-0.0225673 -0.000346311 42.0363
0.0293005 0.0271136 0.561177
0.0345696 -0.00623329 -2.26711
0.0181362 0.00113596 11.3603
-0.00555331 0.00208762 30.2732
0.0104693 -0.00324609 16.8666
-0.00109631 0.00413008 26.8509
-0.0220395 -0.00498221 46.0003
-0.0181568 -0.0186056 32.0075
-0.000699334 -0.0311357 15.7397
-0.00638405 -0.0261711 21.1068
-0.00299125 -0.00449448 17.2331
-0.0199526 0.00459308 34.0173
0.0376371 -0.0271607 -26.023
0.43029 0.0311672 -450.796
-0.0292176 0.0197416 38.9958
-0.0499134 0.00764551 62.2678
-0.0546994 0.00525693 67.4204
-0.00762451 0.0287658 10.4359
-0.0432748 0.00141457 54.4767
-2.66148e-14 0.573971 -1.98697
-2.66148e-14 0.573971 -1.98697
0 -0.0257495 5.02693
0.0450221 -0.14188 18.0154
0.0598394 -0.140296 18.0252
-0.000331177 -0.0245533 16.589
-0.0565881 0.00981069 15.1157
-0.0117487 0.00948718 11.6885
-0.00817521 0.0143055 11.3746
-0.00828841 0.00792046 11.3919
-0.0195095 0.013725 12.809
-0.0107027 0.0198049 10.9299
-0.00159253 0.0102078 9.62353
-0.00576948 0.0105615 10.5556
-0.00761689 0.0124994 10.6781
-0.00308349 0.0116491 9.64441
0.000489216 0.00333165 8.87833
0.254528 -0.154443 -62.7806
-0.0465212 -0.00593414 34.248
-0.0586754 -0.00894155 38.5663
-0.0539847 -0.0128165 37.0519
-0.0525099 -0.0212488 36.4912
-0.0127618 -0.0493308 20.8257
-0.0103913 -0.0447573 20.6361
-0.021884 -0.0561238 25.5972
-0.0389179 -0.0414039 33.1873
-0.0623238 -0.0411543 44.9914
-0.0586698 -0.0657148 43.9678
0.0158325 -0.0414946 2.6068
0.00562227 -0.00595694 8.04699
-0.00173047 -0.0372217 13.391
-0.0113091 -0.0500779 19.0554
0.0475724 -0.100994 -16.3042
0.052647 -0.0072217 -12.6401
0.0395483 -0.0108338 -3.77284
0.0309021 -0.0180143 2.41312
0.0169636 -0.0217928 12.4514
0.0041171 -0.0152435 21.6799
-0.000589188 0.0038944 24.9071
0.0280988 0.00488563 2.42742
0.0241065 -0.0128175 6.49879
-0.00265119 -0.0159102 28.3862
0.00531177 -0.00845535 21.5436
0.00303826 -0.0181517 23.8322
-0.0121225 -0.00288391 36.7389
-0.0444925 -0.0132044 66.5831
-0.000456415 -0.0162023 14.9077
-0.0077262 -0.0233591 21.9589
0.000636687 -0.0202274 13.9516
0.012488 -0.0122532 1.67009
-0.00742653 0.00101818 21.5688
-0.0258533 -0.00468766 40.4693
-0.109314 0.00827478 127.69
-0.0721562 0.017709 85.804
-0.0465092 -0.01619 58.2599
-0.0514523 -0.00451583 63.7618
-0.0367015 0.00649549 45.8084
-0.0287296 0.0142432 36.0741
0.011717 -0.0968903 -7.1061
-0.04415 0.023246 54.4919
-0.0422987 0.0279452 52.198
0.0903552 -0.119133 15.5333
0.0919708 -0.107028 15.0673
0.0696094 -0.124196 17.8057
-0.0217737 0.0104454 12.5313
-0.0124626 -0.00352703 12.4091
0.00386735 -0.00557584 10.7545
0.00261982 0.00449197 10.3818
-0.0140275 0.0129379 12.2092
-0.0240306 0.0159505 13.4274
-0.00300653 0.00243843 10.2207
0.00194075 0.000652129 9.21795
-0.0101269 0.0124678 11.3688
-0.0138065 -0.00206338 13.0625
-0.0165426 0.00258711 13.5093
0 0 -1
0.156085 -0.135072 -30.9678
0.043697 -0.116363 6.46341
-0.0455035 -0.0429711 35.7476
-0.0422124 -0.0548637 34.3704
-0.041352 -0.0175057 31.8369
-0.010379 -0.0492938 20.4532
-0.018613 -0.0522997 24.471
-0.0698125 -0.0677368 50.0099
-0.0769482 -0.124386 55.646
0.00564184 -0.0759104 9.62843
0.00776656 -0.0576456 7.68026
0.01143 -0.0475607 5.81359
-0.00876781 -0.0442899 17.4988
-0.0102187 -0.0381686 17.1082
0 0 -1
0.0360717 -0.0200035 -1.17395
0.0472467 -0.0629759 -6.73494
0.0365873 -0.0413784 -0.296825
0.0224216 -0.0228919 8.64564
0.018295 -0.0209989 11.5419
0.00493615 -0.0375937 22.5538
0.0108777 -0.0499632 18.6662
0.0155897 -0.0509382 15.1715
0.00363072 -0.0605352 25.32
0.0179855 -0.040923 12.0878
0.0119883 -0.0602197 18.3999
-0.0231905 -0.0198809 47.3785
-0.0644426 -0.0500866 85.9741
-0.000808528 0.0104342 14.3069
-0.0188278 0.0155947 30.9303
0.0101451 -0.0100634 4.28143
0.000400522 -0.0135549 13.938
-0.0251455 -0.00171394 39.6471
-0.0419659 0.0125761 56.2547
-0.0509714 0.0435707 63.8432
-0.138616 0.0509053 156.412
-0.0593827 -0.000705173 72.0555
-0.046156 -0.00910278 57.211
-0.0334194 0.00854886 41.7798
-0.0196891 0.0175964 25.2279
-0.0100089 0.0346051 12.7933
-0.0348705 0.0276372 43.0975
0.0127112 0.0234845 41.8864
0.278075 -0.096878 11.8188
0.0390477 -0.0271521 11.1546
0.0197592 -0.0766967 16.1137
-0.0270861 -0.0708618 18.9312
-0.02208 -0.0198374 14.1659
-0.0091471 -0.0256766 13.4848
-0.00942948 -0.00552275 12.1717
-0.00193972 -0.0216377 12.3933
-0.0277324 -0.0183626 16.4953
-0.000167127 -0.0143307 10.5997
-2.31488e-05 -0.0124122 10.5811
-0.0122181 -0.0145218 13.7816
-0.0130562 -0.00746858 13.2406
-0.00809005 -0.00255773 11.5406
-0.0133926 -0.02576 15.0003
0.142966 -0.115622 -27.5536
-0.0181687 0.0334668 18.6344
-0.0299975 -0.119902 33.5105
0.00830246 -0.134334 20.081
-0.0431592 -0.049153 35.3563
-0.0318529 -0.057084 30.7402
-0.0429299 -0.0921778 38.5024
-0.0540936 -0.106869 45.8682
-0.0634039 -0.0904193 47.1266
-0.0810869 -0.00719341 52.0952
0.0078392 -0.0589572 7.92532
0.0199477 -0.0640618 1.70486
-0.00635069 -0.0448757 15.6681
-0.0055429 -0.0258003 13.873
0.117771 -0.0169857 -65.226
0.0956758 -0.0463401 -47.3503
0.0592908 -0.045948 -23.2207
0.0585259 -0.0943712 -12.3655
0.033106 -0.0244817 0.900016
0.00931921 -0.0424496 19.5362
-0.0235517 -0.0612896 45.8483
0.0220906 -0.0716577 10.4244
0.0136559 -0.0877845 18.8484
0.00528051 -0.0881597 25.5081
0.015405 -0.0838955 16.6197
0.0824769 -0.568434 -10.1639
0.0401666 0.0574907 -27.5214
0.0144343 0.0113862 -0.533782
0.0311137 0.0170996 -16.61
-0.00177047 -0.00374502 16.4839
-0.000227932 0.0183755 13.04
-0.00462713 0.00585713 18.2204
-0.0278164 0.0171133 41.3058
-0.0224818 0.00564521 36.3181
-0.0213049 0.00277527 35.4537
-0.275374 0.0430616 306.804
-0.0426119 -0.00688824 53.4779
-0.0355531 -0.00337012 45.1194
-0.0280018 0.0146527 35.1381
-0.0020661 -0.0513577 10.5367
0 -0.0267135 6.39974
-0.00816335 -0.0305654 16.5559
-0.160398 -0.0294371 260.145
-0.065116 -0.030358 15.5474
0.00361709 -0.0268494 12.8644
-0.00515969 -0.034629 14.338
-0.0101822 -0.0414148 15.1944
-0.0106783 -0.0350764 14.5734
-0.0150356 -0.0355222 15.1639
-0.00725779 -0.0367125 14.2912
0.0034458 -0.0337593 12.6962
-0.0130566 -0.0202634 13.8589
-0.00705592 -0.00943529 11.9176
0.00137937 -0.0142362 10.4994
-0.00942512 -0.00847114 12.6847
-0.00384894 -0.013302 11.7352
-0.0374772 -0.0273774 22.6354
-0.0385197 -0.0450303 24.7017
-0.0477255 -0.0564682 28.3653
-0.00778264 -0.170453 29.9052
-0.0157396 -0.153533 30.6993
-0.0121947 -0.164744 31.2403
-0.00130563 -0.143589 24.5132
-0.0704821 -0.102485 52.3677
-0.0137636 -0.108954 27.0397
-0.0561272 -0.088691 44.6426
-0.0644327 -0.063352 46.0432
-0.012112 -0.0513525 17.5567
0.0060985 -0.0644017 9.06753
0.0344475 -0.0565445 -7.16988
0.0232742 -0.0495725 -1.41624
0.0229853 -0.0331757 -2.73492
0.0806803 -0.0342399 -39.5483
0.104033 -0.0605842 -51.9978
0.0684717 -0.0495798 -28.7749
0.0265096 -0.0356778 -1.53
0.0267207 -0.0231516 -3.33013
-0.00679312 -0.00432072 19.7007
-0.0512165 -0.0201929 54.5747
0.0394492 -0.0721241 -3.09726
0.0185899 -0.0384132 10.6735
0.0121704 -0.0154974 5.2965
0.0241721 -0.0337031 -3.2557
0.00288926 0.0254582 8.88179
-0.00545092 0.0134597 17.1304
0.0163021 0.0186542 -3.05393
0.00314804 0.0162278 9.84924
-0.00910621 -0.0036391 23.3296
-0.00406701 -0.00477583 18.4966
-0.00390558 0.00282092 17.9125
-0.0280609 0.00944119 41.6168
-0.00883154 0.0149516 21.0265
-0.000295174 0.0244775 11.2361
-0.405657 0.0143784 451.065
-0.0739075 -0.0378582 91.1745
-0.0349461 -0.000505565 43.9323
-0.00206667 -0.0108245 7.01088
-0.0277152 0.0218823 34.6532
0.000770389 0.0287316 0.31476
-0.0245613 0.0345571 30.1968
0.0061706 0.0183927 50.288
-0.0594905 -0.0107565 13.2103
-0.029636 -0.0196131 13.1799
-0.0137303 -0.0355512 14.4903
-0.0180501 -0.0202134 13.4678
-0.023143 -0.0357113 15.7096
-0.0216015 -0.0557705 17.8179
0.000251085 -0.0451805 13.4836
0.033904 -0.0407042 8.24926
0.0148415 -0.0373104 10.9442
0.00242773 -0.0151255 10.452
-0.00609686 -0.0139725 12.0075
-0.00539898 -0.0324584 14.1764
-0.01436 -0.0368978 17.2079
-0.0322933 -0.0408839 22.361
-0.049719 -0.0229807 25.9326
-0.0925129 -0.0173877 39.1152
-0.0484778 -0.0107248 22.0298
0.0239681 -0.178981 17.1957
0.022725 -0.217087 22.6333
-0.00838477 -0.113481 22.5124
0.0187271 -0.149702 16.347
-0.0117936 -0.139304 29.5217
-0.0249375 -0.115209 32.8399
-0.0192965 -0.0570148 22.5526
-0.00897739 -0.0264451 13.076
0.0191511 -0.0402412 0.0347991
0.018828 -0.0216346 -2.43618
0.00781673 -0.029993 5.22172
-0.0142913 -0.029573 19.0928
0.0827483 -0.0587729 -38.1726
0.0812338 -0.0643452 -36.5016
0.074424 -0.0991723 -27.2838
0.0404406 -0.063933 -8.09426
0.0184259 -0.0248504 2.77773
0.015724 -0.0051346 3.27605
-0.0244927 0.00749601 31.9247
0.0664576 -0.0216505 -29.214
0.0410333 -0.00460602 -10.7962
0.0167332 -0.0134706 1.33334
0.012213 0.00492306 3.11654
-0.00563996 0.0116837 17.4153
0.0167944 0.0326031 -5.03807
0.0390604 0.0302333 -24.9308
-0.00205615 0.0150157 15.1422
-0.00161447 0.0170825 13.7677
-0.00604079 0.0207173 18.0859
-0.00396728 -0.0013413 18.0028
-0.0119435 0.0163704 24.1911
-0.0105885 0.019871 22.282
-0.00503507 0.0213355 16.3862
-0.0831665 -0.0572469 103.098
-0.0223686 -0.00623381 29.4434
0.00282593 -0.00130938 0.213805
0.0155622 0.0053017 -14.8153
0.0658403 0.0459641 -78.3321
0.041173 0.0271758 -47.306
0.00969167 0.0409652 -11.4203
0.0166124 0.0571315 -21.6669
-0.0606244 0.0118133 10.4654
-0.0356214 0.00546912 10.2237
-0.00864457 -0.000409962 9.96838
-0.0346355 -0.0212648 15.1385
-0.0270157 -0.0259564 14.9175
-0.0262784 -0.0164692 13.2975
0.00363153 -0.0232482 10.099
0.0327807 -0.029925 6.9413
0.0146284 -0.0413498 11.3045
0.0213154 -0.0219465 7.59176
0.00351085 -0.0166079 10.5324
-0.0209369 -0.00851715 15.1801
-0.0419945 -0.0275189 23.3601
-0.02732 -0.0243655 18.104
-0.0275947 -0.038506 20.4817
-0.0605904 -0.000873705 26.0298
-0.0253387 0.0383209 7.21381
-0.00210977 0.0326729 -0.509562
0.00213507 -0.0251351 6.50436
-0.019925 -0.0233365 15.3804
-0.00233748 -0.0895997 17.4375
0.00556633 -0.037903 5.57916
-0.00833021 -0.0941639 20.888
-0.053246 -0.272058 68.2983
0.0099717 -0.0727555 8.94665
0.0103325 -0.0541728 6.1013
0.0478113 -0.00925766 -20.8597
0.0384775 0.00723849 -17.3768
-0.0176604 -0.0233899 20.8324
-0.00359844 -0.00484416 9.8587
0.0637923 -0.0746684 -23.3221
0.0540289 -0.0749407 -16.9891
0.050907 -0.108995 -10.4737
0.0645246 -0.0350805 -29.3009
0.0418891 0.00823462 -18.0058
0.0384438 0.0201309 -24.6144
0.0368933 -0.00140039 -20.3347
0.0365839 0.00315839 -7.91473
0.0443894 -0.0243435 -20.1343
0.0235022 -0.0132059 -4.2749
0.0252089 0.00663367 -8.9279
0.0152919 0.0171697 -1.3706
0.0139744 0.0115518 0.404253
0.0012291 -0.00669684 14.9584
-0.0115347 -0.00679153 27.1624
-0.00394881 0.0127937 16.8567
-0.0132646 0.0300836 23.609
0.00036643 0.0414786 8.32658
-0.010054 0.0348128 20.0398
0.0270403 0.0171316 -17.0853
0.0294867 0.0111042 -30.5058
-0.16579 0.0350898 184.695
0.0544966 0.0194938 -59.9135
0.018961 0.0200603 -21.5861
0.0675235 0.010217 -74.9791
-0.0487197 -0.0303585 69.1064
0.0248194 0.0493669 -30.6875
0.0297645 0.069183 -39.4024
-0.0574695 0.00326233 12.0693
-0.034802 -0.00676723 12.247
-0.016882 -0.00120422 10.8291
-0.0383817 -0.0219229 15.4729
-0.0250864 -0.0257664 14.5797
-0.0192024 -0.0293722 14.7237
-0.0105092 -0.0198849 11.7259
0.0106823 -0.0275684 9.95452
0.0315513 -0.0248916 5.53248
0.0352292 -0.0157212 3.4938
0.0168214 -0.0214471 8.53304
-0.0299938 -0.0182832 18.9711
-0.0572531 -0.0358655 29.0197
-0.0256923 -0.00879824 15.0655
-0.0222465 -0.00325558 13.8595
-0.0335572 -0.00664077 17.7944
-0.025457 0.0141664 11.486
0.014971 0.0259613 -5.32319
-0.0129902 -0.00258489 9.94327
-0.0153104 -0.0103557 11.9674
-0.0234231 0.00202423 13.4065
-0.00974553 -0.00677847 8.47362
-0.0117873 -0.0220178 11.9784
-0.0154602 0.000243864 10.083
0.0120418 -0.030411 0.613
0.00428285 -0.0625329 9.89153
0.0650388 -0.0150492 -30.365
0.0338879 0.0171397 -15.5356
0.0135124 0.01665 -3.43787
0.0679011 -0.0928966 -24.0806
0.0575644 -0.0507948 -24.112
0.0371339 -0.0572655 -8.79036
-0.00991409 -0.0708911 24.9176
0.0886016 -0.00203221 -51.1221
0.0814723 0.00819959 -47.5121
0.0164851 0.029117 -9.0703
0.024361 0.025224 -14.574
-0.0218678 -0.00646414 40.7383
0.059253 -0.00730406 -35.4986
0.0368146 -0.00871278 -16.4616
0.0350358 0.00927675 -17.7477
0.00968875 -0.00323221 6.7344
0.0115612 0.00289025 3.85684
0.00588822 0.00532898 8.91193
-0.00401199 -0.00920624 19.997
0.0161751 -0.00245993 -0.16941
0.00450465 0.00823978 9.41952
0.00084982 0.0186726 11.5698
-0.00470792 0.0225926 16.4956
-0.000983136 0.00279214 15.3924
-0.00138865 0.0130129 13.9046
0.0247089 0.0215133 -26.0943
0.019608 0.0140345 -19.8391
0.0086294 0.0371953 -11.4992
0.0623701 0.0297095 -72.3811
0.0383709 0.0442802 -46.3474
-0.0764945 -0.0876611 131.319
0.0497846 0.0812638 -65.8617
-0.0658379 0.000191643 12.8138
-0.0475399 -0.00567016 12.6437
-0.0342993 -0.00228173 11.4836
-0.0359577 -0.00870614 12.9251
-0.0341168 0.00875641 9.62595
-0.0196603 0.00330542 8.80402
-0.00621491 -0.00426206 8.46961
0.00474917 -0.00504288 6.83644
0.0170555 -0.01535 6.54535
0.0341201 -0.026115 5.60718
0.0258102 -0.0201998 6.0308
-0.0279183 -0.0203034 18.9893
-0.0482817 -0.0158398 22.425
0.00461826 0.00871392 3.10549
-0.00906343 0.0237541 5.08311
-0.0461284 0.0239436 16.6407
-0.0184737 0.00679866 10.1755
-0.0109736 0.00320845 8.30142
-0.000520276 -0.0037838 4.4636
-0.0158852 -0.00793736 12.1798
-0.0319313 -0.0176204 20.6477
-0.0207147 0.0170003 9.38637
-0.0057572 -0.00480502 6.35574
-0.00800442 0.0152364 3.63688
-0.00638532 0.0484044 -3.37306
0.00283686 0.0283165 -4.4586
0.110235 0.0186307 -63.4799
0.0897863 0.0100582 -48.7376
0.00572436 0.0153633 1.67449
0.0703013 -0.0574331 -31.5128
0.0525245 0.0302556 -34.9142
0.0305072 0.0465398 -22.63
-0.00141053 -0.00134999 7.21871
0.109687 -0.00461646 -66.3061
0.101816 0.0150827 -63.9228
0.05185 0.0609517 -41.9112
0.678602 -0.0228726 -514.845
-0.00941359 0.0166832 26.4472
0.0648419 0.047092 -49.9818
0.0367794 0.0466989 -26.3592
0.0225292 0.0323024 -11.281
-0.00231257 0.0156654 13.4312
0.0142283 -0.00313081 2.4633
-0.00315665 -0.00494646 18.9986
-0.0024318 -0.0054619 18.0627
0.00773457 -0.022554 11.3566
-0.00915444 -0.0243944 28.211
0.00977719 -0.0262514 9.91145
-0.00408102 -0.00953538 20.9488
0.00463696 0.0155332 6.84496
0.0508366 0.0161371 -54.7437
0.0183714 0.00185955 -14.9761
0.0406994 0.0131833 -43.7065
0.00199247 0.0414819 -3.55612
0.0354305 0.0497089 -44.696
0.069173 0.0396586 -82.4511
0.0766577 0.064398 -95.7826
0.07018 0.0778959 -90.3738
-0.0971909 0.0345708 6.30249
-0.0666109 0.037775 4.22165
-0.0538576 0.0354643 5.02467
-0.0279425 0.035087 3.98182
-0.0268753 0.0400225 3.03394
-0.0289533 0.0510762 0.83656
-0.0368297 0.0231849 7.44646
0.018095 0.0407315 -4.51113
0.00298016 0.039805 -1.75535
-0.0104608 0.00514504 8.11861
0.0228573 -0.00813991 4.21423
-0.0515065 -0.00770418 21.9989
-0.0195969 0.0499121 1.82011
0.0166998 0.0361999 -5.80001
-0.000268938 0.0844043 -9.86918
-0.00332215 0.103542 -13.4857
0.00470472 0.325258 -61.6673
0.00363064 0.35189 -66.7276
0.00918534 0.374531 -73.6518
0.00805216 0.371981 -72.4205
0.00313646 0.384315 -73.0948
0.0105794 0.394201 -78.202
0.00808435 0.447796 -88.2054
-0.0120969 0.514648 -91.9698
-0.040515 0.353193 -43.1772
-0.0119241 0.374291 -63.153
0.0366023 0.291106 -72.9665
0.0418699 0.23272 -64.037
0.0331378 0.0472146 -21.6302
0.000256284 0.297392 -52.6257
0.0267082 0.304327 -70.487
0.0663858 0.278106 -91.5181
0.0831595 0.24713 -96.5015
0.0989487 0.201387 -98.472
0.0642322 0.0232065 -37.653
0.0683084 0.0927738 -60.4605
0.0255579 0.0746088 -12.8955
-0.0439353 0.052865 46.9272
0.0394536 0.122358 -43.3148
0.0360996 0.110735 -38.3031
0.0201195 0.145113 -31.6253
-0.00369103 0.0564248 6.82484
-0.000339422 -0.000941004 15.2953
0.00451825 0.0296813 4.4177
0.012945 -0.00128485 1.88307
0.0356969 -0.0613882 -9.27189
0.0150417 -0.0226182 3.91249
-0.00252358 -0.0161139 20.0105
0.0100414 -0.0190989 8.08899
-0.00798184 0.0117491 21.1125
0.0258064 0.0245679 -28.8301
0.0414928 0.00561695 -42.0853
0.046205 0.0355655 -53.9914
0.0592263 0.0234441 -66.0174
0.0645277 0.0370276 -76.6778
0.0802367 0.0510316 -97.8093
0.0960122 0.0569022 -117.708
0.0780988 0.0654443 -97.6747
-0.0509454 0.0418278 4.64877
-0.0537088 0.0848698 -5.4181
-0.0433782 0.0677575 -2.55046
-0.0315109 0.0686737 -3.21992
-0.0273937 0.0433145 2.17594
0.000420367 0.109368 -15.2763
0.0178326 0.400483 -83.9353
0.0246075 0.402929 -85.7562
0.0131197 0.12872 -22.2331
0.0312245 0.381517 -81.8679
0.0146797 0.404654 -83.2999
0.0468971 0.445241 -100.326
0.0223791 0.423608 -89.6897
0.0165779 0.430416 -89.7931
0.0225706 0.390072 -82.0961
0.0283489 0.414458 -89.5732
0.0260528 0.40477 -86.9314
0.0267889 0.370748 -79.4827
0.0140398 0.376588 -75.7028
0.0112958 0.367837 -72.5842
0.00549619 0.374785 -71.4173
0.00602722 0.355946 -68.0002
-0.00514446 0.328774 -56.4629
-0.0256796 0.279755 -35.3601
-0.00788851 0.324755 -54.8218
0.00114975 0.350966 -65.6041
0.0053743 0.324789 -61.9691
0.00604324 0.327557 -62.9951
0.0173982 0.337447 -72.2704
0.0126819 0.320681 -65.8113
0.0473311 0.290864 -81.376
0.0499553 0.296306 -84.2152
0.0519707 0.287044 -83.6145
0.0531985 0.256794 -77.638
0.102678 0.187378 -98.1878
0.11297 0.102403 -86.2351
0.0540163 0.108946 -42.1208
-0.0078363 0.356328 -48.346
-0.0823694 0.689682 -61.9759
-0.071261 0.759787 -86.459
0.0131316 0.612033 -125.363
0.0647069 0.5334 -154.19
0.106315 0.355162 -150.706
-0.0176177 0.990649 -184.594
0.050172 0.0565657 -37.4286
0.0566427 0.0877656 -50.752
0.055919 0.0802254 -48.2095
0.0615737 0.0943248 -57.4882
0.0666713 0.119916 -68.9634
0.0382124 0.16576 -49.6948
0.0302694 0.0319672 -35.699
0.0178185 0.0371131 -22.6642
0.0401972 0.00404679 -41.2663
0.0437095 0.0622353 -56.8175
0.03098 0.0459301 -38.4097
0.0734588 0.0466285 -88.6992
0.0905141 0.0430385 -108.305
0.0987048 0.0561398 -121.22
-0.022451 0.0786011 -4.5389
0.00254489 0.159354 -25.0698
0.0393195 0.463291 -101.286
0.00485126 0.428818 -91.3078
0.0144995 0.573482 -127.287
0.0362459 0.516492 -114.94
0.0258307 0.386716 -80.475
0.0250462 0.386864 -80.8543
0.0118864 0.361499 -72.3
0.00690147 0.37009 -73.2441
0.0151239 0.368766 -74.5414
0.0196247 0.389859 -81.1999
0.00180035 0.386157 -74.964
0.0104045 0.393296 -79.1372
0.00915792 0.385559 -76.782
0.00695183 0.402532 -79.2918
0.0156748 0.38229 -77.1166
0.0339906 0.402787 -89.0247
0.00667755 0.359167 -68.4028
-0.0163003 0.286495 -41.1476
0.00713056 0.311549 -57.5159
-0.022106 0.282344 -37.7885
-0.0066339 0.305474 -51.089
-0.000351261 0.317069 -56.9269
0.00561287 0.329984 -63.2414
0.00543114 0.334767 -64.2814
0.00779357 0.329279 -64.418
0.00250488 0.326867 -60.7951
0.00463645 0.329937 -62.8163
0.00397868 0.334488 -63.613
0.0271212 0.313507 -73.4546
0.0438614 0.297433 -80.6112
0.0522323 0.290009 -83.8884
0.041647 0.310169 -81.5597
0.0332057 0.276812 -67.5438
0.0548346 0.219344 -69.3113
0.0456174 0.20146 -57.4323
0.106778 0.109082 -83.6576
0.114764 0.127899 -94.1909
0.0291741 0.201464 -39.3464
-0.03263 0.373281 -29.4993
-0.0162285 0.462272 -65.1099
0.0173266 0.360535 -70.6565
0.0672061 0.31141 -104.21
0.00367186 0.241448 -27.8909
-0.0102521 0.2782 -23.7766
0.0196947 0.260786 -48.936
0.0566851 0.224119 -76.2171
0.0497225 0.132763 -54.1287
0.050421 0.153739 -59.9756
0.0432844 0.177619 -57.8933
0.0432729 0.154873 -52.6045
0.0452462 0.146479 -52.6783
0.027758 0.13998 -31.0826
0.032828 0.161975 -42.4766
0.037427 0.14442 -43.058
0.0191664 0.146567 -21.6891
0.0196075 0.149689 -23.0007
0.0165985 0.439292 -92.4549
0.0172413 0.44456 -93.8675
-0.0134771 0.421387 -86.6295
0.0241276 0.282382 -51.1003
0.0221717 0.291292 -53.7649
0.00579814 0.30036 -54.412
0.00934294 0.325558 -62.291
0.0135292 0.356454 -71.0731
0.0117915 0.361842 -72.507
0.020398 0.380743 -79.6972
0.0100411 0.376815 -75.7356
0.0273782 0.382949 -81.6751
0.0467218 0.3955 -89.3923
0.0154259 0.384238 -77.2846
0.0135764 0.371304 -73.9604
0.00638011 0.342639 -63.7216
0.0096642 0.32131 -59.1471
-0.0277898 0.256389 -27.9319
-0.0378201 0.25413 -23.9947
-0.0225245 0.276442 -36.5887
-0.0104631 0.291388 -45.6292
-0.00341259 0.303994 -52.0511
0.00317757 0.327044 -61.2533
0.00484927 0.327202 -62.1451
0.00539059 0.323123 -61.3417
0.00421993 0.325238 -61.2435
0.00634884 0.329315 -63.4678
0.00446261 0.342853 -66.1308
0.00833871 0.334282 -66.0775
0.00480097 0.328995 -62.5414
0.00776986 0.329367 -64.7612
0.0353234 0.305556 -77.1086
0.0694376 0.266936 -90.3702
0.0561476 0.285519 -85.7388
0.0293412 0.3202 -74.9452
0.026729 0.301375 -68.191
0.0292451 0.301635 -70.0325
0.0363692 0.322094 -81.5535
0.0449035 0.286572 -78.7151
0.0843442 0.165618 -78.3205
0.0663473 0.192566 -70.1725
0.0608341 0.206267 -68.3608
0.0395642 0.297281 -74.3396
0.0775782 0.257408 -98.0255
0.103349 0.248949 -120.212
0.00712686 0.283845 -42.0275
0.0232029 0.271596 -54.7522
0.0422994 0.207448 -57.3605
0.0283341 0.325476 -73.6773
0.00247713 0.344948 -51.8794
-0.0161873 0.295993 -18.2927
0.0416056 0.265609 -72.8822
0.0717787 0.136359 -70.1382
0.0273022 0.206696 -47.7728
0.028733 0.176175 -41.305
0.0316849 0.16345 -41.3961
0.0213139 0.151639 -25.6187
0.0208687 0.150238 -24.699
0.00282323 0.199356 -25.017
-0.00163057 0.18931 -21.9828
-0.0136976 0.222118 -31.3156
0.0206301 0.259888 -44.68
0.0522643 0.322357 -65.8696
0.0462423 0.305919 -61.3422
0.0268583 0.385464 -82.2024
0.016011 0.376495 -77.5431
0.0222366 0.423993 -91.6319
0.0330112 0.430393 -95.6945
0.0257739 0.4 -85.2908
0.0186349 0.376978 -76.8201
0.0349414 0.359515 -76.5331
0.0178613 0.315225 -58.7361
-0.020463 0.269577 -34.0577
-0.040428 0.241829 -19.66
-0.0357766 0.235822 -19.7303
-0.0279034 0.254674 -28.314
-0.00142361 0.302943 -52.7146
0.00333872 0.321082 -59.7829
0.00380151 0.326971 -61.6376
0.00675179 0.32416 -62.1062
0.00576132 0.330391 -63.4425
0.0134042 0.331863 -67.7635
0.00230968 0.325692 -60.1761
0.00585827 0.334061 -64.6728
0.00314353 0.332164 -62.5741
0.0117801 0.332869 -67.6638
-0.00132479 0.329948 -58.8912
0.00288244 0.326859 -60.5485
-0.00439191 0.331415 -57.2791
0.0078319 0.322349 -62.7442
0.0283725 0.306134 -72.712
0.0795907 0.262809 -96.4091
0.0524303 0.292045 -84.1426
0.0333723 0.316981 -77.1473
0.0281395 0.327343 -76.0821
0.0272952 0.322726 -74.1826
0.0247435 0.322726 -72.1325
0.029768 0.306626 -71.7104
0.0612652 0.228543 -76.2095
0.0699019 0.21443 -79.936
0.0466536 0.216379 -59.3259
0.0679905 0.23835 -84.8542
0.0945321 0.211994 -101.654
0.114211 0.230445 -125.946
0.0995797 0.190169 -99.5174
0.0175497 0.741119 -180.532
-0.0342646 0.407873 -30.3159
-0.0123711 0.370983 -42.8639
-0.0167617 0.334208 -27.9334
0.0201151 0.279229 -52.4647
0.0480227 0.239549 -72.2458
0.037995 0.270947 -70.2665
0.0440747 0.244301 -69.5748
0.0318629 0.153649 -28.7975
0.0144334 0.145706 -5.93095
0.0144334 0.145706 -5.93095
0.00452018 0.203239 -26.2127
0.00539074 0.221284 -31.8798
0.00934174 0.234188 -35.7096
0.0569122 0.304582 -60.9158
0.11011 0.391382 -91.6725
0.0581727 0.424923 -97.5025
0.0333052 0.41022 -89.5112
0.0208773 0.409458 -87.0595
0.0162225 0.395253 -82.0788
0.0162432 0.385333 -78.7524
0.00591217 0.350007 -64.8835
-0.03812 0.272596 -29.6611
-0.0109155 0.289091 -42.6073
-0.0390629 0.232998 -17.7189
-0.0377903 0.232368 -18.0698
-0.0242074 0.261512 -31.6298
-0.0124227 0.289391 -44.5197
0.0046406 0.324946 -61.8037
0.0116503 0.32345 -63.7591
0.0090614 0.332506 -65.5859
0.00614434 0.330828 -63.7634
0.00279982 0.319072 -58.6029
0.0047012 0.328984 -62.5016
0.00560256 0.32474 -61.5239
-0.00103267 0.322137 -57.3443
0.0112597 0.3254 -65.0598
0.00905009 0.335412 -66.8347
0.00289879 0.330746 -61.7603
0.00600535 0.330132 -63.4733
0.0018628 0.328736 -60.4924
-0.00241877 0.327067 -57.2141
0.00200121 0.333365 -62.1732
0.000897756 0.324663 -58.7357
0.00699214 0.328812 -64.3915
0.0845526 0.250876 -96.5849
0.0750281 0.263093 -92.2463
0.0379883 0.323328 -82.4536
0.0260999 0.334494 -76.5533
0.0231216 0.34162 -76.4605
0.0258651 0.331375 -75.6695
0.0293944 0.316715 -74.302
0.0220629 0.304625 -64.1152
0.0467037 0.292349 -82.5288
0.0738306 0.258124 -97.0622
0.103906 0.202726 -108.439
0.113015 0.194008 -114.219
0.113026 0.166801 -105.612
0.0833273 0.140209 -66.9294
0.0800661 0.154017 -68.2676
0.0826946 0.0915783 -50.9978
0.106017 0.0463654 -61.6011
0.139298 0.0141871 -88.5098
0.117716 0.0602164 -78.9351
0.122299 0.0435532 -78.8218
0.151826 0.0547095 -115.942
-0.118039 0.0283521 207.844
-0.116939 0.0284307 206.5
-0.116939 0.0284307 206.5
0 0 -1
0.429032 0.0335984 11.6694
0.428783 -0.00328076 24.274
0.0369782 0.237377 -30.6057
0.0463974 0.394271 -85.4743
0.0499395 0.439812 -100.77
0.0376726 0.425499 -94.6681
-0.0102256 0.341063 -58.1759
-0.0239466 0.326985 -51.8807
-0.021389 0.281508 -37.0477
-0.0336337 0.224783 -15.7089
-0.0520739 0.19803 -2.7316
-0.0510864 0.217453 -9.56653
-0.0167665 0.277705 -39.644
-0.0101683 0.289097 -45.3349
0.00361465 0.308282 -55.9306
-0.00583254 0.313868 -54.3514
0.0122628 0.328721 -65.781
0.00699505 0.332638 -64.9118
0.00935373 0.325149 -63.3704
0.00707642 0.326422 -62.8882
0.0181871 0.324049 -67.2295
-0.000979318 0.325744 -58.6446
0.00404341 0.321604 -59.7887
0.00529849 0.320601 -60.2212
0.00962116 0.324322 -63.7002
0.0106177 0.333085 -67.1216
-0.0016629 0.329737 -58.7721
0.00716554 0.330628 -64.4397
0.00315058 0.326628 -60.5541
-0.00538089 0.325182 -54.5941
0.000733067 0.329024 -59.9567
0.00138693 0.326753 -59.5582
-3.86428e-05 0.3279 -58.9593
0.0187253 0.307836 -66.2784
0.100885 0.233549 -103.237
0.0894867 0.250623 -99.221
0.0424718 0.318003 -84.2761
0.0321062 0.324303 -78.1243
0.0215037 0.335572 -73.0374
0.0219974 0.341555 -75.5147
0.02677 0.33154 -76.5405
0.0344831 0.325323 -81.6277
0.0303505 0.326103 -78.1791
0.0496872 0.301886 -88.6977
0.0724631 0.240306 -90.4601
0.0878822 0.150912 -76.2157
0.0643215 0.173772 -59.3202
0.0746661 0.13972 -58.4707
0.0874535 0.106172 -61.6481
0.0968231 0.116393 -74.9113
0.11191 0.0875848 -81.5999
0.1167 0.0674484 -80.5534
0.124371 0.0402193 -79.1238
0.12632 0.0312179 -78.1345
0.135796 0.0206943 -86.0324
0.141642 0.0161348 -91.6219
0.179597 0.032252 -143.242
0.0365575 0.164918 -5.1099
0.0354007 0.170552 -7.08349
0.0316222 0.182325 -11.0467
0.0855991 0.219549 -27.7924
0.0626771 0.322373 -61.3802
0.0104174 0.367846 -70.9358
-0.00799067 0.315861 -50.4923
-0.0224645 0.260149 -29.1266
-0.0486642 0.213141 -8.35352
-0.0519556 0.179289 3.58741
-0.0387169 0.189036 -2.9314
-0.024246 0.226414 -19.6028
-0.011568 0.253529 -32.5126
0.0119713 0.313646 -60.2872
0.00755361 0.316026 -59.7138
0.0066369 0.319365 -60.4639
0.00907578 0.324224 -62.9795
0.0128048 0.325324 -64.6942
0.00479863 0.322505 -60.6121
0.0110229 0.320704 -62.5227
0.013484 0.332655 -67.8511
0.00411853 0.330277 -62.7742
0.00332418 0.324779 -60.3945
-0.00121181 0.321696 -57.1962
0.00755992 0.324481 -62.6821
0.0169028 0.31479 -64.2933
0.0151826 0.323688 -66.4196
-0.00410266 0.311655 -50.917
0.00499268 0.315823 -57.866
-0.00331917 0.319791 -54.0408
0.00367885 0.321832 -59.4851
0.00387904 0.324828 -60.5804
0.00135704 0.330702 -60.9473
-0.00592206 0.321598 -52.3689
0.00941312 0.312801 -60.7055
0.068224 0.255201 -85.5046
0.105382 0.226998 -104.397
0.0939064 0.267874 -108.68
0.077387 0.313683 -112.032
0.0382541 0.325385 -83.6408
0.0240563 0.336147 -75.346
0.0227791 0.345051 -77.3872
0.0247745 0.339579 -77.3017
0.0261325 0.336826 -77.6511
0.0277283 0.328003 -76.1384
0.0293402 0.315748 -73.447
0.0543961 0.247377 -74.8159
0.037394 0.235378 -53.3136
0.0518358 0.215736 -61.1823
0.0652199 0.154534 -53.7952
0.0888846 0.169303 -84.4632
0.108449 0.138484 -94.2598
0.0633492 0.110436 -34.294
0.10149 0.064112 -61.966
0.131082 0.015852 -78.8802
0.135965 0.0150813 -84.16
0.14927 0.0189516 -101.698
0.172276 0.0234836 -131.209
0.0385375 0.162628 -4.32365
0.0402995 0.166375 -5.77108
0.0486829 0.178482 -10.6723
0.0862038 0.20307 -22.1937
0.00472795 0.347975 -63.6303
-0.0209324 0.307305 -46.2199
-0.0302817 0.279621 -35.1527
-0.0613584 0.196867 -0.564237
-0.0624321 0.14941 16.5407
-0.0471003 0.171544 5.29293
-0.0201182 0.220933 -18.4999
-0.00455395 0.249826 -32.8515
0.0178659 0.27575 -48.27
0.0214857 0.321489 -65.8161
0.00909995 0.319989 -61.4553
0.00752719 0.310336 -57.4552
0.00374863 0.299695 -52.2342
0.00612358 0.303108 -54.2418
0.00693513 0.299597 -53.3687
0.0105776 0.292451 -52.2793
0.0205331 0.304414 -60.8953
0.00682494 0.316344 -59.0793
-0.0031774 0.311085 -52.4064
7.88348e-05 0.300986 -50.4229
0.00654266 0.300201 -53.4542
0.0130759 0.283711 -51.0593
0.0147071 0.295218 -56.1189
-0.000903342 0.279204 -41.272
0.0114156 0.266525 -44.1827
0.009588 0.29228 -52.3956
0.00399463 0.311638 -55.9456
0.00521019 0.314005 -57.575
-0.00473222 0.316297 -51.5086
-0.00506738 0.296479 -43.9521
-0.00321968 0.305636 -48.6171
0.0280055 0.266272 -58.1197
0.03674 0.213912 -45.9377
0.114246 0.219199 -108.496
0.0883746 0.28196 -109.928
0.0458691 0.307634 -83.7537
0.0352548 0.324731 -80.9883
0.0270335 0.343293 -80.565
0.0132095 0.322797 -60.6673
0.0272198 0.310442 -69.2102
0.0245822 0.330512 -73.9401
0.0188937 0.314296 -62.5377
0.0232873 0.30279 -62.7545
0.0307625 0.270079 -58.5553
0.0324924 0.249444 -52.8349
0.0471293 0.207421 -53.1093
0.0917066 0.163726 -85.5316
0.0899314 0.128839 -70.5767
0.0680137 0.123597 -44.1703
0.0795066 0.117084 -55.2051
0.117019 0.0746016 -83.2347
0.136587 0.0181609 -86.0541
0.152463 0.00885237 -101.814
0.167463 0.00970986 -120.38
