-0.00451377 -0.0022845 9.13947
-0.013428 0.00815335 9.04704
0.102766 -0.456897 19.7962
-0.0635368 -0.0114528 27.9532
-0.0573971 -0.03688 27.6911
-0.0900182 0.0607906 29.6659
0.0569644 -0.117009 16.8463
-0.00129705 -0.0484281 8.69517
-0.0283574 -0.0212012 23.2426
-0.482236 -0.202786 110.874
0.0088087 0.00133002 3.50187
0.0217476 0.466106 2.03827
-0.0486478 -0.0189366 19.4952
-0.0356945 -0.0115079 15.5781
-0.00757651 0.00613524 7.17187
-0.00481971 0.00473504 6.29177
0.514001 0.0476109 -173.275
-0.0475241 0.130996 27.1824
-0.0431633 0.195235 23.9943
-0.0371729 0.101017 23.0719
-0.0408006 0.0340512 25.9915
-0.0601991 -0.0275399 36.2015
-0.0426658 0.0288561 26.4691
-0.0318654 0.0621121 19.8958
0.112966 0.580726 -56.2461
0.0540903 0.569945 -24.0831
-0.0524359 0.0599028 34.0849
-0.0093029 0.00119241 9.72499
0.0178325 -0.0385856 -5.99298
0.0386211 -0.0399926 -18.8057
0.0425957 -0.034748 -21.2254
0.0341809 -0.0539981 -15.5868
0.047881 -0.0778745 -25.2264
0.0366939 -0.152917 -14.8812
0.00834579 -0.121104 5.9084
-0.0829388 -0.0600982 73.6463
-0.0465446 -0.0348962 45.1181
-0.0184285 -6.48113e-05 21.8417
-0.0217097 0.0193623 24.3964
-0.00898034 0.0287555 12.6571
0.0207592 0.00821236 -13.3952
0.0330596 -0.0114622 -24.1177
0.0436938 -0.0437434 -32.6064
0.0189001 -0.00414114 -10.7841
0.00364573 0.00494548 3.28184
0.0062588 0.0190991 0.539288
0.0328105 0.0866424 -8.97504
0.0276543 0.11578 -3.8639
0.0254964 0.00920246 -0.0120978
0.0561272 0.0745429 -32.9049
-0.0726956 0.0204576 101.863
-0.0602266 0.225555 91.7935
-0.0416583 0.00409878 73.0432
-0.00562942 -0.00349628 31.2804
0.00506508 -0.0123143 17.8643
0.0172833 -0.00670995 3.10713
0.0179788 -0.0661513 3.56402
0.00704498 -0.0609611 16.7295
0.00704552 0.00354585 8.85067
-0.00933329 0.0112237 8.91595
-0.218841 -0.220322 35.6811
0.0310731 -0.181252 18.2072
0.0704744 -0.296091 18.5863
-0.0257378 0.0222173 8.33746
0.0582958 -0.168207 17.0278
-0.0136339 -0.0486528 10.5396
-0.0817794 -0.0167751 32.8755
-0.014896 -0.0144286 9.06295
0.0185112 0.00678637 0.952607
-0.00698755 0.0209354 7.47725
-0.035398 -0.0197699 15.68
-0.0157716 -0.00809771 9.95914
0.0601152 0.00137938 -5.25041
0.0130202 -0.00485793 0.756197
0.167347 0.086826 -50.6632
-0.105829 0.123929 49.7287
-0.0836751 0.0572475 43.09
-0.0734345 0.022218 41.1752
-0.0632882 0.0167923 35.9917
-0.0502097 0.00410524 30.7047
-0.0256959 0.0422272 17.1435
-0.013047 0.0382819 11.008
-0.00515535 0.0434632 6.91803
0.0186252 0.000236631 -3.05216
-0.0613539 0.0197355 41.3661
-0.0339977 0.0107419 24.5511
-0.00731647 -0.0256061 9.12548
0.0138606 -0.0227514 -3.58026
0.0269985 -0.0363877 -11.5368
0.0256305 -0.0601476 -8.66193
0.0161253 -0.0569555 -2.89743
0.0249948 -0.0860983 -7.90893
-0.00353421 -0.10087 13.6805
-0.00815654 -0.0723934 16.4986
-0.0157492 -0.0112417 20.072
-0.00719771 0.00475454 12.8567
-0.0369622 0.014923 37.0354
-0.0282525 0.0199891 29.0634
-0.0170637 0.0185125 19.4832
0.00789682 0.00702432 -2.24826
0.0311753 -0.00035012 -22.0665
0.0168698 0.00150789 -9.0142
0.0101319 0.00433404 -2.95642
0.0222992 0.0224576 -14.9678
-0.00202494 0.00343889 9.19888
0.0367096 -0.258405 -5.05069
0.0297033 -0.11781 -3.10364
0.0553289 0.0539696 -37.7939
0.0289342 0.116719 -11.1358
0.0168993 0.153807 -0.042931
0.00313952 0.0524062 20.017
-0.0276644 0.0406744 55.3046
-0.0224479 0.0550996 47.9749
0.00348077 -0.0194257 19.5968
-0.0142729 -0.0339435 41.7827
0.00376394 -0.0515255 20.4544
0.00583915 0.0163976 8.28576
0.00611637 0.0115262 8.5661
0.0488646 -0.0678096 10.7798
-0.0493061 -0.0888553 19.0037
-0.0774347 -0.0202518 15.9504
-0.0292253 0.00718655 9.2411
0.00187838 -0.0100308 6.25786
-0.00734537 -0.0106638 7.681
-0.0186988 0.00541506 8.70417
-0.00169141 0.0105168 5.43392
-0.0029666 0.0163227 5.36551
-0.0143804 0.00529738 9.00896
-0.0139145 -0.00341351 9.12207
-0.0154856 0.00100826 9.36612
0.0357469 0.00665 2.24151
0.00173636 0.000875048 4.39546
0.00622173 -0.0143198 3.79898
0.000971198 -0.0161078 5.44215
0.361063 -0.18133 -124.965
-0.0729044 0.00629367 40.8916
-0.0439518 0.0251609 26.8246
-0.02821 0.041032 18.6806
-0.00173165 0.0452167 5.86415
-0.00265314 0.0287724 7.37517
0.00448956 0.0214502 4.92109
0.00284419 0.011359 5.03748
-0.0391145 -0.00164936 29.284
-0.0501842 -0.00132615 35.5052
-0.0283012 0.0151983 21.8479
-0.114322 0.011762 85.1367
0.0282527 -0.0315397 -12.1215
0.0324039 -0.0353049 -13.9426
0.0211824 -0.045302 -6.4979
0.0109863 -0.0339864 0.352011
0.000366984 -0.0100843 6.66373
0.00377712 -0.0159695 4.60365
-0.000449917 -0.0137117 8.12394
-0.000700176 0.0102749 7.32326
-0.031099 0.0151629 31.997
-0.028224 0.0309593 28.668
-0.018166 0.0184137 20.5363
0.00850073 0.0212397 -3.25112
0.0437488 0.00924973 -34.7595
0.0260803 0.00774752 -18.0716
0.0128632 0.00332182 -5.18232
0.0103058 0.00214152 -2.82382
0.0109529 -0.0208048 -2.18581
-0.0299448 -0.00691627 38.0851
0.101531 0.0311974 -85.9384
0.0929805 0.0507736 -77.9764
0.0950503 0.0842728 -81.3517
0.0331107 0.0984172 -13.3839
0.00291313 0.0805611 19.1108
-0.0351751 0.0461655 63.8262
-0.0177762 0.0594009 42.514
-0.0235574 0.0440435 50.2837
0.0309004 -0.0290886 -13.8845
0.0412843 -0.0237541 -26.8162
0.00373497 0.0134479 8.57852
0.00158419 0.0151608 8.65208
-0.00222873 0.0047093 9.52411
-0.0481111 0.025296 11.3948
-0.0868543 0.0492462 12.8454
-0.0448301 0.0516298 7.94326
-0.0160594 0.00904023 7.61637
-0.0148564 0.00889617 7.64107
-0.00804579 0.00394716 6.99443
0.00974047 0.00843045 3.41897
-0.00813805 0.00880041 7.36228
-0.0411773 0.00715906 15.5272
-0.0214103 0.00301556 10.687
-0.0227354 0.00482242 11.0872
0.00159563 0.00566557 12.9847
-0.0129647 -0.00485711 9.80891
-0.00512751 -0.00781675 7.27703
-0.013967 -0.0110318 10.9061
-0.0325964 -0.0164526 18.43
-0.00339751 -0.0458753 15.0379
-0.0277201 -0.018445 23.1993
-0.0371955 0.00957707 25.3853
-0.00838104 0.00664904 11.5893
0.00503909 -0.0138088 5.8827
-0.00553386 -0.0170476 12.3803
-0.0154392 -0.0349558 18.8382
-0.0573216 -0.0285786 41.7793
-0.0648762 -0.0310695 46.4135
-0.0444566 -0.0172236 32.4002
0.00572144 -0.0257649 1.7917
0.0285459 -0.030874 -12.6428
0.0109327 -0.0241351 -1.13295
0.0220508 -0.0214446 -9.75516
0.0357505 -0.0242613 -18.2832
0.0224712 -0.00191178 -10.1865
0.0206347 0.0202881 -10.4153
0.0161541 0.0135815 -6.34186
0.000547199 0.0100838 6.4248
-0.0235933 0.0217996 25.5093
-0.0329643 0.0270322 32.8312
-0.0155137 0.0178488 18.1464
0.00607984 0.00255817 0.183411
0.0298629 0.00505435 -21.5338
0.0292519 0.00584699 -20.8686
0.00227691 -0.00106247 5.26101
-0.000379387 -0.00681811 8.19837
-0.0138293 -0.0174498 22.34
-0.0202998 -0.0197003 29.0499
0.0869522 0.0372733 -70.6317
0.115714 0.0493385 -101.876
0.0702113 0.0576471 -51.7001
-0.000846297 0.0572986 26.6559
-0.120181 0.0142048 163.538
-0.0315688 -0.0638525 67.2621
-0.00120673 0.0133341 26.7235
-0.0133908 0.0318131 38.9924
0.0242783 0.253894 -24.1144
0.0410558 0.236039 -43.0167
0.00897888 0.00565869 9.19001
-0.00038959 0.00654251 9.26088
0.00272725 0.00568978 9.30491
-0.000587661 0.0160792 8.59424
-0.0367957 0.0624103 7.36395
-0.0536959 0.0629919 9.54676
-0.0502707 0.0360351 10.1478
-0.014179 0.0046511 7.76013
-0.00224782 0.00530739 5.84755
0.00509304 -0.000752661 5.14168
-0.00335531 0.00198852 6.85733
-0.0400774 0.010686 14.8907
-0.0211854 0.00314672 10.5539
-0.0154444 0.010121 8.42085
0.00824479 0.000194849 11.3818
0.0010412 -0.00203817 4.85279
-0.0112575 -0.00158994 9.04693
-0.0278101 -0.0174257 16.8877
-0.0609398 -0.0114415 29.2316
0.323269 -0.107359 -118.132
-0.0196325 -0.042106 21.6824
-0.0393452 -0.0419735 30.5939
-0.0305677 -0.0457431 26.8205
-0.00610981 -0.0470726 14.5711
-0.0200798 -0.0888658 26.1279
-0.0183637 -0.0791616 24.2374
-0.0280838 -0.0801257 29.3535
-0.0435222 -0.0373004 34.3677
-0.0541008 -0.0484116 41.4886
-0.0101797 -0.0269696 12.3178
0.0217602 -0.0283372 -8.32029
0.018447 -0.018818 -6.46651
0.0257243 -0.00491249 -13.4793
0.0471079 -0.0110851 -27.7052
0.038326 0.00925502 -22.8042
0.0245219 0.0101394 -12.4054
0.0096863 0.00201021 -0.285018
0.0119745 0.00523501 -2.4656
-0.00740328 0.00787126 13.2142
-0.0280318 0.0133855 30.1245
-0.0369284 0.0170659 37.0047
0.00180031 0.00335996 3.84049
0.0272884 -0.0071298 -18.2462
0.0345558 0.00569196 -25.9785
0.0117855 0.00314684 -4.47738
-0.00915481 -0.000645972 16.3112
-0.0205646 -0.013274 28.8079
-0.0154884 -0.00941997 23.1664
0.079425 0.0330427 -61.6499
0.0837616 0.000149362 -62.9168
0.102448 -0.00908267 -81.7122
0.0581196 0.00568331 -34.6707
-0.239845 0.0386327 296.176
-0.0425099 -0.0528394 78.1048
0.0323239 -0.0324365 -10.2996
0.0601041 0.00247754 -45.9882
0.0954482 0.0702172 -94.5943
0.144689 0.153344 -163.796
0.00768945 0.0143597 8.01485
0.00445109 0.01564 8.0622
0.0040523 0.00497982 9.28362
0.00410665 0.00932812 8.8321
-0.0173419 0.0154488 10.2302
-0.0634556 0.0221983 14.4074
-0.0712554 0.0319242 13.3147
-0.0252847 0.0134108 8.55895
0.00132239 -0.00105828 5.85279
0.00963884 -0.00209523 4.18231
0.00539573 -3.63416e-05 4.96746
-0.0288514 -0.000425075 13.3139
-0.0199654 0.0115592 9.15527
-0.00944645 0.00694979 6.90029
0.0247753 -0.00156122 6.46114
-0.00210695 0.00175629 5.50553
-0.0119083 0.00326364 8.76244
-0.0333038 -0.00967943 18.1168
-0.0389871 -0.0241459 21.9551
-0.0275747 -0.00135772 14.332
0.0365914 -0.403604 36.1554
-0.020871 -0.0533747 23.2695
-0.0113592 -0.110255 24.2564
-0.0199418 -0.0790889 24.5412
-0.0252321 -0.0869967 28.4349
-0.0324738 -0.0786354 31.7101
-0.0212133 -0.0519796 21.5353
-0.0233145 -0.0606517 23.7768
-0.0199405 -0.0321882 18.3954
0.0112247 -0.00982236 -3.37
0.0105573 -0.0133112 -2.67336
0.0285667 -0.0123021 -14.3806
0.0241966 0.008125 -13.7516
0.0605905 0.00121075 -38.8412
0.0297232 0.00853827 -16.2063
0.0199253 0.00194931 -8.32694
0.0161316 4.92873e-05 -5.13415
0.0120238 0.000604735 -1.96687
-0.00123199 0.00449589 8.33887
-0.0232581 0.0134729 25.8676
-0.0353589 0.0208029 35.0557
-0.0114842 0.0176808 13.9594
0.0301952 0.0124138 -23.1307
0.0300975 0.0470441 -26.7515
0.00133088 0.0415237 1.23837
-0.0237823 0.0162312 28.6887
-0.0332847 -0.00677959 40.7872
-0.00633449 0.00105843 12.5874
0.00827338 0.0281096 -5.6213
0.0723593 -0.036255 -47.0123
0.111361 -0.0281819 -89.4353
0.0968859 0.000468501 -77.2026
-0.0201588 -0.0405649 51.0759
-0.163548 0.284917 180.501
0.0346765 -0.048762 -11.539
0.0926498 0.00601142 -84.7401
0.0387347 -0.0319317 -15.0186
0.0428337 -0.0207416 -22.0167
-0.00436468 0.0398126 4.90236
-0.00825249 0.0218888 7.64911
-0.00210175 0.0142117 8.36504
0.00245833 0.00872511 9.07513
-0.0232641 0.00646581 11.8128
-0.0541986 0.0128664 14.5899
-0.079348 0.0328576 14.9324
-0.0527155 0.0259018 11.4463
-0.0133959 0.016829 6.06269
0.00543808 0.012704 3.10839
0.00720196 0.00774787 3.5542
-0.023984 0.00806164 10.9531
-0.0163026 0.0150935 7.6624
-0.00392239 0.0232413 3.1199
0.0395492 -0.00467435 2.15017
-0.0105541 0.0050263 7.94508
-0.0204134 -0.00699327 13.1379
-0.0357612 -0.0063751 18.0799
-0.0203953 -0.00198478 11.6644
-0.0210314 0.00606812 10.6421
-0.00667609 -0.00177968 5.40019
0.0169602 -0.0482157 0.998731
0.160208 -0.15798 -53.3081
-0.000531075 -0.0778788 14.5529
-0.0314559 -0.0768567 30.5538
-0.0246126 -0.072086 25.897
-0.00969358 -0.0493382 14.2694
0.0106549 -0.03053 -0.377771
0.0235505 -0.0106312 -10.9809
0.0174102 -0.00380905 -7.87725
0.0239225 0.00140698 -13.007
0.0312302 0.00975575 -18.7818
0.0219377 0.00430416 -11.7895
0.0405587 0.00193569 -24.8389
0.0630705 -0.0128051 -38.6006
0.0232253 0.000130068 -10.2989
0.0174781 -0.00752307 -5.44494
0.0168093 0.00451402 -6.51915
0.00428166 0.0280577 0.425851
-0.014557 0.0321526 15.7302
-0.00610259 0.0806533 1.19204
0.00134796 0.0531395 -2.34102
0.0306552 0.107323 -35.1863
0.0181345 0.122459 -25.3647
0.0181707 0.111237 -24.1396
-0.0256165 0.015584 30.3383
-0.0158766 0.0112934 21.1466
0.0297464 0.0436825 -21.6204
-0.00257426 0.0120658 7.66329
0.076908 -0.100736 -43.8003
-0.00123851 -0.103901 40.9039
0.00844185 -0.0311997 18.1965
-0.0450765 -0.0402989 78.8489
0.0105253 -0.0330522 13.124
0.0402954 -0.0456834 -19.2309
0.0805384 -0.0486719 -67.0459
0.128692 -0.0488967 -123.438
0.116147 -0.024999 -111.511
-0.0120547 0.0694757 0.863443
-0.039129 0.0576974 3.4833
-0.0257374 0.0403086 5.34953
-0.00477417 0.0130549 8.74237
-0.0138277 0.00923664 10.3115
-0.0331729 0.0135261 11.727
-0.0361707 0.0359997 8.59105
-0.0524897 0.0406569 8.97729
-0.0273305 0.065068 1.01614
-0.00778448 0.0492397 -0.0542942
0.00227328 0.0333224 0.339097
-0.0158876 0.0280049 5.76184
-0.00880871 0.0392274 2.37519
-0.020041 0.043674 4.68848
0.0587071 -0.00515398 -3.72884
0.00426236 0.00974108 2.20906
-0.0197916 0.0153407 9.4925
-0.0516768 0.0211508 20.1849
-0.0331743 0.0348444 10.8874
-0.0255074 0.0314623 8.4694
-0.0178514 0.0365835 4.36884
-0.0123406 0.0049963 6.96948
0.0162532 -0.0348966 -0.273892
-0.0436675 -0.0222952 27.8322
-0.0275536 -0.0605167 25.8766
-0.00783606 -0.0527893 13.9143
-0.0478429 -0.0169855 31.1018
0.0231762 -0.0125382 -10.5161
0.0299206 -0.00570893 -15.3244
0.0104064 -0.0247382 -0.0820615
0.0346968 -0.00648717 -18.9841
0.0331522 0.0118273 -20.6358
0.0268298 0.0318169 -19.7533
0.0447941 0.0236213 -31.3969
0.0493219 0.0155386 -33.2107
0.0266813 -0.00351276 -12.8143
0.0187822 0.0142935 -10.2091
0.0296472 0.0142565 -18.4266
0.0250602 0.036819 -18.1332
0.00719365 0.0651111 -7.61846
0.0288241 0.0786122 -28.2857
0.0197645 0.103578 -24.4795
0.010992 0.0898241 -13.3747
0.023424 0.100972 -26.6469
0.0417726 0.0964686 -42.6079
0.0664516 0.100678 -67.4556
0.0319528 0.034044 -22.1217
0.0272775 0.0248408 -16.2315
0.0711121 0.0114857 -59.6156
0.0734621 -0.0943047 -40.9648
0.0115445 -0.0903142 24.8059
-0.0142821 -0.0350113 44.2609
-0.0224159 -0.0023483 47.1626
-0.00908469 0.0054384 30.6885
0.0262927 -0.0105829 -7.88467
0.0976134 -0.00490886 -93.7158
0.15625 -0.0253949 -160.556
0.112928 -0.0411238 -105.024
-0.0112616 0.0660796 1.55856
-0.0308995 0.0581635 3.38578
-0.0398382 0.0723824 0.890499
-0.0296091 0.0568357 2.60831
-0.0155115 0.0473921 3.39075
-0.0145598 0.0315191 6.24782
-0.0161487 0.0512703 2.76921
-0.0240033 0.0749599 -0.371338
-0.0255108 0.108803 -6.30191
-0.0260308 0.107788 -5.95198
-0.0373112 0.10657 -3.50915
-0.0160547 0.0464194 2.68779
-0.00877058 0.0423283 1.70805
-0.0280481 0.0870689 -0.895165
-0.0256027 0.0343412 8.10487
-0.00699841 0.0319663 2.31188
-0.0155387 0.0539577 1.09195
-0.0250667 0.0559222 4.26134
-0.00598339 0.160584 -22.5175
-0.0115881 0.0710171 -4.27422
-0.0061223 0.181373 -26.6998
-0.0245064 0.13284 -9.43885
-0.00834613 0.219559 -32.8604
0.000219831 0.200436 -33.3649
-0.0155672 0.249884 -34.768
0.00218639 0.272342 -48.5438
0.542911 0.265333 -351.066
0.00676794 0.00560917 6.73112
-0.0104347 0.305694 -46.1127
0.00263128 0.275234 -48.5489
0.0258162 0.25713 -60.0838
0.044093 0.0743375 -39.0661
0.0298366 0.0953732 -32.8414
0.0547554 0.0878567 -49.9224
0.0423696 0.0402726 -32.5758
0.0254568 0.060976 -23.6494
0.0347453 0.0308913 -25.5441
0.0485103 0.0440794 -38.8843
0.0439698 0.0630745 -38.5204
0.0178114 0.0646249 -16.9457
0.0289399 0.0536516 -24.3878
0.0347819 0.0707681 -32.7872
0.0252014 0.0609612 -21.72
0.0412805 0.0458572 -34.1012
0.0370457 0.028094 -26.683
0.0510747 0.0349322 -41.1864
0.0200904 0.0211033 -8.06458
0.0208502 0.0147994 -8.02186
0.0428921 0.0122615 -30.5883
0.0961776 -0.0198258 -80.0759
0.025005 -0.0752425 7.40146
0.00718075 -0.0636217 24.6737
0.0263082 -0.053924 1.60974
0.00406268 -0.00916299 18.2926
0.0207101 -0.00957567 -1.43592
0.0958713 -0.0240658 -88.6952
0.13178 -0.0385686 -128.41
0.0731048 -0.0576163 -53.3459
0.00523194 0.0929403 -4.59322
-0.00516664 0.0956696 -5.54768
-0.0150154 0.0978899 -6.04394
-0.0271324 0.153114 -16.608
-0.0281372 0.123722 -10.8841
0.00717148 0.130848 -16.2547
0.00913913 0.133518 -17.176
-0.0112745 0.134837 -14.5199
-0.0304937 0.15108 -13.8576
-0.0321515 0.184937 -20.2869
-0.0312479 0.226504 -28.8932
-0.00178691 0.281467 -47.1793
0.00542643 0.259817 -44.5892
0.0407015 0.217804 -45.8471
0.0744904 -0.0132458 -7.32206
-0.00945153 0.293566 -47.5466
-0.00564695 0.297895 -49.8161
0.00961378 0.282687 -52.3668
-0.00714953 0.268164 -42.8518
-0.0157444 0.273381 -40.3834
-0.0063292 0.290983 -47.9079
-0.00236909 0.274967 -46.4157
0.00530513 0.298177 -54.7351
-0.000644122 0.286879 -49.6323
0.00249901 0.305143 -54.9817
0.0175025 0.301373 -62.3787
0.0544913 0.256136 -73.7055
-0.00178731 0.265031 -43.0798
-0.0448717 0.282157 -20.0677
-0.00319823 0.297415 -49.3083
0.0165492 0.29279 -60.8398
0.0189349 0.311467 -66.0043
0.148135 0.187908 -128.244
-0.0256243 0.36795 -45.5863
-0.0214584 0.312939 -37.2842
0.000504433 0.388376 -69.4603
0.0219632 0.370718 -82.3984
0.014939 -0.0889088 21.0158
-0.0578834 -0.0639548 74.5577
0.0307007 0.0870088 -32.1802
0.0295221 0.086175 -31.0352
0.031157 0.0755139 -30.2277
0.0197392 0.109916 -26.8984
0.0274553 0.0660294 -25.8083
0.042848 0.0306258 -32.9775
0.0390682 0.0440318 -31.5357
0.0240908 0.0405174 -16.183
0.0278184 0.0393985 -20.0495
0.0353012 0.0352382 -27.0536
0.0577245 0.00304999 -43.4127
0.0266845 -0.00853859 -7.75765
0.0547084 -0.00132558 -40.8812
0.0271333 -0.000770617 -9.85688
0.00694937 0.00668791 11.6684
0.0164638 -0.0080332 3.43568
0.074846 -0.00742127 -66.7942
0.122082 -0.010901 -122.09
0.0243963 -0.0401698 3.22484
0.0237849 0.181447 -23.7883
-0.00439663 0.186584 -24.2788
-0.0150187 0.205723 -28.3809
-0.0237072 0.217874 -30.5395
-0.0124624 0.234841 -35.4305
-0.00282268 0.232113 -35.6394
0.000436276 0.218511 -33.2029
-0.00384073 0.22177 -33.3893
-0.0115972 0.235221 -35.0173
0.00248914 0.269962 -45.6409
-0.0029382 0.275119 -45.672
0.00158976 0.285699 -49.1512
-0.00220472 0.28409 -47.9324
-0.00388462 0.299064 -50.8069
-0.00348931 0.269221 -43.9468
-0.00735484 0.30965 -51.9319
0.00170687 0.313281 -55.7839
-0.0014562 0.311537 -54.202
-0.00157411 0.308377 -53.5141
-0.000862651 0.319019 -56.1953
-0.00518313 0.335474 -57.9777
0.00710473 0.33716 -63.8013
0.000783818 0.325272 -58.1799
-0.00431881 0.320083 -54.3185
-0.00500752 0.315183 -52.5549
0.00186473 0.321783 -58.1853
0.00918076 0.310712 -59.5632
-0.00401537 0.313019 -52.3803
-0.00641678 0.310203 -50.2492
0.00565347 0.310971 -57.9514
0.016602 0.308692 -64.3914
0.0371484 0.288577 -73.4604
0.027523 0.285477 -66.003
0.0234559 0.299553 -65.9142
0.00656518 0.344151 -64.3329
0.0160975 0.383066 -80.6347
0.0264723 0.405621 -93.5351
0.0150331 0.410503 -85.2394
-0.0113677 0.402868 -62.3652
-0.0118757 0.42432 -66.306
-0.013098 0.405741 -62.0013
-0.0146322 0.460969 -72.8573
-0.00597669 0.465187 -81.8464
-0.0187532 0.438815 -63.2265
0.0296507 0.0839942 -31.1579
0.027324 0.0942976 -31.2542
0.0254373 0.125751 -36.469
0.030189 0.0823484 -31.7623
0.0350665 0.090727 -38.4595
0.0252752 0.0662793 -22.4405
0.00430385 0.0641503 0.763449
0.0034704 0.0521357 4.24465
0.0408945 0.0385894 -33.4234
0.0159646 0.0217224 -2.26556
0.0180639 0.00912506 -1.97984
0.0486599 0.0100749 -39.0805
0.0917734 0.0349889 -95.9321
-0.0756886 0.0313724 110.563
0.00839903 0.241086 -37.8197
0.00743625 0.23952 -37.3144
0.00206219 0.260294 -42.2779
-0.0101228 0.269682 -43.884
0.00035924 0.277998 -46.9765
-0.00239658 0.288568 -49.2815
0.0110131 0.279773 -48.8792
0.0102835 0.293356 -52.2374
0.00563682 0.29044 -50.9681
-0.00113305 0.317251 -56.3367
0.000620294 0.311217 -54.9406
0.00989769 0.318381 -58.8988
0.00182182 0.319689 -57.1241
0.00540243 0.319256 -57.9542
-0.00304217 0.316725 -54.7613
-0.0142731 0.318656 -51.5955
-0.00492693 0.323157 -55.8508
-0.000335647 0.333248 -59.8398
0.00762696 0.32928 -61.9963
0.0064619 0.327965 -61.2167
0.00500466 0.338146 -63.0172
-0.00712119 0.325556 -54.3257
-0.00226312 0.326344 -56.7833
0.00111379 0.320754 -57.0824
0.000815989 0.328131 -58.7029
-0.00439311 0.33211 -56.9264
-0.00043268 0.324904 -57.1586
-0.00796806 0.330067 -53.8073
-0.000602702 0.332144 -58.8213
0.00244977 0.331771 -60.5045
0.00299151 0.332086 -60.9705
0.0219564 0.304343 -66.9682
0.0380798 0.288169 -74.3008
0.036255 0.287833 -72.6812
0.0194268 0.313376 -66.357
0.0423616 0.373435 -98.1667
0.0197969 0.374371 -80.2547
0.0874721 0.176882 -80.7669
-0.0205018 0.437665 -62.3427
0.0225487 0.40755 -91.0303
-0.00903767 0.317481 -39.7399
-0.0417951 0.417627 -37.6651
-0.00929302 0.417877 -67.6833
-0.0163951 0.412031 -59.7012
0.0124494 0.345037 -70.8619
0.000195408 0.442155 -83.2175
0.0321559 0.582943 -151.052
0.0344733 0.648161 -170.314
0.0367685 0.0923706 -40.4
0.0332814 0.105963 -40.035
0.0090135 0.130302 -19.8103
0.0130751 0.121788 -22.4012
0.0257535 0.0836001 -27.0381
0.00585272 0.119959 -14.2123
0.0449127 0.0665694 -47.5545
0.0757552 0.135352 -101.178
0.0939358 0.068127 -105.82
0.0320279 0.112983 -41.1443
0.0155256 0.288103 -50.03
0.0166736 0.28804 -50.0915
0.00249524 0.293209 -50.7316
-0.00189409 0.304971 -53.646
-0.000766436 0.320525 -57.8039
0.00535605 0.335071 -62.4213
0.0095778 0.341583 -64.6252
0.0107065 0.339055 -63.9862
0.00336714 0.32709 -59.5084
0.0127888 0.334241 -63.2311
-0.00284034 0.312246 -53.7248
-0.000617837 0.315207 -55.2002
0.0042775 0.323715 -58.8089
0.00100626 0.325397 -58.2823
-0.00199512 0.320283 -56.0192
0.00326181 0.332684 -61.0844
0.00356416 0.336439 -62.1623
-0.00179573 0.328662 -57.9987
0.0018713 0.326751 -58.8526
0.00317643 0.331941 -60.7626
0.00262887 0.328582 -59.596
-0.00241209 0.328882 -57.3896
-0.00709681 0.325325 -54.1753
0.00497853 0.328874 -61.201
-0.00156849 0.328585 -57.6504
0.00288286 0.325934 -59.3617
0.00354054 0.331399 -61.1556
0.0027987 0.325542 -59.1199
0.00388681 0.327914 -60.3633
0.00198805 0.32715 -59.0736
0.00954932 0.316623 -61.1612
0.00555396 0.328441 -61.7268
0.0153263 0.325409 -67.9208
0.0276699 0.292695 -67.9445
0.0666985 0.272303 -90.8722
0.0564437 0.285395 -86.4387
0.0837191 0.237031 -94.2688
0.0377609 0.245369 -59.2634
-0.00826296 0.333019 -45.2262
0.00720806 0.333241 -58.4814
-0.0134447 0.361329 -47.7808
0.0129898 0.348481 -67.2812
0.00268832 0.430097 -81.3859
0.0286684 0.123546 -19.5305
0.00867408 0.444948 -91.4464
-0.00339879 0.47864 -88.7998
-0.0262076 0.425717 -50.979
-0.0278727 0.427743 -50.2968
-0.0218559 0.413549 -52.4586
-0.0397826 0.362695 -19.6
-0.017717 0.396638 -52.9664
-0.0517905 0.406658 -17.6342
0.00693844 0.122497 -15.376
0.00638149 0.13172 -17.4736
0.015286 0.625488 -154.223
0.0674354 0.203866 -107.796
0.0686124 0.133595 -91.1438
0.0490251 0.254995 -99.1576
0.0316701 0.323411 -60.0119
0.0187555 0.326535 -60.8329
0.0222318 0.336677 -63.984
0.00708034 0.331642 -61.1005
0.00456856 0.348707 -66.1149
0.00618835 0.339672 -63.2283
-0.00211278 0.315925 -55.3737
0.00286624 0.313954 -55.6982
0.00505155 0.323137 -58.6776
0.00405923 0.328677 -60.0973
0.000744104 0.309351 -53.8271
0.00763146 0.315471 -57.1628
0.00687087 0.326119 -60.1393
0.00185238 0.330418 -59.9607
0.00675192 0.325449 -59.8968
0.00351515 0.329941 -60.2318
0.00659908 0.335851 -63.0004
0.00304751 0.323612 -58.1455
0.000291276 0.329576 -58.8866
0.00101878 0.329585 -59.2628
-0.000307253 0.331569 -59.1381
-0.00242622 0.321225 -55.2319
-0.000502327 0.332726 -59.3559
-0.00436282 0.325121 -55.2898
-0.00190336 0.332821 -58.6534
0.00205508 0.336335 -61.8646
0.00450296 0.335523 -62.8961
0.00218336 0.331356 -60.3665
0.00940813 0.324468 -62.8067
0.00299769 0.336074 -62.2241
-0.000329699 0.330469 -58.6186
-0.00207624 0.317291 -53.5932
0.00803036 0.326027 -62.9658
0.0138422 0.317246 -64.6787
0.0238817 0.294706 -65.5969
0.0516364 0.263692 -77.4724
0.0837849 0.226891 -91.9657
0.0687637 0.241226 -83.5515
0.0773819 0.294771 -105.051
0.0650455 0.116202 -40.013
0.0163557 0.360005 -73.6025
0.00996293 0.389353 -76.5852
0.0292105 0.279404 -60.9934
0.0166724 0.383191 -81.4071
0.0371015 0.408947 -108.042
0.0113902 0.375328 -72.5379
-0.0254626 0.40238 -44.7734
-0.0329014 0.397282 -36.2794
-0.0175532 0.39366 -50.6596
-0.0217312 0.387808 -45.5812
-0.00267251 0.447007 -83.5446
-0.00746299 0.450055 -78.8816
-0.056096 0.459625 -26.8668
-0.0380212 0.423736 -36.9088
-0.0556111 0.369946 -0.230957
-0.041946 0.388243 -20.4876
-0.00514321 0.323066 -47.4323
-0.142316 0.315668 121.897
0.0350654 0.328627 -61.5533
0.0350443 0.323413 -59.9006
0.00831439 0.306782 -53.5106
-0.00181816 0.313137 -55.0777
0.00262864 0.317904 -57.1257
0.00835139 0.316466 -57.0551
0.000453888 0.316662 -56.1112
-0.00343505 0.331679 -60.1278
0.00649592 0.318394 -57.5523
0.00411158 0.32682 -59.7236
0.00378901 0.326727 -59.6693
0.0022909 0.322312 -57.8863
0.0114943 0.331109 -63.0531
0.0110748 0.324764 -60.8814
-0.00192395 0.324802 -57.0452
0.00492731 0.333542 -61.9331
-0.000369525 0.330022 -58.9586
0.00533363 0.321552 -58.4467
0.00158205 0.321249 -56.8764
0.000711328 0.321368 -56.6372
-0.000493363 0.316719 -54.6365
0.00290948 0.32509 -58.8389
0.0106054 0.322338 -61.4763
-0.00357732 0.326225 -55.8603
0.0015756 0.322941 -57.5552
0.00880265 0.327517 -62.8294
0.00540857 0.331258 -62.2058
0.00526898 0.326767 -60.6754
-0.000842705 0.330061 -58.1495
-0.00806264 0.316775 -49.5196
0.00632095 0.333102 -63.9106
0.00486711 0.327655 -61.0985
-0.00546183 0.32399 -52.7763
0.0116652 0.319027 -63.5921
0.0184806 0.307796 -65.172
0.0149839 0.311298 -63.738
0.0338735 0.28178 -69.2552
0.0727064 0.237519 -86.3245
0.0765137 0.205882 -79.0539
0.0718926 0.157454 -59.4047
0.0174594 0.188136 -22.1186
0.0447655 0.246001 -65.4202
0.044156 0.314988 -86.2913
0.0641038 0.327919 -108.519
0.0355288 0.353566 -88.9681
-0.0117295 0.303261 -28.2105
-0.0144471 0.348288 -39.0179
-0.0173565 0.343548 -35.3857
-0.0273045 0.381783 -37.8446
0.00603894 0.405092 -80.9509
0.0349674 0.430451 -119.519
0.00815191 0.446777 -94.6109
-0.0330627 0.469977 -56.3695
-0.0356897 0.46326 -50.6391
-0.0507121 0.463952 -32.8352
-0.025799 0.444995 -56.2929
-0.0359889 0.437494 -42.2934
-0.0482311 0.453966 -32.6346
0.0209772 0.327859 -61.1187
0.0177584 0.317748 -57.6399
0.019153 0.324381 -60.122
0.00104042 0.323086 -58.3811
0.0099787 0.31763 -57.4896
0.00639052 0.314757 -56.237
0.0104183 0.326453 -60.6192
0.00744069 0.335917 -63.2948
-0.00204332 0.326415 -58.4794
0.00615636 0.324205 -59.197
-0.0011568 0.326838 -58.5625
0.0042939 0.331715 -61.5144
0.00943606 0.335538 -64.1337
0.00527707 0.331467 -61.5874
0.00565234 0.325639 -59.6827
-0.000221297 0.326802 -58.0252
0.000149578 0.327623 -58.4986
0.00126975 0.32403 -57.6393
-0.00563577 0.313384 -51.4056
0.00428564 0.320893 -57.9725
0.00756707 0.317621 -58.2506
0.00451355 0.332959 -62.1507
9.01565e-05 0.318929 -55.3307
-0.00181551 0.322332 -55.5064
0.00516893 0.325077 -60.1006
0.0062439 0.322191 -59.6426
0.00565863 0.33524 -63.6447
-0.00237132 0.32474 -55.5311
-0.00135656 0.32691 -56.7933
-0.00377901 0.323437 -54.0879
-0.00102928 0.325228 -56.3591
0.00298621 0.326176 -59.2409
0.00118414 0.324823 -57.6093
-0.00303445 0.330056 -56.409
0.00825395 0.332599 -65.5178
0.00697771 0.329295 -63.5384
0.0223066 0.304522 -67.2308
0.0277504 0.283699 -64.8527
0.0451553 0.237715 -63.8289
0.0624932 0.216865 -71.3664
0.0604444 0.226618 -71.9088
0.0565984 0.274167 -84.5005
0.0524752 0.279676 -82.3205
0.0667582 0.287027 -98.0052
0.0330229 0.248297 -52.962
-0.000391302 0.289945 -34.8767
-0.0306574 0.351889 -25.4521
-0.00161175 0.328765 -47.4335
0.011269 0.360148 -70.7014
0.0139412 0.382335 -81.5881
0.0271402 0.385278 -96.2909
0.0363441 0.337072 -90.1229
0.0194431 0.379602 -84.6809
-0.0179117 0.420063 -56.1684
-0.0484726 0.429563 -25.0257
-0.0405635 0.435289 -35.9064
-0.0367584 0.443903 -42.623
-0.00140931 0.424154 -79.4951
0.0143756 0.326305 -60.5033
0.0130978 0.319244 -57.9509
0.0125203 0.323786 -59.4744
0.00243108 0.31442 -55.4928
0.00932213 0.326641 -60.5213
0.0178479 0.320264 -59.3452
0.00892026 0.319842 -57.9406
0.0105067 0.32058 -58.5058
0.00449132 0.319358 -57.149
0.00372937 0.323131 -58.2961
0.00591906 0.325886 -59.6624
0.00700531 0.328145 -60.808
0.00491095 0.3327 -61.8467
0.0084101 0.332608 -62.862
0.00678977 0.323838 -59.4096
0.0047396 0.32295 -58.3801
-0.00392364 0.319302 -54.0048
-0.00248403 0.317478 -54.1001
0.00334302 0.32201 -57.8743
0.000570497 0.317079 -55.0385
0.00324612 0.31998 -57.1816
0.00347192 0.323676 -58.5504
-0.00302912 0.314433 -52.1263
-0.0010242 0.324047 -56.5536
0.00410537 0.3208 -58.1142
0.00658219 0.32087 -59.383
0.00344574 0.321471 -57.731
-0.000972662 0.326518 -56.9133
0.0014186 0.328393 -59.0157
0.000785745 0.31664 -54.5097
0.00233192 0.31666 -55.3998
0.00178603 0.326057 -58.4337
0.000167535 0.319478 -55.0355
0.00631515 0.332271 -63.9553
0.00460779 0.332315 -62.6749
-0.000195031 0.323465 -56.0088
0.00789258 0.30635 -56.374
0.0121954 0.304791 -59.3455
0.0378567 0.264634 -66.531
0.0379475 0.263959 -66.53
0.082741 0.209774 -86.0671
0.0965913 0.259524 -115.301
0.0628285 0.26548 -87.031
0.0533591 0.286417 -85.7865
0.0318826 0.280238 -63.4953
0.0198962 0.342685 -73.0732
-0.0134481 0.355188 -43.0966
-0.0169287 0.360953 -42.5201
0.0138555 0.338722 -65.7783
0.0185428 0.3707 -82.7465
0.0152438 0.362073 -75.4648
0.0238277 0.349672 -80.664
0.00956081 0.339647 -60.904
0.0050324 0.35349 -60.3026
-0.0339944 0.406407 -33.4862
-0.0312974 0.413875 -40.0525
-0.0155146 0.395781 -52.7448
0.0338112 0.392467 -111.908
0.0102294 0.325098 -60.0297
0.00955888 0.318204 -57.4679
0.00908105 0.312693 -55.4253
0.0142154 0.305853 -53.4502
0.00917875 0.316537 -56.8372
0.00806625 0.308547 -53.8846
0.00637892 0.300747 -50.7393
0.00590532 0.294234 -48.4145
0.00624188 0.293655 -48.2882
0.00896769 0.297967 -50.3712
0.0117183 0.303732 -53.0514
0.00874266 0.315882 -56.7592
0.00408518 0.320127 -57.1348
0.00544587 0.317187 -56.5253
-0.00128443 0.316538 -54.1468
-0.00300125 0.28551 -42.4015
-0.00284104 0.30302 -48.6282
0.00334445 0.28718 -45.3082
0.00505966 0.313013 -55.3636
-0.000903818 0.313789 -53.1484
0.00226231 0.312276 -53.8862
0.00216013 0.307838 -52.2646
0.00201728 0.308477 -52.3934
0.00535862 0.316349 -56.9403
-0.000740215 0.326186 -57.4019
0.00538244 0.309322 -54.6131
0.00737224 0.306377 -54.5143
0.00287482 0.313216 -54.4672
-0.00288044 0.305778 -48.2938
-0.00225662 0.303643 -47.8893
0.00226521 0.305536 -51.4467
-0.00293914 0.298535 -45.4304
0.00651573 0.287987 -48.1725
0.0105173 0.307601 -58.2099
0.00181702 0.304957 -50.8312
-0.000505558 0.304028 -48.8014
0.00642943 0.294835 -50.9048
0.00782063 0.29848 -53.4825
0.0192451 0.286766 -58.6743
0.0211821 0.282977 -58.9302
0.0689093 0.243431 -85.7142
0.0881144 0.239881 -101.088
0.0751985 0.22986 -85.8484
0.0711757 0.258486 -92.4898
0.041336 0.315023 -84.3004
0.0347924 0.318191 -79.1085
0.00690845 0.32691 -54.2057
-0.0115018 0.316208 -31.6071
-0.00339877 0.274474 -24.7773
0.013627 0.335606 -64.9259
0.0234042 0.339488 -76.7478
0.0226755 0.324802 -70.6631
0.0208557 0.340663 -73.9688
0.00536864 0.360501 -63.4212
-0.0371786 0.345264 -8.22398
0.438097 0.213065 -524.058
0.0326158 0.359274 -98.73
0.0307616 0.350616 -93.3984
