0.0497359 -0.000411933 6.54304
0.0352981 -0.00132812 7.58243
0.00926132 -0.00736683 8.99505
-0.00200841 0.0158131 9.0724
-0.0118405 -0.0165502 10.5823
0.307226 -0.0757227 -21.8576
-0.0360693 0.112237 14.9154
-0.0903505 0.077396 37.9074
-0.0869503 0.120109 36.8509
-0.0646572 0.0516904 33.3832
-0.0585085 -0.0797118 33.3664
-0.0570405 -0.0790099 32.6095
-0.0323636 -0.041461 25.7945
0.0589163 -0.147808 2.09431
0.054754 -0.185551 4.41762
0.0204604 -0.221571 16.4257
-0.0595428 -0.0122135 40.6113
-0.0681732 -0.0121215 42.6141
-0.0345703 0.00536017 29.3446
0.00104019 -0.0400625 16.2451
0.00625573 -0.0450363 13.8036
-0.0262282 -0.00506221 27.8388
-0.178747 0.0718719 98.3059
-0.105562 -0.0579048 63.0755
0.113353 -0.088738 -46.0346
-0.114864 0.417847 66.7898
-0.301846 0.125217 183.941
-0.0142143 -0.0979105 23.1768
-0.0276762 -0.0742002 30.3084
-0.0255887 -0.0503998 28.6672
-0.0263046 0.00760763 26.7572
0.0592297 0.0394239 -32.2362
0.0854092 0.0199713 -48.3711
0.065837 -0.00797738 -34.6274
0.0897637 -0.044075 -51.6096
0.0572335 -0.0264179 -26.3937
-0.62481 0.0041839 503.237
0.0609173 -0.0858521 -36.4814
-0.0387472 0.134242 34.596
-0.0498392 0.0617041 44.9422
-0.039676 0.0778744 36.1548
0.0109157 -0.00351098 10.26
0.00223595 0.0109545 17.852
0.0192823 0.00591167 1.9159
0.0166854 0.00329431 4.6015
0.00477245 0.00585301 15.9118
0.0445531 0.0141778 -23.8259
0.091783 0.00228492 -71.1108
0.0310622 -0.0268576 -6.57773
0.0271521 -0.0445211 -2.86039
0.0539141 -0.0918934 -31.6195
0.0204525 -0.0571248 4.88603
0.00191255 0.0807922 25.068
-0.00428458 0.0969843 31.1799
-0.00636841 0.129823 33.1232
-0.00788368 0.0950361 36.0866
-0.00508938 0.0777126 33.0721
0.00642487 0.0745004 19.0351
0.0673812 -0.00425532 5.74539
0.0624588 0.00465622 6.20316
0.019533 0.0152718 7.79701
-0.0039611 0.0124678 9.26505
-0.0350368 0.0153672 12.0028
-0.0769137 0.0144497 16.0498
0.0128743 0.0342466 4.0801
0.0195591 0.0147091 3.62121
0.00142522 -0.00328088 7.3456
-0.00960818 -0.008957 9.7454
-0.00848693 -0.0527762 11.8434
-0.0318306 -0.000798386 15.3131
-0.0155268 -0.00217832 10.8727
0.0440317 -0.141766 6.32178
0.0578815 -0.226749 4.17882
0.119507 -0.335172 -12.6383
-0.0702833 -0.0288641 44.0986
-0.0685768 -0.0129055 43.3287
-0.0523753 -0.0591107 38.0316
-0.0263851 -0.105335 29.2512
-0.00306313 -0.106847 18.6138
0.0535225 -0.0557248 -7.06355
-0.0696777 -0.036645 43.3563
-0.0709561 0.00812723 40.5262
0.149191 -0.0575695 -65.5463
0.044349 -0.0648248 -9.53469
-0.0197378 -0.090491 26.3586
-0.0293325 -0.0861385 31.788
-0.0330167 -0.0765585 33.0253
-0.0126576 -0.0333156 18.9867
0.00812299 -0.000238117 3.96502
0.0472579 0.0167189 -22.915
0.0982226 0.0302668 -58.0106
0.0346555 0.0114062 -12.2852
0.0696297 -0.0118602 -37.5915
0.0819066 -0.0138682 -46.1002
-0.0550071 0.0149887 53.6121
-0.0405842 -0.0136218 43.924
0.185507 0.0358052 -143.575
-0.0248173 0.0787068 22.5443
-0.0274183 0.0491745 25.5534
0.0438571 -0.00987831 -18.9772
0.00873478 0.00225973 12.1172
0.0103368 0.00938793 10.4053
0.00834131 0.0109209 12.4292
0.0035937 0.00874443 16.8951
0.0501572 -0.00588721 -29.0031
0.110027 -0.0164189 -89.299
0.0432707 0.00288562 -20.5575
0.0382654 0.0193998 -15.8594
0.0470288 0.0101538 -26.15
0.0426311 -0.0669387 -13.9575
-0.0212912 0.030063 54.1358
0.0146615 0.124684 9.15589
0.0202033 0.0688224 4.85277
-0.0131388 0.0944077 42.9583
-0.0173906 0.108376 47.3622
-0.0225322 0.0947974 54.1804
0.084181 0.0829145 1.8776
0.0453315 0.0242508 6.41506
0.0175483 0.000744987 8.83004
0.00402934 0.0156653 8.66117
-0.000963028 -0.001758 9.87682
-0.0213999 0.0224483 10.5625
-0.0395074 0.0507547 10.894
-0.00098582 0.023056 6.53419
-0.0030496 0.00856683 7.47877
-0.00343154 0.00644585 7.85221
-0.0081926 0.0111169 8.55356
-0.00507144 0.016493 7.63168
-0.0308364 0.0159693 14.2153
-0.0160638 0.01019 10.1851
0.0206664 -0.00258281 -0.458936
0.0190344 -0.0173653 0.601164
0.211089 -0.366995 -43.5315
-0.0542403 -0.0696852 39.8057
-0.0827953 -0.0571165 50.4392
-0.0398567 -0.110531 34.8737
-0.00590973 -0.120354 21.2138
-0.104455 -0.0201683 60.2245
-0.111993 0.000909081 61.4489
0.049379 -0.0519465 -18.8506
-0.0396675 -0.00948446 25.809
0.0548938 -0.715909 12.9733
0.0525947 -0.0678186 -19.9752
0.0347271 -0.0950732 -6.29982
0.00169768 -0.0671045 11.0844
0.00484696 -0.0108764 6.75404
0.0109361 -0.0103876 2.58685
0.027072 0.00911681 -9.09331
0.0628618 0.0230296 -32.6976
0.0260477 0.00455864 -6.02668
0.0666463 0.0049629 -36.3565
0.0982903 -0.000350016 -59.1252
-0.263927 -0.0238348 221.704
-0.033828 0.00264121 37.6808
-0.0195618 -0.0398005 28.2398
-0.053346 0.0603752 49.5754
0.250363 -0.217941 -195.634
0.0658282 -0.0713055 -35.9748
0.019469 0.00890955 2.03142
0.00821315 0.0289113 11.6266
0.00365177 0.0217313 16.6925
-0.0139602 0.00584261 34.1096
0.0447182 -0.00821718 -23.7634
0.0904411 0.0058774 -70.5591
0.065864 0.0154692 -44.244
0.0279363 0.00826198 -4.34995
0.0329014 0.0194635 -11.1487
0.144748 -0.0725761 -128.894
0.0733043 -0.0192303 -51.2303
0.014805 0.0477694 11.9206
0.0159288 0.042793 11.0998
-0.010655 0.0768613 40.7879
0.00703797 0.0647708 19.8305
-0.00242529 0.0818549 30.4714
0.0230158 0.0299447 6.24038
0.00832657 -0.00908831 9.77435
0.00260416 -0.0279729 11.4981
-0.00221605 -0.010198 10.3699
0.000158556 -0.00471757 9.69111
-0.00029019 0.00360671 9.25849
-0.0261612 0.0258687 10.8214
-0.0203549 0.0331607 9.35155
-0.0142263 0.0288077 8.53701
-0.00771522 0.0149845 8.27471
0.00675479 0.0101644 5.289
-0.00412649 0.0102267 7.72579
-0.0173564 0.0175398 10.6628
-0.0324199 0.0269732 13.9493
-0.0220101 0.0121759 11.906
-0.0132465 0.00258879 9.89789
-0.0112267 -0.00166617 9.59507
-0.00303881 0.00717497 5.85371
5.09915e-06 0.00321188 4.92784
0.018205 -0.0412605 0.721273
0.0706748 -0.185278 -9.34122
-0.054732 -0.0468959 38.6392
-0.0818813 0.00108272 46.6791
-0.0434036 -0.0123494 29.0231
-0.00909909 0.000728007 9.51063
0.0436645 -0.0231677 -17.7187
0.0756862 -0.00147009 -37.9136
0.0628794 -0.059509 -25.2022
0.020451 -0.0609469 0.107525
0.0208953 -0.0305085 -2.6085
0.0624539 0.0174274 -33.1141
0.0829705 0.0360105 -47.3236
0.0276749 0.0161582 -7.53987
0.0243501 0.014394 -5.26338
0.0826736 0.00927826 -48.2636
0.101447 -0.00196586 -61.1921
-0.0623015 -0.00891362 61.3173
-0.0209996 0.008264 27.221
-0.0491277 0.0441398 47.7181
-0.0440444 0.0228716 44.8437
-0.00766072 0.0468646 11.5875
0.463173 -0.096268 -392.096
0.0193865 0.00481658 2.36593
0.0271617 0.0124495 -5.27071
-0.0195308 0.0045361 40.0451
0.000546866 0.0258793 17.9761
0.0197441 0.0161083 -0.273295
0.0991066 -0.00798392 -78.4438
0.087488 -0.0249782 -64.738
0.0227569 0.00380165 2.20634
0.0170496 0.00746488 6.96297
0.0859633 0.00737475 -68.4751
0.117231 -0.00695926 -101.978
0.0425715 0.0232526 -18.6721
0.0246965 0.0245361 1.89546
-0.00888155 0.0213942 41.9657
0.00610471 0.0250618 23.1734
0.0190201 0.0469094 6.03601
0.00633052 -0.00661366 9.58471
-0.00179485 -0.000794026 9.02601
0.0150048 -0.0230689 10.2608
0.0144314 -0.00150364 8.36941
0.00219873 0.00285437 8.97623
-0.0117418 -0.0154935 12.4698
-0.0246448 -0.00545703 13.0658
-0.0166953 0.00069667 11.3439
-0.0134812 0.0042148 10.4132
-0.00508018 -0.00569163 9.72731
0.00143014 0.00441395 7.33938
-0.00196287 0.0107887 7.33509
-0.00955382 0.00906238 9.55586
-0.0288146 0.0198898 13.8075
-0.0309953 0.0165819 14.4802
-0.0192542 0.00939708 11.2662
-0.00706838 0.00102417 7.81723
-0.00644582 0.00344364 7.3818
0.000623822 0.0142585 3.75428
-0.0165226 0.00260047 11.6823
-0.01542 0.00742936 10.534
0.0458322 -0.119371 -4.03303
-0.0275243 -0.0446793 25.153
-0.0455765 0.0101474 28.0479
-0.0480979 0.00203813 30.7398
0.0173912 -0.0304882 -1.86702
0.0576909 -0.0326762 -24.3971
0.030063 -0.0482263 -6.71132
0.0328504 -0.0235299 -11.6899
0.0665609 0.00389115 -34.4483
0.0801072 0.0182465 -44.8687
0.0895328 0.0168241 -50.3616
0.0205028 -0.00382001 -0.736942
0.0196298 -0.0106139 0.547918
0.0542274 -0.0160484 -24.6615
0.105267 -0.00497646 -63.3044
-0.102589 -0.0198833 94.8921
-0.0266222 -0.0061007 32.9438
-0.0168557 0.00134753 24.4735
-0.00886305 0.0504733 12.8572
0.00950148 0.0682739 -4.5534
0.0113081 0.0020458 10.6467
0.0157054 0.0132769 5.45047
0.0183375 0.0101108 3.4483
-0.0247904 0.00187653 44.6814
-0.00898881 0.017288 28.1536
0.0268591 0.037205 -8.91172
0.0629541 0.00509391 -42.7105
0.0966562 -0.016565 -75.6044
0.0741406 -0.0224417 -50.1444
0.0432887 -0.0069441 -19.5432
0.0757246 0.000545828 -56.1649
0.120277 -0.00343765 -105.26
0.0355055 0.0119886 -9.29191
0.0115238 -0.0230896 21.9257
-0.0423959 -0.0571808 88.3204
-0.0738348 -0.0439005 124.555
-0.0267158 0.0531816 55.722
0.00380263 -0.0112111 9.61341
0.0193198 -0.0134116 9.47605
0.0186811 -0.0199855 10.1386
0.0122786 -0.00382247 9.10238
-0.003412 -0.0148799 11.8392
-0.0249147 -0.00507347 12.9725
-0.0148432 -0.0328291 14.7927
-0.0176343 -0.0115465 12.7795
-0.0118726 -0.019638 12.6884
-0.00782643 -0.00737245 10.5649
-0.00978126 -0.0121453 11.5686
-0.00449391 -0.0101619 10.1796
-0.0129023 -0.0289848 14.7444
-0.024692 -0.0162084 16.5652
-0.0473061 -0.00550102 21.9545
-0.0168425 -0.00226756 11.6071
-0.00871398 -0.00081467 8.82296
-0.0125727 -0.00976991 11.2836
0.00344329 0.00529375 3.45123
-0.0190324 0.00890566 12.3294
-0.0217184 0.00822901 13.4892
-0.0150238 -0.0040697 11.5221
0 0 -1
0.000785766 -0.100916 16.508
-0.0248086 -0.0332849 22.3427
-0.0180717 -0.0364045 18.3115
0.0109332 -0.0416029 3.02819
0.0240818 -0.0417959 -4.41449
0.0627029 -0.00356023 -32.6055
0.0832227 -0.0186491 -42.7196
0.0790033 -0.0351157 -37.9365
0.0640048 -0.0463433 -25.7103
0.022984 -0.0706651 4.93561
0.00718284 -0.076163 16.7367
0.0995066 -0.0432629 -55.2115
0.113489 -0.00495743 -69.2878
-0.0270938 -0.0198266 34.7982
0.000696963 0.000967663 10.1067
0.00015579 0.0159831 8.68644
0.0208469 0.0231885 -9.61061
0.0152278 0.0368212 -6.27318
0.0231996 -0.00655791 1.06687
0.0156419 -0.0125255 8.62933
-0.00155778 -0.0223126 25.5854
0.0134614 -0.000529468 8.66952
0.000937935 0.00997713 19.8887
0.0420761 0.0249066 -22.4941
0.0348682 0.0428803 -17.3815
0.0631192 -0.00152126 -41.9981
0.0790625 -0.0283569 -55.0895
0.0542344 -0.0111518 -30.8346
0.0589163 0.00757098 -38.9513
0.064756 -0.0336068 -40.212
0.0592326 -0.25947 -6.90372
0.00868081 -0.0624478 28.2296
-0.0425568 -0.0040563 81.8951
-0.0729791 0.0358257 113.996
0.111923 -0.0323947 -97.4959
0.0082403 0.00208038 8.0396
0.0133843 0.000385368 8.01356
0.0194091 0.00315194 7.39354
-0.00394406 -0.00183115 9.89365
-0.0177271 -0.00272085 11.2065
-0.0174659 -0.019656 13.7737
-0.0240519 -0.0266193 15.3677
-0.0120708 -0.0257259 13.5399
0.00321953 -0.0214113 10.1226
-0.00389433 -0.0172969 10.9505
-0.00953569 -0.0181192 12.3423
-0.0164463 -0.0300947 15.5304
-0.0236696 -0.0567553 21.1757
-0.0118096 -0.0409134 15.5949
-0.0402756 -0.0335283 23.403
-0.0185425 -0.0327087 16.1016
-0.00250939 -0.0234982 9.49517
-0.00319094 -0.0107218 8.11796
-0.0099863 -0.0176287 11.9169
-0.0253103 -0.0287125 19.7574
-0.0191713 -0.0136213 14.9853
-0.0142807 0.00449362 9.99554
-0.0254027 -0.00488796 16.513
-0.0289535 0.00394758 16.902
-0.00235333 -0.0672548 13.2365
-0.000905694 -0.0515109 10.4037
0.028531 -0.0272923 -9.14745
0.0100085 -0.00720617 -0.105361
0.0479103 -0.0274573 -20.1041
0.0614581 -0.0563741 -24.0876
0.0500741 -0.0768035 -13.3879
0.0360306 -0.112272 0.833794
0.0246386 -0.0892976 5.30378
0.0169364 -0.0650344 8.20168
0.016781 -0.084522 9.64699
0.0517555 0.00633733 -23.5842
-0.017643 -0.0186313 27.4102
0.00406579 -0.0125299 9.16278
0.0100487 -0.00130637 2.68545
0.0182806 -0.00585988 -3.82888
0.0468385 -0.00119986 -28.8665
0.00355544 -0.0465233 23.675
0.0185222 -0.0339918 8.20071
0.0266693 -0.00378038 -3.62841
0.0503712 0.0215212 -30.508
0.043821 0.00859483 -22.3424
0.0477602 -0.00518611 -23.7774
0.0247944 0.0105816 -3.13501
0.0551791 -0.00321866 -33.6921
0.091248 -0.00726259 -71.2781
0.0748814 0.0131427 -55.8742
0.0439615 0.0376285 -26.0346
0.0296129 0.0552251 -12.9175
0.0346889 0.0185072 -13.8818
0.0604694 0.0230831 -44.2543
0.0132841 0.0393301 9.38301
0.0448956 0.0665489 -33.1572
0.15377 0.023327 -158.048
0.0154979 -0.0149139 10.604
0.0070451 -0.00536363 9.14393
0.0166412 -0.000595791 8.1325
0.018162 0.00256813 7.5533
-0.0259905 0.00356135 11.8898
-0.0306083 -0.0035374 12.7356
-0.0196817 0.00537207 9.83635
-0.0239603 0.000382513 11.3529
-0.00115931 0.00568835 6.2469
0.0054792 -0.0165882 8.77654
-0.0137472 -0.0129155 12.466
-0.0336816 -0.0173581 17.7339
-0.0228305 -0.0168055 14.6913
-0.010731 -0.00980904 10.2878
-0.0186865 -0.0192126 14.4019
-0.0407899 -0.0105824 20.2006
-0.00841034 -0.00999875 9.19525
0.00167737 -0.0150729 6.74134
-0.016149 -0.0187576 14.4797
-0.0149619 -0.016903 13.4035
-0.0102766 -0.0202475 11.7974
-0.00761384 -0.00654269 8.41827
-0.0263639 -0.00470222 16.8378
-0.0255907 0.000791737 15.5918
-0.0112014 -0.00308132 8.65129
0.013157 -0.00330391 -4.80379
0.0461871 -0.0103944 -22.1168
0.0718447 0.0308496 -42.2033
0.0305453 0.0231164 -16.0124
-0.00596864 -0.118086 28.6523
0.0328595 -0.0771064 -2.80339
0.0269938 -0.102281 4.9492
0.0157241 -0.047971 3.68188
0.170818 -0.0250745 -108.592
0.0341234 -0.0599683 -8.05903
0.0412525 0.00694095 -15.5155
0.0152016 -0.0190029 1.59574
0.0213724 0.0151087 -9.14773
0.0108447 0.00954832 0.266662
0.0166809 0.0174731 -6.61592
0.0172325 -0.00422128 -3.19212
0.0152698 0.0214307 -5.72279
0.0379326 -0.0241122 -11.4965
0.0333627 0.00171542 -10.8376
0.0603554 0.0405225 -42.7993
0.035723 0.0507353 -20.1039
0.0192154 0.0340229 -1.6816
0.0314873 0.011209 -10.3608
0.0568621 0.0291517 -40.2183
0.0728569 0.0154684 -55.3736
0.0819233 0.0191116 -65.3534
0.0806561 0.0779844 -72.9228
0.0308871 0.102952 -21.0197
0.0150176 0.0980254 -2.82341
0.0383941 0.0941578 -29.6005
0.050202 0.0906931 -42.214
0.0719 0.105912 -71.2788
0.0656772 0.0906062 -60.5308
0.0446707 -0.0297152 12.2454
0.00988653 -0.00771947 9.8892
0.0167781 -0.0111063 9.89664
0.0354073 0.00510265 5.86716
-0.00335232 0.00831873 9.14497
-0.0380204 0.0197686 9.50484
-0.0176534 0.0322558 4.75688
-0.0111915 0.0296073 4.08405
-0.0147876 0.0379826 2.8876
-0.00577418 0.0176785 5.15783
-0.0134086 0.00555874 8.92459
-0.00107486 0.0244667 1.99313
-0.00109725 0.0443944 -2.16755
-0.0226901 0.0461587 3.80898
-0.030374 0.0185751 11.1787
-0.0291984 -0.000128662 14.4065
0.00454373 0.00320847 2.41184
-0.00641805 0.0164224 3.99184
-0.0232473 -0.0138385 16.366
-0.0241357 -0.0165232 17.3637
-0.013285 -0.013356 12.2681
-0.00803265 0.00436086 6.68853
-0.0165487 0.0440611 3.3494
-0.00494701 0.0780776 -8.97643
-0.0188443 0.140143 -12.6012
-0.0119429 0.0848506 -6.75448
0.0677763 0.00448044 -36.9217
0.0787854 0.024799 -45.2327
0.0352499 0.0209815 -18.3253
0.101346 -0.0322892 -55.9675
0.0763277 -0.0247956 -40.9682
0.0391536 -0.0591189 -9.86151
0.0650869 0.0134615 -41.6883
0.198902 0.0364216 -139.55
0.0291103 -0.00456782 -13.8682
0.0452137 0.00567622 -18.24
0.0277705 0.00586932 -12.8815
0.0407656 0.0741624 -35.9455
0.0537663 0.0939366 -50.5657
0.0746592 0.151978 -78.2333
0.0131984 0.0244151 -4.525
0.0148613 0.0201956 -5.30939
0.0476774 0.0293629 -29.0479
0.0465665 0.0205052 -26.4065
0.0811114 0.0264421 -59.8615
0.0360291 0.0573822 -21.8537
0.000130485 0.0776113 10.2028
0.00173534 0.0836035 7.17389
0.0439421 0.0312761 -26.3862
0.0694869 0.0371526 -55.1718
0.127633 0.0588391 -121.763
0.101644 0.0668571 -93.1712
0.0425796 0.0883467 -31.5455
0.0364284 0.0917031 -25.5069
0.0374028 0.110784 -30.52
0.0631401 0.114731 -61.6915
0.0703381 0.118429 -70.6409
0.0407406 0.0897916 -29.3144
0.0594481 -0.0357164 12.9247
0.0450961 -0.00871984 8.10366
0.0541919 0.0455678 -3.46239
0.0343339 0.0410167 -1.6275
-0.00721537 0.0655091 -2.13337
-0.0205122 0.0445885 2.47189
0.00139011 0.0542845 -2.11812
-0.0167084 0.046155 1.80419
-0.00579954 0.129644 -17.1197
-0.0123417 0.0605471 -1.71541
-0.0030479 0.118063 -15.0905
-0.00680183 0.147838 -20.1031
-0.00754102 0.174101 -25.4848
-0.016243 0.12742 -13.8311
0.00982553 0.370902 -71.0887
0.0039528 0.385445 -72.5983
0.00154803 0.369336 -68.0289
0.00613148 0.393237 -74.895
0.00473014 0.39674 -75.4191
0.00292076 0.393311 -73.6915
-0.00574113 0.399563 -71.3083
-0.00476073 0.4046 -72.966
0.00307915 0.433492 -82.7751
-0.00231517 0.384592 -69.654
-0.023711 0.272012 -35.237
-0.0267911 0.275861 -34.4343
0.0345023 0.306024 -75.3201
0.0298853 0.272691 -66.0001
0.006032 0.0746247 -11.2723
0.00949599 0.336978 -67.7416
0.0551455 0.33283 -96.3355
0.0513467 0.288304 -84.562
0.0567153 0.323506 -96.0982
0.112892 0.136082 -96.548
0.088704 0.167854 -85.1105
0.0333523 0.0186895 -11.9796
-0.0221166 0.131367 7.07164
0.0506114 0.221406 -73.1546
0.0504911 0.107158 -49.9289
0.0992818 0.0875399 -86.7918
0.0885128 0.0549937 -70.3088
0.0613538 0.0527879 -45.738
0.0294214 0.0551146 -17.5491
0.0645587 -0.00498331 -38.7231
0.108873 -0.00237011 -81.3852
0.0819034 0.0359703 -62.2579
0.0361095 0.0766596 -25.1463
0.0359237 0.0635567 -22.1785
0.0146719 0.0629263 -1.86392
0.101289 0.0254401 -86.3535
0.130939 0.0540617 -124.392
0.130925 0.0457192 -121.695
0.0606282 0.0905352 -52.1371
0.0453945 0.0898507 -34.7039
0.0520442 0.108433 -46.5264
0.0683024 0.127108 -69.6471
0.0778321 0.12243 -79.8281
-0.00116566 -0.280559 95.3563
0.0248064 0.319606 -60.3062
0.0397587 0.383149 -75.6051
0.0175028 0.395018 -76.8452
0.00167586 0.134111 -18.3232
0.00589024 0.0909009 -9.02352
0.00612301 0.100228 -11.2264
-0.0155789 0.46011 -87.6475
0.0147615 0.441566 -87.3116
-0.00328105 0.340397 -60.6762
0.0125541 0.365237 -69.5957
0.00942157 0.364503 -68.683
-0.00554239 0.352689 -62.6562
0.0123474 0.42836 -84.4311
0.0202098 0.425623 -86.1207
0.0131061 0.38112 -73.6638
-0.00286594 0.381789 -69.2648
0.00518531 0.361832 -67.4707
0.00440349 0.364044 -67.7279
-0.00279542 0.361949 -64.2351
-0.00930471 0.340386 -56.4533
-0.00335205 0.356216 -62.6023
-0.0147994 0.306963 -46.3066
-0.0318271 0.280011 -32.3964
-0.0158549 0.301223 -45.4706
-0.00974088 0.321557 -53.4104
0.0065251 0.332648 -64.7728
0.00200694 0.334104 -62.5517
-0.00128872 0.323313 -58.3747
0.00356918 0.338768 -64.664
0.0121438 0.339128 -70.2016
0.0442984 0.315267 -85.4642
0.0424624 0.322569 -85.966
0.0499793 0.318463 -90.4665
0.0746042 0.243575 -91.1709
0.0318004 0.247276 -60.8817
0.0208588 0.265078 -56.8389
0.0110246 0.240918 -43.7959
-0.0108008 0.297047 -39.4064
0.0102734 0.350012 -68.695
0.0230245 0.347208 -78.7025
0.0389777 0.308291 -83.502
0.0468697 0.0975684 -42.7335
0.0204116 0.196611 -40.9858
0.0553436 0.245297 -85.5342
0.0954812 0.0392692 -76.6143
0.0746143 0.00925619 -49.6643
0.0542292 0.0156508 -30.6097
0.0134096 0.0666748 -0.845635
0.00763259 0.0821175 0.766186
0.0632208 0.0559219 -52.7529
0.131074 0.0970219 -134.739
0.126865 0.0686298 -122.783
0.0750771 0.0347747 -56.87
0.0606653 0.0125213 -35.5279
0.0416351 0.0543485 -22.52
0.073873 0.0712338 -64.6644
0.10505 0.0415025 -95.6779
0.00483361 -0.00153819 27.681
0.0401761 -0.317263 90.8109
0.0377547 0.411759 -80.9949
0.0381257 0.415883 -81.9274
0.0166563 0.436261 -85.8974
0.0141289 0.469674 -93.693
0.0057937 0.426825 -81.8102
-0.00734382 0.463286 -89.3703
0.00116242 0.40551 -76.3198
0.00254513 0.387689 -72.368
-0.0145487 0.353197 -60.0717
0.00328451 0.388634 -72.665
0.000115563 0.365198 -66.2022
-0.00372172 0.388795 -70.55
-0.0130912 0.302675 -45.725
-0.00848488 0.375837 -66.102
-0.00323682 0.347422 -60.6919
-0.00585996 0.34868 -60.0239
-0.0117871 0.336073 -54.5658
-0.0099591 0.299735 -46.7061
-0.0093619 0.290072 -44.7778
-0.0231675 0.270487 -34.3142
-0.00713816 0.295017 -47.8833
-0.0042547 0.320251 -55.9102
-8.06339e-05 0.327498 -59.6206
0.00173229 0.3363 -62.8204
0.002814 0.339379 -64.1147
-0.00294938 0.340704 -61.3549
-5.03598e-06 0.341039 -62.9001
0.00461888 0.343031 -66.2333
0.00735205 0.334233 -65.9402
0.0183924 0.321215 -70.05
0.0639488 0.297341 -94.3737
0.0462269 0.330227 -90.2174
0.0331916 0.321567 -79.0974
0.0164463 0.330187 -69.0648
0.0157613 0.332436 -68.9263
0.0109895 0.336078 -66.0948
0.00841182 0.346308 -66.4852
0.0129209 0.34315 -69.2735
0.0177175 0.35069 -75.0606
0.0175612 0.349868 -74.6973
0.0214846 0.332079 -73.8922
0.0176308 0.310862 -65.1498
0.0117292 0.321488 -62.3989
0.0162036 0.328514 -68.2635
0.0187045 0.350567 -76.155
0.0465355 0.274558 -84.9776
0.0190633 0.31482 -67.6974
0.0373778 0.162883 -48.6632
0.0785275 0.153034 -90.275
0.0964685 0.113004 -100.065
0.0656054 0.0296646 -45.3079
0.0749646 0.0192798 -53.7104
0.0788204 0.0227405 -59.4568
0.0604321 0.0114469 -35.1801
0.0644908 0.0164915 -41.33
0.0196234 0.00727836 7.30032
0.0173275 0.00929023 9.60983
0.029151 0.377294 -71.6597
0.0400779 0.362419 -67.6808
0.0154873 0.381335 -71.324
0.0081615 0.382825 -71.4168
-0.00315699 0.374296 -67.9153
-0.00580618 0.348241 -61.0138
-0.00615521 0.354085 -62.5093
0.00519586 0.360612 -65.9263
0.00483419 0.351289 -63.0799
-0.0116067 0.314082 -49.0983
-0.00969951 0.361107 -61.9384
-0.0241476 0.305507 -44.1415
-0.00737461 0.300151 -46.8935
-0.0119906 0.324559 -51.9426
-0.0127435 0.330408 -53.3302
-0.0237789 0.282004 -36.2775
-0.0409885 0.275837 -28.6115
-0.0296366 0.245579 -24.8788
-0.0297135 0.260472 -29.101
-0.0162143 0.279059 -39.809
-0.000882039 0.299234 -51.9229
0.0117793 0.314539 -61.6783
-0.000533027 0.324221 -58.3797
0.000952088 0.322081 -58.6003
0.00157419 0.327866 -60.4684
0.00060391 0.329603 -60.3705
-0.000436733 0.335635 -61.4152
0.00282082 0.336425 -63.4649
0.000239815 0.33396 -61.3125
0.00109991 0.324941 -59.5932
0.01149 0.32318 -65.9416
0.0331616 0.316089 -78.6832
0.082582 0.27339 -100.895
0.0382696 0.343577 -88.0688
0.0286816 0.350012 -82.8149
0.0210403 0.35679 -78.9177
0.00917089 0.358708 -70.158
0.0131173 0.359262 -73.3594
0.0189752 0.360965 -78.6752
0.0133762 0.361109 -73.9521
0.0163315 0.360085 -76.1563
0.0163553 0.352038 -74.3053
0.0158914 0.351666 -73.6434
0.0149074 0.358032 -74.3636
0.00839642 0.350912 -66.274
0.0152614 0.35255 -73.4072
0.0160525 0.351239 -73.8554
0.00311276 0.344685 -58.9593
0.00807831 0.372601 -71.6032
0.000725423 0.372178 -63.7415
0.0215818 0.349888 -80.1552
0.00783523 0.329649 -59.6135
0.013263 0.349925 -71.1885
0.0188338 0.323917 -69.937
0.0346458 0.202378 -54.7388
0.0295293 0.263347 -64.8101
0.0726367 0.118958 -78.2405
0.0514272 0.223915 -80.5764
0.0339408 0.346717 -63.1404
0.0357462 0.328683 -57.8512
0.0444186 0.331643 -59.2166
0.0349429 0.322619 -55.506
-0.0086888 0.325401 -53.185
-0.000797407 0.283646 -42.396
-0.000640583 0.304794 -48.6371
-0.0138103 0.272501 -37.591
-0.00338539 0.282694 -42.5212
-0.0132644 0.275046 -38.1773
-0.0133033 0.281796 -39.9736
-0.00960085 0.276421 -39.2349
-0.0067763 0.28272 -41.5915
-0.023733 0.263138 -30.9547
-0.0313039 0.260619 -28.523
-0.0232993 0.251891 -28.5501
-0.0371404 0.254311 -24.5305
-0.0240089 0.282807 -37.8635
-0.0182543 0.28938 -41.8609
0.00270005 0.330154 -62.0733
0.00844939 0.324973 -63.0657
-0.00236244 0.324482 -57.9134
0.00728913 0.328337 -63.5841
-0.00136559 0.333417 -60.7825
0.00112977 0.321711 -58.6571
0.00645004 0.329159 -63.6127
0.00827546 0.329793 -64.8206
-0.00125111 0.337597 -61.5152
-0.00682114 0.332442 -56.7209
-0.0010646 0.336683 -61.5885
0.00373458 0.326344 -61.7661
0.0107968 0.338791 -70.0553
0.0455718 0.300674 -83.0694
0.0946101 0.261402 -106.05
0.0680325 0.295954 -96.3054
0.0250977 0.363462 -83.7963
0.00995652 0.360432 -71.091
0.0173831 0.36166 -77.4509
0.0205774 0.359834 -79.6605
0.0242532 0.355415 -81.4712
0.0126138 0.357058 -72.0642
0.0132635 0.361027 -73.7921
0.0171549 0.36183 -77.5391
0.00960341 0.357574 -69.2578
0.0190557 0.359803 -78.9635
0.00891757 0.356361 -68.0849
0.0176651 0.356692 -76.9872
0.0130402 0.361287 -73.6659
0.0168892 0.368208 -79.5606
0.00196699 0.364362 -62.7678
0.0121513 0.367741 -74.7673
0.00189592 0.370657 -64.367
0.0123277 0.351419 -70.4486
0.00768685 0.35029 -64.8944
0.0203136 0.324914 -72.0503
-0.00891427 0.316341 -34.9104
0.00902976 0.320079 -56.7511
0.0134804 0.272268 -47.8515
0.0287182 0.317251 -54.2833
0.0330562 0.303622 -50.1306
0.0306973 0.294264 -46.9361
0.00627077 0.278207 -40.6079
-0.00903544 0.277224 -39.2613
-0.000788548 0.28261 -42.0865
-0.0200581 0.289611 -41.5519
-0.0155417 0.300936 -46.0686
-0.0105692 0.301833 -47.0432
-0.00837483 0.296053 -45.5907
-0.0146512 0.266575 -35.4784
-0.0173747 0.29318 -42.4899
-0.0209488 0.263639 -32.5357
-0.0333461 0.241695 -22.416
-0.0216439 0.280187 -38.2252
-0.00867845 0.284555 -43.6604
-0.00697019 0.308553 -51.732
-0.000709456 0.329619 -60.6543
0.00343746 0.330389 -62.3286
0.00503772 0.332234 -63.3804
0.00457601 0.339822 -65.6496
0.00603286 0.337868 -65.7652
0.00348101 0.322583 -59.7698
-0.000392863 0.321499 -57.5342
0.00485046 0.31938 -59.5346
0.00375659 0.332916 -63.1795
0.0103603 0.332852 -66.8888
-0.00246086 0.335257 -60.0321
-0.00835063 0.334332 -56.2455
0.00510993 0.333797 -64.3786
0.00113595 0.337102 -62.9662
0.00413689 0.330617 -62.9621
0.0187741 0.321628 -70.4092
0.0634962 0.279482 -89.3748
0.117824 0.233581 -114.608
0.0593452 0.316899 -95.7324
0.027358 0.356518 -83.3733
0.0146159 0.359999 -74.6034
0.0163907 0.35886 -75.8546
0.0254591 0.348784 -80.3286
0.0135426 0.354863 -72.225
0.0189152 0.356324 -77.3872
0.0139353 0.353546 -72.0994
0.010379 0.35788 -70.1025
0.00985907 0.35867 -70.0348
0.00959551 0.352117 -67.687
0.0193449 0.354327 -77.8189
0.0103704 0.365959 -72.2843
0.00776057 0.359136 -67.499
0.00102527 0.354335 -58.8366
0.0120039 0.357694 -71.847
0.00866027 0.359054 -68.451
0.00566803 0.366224 -67.3745
0.00646319 0.362462 -67.2245
0.0308075 0.328306 -84.7348
0.0323417 0.341476 -91.0293
0.0264907 0.329965 -80.2796
0.032288 0.348926 -93.2445
0.015064 0.299856 -48.5616
0.0125337 0.29065 -45.422
0.00960831 0.283886 -43.1453
0.0141641 0.30677 -51.021
-0.00435454 0.324922 -55.9962
0.00613667 0.307722 -51.2951
-0.00668069 0.319598 -53.4588
-0.0120794 0.315855 -51.4648
-0.0279551 0.272858 -33.6258
-0.0145166 0.293311 -43.1773
-0.0399069 0.23656 -18.9565
-0.0255618 0.247656 -26.4747
-0.0155873 0.264351 -34.6048
-0.0139561 0.283807 -41.5178
-0.00980041 0.310099 -51.5317
-7.32028e-05 0.32013 -57.9597
0.00415221 0.319697 -59.0721
0.00656847 0.33467 -64.9232
0.00216381 0.328289 -60.9329
-0.00440224 0.32583 -57.3745
0.00596031 0.328237 -62.6103
0.000906102 0.332673 -61.6854
0.000311516 0.330066 -60.6274
0.00161277 0.32905 -61.0072
0.00428737 0.329788 -62.6313
0.00460927 0.328118 -62.1074
0.00545651 0.326378 -61.9486
0.000117006 0.32577 -58.6005
-0.00351603 0.325232 -56.272
0.00021497 0.32735 -59.2812
-0.00330949 0.331401 -58.3067
0.0018164 0.324045 -59.2367
0.0069841 0.327203 -63.9015
0.017512 0.308834 -65.4293
0.040495 0.286839 -75.1181
0.126322 0.22202 -117.386
0.0702023 0.321482 -105.753
0.0133039 0.358432 -72.8887
0.013566 0.355196 -72.0944
0.00957186 0.357841 -69.6514
0.0116604 0.35586 -70.939
0.0120444 0.354535 -70.7943
0.0146012 0.344049 -69.6988
0.0208518 0.34109 -74.3941
0.0140617 0.349395 -70.6912
0.0149943 0.345648 -70.4211
0.0134105 0.355296 -72.0053
0.0118652 0.355299 -70.5269
0.0066891 0.348884 -63.1039
0.0113963 0.36102 -71.9357
-0.00128516 0.370995 -61.5648
0.00862491 0.369219 -71.9161
0.0102177 0.359607 -70.471
0.000140502 0.376937 -64.4026
0.00767696 0.356625 -66.5899
0.0210863 0.347483 -79.7916
0.073521 0.210548 -98.7726
0.0303659 0.324051 -83.1697
0.00992672 0.293086 -46.2342
0.0113844 0.290501 -45.3896
0.0109323 0.279275 -41.4253
0.0220088 0.291861 -46.3608
-0.00168633 0.319174 -54.0644
0.00247301 0.32178 -55.518
-0.0158189 0.317676 -51.4256
-0.0316376 0.273097 -33.3044
-0.0487313 0.210066 -8.31948
-0.0353296 0.219802 -14.2695
-0.0228389 0.264256 -32.9201
-0.00655854 0.288428 -45.3041
0.00730976 0.299744 -52.9119
0.00470073 0.311469 -56.2422
0.00647556 0.310114 -56.2422
0.00383494 0.337183 -64.9074
0.00267693 0.33157 -62.438
-0.000537023 0.323227 -58.208
0.000453129 0.31881 -57.017
-0.000295552 0.320548 -57.2855
0.00408558 0.327407 -61.5589
0.00721907 0.321429 -60.7916
0.00106226 0.316825 -56.261
-0.00148607 0.325936 -58.3569
0.00883779 0.323818 -62.9793
0.00884387 0.328789 -64.6364
0.000707657 0.328014 -59.7306
-0.00106311 0.327111 -58.4002
-0.00150269 0.333561 -60.4154
6.26153e-06 0.330554 -60.0917
-0.00431779 0.326528 -55.909
0.00432374 0.337555 -65.6931
0.00120229 0.329961 -60.7662
0.000133237 0.318101 -55.8038
0.0104489 0.30501 -58.7648
0.0202852 0.27483 -55.4564
0.247689 0.076954 -161.797
0.0311791 0.335603 -79.5576
0.0224576 0.347635 -76.7158
0.0113728 0.358979 -71.6054
0.00815535 0.350632 -65.9837
0.00720366 0.345929 -63.4684
0.0162355 0.34768 -72.1737
0.0136076 0.341881 -67.6642
0.0161064 0.340739 -69.6432
0.0141338 0.343137 -68.6212
0.0107147 0.343878 -65.3937
0.00518942 0.341656 -59.1632
0.0137727 0.358049 -73.9443
0.0222631 0.348445 -79.4255
0.0102045 0.353054 -67.9993
0.00394305 0.367935 -66.469
0.0095844 0.338117 -62.2914
0.00745391 0.347601 -63.1449
0.00206147 0.358963 -60.766
0.0131956 0.376221 -80.0556
0.0298497 0.351834 -91.0031
0.0224431 0.353445 -83.0532
0.011245 0.290443 -45.3155
0.0128554 0.293119 -46.3601
0.0164039 0.293662 -46.7184
0.0173257 0.303035 -50.0666
0.0193648 0.314254 -54.306
-0.00226179 0.341421 -61.5889
-0.0536984 0.253844 -23.3864
-0.0450415 0.208216 -8.27015
-0.0454284 0.190596 -2.13563
-0.0141603 0.217842 -18.0103
-0.00655485 0.237598 -26.709
0.000119757 0.270442 -40.4197
0.014231 0.280748 -47.9625
0.0116747 0.305861 -56.2513
0.0125392 0.307637 -57.1702
0.0123936 0.313467 -59.2836
0.00187355 0.309973 -54.4235
0.00153616 0.309293 -54.0245
-0.000469729 0.311656 -54.0258
-0.00520655 0.314098 -52.9984
0.00847873 0.283507 -47.8108
0.00515728 0.300568 -52.3958
-0.000603401 0.290887 -46.1428
0.000800236 0.298395 -49.5902
0.00474531 0.286568 -47.4948
0.016563 0.288854 -54.6074
0.00889863 0.301182 -54.8041
0.0030344 0.311755 -55.304
-6.15155e-05 0.315686 -54.9217
-0.00148528 0.310259 -51.9165
-0.0028552 0.296285 -46.101
-0.00170876 0.311086 -52.1306
-0.00491178 0.300682 -46.0056
-0.00428215 0.287906 -41.8216
0.0103643 0.289589 -53.1345
0.0139434 0.281218 -52.7391
0.0332947 0.259495 -59.8702
0.297469 0.0275977 -183.598
0.0171965 0.343388 -70.8653
0.00220151 0.345769 -59.1093
0.00552389 0.321285 -53.2635
0.0152208 0.323146 -62.5261
0.0170649 0.318738 -62.6654
0.0197597 0.341397 -73.3209
0.0155815 0.33053 -65.4368
0.00904529 0.319448 -55.0812
0.00798068 0.308229 -49.9239
0.00767751 0.314057 -51.8004
0.017692 0.326707 -66.8486
0.0226731 0.330042 -73.2559
0.0130067 0.34362 -67.712
0.00165775 0.338521 -53.4566
0.00892004 0.323812 -56.4709
0.00740481 0.332313 -57.6399
0.0119371 0.312499 -55.8246
0.0246919 0.332772 -78.2481
0.0266297 0.333261 -80.6113
0.00431387 0.335693 -54.27
