0 1 3
1 2 3
2 3 3
3 4 3
4 5 3
5 6 3
6 7 3
7 8 3
8 9 3
9 10 3
10 12 3
12 13 1
13 14 3
14 15 3
15 17 3
17 19 3
19 78 3
21 78 3
21 22 3
22 23 3
23 24 0
24 83 3
26 83 3
26 85 3
28 85 3
28 30 3
30 31 3
31 32 3
32 33 1
33 34 3
34 35 3
35 36 3
36 37 3
37 38 3
38 39 3
39 40 3
40 41 3
41 42 3
42 43 3
43 44 0
44 45 2
45 46 2
46 47 0
47 48 0
48 49 3
49 50 3
50 51 3
51 52 1
52 53 0
53 54 1
54 55 0
55 56 3
56 57 3
19 76 3
17 76 3
10 69 3
12 69 3
40 98 3
39 98 3
54 113 0
2 61 3
15 74 3
17 74 3
28 86 3
55 113 3
3 61 3
49 107 3
30 86 3
86 88 3
39 96 3
43 101 0
50 107 3
30 88 3
38 96 3
44 101 3
19 77 3
0 58 3
15 73 3
22 80 3
26 84 3
50 109 3
51 109 3
52 110 0
54 111 0
1 58 3
4 61 3
5 63 3
7 65 3
8 65 3
14 73 3
17 75 3
24 82 3
83 84 3
34 93 3
35 93 3
48 107 3
4 62 3
4 63 3
6 63 3
8 66 3
9 66 3
10 68 3
12 70 3
74 75 3
75 76 3
77 78 3
23 80 3
86 146 3
32 90 3
41 98 3
44 102 3
45 103 3
47 105 2
48 106 3
53 110 2
1 59 3
61 62 3
62 63 3
6 64 3
9 67 3
13 72 3
14 72 3
76 77 3
21 79 3
21 80 3
88 146 3
30 89 3
31 89 3
31 90 3
33 90 0
33 91 3
34 92 3
35 94 3
36 94 3
37 95 3
105 106 0
53 111 2
58 59 3
2 59 3
64 65 3
67 68 3
69 70 3
73 74 3
78 79 3
79 80 3
23 82 2
88 89 3
90 91 1
91 92 3
94 95 3
95 96 3
46 103 3
52 109 0
2 118 3
61 118 3
68 69 3
13 70 0
72 73 3
82 83 3
92 93 3
101 102 3
46 104 3
111 113 3
56 113 3
56 115 0
59 118 3
63 64 3
65 66 3
89 90 3
41 99 2
103 104 3
106 107 3
109 110 3
66 67 3
98 99 0
42 99 2
104 105 3
110 111 3
84 85 3
85 86 3
96 98 3
42 157 0
42 101 0
107 109 3
70 72 1
96 155 3
99 157 0
80 82 3
93 94 3
98 155 3
101 157 3
44 103 1
72 129 0
70 129 3
101 159 3
102 103 1
107 166 3
109 166 3
113 172 0
113 115 0
102 160 3
109 168 3
115 172 3
80 139 3
88 147 3
111 170 0
113 171 0
86 144 3
89 147 3
102 159 3
166 168 3
111 169 0
113 170 0
171 172 3
65 124 3
66 124 3
70 128 3
82 139 3
85 144 3
103 162 3
104 162 3
170 171 3
69 128 3
82 140 3
83 140 3
159 160 3
105 162 3
106 164 3
110 168 3
169 170 3
67 125 3
78 135 3
80 138 3
92 151 3
167 168 3
110 169 0
63 121 3
66 125 3
67 126 3
68 126 3
72 130 0
72 131 0
73 131 0
74 132 0
75 132 0
75 134 0
77 135 3
84 142 3
85 201 3
146 147 3
93 151 3
94 152 3
96 154 2
154 155 3
157 159 1
166 167 3
115 229 0
61 119 3
62 120 3
64 121 3
65 123 3
123 124 3
129 130 3
130 131 3
73 132 0
76 134 0
84 201 3
92 150 3
95 152 3
103 161 3
107 164 3
58 116 3
59 117 3
118 119 3
61 120 3
64 122 3
125 126 3
69 126 3
69 127 3
132 134 3
78 136 3
79 137 3
138 139 3
89 148 3
90 148 3
91 149 3
91 150 3
105 164 0
107 165 3
116 117 3
117 118 3
63 120 3
65 122 3
124 125 3
77 134 0
135 136 3
83 142 3
142 201 3
144 146 3
148 149 1
94 151 3
98 156 3
98 157 0
103 160 0
115 173 3
119 120 3
131 132 3
78 137 3
80 137 3
139 140 3
150 151 3
151 152 3
96 152 3
152 154 2
160 161 1
161 162 3
164 165 3
168 169 0
172 173 3
173 229 0
120 121 3
121 122 3
122 123 3
126 127 3
127 128 3
134 135 1
149 150 3
156 157 0
166 224 3
136 137 3
137 138 3
155 156 3
159 217 3
165 166 3
167 224 3
140 200 3
83 200 3
144 201 3
160 217 3
132 191 3
168 226 3
128 129 3
134 191 3
142 200 3
147 148 3
167 226 3
120 179 3
121 179 3
168 227 3
169 227 1
172 229 0
132 190 3
134 193 1
149 207 0
162 222 0
105 222 0
164 222 3
226 227 3
123 182 3
124 182 3
190 191 3
135 193 3
148 207 3
162 221 0
167 225 3
122 179 3
126 184 3
127 184 3
144 202 3
150 207 0
159 273 3
221 222 3
224 225 3
129 187 3
199 200 3
201 202 3
157 273 1
127 185 3
132 189 3
140 199 3
146 202 3
146 203 3
154 213 2
128 185 3
128 186 3
131 189 3
189 190 3
147 203 3
169 228 3
170 228 3
171 229 0
185 186 3
128 187 3
202 203 3
155 213 3
165 224 3
122 180 3
125 182 3
130 187 3
130 188 3
139 197 3
140 197 3
155 214 3
156 214 3
160 219 3
116 174 3
117 175 3
118 176 3
119 177 3
120 178 3
179 180 3
123 181 3
181 182 3
125 183 3
131 188 3
193 251 3
136 193 3
138 197 3
140 198 3
147 205 3
147 206 3
148 206 3
151 209 0
152 209 0
161 219 0
161 220 0
162 220 0
227 228 0
171 228 3
228 229 0
174 175 3
175 176 3
176 177 3
177 178 3
178 179 3
180 181 3
126 183 3
186 187 3
198 199 3
200 201 3
225 226 3
182 183 3
187 188 3
134 251 3
138 196 3
197 198 3
205 206 3
150 208 0
150 209 0
213 214 2
157 214 1
220 221 3
188 189 3
137 195 3
196 197 3
206 207 3
207 208 3
152 210 0
229 231 1
203 205 3
209 210 3
154 212 3
136 195 3
138 195 3
273 274 3
217 273 3
219 220 3
165 222 3
183 184 3
134 250 3
208 209 3
154 210 0
211 212 1
212 213 2
217 274 3
191 250 3
193 195 3
210 212 1
195 196 3
165 281 3
214 273 3
160 276 3
222 281 3
224 281 3
184 185 3
205 262 3
210 211 3
217 276 3
219 276 3
203 262 3
212 270 0
250 251 3
211 270 0
228 285 3
202 260 3
221 280 3
224 283 3
225 283 3
227 285 0
229 285 1
229 288 1
231 288 3
175 233 3
195 253 3
201 259 3
201 260 3
208 266 3
222 280 3
176 233 3
198 255 3
199 258 3
200 258 3
200 259 3
209 266 3
220 278 3
182 240 3
193 253 3
197 255 3
259 260 3
206 264 3
212 271 2
213 271 2
214 272 3
217 275 3
281 283 3
177 235 3
181 240 3
187 245 3
198 257 3
199 257 3
258 259 3
205 264 3
207 265 3
208 265 3
275 276 3
226 285 0
178 236 3
179 236 3
183 240 3
183 241 3
184 241 3
184 242 3
184 243 3
186 244 3
188 245 3
190 248 3
203 261 3
270 271 1
213 272 2
226 283 3
174 233 3
176 234 3
176 235 3
181 239 3
241 242 3
185 243 3
185 244 3
187 244 3
188 246 3
188 247 3
189 247 3
189 248 3
191 249 3
249 250 3
196 254 3
202 261 3
272 273 3
219 277 3
174 232 3
233 234 3
177 236 3
180 239 3
239 240 3
240 241 3
242 243 3
245 246 3
248 249 3
196 253 3
261 262 3
205 263 3
264 265 3
209 267 3
276 277 3
231 289 3
235 236 3
236 237 3
179 237 3
179 238 3
180 238 3
246 247 3
255 257 3
257 258 3
263 264 3
265 266 3
266 267 3
210 267 3
221 278 3
280 281 3
234 235 3
244 245 3
251 252 3
193 252 3
253 254 3
260 261 3
262 263 3
271 272 2
278 280 3
237 238 3
238 239 3
247 248 3
252 253 3
260 318 3
261 318 3
274 275 3
220 277 3
232 233 3
243 244 3
196 255 3
210 269 3
211 269 3
288 289 3
277 278 3
229 345 1
269 270 3
280 393 0
283 285 0
288 345 3
254 255 3
283 342 0
283 340 0
341 342 3
285 342 3
285 345 3
255 314 3
257 314 3
267 269 3
269 327 3
281 340 0
283 341 0
251 308 3
270 327 3
278 393 0
344 345 3
238 296 3
239 298 3
285 344 3
237 296 3
240 298 3
245 304 3
246 304 3
250 308 3
258 316 3
261 319 3
266 324 3
267 326 0
269 326 3
272 274 3
234 293 3
235 293 3
246 305 3
247 305 3
254 313 3
255 313 3
257 315 3
259 316 3
262 319 3
265 324 3
277 393 0
236 293 3
251 309 3
272 330 3
280 337 0
281 337 0
252 309 3
314 315 3
258 315 3
274 330 2
275 332 0
275 277 3
337 393 3
232 290 3
233 290 3
239 297 3
245 303 3
315 316 3
259 318 3
340 341 1
234 292 3
297 298 3
240 299 3
241 299 3
242 300 3
243 301 3
303 304 3
262 320 3
288 346 3
233 291 3
238 297 3
241 300 3
243 300 3
244 301 3
244 302 3
244 303 3
247 306 3
248 306 3
249 307 3
259 317 3
318 319 3
319 320 3
267 324 3
271 329 1
337 339 3
337 340 3
285 343 3
289 346 3
234 291 3
292 293 3
236 294 3
301 302 3
306 307 3
307 308 3
308 309 3
318 377 3
262 321 3
263 321 3
270 328 3
272 329 3
274 331 2
343 344 3
290 291 3
296 297 3
299 300 3
302 303 3
304 305 3
305 306 3
316 317 3
319 377 3
320 321 3
327 328 3
271 328 2
329 330 3
330 331 3
331 389 0
342 343 3
345 346 3
293 294 3
237 294 3
237 295 3
295 296 3
300 301 3
313 314 3
326 327 3
274 332 0
339 340 3
289 347 3
291 292 3
294 295 3
298 299 3
317 318 3
264 323 3
328 329 1
275 391 0
346 347 3
265 323 3
332 391 3
252 254 3
263 380 3
264 380 3
267 325 0
323 380 3
323 324 3
275 393 0
252 369 3
325 326 3
331 332 0
391 393 3
321 380 3
342 399 0
393 395 3
337 395 3
314 372 3
340 399 3
341 399 0
324 325 0
330 388 3
298 356 3
299 356 3
331 388 3
332 389 3
309 368 3
295 354 3
252 368 3
315 372 3
379 380 3
339 397 3
299 358 3
254 369 3
254 370 3
313 370 3
321 379 3
340 397 3
296 354 3
296 355 3
297 355 3
300 358 3
302 360 3
303 360 3
305 363 3
306 363 3
368 369 3
315 373 3
293 352 3
294 352 3
301 358 3
308 366 3
309 366 3
369 370 3
316 374 3
317 374 3
388 389 0
340 398 3
343 401 3
306 365 3
307 365 3
370 371 3
313 371 3
324 383 0
325 383 3
332 390 3
397 398 3
344 401 3
344 402 3
345 402 3
346 405 3
347 405 3
290 348 3
298 355 3
299 357 3
301 359 3
302 359 3
304 362 3
304 363 3
306 364 3
307 366 3
315 374 3
323 382 3
324 382 3
326 384 3
327 385 3
328 386 3
329 387 3
337 396 3
339 396 3
398 399 3
342 400 3
345 403 3
346 404 3
291 348 3
291 350 3
292 350 3
293 350 3
356 357 3
357 358 3
359 360 3
303 362 3
364 365 3
313 372 3
318 376 3
323 439 3
383 384 3
384 385 3
385 386 3
386 387 1
329 388 3
396 397 3
399 400 1
342 401 3
403 404 3
404 405 3
350 352 3
355 356 3
358 359 3
303 361 3
373 374 3
317 376 3
376 377 3
380 439 3
382 383 0
361 362 3
362 363 3
363 364 3
365 366 3
372 373 3
320 378 3
320 379 3
387 388 3
395 396 3
354 355 3
320 377 3
378 379 3
389 390 3
401 402 3
402 403 3
295 352 3
352 410 3
295 410 3
360 361 3
366 368 3
390 391 3
400 401 3
377 378 3
382 439 3
350 407 3
295 411 3
371 372 3
382 441 0
383 441 3
291 407 3
354 411 3
374 376 3
393 450 3
350 410 3
410 411 3
382 440 3
391 450 3
376 433 3
397 455 3
348 407 3
368 425 3
393 451 3
396 454 3
403 462 3
350 408 3
409 410 3
359 417 3
366 425 3
397 454 3
404 462 3
408 409 3
359 418 3
360 418 3
454 455 3
380 438 3
354 412 3
417 418 3
379 438 3
355 412 3
362 420 3
363 420 3
370 428 3
371 428 3
371 429 3
439 440 1
387 446 3
388 446 3
390 448 3
359 416 3
416 417 3
360 419 3
361 419 3
368 426 3
369 426 3
428 429 3
384 441 3
391 448 3
391 449 3
395 453 3
399 457 3
407 408 3
355 413 3
358 416 3
365 424 3
366 424 3
369 428 3
372 430 3
373 430 3
377 434 3
378 436 3
379 437 3
389 446 1
389 448 3
449 450 3
396 453 3
402 460 3
356 413 3
357 415 3
358 415 3
364 423 3
365 423 3
424 425 3
425 426 3
369 427 3
371 430 3
376 434 3
379 436 3
438 439 3
403 460 3
404 463 3
405 463 3
348 406 3
356 414 3
361 420 3
363 421 3
363 422 3
364 422 3
427 428 3
377 435 3
378 435 3
437 438 3
440 441 0
384 442 3
385 443 3
386 444 3
387 445 3
389 447 3
448 449 3
400 457 3
400 458 3
401 459 3
403 461 3
406 407 3
414 415 3
415 416 3
420 421 3
421 422 3
429 430 3
434 435 0
442 443 3
443 444 3
444 445 1
446 447 0
447 448 3
453 454 3
458 459 3
459 460 3
460 461 3
413 414 3
419 420 3
426 427 3
373 376 3
441 442 3
445 446 3
461 462 3
462 463 3
412 413 3
422 423 3
433 434 3
450 451 3
398 457 3
457 458 3
418 419 3
423 424 3
436 437 3
395 451 3
411 412 3
435 436 3
398 455 3
395 510 3
453 510 3
451 510 3
435 493 3
434 493 0
398 514 3
457 514 3
426 484 3
425 484 3
450 508 3
406 465 3
407 465 3
422 480 3
423 480 3
430 489 3
373 489 3
436 493 3
448 506 3
449 506 3
455 513 3
398 513 3
449 508 3
453 512 3
454 512 3
513 514 3
419 477 3
423 482 3
424 482 3
437 439 3
460 518 3
408 465 3
410 469 3
412 471 3
414 473 3
415 473 3
415 474 3
416 474 3
417 474 3
418 476 3
419 476 3
420 477 3
424 483 3
425 483 3
429 487 3
430 487 3
434 492 3
439 498 1
440 498 3
457 515 3
458 515 3
459 518 3
411 469 3
413 471 3
436 494 3
437 496 3
437 497 3
439 497 3
443 501 3
447 505 3
451 508 3
451 509 3
406 464 3
409 467 3
412 470 3
414 472 3
417 475 3
417 476 3
420 478 3
421 479 3
423 481 3
483 484 3
427 485 3
428 486 3
428 487 3
437 494 3
441 499 3
442 500 3
442 501 3
444 501 3
444 503 1
445 503 3
446 504 3
446 505 0
447 506 3
509 510 3
458 516 3
459 517 3
461 519 3
462 520 3
463 521 3
464 465 3
408 467 3
410 467 3
410 468 3
411 470 3
414 471 3
472 473 3
474 475 3
477 478 3
420 479 3
422 479 3
481 482 3
484 485 3
485 486 3
486 487 3
430 488 3
492 493 0
499 500 3
500 501 3
444 502 3
445 504 3
455 512 3
514 515 3
516 517 3
517 518 3
518 519 3
519 520 3
520 521 3
408 466 3
468 469 3
471 472 3
473 474 3
480 481 3
482 483 3
487 488 3
488 489 3
437 495 3
495 496 3
497 498 1
441 498 1
501 502 3
504 505 0
508 509 3
453 511 3
515 516 3
466 467 3
467 468 3
469 470 3
475 476 3
479 480 3
376 489 3
494 495 3
502 503 1
503 504 3
505 506 3
511 512 3
470 471 3
476 477 3
478 479 3
493 494 3
496 497 3
510 511 3
512 513 3
433 492 3
465 466 3
433 489 3
498 499 0
470 528 3
472 530 3
473 530 3
469 528 3
506 565 1
449 565 1
471 529 3
493 550 1
470 529 3
492 550 3
506 564 1
508 565 1
516 574 3
494 552 2
500 559 2
501 559 2
504 562 3
505 564 1
481 539 2
482 540 3
483 540 3
493 551 2
493 552 2
497 555 1
498 555 2
508 566 3
475 533 3
480 539 2
485 543 2
486 543 2
489 548 2
550 551 3
565 566 0
517 574 3
474 533 3
476 533 3
477 536 3
478 536 3
486 545 2
487 545 2
488 546 2
510 568 3
511 568 3
466 525 3
467 525 3
481 540 3
486 544 2
487 546 2
489 550 3
433 550 3
499 558 3
505 562 1
509 566 3
469 527 3
479 536 3
480 538 2
543 544 3
544 545 3
545 546 3
489 546 2
489 547 2
547 548 3
548 550 3
495 553 3
496 555 2
500 558 3
558 559 3
503 561 3
504 561 3
513 571 3
514 571 3
514 572 3
515 572 3
520 579 3
521 579 3
464 522 3
465 523 3
468 527 3
527 528 3
473 531 3
474 532 3
476 535 3
479 537 3
551 552 3
494 553 3
498 557 0
499 557 2
509 567 3
511 569 3
511 570 3
512 570 3
513 570 3
515 573 3
518 576 3
519 577 3
520 578 3
465 522 3
466 524 3
467 526 3
468 526 3
472 529 3
474 531 3
533 534 3
476 534 3
477 535 3
536 537 3
480 537 3
538 539 3
539 540 3
484 542 2
546 547 3
557 558 3
566 567 3
567 568 3
568 569 3
569 570 3
516 573 3
517 576 3
576 577 3
577 578 3
578 579 3
524 525 3
525 526 3
530 531 3
483 542 2
552 553 3
496 554 3
498 556 2
564 565 3
570 571 3
572 573 3
517 575 3
526 527 3
528 529 3
534 535 3
537 538 3
483 541 2
495 554 3
554 555 3
555 556 3
574 575 3
575 576 3
532 533 3
540 541 3
553 554 3
556 557 3
571 572 3
573 574 3
522 523 3
466 523 3
529 530 3
542 543 3
561 562 2
541 542 3
559 560 1
501 560 1
502 560 1
505 563 1
523 524 3
533 591 2
535 536 3
560 561 3
550 607 2
531 532 3
548 607 3
562 563 0
522 581 3
523 581 3
531 589 3
550 608 2
532 589 3
540 598 2
543 600 3
544 600 3
607 608 3
556 615 3
557 615 2
563 564 2
536 595 2
537 595 2
538 596 3
539 598 3
541 598 3
544 601 3
562 621 3
565 623 1
528 586 3
537 596 2
600 601 3
545 601 3
551 610 3
553 611 3
555 613 3
557 559 3
563 621 1
566 623 1
567 625 1
524 582 3
529 586 3
535 593 2
542 600 3
547 605 3
548 605 3
551 608 3
552 610 3
552 611 3
564 622 3
564 623 3
525 582 3
527 585 3
536 593 2
546 605 3
557 617 3
563 622 3
622 623 3
566 625 1
574 632 3
577 635 3
523 582 3
526 585 3
529 587 3
530 587 3
530 589 3
536 594 2
594 595 3
595 596 3
539 596 3
554 613 3
560 618 1
561 620 3
562 620 3
566 624 1
568 625 1
573 632 3
576 635 3
578 636 3
579 636 3
522 580 3
526 584 3
546 604 3
548 606 3
554 612 3
556 613 3
615 617 3
561 618 2
561 619 3
623 624 3
624 625 3
575 634 3
576 634 3
577 636 3
579 637 3
525 583 3
525 584 3
528 585 3
530 588 3
534 593 2
539 597 3
604 605 3
605 606 3
606 607 3
611 612 3
618 619 3
568 626 1
572 632 3
575 632 3
581 582 3
586 587 3
587 588 3
588 589 3
593 594 3
542 599 3
599 600 3
545 603 3
546 603 3
610 611 3
612 613 3
621 622 0
635 636 3
636 637 3
580 581 3
582 583 3
583 584 3
584 585 3
596 597 3
603 604 3
551 667 3
634 635 3
597 598 3
610 667 3
559 617 1
560 617 1
569 627 1
570 627 1
570 628 1
585 586 3
533 589 3
541 599 3
601 603 3
619 620 3
569 626 1
627 628 3
571 628 1
571 688 1
571 632 3
630 632 0
534 591 3
608 667 3
617 618 3
625 626 1
571 630 1
620 621 3
591 593 3
626 627 0
628 688 3
601 660 3
556 672 3
615 672 3
598 657 3
541 657 3
603 660 3
613 672 3
630 688 3
632 689 1
575 691 1
589 591 3
599 657 3
630 689 3
632 690 1
632 691 1
588 647 2
589 647 2
615 673 3
621 680 1
621 623 2
634 691 1
585 642 2
672 673 3
619 677 3
689 690 3
580 638 2
584 642 3
586 642 2
589 648 2
656 657 3
606 664 3
607 664 3
618 675 3
690 691 3
647 648 3
598 656 3
617 675 3
623 680 1
646 647 3
591 650 3
621 678 3
621 679 1
691 692 3
634 692 1
591 648 3
593 650 3
597 656 3
600 659 3
610 668 3
618 677 3
620 678 3
586 644 1
601 659 3
667 668 3
678 679 3
679 680 3
623 625 3
581 638 2
642 644 3
587 645 1
588 646 1
596 652 3
603 661 3
604 661 3
607 665 3
617 674 3
626 684 2
582 640 2
644 645 3
591 649 3
597 652 3
660 661 3
608 665 3
611 669 3
612 670 3
613 670 3
615 674 3
620 677 3
635 694 3
636 694 3
637 695 3
583 640 2
587 646 1
648 649 3
649 650 3
593 651 3
595 652 3
597 655 3
600 658 3
659 660 3
604 662 3
604 663 3
605 663 3
664 665 3
610 669 3
611 670 3
677 678 3
638 639 3
581 639 2
584 640 2
650 651 3
594 652 3
655 656 3
658 659 3
662 663 3
606 663 3
608 666 3
625 684 3
627 684 1
634 693 1
582 639 2
640 642 3
645 646 3
661 662 3
665 666 3
666 667 3
623 681 1
623 684 3
635 693 1
694 695 3
642 643 3
593 652 3
669 670 3
623 682 3
627 685 1
628 685 1
693 694 0
643 644 3
663 664 3
668 669 3
673 674 3
680 681 3
681 682 3
682 684 3
685 688 0
600 657 3
674 675 3
684 685 3
651 652 3
670 672 3
675 677 3
657 658 3
688 689 3
639 640 3
652 711 1
652 712 1
597 712 3
711 712 3
655 712 3
675 734 3
677 734 3
688 744 1
688 745 1
675 733 3
685 744 3
640 643 3
674 733 3
682 741 2
670 729 1
744 745 3
688 746 1
692 693 3
684 741 2
688 747 1
746 747 3
657 715 3
670 728 3
672 729 1
689 747 1
643 700 3
649 707 3
658 715 3
745 746 3
694 752 1
640 700 3
650 707 3
652 710 3
659 717 3
666 725 3
667 725 3
669 728 3
677 794 3
682 739 2
693 752 3
645 703 3
646 703 3
651 710 3
660 717 3
684 742 3
692 751 3
639 697 3
656 714 3
690 747 1
693 751 3
640 699 3
644 703 3
655 714 3
672 731 3
673 731 3
674 732 3
733 734 3
677 679 3
681 739 3
685 742 3
747 748 3
643 702 3
644 702 3
657 714 3
664 723 3
665 723 3
669 727 3
728 729 3
732 733 3
680 738 3
690 748 1
695 752 1
638 696 3
640 697 3
640 698 3
710 711 3
712 714 3
660 718 3
661 719 3
662 720 3
663 721 3
664 722 3
665 724 3
666 724 3
668 727 3
679 738 3
681 738 3
691 748 1
639 696 3
647 704 3
648 707 3
650 709 3
651 709 3
714 715 3
658 716 3
658 717 3
717 718 3
718 719 3
719 720 3
720 721 3
721 722 3
723 724 3
668 725 3
729 788 3
672 788 3
731 732 3
739 798 3
682 798 2
695 753 1
697 698 3
698 699 3
646 704 3
715 716 3
722 723 3
668 726 3
727 728 3
734 794 3
741 742 3
685 743 3
692 748 1
692 807 1
751 752 3
702 703 3
648 704 3
713 714 3
716 717 3
725 726 3
726 727 3
738 739 3
741 798 3
748 807 3
752 753 3
648 705 3
648 706 3
707 709 3
712 713 3
743 744 3
709 710 3
724 725 3
700 702 3
703 704 3
704 705 3
679 794 3
751 807 1
751 809 1
699 700 3
706 707 3
705 706 3
742 743 3
705 763 3
713 771 3
714 771 3
679 795 3
793 794 3
738 795 3
807 809 3
696 697 3
731 788 3
794 795 3
700 759 3
734 793 3
753 811 1
702 759 3
807 808 3
808 809 3
742 800 3
743 800 3
752 810 1
753 810 1
706 763 3
712 769 3
734 792 3
810 811 3
700 758 3
704 762 2
704 763 2
711 769 3
712 770 3
729 787 3
733 792 3
751 810 1
699 757 3
699 758 3
702 760 3
703 761 3
713 770 3
728 787 3
732 790 3
733 790 3
741 800 3
698 757 3
703 760 3
704 761 3
761 762 2
707 765 3
709 765 3
709 766 3
710 766 3
719 778 3
720 778 3
696 754 3
697 755 3
762 763 3
706 764 3
770 771 3
722 781 3
723 781 3
724 782 3
725 782 3
727 786 3
728 786 3
733 791 3
741 799 3
697 754 3
698 755 3
757 758 3
707 764 3
769 770 3
714 772 3
715 772 3
715 773 3
716 773 3
717 775 3
718 776 3
719 776 3
719 777 3
721 779 3
722 780 3
725 783 3
727 785 3
731 789 3
790 791 3
791 792 3
792 793 3
739 797 3
798 799 3
799 800 3
745 803 1
746 804 1
758 759 3
759 760 3
760 761 3
764 765 3
765 766 3
771 772 3
716 774 3
775 776 3
778 779 3
779 780 3
780 781 3
781 782 3
782 783 3
726 783 3
726 784 3
727 784 3
785 786 3
786 787 3
787 788 3
731 790 3
744 803 1
745 804 1
747 806 3
748 806 3
806 807 3
809 810 3
766 768 3
710 768 3
772 773 3
773 774 3
774 775 3
776 777 3
777 778 3
784 785 3
788 789 3
710 769 2
783 784 3
789 790 3
738 797 3
744 800 3
747 804 1
754 755 3
797 798 3
803 804 3
747 805 1
805 806 0
763 764 3
800 801 1
744 801 1
804 805 3
768 769 3
738 854 3
795 854 3
805 864 3
755 757 3
744 860 1
787 845 3
797 854 3
798 856 3
801 860 2
803 860 3
766 825 3
768 825 3
786 845 3
797 856 3
809 867 1
810 867 1
771 828 3
807 865 1
760 818 1
760 819 1
761 819 1
770 828 3
794 852 3
801 859 2
806 865 1
757 815 3
759 817 1
762 819 1
771 829 3
793 852 3
806 864 1
754 813 3
755 813 3
755 814 3
758 815 3
760 817 1
818 819 3
792 850 3
864 865 3
755 815 3
763 822 2
764 822 3
769 827 3
770 827 3
828 829 3
772 829 3
786 844 3
787 789 3
791 850 3
799 856 3
810 868 1
811 868 1
814 815 3
758 817 1
772 830 3
776 834 3
782 840 3
784 842 3
785 844 3
794 853 3
795 853 3
854 855 3
797 855 3
799 857 3
808 866 3
768 826 3
769 826 3
773 830 3
775 834 3
777 834 3
783 840 3
785 842 3
789 847 3
790 847 3
790 848 3
791 848 3
792 851 3
793 851 3
856 857 3
800 859 3
859 860 3
807 866 3
867 868 3
754 812 3
813 814 3
758 816 2
763 821 2
764 823 2
765 823 3
766 823 3
766 824 3
773 831 3
774 832 3
775 833 3
777 835 3
778 836 3
779 837 3
780 838 3
781 839 3
783 841 3
783 842 3
785 843 3
847 848 3
791 849 3
852 853 3
853 854 3
804 862 3
805 862 3
808 867 1
868 869 3
811 869 1
812 813 3
816 817 1
762 821 2
821 822 3
824 825 3
829 830 3
830 831 3
831 832 3
832 833 3
833 834 3
834 835 3
778 835 3
836 837 3
837 838 3
838 839 3
839 840 3
841 842 3
842 843 3
844 845 3
848 849 3
850 851 3
803 861 3
865 866 0
866 867 3
815 816 2
817 818 3
823 824 3
826 827 3
827 828 3
851 852 3
800 857 3
803 862 3
822 823 3
835 836 3
840 841 3
843 844 3
787 847 3
849 850 3
800 858 3
858 859 3
762 820 1
825 826 3
860 861 3
861 862 3
855 856 3
819 820 3
820 821 3
805 921 3
862 921 3
864 921 3
787 904 3
857 858 3
845 904 3
865 923 3
866 923 1
847 904 3
816 874 2
817 874 3
818 876 3
824 882 3
825 882 3
855 913 3
856 914 3
857 914 3
864 923 3
819 876 3
820 878 3
827 885 3
844 903 3
845 903 3
854 912 3
854 913 3
859 917 3
814 872 3
815 873 1
819 877 3
819 878 3
821 878 3
822 880 3
823 880 3
828 885 3
847 906 3
848 906 3
849 907 3
857 916 3
858 916 3
858 917 3
859 918 3
860 918 3
864 922 3
813 872 3
815 872 3
876 877 3
821 879 3
823 881 3
824 881 3
833 892 3
834 892 3
850 907 3
853 912 3
912 913 3
855 914 3
857 915 3
917 918 3
861 918 3
861 919 3
922 923 3
868 926 1
812 870 3
813 871 3
816 873 1
874 875 3
817 875 3
818 875 3
822 879 3
825 883 3
826 883 3
828 886 3
829 887 3
830 888 3
831 889 3
832 890 3
833 890 3
834 893 3
835 893 3
836 893 3
836 894 3
837 895 3
838 896 3
839 897 3
840 898 3
841 899 3
842 900 3
843 901 3
844 902 3
847 964 3
850 908 3
851 909 3
852 910 3
853 911 3
914 915 3
866 924 3
867 925 2
867 926 1
869 926 1
869 927 1
870 871 3
871 872 3
872 873 0
826 884 3
826 885 3
885 886 3
886 887 3
887 888 3
888 889 3
889 890 3
833 891 3
894 895 3
895 896 3
896 897 3
897 898 3
898 899 3
899 900 3
900 901 3
901 902 3
904 964 3
906 907 3
907 908 3
908 909 3
909 910 3
910 911 3
913 914 3
916 917 3
861 920 3
862 920 3
921 922 3
924 925 3
873 874 2
877 878 3
878 879 3
879 880 3
881 882 3
890 891 3
902 903 3
903 904 3
915 916 3
926 927 3
875 876 3
883 884 3
884 885 3
892 893 3
906 964 3
923 924 0
925 926 1
882 883 3
891 892 3
893 894 3
911 912 3
880 881 3
919 920 3
920 921 3
918 919 3
904 963 3
963 964 3
881 939 3
882 939 3
923 981 3
922 981 3
924 981 2
879 937 3
904 962 3
875 933 3
876 933 3
878 937 3
880 937 3
880 939 3
903 962 3
962 963 3
914 972 3
877 935 3
913 972 3
917 975 3
925 983 1
926 983 3
876 935 3
883 941 3
884 941 3
893 951 3
915 972 3
916 975 3
920 979 3
921 979 3
921 980 3
922 980 3
885 944 3
886 944 3
892 951 3
906 965 3
907 965 3
908 965 3
908 967 3
909 967 3
918 975 3
870 928 1
872 930 1
873 931 1
874 932 3
877 936 3
878 936 3
936 937 3
882 940 3
884 942 3
885 943 3
887 945 3
888 946 3
889 947 3
890 948 3
891 949 3
892 950 3
894 952 3
895 953 3
896 954 3
897 955 3
898 956 3
899 957 3
900 958 3
901 959 3
902 960 3
903 961 3
910 968 3
911 969 3
912 970 3
913 970 3
913 971 3
915 973 3
916 974 3
918 976 3
919 977 3
919 978 3
920 978 3
926 984 3
927 985 3
871 928 1
871 930 1
930 931 3
874 931 1
932 933 3
940 941 3
941 942 3
942 943 3
944 945 3
945 946 3
946 947 3
947 948 3
948 949 3
949 950 3
950 951 3
951 952 3
952 953 3
953 954 3
954 955 3
898 955 3
956 957 3
900 957 3
958 959 3
959 960 3
960 961 3
967 968 3
968 969 3
969 970 3
970 971 3
972 973 3
973 974 3
974 975 3
976 977 3
979 980 3
983 984 3
984 985 3
871 929 1
876 934 3
934 935 3
939 940 3
955 956 3
957 958 3
980 981 3
929 930 3
935 936 3
943 944 3
971 972 3
975 976 3
924 983 2
928 929 3
977 978 3
981 983 3
961 962 3
964 965 3
965 967 3
937 939 3
978 979 3
933 934 3
931 932 3
937 996 3
939 996 3
965 1024 3
967 1024 3
981 1039 3
983 1039 3
984 1043 3
985 1043 3
983 1040 3
963 1021 3
963 1022 3
964 1022 3
1039 1040 3
984 1042 3
935 993 3
937 995 3
995 996 3
955 1013 3
956 1013 3
962 1020 3
962 1021 3
965 1023 3
976 1035 3
977 1035 3
983 1041 3
983 1042 3
936 993 3
951 1009 3
960 1018 3
961 1020 3
964 1023 3
980 1038 3
932 990 3
934 992 3
940 998 3
941 998 3
944 1002 3
945 1002 3
947 1005 3
948 1005 3
949 1007 3
950 1007 3
952 1009 3
961 1018 3
979 1037 3
981 1038 3
933 990 3
935 992 3
954 1012 3
955 1012 3
957 1015 3
958 1015 3
959 1017 3
971 1030 3
972 1030 3
974 1032 3
975 1034 3
976 1034 3
980 1037 3
928 986 3
929 987 3
930 988 3
931 989 3
932 989 3
933 991 3
936 995 3
939 997 3
939 998 3
941 999 3
942 1000 3
943 1001 3
946 1005 3
948 1006 3
950 1008 3
952 1010 3
953 1011 3
956 1014 3
958 1016 3
959 1016 3
960 1017 3
1021 1022 3
967 1025 3
968 1026 3
969 1027 3
970 1028 3
971 1028 3
973 1031 3
975 1032 3
975 1033 3
1034 1035 3
978 1035 3
978 1036 3
1037 1038 3
1038 1039 3
1041 1042 3
1042 1043 3
986 987 3
987 988 3
988 989 3
990 991 3
991 992 3
996 997 3
998 999 3
999 1000 3
1000 1001 3
1001 1002 3
1005 1006 3
1006 1007 3
1008 1009 3
1009 1010 3
1010 1011 3
1011 1012 3
1013 1014 3
1014 1015 3
1022 1023 3
1024 1025 3
1025 1026 3
1026 1027 3
1027 1028 3
1030 1031 3
1031 1032 3
1032 1033 3
1033 1034 3
1035 1036 3
1036 1037 3
1040 1041 3
989 990 3
992 993 3
997 998 3
1012 1013 3
1015 1016 3
1016 1017 3
1017 1018 3
1020 1021 3
1007 1008 3
1023 1024 3
945 1005 3
1018 1020 3
1028 1030 3
993 995 3
