0.000567036 0.0242535 8.73097
0.0153605 0.0223877 8.44302
-0.00329412 0.0260989 9.00302
0.0129528 0.0211052 8.27072
0.00915586 0.00425775 9.19357
0.00460448 0.0320195 9.37378
0.0118918 -0.0216744 9.45207
0.00497571 -0.0249669 10.6192
0.00270424 -0.0446177 11.2793
-0.00149716 -0.0588727 12.2283
-0.0106332 -0.109426 15.2719
0.0194291 -0.161548 8.92121
0.0655015 -0.180671 -2.70301
0.0566804 -0.163152 0.0851386
0.0431357 -0.113978 3.26415
0.0178766 -0.0718024 10.5078
0.00402346 -0.0434609 14.7024
-0.0450053 -0.0181079 33.1414
-0.064522 -0.0158062 40.8752
-0.0574064 0.0571479 35.4918
-0.00769607 0.0918803 13.9995
-0.0196213 0.0949837 19.609
-0.0546796 0.0801825 36.8156
-0.0312354 0.072563 25.0748
0.00269446 -0.0343999 9.00607
0.0284922 -0.072248 -3.66824
0.0560369 -0.0601383 -20.7816
0.0247824 -0.0808152 -1.3665
-0.0304213 -0.0835391 31.2969
-0.0510201 -0.113145 44.9488
-0.200765 -0.222239 148.894
0.0128622 -0.289409 8.84159
0.0484826 -0.152853 -16.3612
0.121793 0.0473591 -69.5827
-0.0247684 -0.558308 38.5423
0.0519561 -0.0376203 -28.6111
0.0225345 -0.0186897 -6.22109
0.0173817 0.0105194 -2.70398
0.0454206 0.0291501 -26.1086
0.0532777 0.0160227 -32.5477
0.0329496 0.0299293 -15.1154
0.0179328 -0.000807326 6.60138
0.0379736 0.0382823 -19.3907
0.0333636 0.0551022 -15.1854
0.0510696 0.0349784 -32.1104
0.0771251 0.0872995 -58.2473
0.0914866 0.104498 -72.6097
0.0633759 0.0367543 -42.9423
0.0365255 0.0550955 -15.6984
0.0778036 0.00876622 -49.9356
0.0452485 -0.0190867 -14.1523
-0.0133209 -0.00971932 50.7915
0.00297846 0.0507892 30.9445
0.0376546 0.0120671 -7.71559
0.0227005 -0.0181438 10.3444
0.0440725 0.00130127 -15.5333
0.0864887 -0.00514383 -66.4647
0.0892848 0.00443473 -69.8832
0.018163 -0.00682649 9.27439
0.0138575 2.36564e-05 9.32802
0.00124871 0.000655832 9.49566
0.0104473 0.00391388 9.1556
0.00391072 -0.00193998 9.91471
-0.000202525 -0.00751054 10.425
-0.0021052 -0.0298552 11.5366
0.00282074 -0.0409901 10.7265
-0.0184953 -0.0676459 15.468
-0.0135405 -0.0892223 15.1092
-0.0305208 -0.0874093 19.2484
-0.02265 -0.150766 18.6775
0.0346986 -0.184774 5.32282
0.00978975 0.0801534 7.3563
0.0365953 -0.112555 5.08378
0.0327825 -0.117817 7.29073
0.0165521 -0.0501958 10.7068
-0.0127992 -0.0119999 20.6083
-0.030753 0.0147479 26.3918
-0.00983251 0.0362002 16.5487
-0.0185444 0.057027 19.7625
-0.0260425 0.0657972 23.6117
-0.0515992 0.0628323 35.8974
-0.054081 0.0998828 35.8302
-0.0592012 -0.0450166 41.9392
0.0120555 -0.0703782 4.67432
0.0273366 -0.0770449 -3.17909
6.96876e-05 -0.141076 15.4347
-0.043533 -0.1131 40.4233
-0.0521508 -0.105138 45.2516
-0.174625 0.0113221 120.948
-0.0359335 -0.193178 37.8735
-0.145399 -0.17832 113.247
0.0494242 0.0561508 -35.1897
0.0837609 -0.0199827 -53.3875
0.0601173 -0.00787316 -35.6499
0 0 -1
0.0287022 0.000554222 -11.5126
0.0379511 0.021182 -19.8211
0.0647634 0.0283025 -42.8258
0.064642 0.0444524 -43.1721
-0.00533991 0.0037876 27.2189
0.0289449 0.0381135 -10.738
0.0368289 0.0368688 -18.0279
0.0615383 0.0412834 -42.018
0.102155 0.0546677 -80.8959
0.071711 0.0444156 -51.0101
0.0348469 0.0264202 -13.7063
0.0735455 0.026799 -53.6532
0.0776301 -0.0127415 -48.5139
0.0383321 0.00454609 -6.86285
0.00390488 0.00935366 31.2774
0.0114055 0.0148564 22.6242
0.0150254 0.024243 17.6683
0.0349381 0.0128092 -4.62253
0.0434018 0.00976848 -14.7757
0.0499019 0.0385021 -23.8622
0.105291 -0.00176545 -89.7167
0.0272723 -0.00938681 9.13757
0.0256215 -0.0190814 9.38833
0.0158589 -0.014103 9.04146
0.0130135 -0.00641086 9.05912
-0.0136772 -0.00606776 11.7046
-0.0243008 -0.0324619 14.0021
-0.0120125 -0.0547854 13.7477
-0.0248955 -0.0585686 15.636
-0.043626 -0.0754462 19.7959
-0.0349061 -0.0820283 18.3841
-0.00300082 -0.0899986 11.1103
0 0 -1
-0.0110223 -0.0937169 13.1282
0.029059 -0.0564264 -0.487927
0.0952065 -0.179586 -11.5189
0.0650621 -0.188397 -1.39085
0.0375475 -0.0694967 3.18335
0.0369614 0.00583282 0.482758
-0.0189058 0.0208705 21.4858
0.00467479 0.0587287 9.70533
0.0135755 0.0341817 6.90399
-0.015733 0.0384057 21.6988
0.0115035 -0.0840683 4.77919
0.0287564 -0.11936 -2.09806
0.0226302 -0.117204 1.25105
0.0218133 -0.0992656 0.577509
0.0205197 -0.0942869 1.12309
-0.0017837 -0.113857 15.2292
-0.0442521 -0.102679 40.4282
-0.0608972 -0.1043 50.739
-0.0481355 -0.10211 42.0847
-0.0114947 -0.0599237 15.5199
-0.0504004 -0.00473885 39.271
0.00277843 0.0436254 -0.705287
0.128066 0.027002 -89.9137
0.101528 0.0126839 -68.8249
0.0407652 0.0105729 -21.3898
0.0309429 0.01392 -13.8796
0.0455843 0.0193257 -26.0625
0.06744 0.0318332 -45.3112
0.0930084 0.0344203 -67.1872
0.012804 0.00277825 11.0442
0.026721 0.0159469 -7.68219
0.0327562 0.0374939 -14.7341
0.0704252 0.0253651 -50.0726
0.0777131 0.0271535 -56.6318
0.0292851 0.0178086 -7.2645
0.0134997 -0.000652029 9.19261
0.0442671 0.00302141 -22.3769
0.0801716 -0.0425616 -50
0.0323009 -0.0230527 1.31677
0.0219667 -0.0188201 12.0482
0.0239111 -0.0203098 10.2533
0.0176582 -0.00464609 16.1939
0.0332525 -0.00945275 -1.95728
0.0472665 0.00425322 -18.8852
0.0338513 0.0153066 -3.08489
0.103067 0.00177683 -87.0709
0.0092262 0.0180221 7.55161
0.0616615 -0.000726212 7.46399
0.0019276 0.00824267 8.57279
0.0159254 0.00192598 8.56599
-0.0189251 -0.000530888 11.7875
-0.0504782 0.00153279 14.8055
-0.0427782 -0.0136505 14.9615
-0.0327438 -0.0145033 13.8422
-0.0252248 0.0262038 8.58912
-0.0164784 0.0370773 5.23446
-0.0274342 -0.0118601 11.7194
-0.0172097 -0.0131429 9.85765
-0.00342388 -0.0121203 6.21705
0.000886311 -0.0014195 4.11287
0.0397188 -0.0816751 -1.58132
0.0233653 -0.0878836 3.93169
-0.0114634 -0.00288811 8.63647
-0.0200855 0.0013815 11.5249
-0.0231263 0.000490081 12.7003
0.000234288 -0.0345419 6.17116
0.00628955 -0.0351884 3.87159
-0.0028197 -0.034519 7.55295
0.0148794 -0.0643645 1.34318
0.0252515 -0.058689 -4.89754
0.0363814 -0.0637114 -10.1579
0.0307173 -0.0646844 -6.61778
0.0164004 -0.0648169 1.21054
-0.0192001 -0.0898354 24.3835
-0.0360649 -0.0757947 33.836
-0.0416553 -0.0715526 35.5138
-0.018263 -0.0742712 20.5619
0.0211534 -0.0122006 -9.74961
0.0186592 0.0267579 -10.9506
0.0452109 0.0447156 -31.4811
0.130175 0.058525 -94.0427
0.073516 0.0223549 -47.6401
0.0395885 0.0144978 -20.8172
0.0386592 0.0220303 -20.7612
0.0561233 0.0317596 -35.898
0.0839617 0.0505448 -60.293
0.169586 0.0258329 -132.429
0.177381 0.0255515 -139.314
-0.19961 0.0589003 200.255
0.0422382 0.0630093 -24.6028
0.0427999 0.01322 -21.1312
0.0539009 0.0339896 -33.5834
0.0602645 0.010314 -38.0862
0.0391719 0.0138146 -17.2693
0.131263 -0.094929 -100.42
0.0859402 -0.0582548 -55.1926
0.0650491 -0.0692103 -32.138
0.0317026 -0.0486441 3.08978
0.0305712 -0.03353 3.24532
0.0320812 -0.00495852 -1.10424
0.0478135 0.00751847 -20.2402
0.0510086 0.010089 -25.0206
0.0580346 -0.0169506 -30.8518
0.0638197 -0.013942 -38.109
0.00533703 0.0130383 8.48283
0.00333584 0.0241705 7.436
0.00025314 0.012515 8.57061
0.00684548 9.90255e-05 9.55659
-0.0265497 -0.00266577 12.7851
-0.0624466 0.00133427 16.2396
-0.0325574 -0.00407341 12.9445
-0.0199377 0.0233285 8.5387
-0.0576469 0.0389076 14.4456
-0.038013 0.056206 7.77801
-0.00571631 0.0106064 5.13431
-0.0080121 0.0125506 5.62056
-0.00643362 0.00069588 6.29944
-0.014073 0.00511285 8.11339
0.00244825 0.00349422 3.0913
0.00543355 -0.00283097 2.77334
-0.00656122 0.00190417 6.54511
-0.0191276 0.00544156 10.8504
-0.0118336 -0.00501789 8.65939
-0.00412365 -0.0144063 6.35156
0.00388121 -0.0235738 3.95708
-0.0186375 -0.0266875 14.2522
0.00487434 -0.0239744 2.58364
0.0305566 -0.0208184 -10.8387
0.0253573 -0.0155271 -8.8858
0.0289684 -0.0285458 -8.71096
0.0101375 -0.0289331 1.71647
-0.0137452 -0.0369151 16.7225
-0.0201241 -0.0347848 20.428
-0.020353 -0.0265397 19.1367
0.00183169 -0.016858 3.68437
0.0240797 0.00618134 -13.079
0.0369083 0.022461 -23.5935
0.0720201 0.0435369 -50.8685
0.123433 0.0478637 -87.9115
0.0745058 0.0273192 -48.4651
0.0455466 0.0324684 -26.8829
0.0536093 0.0398862 -34.3078
0.0821293 0.0603358 -60.0623
0.0885563 0.052889 -64.5084
0.0920136 0.0410533 -66.5672
0.141466 0.00477193 -105.155
0.108355 -0.00328248 -74.3848
0.0471704 -0.00546036 -16.5965
0.0377175 0.025046 -17.4097
0.0504178 0.00625582 -27.9532
0.0525663 0.0119945 -30.9616
0.0553695 0.012993 -33.5622
0.232107 -0.00931541 -214.889
0.12764 -0.0461503 -100.953
0.0395188 -0.00503288 -10.4158
0.0208225 -0.0386025 13.6939
0.0475454 0.0872952 -30.8794
0.0611371 -0.00935647 -34.7159
0.0410071 0.0132183 -12.4203
0.0336971 -0.00736366 -2.13256
0.0420418 -0.0272245 -10.7305
0.0643559 -0.029444 -37.5826
0.0182281 0.00158508 9.35873
-0.00801111 -0.0015519 10.5013
-0.0036863 0.000679193 9.93959
-0.00169807 -0.00490281 10.5909
-0.0275355 -0.00256304 12.6025
-0.051364 0.0105852 13.3915
-0.0244816 -0.00220384 11.71
-0.00759934 0.0142895 7.46787
-0.0299817 0.0344078 9.31058
-0.0410465 0.0494802 9.76086
-0.0240219 0.0509618 5.39487
-0.0278819 0.0412583 7.3976
-0.0237788 0.0211668 8.73516
-0.00796156 0.0091035 5.72337
-0.00706588 0.0158986 4.92731
-0.00418694 0.00491588 5.27895
-0.00195863 -0.00556847 5.76127
-0.0127479 0.00026109 9.00603
-0.0276546 0.0117349 13.4496
-0.0130263 -0.00242381 8.80154
-0.00967406 -0.0141938 8.74075
-0.0141264 -0.0149443 10.7318
0.00153017 -0.010596 2.48088
0.0196752 -0.0177415 -5.59348
0.0414729 -0.0233131 -16.1691
0.0193901 -0.0463658 -1.0068
-0.00488184 -0.0378468 10.7875
0.00330944 -0.0508949 7.63453
-0.00570413 -0.0445125 12.8903
-0.0190579 -0.0295006 18.7345
0.023751 -0.00392514 -12.3539
0.0410686 0.0033864 -24.3507
0.0466279 0.00778545 -28.772
0.0918695 0.018224 -62.4646
0.118167 0.00950787 -79.8939
0.0711989 0.0124417 -44.8194
0.0498105 0.0229498 -29.3549
0.0588792 0.0325362 -37.9139
0.0959333 0.0475744 -70.3613
0.0986954 0.0180077 -68.0289
0.168449 0.0267958 -132.304
0.123514 -0.000805441 -88.2714
0.1061 -0.0178088 -70.8956
0.0292733 -0.00106107 -0.209622
0.0405584 -0.00964583 -16.0707
0.0438041 0.0106777 -21.9158
0.0525864 0.0126237 -30.6444
0.0654095 0.0214608 -45.0685
0.126802 -0.0205302 -103.929
0.1307 -0.0401914 -104.971
0.0900051 -0.0324166 -61.6951
0.0239545 0.012509 5.33872
0.0643274 0.00747269 -40.2101
0.109463 -0.000481746 -90.7384
0.0609521 -0.00382058 -33.245
0.0222636 0.0200326 9.16502
0.00443376 0.0171911 30.4556
0.0320937 0.0227548 -5.05125
-0.000165053 0.000214422 9.42503
0.0122663 -0.0134571 11.1978
0.0101117 -0.00315293 9.81775
0.00235773 -0.00109838 9.89912
-0.0186136 0.00193174 11.2101
-0.0245514 0.0199935 9.14986
0.00449129 0.0260539 3.82289
-0.00710949 0.0398178 3.91584
-0.0304348 0.0223969 10.3293
-0.00605465 0.0157992 6.77596
-0.0285275 0.0359309 8.73499
-0.0302545 0.0384487 8.44419
-0.0387819 0.03503 11.2508
-0.024205 0.033754 7.20443
-0.0143405 0.0137262 7.37734
-0.0130029 -0.000465559 8.3669
0.0120226 0.00457485 -0.827345
-0.0171258 -0.00527769 11.5934
-0.0261957 0.00155648 14.4213
-0.0302838 -0.000983031 16.1126
-0.0184282 -0.00687555 11.7898
-0.0113076 -0.0166023 9.66309
-0.000665637 -0.00192833 2.75642
-0.00380017 -0.00895429 5.24127
-0.00158831 -0.0266507 6.70554
0.00594717 -0.0317393 4.70665
0.00251466 -0.061809 9.73265
0.00252909 -0.0602914 9.51654
6.81504e-05 -0.0239299 6.16771
0 0 -1
0.0186061 -0.00256721 -9.05839
0.0482421 -0.00795454 -27.886
0.0711677 0.00543972 -45.699
0.0948945 0.00847159 -63.1758
0.10449 0.0042664 -69.3575
0.0865798 0.0053837 -55.689
0.0546845 0.0030401 -30.7242
0.0717338 0.0013206 -44.4556
0.130116 0.0196111 -94.3331
0.108166 0.00741653 -74.8425
0.0867794 0.0218417 -59.2984
0.134212 0.0154839 -100.163
-0.203495 -0.0212455 210.747
0.0910238 -6.1378e-05 -65.5931
0.0566311 -0.00821534 -31.8618
0.0631797 0.00924001 -40.7519
0.0545989 0.0162651 -32.788
0.0555955 0.0220862 -34.7
0.0682542 0.000313528 -45.1025
0.126985 -0.0826193 -94.8235
0.0885694 -0.055608 -56.8206
0.0379542 -0.0369806 -4.22998
0.0284241 -0.0181343 3.57999
0.116988 -0.0223739 -97.3436
0.084345 -0.0612202 -53.1723
0.0201769 0.00202911 13.9126
0.0223451 0.0226821 7.70533
0.0696506 0.023621 -50.6154
0.00490009 0.0114873 7.77173
0.00697018 0.00277169 8.96155
0.00677078 -0.00344466 9.69404
0.0102286 0.00494915 8.23189
-0.00852985 0.0125738 8.6354
-0.0123778 0.0268448 6.52731
-0.00380433 0.0319312 4.26652
0.0200046 0.050205 -1.65659
-0.0297089 0.0697405 3.01529
-0.0146924 0.0296393 6.43893
-0.0176854 0.0409831 5.24005
-0.0327075 0.0457329 7.97053
-0.0442313 0.0488226 10.6688
-0.0265254 0.0409483 6.43994
-0.0139481 0.0426298 2.59475
-0.0100585 0.0462062 0.684264
-0.00897235 0.0347158 2.2842
-0.0333619 0.0127098 14.908
-0.0243269 -0.00336772 13.8757
-0.0254669 0.024007 9.81288
-0.0204339 -0.00285738 11.9151
-0.00738781 0.0061043 4.59369
-0.000251177 0.0164312 -0.479627
-0.00741044 0.00605515 4.7032
-0.0111655 -0.0136737 9.55906
-0.00844918 -0.0215615 9.09359
0.00247424 -0.0280786 3.95179
0.00516395 -0.0522016 6.72958
0.00191501 -0.00789835 7.99207
-0.0170557 -0.00261579 18.8632
0.00624118 -0.00205158 -0.888916
0.0335616 0.00517984 -20.1276
0.0611972 -0.00620685 -37.1208
0.0894997 -0.0115815 -56.356
0.112976 -0.0113982 -73.2951
0.0924765 -0.00176228 -59.3297
0.0570592 -0.00487244 -31.5006
0.0549195 -0.00481938 -30.0356
0.0979432 -0.0289209 -61.5261
0.102867 -0.0174485 -67.3479
0.101548 -0.013394 -66.9906
0.125722 -0.00819855 -88.9463
-0.227309 -0.0112079 231.686
0.0905374 0.00800597 -66.5718
0.0773516 0.0135713 -55.0109
0.0686562 0.0142383 -46.5047
0.0493775 0.00705578 -26.1649
0.0565483 0.00358565 -32.7437
0.0486728 -0.00490645 -23.4668
0.0820815 -0.0422707 -53.2103
0.0653214 -0.0628663 -31.6624
0.0685785 -0.0537274 -36.397
0.0448119 -0.0369888 -12.1755
0.0837225 -0.0299292 -57.8798
0.0654418 -0.0477031 -33.6423
0.0391382 -0.0402361 -3.22729
0.0298253 -0.0114768 3.39083
0.079505 -0.00701472 -58.0153
0.0103666 0.0239471 5.47755
-0.00289036 0.02181 5.823
0.000218616 0.0186413 5.88499
0.0132175 0.0180669 5.58337
0.0126101 0.0502108 -0.154384
0.00316642 0.0564416 -0.877942
0.00210303 0.0336866 3.49178
0.0180003 0.177948 -22.7439
-0.0353715 0.132178 -3.13098
-0.0510592 0.172666 -8.84901
-0.0423044 0.320603 -37.9294
-0.0626033 0.118021 2.70951
-0.0364637 0.0701167 4.77604
-0.0247162 0.0773761 0.110007
-0.0154123 0.0815804 -3.28289
-0.030226 0.0511756 6.52094
-0.0160024 0.0872992 -4.86705
-0.0486967 0.0462687 14.6742
-0.0205793 0.0487071 3.10411
-0.00435871 0.18668 -29.0893
-0.0120453 0.058424 -2.52404
0.0207919 0.0898478 -23.0985
0.00799815 0.0862408 -16.3702
0.00119088 0.151748 -25.3148
-0.0123835 0.0441544 0.492951
-0.015617 0.248064 -34.2663
-0.00165552 0.302605 -52.7614
0.00699714 0.289574 -55.107
-0.00563265 -0.0138808 13.798
-0.0406326 -0.00856202 35.0244
-0.0686971 0.0292755 44.4642
0.0242216 0.0223906 -16.4345
0.0427548 0.01528 -28.2205
0.0904208 -0.0128056 -56.9243
0.12471 0.00242326 -84.6246
0.0889442 0.0122866 -59.313
0.0560111 0.012265 -33.6874
0.0434372 0.0187204 -24.9534
0.0792773 0.00128427 -51.3206
0.0894265 -0.00122517 -59.2206
0.108958 -0.00625274 -75.3111
0.141308 -0.00425526 -103.434
-0.245805 0.0191655 242.759
0.10363 0.00127414 -70.0128
0.0697642 0.0152484 -47.8268
0.0581498 0.0277594 -38.7002
0.0542337 0.0127884 -32.1203
0.0457575 0.000790302 -21.2057
0.0386961 0.00179654 -14.1904
0.039299 -0.0180386 -11.1844
0.0531154 -0.0504857 -20.3287
0.0777384 -0.0559156 -46.2954
0.0793561 -0.0419064 -50.4274
0.0757643 -0.0587991 -43.4164
0.0754727 -0.0517735 -44.3824
0.0745703 -0.0160752 -50.033
0.0591276 0.0160922 -37.2344
0.0391464 0.00679968 -10.9967
-0.0058787 0.0937048 -8.31481
-0.0123537 0.106027 -10.6501
0.00856761 0.061758 -2.62643
0.0270777 0.0777187 -7.07685
0.0903324 0.119034 -21.5004
0.112575 0.155948 -30.5264
0.0258825 0.0684502 -0.74325
0.0094561 0.046989 6.21821
-0.0298389 0.0498027 12.0629
-0.0764271 0.0643128 18.8391
-0.0889779 0.0411002 26.4442
-0.118476 0.0869303 23.1437
-0.0688319 0.0747304 12.6417
-0.0283636 0.0894336 -1.45961
-0.0212043 0.102045 -5.96203
-0.0101939 0.121996 -13.5726
-0.0185643 0.155369 -16.878
-0.0183084 0.344982 -55.7778
0.030885 0.33634 -73.6647
0.0177852 0.340817 -69.4261
-0.00151788 0.343172 -61.2414
0.00804963 0.344275 -65.5357
-0.00590951 0.352397 -60.9626
-0.00457895 0.28113 -46.5673
-0.00744083 0.302843 -49.5355
-0.00473509 0.29447 -49.1543
-0.0140377 0.292717 -43.4257
0.00514776 0.290127 -54.1195
0.0115504 0.278948 -55.6116
0.0050146 0.289902 -53.8897
-0.0353821 0.278803 -25.0564
0.129646 0.10258 -94.3593
-0.00445398 0.0331268 12.8352
0.00581466 0.342089 -64.8062
0.0410664 0.21915 -65.5174
0.0774368 0.0688269 -61.7697
0.0607971 0.0456493 -44.061
0.0361523 0.0541267 -26.2643
0.0486855 0.053175 -36.1158
0.0845677 0.0708193 -69.6875
0.102629 0.0311427 -76.9045
0.119066 0.0109172 -86.7016
0.128503 -0.000143843 -92.9457
0.0991187 0.00207742 -65.5948
0.0928761 0.00323576 -60.0907
0.0584772 0.031716 -39.8821
0.101993 0.0245667 -73.8849
0.0435469 -0.000515326 -18.8633
0.0856532 0.0106358 -54.7361
0.0747503 0.0288626 -47.1915
0.059679 -0.065331 -25.0836
0.0729058 -0.0790428 -36.9442
0.0888358 -0.0746017 -55.3391
0.0882121 -0.0793966 -53.9702
0.0852511 -0.0326259 -60.0252
0.105544 0.0257424 -95.2001
0.0740802 0.0473804 -61.5349
0.0665562 0.0440243 -51.8152
-0.00354581 0.153845 -20.5962
-0.0113954 0.197571 -31.2017
-0.0170674 0.147753 -19.6314
0.0426002 0.0934231 -11.738
0.0904464 0.109802 -18.9198
0.0571596 0.0758968 -7.04633
0.0271421 0.00428 13.0816
-9.64898e-05 0.0330545 10.4435
-0.0467303 0.0846788 7.05099
-0.0427995 0.074462 8.90433
-0.0173627 0.310668 -50.3782
-0.0409294 0.360005 -56.7059
-0.00437146 0.397637 -74.3898
0.00558859 0.441033 -87.0832
0.014481 0.416487 -83.8164
0.0120297 0.376982 -74.1354
0.00858936 0.36651 -70.7419
0.0148468 0.354524 -70.0698
-0.000907214 0.337951 -60.5089
-0.00256116 0.323162 -56.4031
-0.0113177 0.317478 -51.048
-0.0095636 0.300854 -48.135
-0.000793559 0.313063 -55.2415
-0.000209446 0.317232 -56.5565
0.00122699 0.300055 -53.2627
-0.00277447 0.304095 -52.1454
0.00329459 0.311082 -57.208
0.0068455 0.314117 -60.0126
-0.00359082 0.308201 -52.4308
0.00586668 0.303208 -57.3617
0.0280299 0.288654 -68.5241
0.0699578 0.204333 -76.9058
0.118664 0.108699 -88.5112
0.214982 0.00496956 -133.163
0.198392 0.0615702 -133.771
0.046691 0.456583 -110.596
0.0346993 0.168637 -49.4599
0.0361788 0.146187 -45.7134
0.0622653 0.127855 -63.0477
0.0892964 0.137593 -88.4246
0.0897702 0.0844671 -77.1731
0.0832655 0.0660198 -66.8939
0.1054 0.0325562 -79.5062
0.106525 0.015383 -75.7514
0.0930329 0.00779822 -61.2954
0.0890071 0.00801619 -57.4959
0.0872868 0.0071461 -55.6
0.0814107 0.00335879 -48.8047
0.0829161 0.00791032 -51.3875
0.0764779 0.0182099 -46.7717
-0.0146555 -0.0486369 53.4907
-0.0483381 -0.100739 102.493
0.0776455 -0.00696701 -41.8951
0.0317622 -0.0280448 -2.70217
0.0720135 -0.0721501 -20.5046
0.0555051 0.00335917 -17.8822
0.0699033 0.03712 -53.9573
0.0600708 0.0352899 -41.735
0.00307109 0.223033 -36.9633
0.0115424 0.323401 -62.3013
0.0415745 0.529567 -115.603
0.0311016 0.496947 -106.258
0.0398945 0.460488 -98.1509
0.0258328 0.407753 -84.1967
0.0293637 0.421331 -87.07
0.0131755 0.412652 -82.1589
0.00731304 0.381148 -72.9639
0.0012678 0.305661 -51.7064
-0.00545837 0.34505 -60.7162
-0.00935574 0.346654 -59.9942
-0.0134185 0.354339 -60.8386
-0.00866418 0.331231 -56.3354
-0.0117847 0.333197 -56.1878
-0.00145356 0.34224 -61.6909
-0.0014759 0.329713 -58.5953
-0.00781615 0.320123 -53.6284
-0.0143508 0.299085 -46.1107
-0.00810176 0.307113 -50.6858
-0.00541441 0.309409 -52.4863
-0.000773327 0.305197 -53.4774
-0.00238115 0.314917 -54.7164
0.00439919 0.318285 -59.1092
0.00166094 0.320644 -58.127
-0.00321529 0.314929 -54.3094
-0.00842326 0.309476 -50.1916
0.00600287 0.307986 -57.9893
-0.00205855 0.314144 -54.7444
0.00231399 0.318508 -58.8289
0.0240458 0.294798 -67.2146
0.033974 0.276881 -69.6904
0.0534745 0.260137 -78.9658
0.0888915 0.170493 -82.1599
0.148152 0.11004 -110.313
0.216117 0.00701286 -134.481
0.207279 0.0394643 -135.401
0.0475028 0.47063 -115.016
0.00211356 0.57824 -104.852
0.0502448 0.223848 -74.4686
0.0248522 0.264423 -62.471
0.0380183 0.295296 -81.3664
0.0588844 0.16797 -68.5407
0.0783667 0.105494 -71.4348
0.0852809 0.0294873 -59.1262
0.0927374 0.0307653 -66.7646
0.0924515 0.0275679 -65.8891
0.086663 0.0232409 -59.0911
0.0861056 0.0150281 -56.4939
0.0788203 0.0139018 -48.3705
0.0806377 0.0113903 -49.7654
0.0802624 0.00665 -48.1246
0.0763853 0.00195999 -42.6552
0.0750181 0.0184925 -45.2725
0.078282 0.0206453 -49.4975
0.0863716 0.00599427 -55.4377
0.0438521 0.0109738 -16.3179
0.0480492 0.00518274 -19.9576
0.0721286 0.458244 -98.0827
0.0542214 0.461914 -97.967
0.0483443 0.513087 -111.177
0.0349234 0.400648 -79.3538
0.00409747 0.437382 -87.8656
0.0223508 0.409928 -83.4245
0.0267935 0.388338 -77.6793
0.0111007 0.361729 -67.9425
-0.00723299 0.325291 -55.1315
0.0056071 0.302103 -52.3285
-0.00888919 0.336157 -58.3147
-0.00391783 0.329239 -57.2088
-0.00913403 0.292914 -45.7658
-0.0048177 0.308916 -51.4162
-0.0201384 0.302819 -45.3832
-0.0151304 0.294783 -44.8392
-0.0133711 0.303915 -48.0212
-0.00786529 0.306794 -50.7507
0.006533 0.324687 -61.2057
0.00312287 0.325187 -60.035
0.00154952 0.317598 -57.3733
0.00503168 0.316738 -58.7979
-0.00396316 0.326196 -57.1235
0.000898089 0.327696 -59.9701
-0.00414884 0.317252 -54.4232
-0.00696348 0.312636 -51.7913
0.00311352 0.322579 -60.0926
0.00880802 0.327579 -64.8323
0.00463364 0.322279 -60.8533
-0.00239476 0.322404 -56.5523
-0.00272697 0.325749 -57.3738
0.0194681 0.314349 -69.2254
0.0271486 0.297233 -69.9985
0.0434521 0.287081 -78.6617
0.0366022 0.290539 -74.5549
0.0488006 0.249926 -72.6514
0.0669405 0.254093 -88.1523
0.208117 0.0103245 -128.825
0.189157 0.0441291 -122.318
0.162861 0.102956 -116.015
-0.00694369 0.567922 -93.9471
0.0688995 0.316395 -93.9251
0.138035 0.184243 -121.11
0.0101467 0.328986 -64.5235
0.0216808 0.261672 -57.422
0.0336481 0.233576 -61.3778
0.0420299 0.134153 -42.9534
0.0597368 0.111976 -54.859
0.0653841 0.0614511 -47.1251
0.0777588 0.0143247 -47.5733
0.0899384 0.0166696 -61.4499
0.0822684 0.0226421 -54.6839
0.0697109 0.0221771 -40.3847
0.0795847 0.0185282 -50.6767
0.0812816 0.0116993 -50.7233
0.0828389 0.00491874 -50.9266
0.0879585 -0.00107632 -55.5093
0.037349 -0.00504767 -4.19427
0.016533 2.39456 -726.27
0.0415504 0.388722 -77.4057
0.0163486 0.338919 -61.7079
0.0317504 0.329899 -61.186
0.0418812 0.36398 -71.573
0.00740905 0.353665 -65.449
0.0100651 0.369195 -70.9106
0.000542509 0.355497 -65.3596
-0.0219916 0.313161 -48.1344
-0.025796 0.3277 -51.9815
-0.0104221 0.312491 -50.5244
-0.00339659 0.283898 -44.4996
-0.00501691 0.280858 -43.4321
-0.0142963 0.277308 -40.2352
-0.0122998 0.292573 -45.2778
-0.00108233 0.30097 -51.2779
-0.00150633 0.318257 -56.2632
0.00553153 0.329103 -62.1057
0.00495602 0.320325 -59.2841
0.00317365 0.325186 -59.8668
0.00345654 0.332007 -62.1129
-0.0042556 0.334699 -59.5204
-0.00135204 0.33132 -59.7643
-0.0043717 0.327889 -57.2809
0.000393617 0.333049 -61.3198
0.000678017 0.328528 -60.171
0.000865105 0.328277 -60.0448
0.00218601 0.333073 -62.2819
-0.000150576 0.335497 -61.6136
7.92516e-05 0.333775 -61.3278
0.00507096 0.332629 -64.4094
0.00530349 0.338574 -66.2024
0.00526602 0.329374 -63.5415
0.032561 0.296505 -73.5258
0.0421521 0.288974 -78.3546
0.0434161 0.292585 -80.031
0.0359805 0.311718 -79.8675
0.0335425 0.304035 -75.8798
0.0607834 0.293769 -95.1291
0.197402 0.0313547 -125.713
0.206495 0.00612187 -126.074
0.213498 -0.00122297 -129.889
0.203524 -0.0102551 -118.059
0.214368 0.00289134 -132.218
0.177184 -0.000390432 -106.398
0.191177 -0.0497407 -105.347
0.0343898 0.240232 -63.7254
0.0425828 0.236952 -70.9443
0.00796164 0.275372 -46.4119
0.0183716 0.27376 -57.1348
0.0347604 0.116713 -28.9977
0.0670763 0.0648233 -49.4329
0.0650175 0.0283904 -36.8835
0.0816351 0.0328617 -57.2756
0.0817014 0.0261959 -55.3229
0.0725398 0.0342765 -47.032
0.0891247 0.0321991 -66.6987
0.0714484 0.0665941 -55.0855
0.0165885 2.39441 -726.227
0.0217016 0.34955 -65.5341
0.030132 0.338698 -62.4282
0.0339558 0.337126 -61.7031
0.0323641 0.335439 -61.364
-0.00065258 0.321425 -53.8387
-0.0103335 0.289803 -42.6609
0.00168217 0.302764 -48.718
-0.0405377 0.230226 -18.9423
-0.0531743 0.263975 -27.6213
-0.0318958 0.264315 -32.1525
-0.0129462 0.27932 -41.4189
-0.00490636 0.298185 -49.2533
-0.00175765 0.31063 -54.0725
-3.46059e-05 0.321997 -58.3154
-0.00637401 0.317363 -54.7136
0.000192452 0.311824 -55.0992
0.00646562 0.323903 -60.9509
0.00564234 0.317242 -58.6099
0.00486551 0.324479 -60.4834
0.000171836 0.310624 -54.0532
-0.000313235 0.319384 -56.5878
-0.00509555 0.315742 -53.1499
2.43151e-05 0.326287 -58.9897
0.00180918 0.331494 -61.6231
0.00859317 0.32568 -63.5006
0.00267493 0.325643 -60.0622
-0.00550656 0.330037 -56.6624
0.00216667 0.330416 -61.4325
0.00102416 0.338636 -63.1771
-0.00358209 0.337899 -60.0841
-4.74583e-05 0.337789 -62.4482
0.00337731 0.336509 -64.4186
0.017914 0.31903 -69.4317
0.034811 0.303916 -77.4318
0.0490503 0.281171 -81.0974
0.0391598 0.297127 -77.9468
0.0343841 0.30539 -76.9505
0.0633276 0.304985 -100.749
0.0456538 0.264336 -72.4197
0.0180839 0.223893 -35.9048
0.244482 -0.0196234 -151.85
0.210374 -0.0227688 -120.5
0.209666 -0.00203214 -126.299
0.219755 -0.00144103 -136.238
0.230981 -0.00882904 -144.654
0.14022 -0.00529923 -67.4182
0.17201 0.0125667 -105.26
0.161587 0.0536098 -107.382
0.126217 0.413644 -184.563
-0.00288631 0.330241 -50.801
0.00122077 0.358584 -64.17
0.0171742 0.352289 -80.0953
0.0361376 0.289894 -82.3035
0.0248521 0.280262 -66.2342
0.036833 0.183802 -49.3026
0.0404942 0.147727 -42.6013
0.0281765 0.150749 -27.7976
0.0166765 0.275676 -40.8229
0.0236468 0.311028 -52.8984
0.0327976 0.29615 -48.1617
-0.00485907 0.266454 -35.3569
0.0193759 0.301122 -48.9512
-0.0132836 0.223704 -20.8902
-0.0169388 0.242134 -26.2648
-0.0343087 0.22217 -17.9348
-0.0260019 0.249259 -28.6154
-0.0268806 0.273941 -36.4283
-0.00969282 0.303844 -49.8418
0.00431378 0.320132 -58.678
0.0037425 0.327074 -60.6782
-0.00355597 0.329829 -59.7152
-0.00439259 0.335498 -61.1122
0.00355193 0.329261 -61.5471
0.00710383 0.336289 -65.1833
0.0056527 0.332987 -63.5584
0.00593138 0.336206 -64.7808
-0.00388921 0.33753 -61.2615
0.000723468 0.330661 -60.9502
-0.00239822 0.324688 -57.4895
-0.00434568 0.313342 -52.9358
0.000352397 0.315502 -55.8412
0.0129595 0.315589 -62.3324
0.00817364 0.320119 -61.2263
0.00191651 0.317478 -56.9051
-0.00183845 0.327571 -58.103
-0.0017783 0.326523 -57.8033
-7.26632e-05 0.324877 -58.2304
-0.00359847 0.317132 -53.3641
-0.00373615 0.321212 -54.5614
0.000632348 0.318632 -56.6694
0.00586081 0.316069 -59.5473
0.0138737 0.312339 -64.2862
0.0299006 0.293903 -70.3777
0.0412834 0.279602 -74.6603
0.0575918 0.26902 -83.9493
0.0451551 0.282791 -78.1809
0.0275846 0.276605 -61.4853
0.0216455 0.265826 -52.8483
0.0114024 0.280521 -48.6718
0.0325684 0.294231 -72.2174
0.470502 -0.571123 -183.678
0.212931 -0.000360684 -129.952
0.222286 -0.00753704 -136.805
0.226923 -0.0443507 -129.046
0.231418 -0.0553016 -129.649
0.2202 -0.047415 -120.592
0.184228 0.0129165 -118.021
0.178036 0.0284365 -116.469
0.171795 0.0181471 -106.144
0.17964 0.0272529 -118.154
0.0190348 0.316395 -70.7138
0.0291412 0.263392 -66.229
0.0225982 0.249126 -52.6981
0.0314886 0.221357 -54.5919
0.0274784 0.225437 -51.1798
0.0110817 0.26484 -36.9858
0.0223154 0.264288 -36.9965
0.00991266 0.23561 -26.419
0.00774262 0.216048 -19.4532
-0.0173996 0.220437 -19.3476
-0.0208076 0.221022 -19.494
-0.0137499 0.243658 -28.3126
-0.0141474 0.264788 -35.7482
-0.00265798 0.292748 -47.6066
-0.000501372 0.300883 -50.7036
0.0041846 0.314587 -56.5382
0.00271112 0.329995 -61.5312
0.00475467 0.323972 -60.0151
0.00693694 0.324767 -60.8121
0.00884374 0.339972 -66.7591
0.00815621 0.329494 -62.9662
7.10347e-05 0.322744 -57.7854
-0.000415425 0.327544 -59.3391
0.00327886 0.337404 -64.1837
-0.00126795 0.334348 -61.1521
-0.00395201 0.327862 -57.791
-0.00434501 0.322007 -55.5364
-0.00114485 0.324171 -57.9111
0.00528614 0.327622 -62.3518
0.00699308 0.315786 -59.0053
0.00146783 0.31735 -56.4661
-0.00562021 0.312572 -50.8293
0.000988719 0.312537 -54.743
0.000636294 0.317748 -56.3676
-0.00486415 0.317553 -52.8832
0.000670538 0.303864 -51.6509
0.00090066 0.294996 -48.537
0.00185412 0.302828 -51.9547
0.00458079 0.299834 -52.8746
0.00549531 0.300718 -53.9285
0.0132154 0.299254 -59.3145
0.0164948 0.283545 -56.3918
0.0538907 0.257912 -77.3457
0.0525032 0.264807 -77.906
0.0370925 0.287752 -73.2658
0.0246157 0.289892 -63.3646
0.0222581 0.289803 -61.1807
0.0356104 0.295106 -75.2182
0.0378927 0.25765 -64.0262
0.0326336 0.22826 -48.743
0.0426955 0.218898 -55.047
0.222965 -0.0148852 -134.914
0.213439 -0.00748328 -127.998
0.222503 -0.0572224 -119.839
0.244334 -0.0892658 -131.444
0.247544 -0.0892075 -135.08
0.170158 0.0308494 -108.668
0.172386 0.0172853 -106.497
0.176598 0.0212386 -112.574
0.127656 0.122114 -89.7257
0.11459 0.0741661 -57.0966
-0.452246 0.219849 576.805
0.00146812 0.238688 -23.3096
0.00580592 0.260117 -35.2435
0.00429292 0.244775 -29.5785
-0.0102417 0.185471 -7.39646
-0.0156733 0.177999 -4.39436
-0.000993143 0.206894 -16.14
-0.0159996 0.242682 -27.502
-0.00669763 0.252823 -32.4725
-0.00629882 0.278079 -41.5485
-0.00597338 0.27575 -40.7518
0.00746553 0.290695 -48.718
0.0177419 0.298191 -53.6086
0.00841059 0.319515 -59.1513
-0.00359469 0.312907 -53.7865
0.00727473 0.302079 -52.8805
0.00639293 0.305132 -53.6521
0.00383611 0.296693 -49.7889
0.004226 0.296701 -49.9172
0.000719051 0.301711 -50.4842
0.00165104 0.310032 -53.8047
-0.00404824 0.300775 -48.0668
-0.00906308 0.303089 -46.673
-0.0135173 0.29412 -41.2621
0.000746606 0.303844 -51.5892
0.00120362 0.306798 -52.8382
0.00465307 0.294691 -50.2029
0.00483169 0.303406 -53.4109
-0.00668975 0.295043 -43.9099
-0.000467721 0.299181 -49.0881
-0.0039349 0.294858 -45.3586
-0.00135691 0.297328 -47.9063
0.00379447 0.306205 -54.395
-0.0115996 0.29674 -40.8537
0.00223643 0.25631 -35.7422
0.00787667 0.26851 -44.1104
0.00502409 0.272494 -43.4396
0.00627682 0.283186 -48.2756
0.0106512 0.262395 -44.1637
0.0362168 0.256824 -62.5399
0.0572331 0.234365 -71.5086
0.0612076 0.261257 -84.1537
0.022185 0.307856 -67.4909
0.0236748 0.289433 -62.3063
0.0253152 0.286774 -62.7087
0.0155089 0.254893 -42.0263
0.0262812 0.233578 -44.5186
0.0403242 0.225879 -55.258
0.217367 -0.00363208 -133.304
0.214336 0.00899162 -134.773
0.20442 -0.0035965 -119.924
0.214509 -0.0603683 -110.081
0.246324 -0.0879221 -134.133
0.23662 -0.040363 -140.498
0.195005 0.0424315 -124.34
0.186313 0.204756 -174.286
0.06469 0.134118 -19.4621
0.0952619 0.0732553 -33.9484
0.137844 0.0519308 -77.256
0.146913 0.0703563 -95.0914
