-0.00847341 -0.0446345 26.4478
-0.0184259 -0.011975 26.3908
-0.0682431 0.0338092 27.7989
-0.0218248 0.0409313 24.1503
-0.050603 0.0479088 26.6303
0.318267 0.0411388 -14.3386
-0.248101 0.0484741 59.1578
-0.060297 0.0385162 29.1046
-0.0699837 0.0364666 31.1934
-0.0586412 0.0405523 29.0638
-0.0588379 0.051386 29.0199
-0.0717586 0.0593604 31.9627
-0.0784496 0.0633331 33.6625
-0.0767261 0.103018 32.3373
-0.0169689 0.0478782 15.0116
0.0289788 -0.0292835 8.26122
0.0101121 -0.0022847 13.8151
0.00792892 0.0288462 14.1709
0.0226107 0.0112934 8.50535
0.0204801 -0.0178124 10.3463
0.0269178 -0.0362315 8.12092
0.00684638 -0.0326149 16.8651
-0.0196523 -0.0462802 29.4805
-0.0541782 -0.0278672 46.1374
-0.0512071 -0.0265442 44.1227
-0.046752 -0.051439 42.2136
-0.0380257 -0.0100921 29.2589
-0.0508505 -0.00701283 36.8737
-0.0561955 -0.0199997 40.3689
-0.0229788 -0.00662615 19.6674
0.00739672 -0.0233373 0.925791
-0.036416 -0.0186147 31.2186
-0.01392 0.00199152 13.7192
-0.00114615 0.0324988 10.4576
-0.00289771 0.000863453 6.51136
0.0991092 0.0326587 -62.1147
0.121896 0.0382532 -80.2917
0.109189 0.0210469 -69.6536
0.0981164 0.0269027 -60.7632
0.0393167 -0.0169557 -10.3979
0.0168115 -0.0263187 8.93677
0.00692416 -0.0247888 17.4021
0.00997665 -0.0264812 14.7226
0.0122943 -0.03829 12.7162
-0.0250492 -0.0138872 46.8753
-0.0128305 0.00260181 35.3254
-0.00320205 -0.0109357 25.8809
0.000923813 -0.0222886 22.1078
-0.00726824 -0.0060011 30.4954
-0.00759116 -0.0184693 31.2076
-0.0105961 -0.0300216 35.2758
-0.0231842 0.00407156 47.8861
0.00122329 0.00785548 20.7192
-0.00432016 0.029312 26.6233
-0.0116831 0.00249964 35.6842
-0.0406075 0.00313025 69.4928
0.0101456 -0.0214764 9.35841
0.0247326 -0.0367224 -7.95631
0.00448999 -0.0471716 26.2816
0.0062383 -0.0397062 26.0408
-0.0407172 0.0163949 26.6145
-0.0118063 0.0231946 24.6749
-0.0277218 0.0291951 25.0823
0.0425067 0.0279191 17.0191
-0.172808 0.00145962 50.5048
-0.126174 0.031988 40.7955
-0.0800536 0.0410915 32.7326
-0.0453017 0.0282218 26.6489
-0.0590918 0.0248528 29.8691
-0.0566203 0.0361982 28.8951
-0.0538353 0.041531 27.9935
-0.0558433 0.0764163 27.224
-0.0677574 0.0886101 29.9874
0.041788 -0.0217424 3.55705
0.0387996 -0.000827877 3.86323
0.0199493 0.00157237 10.4953
0.0118033 -0.0021585 13.4578
0.0194933 -0.0140008 10.7767
-0.00135068 -0.0389765 20.6053
-0.0115545 -0.0494179 25.6553
-0.02563 -0.0713572 32.8741
-0.0423276 -0.0762082 41.4046
-0.0362821 -0.0493406 36.9522
-0.196536 -0.0854239 122.382
-0.0985613 -0.00521483 64.0095
-0.0552413 0.010134 38.8162
-0.0554881 0.00603031 39.4502
-0.0254246 -0.00863643 21.2765
-0.0152115 -0.0429865 15.8552
-0.0143426 -0.0386485 15.8629
-0.0427831 -0.0388101 34.8368
0.0587314 0.0461011 -32.5369
0.0799856 0.0225469 -47.2837
0 0 -1
0.1042 0.0190234 -65.5287
0.152107 0.0969996 -106.016
0.0802224 -0.00822482 -44.9029
0.0470939 -0.00358812 -17.4417
0.0185519 -0.0128617 6.91855
0.00487293 -0.00989657 18.4032
0.0169243 0.00239922 7.33674
-0.00711867 -0.00818382 29.7083
-0.00953011 -0.00548869 31.7925
-0.0100078 0.0015413 32.3356
-0.00405768 0.00530677 26.1619
0.0113323 0.0121016 10.8516
0.000536282 0.00933283 22.2333
0.00202982 0.0109646 20.536
-0.00479714 0.0135077 28.0749
-0.0111348 0.0229015 34.123
0.00350006 0.0270712 17.816
-0.00804566 0.0200843 31.0185
-0.0292533 0.0191547 55.8543
-0.0595632 0.0004387 91.7172
-0.0154042 -0.0521748 40.6662
-0.0214015 -0.0461718 47.8231
-0.000567026 -0.0367572 25.7821
0.0057994 -0.0312151 25.2269
-0.0086808 -0.0219326 25.9279
-0.000819787 -0.0226187 25.1513
-0.0149078 0.00983402 24.1777
0.256864 0.0362881 -6.32357
-0.12531 0.0190662 42.8214
-0.141509 0.0517268 42.9866
-0.0992685 0.0348943 36.5469
-0.0634373 0.0235609 30.65
-0.0680267 -0.0181314 33.7995
-0.0441641 0.0064652 26.9497
-0.0461669 0.0121691 27.2751
-0.0350494 0.0331446 23.0616
0.0285135 0.0245587 4.10033
0.0910314 0.00136118 -14.5865
0.0482852 -0.0161894 1.29465
0.00862721 -0.0346723 16.3443
0.000538151 -0.0408737 19.4344
-0.0035269 -0.0530075 22.4748
-0.0354066 -0.058461 36.3886
-0.0222998 -0.0751445 31.0167
-0.0197193 -0.123223 32.0848
-0.0302148 -0.105777 36.7547
-0.0741463 -0.0888559 58.7704
-0.148414 -0.0363284 93.7797
-0.0913188 -0.00879276 60.2292
-0.049847 0.0108876 35.6445
-0.0473887 0.00860228 34.4755
-0.029344 0.00749053 23.1285
0 0 -1
-0.017065 -0.0190427 16.5188
-0.038411 -0.0361722 31.5971
0.0770603 -0.00448885 -44.1391
0.08316 -0.00355942 -48.6205
0.102755 0.0157213 -64.0147
0.0884171 -0.000112436 -52.376
0.0847055 -2.10758e-05 -49.0953
0.0797679 -0.0018836 -45.2764
0.057424 0.00421344 -26.4855
0.0281604 0.00321543 -1.99063
0.00493401 -0.00498804 18.4785
0.0108089 -0.0121572 13.8616
-0.00375526 -0.00941163 26.7505
0.0100432 -0.0141641 13.9735
-0.0170897 0.00510787 39.1121
0.00407116 0.0113766 17.8112
0.00934153 0.00286464 13.6117
-0.00392449 -0.0294665 28.7728
0.00505352 0.00273019 18.0876
-0.00518748 -0.0163891 29.8228
0.0063545 -0.00476596 16.8257
-0.0129396 -0.0120259 38.3904
-0.0146744 -0.00299031 40.0134
-0.0428687 -0.00540106 73.2012
-0.0325592 0.00169275 61.0146
-0.0857607 -0.010284 123.532
-0.0396385 -0.0281204 68.8064
0.00338776 -0.0210264 24.7399
-0.00088813 -0.0198399 24.8377
0.00192262 -0.0403449 26.0038
0.00729671 -0.0225593 24.2086
-0.00138707 0.0132393 22.3404
0.256659 -0.000574709 -4.68805
-0.131239 0.0144024 44.3333
-0.118309 0.0292865 40.5587
-0.11899 0.0483166 39.0091
-0.103577 0.014073 38.801
-0.0634338 -0.00944266 31.8325
-0.0341999 -0.0116998 25.2531
-0.020809 -0.021763 22.5428
-0.0168679 -0.00123111 20.0617
0.0244562 -0.0102915 7.82631
0.0617919 -0.0587029 -0.523541
0.04074 -0.046319 6.08816
-0.00409782 -0.058529 22.7485
0.00570363 -0.0309529 16.2779
0.0138894 -0.0494505 14.4502
-0.0472859 -0.0787159 42.7977
-0.092955 -0.102338 65.1295
-0.0423308 -0.119114 41.8033
-0.0404521 -0.104102 40.367
-0.0637082 -0.105029 53.0386
-0.0772399 -0.053548 55.9569
-0.0657869 -0.0228072 46.6116
-0.0239705 0.00272083 21.0562
-0.0412996 0.0198688 30.2769
-0.0521109 0.0218948 36.7973
-0.0408988 -0.00028415 30.8189
-0.030949 -0.0222114 25.2136
-0.0342215 -0.0176351 27.4632
0.115734 -0.00155712 -72.7676
0.0985444 -0.00424879 -60.0163
0.0962503 0.00721 -58.6945
0.0800058 0.0169245 -47.2592
0.0999728 0.0132329 -62.3841
0.0800058 -0.00255976 -45.2648
0.0669162 -0.000626231 -34.1024
0.0248843 0.00353814 0.840614
0.00242108 -0.00139568 20.4315
0.0130434 -0.00348955 11.2418
-0.00570077 -0.00461117 28.292
-0.00345758 0.00417861 25.4773
-0.0100927 0.0089133 31.7771
0.0108084 0.0040991 11.8351
-0.000838247 -0.0112217 24.9603
0 0 -1
0.00493497 -0.00577961 18.5803
-0.000325357 0.0220435 21.1368
0.0128555 -0.00773035 9.16319
-0.0129671 -0.00664346 38.0623
-0.0368252 -0.0136662 64.9255
-0.0147168 -0.023564 41.0466
-0.077156 0.00613906 112.643
-0.10279 -0.00571626 143.687
-0.0407479 -0.0158009 69.4635
0.000214041 -0.00883535 23.8044
-0.013536 -0.0132571 24.6064
0.0211644 -0.00119579 21.1349
0.0229127 -0.00463072 21.2865
0.039552 0.0256186 17.1768
0.0443547 0.0135355 18.2881
-0.10473 0.00893729 41.157
-0.111879 0.0148744 40.7477
-0.092525 0.038551 35.6803
-0.10064 -0.00267028 39.6086
-0.0601341 -0.00773681 30.6465
-0.0460068 0.00196762 26.84
-0.0289212 -0.00281821 22.8891
-0.0217687 -0.0193029 22.7534
-0.0117594 -0.0441909 22.1475
0.0154708 -0.0653274 15.1696
-0.0281261 -0.111657 33.7842
0.00721383 -0.0711254 19.2108
0.0196959 -0.0411459 11.7258
0.0193264 -0.035098 11.2464
0.0156154 -0.0366281 13.1937
-0.058903 -0.0932333 47.9076
-0.0332244 -0.0630699 33.2883
-0.0365336 -0.0436517 33.2106
-0.0435846 -0.057113 38.1818
-0.0653331 -0.0643196 49.9223
-0.0412457 -0.0434039 34.6956
-0.00729854 -0.013651 12.8318
-0.0360444 -0.0128633 30.0709
-0.0554488 0.00437251 40.4286
-0.044821 0.00837017 32.9286
-0.0429573 0.0206146 30.3495
-0.00339244 0.0362562 1.38451
0.110774 0.00211621 -69.5397
0.117367 0.0105945 -75.1052
0.115679 0.0415214 -76.4046
0.0853323 0.0388367 -53.4179
0.0895175 0.00994769 -53.7437
0.0792309 0.00432903 -45.0951
0.04329 0.00616969 -14.8424
0.0182319 0.00460998 6.35099
0.00209741 0.00903455 19.654
0.0159314 0.0145282 6.87703
-0.00141006 0.00681981 23.3434
0.00787742 0.0130822 13.9577
-0.0123093 0.0195234 32.9689
0.00265785 -0.00294123 20.3221
0.00394243 -0.00561927 19.1696
0 0 -1
0.0145952 0.0217651 6.1214
-0.0108062 0.0255833 32.3943
0.00562056 0.0259095 14.5051
-0.0241838 0.014283 48.6003
-0.0186567 0.0250885 40.4781
-0.0053064 0.00663913 27.8563
-0.0514966 0.000770278 81.9985
-0.101335 -0.0147839 142.738
-0.0874077 -0.00500179 125.009
0.00959131 0.00499949 22.1073
-0.00444613 0.0166595 20.9462
0.0448874 0.0401028 15.3233
0.0417436 0.0399849 15.9771
0.0320853 -0.010609 22.6544
0.0359848 0.0148499 18.9135
-0.00266195 0.0347298 22.8323
-0.124288 -0.0266684 47.5815
-0.0328298 0.0335412 25.54
0.00430553 0.041382 18.2016
-0.0353257 0.00068838 24.8298
-0.0427066 -0.00190203 26.4501
-0.0237158 -0.00217068 21.5867
-0.0270747 -0.0101829 23.0843
-0.0235095 -0.0283507 23.9305
-0.0422658 -0.000532389 26.9874
-0.0955893 -0.0087771 45.7145
-0.118574 0.0113361 51.4525
-0.0971712 0.0573899 36.1747
0.0921907 -0.00463492 -22.9554
0.0887788 -0.158822 -10.766
0.0127087 -0.058481 12.0669
-0.0341086 -0.0184754 29.2533
-0.0606471 -0.044512 45.4055
-0.0519863 -0.0599509 42.3492
-0.0276861 -0.0359705 26.1762
-0.00977514 -0.0206762 14.7432
-0.0166272 -0.0499954 22.2224
-0.0232563 -0.050814 26.4903
-0.0278505 -0.0211576 25.6791
-0.0324066 0.0016153 25.6009
-0.000886062 0.0582619 -1.81956
0.098405 0.0880987 -71.648
0.118543 0.0407836 -79.635
0.151355 0.0469772 -103.987
0.1382 0.0664446 -95.8524
0.0798518 0.0685615 -51.2568
0.0554056 0.0331343 -28.6619
0.053274 0.0126071 -24.9505
0.0541154 -0.0120343 -22.1341
0.0191769 0.00308866 5.7321
0.00659724 0.0184021 14.6025
0.0281812 0.0360099 -6.67113
0.00202199 0.0241263 18.1874
0.0140782 0.0454567 4.26105
-0.00421962 0.0122429 25.6863
0.00551476 -0.0065811 18.0045
0.00651682 -0.0158081 18.2729
0.0149234 0.0296138 4.76789
-0.00597052 0.0370752 26.041
0 0 -1
-0.00465509 0.0367213 24.7504
-0.0186818 0.0340076 40.3435
-0.0114237 -0.0307451 39.2167
-0.0159767 0.0660009 33.7485
-0.0302963 -0.00275046 58.55
-0.0973329 0.00038088 136.485
-0.061332 -0.00564718 93.7824
0.0178749 0.0122573 21.1018
0.0253148 0.0271175 18.8654
0.0402479 0.0474413 15.283
0.0248529 0.036686 18.0347
0.0218832 0.0140024 20.7614
0.0410556 0.0161881 18.0422
0.0216775 0.0472199 16.942
-0.122942 -0.123434 57.721
-0.092353 -0.0172948 37.7346
-0.0492319 -0.0115426 28.9156
-0.03033 -0.00592827 24.0518
-0.0362909 0.00354322 24.1293
-0.026963 0.0139053 20.1362
-0.022355 0.023234 17.5742
-0.0334538 0.00817429 22.4843
-0.0337503 -0.00357177 24.3963
-0.0856604 0.0121597 39.4939
-0.0704642 0.0239796 31.5786
-0.079056 0.0601117 30.3484
0.204873 -0.00712332 -70.2233
0.110027 -0.0322739 -36.0063
0.0332928 0.00205346 -4.51982
-0.0632865 -0.0315246 45.1098
-0.0552987 -0.0351888 40.7388
-0.0531116 -0.0365993 39.2264
-0.0145354 0.0208906 11.5751
-0.0238819 -0.00262537 20.2528
-0.0373175 -0.0289081 31.4904
-0.0344553 -0.038265 30.9269
0.0074131 -0.00241203 0.0484662
0.0224595 0.00565785 -10.714
0.107093 0.0732023 -75.9911
0.097666 0.0530139 -66.8319
0.112949 0.0589318 -78.8739
0.153676 0.0556448 -106.629
0.113596 0.0738036 -77.6819
0.0324653 0.0403141 -10.8778
0.0150517 0.0249636 4.50082
0.0597039 0.00588247 -29.4888
0.0475219 -0.0121793 -16.4296
0.0380816 -0.00670294 -9.29237
0.00438829 -0.0088847 20.3207
0.443845 0.219493 -406.995
0.380861 0.141188 -338.167
-0.0112081 0.0640656 34.7694
0.0289091 0.0675599 -3.62468
0.0859298 0.0013889 -49.7783
0.0657877 -0.0165236 -26.8257
0.0185995 -0.00206543 19.1205
-0.00428382 -0.00124531 42.8192
-0.0184474 0.0353918 52.4486
-0.0270451 0.0465296 60.3118
-0.398785 0.0472879 471.454
-0.356465 0.160436 408.198
-0.0915766 0.1308 113.685
-0.109842 0.00634683 150.648
-0.0841001 -0.00792767 121.742
-0.0817998 -0.0175637 120.293
0.01499 0.0142439 20.8492
0.0101791 0.0277572 18.7806
0.0286753 0.0263158 19.1732
0.00799788 -0.00523421 25.1762
0.00923128 0.00668813 22.7495
0.0201771 -0.000449927 22.7791
0.0774648 -0.000256721 16.1803
-0.0433216 -0.00394877 26.6468
-0.0351436 0.0477518 17.0854
-0.0563902 -0.000295773 29.1881
-0.0507581 0.0545729 19.1423
-0.0339345 0.0275866 19.7033
-0.022599 0.0330529 15.9587
-0.0257974 0.0198228 18.7101
-0.0361048 0.027769 20.296
-0.0501678 0.042034 22.7023
-0.0974939 0.024931 41.7246
-0.0628896 0.0515114 24.1046
-0.0221068 0.0452438 9.82434
0.12253 0.0110717 -37.6154
-0.0247656 0.0951322 5.41508
0.0433383 0.0133794 -12.2978
-0.0717067 -0.010019 45.1419
-0.0196247 0.0150308 14.7706
-0.0037264 0.0366342 3.7211
-0.00852426 0.0319424 7.26672
-0.04037 0.0334625 24.5206
-0.0315315 0.0186029 20.7274
0.000506167 0.0456496 -2.94846
0.0160508 0.0538566 -14.1544
0.0678642 0.0147768 -41.8222
0.128726 0.0316422 -84.5504
0.102924 0.0800039 -74.9485
0.159082 0.0769622 -114.026
0.152316 0.0732645 -107.422
0.0727904 0.0487458 -43.0087
0.0144867 0.0405222 2.97577
0.000350166 0.0361204 14.4503
0.0200488 0.0317167 -0.913973
0.0473714 0.014239 -20.3782
0.021751 0.00985683 2.16801
-0.0105056 -0.000324156 31.8703
-0.0101668 -0.0106913 33.2308
-0.0191611 0.0112879 51.3472
-0.0330634 0.032446 59.6595
0.00525808 0.0414246 22.368
0.078627 -0.00280026 -41.8946
0.0650887 -0.00327713 -28.0744
0.0231483 0.00901165 12.7562
-0.00536846 0.0151501 41.2504
-0.000583058 0.0222091 35.2157
0.00118938 0.0302265 31.9808
0.319055 -0.256425 -272.104
-0.0258927 0.00989458 46.1586
0.0031947 0.0833938 11.7502
-0.00748439 -0.0220606 30.8016
-0.0644656 -0.0340401 101.497
-0.0836296 -0.00972798 121.007
0.0163485 0.0136144 20.9195
0.0181325 0.0161437 20.3939
0.0221371 0.00977478 21.5249
0.0396295 -0.00560317 22.524
0.0157555 0.0287283 18.2092
0.037102 0.0387616 13.7403
0.00516042 -0.0121461 28.3309
0.00905637 0.254334 -25.5945
-0.0408917 0.12466 5.45146
-0.0405825 0.0685099 14.6329
-0.0479005 0.120957 6.80475
-0.0765136 0.104167 16.7829
-0.0310673 0.0682429 11.8708
-0.0236365 0.0636309 10.9006
-0.0325939 0.0789755 10.3434
-0.0581824 0.0776494 19.5146
-0.0730947 0.0707291 24.9881
-0.0363218 0.0973964 6.591
-0.0121947 0.0976151 -2.46212
0.23113 0.0592479 -93.6775
-0.0654052 0.0988142 22.9464
-0.0191075 0.0371056 13.0885
-0.0323853 0.0585807 14.2102
-0.0223161 0.0454502 12.6186
-0.0251498 0.0836172 6.86355
-0.0285909 0.0632473 12.6179
-0.0612689 0.046579 33.6685
-0.0414325 0.0423325 23.0203
-9.30515e-05 0.0582113 -4.45575
0.0283156 0.0632748 -22.9119
0.0391914 0.0745256 -31.8609
0.108448 0.0614967 -75.5259
0.124486 0.104689 -93.9077
0.149786 0.0806979 -107.692
0.162016 0.0626816 -112.795
0.130403 0.0595614 -88.392
0.0359084 0.0409046 -13.5446
-0.00144633 0.0389252 15.7195
-0.00113896 0.0306673 16.65
0.0487172 0.0304615 -24.3831
0.0470528 0.0575341 -27.5089
0.0607662 0.0233364 -25.4304
0.06152 0.0208935 -25.3146
0.0051839 0.0341051 24.5166
-0.0329944 0.00684994 64.6606
0.00622359 0.0461796 19.5303
0.0683755 -0.000301075 -32.2551
0.0638656 0.0103259 -29.1823
0.0279126 0.0223608 5.66939
0 0 -1
0.0898238 0.0139156 -56.8383
0.104168 -0.0254588 -64.8259
0.10162 -0.0368152 -60.0622
0.0944075 -0.0483838 -49.4611
0.0694307 -0.0175118 -26.7218
0.0793783 -0.0141147 -38.9872
0.081203 0.00102443 -44.3083
-0.0106545 0.0858647 27.5028
-0.037318 0.0206237 29.517
-0.0430177 0.0249552 28.8013
-0.0441192 0.0154808 30.9195
-0.0595062 0.0289958 28.9839
-0.0450548 0.10081 12.2883
-0.047977 0.0521212 22.7884
-0.031084 0.0345061 24.1229
-0.0500018 0.0198483 29.7353
-0.055921 0.0298018 28.6284
-0.0569921 0.117827 9.94236
-0.0702571 0.0968897 17.8838
-0.0802453 0.113114 16.9194
-0.0562543 0.124674 7.6799
-0.0398393 0.120986 4.35781
-0.0332106 0.102971 6.11035
-0.0413022 0.11793 5.68281
-0.054127 0.1295 7.57109
-0.040386 0.15727 -3.09997
-0.00546646 0.166864 -17.5907
-0.00790965 0.105329 -2.98157
-0.033832 0.139053 0.626453
-0.0363137 0.11673 5.9153
-0.0313681 0.163578 -6.03427
-0.0200375 0.131582 -5.03862
-0.0256864 0.197707 -15.395
-0.0316769 0.199377 -12.2727
-0.0145306 0.301142 -42.0602
-0.00399827 0.31446 -50.7618
0.00340541 0.322342 -56.7118
-0.000764543 0.309917 -51.7025
0.0145547 0.305034 -60.5288
0.046094 0.283851 -77.0683
0.118624 0.0987818 -88.889
0.124801 0.108299 -95.1514
0.145017 0.0765605 -103.214
0.0659313 0.0636702 -40.7597
0.00181343 0.0217359 16.3076
-0.00236629 0.0181433 20.1905
0.0196511 0.036366 -1.80513
0.0507103 0.0270313 -25.2982
0.0503925 0.0157033 -14.7824
0.0414632 0.00871038 -5.41631
0.0412261 0.00124848 -3.57564
0.00322322 0.00286193 31.2777
-0.0127031 0.0247682 40.5511
0.0284154 0.0154221 3.3799
0.0774623 0.00315594 -41.8394
0.0701289 0.00283741 -34.1471
0.0677385 0.00502993 -32.0977
0.0765757 0.00420879 -40.9337
0.0910727 -0.000191028 -55.398
0.0971532 -0.00851433 -60.3759
0.0939837 -0.0155422 -55.5654
0.0859404 -0.0192633 -45.8307
0.0802815 -0.0114829 -40.5863
0.0837908 -0.0134116 -44.3163
0.0845441 0.0101173 -50.0771
0.0780387 0.00626772 -41.3696
-0.0348426 0.021103 29.3797
-0.0393762 0.0216747 29.3476
-0.0469489 0.0267714 28.5576
-0.0559735 0.0328599 27.763
-0.0600481 0.0386454 26.8572
-0.0491513 0.0439692 24.4543
-0.0427217 0.0407786 24.3889
-0.05908 0.0469276 25.0188
-0.0404738 0.0283098 25.8719
-0.047651 0.0560207 21.3471
-0.039208 0.0875734 12.0354
-0.0588872 0.101747 14.0361
-0.0370373 0.133969 0.831696
-0.0261634 0.161463 -8.89945
-0.0238893 0.122938 -0.795071
-0.0266433 0.195112 -16.2368
-0.0111684 0.206406 -24.2083
-0.00327406 0.214636 -29.1219
0.00344133 0.211096 -30.8795
-0.00388931 0.183281 -21.6656
-0.0204043 0.21082 -20.9841
-0.0194276 0.229588 -25.78
-0.0145245 0.288577 -41.0747
0.0112763 0.295122 -55.0822
0.0149494 0.291725 -56.2595
0.00839488 0.310908 -56.9221
0.00326507 0.323012 -56.7264
-0.00575755 0.323053 -51.2758
-0.0027017 0.325622 -53.7596
0.000920546 0.314345 -53.5955
0.0130597 0.314698 -61.5547
0.0206032 0.305245 -64.3892
0.0298655 0.287479 -66.7958
0.0601372 0.218015 -72.6601
0.0852863 0.140398 -73.3957
0.0580255 0.0659274 -35.8569
-0.00998859 0.0379845 21.7969
-0.0064515 0.0382661 18.99
0.0158406 0.0224599 4.3961
0.0442182 0.121767 -34.0039
0.0532466 0.042757 -23.155
0.0259568 0.029505 3.71931
0.00990825 0.00344832 24.0359
-0.00192741 0.00693618 35.1773
0.00430438 0.0070528 28.7842
0.0158092 0.046303 8.41797
0.0653494 0.0213588 -33.9425
0.075147 0.0073063 -40.3066
0.0190282 0.0128269 16.2887
0.0854398 -0.00120184 -49.2232
0.0917776 0.000293696 -56.2493
0.094858 -0.00309086 -58.9236
0.089641 -0.00432378 -52.9234
0.0855749 -0.00315057 -48.6992
0.0879972 -0.00763101 -50.3591
0.0849076 -0.00717456 -46.9984
0.0919209 0.00216299 -57.2891
0.0840744 0.00431205 -48.3227
-0.0123041 -0.205852 82.3639
1.0589 0.0110822 -8.42027
-0.057523 0.0498223 23.5411
-0.0384097 0.0618341 19.3013
-0.0542734 0.0525553 22.8048
-0.0387383 0.0631642 18.0714
-0.0220823 0.103009 5.96957
-0.0239667 0.128903 -0.696157
-0.0188784 0.125978 -1.34947
-0.0264961 0.0594427 15.8856
-0.0259901 0.169986 -10.3449
-0.0243336 0.200133 -18.1506
-0.0359811 0.191454 -12.7815
-0.0247334 0.221787 -23.3104
-0.0161391 0.220927 -25.5179
-0.0138377 0.248005 -32.8558
-0.0202033 0.248068 -30.6559
-0.0115858 0.25415 -35.1618
-0.00105325 0.258175 -40.1449
-0.00522688 0.274184 -42.3689
0.00566559 0.288463 -50.4501
0.0089108 0.303824 -55.4835
0.0144536 0.325662 -63.2782
0.0103925 0.32688 -61.3629
0.00955104 0.325203 -60.7249
0.00678667 0.322225 -58.3243
0.00230796 0.308911 -52.4151
0.00193906 0.322619 -55.8323
-0.00370999 0.326019 -53.2221
-0.00538595 0.32404 -51.7318
0.00919566 0.31007 -57.6315
0.00210681 0.313319 -53.6788
0.013585 0.301907 -58.8311
0.0226604 0.288766 -62.1042
0.0317345 0.260134 -61.7331
0.0226469 0.281775 -60.1608
0.0250612 0.314252 -70.2545
0.156442 0.167859 -136.597
0.0929243 0.116519 -71.901
0.0425469 0.140379 -36.0137
0.0364809 0.140783 -30.8691
0.0119982 0.135274 -8.50802
-0.00521247 0.1321 7.81813
0.0140674 0.136977 -10.9905
-0.00108683 0.10976 9.15533
0.0105475 0.146738 -9.88209
0.0196634 0.119249 -11.6539
0.0442566 0.0542471 -20.1818
0.0645337 0.00162433 -28.2098
0.0965755 0.0138846 -64.7395
0.0908573 0.00790936 -57.2236
0.0827979 0.0100406 -48.9519
0.0894428 0.00478244 -55.0404
0.0895575 0.00280522 -54.6151
0.0882085 -0.000141008 -52.3561
0.0876831 0.00329684 -52.7394
0.0977829 0.00150286 -64.1965
0.0927892 0.00601882 -59.3048
0.0124123 0.236547 -30.9149
0.0144254 0.228766 -28.8293
-0.00437878 0.145622 -4.90562
-0.017596 0.178672 -13.3065
-0.0367177 0.146002 -3.02875
-0.0275292 0.265879 -36.2598
-0.00618598 0.226999 -28.037
-0.0186148 0.226724 -26.1595
-0.0234019 0.22268 -24.4509
-0.0214157 0.254669 -33.0121
-0.0110106 0.259557 -36.376
-0.0144433 0.253784 -34.1329
-0.0200389 0.257614 -33.5935
-0.0120059 0.273173 -39.9015
-0.00608179 0.283203 -44.2525
-0.00296066 0.289122 -46.8921
-0.00351085 0.288235 -46.5881
0.00388821 0.307247 -54.3259
0.00588095 0.306921 -54.8495
0.00704691 0.312986 -56.9629
0.0172113 0.329469 -65.7859
0.0273981 0.331242 -70.6398
0.0119456 0.317533 -59.706
0.0150294 0.323742 -63.1445
0.0078261 0.320229 -58.3451
0.0120541 0.320017 -60.6155
0.00231984 0.319107 -55.106
0.000313736 0.315404 -52.8901
0.00168366 0.323169 -55.8078
-0.00203255 0.325732 -54.1892
0.000954228 0.324049 -55.7389
-0.000445982 0.313161 -51.8391
0.000345045 0.315939 -53.2545
0.0157804 0.305854 -61.3992
0.0220556 0.294687 -63.0269
0.0214162 0.291405 -61.6607
0.0299657 0.285931 -66.7958
0.0961433 0.226725 -103.602
0.080876 0.148285 -70.5492
0.0556028 0.133477 -45.4892
0.0152596 0.0721928 5.71864
0.00821487 0.0667891 13.372
0.015677 0.165673 -19.7989
0.0132398 0.159284 -15.5739
0.0212736 0.173595 -27.1987
0.0263453 0.167691 -30.782
0.0161267 0.208742 -31.8367
0.0102395 0.167991 -15.0178
0.0264826 0.231305 -48.3982
0.063159 0.143539 -63.1532
0.078409 0.036392 -51.0623
0.0867902 0.076063 -70.9569
0.0892751 0.0600913 -69.5315
0.0840545 0.028858 -55.2613
0.0868855 0.00540484 -52.2235
0.0846404 0.00115331 -48.564
0.090408 -0.0048357 -53.8162
0.0936713 0.00669659 -60.5954
0.0174004 0.241716 -32.4272
0.0187653 0.234493 -30.3721
0.000258155 0.234185 -29.3306
-0.0169806 0.24699 -31.9714
-0.0269334 0.239646 -29.1396
-0.0206612 0.26177 -35.9731
-0.0134039 0.239844 -30.2306
-0.0136719 0.25002 -33.2591
-0.0140346 0.254418 -34.4409
-0.00592228 0.272215 -40.9858
-0.00741667 0.279163 -42.6366
-0.0070265 0.277786 -42.2936
-0.0100194 0.275221 -40.7873
-0.00703211 0.274462 -41.3766
-0.00466665 0.276922 -43.0221
0.00928439 0.30668 -55.8044
0.00289189 0.322903 -58.3148
0.00770725 0.320882 -59.3329
0.00645434 0.323015 -59.5536
0.0189689 0.329868 -66.5814
0.0105235 0.337755 -64.9835
0.0191747 0.331575 -67.1255
0.00621052 0.323357 -58.7051
0.0174385 0.311297 -60.6944
0.00238556 0.317265 -54.7347
0.00232223 0.308327 -52.2256
0.0017834 0.304799 -50.9991
0.00236832 0.312143 -53.3756
0.00637833 0.3109 -55.3948
0.00878075 0.317291 -58.5602
0.00165775 0.310841 -51.9835
-0.00460011 0.325767 -52.4217
4.3889e-06 0.315493 -52.9485
-0.000404664 0.320077 -53.931
0.0153931 0.304533 -60.8845
0.0192785 0.301874 -62.9186
0.0247771 0.29584 -65.3977
0.0265062 0.289562 -65.1111
0.0342881 0.281836 -69.1644
0 0 -1
0.0272009 0.267164 -58.8895
0.0300263 0.257885 -58.563
0.0253533 0.252372 -53.0007
0.0321051 0.225235 -51.3663
0.0274004 0.232824 -48.9865
0.0218325 0.250003 -48.8298
0.0173413 0.264521 -48.331
0.0162423 0.260398 -45.9897
0.0247161 0.269514 -57.1749
0.0216309 0.257421 -50.5292
0.0226178 0.263157 -53.23
0.0498952 0.219247 -70.5654
0.0658251 0.170443 -74.1056
0.049237 0.133044 -44.5348
0.0586279 0.0225989 -24.0924
0.15729 0.00557604 -93.0872
0.0953304 0.0113814 -20.477
0.0411996 0.0119184 44.2348
0.020743 0.252992 -35.8272
0.0185872 0.255594 -36.5247
0.000215429 0.248755 -33.4143
-0.0134214 0.251776 -33.7233
-0.0164374 0.241076 -30.318
-0.00851041 0.265918 -38.8649
-0.00897259 0.270552 -40.1355
-0.0093546 0.270902 -40.0088
0.000416334 0.277679 -43.7545
-0.00710537 0.271682 -40.3348
-0.0046529 0.279757 -43.4029
-0.0171917 0.273804 -38.6083
0.00685039 0.30735 -55.2822
0.00199108 0.296632 -50.5913
0.0150489 0.315785 -60.2917
0.00958489 0.324943 -61.1701
0.00409902 0.330133 -60.8995
0.00643953 0.320935 -58.8556
0.0187751 0.332994 -67.2961
0.0215269 0.327878 -66.9524
0.0221371 0.318969 -64.4234
0.00948768 0.318525 -58.5863
0.00201977 0.324261 -57.2198
0.0119606 0.32183 -61.2289
0.00838315 0.312523 -56.453
0.00358149 0.310045 -53.1494
0.00309793 0.304971 -51.4758
0.00348377 0.321258 -56.679
0.00429595 0.315753 -55.4198
0.00264874 0.319392 -55.5289
0.00112757 0.317663 -54.0013
-0.00311072 0.322739 -52.7931
-0.00168116 0.32472 -54.3073
-0.00357111 0.316194 -50.3367
0.000505755 0.321013 -54.7627
0.0149463 0.310624 -62.3606
0.0303186 0.302229 -71.4543
0.0263926 0.307432 -70.0645
0.0247946 0.302398 -67.2927
0.0257335 0.298018 -66.7252
0.031923 0.29007 -69.5997
0.0285958 0.292578 -67.3786
0.0200836 0.290634 -59.1025
0.0221967 0.293127 -61.865
0.0226765 0.291594 -61.7926
0.0227106 0.274669 -56.5509
0.0240237 0.28097 -59.6691
0.0239969 0.286641 -61.3757
0.0223468 0.281163 -57.9949
0.0183503 0.284842 -54.9272
0.0167996 0.28356 -52.7308
0.0125883 0.286488 -49.2545
0.0361958 0.260965 -67.6056
0.0242829 0.234659 -45.7692
0.159712 -0.0279688 -85.6745
0.137385 -0.0437699 -53.6161
0.0828006 0.00439761 -3.46139
0.109264 -0.363737 77.2041
0.0197559 0.262129 -38.6266
0.017881 0.261395 -38.315
0.0156093 0.269198 -40.787
-0.00616334 0.2673 -38.8749
-0.0101544 0.27306 -40.6352
-0.00303662 0.282862 -44.7772
-0.00840009 0.289923 -46.2437
-0.00586325 0.278703 -42.9986
0.00100044 0.284748 -46.0311
-0.00313602 0.288274 -46.4812
-0.00701224 0.306026 -51.4849
0.00373556 0.32137 -58.9504
0.00780771 0.33946 -65.6937
0.00507922 0.322187 -59.1796
0.0078624 0.316492 -58.0618
0.00902145 0.318792 -59.2865
0.00890282 0.31978 -59.457
0.0130801 0.336728 -66.5899
0.031853 0.329258 -71.3292
0.0409237 0.322811 -73.0314
0.0235731 0.322471 -66.3951
0.00668164 0.331872 -61.8205
-0.00463898 0.332447 -56.8062
0.000761444 0.330651 -58.7231
0.00974008 0.340283 -66.4367
0.00276374 0.329344 -59.0329
0.0024039 0.316313 -54.0996
-0.0041165 0.326432 -53.7417
0.00240768 0.316296 -54.3783
0.00675688 0.320967 -58.5605
0.00238873 0.319263 -55.3468
0.00280905 0.326835 -58.1603
0.00647554 0.329964 -61.6422
-0.00277281 0.333486 -56.1615
0.00322492 0.336634 -61.7945
0.00762331 0.335992 -64.9416
0.00883335 0.322365 -61.4424
0.0272153 0.297808 -67.6031
0.0189785 0.307629 -64.0818
0.0264934 0.308666 -70.641
0.0246433 0.306316 -68.3288
0.0274284 0.297132 -67.6664
0.0261079 0.30037 -67.587
0.0268505 0.304907 -69.7412
0.0252545 0.307281 -68.9952
0.0213108 0.307227 -65.2671
0.0185293 0.31973 -66.6055
0.0193067 0.311576 -64.6915
0.0214563 0.299287 -62.8622
0.0158805 0.30026 -57.4025
0.0213572 0.28636 -58.6476
0.0177567 0.292153 -56.586
0.0251022 0.289586 -64.1085
0.018907 0.285384 -55.6492
0.0171307 0.299781 -58.392
0.191941 -0.0441898 -118.848
0.139534 -0.00916901 -67.3918
0.0650459 0.0188818 12.9202
0.0168587 0.262403 -38.6397
0.0138357 0.255806 -36.2086
0.0163161 0.254087 -35.5732
-0.00534328 0.263047 -37.5593
-0.00556986 0.270969 -40.2496
-0.0040538 0.293147 -48.0752
-0.0071995 0.293905 -48.0371
0.00775761 0.288312 -48.3935
0.00873397 0.298063 -51.8874
0.0098181 0.304689 -54.4439
0.0107045 0.322478 -60.6982
0.00544997 0.332448 -62.8235
0.0158383 0.329394 -64.4243
0.00168326 0.310166 -53.6922
0.00599644 0.322177 -59.2471
0.00961956 0.323743 -60.9226
0.0102334 0.355226 -72.0853
0.00875055 0.345296 -67.997
0.0157585 0.330418 -65.632
0.00924141 0.328474 -62.0581
0.0194203 0.322037 -64.3026
0.0170143 0.328602 -65.3777
0.00777356 0.336092 -63.8335
0.00298435 0.330987 -59.7029
0.00488065 0.316205 -55.4921
0.00642199 0.318804 -57.32
0.00301974 0.318885 -55.3777
0.00758189 0.32482 -60.1364
-0.00112569 0.323971 -54.7558
-0.00532039 0.31579 -49.4908
0.00639517 0.335992 -63.9725
0.00516863 0.319003 -57.174
0.00225339 0.314759 -53.6676
0.00878591 0.310518 -56.7932
0.00883662 0.33318 -64.8449
0.00259366 0.31332 -53.1053
0.0045651 0.310351 -53.8381
0.0149682 0.31327 -63.0371
0.033971 0.296466 -72.6392
0.0346071 0.307681 -77.0269
0.0165887 0.312623 -63.4492
0.0209869 0.305431 -64.7563
0.0261629 0.298248 -66.9011
0.0313725 0.293178 -69.9062
0.0293902 0.289996 -66.9378
0.0280336 0.296709 -68.0156
0.023665 0.304793 -66.5638
0.025458 0.312098 -70.8648
0.0165003 0.325777 -66.5134
0.00731613 0.333206 -59.6135
0.00788291 0.301583 -49.1673
0.0131528 0.29365 -52.029
0.0184356 0.292236 -57.3105
0.014972 0.313064 -60.7262
0.0205186 0.305884 -64.4509
0.200528 -0.0102912 -139.796
0.137537 -0.019846 -61.0252
0.0686188 0.0131675 10.8324
0.00810958 0.262446 -38.5564
0.00537683 0.247452 -33.0047
0.00276682 0.238321 -29.5968
0.00272599 0.22194 -23.767
0.0058323 0.25221 -34.6972
0.00265582 0.261487 -37.7805
0.00362762 0.285304 -46.5646
0.00769194 0.289289 -48.6529
0.014301 0.2955 -51.9569
0.0131837 0.315982 -59.0318
0.0142289 0.312551 -58.0528
0.0102122 0.305904 -54.7146
0.0211551 0.299992 -55.4821
0.0187108 0.320955 -62.2167
0.0227645 0.310907 -60.1772
0.0123274 0.357853 -73.6595
0.00164547 0.341935 -64.2559
-0.000266404 0.338304 -62.1365
0.00463228 0.275304 -41.7826
0.0268687 0.299688 -59.3128
0.0154313 0.324683 -63.2772
0.00815636 0.307838 -54.0666
-0.00142134 0.301392 -47.1795
0.000979703 0.0930934 27.49
0.00562678 0.292958 -47.7701
0.00414639 0.289142 -45.6051
0.00368762 0.30399 -50.5079
0.00231096 0.302486 -49.1763
-0.002694 0.299957 -45.3115
-0.00316357 0.298965 -44.8563
0.00661377 0.31442 -56.5022
0.00219918 0.294262 -46.4495
0.00961028 0.313857 -58.3025
0.0010438 0.309433 -50.8132
0.00178263 0.301115 -48.3782
-0.00854274 0.288122 -35.8683
0.0108982 0.279097 -47.8099
0.0120413 0.292715 -53.4333
0.0251035 0.277879 -58.7803
0.0351831 0.286441 -70.0335
0.0246347 0.287671 -61.5998
0.0188675 0.285927 -56.0321
0.0233008 0.279526 -57.681
0.0230974 0.2745 -55.5997
0.0247635 0.267551 -54.6413
0.0283413 0.265718 -57.418
0.0363141 0.278456 -69.8095
0.026343 0.29399 -65.4522
0.013092 0.297134 -52.9786
0.00897549 0.305811 -51.7074
0.0103377 0.295124 -49.4288
0.00727086 0.284274 -42.2136
0.0243948 0.2746 -57.7364
0.0308869 0.298421 -73.6579
0.0269412 0.309999 -73.3347
0.154732 -0.0072872 -86.2607
0.136332 -0.00507282 -64.9384
0.0825023 -0.0319367 9.58057
