0 1 3
1 2 3
2 3 3
3 4 2
4 5 3
5 6 3
6 7 3
7 8 3
8 9 0
9 10 1
10 11 3
11 12 3
12 13 3
13 14 3
14 15 3
15 16 3
16 17 3
17 18 3
18 19 3
19 21 3
21 23 0
23 25 0
25 26 3
25 27 3
27 28 3
28 29 3
29 30 3
30 31 3
31 33 3
33 34 3
34 36 1
36 37 3
37 38 3
38 39 3
39 40 3
40 41 3
41 42 3
42 44 3
44 45 3
45 46 3
46 47 3
47 48 3
48 49 3
49 50 1
50 51 3
51 52 3
52 53 3
53 54 3
54 55 3
55 56 3
56 57 3
42 43 3
26 27 3
43 44 3
33 90 0
36 93 0
7 65 3
11 69 3
23 82 0
25 82 2
12 69 3
21 80 3
34 93 2
19 77 0
23 80 3
36 94 3
6 65 3
37 94 3
18 76 0
19 76 0
21 77 3
38 96 3
39 97 3
40 97 3
42 100 3
50 107 0
51 109 3
52 109 3
1 59 3
3 61 0
4 61 0
10 69 3
39 96 3
43 100 3
49 107 3
56 114 3
2 59 3
12 70 3
16 74 3
76 77 3
23 81 3
33 91 0
13 71 3
17 74 3
77 78 3
21 78 3
80 81 3
28 86 3
37 95 3
50 109 3
54 112 3
55 114 3
12 71 3
26 83 3
29 86 3
29 87 3
30 87 3
31 89 3
33 89 3
38 95 3
46 48 3
53 112 3
2 61 0
5 63 3
9 67 3
10 68 0
14 71 3
14 73 3
15 73 3
17 75 3
80 138 3
81 138 3
25 83 3
96 97 3
54 113 3
55 113 3
0 58 3
0 59 3
10 67 0
68 69 1
69 70 3
18 75 3
26 84 3
27 84 3
34 91 0
43 101 3
43 102 3
44 102 3
45 103 3
46 103 3
52 110 3
53 111 3
113 114 3
114 115 3
56 115 3
2 60 3
4 63 3
6 63 3
8 67 0
67 68 3
16 73 3
74 75 3
27 86 3
41 100 3
100 101 3
45 102 3
48 106 3
48 107 3
109 110 3
110 111 3
60 61 0
61 120 3
70 71 3
14 72 3
95 96 3
41 99 3
106 107 3
112 113 3
58 59 3
4 120 0
81 82 0
30 146 3
89 90 0
90 91 3
93 94 3
99 100 3
101 102 3
48 103 3
57 115 3
63 120 0
6 64 3
8 65 2
71 72 3
75 76 0
21 79 3
82 83 3
83 84 3
86 87 3
30 147 3
102 103 3
63 64 3
64 65 3
78 79 3
87 146 3
146 147 3
31 147 3
94 95 3
111 112 3
59 60 3
79 80 3
73 74 3
89 147 3
65 67 3
82 140 3
41 97 3
72 73 3
81 140 0
48 163 3
106 163 3
107 109 1
84 143 3
97 99 3
103 161 3
103 163 3
109 166 0
61 119 3
84 86 3
95 153 3
96 153 3
97 156 3
103 162 3
107 166 3
119 120 3
82 141 3
83 141 3
86 143 3
99 156 3
161 162 3
162 163 3
65 123 2
68 126 1
86 144 3
86 145 3
93 151 3
94 152 3
67 126 3
74 133 2
75 133 3
87 145 3
89 148 0
90 148 3
91 150 1
34 150 3
93 150 3
94 151 3
94 153 3
106 164 3
107 164 3
65 124 3
67 124 2
71 129 3
91 148 3
113 171 3
114 171 3
64 123 3
67 125 3
71 130 3
74 132 3
76 133 3
78 136 3
79 136 3
84 142 3
152 153 3
60 118 0
124 125 1
69 126 3
70 128 3
72 130 1
132 133 3
76 134 3
77 134 3
143 144 3
151 152 3
107 165 3
109 167 3
112 170 3
113 170 3
115 173 3
58 116 0
59 116 0
59 117 0
61 118 3
118 119 3
123 124 2
69 127 3
71 128 3
129 130 3
73 131 2
133 191 3
77 135 3
97 155 3
99 157 3
100 158 3
101 159 3
102 159 3
164 165 3
166 167 1
110 168 3
111 169 3
114 172 3
60 117 0
69 128 3
128 129 3
74 131 2
133 134 3
134 135 3
140 141 3
155 156 3
157 158 3
158 159 3
109 168 3
168 169 3
111 170 3
171 172 3
116 117 3
77 136 3
83 142 3
96 155 3
156 157 3
102 161 3
165 166 3
114 173 3
172 173 3
126 127 3
131 132 3
135 136 3
79 137 3
80 137 3
142 143 3
150 151 3
163 164 3
169 170 3
170 171 3
64 122 0
127 128 3
72 131 2
138 140 0
145 146 3
148 150 3
102 218 3
117 118 0
122 123 1
130 131 3
141 142 3
144 145 3
161 218 3
63 122 0
125 126 3
136 137 3
137 138 3
147 204 3
150 207 3
63 179 0
134 191 3
159 218 3
120 179 3
122 179 3
138 196 0
167 168 3
146 204 3
147 148 0
153 155 3
126 185 3
127 185 3
132 190 0
137 196 0
153 212 3
155 212 3
123 181 2
138 197 0
140 197 3
153 211 3
167 225 3
144 202 3
145 202 3
211 212 3
168 225 3
124 181 0
131 190 0
196 197 3
133 190 0
164 222 3
173 231 3
122 180 3
135 193 3
147 206 3
148 207 3
165 222 3
169 227 3
170 227 3
172 231 3
119 177 3
131 189 0
134 193 3
120 178 3
130 189 0
142 200 3
158 217 3
159 217 3
163 221 3
119 178 3
136 193 3
137 194 3
150 266 3
155 213 3
161 219 3
164 221 3
171 230 3
172 230 3
116 174 3
117 174 3
128 186 3
128 187 3
129 187 3
134 192 3
136 194 3
140 198 3
145 204 3
148 206 1
151 266 3
156 213 3
156 214 3
157 215 3
218 219 3
162 221 3
168 226 3
227 228 3
170 228 3
230 231 3
124 182 0
125 182 0
127 186 3
191 192 3
192 193 3
193 194 3
194 196 0
197 198 3
204 262 3
206 207 3
214 215 3
158 215 3
165 223 3
166 223 3
226 227 3
171 228 3
171 229 3
117 175 0
118 175 3
178 179 3
126 184 0
185 186 3
130 187 3
141 198 3
152 211 3
212 213 3
213 214 3
162 219 3
221 222 3
229 230 3
118 177 3
177 178 3
189 190 3
142 257 3
143 200 3
143 202 3
217 218 3
166 225 1
225 226 3
186 187 3
141 257 3
200 257 3
145 261 3
204 206 1
207 266 3
152 210 3
215 217 3
179 180 3
122 181 3
198 257 3
202 261 3
207 265 3
265 266 3
151 210 3
222 223 3
228 229 3
125 184 0
184 185 1
190 191 3
210 266 3
210 211 3
166 282 3
174 175 0
181 182 3
225 282 0
174 232 0
118 234 3
182 184 3
200 202 3
223 282 3
175 232 1
177 234 3
204 261 3
180 181 3
194 253 0
200 259 3
219 221 3
196 253 3
202 259 3
261 262 3
226 284 3
215 273 1
215 274 1
175 234 3
180 239 3
184 242 3
187 189 0
189 247 0
266 267 3
210 267 3
273 274 3
225 284 0
180 296 3
181 239 3
185 242 0
200 258 3
204 263 1
206 263 3
283 284 3
239 296 3
192 251 3
193 251 3
221 280 3
186 244 3
186 245 3
198 256 3
257 258 3
214 272 1
222 280 3
185 243 0
185 244 3
187 245 3
196 254 3
256 257 3
272 273 3
182 240 3
242 243 3
197 254 3
262 263 3
211 269 3
225 283 0
227 284 3
229 288 3
230 288 3
178 237 3
179 237 3
181 240 3
243 244 2
190 247 0
206 264 3
207 264 3
210 268 3
212 269 3
212 270 3
217 274 1
218 276 3
219 278 3
221 278 3
223 281 3
282 283 3
227 285 3
174 290 0
232 233 0
180 237 3
191 249 3
192 250 3
194 251 3
197 255 3
258 259 3
202 260 3
211 268 3
213 270 3
217 276 3
219 276 3
219 277 3
278 280 3
222 281 3
281 282 3
284 285 3
228 286 3
229 287 3
290 522 0
175 233 3
177 235 3
178 235 3
189 245 1
189 246 0
191 250 3
253 254 3
254 255 3
255 256 3
259 260 3
268 269 3
228 285 3
286 287 3
287 288 3
232 290 3
233 291 3
244 245 3
245 246 0
250 251 3
260 261 3
276 277 3
277 278 3
231 289 3
182 241 3
184 241 3
191 247 0
249 250 3
267 268 3
213 272 1
285 286 3
239 240 3
246 247 3
234 235 3
213 329 1
280 281 3
231 288 3
235 237 3
241 242 0
263 264 3
269 270 3
270 329 1
251 310 0
264 265 3
272 329 3
274 332 3
217 332 1
288 289 3
233 234 3
240 241 3
247 249 3
251 309 0
194 310 0
234 292 3
235 292 3
253 310 3
289 347 3
237 294 3
264 323 3
233 292 3
235 294 3
309 310 3
265 323 3
292 350 3
237 296 3
270 328 3
233 350 3
239 297 3
266 324 3
269 328 3
296 297 3
265 324 3
217 334 3
285 343 3
244 302 3
249 307 3
257 316 3
258 316 3
259 316 3
332 334 3
280 338 3
284 400 3
286 343 3
245 302 3
245 303 3
247 305 3
247 307 3
263 321 3
267 324 3
280 395 3
282 340 3
284 343 3
286 344 3
246 303 1
254 312 3
260 319 3
261 319 3
262 320 3
272 330 3
278 395 3
343 400 3
287 344 3
232 291 2
239 298 3
240 298 3
246 304 3
247 304 3
255 312 3
261 320 3
263 320 3
324 382 3
268 327 3
269 327 3
273 330 3
283 341 3
284 341 3
290 291 2
291 522 0
237 295 3
242 300 3
243 302 3
305 307 3
250 309 0
255 313 3
264 321 3
323 324 3
329 330 3
276 334 3
281 339 3
281 340 3
282 341 3
287 345 3
288 345 3
291 350 3
294 295 3
295 296 3
297 298 3
241 300 3
242 301 3
243 301 3
250 307 3
250 308 3
310 311 3
253 311 3
254 311 3
256 313 3
259 317 3
260 318 3
268 326 3
273 331 3
274 331 3
277 394 3
278 394 3
338 395 3
280 339 3
339 340 3
340 341 3
288 346 3
289 346 3
304 305 3
308 309 0
317 318 3
318 319 3
319 320 3
267 326 3
330 331 3
276 335 3
277 335 3
338 339 3
345 346 3
302 303 3
303 304 0
312 313 3
316 317 3
326 327 3
327 328 3
343 344 3
346 347 3
300 301 2
307 308 3
256 314 3
328 329 1
341 400 1
292 294 3
331 332 3
335 394 3
301 302 2
311 312 3
313 314 3
291 349 3
257 314 3
334 335 3
241 298 3
320 321 3
324 326 3
344 345 3
349 350 3
264 380 3
298 357 3
241 357 3
323 380 3
334 390 3
294 350 2
307 364 3
307 365 3
332 390 3
305 364 3
314 316 3
339 397 3
316 373 3
321 380 3
390 392 3
334 392 3
341 398 3
364 365 3
309 367 3
324 383 3
350 351 2
310 367 3
316 374 3
326 383 3
340 398 3
373 374 3
323 381 3
382 383 3
327 384 3
341 399 3
295 354 3
310 368 3
312 371 3
313 371 3
324 381 3
399 400 3
345 403 3
294 351 3
294 352 3
295 352 3
296 354 3
297 355 3
311 368 3
321 379 3
329 387 3
331 390 3
339 398 3
343 402 3
344 402 3
344 403 3
298 355 3
303 361 3
314 371 3
320 379 3
328 387 1
330 387 3
394 395 3
338 396 3
339 396 3
351 352 3
300 357 3
300 358 3
302 360 3
302 361 3
304 362 3
308 366 3
367 368 3
381 382 3
346 403 3
346 404 3
347 405 3
301 360 1
304 364 3
307 366 3
314 372 3
317 375 3
318 376 3
319 376 3
330 388 3
331 389 3
335 393 3
343 401 3
346 405 3
297 354 3
298 356 3
360 361 3
304 361 1
311 369 3
312 369 3
371 372 3
314 373 3
374 375 3
375 376 3
379 380 3
387 388 3
388 389 3
389 390 3
393 394 3
400 401 3
401 402 3
404 405 3
295 411 3
355 356 3
357 358 3
362 364 3
395 396 3
397 398 3
402 403 3
403 404 3
352 411 3
354 411 3
356 357 3
354 355 3
309 366 1
372 373 3
319 377 3
320 377 3
380 381 3
396 397 3
368 369 3
369 371 3
398 399 2
348 522 0
365 366 3
366 367 0
371 428 3
376 377 3
301 358 2
304 420 3
369 428 3
320 378 3
328 384 3
361 420 0
362 420 3
335 392 3
377 378 3
326 384 3
384 443 3
392 393 3
364 421 3
378 379 3
362 421 3
384 442 3
384 444 3
328 444 3
442 443 3
301 417 2
360 417 0
366 424 3
383 442 3
392 450 3
349 407 3
383 384 3
443 444 3
387 444 0
397 455 3
400 459 3
401 459 3
291 407 2
358 417 3
396 455 3
401 460 3
402 460 3
371 429 3
394 453 3
395 453 3
350 409 3
355 413 3
356 413 3
459 460 3
351 409 3
428 429 3
374 432 3
376 434 3
377 434 3
354 413 3
357 415 3
373 432 3
379 438 3
380 438 3
400 458 3
407 522 0
368 427 3
387 445 3
458 459 3
364 422 3
365 422 3
367 424 1
369 427 3
372 430 3
378 436 3
444 445 1
390 448 3
394 451 3
396 453 3
398 456 3
352 410 3
354 412 3
412 413 3
356 472 3
360 418 3
361 419 3
420 421 3
365 423 3
367 425 3
367 427 3
371 430 3
373 430 3
374 433 3
375 433 3
377 436 3
379 436 3
388 446 3
389 447 3
392 448 3
393 451 3
399 456 2
399 457 3
403 461 3
404 462 3
405 463 3
351 410 3
410 411 3
411 412 3
413 472 3
418 419 3
419 420 0
421 422 3
366 423 3
424 425 0
429 430 3
432 433 3
433 434 3
445 446 3
446 447 3
447 448 3
392 508 3
457 458 1
460 461 3
461 462 3
462 463 3
417 418 1
422 423 3
434 436 3
379 437 3
437 438 3
393 508 3
397 456 3
456 457 3
356 415 3
423 424 3
425 427 3
381 438 3
450 508 3
451 453 3
453 510 3
451 508 3
451 510 3
453 455 3
455 456 3
409 466 3
357 416 3
358 416 3
427 428 3
381 439 3
382 439 3
415 416 3
416 417 3
424 482 3
430 431 3
373 431 3
431 432 3
415 472 3
425 482 1
383 439 3
409 410 3
436 437 3
438 439 3
434 493 3
350 466 3
436 493 3
383 499 3
430 488 3
439 499 3
429 488 3
442 499 3
392 507 3
457 516 3
458 516 0
350 407 2
437 496 3
438 496 3
448 507 3
455 513 3
458 517 3
410 467 1
421 479 3
427 484 3
493 494 3
453 511 3
516 517 3
409 467 1
420 479 3
425 484 3
427 485 3
433 492 3
434 492 3
436 494 3
437 494 3
438 497 3
455 511 3
459 517 3
484 485 3
439 497 3
413 470 3
419 477 3
431 489 3
442 500 3
444 502 3
451 509 3
460 517 3
407 465 2
407 466 3
412 470 3
413 471 3
416 474 3
418 477 3
419 479 0
425 483 3
429 487 3
430 489 3
432 489 3
433 491 3
499 500 3
443 502 3
508 509 3
509 510 3
461 519 3
410 469 3
411 469 3
412 469 3
471 472 3
417 474 3
422 479 3
422 480 3
482 483 0
428 485 3
428 486 3
487 488 3
432 490 3
491 492 3
439 498 3
443 501 3
444 503 1
445 503 3
446 504 3
447 504 3
456 514 3
460 518 3
460 519 3
462 519 3
462 520 3
463 520 3
465 466 3
470 471 3
479 480 3
423 480 3
483 484 3
429 486 3
433 490 3
496 497 3
498 499 3
500 501 3
501 502 3
502 503 1
503 504 3
447 506 3
448 506 3
510 511 3
511 513 3
513 514 3
463 521 3
485 486 3
488 489 3
490 491 3
506 507 3
520 521 3
489 490 3
447 505 3
457 515 3
517 518 3
518 519 3
519 520 3
465 522 0
417 476 3
477 479 0
492 493 3
504 505 3
505 506 3
456 515 3
515 516 3
418 476 0
497 498 3
467 469 0
423 482 3
469 470 3
416 472 3
474 476 3
476 477 1
479 536 3
514 515 3
423 539 3
486 487 3
437 553 3
477 536 0
482 539 3
496 553 3
466 524 1
466 467 1
469 527 1
470 527 1
472 474 3
494 553 3
515 573 3
516 573 3
467 524 2
467 526 1
469 526 1
526 527 3
480 539 3
505 564 3
506 564 3
465 524 1
472 531 1
474 531 1
509 568 2
510 568 2
517 576 3
467 525 2
471 530 1
472 530 1
474 533 3
476 533 3
498 555 3
507 565 3
392 565 3
516 574 3
518 576 3
524 525 3
525 526 3
530 531 3
477 535 3
490 549 2
573 574 3
517 574 3
465 523 3
535 536 0
491 549 3
492 549 3
496 554 3
497 555 3
508 565 3
522 523 1
506 565 3
511 568 2
519 577 3
487 545 3
488 545 2
490 548 2
494 551 2
499 558 3
500 558 3
501 559 3
511 569 2
511 570 2
513 570 2
520 577 3
523 580 0
470 528 1
471 528 1
476 535 1
479 537 3
486 544 3
487 544 3
488 546 2
489 546 2
489 547 2
548 549 3
493 551 3
494 552 2
499 557 3
502 559 3
502 560 3
503 560 0
503 561 3
504 561 3
568 569 3
522 580 3
531 533 0
476 534 1
536 537 3
479 538 3
480 538 3
490 547 2
551 552 3
558 559 3
559 560 3
560 561 1
514 570 2
514 573 3
518 577 3
520 578 3
527 528 2
545 546 3
492 550 3
492 551 3
553 554 3
557 558 3
509 567 1
569 570 3
514 572 3
517 575 3
523 524 2
534 535 2
537 538 3
546 547 3
549 550 3
497 554 3
570 572 3
572 573 3
575 576 3
577 578 3
485 543 3
486 543 3
547 548 3
550 551 3
552 553 3
505 561 3
564 565 3
565 566 1
565 567 1
508 567 1
567 568 0
574 575 3
576 577 3
538 539 3
544 545 3
566 567 3
520 579 3
521 579 3
471 529 1
578 579 3
529 530 0
499 555 3
483 600 2
484 600 2
484 543 3
543 544 3
528 529 2
543 600 3
551 609 3
499 614 3
567 625 3
568 625 1
482 600 0
550 609 3
552 609 3
557 614 3
555 614 3
565 623 3
568 626 2
533 534 2
554 555 3
564 623 3
625 626 0
525 583 3
528 587 0
531 589 3
505 620 3
524 583 3
526 583 3
529 587 0
533 589 1
546 604 3
554 614 3
561 620 3
564 620 3
570 628 1
547 604 3
566 623 0
569 628 1
572 630 1
528 586 2
548 606 3
620 621 3
564 621 3
570 629 1
570 630 1
573 631 1
574 631 1
574 632 1
527 586 3
530 587 3
530 588 3
533 591 3
535 593 3
543 601 3
544 601 3
547 606 3
549 606 3
550 608 3
553 610 3
560 618 1
561 619 3
564 622 3
622 623 3
569 626 2
629 630 3
572 631 1
631 632 3
526 584 3
586 587 3
589 591 3
534 593 2
539 598 3
482 598 2
598 600 3
545 604 3
549 608 3
558 616 3
561 618 3
628 629 3
575 577 3
524 582 3
583 584 3
527 584 3
587 588 3
539 597 3
597 598 3
600 601 3
604 605 3
547 605 3
608 609 3
554 613 3
613 614 3
557 616 3
619 620 3
567 624 3
569 627 2
588 589 3
530 589 3
534 591 2
534 592 3
544 603 3
545 603 3
605 606 3
549 607 3
609 610 3
552 610 3
554 612 3
557 615 3
559 618 1
566 624 3
624 625 3
626 627 2
627 628 1
582 583 3
536 593 1
603 604 3
554 610 3
615 616 3
621 622 3
630 631 3
578 637 3
579 637 3
524 580 0
527 585 3
536 594 2
606 607 3
607 608 3
612 613 3
618 619 3
575 632 1
592 593 2
593 594 0
559 616 3
580 582 1
584 585 3
537 594 3
610 669 3
614 615 3
623 624 1
575 634 1
577 634 1
591 592 2
537 595 3
538 597 3
601 603 3
554 669 2
632 634 3
577 635 1
594 595 3
538 595 3
616 618 1
628 686 0
538 596 3
612 669 3
578 635 1
585 586 3
596 597 3
635 637 0
634 635 3
595 596 3
622 681 3
637 694 1
637 695 1
623 681 3
624 681 0
598 658 3
600 658 3
601 660 3
603 660 3
616 674 3
618 674 0
635 694 3
598 657 3
627 686 3
694 695 3
601 658 3
591 648 3
598 656 3
610 668 3
614 672 3
615 672 3
632 691 3
634 691 3
589 648 2
656 657 3
657 658 3
609 668 3
582 641 3
583 641 3
597 656 3
618 677 3
619 677 3
624 683 3
582 640 3
588 648 3
591 650 3
592 650 3
594 651 1
597 655 3
668 669 3
613 670 3
615 673 3
616 673 3
625 683 3
630 689 3
631 689 3
580 638 3
584 641 3
591 649 3
593 651 3
655 656 3
601 659 3
608 667 3
609 667 3
612 670 3
618 676 3
621 679 3
626 684 3
630 688 0
634 692 3
638 640 1
582 638 0
640 641 3
585 642 3
585 643 3
588 646 3
592 651 2
594 652 1
595 653 3
596 654 3
658 659 3
604 662 3
605 663 3
606 664 3
607 665 3
608 666 3
667 668 3
613 671 3
622 680 3
625 684 0
627 684 3
627 685 3
629 687 0
629 688 0
632 690 3
634 693 3
635 693 3
584 642 3
642 643 3
585 644 3
587 644 3
646 648 3
648 649 3
649 650 3
650 651 3
594 653 3
596 653 3
654 655 3
659 660 3
662 663 3
663 664 3
664 665 3
665 666 3
666 667 3
673 674 3
620 679 3
622 679 3
680 681 3
683 684 0
685 686 3
628 687 0
689 690 3
693 694 3
643 644 3
586 644 3
651 652 3
603 661 3
603 662 3
670 671 3
614 671 2
672 673 3
620 678 3
678 679 3
684 685 3
691 692 3
588 644 3
669 670 3
677 678 3
679 680 3
688 689 1
690 691 3
692 693 3
641 642 3
652 653 0
653 711 3
660 661 3
661 662 3
671 672 3
644 646 3
652 711 3
653 654 3
674 676 3
676 677 3
686 687 3
638 697 1
640 697 3
684 742 1
648 704 3
648 705 3
624 740 3
646 704 3
681 740 2
704 705 3
650 708 3
651 709 3
652 709 3
672 730 3
683 740 3
687 688 3
651 708 3
671 729 3
671 730 3
658 716 3
659 716 3
670 729 3
674 732 3
656 714 3
657 716 3
665 724 3
666 724 3
676 732 2
676 735 3
677 735 3
679 737 3
646 703 3
649 708 3
709 710 3
652 710 3
654 712 3
657 714 3
660 718 3
661 718 3
668 726 3
669 726 3
673 731 3
678 737 3
680 739 3
681 739 2
688 747 1
694 752 3
695 753 3
640 698 3
641 699 3
642 699 3
643 701 3
644 703 3
655 712 3
667 724 3
667 726 3
669 727 3
730 731 3
678 735 3
679 738 3
680 738 3
689 747 3
693 752 3
694 753 3
642 700 3
642 701 3
644 701 3
703 704 3
649 707 3
711 712 3
655 713 3
657 715 3
659 718 3
661 719 3
662 720 3
663 721 3
664 721 3
664 722 3
667 725 3
726 727 3
670 727 3
670 728 3
673 732 3
678 736 3
683 742 3
684 743 1
685 743 1
686 744 1
687 744 1
687 746 1
688 746 1
690 748 3
691 749 3
692 749 3
692 750 3
693 751 3
697 698 3
641 698 3
699 700 3
648 706 3
649 706 3
712 713 3
713 714 3
714 715 3
715 716 3
719 720 3
720 721 3
665 722 3
665 723 3
723 724 3
725 726 3
727 728 3
729 730 3
735 736 3
736 737 3
738 739 3
683 741 3
743 744 3
747 748 3
748 749 3
693 750 3
751 752 3
752 753 3
644 702 3
705 706 3
707 708 3
721 722 3
724 725 3
728 729 3
676 733 2
749 750 3
750 751 3
698 699 3
701 702 3
702 703 3
706 707 3
708 709 3
722 723 3
731 732 3
732 733 3
739 740 3
742 743 3
746 747 3
718 719 3
737 738 3
740 741 3
741 742 3
710 711 3
700 701 3
659 717 3
716 717 3
717 718 3
733 735 2
687 803 1
733 793 3
735 793 2
744 803 3
704 762 3
732 790 3
746 803 3
703 762 3
733 790 3
731 790 3
705 762 3
724 782 3
739 797 3
697 756 3
698 756 3
699 756 3
703 761 3
719 777 3
725 782 3
738 797 3
742 801 3
743 801 3
717 776 3
718 776 3
718 777 3
720 777 3
723 782 3
728 785 3
733 792 3
792 793 3
740 798 3
746 804 3
700 758 3
701 758 3
701 759 3
707 765 3
710 769 3
711 769 3
712 770 3
714 773 3
715 773 3
721 779 3
723 781 3
727 785 3
737 795 3
739 798 3
741 798 3
741 799 3
742 799 3
743 802 3
744 802 3
747 804 3
748 806 3
749 806 3
749 808 3
750 808 3
750 809 3
751 809 3
638 756 1
758 759 3
702 759 3
702 761 3
761 762 3
705 763 3
706 764 3
708 765 3
708 766 3
709 766 3
713 770 3
713 771 3
714 772 3
716 774 3
717 775 3
720 778 3
722 779 3
722 780 3
722 781 3
725 783 3
726 784 3
726 785 3
728 786 3
729 787 3
733 791 3
736 795 3
738 796 3
747 805 3
749 807 3
752 810 3
752 811 3
753 811 3
702 760 3
762 763 3
763 764 3
707 764 3
709 767 3
712 769 3
770 771 3
771 772 3
773 774 3
774 775 3
776 777 3
777 778 3
778 779 3
783 784 3
786 787 3
730 787 3
730 788 3
730 790 3
790 791 3
795 796 3
796 797 3
798 799 3
803 804 3
804 805 3
805 806 3
808 809 3
809 810 3
760 761 3
710 767 3
779 780 3
782 783 3
784 785 3
787 788 3
791 792 3
742 800 3
806 807 3
810 811 3
756 757 3
699 757 3
765 766 3
769 770 3
772 773 3
775 776 3
780 781 3
736 793 2
797 798 3
800 801 3
801 802 3
802 803 3
807 808 3
766 767 3
781 782 3
785 786 3
788 790 3
789 790 3
799 800 3
757 758 3
764 765 3
759 760 3
767 769 3
788 789 3
736 794 2
793 794 3
794 795 2
767 826 3
769 826 3
757 815 3
793 851 3
758 815 3
789 847 3
792 850 3
794 851 3
795 853 2
756 815 3
758 816 3
776 834 3
790 847 3
793 850 3
794 853 3
802 859 3
759 816 3
759 817 3
763 821 3
764 821 3
775 834 3
777 834 3
801 859 3
802 860 3
760 817 3
764 822 3
765 823 3
769 828 3
770 828 3
774 832 3
777 836 3
780 838 3
781 838 3
782 841 3
783 841 3
787 846 3
788 846 3
791 850 3
803 860 3
804 863 3
805 863 3
806 865 3
807 865 3
809 867 3
810 867 3
756 814 3
815 816 3
762 821 3
821 822 3
765 822 3
766 823 3
771 829 3
773 832 3
775 832 3
775 833 3
778 836 3
791 849 3
794 852 3
798 856 3
800 858 3
800 859 3
806 864 3
808 865 3
814 815 3
760 818 3
761 818 3
761 819 3
762 820 3
766 824 3
767 824 3
771 828 3
772 829 3
773 831 3
777 835 3
779 837 3
781 839 3
782 840 3
784 842 3
785 843 3
786 845 3
787 845 3
790 849 3
852 853 3
797 856 3
799 857 3
859 860 3
803 861 3
804 862 3
808 866 3
810 868 3
811 869 3
816 817 3
819 820 3
820 821 3
822 823 3
769 827 3
828 829 3
772 831 3
832 833 3
834 835 3
837 838 3
838 839 3
839 840 3
783 842 3
842 843 3
785 845 3
788 847 3
849 850 3
796 855 3
797 855 3
856 857 3
857 858 3
860 861 3
861 862 3
862 863 3
805 864 3
866 867 3
867 868 3
811 868 3
638 814 1
823 824 3
767 825 3
826 827 3
827 828 3
835 836 3
845 846 3
851 852 3
796 853 2
864 865 3
825 826 3
779 836 3
840 841 3
841 842 3
843 845 3
846 847 3
847 849 3
855 856 3
817 818 3
818 819 3
824 825 3
831 832 3
850 851 3
858 859 3
868 869 3
833 834 3
863 864 3
836 837 3
844 845 3
865 866 3
843 844 3
853 855 2
853 912 3
855 912 2
772 888 3
817 875 3
829 888 3
831 888 3
841 899 3
849 906 3
818 875 3
842 899 3
847 906 3
850 909 3
814 873 3
815 873 3
818 876 3
819 876 3
819 877 3
820 877 3
825 883 3
828 886 3
851 909 3
816 875 3
876 877 3
820 878 3
824 883 3
829 886 3
840 899 3
858 917 3
859 917 3
816 874 3
877 878 3
821 878 3
823 882 3
824 882 3
826 884 3
855 913 2
856 915 3
857 915 3
815 874 3
874 875 3
823 881 3
882 883 3
827 884 3
827 886 3
844 902 3
912 913 3
866 924 3
867 925 3
868 927 3
873 874 3
875 876 3
822 880 3
822 881 3
881 882 3
832 890 3
833 890 3
833 891 3
834 891 3
834 892 3
836 894 3
837 894 3
840 898 3
845 902 3
845 903 3
849 908 3
850 908 3
908 909 3
852 910 3
856 913 2
863 921 3
865 924 3
866 925 3
869 927 3
814 872 3
878 879 3
821 879 3
821 880 3
827 885 3
829 887 3
831 889 3
832 889 3
890 891 3
891 892 3
835 893 3
837 895 3
838 896 3
839 897 3
839 898 3
842 900 3
846 903 3
846 904 3
847 905 3
851 910 3
853 911 3
857 916 3
858 916 3
860 918 3
861 919 3
862 920 3
862 921 3
864 922 3
865 923 3
638 872 1
872 873 3
879 880 3
880 881 3
825 884 3
884 885 3
885 886 3
886 887 3
887 888 3
889 890 3
892 893 3
893 894 3
894 895 3
895 896 3
896 897 3
897 898 3
898 899 3
899 900 3
843 900 3
904 905 3
905 906 3
849 907 3
910 911 3
911 912 3
917 918 3
918 919 3
919 920 3
921 922 3
922 923 3
868 925 3
883 884 3
902 903 3
903 904 3
906 907 3
907 908 3
909 910 3
916 917 3
868 926 3
843 901 3
844 901 3
915 916 3
924 925 3
926 927 3
888 889 3
900 901 3
920 921 3
925 926 3
901 902 3
923 924 3
913 915 3
888 946 3
889 946 3
904 963 3
905 963 3
913 972 3
915 972 2
923 982 3
924 982 3
908 966 3
925 983 3
926 983 3
926 985 3
927 985 3
872 931 3
873 931 3
880 939 3
881 939 3
887 945 3
909 966 3
876 934 3
882 939 3
884 943 3
885 943 3
899 957 3
909 967 3
925 982 3
638 931 1
874 932 3
877 934 3
879 937 3
887 946 3
895 953 3
895 954 3
896 954 3
910 967 3
912 971 3
913 971 3
915 973 2
916 975 3
917 975 3
873 932 3
875 932 3
877 936 3
878 936 3
878 937 3
880 938 3
883 941 3
884 941 3
945 946 3
889 947 3
891 949 3
892 949 3
896 955 3
897 955 3
901 960 3
902 960 3
966 967 3
972 973 3
916 973 2
923 981 3
982 983 3
875 933 3
879 938 3
938 939 3
886 945 3
890 947 3
890 948 3
892 950 3
894 953 3
953 954 3
900 957 3
900 958 3
903 961 3
904 961 3
904 962 3
962 963 3
906 964 3
907 964 3
910 968 3
911 969 3
912 970 3
917 976 3
918 976 3
919 977 3
920 978 3
921 979 3
922 980 3
981 982 3
931 932 3
932 933 3
933 934 3
877 935 3
937 938 3
882 940 3
882 941 3
886 943 3
886 944 3
946 947 3
891 948 3
949 950 3
954 955 3
898 955 3
898 1014 3
898 957 3
901 958 3
902 961 3
968 969 3
969 970 3
970 971 3
971 972 3
976 977 3
977 978 3
978 979 3
979 980 3
980 981 3
931 988 3
935 936 3
936 937 3
943 944 3
944 945 3
947 948 3
893 950 3
893 952 3
894 952 3
961 962 3
638 988 1
948 949 3
893 951 3
957 958 3
906 963 3
967 968 3
916 1032 2
975 976 3
934 935 3
939 940 3
940 941 3
955 1014 3
960 961 3
907 965 3
907 966 3
975 1032 3
950 951 3
952 953 3
957 1014 3
964 965 3
965 966 3
973 1032 3
951 952 3
958 960 3
963 964 3
983 985 3
941 1000 3
884 1000 3
943 1000 3
958 1017 3
960 1017 3
957 1016 3
988 989 3
931 989 3
958 1016 3
983 1042 3
985 1042 3
933 992 3
934 992 3
940 998 3
939 998 3
946 1004 3
955 1013 3
965 1024 3
966 1024 3
932 990 3
933 990 3
939 997 3
947 1004 3
957 1015 3
1015 1016 3
962 1020 3
963 1020 3
963 1021 3
975 1033 3
983 1041 3
931 990 3
935 993 3
938 997 3
997 998 3
944 1003 3
945 1003 3
946 1003 3
1020 1021 3
964 1022 3
967 1025 3
968 1026 3
969 1026 3
972 1031 3
973 1031 3
1032 1033 3
982 1041 3
933 991 3
936 993 3
937 996 3
941 998 3
941 999 3
950 1008 3
950 1009 3
951 1009 3
953 1011 3
1013 1014 3
960 1018 3
961 1020 3
963 1022 3
965 1022 3
966 1025 3
981 1039 3
991 992 3
934 993 3
936 994 3
938 996 3
999 1000 3
943 1001 3
944 1002 3
947 1005 2
948 1005 2
948 1006 2
949 1007 2
949 1008 3
952 1009 3
952 1011 3
954 1011 3
965 1023 3
967 1026 3
969 1027 3
970 1028 3
971 1029 3
972 1030 3
976 1034 3
977 1035 3
978 1036 3
979 1037 3
980 1038 3
980 1039 3
982 1040 3
1041 1042 3
985 1043 3
989 990 3
990 991 3
993 994 3
937 994 3
996 997 3
1000 1001 3
1001 1002 3
1002 1003 3
1004 1005 3
1005 1006 3
1006 1007 3
1007 1008 3
1008 1009 3
1021 1022 3
1022 1023 3
1023 1024 3
1025 1026 3
1026 1027 3
1027 1028 3
1028 1029 3
1029 1030 3
1030 1031 3
1031 1032 3
1033 1034 3
1034 1035 3
1035 1036 3
1036 1037 3
1037 1038 3
1039 1040 3
1040 1041 3
992 993 3
998 999 3
1003 1004 3
1014 1015 3
1016 1017 3
1017 1018 3
961 1018 3
1038 1039 3
954 1013 3
1024 1025 3
1042 1043 3
1009 1011 3
1011 1013 3
