-0.0074534 -0.0105637 9.60128
0.00595138 -0.00520755 9.19441
0.00323779 0.00459932 9.41989
-0.0220592 -0.00779869 11.271
-0.047655 0.0495092 11.4929
-0.0649305 0.00835036 14.0648
-0.0646304 -0.013641 14.2217
-0.0138293 0.00999764 6.35675
0.0236461 0.0189829 -0.104736
0.0301179 0.0117632 -1.11952
0.0200309 -0.00942155 1.40224
0.00323732 -0.00956118 5.33319
-0.00106006 -0.0123813 6.44808
-0.00696866 -0.00842362 8.03338
-0.00257778 -0.0104754 6.51317
0.0158286 -0.00671342 0.152468
0.0299365 0.000815975 -4.64354
0.0351754 -0.00469301 -6.4416
0.0326612 0.00481661 -5.34888
-0.0122032 0.0288932 12.3808
-0.0150496 0.0354445 13.4565
-0.014123 0.0406095 12.9822
0.0114281 0.0469909 0.981179
0.0305681 0.0486071 -8.15761
0.0230587 0.0320303 -3.70096
0.00142915 0.0285488 7.52655
7.44742e-05 0.0203872 8.45189
-0.0109291 0.0236682 14.8037
-0.0159309 0.0106587 18.2757
-0.00377788 -0.00810798 11.1712
0.0112692 -0.010584 1.12914
-0.00378217 0.0278634 10.7494
-0.00321266 0.0331532 10.2685
-0.00657642 0.0330712 12.6674
-0.00207269 0.0189432 9.71075
-0.0299497 0.0110895 31.1191
-0.0286773 0.00378609 30.124
0.234771 -0.0182396 -180.295
0.0123342 0.0343226 -0.276332
0.000711399 0.00458985 9.59476
0.0631202 0.0352474 -45.2042
0.131109 0.0349875 -104.862
-0.0089403 0.0141629 36.0821
-0.0146003 0.019081 41.3562
0.0322088 -0.0114897 -11.6111
0.0265887 -0.0248895 -5.98193
-0.0160878 -3.50438e-06 54.1616
-0.0126777 -0.0266065 51.1936
-0.0325223 -0.0606647 72.1554
-0.00130334 -0.184499 41.1043
0.0349238 -0.243095 2.78052
0.0561848 -0.0596009 -22.3629
0.0181067 -0.0075779 19.3674
0.00323145 -0.00880916 36.5485
0.0659435 0.00941677 -37.2552
0.0506707 0.0382753 -19.4695
0.0293136 -0.197163 13.3194
0.0319642 -0.219451 10.2553
0.00446249 0.00185421 9.42688
0.00120061 0.00568584 9.31202
-0.00144252 0.00112997 9.74808
-0.0275906 0.00646121 11.3218
-0.0677936 0.0166931 14.6394
-0.0784519 -0.0155691 15.8867
-0.0341056 -0.00365218 9.63678
0.00741385 0.0189031 2.64854
0.0352032 0.0353768 -2.52844
0.0135077 0.0274472 1.88321
0.0136938 0.00445087 2.48511
-0.000977427 0.00164754 6.13548
-0.00146452 -0.000658286 6.28306
-0.00851844 0.000810672 8.15056
-0.000523486 -0.00449924 5.6292
0.0166865 -0.0255655 0.841939
0.0266734 -0.0425281 -1.98747
0.0621235 -0.0209036 -16.0755
0.0575336 -0.0084534 -14.4204
0.0118801 0.0109432 3.27766
-0.0123459 0.0268111 12.8995
0.0012827 0.0118426 7.3098
0.0194301 0.0394978 -2.34418
0.0293909 0.0431677 -7.26733
0.0105892 0.0172467 3.57145
0.00113652 0.0213419 8.29881
-0.000681519 0.0161795 9.41761
-0.0101419 0.00699075 15.3642
-0.0265581 -0.00217043 25.7197
-0.011157 -0.00565385 15.9044
0.00128948 -0.0113974 7.80435
0.0177609 0.00901078 -3.50882
0.00578385 0.0233192 4.23472
-0.00609451 0.0372578 12.385
-0.0120346 0.0232065 17.0586
-0.0272795 0.0127059 28.9378
-0.0379568 -0.00211605 37.604
0.226916 -0.025421 -173.999
0.013131 -0.0052304 -0.406113
0.022847 0.00121539 -9.13373
0.0838511 0.0130755 -63.1043
0.162762 -0.0265556 -132.086
0.106913 -0.0210971 -80.4569
0.0366961 0.00623771 -16.7152
0.0357589 -0.0105685 -15.2705
0.030971 0.0041416 -11.26
-0.00535493 -0.00196267 43.6262
-0.0138226 0.00336535 51.7916
-0.0806871 -0.0342958 122.647
-0.0787035 -0.17631 122.792
-0.0463539 -0.224079 90.1784
0.0260561 -0.0196231 10.8469
0.00611855 0.00912465 32.4209
0.0202226 -0.0275289 16.9937
0.0703747 -0.00182763 -41.6745
0.0336759 -0.0380975 2.43598
0.0164003 -0.198343 28.5768
-0.0292808 -0.228543 85.3635
0.00215558 0.000697683 9.46915
0.000539559 -0.00831429 10.0269
-0.000239392 -0.000389758 9.64225
-0.0283123 -0.00461133 11.972
-0.0727383 0.00101127 15.5771
-0.0793068 0.0115107 14.992
-0.0291606 -1.80593e-05 8.85741
0.0346596 0.0286427 -2.17515
0.011683 0.019898 2.66221
-0.00140996 0.00814115 5.8069
0.00081066 -0.00287555 5.84379
0.00103353 -0.000770414 5.77588
-0.00672386 -0.00142474 7.79063
-0.0156736 -0.00429874 10.5086
-0.0126856 -0.00705917 9.73592
-0.00369621 -0.00993424 6.80859
-0.0106774 -0.0011402 8.36986
0.0580044 -0.0366512 -14.0218
0.0443487 -0.0322022 -7.61061
-0.0104156 -0.0238522 14.4285
0.00492729 -0.0170518 7.39574
0.00896169 -0.0183866 5.57646
-0.00453919 0.0192681 10.4127
-0.0081388 -0.013202 14.7509
-0.000267128 -0.0372438 11.7349
-0.00358565 -0.0177028 12.5436
0.000158393 -0.028342 11.0936
-0.0124024 -0.0602243 19.8518
-0.0114414 -0.0358101 17.7773
-0.00322567 -0.0187616 11.6131
0.0119743 0.00102813 0.402916
0.0292192 0.0176976 -11.8554
0.0392323 0.0548317 -21.1294
0.00888236 0.0604107 0.305048
-0.0146452 0.0572331 17.1402
-0.0265126 0.0256988 27.7649
0.139851 0.0711204 -109.326
0.213921 -0.000885292 -164.886
0.0053808 0.00751578 5.29733
0.0144477 0.00535676 -2.04325
0.0288055 0.00503425 -14.6085
0.0537024 0.00181407 -36.531
0.136262 -0.0435726 -107.058
0.0531162 -0.00451019 -31.5603
0.0244044 -0.0111977 -4.48732
0.0163317 -0.0103274 22.291
0.0093893 -0.00999724 29.1997
0.00211826 0.00271345 35.5986
-0.0141098 0.015296 51.7814
-0.0163845 0.0182892 54.3154
-0.381986 0.222783 436.927
0.0544713 -0.509175 -8.77731
0.0810989 -0.506446 -38.8954
0.0108393 -0.010058 27.5188
0.00682347 -0.0151055 32.7292
-0.00802076 -0.0497493 52.6659
-0.0574453 -0.120066 115.059
-0.0409201 -0.208202 98.6347
0.0101427 -0.00625093 9.83913
0.00647922 0.00518508 8.86231
0.000472644 0.00247639 9.43017
-0.0251105 -0.00108249 11.4042
-0.0650327 0.00624576 14.4162
-0.0735304 0.0254004 12.8951
-0.000765571 -0.01018 5.7297
0.0552521 0.0248781 -4.9337
-0.00215992 0.0143211 5.46749
-0.00520373 0.00846963 6.40428
-0.00470902 4.7511e-06 6.89016
-0.00150788 -0.00312611 6.57775
-0.0115304 -0.000530361 8.97197
-0.0113834 -0.00385299 9.13764
-0.0139284 -0.00409127 9.84352
-0.00661843 -0.00722277 7.64246
0.0182669 -0.017219 -0.462586
0.0696104 -0.0531498 -17.0828
0.0350196 -0.057974 -2.69298
0.0144881 -0.054306 5.41529
0.0078876 -0.0373082 6.9928
-0.107818 -0.355143 86.2828
0.0127277 -0.0406133 4.99396
0.0154703 -0.0699711 5.99142
0.00938722 -0.057937 7.44145
0.000838207 -0.0606474 12.4381
-0.0166674 -0.0787142 23.4782
-0.0111006 -0.100575 21.8572
0.0090819 -0.0643112 7.13083
0.030564 -0.0316842 -8.8968
0.0242859 0.00358047 -7.3847
0.0635934 0.0352036 -36.5332
0.0332814 0.0999324 -19.0617
-0.000711359 0.0947017 5.59884
0.00379083 0.00271392 11.0916
-0.0884323 0.0704638 72.2238
-0.0233024 0.0923612 17.7686
0.0990492 0.0496847 -76.0778
0.0446983 0.0221027 -28.473
0.0181165 0.00437938 -5.18773
0.0280745 7.75468e-05 -13.5217
0.0106069 -0.0361162 5.10783
0.141455 -0.0208482 -112.749
0.0449474 -0.00547263 -23.6587
0.0209736 -0.004227 -1.51311
0.0225895 -0.00790875 16.0085
0.00906732 -0.00957387 29.4769
0.0147068 -0.0056862 23.1347
0.00513468 0.000398835 32.6487
-0.0889423 -0.196036 145.823
-0.276608 -0.369853 361.16
-0.0695625 -0.0466999 99.9157
0.126694 -0.0379574 -121.194
0.253473 0.0801169 -280.26
-0.0185417 -0.00682712 62.2349
-0.039611 -0.0141741 87.8396
-0.0913335 -0.0265879 149.835
-0.0500068 0.015652 96.5552
-0.00597142 0.0191114 8.0357
0.012745 0.0149672 7.6607
-0.0058149 0.00330207 9.59437
-0.0254063 -0.00617963 11.8685
-0.0415553 0.00309211 12.2998
-0.0726625 0.0246283 13.2047
-0.00316019 0.0118178 4.4488
0.0258486 0.0333007 -1.27134
-0.0103864 0.0269892 5.6936
-0.00579452 0.00751944 6.5217
-0.0034307 0.00497484 6.20134
-0.00459149 -0.00646946 7.60616
-0.00867013 -0.00410401 8.47684
-0.0132812 -0.000813211 9.4573
-0.0200677 -0.0016633 11.5899
-0.0169085 0.0102667 9.35978
0.000776943 -0.00181089 4.5154
0.017737 -0.0195321 -0.034393
0.0166616 -0.0260186 1.39382
0.032735 -0.0623479 -1.59309
0.000824445 -0.0604924 12.0996
-0.00296481 -0.0635744 13.6629
0.00201038 -0.0736609 12.4835
0.00287507 -0.0667491 11.403
0.00830277 -0.0857527 10.4405
-0.0102291 -0.079273 19.8259
-0.0177711 -0.0906084 24.9638
-0.004967 -0.119917 19.7508
0.0385219 -0.095761 -8.83798
0.0869073 -0.0574238 -42.8183
0.0459101 -0.0396698 -17.6818
0.0485403 -0.00186307 -23.271
0.0845097 0.0356476 -50.4492
0.027338 0.028497 -8.59599
-0.0130414 0.0251758 20.8201
-0.134731 0.0541875 109.171
-0.0891856 0.0357724 75.5441
0.0197159 -0.00719493 11.7501
0.0124504 -0.00768635 17.8852
0.0173539 -0.0194807 -2.35959
0.0244109 -0.0113675 -9.46324
0.045109 -0.00140579 -29.0013
0.150602 -0.0468874 -118.732
0.0442749 -0.0211217 -21.363
0.0173328 -0.0277238 4.33481
0.0210721 -0.0267206 0.42496
0.047597 -0.0138284 -27.151
0.0261831 0.00353822 10.7019
0.0251984 0.00559199 11.3504
-0.253659 -0.314817 331.932
0.0552401 -0.0302686 -41.5755
0.0837937 -0.054441 -70.72
0.125661 -0.0168312 -121.573
0.131824 0.0483945 -135.959
-0.0108773 0.0027699 52.3872
-0.0288078 0.0348645 70.9759
0.00515561 -0.0458877 16.0321
0.0259697 -0.0493419 -9.30548
-0.00392454 -0.00400097 11.0676
-0.0175181 0.0118697 9.11996
-0.0101784 0.0073122 9.32368
-0.0277861 -0.00434076 11.9344
-0.0295408 0.00276019 11.2003
-0.0441035 0.0183393 10.6765
-0.00588553 0.0332782 3.14633
0.0311855 0.0360768 -2.59908
-0.0221007 0.0359316 7.38055
-0.0214589 0.0132235 8.97657
-0.0124707 0.00529112 8.09784
-0.00783026 0.00681223 6.89848
-0.0073084 -0.00100047 7.78145
-0.0131656 -0.000781988 9.38055
-0.013395 -0.000301784 9.34165
-0.0126044 0.0053416 8.52549
-0.0184261 -0.0086579 12.1688
0.0303274 -0.0262735 -3.81983
0.0120201 -0.0371902 5.2091
0.00516773 -0.0720883 10.8206
0.000830454 -0.0822402 14.6813
-0.000763123 -0.07718 14.3529
0.0140114 -0.0629306 5.57227
0.0157241 -0.0650362 5.0485
-0.00394483 -0.073676 15.2525
-0.0281062 -0.0726267 29.0381
-0.00730494 -0.0633209 14.5714
0.0196586 -0.0559571 -2.93025
0.0766184 -0.046349 -37.9195
0.0940116 -0.0354529 -49.4765
0.0577353 -0.0398603 -24.9814
0.102379 -0.00663345 -59.0533
0.126182 -0.0124276 -74.8397
0.0160178 -0.000884237 2.49203
0.0119236 0.00433371 4.66826
-0.0701941 0.0298992 62.9943
-0.0189913 -0.0324325 28.46
0.0124526 0.0043036 16.3351
0.00542408 0.0093763 21.6656
-0.0039141 0.0410538 9.13478
0.0221232 0.00913967 -9.74699
0.056146 -0.0172531 -37.3597
0.118406 -0.0877436 -84.9993
0.0526568 -0.0366204 -27.8408
0.00918756 -0.0220389 11.6621
0.0228914 -0.0362269 -0.522763
0.0443984 -0.0323811 -21.8695
0.0687337 0.000909686 -32.9635
0.0650248 0.0215893 -31.3903
0.00396885 -0.0988798 22.0756
0.0594059 -0.0623411 -42.5467
0.0964916 -0.0650932 -83.0272
0.141678 -0.0413357 -136.762
0.145538 0.0179345 -148.624
0.00324006 0.0016452 35.8278
0.00597922 0.00657827 31.9219
-0.00367672 0.0130343 42.9371
0.0698056 -0.0595207 -62.5192
-0.00998677 -0.00517714 11.0281
-0.0133805 -0.00190359 10.7248
-0.0188219 -0.00255706 11.1283
-0.02418 -7.79613e-05 10.8932
-0.0247359 0.0108531 9.58391
-0.0284231 0.0221983 8.25675
-0.00112092 0.0178789 4.75878
0.0380392 0.00128934 1.31697
-0.0010501 0.0119821 6.8154
-0.0346597 0.0127589 11.7783
-0.0124386 0.0103081 7.42762
-0.00778058 0.0100251 6.47494
-0.0105416 0.00781557 7.54452
-0.0207456 -0.00207096 11.9319
-0.0149707 -0.00222016 10.0437
-0.0173992 -0.0108102 12.2932
-0.0375596 -0.018081 20.2836
-0.016657 -0.0322569 14.3754
-0.0167934 -0.0659549 18.7094
-0.006816 0.0427104 -2.15295
-0.00543659 -0.0706827 14.4597
0.0152136 -0.0824249 6.8004
-0.00203131 -0.0517676 10.6942
0.020907 -0.216292 23.3727
-0.00134186 -0.0747057 13.7257
-0.00908471 -0.0686102 16.8217
-0.00667861 -0.0437209 11.6306
0.0229107 -0.0108498 -10.0793
0.0802778 -0.0172618 -43.6493
0.0662975 -0.0688268 -26.8966
0.0527669 -0.0807006 -16.8262
0.0520342 -0.0632858 -18.6314
-0.00315397 -0.0144946 17.3269
0.000208847 -0.0379032 18.4622
0.0323987 -0.00639527 -9.6526
0.0159374 -0.00423853 2.47783
-0.00976735 0.0675749 9.93814
0.0125005 0.00199643 16.751
0.00454404 -0.00844167 24.8522
-0.0484629 0.128556 35.7141
-0.0154151 0.0374409 19.5895
0.0289938 0.0124777 -16.6401
0.0230598 -0.0591221 -1.35954
0.0104239 -0.0509251 9.17585
-0.00718731 0.0253275 14.7619
0.00655825 0.0746288 -5.89887
0.0415858 -0.0479778 -17.1643
0.162608 -0.0205351 -127.125
0.125717 0.00368618 -92.4798
0.0394751 -0.0585982 -21.5972
0.0586285 -0.0625954 -42.2245
0.0709947 -0.0680446 -55.4679
0.163723 -0.0602185 -159.284
0.16111 0.0248662 -167.327
0.762603 0.00360359 -865.375
0.011588 -0.00295965 26.4988
0.32702 0.0728752 -388.303
0.148559 0.230838 -197.731
-0.0104371 0.00329633 9.81831
-0.0139679 0.00572942 9.48532
-0.0139984 0.00186684 10.1286
-0.0164353 0.00787988 9.20046
-0.0152859 0.00687153 9.30218
-0.0251363 0.0164744 8.86128
-0.0140389 0.0260099 5.72098
0.0146835 0.0190105 2.43843
-0.00643587 0.00326566 9.17135
-0.0543101 0.0276907 13.9227
-0.0247531 0.0232898 8.19217
-0.0156237 0.0143996 7.64946
-0.0111823 0.00793276 7.60934
-0.0232229 -0.000790551 12.4639
-0.0228584 -0.00623072 13.1491
-0.0174064 -0.0225738 14.2707
-0.039134 -0.0271861 22.2864
0 0 -1
0.0178545 -0.00288678 -4.8081
0.000959811 -0.0194083 4.20307
0.00469229 -0.0167523 2.21872
-0.00405073 0.00731887 2.29538
-0.00843135 0.015391 3.21196
-0.00436209 0.0119702 1.4707
0.0146582 -0.105068 9.14894
-0.00842656 -0.0264424 9.80453
0.0184887 -0.0233999 -5.50918
0.0228087 0.0127114 -13.5724
0.0456749 -0.00296832 -24.8271
0.0482597 -0.0283661 -21.8709
0.044615 -0.0311486 -19.3188
0.0609361 -0.0107077 -33.7105
0.0807275 -0.0304707 -43.9332
0.0644381 -0.0484407 -28.428
0.0777011 0.00238198 -45.7285
0.0164357 0.0180758 -1.67243
0.0420872 0.0441598 -26.0986
0.0886026 0.0269432 -59.6495
0.0120413 -0.00488109 18.1459
0.000341049 0.147238 -6.15622
0.0327753 0.0797092 -21.8982
0.02717 0.0975357 -20.2892
0.0674145 0.144489 -65.1194
0.0049416 0.0103529 5.29156
0.00329179 0.0733877 -2.80877
0.0435304 0.102489 -46.7361
0.194561 0.0216786 -167.125
0.225675 0.0147863 -197.641
0.173129 -0.00409414 -140.725
0.0200507 -0.0259118 -5.50394
0.02114 -0.0310121 -6.05082
0.0172663 -0.0335775 -0.820715
0.322822 -0.0463942 -341.557
0.24583 0.068224 -271.621
0.226355 0.147707 -262.419
0.0161427 -0.00555623 21.4363
-0.0110059 0.00137298 52.9432
0.206554 0.155676 -252.533
-0.00590173 0.00350623 9.64255
-0.0118247 0.00391828 9.66284
-0.0129032 0.0102493 8.54674
-0.0159297 0.00618775 9.43049
-0.0156274 0.0102578 8.61881
-0.0172462 0.0078822 9.27644
-0.0118193 0.00977906 8.15974
-0.00346394 0.00591934 7.6892
0.00126479 0.00399068 7.66968
-0.0350261 0.0161608 11.8507
-0.0241777 0.0264431 7.40109
-0.00816952 0.0256152 3.52418
-0.00450033 0.0386643 0.130189
-0.0351534 0.0168156 12.7764
-0.033572 -0.0270573 20.0049
-0.0318838 -0.0444655 22.4712
0.00457807 0.0367172 -5.44712
-0.00821518 0.00915431 3.6957
-0.0163436 0.0529494 -0.367691
0.0148306 0.0509488 -12.9669
-0.0159659 0.0856525 -5.1164
-0.0503898 0.0660972 14.1533
-0.0400841 0.0773645 8.32927
0.00480241 0.260206 -47.2522
-0.0226736 0.186049 -19.2661
-0.0268821 0.274073 -33.217
0.0442614 0.221985 -62.625
-0.00441859 0.144067 -16.6891
0.0194536 0.224127 -48.4253
-0.00228786 0.104976 -12.7629
0.0547977 0.0374518 -37.5075
0.054409 0.0341343 -36.6638
0.0568466 0.0238043 -36.4563
0.0862636 0.021301 -56.4932
0.0785601 0.0307212 -52.0742
0.0559276 0.0266935 -33.6848
0.0534683 0.0352172 -33.7449
0.0852229 0.042808 -60.1608
-0.0873468 -0.0109115 101.554
0.0116599 0.0880139 -4.90943
0.0254754 0.0875752 -17.2567
0.0492608 0.127029 -45.2608
0.0691242 0.130131 -63.6157
0.0951847 0.11152 -84.5716
0.0863728 0.0687253 -68.1005
0.0304408 0.197514 -48.9299
0.148555 0.027521 -122.1
0.182252 0.0176567 -153.791
0.135792 -0.0133172 -100.502
0.036401 0.0809406 -24.3899
0.0319361 0.089824 -21.4494
0.0250852 0.0963072 -14.9041
0.0236994 0.113129 -16.8557
0.0214021 0.109302 -13.6711
0.156851 0.195661 -189.334
0.0172298 -0.0117368 21.2572
-0.00544055 -0.00335916 47.1343
-0.0492776 0.105657 72.563
-0.00402823 0.0169049 6.90805
-0.00359234 0.0278574 4.55389
-0.00342201 0.0466456 0.484064
-0.0183796 0.0346002 3.98618
-0.0259594 0.0415504 3.27669
-0.0276862 0.0263776 6.83237
-0.01603 0.0108651 8.50284
0.00477841 0.00874913 5.74552
-0.0140262 0.0307528 5.14128
-0.021197 0.0476493 2.70633
0.000763179 0.16202 -25.583
-0.0154154 0.226302 -35.0948
-0.0246058 0.137371 -14.1563
-0.0170782 0.143459 -17.1378
-0.00770689 0.256335 -42.9453
-0.0141248 0.27559 -44.99
-0.00507923 0.171503 -26.988
0.00527401 0.200275 -36.3952
0.00519937 0.316621 -58.8973
0.00203886 0.298885 -53.4193
-0.00456745 0.254182 -41.9495
-0.0385677 0.352791 -45.7236
-0.000425283 0.248878 -41.0346
-0.019044 0.232768 -28.8124
-0.022869 0.266035 -33.8379
-0.00666059 0.305541 -50.6169
0.0433614 0.256282 -68.6388
0.0349134 0.195374 -51.2528
-0.0149644 0.195761 -21.3071
0.0222847 0.237695 -54.0878
0.0190033 0.293079 -63.1293
0.022513 0.304844 -67.8557
0.0340242 0.290544 -72.817
0.0569441 0.171029 -64.1145
0.0596237 0.150086 -62.307
0.0535692 0.0487125 -36.6665
0.0782771 0.066925 -59.6353
0.0951155 0.062189 -71.6164
-0.294145 -0.063898 282.006
0.0157941 0.0740524 -6.23873
0.0386775 0.0864304 -28.5343
0.0794591 0.0736405 -61.9797
0.0635384 0.0913473 -51.1118
0.0680199 0.0564117 -48.2744
0.0773575 0.0703099 -60.0509
0.0882861 0.0268398 -61.4061
0.124329 -0.00764925 -90.6778
0.13636 -0.0120358 -101.318
0.0729754 -0.0320509 -31.8748
0.0314338 0.115392 -26.2645
0.011559 0.133551 -8.67436
0.0277567 0.137568 -26.5476
0.0212908 0.132488 -18.233
0.0309825 0.144809 -32.1366
0.119255 0.140535 -134.558
0.119042 0.0349337 -110.776
-0.031212 0.0243249 72.7506
-0.153045 0.19609 184.852
0.0212783 0.0700891 -4.76404
0.0101299 0.0874356 -8.46097
0.01294 0.099402 -11.0833
0.000733728 0.112483 -13.782
0.00570283 0.259296 -47.3716
0.0123265 0.294884 -56.2517
0.00588214 0.300269 -56.7226
0.00175095 0.294912 -54.7297
0.00647519 0.299375 -56.5519
0.0280524 0.306317 -62.5462
0.0228177 0.297173 -59.6007
-0.00810592 0.263417 -44.86
-0.00923933 0.344146 -62.7405
0.0163465 0.265388 -52.0863
0.0155247 0.316943 -63.3022
-0.0840692 0.00129835 53.0221
-0.0998657 -0.0165996 62.602
-0.0987853 -0.0267014 64.4532
-0.0971577 0.00118322 56.5377
-0.0157363 0.303825 -47.0298
0.00218903 0.288194 -51.1301
0.00168878 0.276349 -48.4331
0.00570195 0.279918 -51.2315
0.00236927 0.292648 -52.2967
-0.00791628 0.308853 -50.5272
-0.00192582 0.305584 -52.8927
0.00210168 0.29352 -52.7885
0.0121086 0.251908 -49.4698
-0.0027469 0.282161 -47.3209
0.0164392 0.282686 -59.5393
0.0261365 0.277036 -64.455
0.0259582 0.283069 -65.4646
0.0322929 0.27605 -68.2029
0.0258437 0.276551 -63.9558
0.0172892 0.274046 -57.3195
0.0318392 0.291954 -72.9965
0.0373404 0.199114 -56.3042
0.0847442 0.227242 -99.5228
0.0995855 0.110777 -84.2008
0.0378255 0.0705176 -24.5905
0.0440933 0.0678901 -29.8103
0.0478848 0.0701782 -33.2568
0.0592549 0.0580309 -40.9177
0.0805529 0.0540546 -59.2305
0.0723817 0.0483739 -50.3569
0.0648493 0.0436096 -41.8305
0.107007 0.0184989 -78.6931
0.0980377 -0.00114964 -64.0725
-0.0348564 0.058976 59.4434
-0.00259673 0.12713 8.58621
0.019598 0.13539 -16.8223
0.0393101 0.15439 -42.8272
0.0217316 0.144213 -20.2702
0.0266065 0.155066 -28.7402
0.0746469 0.118297 -76.6317
0.0403795 0.064506 -23.038
0.00266539 0.0578245 23.7473
-0.0254096 0.0620144 57.3977
0.0581422 0.0810148 16.2578
0.0222622 0.0852387 -8.26895
0.455058 0.529218 -110.626
-0.0469742 -0.0150029 57.7493
0.0169781 0.313932 -61.457
0.00971735 0.30362 -57.9924
0.0097624 0.289163 -54.4849
0.0108068 0.31032 -59.8176
-0.00392554 0.334007 -63.1748
-0.000776435 -0.0191569 43.0832
0.0271765 0.351191 -72.9237
0.0184393 0.347773 -70.165
0.0382901 0.199865 -34.5186
-0.0165268 -0.0404907 44.6048
0.00993766 0.350284 -68.9244
-0.115584 0.0207242 58.982
-0.0418182 0.313496 -40.584
-0.0090618 0.305989 -50.2952
0.00363705 0.328328 -61.1463
0.000427208 0.321042 -57.9816
0.00207284 0.32503 -59.7506
-0.0119691 0.3286 -54.4174
-0.00264124 0.341911 -61.7585
0.00416873 0.330435 -62.4032
-0.00184976 0.3219 -57.0659
-0.00819142 0.306721 -49.8911
0.00046389 0.306203 -54.6998
0.00874682 0.304277 -59.093
0.000372459 0.308331 -55.0325
0.000653091 0.321559 -58.4564
0.0143883 0.305764 -63.6725
0.025834 0.264946 -61.3124
0.0351 0.2541 -64.8636
0.0220819 0.268293 -59.1306
0.0120138 0.259536 -49.5848
0.0166241 0.263418 -53.9031
0.0204499 0.25462 -54.7933
0.0351534 0.249894 -65.3153
0.00511377 0.18733 -24.3979
0.0284051 0.147179 -35.0735
0.0421259 0.162401 -51.0228
0.051782 0.103395 -45.3036
0.0794409 0.107759 -71.5374
0.0834219 0.0800181 -68.1398
0.0371708 0.0664778 -20.9606
0.0658257 0.0692378 -49.3255
0.084506 0.055527 -64.4489
0.100248 0.0326434 -74.1947
0.00180724 0.0468725 24.0172
0.00944274 0.0800862 7.27262
0.0353183 0.0861577 -22.0632
0.0274721 0.103884 -17.3066
0.0238562 0.0763301 -6.29103
0.0211257 0.11496 -12.9504
0.0450245 0.0842046 -33.2675
0.0438417 0.0880447 -32.6021
0.0169205 0.0830199 0.698523
0.0129235 0.0909917 3.67051
0.0556995 0.081852 16.0624
0.0613189 0.0778685 16.985
0.0653997 0.0550274 23.4711
0.00460063 -0.038804 60.6875
0.0084423 0.378062 -77.6522
0.00362961 0.374575 -76.0453
0.027665 0.324447 -66.4416
0.039715 0.349784 -74.4057
-0.076413 -0.0420102 63.7268
-0.0684757 -0.0213594 57.4619
0.015044 0.365714 -73.9635
0.0192929 0.349211 -70.7019
0.0172627 0.305352 -57.9911
-0.00653481 0.333608 -59.3679
0.00229131 0.32776 -60.3498
0.0115002 0.324949 -62.7238
0.0138411 0.324826 -63.6326
0.00909665 0.316162 -59.5867
0.00359175 0.310326 -55.9951
-0.000981714 0.324361 -57.6439
-0.00316741 0.313748 -53.839
-0.0042781 0.341237 -61.2622
-0.000730603 0.327461 -58.691
-0.0114836 0.323372 -52.438
-0.0116404 0.314231 -50.0113
-0.00200633 0.350629 -65.3699
0.00415258 0.314753 -59.209
0.0126807 0.328333 -67.3239
0.00283711 0.328703 -61.5191
-0.000831975 0.330324 -59.8859
0.0102306 0.333714 -69.2019
0.00668242 0.290673 -55.1999
0.0289371 0.26965 -64.9278
0.0183883 0.281866 -60.3756
0.0148898 0.288523 -59.9149
0.00887373 0.258305 -47.2249
0.011862 0.268246 -51.856
0.018859 0.256064 -53.9408
0.00887647 0.231565 -39.1254
0.0106383 0.230369 -40.4493
0.0179814 0.242941 -50.2631
0.00429202 0.234109 -35.7746
0.0288512 0.222785 -54.7368
0.0410058 0.184025 -55.6935
0.0239712 0.15094 -30.4068
0.0296878 0.158532 -37.6941
0.0766795 0.0955817 -67.2662
0.0422434 0.0744815 -25.7958
0.0144349 0.0593972 7.19417
0.0197663 0.0738789 -2.36236
0.0382631 0.0733807 -22.2658
0.0359312 0.0690818 -18.2303
0.0259348 0.0732632 -8.30421
0.0222288 0.0742401 -4.4128
0.0408815 0.0716458 -25.3591
0.0391969 0.0758402 -24.23
0.0221137 0.0712387 -2.52668
0.0379348 0.072047 -22.0325
0.0509126 0.0802075 16.595
0.0486988 0.0907746 13.6703
0.0171995 0.0723078 20.5646
-0.0791068 -0.023554 62.5053
-0.110863 0.334988 -45.349
-0.0253698 0.710788 -165.743
0.00364 0.32799 -56.1774
-0.00918252 0.270665 -37.2096
-0.0273674 0.251051 -28.0043
-0.0284783 0.243241 -25.4591
-0.00513545 0.327282 -57.3291
-0.00135604 0.330709 -59.7347
-0.0141079 0.297595 -46.4365
-0.00852542 0.312594 -52.7535
0.000635745 0.325944 -59.6107
0.00895212 0.318704 -60.2404
0.000699602 0.327433 -59.6979
0.00559086 0.321574 -59.8268
0.00247523 0.318215 -57.8895
0.00405695 0.316832 -58.0163
-0.00260166 0.32121 -56.6075
0.00433484 0.338588 -64.905
0.00402145 0.331721 -62.6133
0.000188117 0.318559 -56.8102
-0.00634414 0.338722 -59.3269
-0.00600998 0.326347 -55.9194
0.00235452 0.333423 -62.2402
0.00596878 0.32518 -62.0853
-0.00187061 0.330808 -59.0448
-0.00730094 0.351554 -61.9834
-0.00156292 0.358557 -67.7392
-0.00638765 0.370454 -68.1836
0.0119025 0.337391 -71.6861
-0.000580011 0.343427 -63.8498
-0.00318319 0.330484 -58.1504
0.00986781 0.296014 -58.0283
0.00197712 0.335402 -63.3709
0.01188 0.317994 -66.1549
0.0157718 0.30993 -67.0536
-0.00506888 0.292433 -44.5332
-0.00604384 0.29178 -43.1215
0.0118952 0.287119 -57.3103
0.013813 0.277354 -55.9608
0.0134031 0.259731 -50.4685
0.0183149 0.242936 -50.2413
0.0138254 0.234831 -43.4759
0.0221349 0.23027 -50.1494
0.0259482 0.202845 -45.7109
0.0267425 0.172168 -37.8448
0.0308664 0.154311 -37.2123
0.020461 0.192591 -37.2304
0.0365323 0.129695 -36.3785
0.0306137 0.158473 -38.1267
0.0167704 0.177153 -28.0003
0.0315174 0.104886 -24.4551
0.0270458 0.121946 -23.5694
0.0204443 0.103848 -10.2807
0.0411935 0.110704 -37.4701
0.0140349 0.301248 -50.0048
-0.0026732 0.253012 -34.3061
0.0786106 0.270937 -42.6675
-0.0105193 0.195781 -11.4926
-0.0560763 0.255862 -26.9835
-0.0293636 0.276868 -36.0871
-0.0296896 0.24366 -25.2543
-0.0189427 0.25091 -29.2281
-0.0362728 0.211487 -14.2284
-0.0428231 0.220263 -16.0015
-0.0128602 0.289696 -44.5908
-0.0048015 0.300207 -49.8839
-0.00159552 0.318631 -56.5224
0.000606462 0.322486 -58.4883
0.00620463 0.336295 -64.4279
-0.00401556 0.328705 -58.6882
-0.000322388 0.322931 -58.1607
-0.00254251 0.322595 -57.3012
0.0102847 0.326518 -63.5314
0.00943361 0.327608 -63.326
-0.00617032 0.336262 -59.3837
-0.00123875 0.330918 -59.7719
-0.00249104 0.330328 -58.9673
-0.00029143 0.332499 -60.78
-0.00317296 0.330667 -58.6776
0.00433515 0.334754 -63.9539
0.00979331 0.330109 -65.5024
-0.00719882 0.340518 -58.7656
-0.00928847 0.33196 -54.9735
-0.00722338 0.330921 -55.7824
-0.00407241 0.338133 -60.2871
0.00878392 0.34034 -69.4113
0.00743194 0.33753 -67.6303
0.0044884 0.341809 -67.0369
-0.000699339 0.344186 -63.9975
0.000768787 0.34324 -64.7427
0.00338945 0.344135 -66.921
0.0123237 0.345772 -74.8761
0.00965597 0.338811 -70.4662
0.000645081 0.331039 -60.6333
0.00528072 0.337211 -66.6686
0.00617616 0.329716 -65.3542
0.016334 0.313311 -69.2863
0.0183196 0.295032 -65.6534
0.000934291 0.294424 -49.1024
0.0114986 0.288887 -57.4184
0.0204318 0.302207 -70.3747
0.0098653 0.291348 -56.4551
0.00863368 0.238277 -38.0837
0.0106776 0.235458 -39.6468
0.0201952 0.23861 -50.7096
0.0315622 0.221888 -58.2181
0.0211445 0.210922 -42.9034
0.00637206 0.21892 -28.6109
0.0144306 0.216588 -37.3917
0.0206303 0.202286 -40.2118
0.0133834 0.183992 -25.5626
0.0192202 0.184259 -32.5296
0.0178637 0.29812 -48.9549
0.0277024 0.293305 -47.5914
0.058102 0.28103 -44.5464
-0.0148173 0.209644 -15.5373
-0.0349227 0.221013 -17.5201
-0.0356388 0.212751 -14.8503
-0.0393545 0.205835 -12.0693
-0.036348 0.212297 -14.7954
-0.0138506 0.259725 -34.6259
-0.00554542 0.283596 -44.3179
-0.00336027 0.304306 -51.4816
-0.00145004 0.312155 -54.5585
0.00758316 0.327654 -61.9457
0.00253027 0.329561 -61.1244
0.0016755 0.324402 -59.1437
-0.000627193 0.327479 -59.3835
-0.000111879 0.330469 -60.6063
0.000834035 0.327716 -60.1443
0.0113203 0.328855 -64.5707
0.0155473 0.336816 -68.974
-0.00351066 0.334342 -59.9207
0.00222363 0.331992 -61.803
-0.000386309 0.329529 -59.6046
-0.00497356 0.330482 -57.7
0.00134688 0.332746 -61.7828
0.0089038 0.336849 -67.2378
0.0111202 0.335968 -68.1463
-0.0034873 0.328108 -57.0539
-0.0075509 0.328741 -54.9953
0.00621287 0.327734 -63.3292
-0.00451699 0.334446 -58.5684
0.00119166 0.33385 -62.2806
0.0111504 0.330604 -68.1066
0.00547714 0.333542 -65.013
0.0116009 0.33681 -70.6527
0.00214452 0.347907 -67.1837
-0.000301752 0.34309 -63.7717
-1.74436e-05 0.349757 -66.0738
0.0144688 0.325247 -69.7819
-0.00156981 0.335939 -59.9016
0.000472874 0.341097 -63.5168
0.011685 0.346602 -75.3221
0.0140854 0.351922 -79.4018
0.0040953 0.350472 -69.691
0.00504396 0.344151 -68.4561
0.00685594 0.344744 -70.3453
0.00451608 0.331917 -63.9558
0.00415125 0.331215 -63.2902
0.00640435 0.310142 -58.7008
-0.00693441 0.315071 -46.0711
0.0100121 0.273458 -50.7524
0.00646275 0.275769 -47.335
0.00679649 0.259842 -42.0562
0.00596229 0.242899 -35.7137
0.00602624 0.251109 -38.356
0.0144961 0.251553 -48.7291
0.0128361 0.237442 -41.9811
0.0312851 0.24867 -68.0752
0.00756519 0.293294 -47.1041
0.0186346 0.286966 -45.0933
0.0063179 0.243686 -28.9116
-0.0209321 0.209685 -15.2681
-0.0347285 0.189846 -7.29627
-0.0217859 0.22689 -21.7901
-0.0170025 0.243718 -28.4664
-0.0113373 0.267303 -37.4681
0.00424708 0.292809 -49.1368
0.00302838 0.30576 -53.4584
0.00732196 0.315861 -57.7284
0.00597973 0.321483 -59.4045
0.00498082 0.313394 -56.0997
-0.000442278 0.317177 -55.9603
0.00404206 0.313372 -56.0496
-0.00250049 0.318926 -55.8034
-0.00390772 0.324203 -57.2017
0.00870919 0.328762 -63.4632
0.0155212 0.335579 -68.4682
0.0108314 0.33199 -65.2992
0.00355724 0.328019 -60.8398
0.000614638 0.329969 -60.3218
0.000820241 0.312541 -54.279
0.000119587 0.320049 -56.5146
-0.00759838 0.333774 -57.3105
0.000848559 0.328654 -59.8451
0.00649987 0.334601 -65.122
-0.00155455 0.329716 -58.6577
-0.00468566 0.337014 -59.3906
-0.00344866 0.341684 -61.8865
-0.000722027 0.330177 -59.6444
-0.000375621 0.328501 -59.3365
0.00564214 0.336555 -66.3068
0.00745036 0.33676 -67.6671
0.0134058 0.345869 -75.2182
0.00886422 0.343415 -70.8832
0.00324657 0.347366 -67.8373
-0.00411087 0.332795 -56.7843
-0.000345065 0.333378 -60.2635
0.00485429 0.323131 -60.9639
0.00391876 0.318744 -58.5633
0.0158786 0.333614 -74.4937
0.00886462 0.34436 -71.9742
0.0106515 0.34041 -72.344
0.0102486 0.343183 -73.0605
0.00394531 0.341221 -66.1969
-0.00113402 0.337019 -59.7925
0.00368871 0.344814 -67.4065
0.003217 0.333797 -62.798
-0.00606904 0.333937 -53.2887
-0.0110882 0.3254 -45.1374
-0.0099581 0.321735 -45.0846
-0.0189811 0.282016 -20.6886
-0.00567086 0.280666 -35.1401
-0.00190976 0.255667 -30.5423
0.00749051 0.24946 -39.6222
0.0352024 0.274167 -81.6946
0.0298937 0.266451 -72.4962
-0.00141913 0.293011 -46.9036
-0.00391173 0.282946 -43.1185
-0.0244693 0.207538 -14.4315
-0.0248084 0.177063 -3.47934
-0.018362 0.220572 -19.7812
-0.00777854 0.240628 -28.246
-0.00555154 0.251361 -32.5988
0.0119176 0.296218 -51.5357
0.00819793 0.32003 -59.4545
0.0058583 0.302525 -52.6744
0.00850358 0.305414 -54.2611
0.0105831 0.308212 -55.7384
0.00415795 0.302116 -51.7867
0.0014135 0.303959 -51.7438
0.0020637 0.31301 -55.2513
0.000204867 0.315465 -55.466
0.00715776 0.312656 -57.0017
0.0113015 0.315254 -59.6107
0.015157 0.320427 -62.8921
0.00462981 0.326334 -60.638
0.00182116 0.316195 -55.855
-0.00619959 0.31334 -51.2201
-0.00501678 0.29297 -44.3926
0.00461824 0.2985 -51.2
0.00481859 0.304811 -53.5384
0.00789655 0.318581 -60.1758
0.0032937 0.324947 -59.8612
-0.00248629 0.309975 -51.0737
-0.00432679 0.320161 -53.6119
-0.00934794 0.31826 -49.7976
0.00263015 0.295456 -49.5097
0.00901997 0.332717 -67.1629
0.00582345 0.330262 -64.1996
0.00795516 0.338079 -68.4496
0.0113078 0.335761 -70.0469
0.016611 0.340194 -75.582
0.00173341 0.344675 -65.7423
-0.00789347 0.324315 -50.6963
-0.00631176 0.321034 -50.8841
0.00158811 0.312877 -54.5016
0.00917519 0.293329 -54.0501
0.0115728 0.311033 -62.5608
0.0121408 0.325865 -68.466
0.00781398 0.317193 -61.3226
0.00645159 0.337328 -67.2458
0.00295366 0.330203 -61.3837
0.00897981 0.335067 -69.197
0.00701569 0.337183 -67.9682
-0.0103317 0.317126 -42.5913
-0.00413245 0.334643 -55.4158
-0.0136424 0.35494 -52.4056
-0.0261852 0.344468 -34.9142
-0.0280959 0.315402 -22.3267
-0.000537191 0.260372 -33.7332
0.00835777 0.286104 -53.398
0.0199401 0.286779 -67.5035
0.0154895 0.27551 -58.2071
0.039988 0.246932 -77.9566
