0 2 2
2 4 3
4 5 3
5 7 3
7 8 3
8 9 3
9 10 3
10 11 3
11 12 3
12 13 3
13 15 3
15 16 3
16 17 0
17 18 0
18 19 3
19 21 0
21 22 2
22 24 0
24 25 3
25 84 3
27 84 3
27 28 3
28 29 3
29 30 3
30 31 3
31 32 1
32 33 3
33 34 3
34 35 3
35 36 3
36 37 0
37 38 0
38 39 3
39 40 3
40 41 3
41 42 3
42 43 3
43 44 3
44 45 3
45 46 3
46 47 3
47 48 3
48 49 3
49 50 3
50 51 3
51 52 3
52 110 3
54 110 2
54 55 2
55 56 2
56 115 3
24 81 1
22 81 3
12 70 3
39 98 3
2 59 1
40 98 3
56 114 3
0 59 1
114 115 3
2 60 1
11 70 3
32 90 0
35 93 3
36 93 3
59 60 3
4 60 1
15 73 3
16 73 3
24 82 1
30 88 3
31 90 3
54 111 2
54 112 2
16 74 3
17 76 1
25 82 1
29 88 3
110 111 3
5 6 3
6 7 3
7 65 1
8 65 1
17 74 1
18 76 1
19 79 1
21 79 1
30 147 3
33 91 3
34 91 3
55 113 3
56 113 3
9 67 1
10 67 1
13 70 3
31 147 3
43 101 3
5 62 1
6 65 1
8 66 1
9 66 1
10 69 3
21 80 2
22 80 3
81 82 3
88 147 3
41 99 3
44 101 3
55 112 3
113 114 3
4 61 1
4 62 1
65 66 3
11 69 3
19 77 2
80 81 3
25 83 3
27 85 3
28 86 3
32 91 3
34 92 3
40 99 3
42 99 3
42 101 3
44 102 3
46 104 3
47 105 3
50 108 3
51 109 3
52 109 3
111 112 0
112 113 3
60 61 3
66 67 3
77 79 1
82 83 0
83 84 3
84 85 3
85 86 3
29 86 3
90 147 3
92 93 3
93 94 3
36 94 3
37 96 0
38 96 0
45 103 3
45 104 3
104 105 3
109 110 3
6 62 1
69 70 3
13 188 0
15 188 0
19 76 1
79 136 0
79 80 3
44 103 3
103 104 3
48 106 3
49 106 3
49 108 3
90 91 1
98 99 3
42 100 3
50 109 3
61 62 3
70 71 3
13 71 3
73 74 3
77 136 2
86 87 3
29 87 3
100 101 3
48 105 3
67 69 3
73 188 0
37 153 3
39 96 0
99 100 3
101 102 3
102 103 3
91 92 3
37 94 1
96 153 1
105 106 3
62 64 0
39 97 0
100 158 3
71 188 0
76 77 0
97 98 3
99 158 3
59 179 0
6 64 3
87 88 3
96 97 3
0 179 3
69 126 3
108 109 3
67 126 3
96 154 3
153 154 0
100 159 3
65 124 2
66 124 2
88 145 3
158 159 3
87 145 3
101 159 3
106 108 3
60 179 2
61 179 3
74 133 3
76 133 3
76 134 3
84 143 3
85 143 3
145 146 3
93 151 3
114 230 3
114 173 3
115 173 3
70 128 3
71 128 3
73 131 3
74 132 3
17 133 1
77 134 2
81 139 3
82 140 3
83 140 1
88 146 3
90 148 3
91 148 0
108 165 3
109 166 3
111 169 3
112 169 1
131 188 0
73 132 3
82 139 3
94 151 3
99 157 3
112 171 3
113 171 3
65 123 2
83 143 3
94 152 3
94 153 3
102 160 3
110 169 3
6 123 3
69 127 3
86 144 3
86 145 3
91 149 0
101 160 3
103 161 3
104 162 3
106 165 3
166 167 3
109 167 3
110 167 3
67 125 3
126 127 3
70 127 3
133 134 3
77 135 2
79 137 3
80 138 3
80 139 3
139 140 3
85 144 3
148 149 3
92 149 0
92 151 2
98 157 3
157 158 3
102 161 3
104 161 3
105 162 3
105 164 3
106 164 3
108 166 3
110 168 3
113 230 3
66 125 1
125 126 3
134 135 3
135 136 3
136 137 1
137 138 3
138 139 3
152 153 3
97 154 3
164 165 3
171 230 3
173 230 3
123 124 3
127 128 3
146 147 3
147 148 3
98 155 3
159 160 3
167 168 3
112 170 3
170 171 3
131 132 3
132 133 3
83 141 3
92 150 0
97 155 3
161 162 3
105 163 3
165 166 0
168 169 3
124 125 1
140 141 0
141 143 3
149 150 3
151 152 3
162 163 3
163 164 3
171 228 3
143 144 3
160 161 3
169 227 3
170 228 3
144 145 3
150 151 1
154 155 3
112 227 1
170 227 3
155 157 1
64 119 3
6 119 3
6 180 3
123 180 3
119 180 3
134 249 3
140 198 0
152 210 3
153 210 3
124 181 3
133 249 3
143 200 3
160 218 3
165 223 3
123 181 3
141 200 3
161 218 3
164 223 3
133 191 3
154 212 3
62 119 2
191 249 3
200 257 3
153 212 0
155 214 3
131 189 0
144 200 0
145 203 3
146 204 3
147 204 3
157 214 0
159 217 3
161 219 3
124 182 3
125 182 0
71 245 0
132 190 3
132 191 3
148 205 3
160 217 3
218 219 3
167 225 3
125 184 0
126 184 0
188 245 3
141 198 3
146 203 3
147 205 3
151 210 2
153 211 3
168 226 3
169 226 3
175 179 3
126 185 0
127 185 0
127 186 0
128 186 0
71 186 0
132 189 0
190 191 3
135 252 3
136 252 3
138 196 0
139 197 3
148 206 3
149 207 3
150 208 3
210 211 3
211 212 0
154 213 3
155 213 3
157 215 3
158 216 3
163 222 3
164 222 3
166 223 1
137 195 0
137 196 0
138 197 3
140 197 2
204 205 3
148 207 3
207 208 3
215 216 3
168 225 3
0 175 3
61 176 2
181 182 3
186 245 3
193 249 3
134 193 3
151 208 0
212 213 3
213 214 3
173 231 3
188 189 3
189 190 1
135 193 3
136 195 3
195 196 3
197 198 0
145 202 3
203 204 3
205 206 3
161 220 3
162 220 3
163 220 3
230 231 3
61 119 2
184 185 3
185 186 3
196 197 3
144 202 3
202 203 3
180 181 3
141 257 3
206 207 3
214 215 1
158 217 3
217 218 3
219 220 3
222 223 3
166 225 1
151 267 0
225 226 3
61 175 2
119 176 3
182 184 3
200 202 1
208 267 3
210 267 0
227 228 3
193 252 3
220 222 3
223 225 3
226 227 3
223 282 3
119 235 3
190 249 3
193 251 3
225 282 3
175 176 3
228 287 3
171 287 3
230 287 3
188 246 3
189 246 3
251 252 3
198 257 3
180 237 3
213 271 3
216 217 3
119 236 3
181 239 3
198 255 3
212 271 3
222 280 0
176 235 3
235 236 3
180 239 3
207 266 3
208 266 3
218 277 3
219 277 3
223 280 3
180 238 3
245 246 3
220 278 3
220 279 3
222 279 0
230 288 3
216 274 2
219 278 3
231 288 3
237 238 3
238 239 3
197 255 0
215 273 3
217 275 3
279 280 2
225 283 3
226 283 3
287 288 3
180 236 3
184 241 3
200 201 3
212 270 3
216 273 3
274 275 1
227 286 3
228 286 3
182 241 3
205 264 3
206 264 3
211 270 0
227 285 3
0 174 3
182 240 3
184 242 3
185 242 3
195 252 3
201 202 1
203 261 3
210 268 0
214 272 3
214 273 1
218 275 3
174 175 3
182 239 3
240 241 3
204 261 3
207 265 3
267 268 3
210 269 3
211 269 3
223 281 3
226 284 3
227 284 3
189 247 3
249 307 3
252 253 3
195 253 3
202 261 3
264 265 3
265 266 3
266 324 3
266 267 3
269 270 0
213 272 3
281 282 3
282 283 3
284 285 0
285 286 3
239 240 3
241 242 3
190 307 0
204 262 3
268 269 1
270 271 3
272 273 1
280 281 3
283 284 3
231 289 3
175 233 1
176 233 1
236 237 3
190 247 0
204 264 3
277 278 3
176 292 1
235 292 1
245 303 3
246 247 3
261 262 3
273 274 2
278 279 3
288 289 3
185 245 3
196 253 3
255 314 3
278 337 3
279 337 3
233 292 3
196 313 0
197 313 0
201 317 3
202 317 0
174 233 1
185 302 3
245 302 3
255 313 3
198 314 3
271 272 3
218 333 0
198 201 3
201 257 3
274 333 2
275 333 0
247 307 3
249 251 3
253 313 3
286 287 3
201 314 3
262 264 3
288 346 3
289 346 3
242 302 3
249 308 3
273 331 0
218 334 3
241 299 3
251 308 3
201 316 3
333 334 1
277 334 3
240 299 3
272 331 3
274 331 0
235 293 3
236 294 3
237 294 3
242 300 3
242 301 3
301 302 3
262 321 3
264 321 3
284 342 0
284 343 0
292 293 0
241 300 3
302 303 3
277 335 3
342 343 3
285 343 3
247 306 3
334 335 3
287 345 3
288 345 3
235 294 3
264 322 3
269 327 3
272 330 3
330 331 3
277 336 3
278 336 3
280 339 3
281 339 3
283 341 3
286 344 0
287 344 0
293 294 3
306 307 3
251 309 3
316 317 3
265 322 3
265 324 3
270 327 1
274 332 2
336 337 3
284 341 3
285 344 0
239 299 3
246 303 3
313 314 3
261 319 0
267 325 3
268 327 1
271 330 3
332 333 3
280 337 2
282 340 3
283 340 3
341 342 0
233 291 3
237 295 3
238 296 3
239 297 3
300 301 3
247 305 3
262 319 0
266 325 3
267 326 3
268 326 3
270 328 0
270 329 3
271 329 3
335 336 3
280 338 3
345 346 3
174 291 1
294 295 3
295 296 3
296 297 3
297 299 3
246 304 3
305 306 3
252 309 3
252 310 3
312 313 3
327 328 0
338 339 3
282 339 3
343 344 0
344 345 1
291 292 3
246 305 3
253 312 3
317 319 3
261 317 0
321 322 3
325 326 3
326 327 1
328 329 3
331 332 1
337 338 2
339 340 3
340 341 3
304 305 3
308 309 3
307 308 3
309 310 3
253 310 3
324 382 0
324 325 3
329 330 3
262 378 0
299 300 3
346 347 3
289 347 3
319 378 3
303 304 3
322 324 3
339 397 0
340 399 0
341 399 0
310 312 3
319 376 3
321 378 0
322 381 0
324 381 0
325 382 3
340 397 0
317 376 3
336 394 3
293 351 3
328 385 1
292 351 0
316 375 3
308 367 3
309 367 3
317 375 3
322 380 3
302 359 3
309 368 3
310 368 3
380 381 0
327 385 3
333 391 1
337 395 3
342 399 0
297 356 3
299 356 3
301 359 3
306 364 3
307 364 3
308 366 3
325 384 3
326 384 3
328 386 3
329 386 3
329 387 3
334 391 3
334 392 3
335 392 3
336 395 3
302 360 3
312 370 3
314 372 3
386 387 3
330 387 3
305 364 3
307 366 3
367 368 3
313 370 3
314 374 3
201 374 3
316 374 3
331 389 3
338 395 2
343 401 3
291 349 3
292 350 3
299 358 3
300 358 3
303 360 3
366 367 3
321 379 0
321 380 3
327 384 0
330 389 3
331 390 1
332 390 2
344 401 1
344 403 1
345 403 0
349 350 3
294 352 3
295 353 3
296 354 3
303 361 3
304 362 3
305 363 3
372 374 3
374 375 3
375 376 3
319 377 3
378 379 3
385 386 0
335 393 3
336 393 3
394 395 3
338 396 0
342 400 3
344 402 3
174 349 1
294 351 3
352 353 3
353 354 3
297 354 3
297 355 3
358 359 3
304 361 3
362 363 3
363 364 3
312 368 3
313 372 3
374 431 3
381 382 3
333 390 2
392 393 3
339 396 0
397 399 3
400 401 3
402 403 1
350 351 0
354 355 3
355 356 3
359 360 3
360 361 3
372 431 3
376 377 3
377 378 3
330 388 3
389 390 3
390 391 1
391 392 3
395 396 0
401 402 0
346 404 3
325 383 3
387 388 3
388 389 3
393 394 3
399 400 1
345 404 2
347 404 3
347 405 3
382 383 3
384 385 1
404 405 3
351 352 3
361 362 3
370 371 3
379 380 1
403 404 1
313 371 3
364 365 3
307 365 3
396 397 3
371 372 3
365 366 3
299 415 3
358 415 3
383 384 3
399 456 3
368 370 3
379 437 3
397 456 3
382 441 3
174 407 1
360 418 3
383 441 3
349 407 3
385 443 3
386 443 1
395 453 3
376 494 3
377 494 3
359 418 3
368 427 2
370 427 2
375 434 3
376 434 3
380 437 0
391 450 3
392 450 3
393 452 3
394 452 3
395 452 3
353 411 3
354 411 3
364 422 3
365 422 3
378 436 3
379 436 3
452 453 3
400 458 0
402 460 3
174 464 1
349 408 3
350 408 3
362 421 3
363 421 3
367 425 3
372 430 3
375 432 3
377 436 3
387 446 3
388 446 3
389 446 3
389 447 3
390 447 2
390 448 1
396 454 2
399 458 3
401 460 0
402 461 2
403 461 0
407 464 3
356 414 3
358 416 3
359 417 3
360 419 3
361 419 3
362 420 3
366 424 3
367 426 3
368 426 3
374 432 3
381 439 3
382 439 3
382 440 3
384 442 3
387 445 3
391 448 3
391 449 3
392 451 3
393 451 3
396 453 1
397 454 2
399 457 3
404 462 3
405 462 3
405 463 3
352 411 3
299 414 3
415 416 3
416 417 3
417 418 3
419 420 3
421 422 3
365 424 3
424 425 3
432 434 3
380 438 3
380 439 0
439 440 3
440 441 3
441 442 3
442 443 1
386 445 3
446 447 3
453 454 3
401 458 0
404 461 2
462 463 3
407 408 3
351 408 1
351 524 1
351 409 1
352 410 3
355 414 3
425 426 3
371 430 3
434 494 3
493 494 0
436 437 3
437 438 1
445 446 3
397 455 1
456 457 3
457 458 3
461 462 2
408 524 0
352 409 3
354 413 3
355 413 3
414 415 3
426 427 3
436 494 3
447 448 1
450 451 3
451 452 3
409 524 3
409 410 3
420 421 3
371 428 1
443 502 3
370 428 1
438 439 0
386 502 1
449 450 3
454 455 1
455 456 0
460 461 2
418 419 3
434 491 3
448 449 3
410 411 3
411 413 3
413 414 3
430 431 3
432 491 3
445 502 1
458 460 3
431 432 3
434 493 1
452 509 3
426 484 3
427 484 0
451 509 3
420 537 1
422 481 3
427 485 0
427 428 1
428 430 0
421 537 1
365 481 3
428 485 0
460 517 1
458 516 1
458 517 1
430 487 3
462 520 3
413 472 3
425 484 3
428 487 0
446 502 1
516 517 3
461 519 1
411 469 3
414 472 3
456 514 1
461 520 2
409 467 3
410 467 3
410 469 3
411 470 3
413 470 3
417 475 3
422 480 3
457 514 1
460 518 1
463 521 3
410 468 3
416 475 3
418 477 3
419 477 3
420 478 3
421 479 3
422 479 3
437 495 3
454 512 2
457 515 1
457 516 1
462 521 3
467 468 3
468 469 3
469 470 3
478 537 1
424 482 3
438 495 0
439 497 3
450 508 3
452 510 3
455 512 3
455 514 3
407 465 3
467 524 3
418 476 3
419 478 3
425 482 3
484 542 3
437 494 3
440 497 3
440 499 3
441 499 3
441 500 3
442 500 3
443 501 3
447 505 1
448 505 3
449 508 3
451 508 3
509 510 3
453 512 3
455 513 3
513 514 3
515 516 3
517 518 3
464 465 3
408 465 3
415 474 3
416 474 3
418 475 3
476 477 3
479 480 1
480 481 3
481 482 3
431 488 3
494 495 3
500 501 1
501 502 3
448 506 3
512 513 3
514 515 3
460 519 1
520 521 3
474 475 3
477 478 3
430 488 3
431 491 3
491 493 3
438 497 0
446 505 1
505 506 3
449 507 3
518 519 3
519 520 3
479 537 1
446 503 1
448 507 3
453 510 3
415 472 3
499 500 3
446 504 1
506 507 3
475 476 3
488 491 3
494 552 1
497 499 3
503 504 3
507 508 3
508 509 3
415 473 3
482 484 3
487 488 3
497 554 1
497 556 3
499 556 3
502 503 0
438 554 3
504 505 3
470 472 3
472 473 3
473 474 3
495 554 1
470 529 3
472 529 3
481 539 3
484 485 3
491 549 1
497 555 1
475 533 3
488 549 1
491 550 3
554 555 3
485 544 1
487 545 1
493 551 3
493 552 3
470 528 3
482 541 3
428 544 3
488 546 1
488 604 1
493 550 2
495 552 1
467 525 3
528 529 3
482 539 3
484 541 3
488 545 1
546 604 3
453 569 3
512 569 3
465 524 0
468 526 3
469 528 3
473 531 3
476 533 3
485 543 3
503 561 3
510 569 3
514 572 3
469 526 3
542 543 3
551 552 3
502 561 0
512 570 3
478 536 1
487 544 1
569 570 3
515 572 3
467 526 3
536 537 3
541 542 3
550 551 3
552 553 0
499 557 3
501 560 3
502 560 3
509 568 3
510 568 3
520 579 3
521 579 3
524 525 3
495 553 3
500 558 3
508 566 3
516 574 3
518 576 3
519 577 3
520 578 3
464 522 3
465 522 3
465 523 3
469 527 3
545 546 3
488 548 2
560 561 0
504 561 3
505 564 3
506 564 3
507 565 3
509 566 3
513 570 3
513 571 3
514 571 3
515 573 3
517 574 3
517 575 3
517 576 3
523 524 0
479 538 1
480 538 3
557 558 3
501 558 0
501 559 3
505 563 3
564 565 3
507 566 3
509 567 3
573 574 3
574 575 3
527 528 3
481 538 3
543 544 3
544 545 3
555 556 0
558 559 1
504 562 3
567 568 3
568 569 3
571 572 3
575 576 3
518 577 3
520 577 3
578 579 3
522 523 3
474 532 3
475 532 3
477 536 1
538 539 3
549 550 3
561 562 3
562 563 3
563 564 3
566 567 3
570 571 3
525 526 3
526 527 3
537 538 3
556 557 3
537 594 3
548 549 3
553 554 3
559 560 3
565 566 3
576 577 3
472 531 3
473 532 3
577 578 3
532 533 3
548 604 1
472 587 2
529 587 2
531 532 3
572 573 3
536 594 3
533 592 3
539 541 3
472 589 1
532 590 3
477 592 1
556 615 1
557 615 1
531 589 3
476 592 3
536 592 3
538 594 3
548 605 3
555 614 3
556 614 1
557 616 1
558 616 1
536 593 3
604 605 3
614 615 3
615 616 3
542 600 3
559 616 3
570 629 3
587 589 3
541 600 3
571 629 3
529 586 2
594 595 3
565 623 3
527 586 3
528 586 2
538 595 3
539 598 3
545 603 3
545 604 3
549 607 2
550 609 3
551 609 2
559 617 3
561 619 1
564 623 3
572 630 3
533 591 3
538 596 3
539 596 3
541 598 3
543 600 3
548 607 3
550 607 3
552 611 2
553 611 3
554 611 2
560 617 3
560 619 3
562 619 1
562 620 1
562 621 1
563 621 1
569 627 3
628 629 3
629 630 3
574 632 3
525 583 3
526 583 3
527 583 3
532 591 3
591 592 3
543 601 3
544 601 2
548 606 3
550 608 3
552 610 2
554 612 2
619 620 3
563 622 3
564 622 3
566 624 3
567 626 3
568 626 3
568 627 3
570 628 3
573 631 3
575 632 3
576 634 3
577 634 3
577 635 3
577 636 3
578 636 3
579 637 3
524 582 3
525 582 3
531 590 3
592 593 3
593 594 3
603 604 3
605 606 3
607 608 3
608 609 3
610 611 3
611 612 3
555 612 3
620 621 3
622 623 3
623 624 3
567 624 3
567 625 3
569 628 3
630 631 3
631 632 3
575 634 3
634 635 3
578 637 3
636 637 3
601 602 3
544 602 2
606 607 3
625 626 3
626 627 3
627 628 3
590 591 3
596 598 3
545 602 2
560 676 3
619 676 3
621 622 0
635 636 3
595 596 3
600 601 3
602 603 3
551 610 2
624 625 3
522 580 3
609 610 3
616 617 3
523 580 3
523 582 0
582 583 3
586 587 3
596 655 3
598 600 3
598 655 3
575 691 3
612 614 3
617 676 3
634 691 3
586 644 3
589 590 3
632 691 3
523 639 3
582 639 1
583 642 1
583 643 1
619 677 3
527 643 1
587 644 3
580 639 3
642 643 3
586 643 3
676 677 3
583 641 1
596 654 3
654 655 3
582 641 1
641 642 3
598 657 3
600 657 3
605 664 3
604 662 2
606 664 3
612 670 3
620 678 2
621 623 0
639 641 3
603 662 2
605 662 3
607 665 3
608 665 3
611 670 3
620 677 2
623 680 1
593 650 3
601 660 3
607 664 3
615 674 3
621 678 2
621 680 1
629 687 3
592 650 2
655 657 3
600 658 3
602 660 3
609 667 3
610 667 3
616 674 3
628 687 3
630 689 3
631 689 3
591 650 2
594 652 1
595 653 1
596 653 3
657 658 3
601 658 3
601 659 3
603 661 2
605 663 3
621 679 1
640 641 3
590 648 2
591 648 2
591 649 1
595 652 1
658 659 3
659 660 3
602 661 3
661 662 3
663 664 3
612 672 3
614 672 2
615 672 2
617 675 3
677 678 3
630 687 3
635 693 3
637 695 3
580 638 3
639 640 3
587 703 1
653 654 3
665 666 3
608 666 3
611 669 3
615 673 2
616 675 3
675 676 3
679 680 3
623 681 1
632 690 3
634 692 3
635 692 3
636 694 3
643 644 3
587 645 3
649 650 0
660 661 3
664 665 3
666 667 3
610 669 3
670 672 3
672 673 3
680 681 3
624 681 1
624 682 1
625 683 1
689 690 3
636 693 3
694 695 3
652 653 3
678 679 3
681 682 3
625 682 1
626 683 1
626 684 1
690 691 3
692 693 3
693 694 3
638 639 3
644 645 3
589 703 1
589 647 2
589 648 2
662 663 3
610 668 3
670 671 3
671 672 3
673 674 3
627 684 1
691 692 3
647 648 3
593 709 1
667 668 3
669 670 3
682 683 3
683 684 3
628 684 1
648 649 1
594 709 1
628 685 1
645 703 1
652 709 3
674 675 3
687 689 3
647 703 1
650 709 3
668 669 3
684 685 3
685 687 0
650 708 3
639 697 3
692 749 3
640 697 3
649 708 0
708 709 3
655 714 3
657 714 3
677 735 3
685 744 3
687 744 1
691 749 3
654 712 3
655 712 3
672 731 3
673 731 3
676 734 3
676 735 3
687 746 1
643 701 2
644 701 3
659 717 3
675 733 2
734 735 3
678 735 3
689 746 1
690 747 1
657 715 3
658 717 3
674 731 2
676 733 2
679 738 3
680 738 3
683 741 3
684 743 2
689 747 1
693 752 3
694 752 3
642 701 2
645 702 3
647 704 3
648 704 3
714 715 3
672 730 3
682 741 3
685 743 2
743 744 3
644 702 2
712 714 3
660 717 3
662 720 3
667 725 3
668 727 3
669 727 3
669 728 3
670 728 3
730 731 3
678 736 3
680 739 3
681 739 3
682 740 3
683 742 3
690 748 3
695 752 3
640 699 2
641 699 2
641 700 2
642 700 2
658 715 3
658 716 3
660 718 3
661 720 3
663 721 3
664 722 3
665 723 3
666 723 3
666 725 3
671 728 3
671 730 3
733 734 3
735 736 3
679 736 3
679 737 3
738 739 3
681 740 3
684 742 2
691 748 3
693 751 3
638 697 3
700 701 3
701 702 3
703 704 0
648 707 3
661 719 3
663 720 3
721 722 3
722 723 3
666 724 3
727 728 3
674 732 2
675 732 2
737 738 3
692 750 3
693 750 3
751 752 3
649 707 0
716 717 3
717 718 3
718 719 3
719 720 3
736 737 3
748 749 3
749 750 3
695 753 3
699 700 3
715 716 3
720 721 3
723 724 3
668 725 3
668 726 3
726 727 3
671 729 3
731 732 3
732 733 3
739 740 3
746 747 2
747 748 0
652 710 3
653 710 3
653 712 3
724 725 3
728 729 3
741 742 3
742 743 3
752 753 3
638 696 3
704 707 3
725 726 3
729 730 3
740 741 3
744 746 1
750 751 3
696 697 3
702 703 1
744 803 3
746 803 3
697 699 2
709 710 3
697 756 1
707 708 3
710 770 3
653 770 3
712 770 3
712 771 3
704 763 3
714 771 3
699 756 1
707 763 3
704 762 3
770 771 3
747 805 3
749 807 1
696 755 2
697 755 1
714 772 3
748 807 1
707 764 3
707 765 3
769 770 3
771 772 3
746 805 3
748 805 1
710 769 3
723 782 3
724 782 3
734 793 3
735 793 2
748 806 1
749 808 1
750 808 1
751 810 1
752 810 1
753 810 1
753 811 1
755 756 1
703 762 0
762 763 3
708 765 3
715 772 3
719 777 3
723 781 3
725 782 3
727 785 3
730 787 3
731 789 3
805 806 3
806 807 3
751 809 1
810 811 3
700 759 2
701 759 2
764 765 3
709 767 3
716 774 3
717 775 3
718 776 3
719 776 3
720 777 3
722 781 3
781 782 3
725 784 3
726 784 3
726 785 3
727 786 3
728 786 3
729 787 3
730 789 3
733 791 3
736 794 2
737 794 2
738 796 3
739 796 3
739 798 3
740 798 3
740 799 3
741 799 3
743 802 3
744 802 3
802 803 3
746 804 3
750 809 1
696 754 1
754 755 0
710 767 3
710 768 3
772 773 3
715 773 3
715 774 3
717 774 3
718 775 3
720 778 3
721 778 3
732 789 3
732 790 3
733 790 3
733 792 3
734 792 3
737 795 3
738 795 3
739 797 3
742 800 3
742 801 3
743 801 3
804 805 3
807 808 3
702 759 2
768 769 3
773 774 3
775 776 3
776 777 3
777 778 3
721 779 3
722 779 3
722 780 3
725 783 3
784 785 3
785 786 3
786 787 3
790 791 3
791 792 3
793 794 3
795 796 3
796 797 3
800 801 3
801 802 3
809 810 3
703 761 2
763 764 3
774 775 3
778 779 3
779 780 3
780 781 3
782 783 3
789 790 3
792 793 3
797 798 3
798 799 3
742 799 3
803 804 3
702 761 1
767 768 3
783 784 3
808 809 3
761 762 3
708 767 3
794 795 3
759 761 3
765 767 3
699 759 2
699 758 1
758 759 0
799 800 3
787 789 3
756 758 3
765 823 3
764 823 3
767 825 3
768 825 3
759 817 2
767 823 3
789 846 3
758 817 3
761 818 3
823 824 3
767 824 3
785 843 3
758 816 3
759 818 2
764 822 3
783 842 3
784 842 3
784 843 3
822 823 3
789 847 3
794 853 3
795 853 2
816 817 3
768 826 3
775 833 3
787 846 3
846 847 3
796 854 2
797 855 3
810 868 3
811 868 3
756 814 2
763 821 2
764 821 3
769 826 3
772 830 3
776 833 3
779 837 3
780 838 3
783 841 3
790 847 3
790 848 3
792 851 3
795 854 3
798 855 3
805 863 3
758 814 3
817 818 3
824 825 3
771 830 3
772 831 3
773 831 3
773 833 3
774 833 3
777 836 3
778 836 3
837 838 3
782 841 3
786 843 3
793 851 3
803 860 3
809 868 3
814 816 3
770 828 3
771 828 3
771 829 3
830 831 3
831 833 3
778 837 3
842 843 3
791 849 3
792 849 3
798 857 3
799 857 3
800 857 3
802 860 3
803 861 3
804 862 3
806 863 2
806 864 3
807 865 2
809 867 3
754 812 3
755 813 1
821 822 3
769 827 3
828 829 3
829 830 3
776 834 3
777 835 3
781 839 3
782 840 3
786 844 3
847 848 3
791 848 3
800 858 3
801 860 3
861 862 3
805 862 3
807 864 2
808 866 3
812 813 3
761 819 3
762 819 3
826 827 3
770 827 3
834 835 3
835 836 3
836 837 3
838 839 3
839 840 3
840 841 3
841 842 3
787 844 3
794 852 3
797 854 2
857 858 3
801 858 3
801 859 3
860 861 3
811 869 3
756 813 3
827 828 3
833 834 3
843 844 3
848 849 3
852 853 3
853 854 3
854 855 3
808 865 2
868 869 3
818 819 3
762 820 3
832 833 3
787 845 3
792 850 3
858 859 3
859 860 3
863 864 3
809 866 3
763 820 3
831 832 3
844 845 3
849 850 3
850 851 3
794 851 3
855 857 3
867 868 3
819 820 3
820 821 3
825 826 3
862 863 3
864 865 3
865 866 3
851 852 3
866 867 3
845 846 3
813 814 3
857 914 2
865 924 3
866 924 3
869 927 3
814 873 3
841 899 3
855 914 3
816 873 3
840 899 3
846 903 3
845 903 3
848 906 3
849 906 3
864 923 3
831 889 3
838 895 3
839 897 3
842 900 3
854 912 3
865 923 3
867 924 3
826 884 3
827 884 3
827 886 3
828 886 3
829 887 3
830 887 3
837 895 3
838 897 3
841 900 3
853 912 3
855 913 3
857 915 3
818 875 3
823 881 3
825 883 3
828 887 3
832 889 3
851 909 3
851 910 3
852 910 3
852 911 3
853 911 3
854 913 3
813 872 3
814 872 3
817 875 3
822 880 3
822 881 3
826 883 3
830 889 3
832 890 3
833 890 3
834 892 3
838 896 3
840 897 3
840 898 3
843 901 3
844 902 3
845 902 3
849 908 3
850 908 3
861 919 3
923 924 3
812 870 3
813 871 3
816 874 3
820 878 3
821 878 3
821 880 3
824 881 3
824 882 3
827 885 3
833 891 3
834 891 3
835 892 3
836 894 3
895 896 3
897 898 3
842 901 3
846 904 3
847 904 3
847 905 3
848 905 3
858 916 3
859 916 3
859 917 3
859 918 3
860 918 3
862 919 3
862 920 3
863 921 3
868 925 2
870 871 3
871 872 3
817 874 3
821 879 3
882 883 3
884 885 3
885 886 3
886 887 3
890 891 3
891 892 3
835 893 3
836 893 3
836 895 3
898 899 3
844 901 3
903 904 3
908 909 3
909 910 3
910 911 3
914 915 3
857 916 3
916 917 3
918 919 3
919 920 3
863 920 3
863 922 3
864 922 3
867 925 3
818 876 3
878 879 3
879 880 3
883 884 3
894 895 3
896 897 3
902 903 3
905 906 3
911 912 3
912 913 3
917 918 3
920 921 3
875 876 3
819 878 3
881 882 3
887 888 3
830 888 3
893 894 3
900 901 3
904 905 3
913 914 3
915 916 3
922 923 3
874 875 3
819 876 3
892 893 3
899 900 3
921 922 3
873 874 3
876 878 3
888 889 3
901 902 3
869 925 2
880 881 3
906 908 3
872 873 3
924 925 3
889 890 3
925 927 3
923 981 3
876 935 3
878 935 3
924 981 3
901 959 3
902 959 3
910 968 3
911 968 3
913 971 3
914 971 3
906 965 3
908 965 3
916 974 3
891 949 3
902 961 3
903 961 3
906 964 3
914 972 3
915 972 2
915 974 3
917 975 3
920 978 3
921 980 3
922 980 3
878 936 3
879 936 3
887 945 3
892 949 3
905 964 3
964 965 3
908 966 3
912 971 3
915 973 3
916 975 3
921 978 3
922 981 3
925 984 3
927 985 3
888 945 3
888 946 3
896 954 3
897 954 3
898 957 3
899 957 3
965 966 3
972 973 3
925 985 3
874 932 3
876 934 3
884 942 3
885 943 3
886 944 3
895 954 3
897 955 3
904 962 3
905 962 3
909 967 3
909 968 3
918 976 3
924 982 3
870 928 3
871 929 3
872 930 3
873 931 3
875 932 3
875 933 3
875 934 3
935 936 3
879 937 3
881 939 3
881 940 3
882 940 3
885 942 3
885 944 3
887 944 3
889 946 3
889 947 3
892 950 3
892 951 3
893 951 3
895 953 3
954 955 3
898 956 3
900 958 3
900 959 3
909 966 3
967 968 3
912 970 3
917 976 3
919 976 3
921 979 3
981 982 3
925 983 3
984 985 3
928 929 3
929 930 3
872 931 3
931 932 3
933 934 3
934 935 3
936 937 3
939 940 3
883 940 3
883 942 3
942 943 3
946 947 3
890 947 3
890 948 3
891 948 3
949 950 3
894 953 3
897 956 3
899 958 3
958 959 3
903 962 3
911 970 3
974 975 3
975 976 3
919 977 3
919 978 3
978 979 3
979 980 3
980 981 3
982 983 3
983 984 3
880 939 3
961 962 3
966 967 3
968 1027 3
911 1027 3
970 971 3
973 974 3
977 978 3
930 931 3
932 933 3
879 938 3
880 938 3
943 944 3
944 945 3
947 948 3
948 949 3
955 956 3
956 957 3
957 958 3
971 972 3
945 946 3
950 951 3
953 954 3
937 938 3
938 939 3
893 953 3
951 953 3
970 1027 3
959 961 3
905 1021 3
883 999 3
962 1021 3
964 1021 3
919 1035 3
940 999 3
942 999 3
976 1035 3
977 1035 3
957 1015 3
958 1015 3
951 1010 3
953 1010 3
959 1018 3
961 1018 3
954 1012 3
971 1029 3
983 1041 3
931 989 3
945 1003 3
953 1012 3
966 1024 3
972 1030 3
973 1030 3
944 1002 3
946 1003 3
958 1016 3
965 1024 3
968 1026 3
970 1029 3
972 1029 3
973 1031 3
980 1038 3
982 1040 3
934 992 3
935 992 3
948 1006 3
949 1006 3
959 1016 3
959 1017 3
1026 1027 3
978 1036 3
979 1038 3
981 1040 3
935 993 3
936 993 3
936 995 3
937 995 3
943 1001 3
944 1003 3
947 1006 3
956 1014 3
1015 1016 3
1017 1018 3
967 1026 3
974 1032 3
975 1033 3
1035 1036 3
979 1037 3
982 1041 3
984 1043 3
985 1043 3
930 989 3
932 989 3
932 991 3
933 991 3
938 995 3
944 1001 3
1002 1003 3
946 1004 3
950 1008 3
951 1009 3
953 1011 3
955 1012 3
955 1013 3
957 1014 3
962 1020 3
967 1024 3
970 1028 3
1029 1030 3
1030 1031 3
974 1031 3
974 1033 3
976 1033 3
976 1034 3
978 1037 3
1040 1041 3
984 1042 3
928 986 3
929 987 3
930 988 3
932 990 3
934 991 3
938 996 3
939 997 3
940 998 3
1003 1004 3
947 1005 3
949 1007 3
950 1007 3
951 1008 3
1010 1011 3
1012 1013 3
1016 1017 3
964 1022 3
965 1023 3
1027 1028 3
1031 1032 3
1034 1035 3
981 1039 3
983 1042 3
1042 1043 3
986 987 3
987 988 3
988 989 3
989 990 3
990 991 3
995 996 3
996 997 3
997 998 3
942 1000 3
943 1000 3
1001 1002 3
1004 1005 3
1006 1007 3
1009 1010 3
1011 1012 3
955 1014 3
1020 1021 3
1021 1022 3
1022 1023 3
1023 1024 3
1028 1029 3
1033 1034 3
1037 1038 3
1038 1039 3
1039 1040 3
991 992 3
999 1000 3
1005 1006 3
1007 1008 3
1008 1009 3
1013 1014 3
967 1025 3
1032 1033 3
1036 1037 3
1024 1025 3
992 993 3
1014 1015 3
1025 1026 3
993 995 3
1000 1001 3
1041 1042 3
998 999 3
961 1020 3
