0.392186 0.0134539 4.69316
-0.0326362 -0.0543975 14.3426
-0.0434345 -0.00602508 13.8417
-0.0246516 -0.0071094 12.9297
-0.0358064 -0.00722589 13.6967
-0.00547723 -0.0110535 11.1954
-0.0193777 -0.00979441 12.8467
0.345078 0.00424015 -55.1558
0.146739 -0.126299 -9.99758
0.0457895 -0.238773 8.52827
0.0336309 -0.180852 10.2779
0.0278275 -0.162128 11.4664
0.0291585 -0.0339108 8.78563
0.0294153 0.00997347 8.69832
0.0391515 -0.0304364 6.66804
-0.0212625 -0.0410208 27.2709
-0.0258899 -0.0668099 28.4114
0.0305699 -0.15099 9.43121
-0.0299448 -0.175928 33.6841
-0.069927 -0.197241 50.0627
-0.0549131 -0.113393 41.1879
0.0501514 -0.0229834 -8.62715
0.0959245 -0.0925104 -28.6913
0.0534002 -0.0602921 -18.6355
0.00971405 -0.109692 5.24656
0.0265154 -0.03628 -4.98135
0.0192791 -0.0106054 -1.46527
0.0286161 0.00155287 -6.99009
0.0236699 -0.0494232 -3.08729
-0.0133148 -0.0750857 20.2024
-0.0306725 -0.0523985 31.2132
-0.0428765 -0.0437667 39.1654
-0.0526724 -0.0539814 45.837
0.0154471 -0.0266643 -2.30788
0.0388143 -0.0349712 -18.9413
0.0535623 -0.0505093 -29.3921
-0.0215004 -0.102816 30.7894
-0.0410592 -0.091982 45.7866
0.201823 -0.158203 -154.486
-0.207453 -0.123096 188.626
-0.0633487 0.0349845 59.0253
-0.0293362 -0.0137561 30.3696
-0.0394703 0.215269 44.1558
0.194258 0.0364553 -167.582
0.365303 0.0942522 -333.897
0.179819 0.0602484 -153.637
0.158075 -0.0217623 -130.891
0.076497 -0.0166108 -47.4499
0.0109679 0.0218 19.4736
0.0146765 0.0455785 3.80755
0.0140405 0.0439152 4.48309
-0.00431578 0.0770285 23.9981
0.000606069 0.0769365 18.1883
0.0282615 0.0783898 -14.1176
0.862265 0.0202681 -985.661
0.0572557 0.00047613 -30.4634
0.0842948 -0.0482507 -62.6489
0.0955617 -0.039096 -76.312
0.273276 0.00504821 5.817
0.00985973 -0.0475578 12.6798
-0.0402247 -0.0185796 14.0388
-0.0268162 -0.00889482 13.2485
-0.0170124 -0.0149677 12.246
-0.0110252 -0.0153981 12.1035
-0.0288937 -0.0110698 14.252
0.337765 0.00829168 -53.9466
0.286997 0.0519373 -46.87
-0.0114932 0.140638 12.0294
0.0728005 -0.237961 10.2784
-0.0524141 -0.176799 37.7605
-0.0467078 -0.112237 34.8524
-0.205012 -0.401664 87.3299
-0.0498283 -0.287497 39.0543
0.0167969 -0.0279735 13.8989
-0.0289339 -0.123816 31.3179
-0.0105668 -0.148477 25.3856
-0.0304256 -0.163389 33.1847
-0.0635415 -0.151062 46.146
-0.0433434 -0.0680159 33.0393
0.0331786 -0.101795 1.05808
0.0876768 -0.0950711 -24.5674
0.0828233 -0.0704523 -33.4802
0.0410268 -0.048913 -12.4422
0.0424082 -0.0189462 -13.909
0.0235585 -0.02913 -2.68963
0.00791448 -0.0386386 6.17319
-0.0130065 -0.06469 20.0038
-0.0219112 -0.0797894 25.4799
-0.0124765 -0.0541631 18.7303
-0.0222578 0.0024048 23.5998
-0.0122229 -0.0270482 17.3857
0.0270531 -0.020741 -10.8118
0.0360846 -0.0185806 -17.1565
0.0260871 -0.0433907 -7.99983
-0.0302411 -0.108729 38.1833
-0.0347851 -0.088603 40.4895
-0.0916515 -0.0573761 84.2405
-0.205177 -0.105866 185.699
-0.0291317 0.0266702 29.2079
-0.0315515 0.316605 23.8708
-0.0172012 0.0440634 18.6016
-0.00349959 0.046084 5.32958
0.328668 0.328492 -314.874
0.00167121 -0.346492 33.3393
0.0486477 -0.270383 -15.9323
0.0845667 0.00873556 -56.3406
0.0307147 -0.00141101 -0.605743
0.0229779 0.071566 -5.74198
0.00931466 0.0665204 8.927
0.00975731 0.0890557 7.99934
0.0267699 0.113891 -11.8195
0.0231639 0.116235 -9.02511
0.019818 0.129888 -5.23596
0.038058 -0.0423103 -6.48148
0.0435197 -0.0505638 -12.9415
0.0198546 -0.0795907 23.3219
0.0466849 0.0186047 7.38011
0.0059323 -0.0408294 11.9385
0.00392066 -0.0213079 11.0277
-0.0114041 -0.0132174 11.7508
-0.0125455 -0.0178738 11.9223
-0.021312 -0.0255091 13.7234
-0.115065 -0.0179439 26.5247
0.0148298 -0.0218767 6.92689
-0.0495688 0.133116 12.5476
0.128136 -0.0444786 -13.7539
0.637546 -0.260122 -119.977
-0.0118727 -0.0563986 16.362
-0.00805536 -0.0825358 17.4012
-0.0405002 -0.0485444 24.3356
-0.0135415 -0.069313 17.0517
0.0232308 -0.0578749 5.40565
0.0314037 -0.128716 7.02368
0.0161231 -0.172417 15.6325
-0.0144816 -0.167813 26.7498
-0.030832 -0.144264 32.1961
-0.0341583 -0.122943 31.8957
-0.0101969 -0.139595 22.5493
-0.0780826 -0.065225 48.8923
0.0518004 -0.0366868 -19.1765
0.0384697 -0.0459667 -10.7959
0.037444 -0.0617985 -9.61122
0.00600175 -0.0686944 9.12585
-0.0216893 -0.0753761 25.1978
-0.0357015 -0.0945186 35.0599
-0.0412537 -0.0823098 37.7151
0.0144378 -0.0803731 2.1986
-0.0285539 -0.0079476 28.0283
-0.00190235 -0.0229232 10.1431
0.0388139 -0.0414109 -18.0926
0.016151 -0.0537741 0.281129
-0.0324405 -0.0874445 38.6809
-0.0228694 -0.0881568 31.1642
-0.0447962 -0.091011 48.9234
0.0108308 -0.055127 -0.906917
-0.0162171 -0.0463348 21.6674
-0.0184194 -0.0242611 21.8069
0.0177723 -0.0495739 -7.85559
-0.00442797 -0.033466 10.3879
-0.0283361 0.00507493 29.4818
0.0616626 0.0241914 -43.6603
0.0868649 -0.00586671 -65.6136
0.071225 -0.0218654 -49.3823
0.0266172 -0.00743953 3.92741
0.00471021 -0.0186884 27.0878
0.0618108 0.0368822 -45.9669
0.0280583 0.0705505 -11.0449
0.040851 0.0731778 -25.5094
0.0621529 0.111285 -51.5849
0.0246183 0.113166 -9.49969
0.0794035 0.129298 -75.0605
0.136151 0.130432 -141.503
0.0340286 -0.0928076 7.08545
0.0191521 -0.0919456 25.1128
0.0225752 0.0329277 6.97063
0.000311393 0.00664996 9.51897
0.0053234 0.0186802 8.37684
-0.014653 -0.0015692 11.1572
-0.0359662 -0.007618 13.3174
-0.0181728 -0.026208 13.0213
-0.046227 -0.0191065 16.4298
-0.0112218 -0.0684923 13.3481
0.0323651 -0.0411702 5.21811
-0.00759856 -0.0485466 14.442
0.638341 0.101005 -143.497
-0.0137249 -0.0729231 17.3859
-0.0164443 -0.0943637 20.2203
-0.0271014 -0.0531098 20.6663
-0.0117336 -0.080834 17.5758
0.01583 -0.104071 10.0959
0.0211772 -0.114975 9.60198
-0.000354031 -0.132833 18.7688
0.0113337 -0.116338 12.435
-0.0134073 -0.124825 23.347
-0.0281733 -0.105592 28.1815
-0.0245299 -0.0890416 25.1986
-0.0541786 -0.0805347 37.8916
0.00699254 -0.043387 3.9461
0.0307861 -0.0460866 -7.64283
-0.000270349 -0.0573442 10.0403
0.0205288 -0.0719598 0.0244706
-0.0237803 -0.0663635 25.6502
-0.0449869 -0.0683211 38.5802
-0.0489911 -0.0452974 38.8182
-0.0560483 -0.0192391 41.1268
-0.0298259 0.00525703 21.3955
-0.0285269 0.00107074 20.8907
0.0451433 -0.061944 -21.0715
-0.0166792 -0.0962571 27.5927
-0.0270043 -0.115854 36.9497
-0.0537123 -0.135916 59.8959
-0.0417812 -0.0989237 46.6507
0.604386 -0.108036 -486.261
-0.123863 0.00585755 110.802
-0.0278574 -0.0861191 34.6395
-0.00499878 -0.0535293 11.8808
-0.0145501 -0.0632653 22.4061
0.0225549 -0.0511477 -13.4126
-0.430707 -0.646647 487.801
0.0675993 0.0205681 -48.5486
0.072955 0.00204002 -52.4553
0.011179 -6.92991e-05 19.1854
-0.0230242 0.01147 53.7494
0.0571283 0.0365763 -40.824
0.0375217 0.0472885 -20.3764
0.0459495 0.0534384 -30.428
0.0666697 0.0770605 -54.8303
0.0493085 0.0739242 -35.3663
0.0752524 0.126945 -69.4526
0.123882 0.112777 -125.209
0.0140434 -0.0761515 29.6185
0.00675475 -0.0867094 39.5658
0.00279442 0.0330541 7.37019
-0.00370412 0.0240531 8.39807
-0.0235073 0.00384656 11.1015
-0.0146033 0.0021867 10.7982
-0.0287006 0.0184606 10.5683
-0.0260671 0.0117294 10.8915
-0.0739827 -0.0145386 19.8639
-0.0758242 -0.0134802 19.946
0.0375942 -0.0302879 2.8107
-0.014143 -0.0252906 13.6866
-0.0240826 -0.0816623 20.5287
-0.000839956 -0.0866362 15.4681
-0.0321143 -0.0719634 22.0835
-0.0453361 -0.0724139 27.7253
-0.00217629 -0.0854733 15.2407
-0.00843667 -0.0958051 17.7386
0.0083224 -0.111189 14.1765
-0.00192987 -0.113377 18.1142
-0.00474156 -0.114514 19.2061
-0.00927577 -0.112737 21.015
-0.00505954 -0.107254 18.5585
-0.00502423 -0.0922255 16.9898
-0.0423069 -0.0533187 30.3675
-0.00348386 -0.0313535 8.7785
0.00776095 -0.0275191 3.16979
0.0158964 -0.0574501 1.022
0.0138332 -0.073509 4.40164
-0.00789683 -0.0697499 17.022
-0.0358775 -0.046248 30.9449
-0.0639718 -0.0650038 51.2112
-0.017332 -0.00947571 14.9584
-0.0235938 0.0124279 16.4533
0.0113965 0.0267822 -8.32556
0.0268026 -0.0865863 -6.53503
-0.0264551 -0.113401 35.4822
-0.0268748 -0.104301 35.0254
-0.0393911 -0.112755 45.6658
-0.0294399 -0.0675357 32.9461
-0.0419086 -0.0794539 45.7535
-0.0053035 -0.0581082 12.8363
-0.0153694 -0.0467168 20.5334
-0.0124507 -0.0339781 17.026
-0.00351544 -0.0374064 9.45817
-0.00820437 -0.0279626 12.7038
0.0937723 -0.0182379 -72.3072
0.106148 0.00150781 -85.1768
0.0778418 0.00850345 -57.7272
0.0478997 0.0090741 -19.1596
0.0316749 0.027257 -4.10625
0.0390179 0.0707959 -23.0462
0.0266961 0.0881833 -11.7941
0.0345131 0.0695216 -18.9709
0.0638662 0.0574964 -50.5551
0.0884702 0.0823101 -81.066
0.0987226 0.103451 -94.0315
0.107402 0.0851659 -103.536
0.04944 -0.0323873 -17.0025
0.0481096 -0.0456889 -14.362
-0.00899771 0.00488242 10.6559
-0.0163925 -0.00255196 11.7993
-0.0209594 0.00754616 10.7111
0.000995125 0.00296864 9.52552
-0.0216407 0.00870332 10.9883
-0.0458008 0.00479836 14.4985
-0.0219464 0.00710078 11.3237
-0.0978308 -0.000750759 21.2195
0.235226 -0.019752 -34.1732
-0.069812 -0.0315047 26.4136
-1.92947 1.03633 316.564
-0.131857 -0.251211 67.2042
-0.0725971 -0.151286 40.3635
0.258232 -0.0965183 -60.0164
0.0474455 -0.347729 31.0769
0.00529147 -0.0832481 11.4055
0.0189318 -0.120821 11.8416
0.00329651 -0.0922367 13.1074
-0.0106422 -0.100863 19.6334
-0.0100601 -0.0841591 17.2946
0 0 -1
-0.00196478 -0.0752639 12.8801
-0.0102033 -0.0586326 14.8136
0.00190782 -0.0433363 7.22189
0.00198396 -0.0537569 7.85946
-0.0115332 -0.0740828 18.4495
0.00858538 -0.0828931 8.46817
-0.00237677 -0.0905254 15.9279
-0.0314624 -0.0701052 30.9087
-0.0107968 -0.0297494 12.5836
0.00863072 -0.00815266 -2.31705
0.00512834 0.0185559 -3.19531
0.00166742 0.0210108 -0.709791
0.00351548 -0.0101074 1.66478
-0.00652007 -0.0401363 12.4838
-0.0233397 -0.0488993 26.1205
-0.00688345 -0.0272261 10.6387
0.00471816 -0.00584567 -0.759189
-0.0106974 -0.0352542 15.685
-0.0033345 0.00479924 4.69071
-0.00645678 -0.0146005 9.75513
-0.00971757 -0.0103188 12.1061
-0.00433039 -0.0113237 7.26148
-0.00360757 -0.00684875 6.14364
0.100396 0.0597505 -86.5895
0.0886321 0.0325021 -71.0657
0.078093 0.0170641 -58.7561
0.0472026 0.00940128 -18.4416
0.0440755 0.00726944 -14.872
0.0539933 0.0360083 -36.2654
0.0427563 0.039489 -24.233
0.058206 0.0607653 -44.1807
0.068338 0.0671436 -56.8979
0.0787592 0.0875565 -71.3584
0.084084 0.0481182 -71.8704
0.125194 0.0257043 -118.214
0.143372 -0.0233577 -133.291
0.0500521 -0.0394314 -17.3997
-0.0194984 -0.0248415 14.3501
0.00239478 -0.0239258 13.644
-0.00942064 -0.00380327 11.5957
-0.00810299 -0.0100583 12.2736
-0.0125905 0.00737494 10.2955
-0.0310807 -0.00715318 14.1749
-0.0936011 0.0337339 16.658
-0.0908748 0.0285915 15.0999
0.177392 -0.00625807 -25.4392
-0.071529 -0.0383488 27.5597
-0.0529739 -0.0514199 23.7391
-0.0596112 -0.0187131 19.362
-0.00268167 -0.0507921 13.2677
-0.0164646 -0.0735022 17.1651
-0.0614751 -0.0628748 28.1586
0.00574809 -0.0440382 6.51102
0.00135002 -0.0542157 9.52589
0.00991979 -0.051588 5.65948
0.00387201 -0.0166592 2.8742
0 0 -1
0.00841229 0.00855849 -2.64556
0.00252426 0.0173853 -1.25996
-0.0171426 0.00567023 9.45119
-0.0176504 -0.0136856 12.5541
0.0119018 -0.0440946 1.0392
-0.00222429 -0.0459916 8.96057
0.00742443 -0.0612869 6.18322
-0.00858222 -0.0472268 13.7272
-0.016909 -0.0114628 14.5763
0.0162401 -0.0031161 -8.55173
0.0411593 0.010922 -26.0267
0.0114488 0.0317083 -8.93524
-0.00211302 0.0446562 -1.14617
-0.014101 0.0289749 9.56273
-0.0394637 -0.00178535 32.1619
-0.0137837 -0.0329182 16.6233
0.017126 -0.00674718 -10.6115
0.0130887 0.00404207 -8.69382
0.00575864 0.00993378 -3.4396
-0.00698065 0.0169854 6.35697
-0.0132146 0.0138387 12.144
-0.0136114 0.0111492 12.784
-0.00141067 0.00696786 2.48974
0.0809225 0.0512291 -66.376
0.0838063 0.0394403 -67.4614
0.0823625 0.020987 -63.6645
0.08079 0.032675 -63.5621
0.0346277 0.000963721 -4.51252
0.0236611 -0.000508525 7.11288
0.0711509 -0.00686712 -49.6029
0.0848772 0.0143426 -67.1725
0.0874052 0.0373106 -72.8109
0.0728003 0.0608589 -60.3974
0.0693518 0.0551371 -55.093
0.064361 0.0564642 -50.2368
0.11165 -0.00536595 -97.9901
0.112781 -0.00683131 -98.7989
0.106132 -0.0176575 -89.2247
-0.00532856 -0.0202566 13.1679
-0.0230838 -0.033631 15.9841
-0.017435 -0.0218542 14.6582
-0.0139488 -0.0203054 13.8191
-0.0199676 -0.0319856 16.457
-0.0256521 -0.0158952 14.4616
-0.0850431 0.0203661 16.3125
-0.0450198 0.0378864 6.43968
0.0740088 -0.0327433 -2.17264
-0.0975323 0.0103254 25.9635
-0.0646511 -0.0460976 26.0288
-0.064913 0.0463034 10.9667
-0.0131585 -0.0470884 12.1823
-0.00233993 -0.0236184 5.86206
0 0 -1
0.00551091 -0.0031118 0.403201
0.00416348 0.00909257 -1.17511
0.0102791 0.0155264 -4.50239
0.0191875 0.0528482 -13.9031
0.0172378 0.0405103 -10.936
-0.001545 0.0379794 -2.3574
-0.0129343 0.053147 0.279388
-0.0236623 0.063607 3.58842
-0.0244079 0.0243202 10.1584
-0.0256714 0.0199644 11.6466
0.00588861 -0.0289369 2.24013
0.0465758 0.0120087 -27.061
0.264662 0.108358 -171.124
0.0444485 0.0402289 -28.4624
-0.0196463 0.0156361 12.0785
0.0528048 0.013677 -33.964
0.0558958 0.0522285 -42.0364
0.00226737 0.118671 -15.8719
-0.0276353 0.075213 12.324
-0.0546999 0.0195888 40.7094
-0.0206109 -0.0204144 20.2302
0.0366635 -0.00932003 -25.6003
0.0201976 0.0076147 -14.8737
0.00946652 0.00949326 -6.35999
0.00573131 0.0107239 -3.36994
-0.0187644 0.0105839 17.5878
-0.00394233 0.00808227 4.51612
-0.0148714 -0.00145525 16.3347
0.0701344 0.0353575 -53.5987
0.0609665 0.0161719 -41.8507
0.0663741 0.0125485 -46.2981
0.0710435 -0.00373275 -48.0688
0.0380691 0.00364677 -8.41649
0.0184695 0.000703298 12.1662
0.0931357 -0.0120816 -72.3137
0.0977204 0.0183604 -81.7369
0.0842256 0.0196935 -66.442
0.0839588 0.0402282 -69.8227
0.050242 0.0106467 -26.2569
0.049657 0.0354468 -29.5534
0.0773297 0.0296982 -61.7315
0.114882 -0.0173801 -99.4084
0.105925 -0.00134297 -91.0973
-0.0129611 -0.000327437 9.89194
-0.011741 0.00733873 8.59387
-0.0122561 0.00663725 8.91107
-0.016251 0.0167028 6.87674
-0.0052141 -0.00702034 10.4167
-0.0197467 0.0264575 5.90464
-0.0438319 0.056804 3.77806
0 0 -1
0.230565 0.0249665 -40.7696
0.0216348 0.0796392 -8.71024
-0.000236586 -0.386442 85.6063
-0.0419065 -0.0496589 21.2322
0.00145959 0.0106266 -0.185935
-0.032431 0.0356903 4.59801
0.0123105 0.0466458 -10.1909
0.0229822 0.0648456 -16.8389
0.028646 0.212809 -45.1997
0.00117957 0.0542 -7.46327
0.0169497 0.0949042 -20.4728
0.0293093 0.109877 -28.1088
0.00724557 0.126697 -21.5819
0.00830782 0.187329 -33.5329
-0.0218448 0.214771 -23.8028
-0.0145349 0.122222 -11.5127
-0.0122518 0.338777 -52.6348
0.00837711 0.323535 -60.6861
-0.00530975 0.366807 -61.1955
0.0751057 0.137919 -64.6341
0.0063948 0.0396198 -5.76922
0.0315223 0.297539 -69.7694
0.0969864 0.307736 -114.048
0.107865 0.293101 -118.409
0.0347158 0.158736 -43.7216
0.0258233 0.129689 -33.8091
0.0777956 0.0342456 -53.4867
0.0776419 0.036662 -53.8589
0.0907165 0.0225509 -61.2659
0.0845564 0.0298155 -57.8039
0.0894984 0.0422984 -64.2712
0.0856167 0.019549 -56.5778
0.0729007 0.0293889 -47.272
0.0632385 0.0191068 -37.0695
-0.0106453 0.00747743 10.7191
0.0467465 0.0547695 -35.9527
0.0569233 0.00729879 -36.5964
0.0563315 -0.0281221 -29.9437
0.0665593 -0.0294862 -39.7606
0.0267608 -0.000886548 4.0139
-0.0023644 -0.00223201 34.282
0.0665573 -0.0243481 -41.7259
0.110359 0.00040314 -92.9244
0.0985985 0.00168921 -79.7055
0.0824684 0.0443303 -69.0475
0.0748044 0.0261643 -56.8579
0.0555978 0.0137456 -32.5804
0.0614432 0.026961 -42.1817
0.0923147 0.0100079 -76.3242
0.0882907 0.000911237 -69.8429
-0.00637416 0.054389 -0.62909
-0.0242867 0.0741137 -4.1621
-0.0266955 0.0678279 -2.39418
-0.0111238 0.139608 -19.1746
-0.00143867 0.116814 -14.1748
-0.0858709 0.0467866 9.46665
-0.000596184 0.113372 -13.8448
0.0356415 0.0936071 -15.3481
0.051564 0.109587 -20.7572
0.0301916 0.0944239 -13.6604
-0.00106403 0.0351111 5.11451
-0.024458 0.114579 -6.21992
-0.0293538 0.227206 -29.6672
-0.00845646 0.360564 -63.2765
0.00704151 0.423027 -80.7185
0.0382579 0.392402 -84.7302
0.0136363 0.397141 -76.5345
0.00703329 0.371286 -68.6308
0.0115044 0.403106 -77.6482
0.0025267 0.378746 -68.2857
0.0169952 0.366633 -71.7665
0.0122069 0.304794 -56.9734
-0.00618976 0.298031 -47.0658
-0.0117662 0.325108 -50.0298
0.00655338 0.339054 -62.3314
0.00176811 0.344571 -60.8356
0.00228021 0.344345 -61.0478
0.00640092 0.334893 -61.4441
0.00824106 0.323154 -60.2457
0.0209781 0.314365 -66.5715
0.0709458 0.253929 -86.7562
0.109263 0.264434 -114.767
0.181054 0.0373822 -117.656
0.124359 0.198161 -110.897
0.129121 0.196691 -113.537
0.0654338 0.0687857 -50.6372
0.0840781 0.040767 -59.5771
0.0887855 0.035617 -62.3716
0.0825142 0.0478952 -59.5847
0.0714416 0.0274782 -45.9665
0.0729993 0.0403517 -50.2057
0.0652928 0.0388083 -42.9925
0.0241948 -0.109627 25.0997
-0.0213044 0.16384 6.64662
-0.0036054 0.0765537 7.53924
0.0221217 0.0206545 -5.71566
0.0400138 -0.0431497 -10.8256
0.0305979 -0.00497135 0.857753
0.00794035 0.00768945 21.7381
0.121599 0.0518799 -115.116
0.118587 0.12527 -126.951
0.0818348 0.0488435 -70.6426
0.0679213 0.0249125 -49.9329
0.0647507 0.00316558 -41.5094
0.0693337 -0.00687693 -44.9845
0.0473968 0.0125556 -22.7393
0.0751582 -0.0109675 -51.4405
0.0690202 -0.0106068 -44.1538
0.00759642 0.120594 -13.8737
-0.0160094 0.169683 -24.7305
0.0050235 0.264059 -47.4484
0.00451791 0.228797 -39.0647
-0.0178028 0.209733 -32.4009
-0.00851041 0.204045 -31.9734
0.00107233 0.184354 -28.8377
0.011813 0.162464 -25.6848
0.0274739 0.152577 -26.0477
0.026917 0.137109 -22.4152
0.0353353 0.176396 -32.755
0.0165798 0.462265 -92.9866
0.0168088 0.396667 -77.7723
0.00128886 0.402689 -74.0098
0.00669538 0.403728 -75.6979
0.0161294 0.392541 -76.2228
0.00392325 0.37894 -68.8185
0.00518499 0.340824 -61.093
0.00880998 0.351779 -65.0379
-0.00116915 0.310186 -51.6511
0.00339762 0.304628 -52.7031
0.00346079 0.310174 -54.2775
0.000419234 0.318597 -54.7082
0.00800521 0.33331 -61.9375
0.0135819 0.334437 -65.0507
-0.00233417 0.328084 -54.9908
0.00226182 0.325597 -57.0315
0.00597604 0.323662 -58.7033
0.00914625 0.310815 -57.9796
0.00721642 0.322543 -59.4934
0.0181006 0.299517 -61.4463
0.0535871 0.248543 -73.9616
0.0570894 0.2389 -74.1903
0.0845545 0.175995 -79.6199
0.166381 0.058112 -111.36
0.215115 -0.0128996 -131.302
0.166888 0.0590244 -111.19
0.0727827 0.390074 -111.81
0.0613295 0.094411 -51.7594
0.0680026 0.0779975 -53.8589
0.0422884 0.112942 -39.0004
0.0410638 0.104392 -36.0084
0.00773586 0.130997 -12.1926
0.017045 0.23863 -45.7545
0.0198337 0.31421 -65.6327
0.0840704 -0.00558107 -54.68
0.0958972 0.0173006 -71.0867
0.0708153 0.0117429 -44.0361
0.0169548 0.038117 5.62585
-0.0282554 0.0603002 47.8709
0.0331958 0.0831581 -24.2514
0.0584326 0.0663594 -48.4025
0.0609946 0.0646425 -50.9439
0.0470745 0.0684748 -36.1262
0.0515872 0.0315196 -32.6241
0.0476845 0.00218789 -21.5085
0.0533408 -0.00331513 -26.5936
0.0552453 -0.000710883 -29.4099
-0.000408813 0.164152 -23.7539
-0.00745612 0.188792 -28.7782
0.017897 0.22052 -38.1294
0.0455558 0.26438 -50.7565
0.0755559 0.639654 -145.481
0.0333909 0.520729 -111.605
0.0527763 0.550837 -121.525
0.0516529 0.415261 -86.5722
0.0319709 0.404076 -80.7782
-0.0061341 0.368235 -64.6707
0.00197667 0.360811 -64.2237
0.00285885 0.361753 -64.7331
-0.0097713 0.340154 -56.3438
-0.00907818 0.337731 -55.5059
0.00102415 0.34117 -59.342
-0.00435249 0.319984 -52.3755
-0.00835042 0.307972 -48.2351
-0.0126321 0.307631 -46.7248
-0.00338318 0.305126 -49.8519
-0.00582731 0.292056 -45.8402
0.00255676 0.311682 -54.313
0.0172495 0.319093 -62.648
0.020314 0.323908 -65.5359
0.00894232 0.331848 -62.1365
0.00651046 0.32513 -59.1517
0.00671089 0.317773 -57.4894
-0.00495275 0.318168 -51.1465
0.00102621 0.319182 -54.8061
0.000902736 0.313661 -53.2658
-0.00173198 0.317495 -52.5892
-0.00030359 0.309572 -51.6025
0.0218059 0.283035 -60.0075
0.0352554 0.274445 -67.5581
0.0592635 0.251794 -78.5306
0.0568933 0.187913 -61.0031
0.0843467 0.154143 -72.2555
0.164892 -0.0141211 -92.6286
0.189338 0.0297095 -120.817
0.118861 0.0740651 -73.9834
0.105435 0.0498033 -56.1676
0.0491905 0.47173 -111.048
0.11128 0.196278 -99.1114
0.103944 0.214453 -96.8334
0.0241297 0.228046 -49.5128
0.0247282 0.269357 -59.5804
0.0268283 0.277452 -63.4983
0.0448084 0.229731 -69.6459
0.0404538 0.229326 -65.1083
0.00311664 0.139485 -3.76439
0.00475468 0.272591 -38.9121
0.024694 0.192736 -40.6006
0.0197348 0.278405 -56.9353
0.0385981 0.178952 -52.9605
0.0443491 0.0826324 -35.8845
0.0279524 0.0574031 -10.4225
0.0336664 0.0299013 -11.4726
0.0768576 0.0186979 -60.5944
0.0310273 0.0492812 -11.8404
0 0 -1
0.0404446 0.359783 -67.0612
0.00640933 0.379384 -70.3967
-0.0217672 0.400016 -74.3479
-0.0171123 0.40163 -74.8795
0.0256071 0.389326 -75.1976
0.0560243 0.42108 -88.3158
0.0153174 0.338747 -60.8137
-0.000506333 0.324541 -55.1481
0.0008678 0.330192 -56.8032
-0.0220817 0.269928 -34.6284
-0.004755 0.299015 -46.973
0.00583233 0.323502 -56.2621
-0.00732436 0.286293 -42.8182
-0.000580041 0.271558 -41.2889
-0.00346453 0.263116 -38.028
-0.00561116 0.291299 -45.4246
-0.00817818 0.306158 -48.5023
0.0180397 0.325926 -64.0278
0.00348752 0.320072 -56.6163
0.00188382 0.335505 -60.2994
0.0156303 0.327098 -64.1653
0.0051242 0.315688 -55.8854
0.00293333 0.318665 -55.6206
0.00974088 0.321899 -60.1187
0.00287653 0.320121 -56.0828
-0.0028127 0.326313 -54.4297
0.0031482 0.321839 -56.7913
-0.00105435 0.314135 -52.1078
0.000444045 0.311142 -52.3969
0.000796499 0.323168 -55.8535
0.0130733 0.313487 -61.651
0.0205394 0.29285 -61.6681
0.0447964 0.278596 -75.4524
0.0702138 0.225041 -79.4412
0.0578028 0.249904 -76.7462
0.0411263 0.243328 -61.9836
0.0636501 0.200513 -69.4497
0.206164 -0.0520625 -115.83
0.204031 -0.0996722 -101.395
0.195981 -0.0456615 -107.985
0.201978 -0.0312413 -116.935
0.192409 -0.0152544 -112.847
0.181033 -0.0150666 -102.2
0.154754 0.0709996 -107.729
0.135027 0.0917099 -94.1926
0.152664 -0.00139189 -86.7007
0.0288663 0.251402 -58.8758
0.0260713 0.247736 -54.9677
0.0207162 0.271198 -55.5083
0.0129568 0.288662 -51.8694
0.0233281 0.281086 -61.4123
0.0151475 0.282322 -52.6352
-0.00248409 0.298445 -36.9367
-0.00327423 0.32381 -42.7484
0.00402921 0.342122 -56.6458
0.0358737 0.33735 -93.943
0.0327084 0.170652 -44.6627
0 0 -1
0.0105721 0.314759 -53.3304
0.00185581 0.315219 -53.1936
-0.00858043 0.329424 -56.3967
0.00694591 0.319872 -55.2963
0.0142091 0.319079 -55.2271
0.0262899 0.320206 -56.1456
-0.00174947 0.276771 -40.2926
-0.0181226 0.263247 -33.8613
-0.0205795 0.298765 -43.5067
-0.0208645 0.277579 -37.3111
-0.0200219 0.256308 -30.9374
-0.0181455 0.26419 -33.7136
-0.0153394 0.274149 -37.911
0.0107591 0.304989 -54.674
0.00696628 0.30914 -54.848
0.012759 0.321873 -60.4777
0.00899104 0.328852 -61.1431
0.00483612 0.32255 -57.6853
0.00570139 0.333742 -61.2416
0.000321325 0.334253 -59.1134
0.00523339 0.332549 -60.9017
0.00684272 0.325475 -59.5885
0.00709545 0.327017 -60.1388
-0.000745264 0.325139 -55.5123
0.00326738 0.327995 -58.5468
0.000736973 0.3246 -56.1521
0.00105021 0.327361 -57.1694
0.00399192 0.315377 -55.5198
0.00199696 0.32831 -58.1194
0.00312466 0.324746 -57.6872
-0.000216706 0.327743 -56.3729
0.000150529 0.321749 -54.9571
0.00514944 0.31082 -55.4101
0.034016 0.271988 -65.4742
0.0577396 0.240683 -74.2777
0.0434053 0.260012 -68.3237
0.0382484 0.252994 -62.7125
0.0179757 0.290884 -56.1811
0.085345 0.169956 -77.9654
0.199579 -0.0698094 -105.953
0.223375 -0.106593 -116.64
0.19231 -0.0316508 -108.215
0.183538 -0.0149109 -104.687
0.174921 -0.0154494 -96.2344
0.178557 -0.0228372 -97.5415
0.191431 -0.00179121 -116.705
0.181306 -0.0305897 -97.7323
0.14398 -0.00550081 -76.3256
0.160324 -0.0318112 -86.1391
0.165006 0.0676105 -120.671
0.0223838 0.287029 -61.7203
0.015685 0.288962 -54.8333
0.0174524 0.276151 -53.2592
0.0196198 0.299317 -62.4703
0.0121446 0.327099 -61.6048
0.00819887 0.376843 -71.5079
-0.00690001 0.369835 -51.2897
0 0 -1
0.0118134 0.305505 -50.9078
0.0359834 0.321795 -57.6762
0.00529358 0.298466 -47.1463
-0.00295056 0.290814 -44.9364
0.000235364 0.283539 -43.1227
-0.00245535 0.28379 -42.5108
-0.00014662 0.292561 -45.8973
-0.0250291 0.251703 -28.9291
-0.0257114 0.254946 -29.7927
-0.0230085 0.2674 -34.2504
-0.0148592 0.287924 -42.4994
-0.00894289 0.308271 -50.0916
0.0151573 0.323238 -61.3913
0.0149271 0.332763 -64.2105
0.00911196 0.329878 -61.5041
0.00895747 0.32688 -60.3968
0.00447911 0.326794 -58.6429
0.00425842 0.327664 -58.8162
0.00802719 0.331751 -61.7104
-0.00114248 0.330943 -57.5369
0.00314886 0.333225 -60.0538
0.00337806 0.330948 -59.3459
0.00186176 0.332528 -59.1007
-0.00367811 0.332116 -56.0539
0.00215649 0.331711 -58.9966
-0.00175605 0.323904 -54.376
0.00129204 0.330705 -58.3065
-0.00322223 0.328741 -54.9473
-0.000224172 0.319562 -53.7767
0.000527115 0.324453 -55.9349
0.00208162 0.324987 -57.2595
-0.00355334 0.323393 -52.9428
0.000977201 0.317108 -54.2707
0.00412492 0.310421 -54.5409
0.0161007 0.29604 -59.0786
0.0504403 0.254525 -72.9414
0.0603728 0.255697 -80.527
0.0369975 0.268027 -64.7583
0.039909 0.275023 -68.7079
0.0234307 0.270117 -54.2523
0.0386172 0.209042 -47.736
0.0571771 0.144604 -44.5954
0.0164169 0.217873 -29.6635
0.178878 -0.0116893 -101.152
0.174832 -0.0194049 -94.8443
0.183217 -0.015259 -104.538
0.188806 -0.0246267 -107.377
0.188707 -0.053716 -98.3686
0.183284 -0.0704486 -87.2886
0.160864 -0.0490976 -69.5411
0.157876 0.00928339 -85.0031
0.176711 0.03688 -115.37
0.154784 -0.0237141 -82.4541
0.145278 0.0467367 -93.2922
0.133266 0.0662498 -85.0925
0.134629 0.0356934 -77.1152
0.129339 -0.00671535 -57.1065
0.531343 1.58221 -501.205
0 0 -1
0.016917 0.296368 -48.0488
0.00131877 0.290003 -44.8146
-0.00826015 0.24735 -28.7906
-0.010489 0.294292 -44.2339
-0.0193403 0.247303 -28.1744
-0.0162472 0.260966 -33.8701
-0.00330707 0.301091 -49.5178
-0.0133103 0.301144 -47.4794
0.00377462 0.316349 -56.0563
0.00998065 0.330426 -62.0769
0.0117483 0.331921 -62.9356
0.0148071 0.336067 -65.202
0.00767774 0.32452 -59.2344
0.00928222 0.32257 -59.0708
0.00737264 0.322902 -58.5529
0.00706626 0.317164 -56.5998
0.0167769 0.321366 -61.6141
0.00153735 0.322112 -55.6975
0.00562143 0.326036 -58.8797
0.00549815 0.324481 -58.2239
0.00452465 0.325176 -57.971
-0.00136375 0.316477 -52.1802
0.000129178 0.315494 -52.6297
0.00173578 0.317387 -54.1504
0.00251856 0.31864 -55.0897
0.00120053 0.320565 -54.9434
0.00522854 0.321214 -57.527
-0.0106089 0.320015 -47.2865
0.000674772 0.319937 -54.5549
-0.00424607 0.317644 -50.5107
-0.00208668 0.323703 -54.0765
-0.00126425 0.316567 -52.2678
0.00209952 0.316664 -54.8051
0.00634488 0.311665 -56.3733
0.0153791 0.300919 -60.015
0.0505154 0.269343 -77.864
0.0759187 0.217112 -81.1173
0.0521115 0.254662 -73.4341
0.0687029 0.225284 -77.3054
0.0437775 0.283377 -75.7491
0.0180683 0.274043 -49.7729
0.0133152 0.289485 -50.0342
0.0185859 0.255228 -43.8805
0.293022 0.0238027 -232.867
0.0343891 -0.0632386 52.3434
0.362133 -0.439452 -147.645
0.171272 -0.0464418 -82.2119
0.182844 -0.0592318 -90.167
0.18521 -0.037722 -99.9362
0.174468 -0.0423074 -86.5991
0.173397 -0.0224476 -92.2335
0.183665 -0.0433468 -96.6269
0.188316 -0.064565 -94.858
0.185735 -0.0734011 -88.9438
0.143327 -0.0186213 -70.4208
0.1501 -0.0694214 -61.9025
-0.0183358 0.184394 -6.61029
0.0755111 2.08166 -697.064
0.00979656 0.25413 -32.9638
-0.0135248 0.200905 -12.9674
-0.0116747 0.209043 -15.9018
-0.0179921 0.24537 -27.9261
-0.00991293 0.273671 -39.0885
0.00460793 0.301668 -51.0826
0.00958049 0.319682 -58.2501
0.00257445 0.3192 -56.6953
0.010253 0.329288 -61.7837
0.0170628 0.330903 -63.9872
0.00614456 0.322085 -57.909
0.00659587 0.318865 -56.8694
0.00060723 0.319321 -55.2356
0.0113781 0.318376 -58.4734
0.00824737 0.317942 -57.2516
0.0107759 0.308596 -54.952
0.0106022 0.313041 -56.3499
0.00689175 0.305495 -52.0994
0.00231946 0.310418 -51.9783
0.00427025 0.317935 -55.5663
0.00120542 0.314319 -52.8061
-0.0058796 0.30353 -45.3233
-0.000135214 0.302368 -47.9072
0.00275071 0.30915 -51.9079
-0.00282587 0.310417 -49.1698
0.00213021 0.308555 -51.4391
-0.0013446 0.317746 -52.4408
-0.00102408 0.314176 -51.4362
0.000509386 0.307926 -50.1957
-0.00172639 0.306032 -48.2116
0.00130559 0.318343 -54.6621
-0.00293612 0.315611 -50.6633
-0.00163226 0.307637 -48.8619
0.000729891 0.31265 -52.4223
0.00572948 0.311681 -55.9237
0.0132673 0.298878 -57.4652
0.0419435 0.273554 -72.4864
0.0692198 0.212217 -73.88
0.100387 0.197659 -95.232
0.0978713 0.25103 -111.821
0.0625896 0.327239 -107.177
0.0728962 0.195675 -68.1182
0.0466619 0.171202 -34.9485
0.0169086 0.310625 -60.3401
0.0237461 0.256563 -47.8822
0.0570172 0.190845 -58.2529
0.0770678 0.138858 -60.0513
0.182035 -0.053657 -91.2709
0.188284 -0.029438 -106.023
0.18023 -0.0221589 -99.8256
0.175234 -0.0244497 -93.6782
0.181044 -0.0300479 -98.6097
0.189053 -0.0482718 -101.512
0.176448 -0.0540415 -84.5221
0.172275 -0.0550672 -79.1336
0.175973 -0.075245 -76.4644
-0.0183102 0.184448 -6.63186
-0.0181605 0.18873 -8.22416
-0.0175312 0.192676 -9.71554
-0.00569133 0.191975 -10.2946
0.00582578 0.238608 -28.156
-7.54816e-05 0.251893 -32.2868
-0.00108928 0.269593 -38.6974
0.00907861 0.284725 -45.7007
0.015335 0.28745 -47.7386
0.0100743 0.318431 -57.852
0.0108649 0.311791 -55.6205
0.0111567 0.316705 -57.4163
0.003503 0.300948 -49.6508
0.00846087 0.296734 -49.4619
0.00587914 0.300517 -50.138
0.00519937 0.30572 -51.8251
0.00831666 0.302989 -51.9594
0.00987746 0.289359 -47.7073
0.0120581 0.297033 -51.2587
0.000631757 0.282349 -41.2467
0.00207641 0.280436 -41.1678
0.00897009 0.291037 -48.1269
-0.00179941 0.292761 -43.6436
-0.00371412 0.28297 -39.0653
0.00346619 0.279492 -41.5567
0.00202974 0.291208 -45.0444
-0.000226173 0.292631 -44.3094
0.00369563 0.294155 -47.1794
0.00157675 0.300006 -48.0426
-0.00222492 0.294318 -43.6291
-0.00653522 0.264965 -30.206
-0.000156628 0.280502 -40.1565
0.00129666 0.287801 -43.7436
0.00183198 0.290363 -45.0878
0.00128004 0.300083 -48.2604
-0.000918303 0.300289 -46.6709
0.00177726 0.298298 -48.0316
-0.000377328 0.285539 -41.6137
0.0107963 0.273209 -46.3642
0.0464511 0.216758 -55.8233
0.100115 0.18027 -89.0191
0.118202 0.193471 -109.537
0.105817 0.224094 -109.669
0.0505705 0.149822 -31.1878
-0.0161147 0.152797 30.7451
0.00176718 0.29498 -39.7895
0.00624201 0.24831 -27.2105
0.0426267 0.18901 -42.5425
0.0625591 0.124497 -39.7117
0.0859253 0.111377 -59.4495
0.0374157 -0.100102 78.993
0.184181 -0.0118662 -108.008
0.172751 -0.0364221 -86.6054
0.178013 -0.0398602 -91.4877
0.176421 -0.0269616 -94.0542
0.169484 -0.0303722 -84.5729
0.175654 -0.059086 -81.6073
0.173193 -0.0622501 -77.4799
