0.0141436 0.0134156 30.9226
0.0119342 0.00778885 31.0159
-0.0190691 0.0129144 32.2747
-0.0460599 -0.130224 29.986
-0.0552408 -0.138666 31.2133
0.00293752 0.00438983 19.0749
-0.0450887 -0.0198248 25.7769
-0.040228 0.0528236 23.5764
-0.0410897 0.0963412 23.1563
-0.0378446 0.0754034 23.0277
-0.0276017 0.0607395 20.5332
-0.00553907 0.00798853 4.13801
-0.0326865 0.0294082 12.8627
0.00616357 0.00959665 3.64798
-0.064673 0.00585406 24.2541
0.00561929 0.0117797 0.558705
-0.00323728 0.00273485 3.88721
-0.00910599 0.00871701 5.29571
0.00344844 0.0109876 0.543815
-0.0144343 0.0254014 6.84902
0.0209447 -0.0138898 -6.0957
0.00773444 -0.012844 -0.761505
-0.110306 -0.00668792 55.7147
0.296872 -0.0504761 -145.638
0.345153 0.0606012 -178.466
-0.424998 0.0297564 274.051
-0.0282939 -0.0425672 52.749
-0.0225097 -0.0861333 49.7958
0.0124434 -0.112456 28.8615
-0.00280033 -0.108764 38.5228
-0.00468991 -0.0996996 39.0634
0.05615 -0.0950279 -2.52862
0.0890244 -0.0542155 -25.1969
0.0774168 0.0363823 -17.9016
0.170422 0.0970046 -104.86
-0.229201 0.0339401 218.336
0.0240365 0.0235202 2.35331
0.0313117 -0.0121614 -3.03194
0.0674002 -0.0617673 -31.671
0.0643055 -0.0317129 -29.2177
0.0564837 0.00286351 -18.3596
0.0347089 -0.0473149 2.10884
0.0413214 -0.0542663 -4.64413
0.00279087 -0.0505184 31.8337
0.0287009 -0.0500131 7.34796
-0.00197135 0.00941157 36.4475
-0.0262984 0.0262432 60.2561
-0.0168411 0.0666845 49.7442
-0.0110829 0.132682 42.8748
0.284969 0.0118408 -280.629
0.0246211 0.00267632 -7.85808
0.0596091 0.0421326 -47.0975
0.0585024 0.0516831 -46.0021
0.0345614 0.659716 -21.9522
0.0358912 0.657954 -23.4919
0.0399164 0.654904 -28.2277
-0.208072 0.0540181 294.636
-0.204581 0.0457483 290.509
0.0295056 0.0128014 30.7845
0.0237535 0.0412949 29.8285
0.0186355 0.0529885 30.2889
-0.0558139 -0.161164 31.6383
-0.038842 -0.151522 29.4255
-0.058341 -0.05633 28.8768
0.114484 0.023234 12.0101
-0.027228 0.0256507 22.2172
-0.0240321 0.0173291 22.0337
-0.0214197 0.00629413 22.063
-0.0394774 0.0253105 24.3131
-0.0910282 0.0192171 29.1625
-0.0287305 -0.00124147 14.4705
-0.0129801 0.0143591 7.91886
-0.0575744 0.00927765 22.0938
0.189436 -0.155453 -50.6783
0.102833 -0.151019 -24.0106
0.000360956 -0.0162016 2.96656
-0.990126 -0.136697 412.66
0.437169 0.0476712 -180.299
-0.0108734 0.0339673 6.01098
0.00119777 0.00923369 1.5005
-0.0059483 0.010562 4.70272
-0.00415773 0.00339945 4.24673
0.0351629 0.0161211 -15.6273
0.0554484 0.0138652 -26.0192
0.0560037 0.0103797 -26.1868
0.0266638 0.00808366 -8.68285
0.00339217 -0.128789 34.8464
0.0203606 0.0302609 -6.19756
0.0303087 0.0431032 -13.0449
0.0521365 0.00818648 -27.111
0.339281 0.0420115 -226.551
0.278885 0.0256474 -182.77
0.259456 0.0476273 -169.489
-0.0168173 -0.0266177 36.0084
-0.00834769 -0.00406733 28.533
0.00633233 -0.0283949 17.1926
0.0540085 -0.0678476 -20.3625
0.0428961 -0.0616731 -4.301
0.0155867 -0.0584455 19.3743
0.0229846 -0.0297213 12.3157
0.0212728 -0.0361893 13.8571
0.0112722 -0.0599966 24.2009
0.0285802 -0.0417909 7.02322
0.0324368 -0.0193792 3.16948
0.00187827 0.018699 32.2306
0.0158732 0.0454354 17.1012
0.0210295 0.0782645 10.7694
0.00644633 0.109801 24.5081
0.0215627 0.0766898 9.45837
-0.00389908 0.0252229 39.6981
-0.00871234 0.00280577 45.7324
0.0817579 0.0217966 -49.6284
0.120135 0.0326151 -94.3255
-0.153191 0.0921464 227.832
-0.227584 0.0487291 318.097
0.109101 0.0524217 -85.094
-0.00199305 -0.0163777 32.1249
-0.0496805 0.804293 -21.0571
-0.0325075 -0.0227924 21.532
-0.0198419 -0.133515 27.136
-0.00563641 -0.108821 24.2835
-0.0329642 -0.0554026 24.8244
0.125628 0.0185909 10.6135
-0.050152 0.00653991 26.8574
-0.0333725 -0.0333446 25.7681
-0.0443563 -0.0327821 27.8441
-0.0380301 -0.0156268 25.6547
-0.0150209 -0.0127534 10.4474
-0.0346046 0.0267982 13.5307
-0.0158929 0.00282698 9.21278
-0.0102541 0.014662 6.564
-0.0387763 0.0359727 14.5138
-0.237746 0.504175 61.6427
0.00389996 0.01478 2.05267
0.0979502 0.0479827 -33.9374
0.0374673 0.0131236 -7.82524
0.000334685 0.00535641 2.24265
0.782821 0.0591489 -355.362
0.00801153 0.0115998 -2.29467
-0.000458608 -0.0051518 2.55358
0.0380427 -0.01753 -15.3177
0.0143569 0.00135709 -5.20587
0.0536721 0.00366194 -24.1847
0.0323235 0.000661075 -12.077
0.0215431 0.0117316 -6.1711
0.0341829 0.0114545 -13.9533
0.048315 0.0309475 -24.4055
0.0700155 0.0458862 -39.6373
0.328687 0.0356137 -218.266
0.283758 0.0229471 -186.038
0.154047 0.027187 -89.9419
0.0108106 -0.0118252 14.0435
-0.00785622 0.0118538 27.5141
-0.029556 0.0114547 44.0903
-0.0134877 -0.022833 32.938
-0.0278963 0.0629115 40.4419
0.0170654 0.115157 -2.58972
0.0434577 0.0854252 -23.9833
0.0114784 -0.0167108 22.4405
0.0199897 -0.0511594 15.9074
0.0561632 -0.0238566 -20.0682
0.0551126 0.00108232 -19.9112
0.0159917 0.0126114 18.1878
0.0310928 0.0588224 -0.192433
0.0692929 0.0434981 -38.6001
0.0308002 0.0588309 0.989684
0.0290779 0.0796163 1.29923
0.087283 -0.016326 -52.3898
0.0787427 0.0219577 -45.2723
0.0695972 0.0199376 -35.4096
0.116591 0.002555 -89.2841
0.0536995 0.0248942 -16.0931
0.114982 0.0611257 -92.6705
0.104151 0.0487699 -78.9536
-0.0432043 -0.00577121 31.5251
-0.0406577 0.0281498 28.5865
-0.0209707 0.0299862 27.7384
-0.0666939 0.0245498 30.7932
-0.0140001 0.124553 9.91757
-0.016704 0.0338219 16.5325
-0.000451778 -0.0079892 17.4497
-0.0114298 -0.00814022 20.319
-0.0399567 -0.012431 25.8154
-0.0708961 -0.0221773 32.3277
-0.0610964 -0.0295916 31.1633
-0.0586524 0.00698408 26.6031
-0.028603 0.0435154 16.0613
0.00398419 0.0230774 1.73133
-0.0277122 0.0177576 11.7242
-0.00573273 0.018024 4.75417
-0.0136442 0.0430276 6.57934
0 0 -1
0.184215 0.0293721 -66.5257
-0.0681698 -0.200811 50.1516
-0.0175261 0.00706264 10.7618
-0.0259839 0.00506773 14.6657
0.0363402 -0.00351851 -15.5959
0.0138457 -0.0133947 -3.05814
0.0136812 0.00342718 -4.49369
0.0991901 0.00574054 -49.5323
0.0465551 0.00218701 -20.4369
0.038079 0.0183995 -16.5182
0.0267839 0.00986658 -9.25002
0.0361206 0.0143778 -15.6726
0.0596877 0.0212896 -31.476
0.0571285 0.0262255 -29.8109
0.329815 0.0100797 -217.059
0.273237 -0.0396104 -174.694
0.194506 0.0212363 -119.844
0.089355 -0.0359721 -45.6369
0.00574955 0.00397841 17.6331
-0.0236501 0.0301538 38.7581
-0.00550164 0.0481454 21.8656
-0.003848 0.0666528 19.9605
-0.0155728 0.0708227 28.956
0.0249063 0.0844952 -7.63647
0.0779617 0.0926834 -55.7782
0.0413956 0.173537 -28.8121
0.1213 -0.0198081 -83.4441
0.0933899 -0.0162249 -56.5462
0.0841276 0.00869958 -49.6028
0.057077 0.0262034 -23.3711
0.0469198 0.0374144 -14.7537
0.0475186 0.0544355 -16.9856
0.102215 0.0138588 -73.1032
0.0837204 -0.0156024 -49.0296
0.0813242 -0.00313388 -47.373
0.0907518 0.00105677 -58.5182
0.103489 0.00991787 -74.5163
0.0928778 0.0129082 -62.3503
0.0878079 0.00800663 -55.8071
0.13643 -0.00630575 -114.834
-0.0351631 0.00366877 30.5075
-0.0392434 0.0102983 29.9786
-0.0128548 0.012813 28.6672
-0.061719 0.0260113 30.8349
-0.051824 -0.000357098 31.4445
-0.0111238 -0.00438067 28.1073
0.166677 -0.0261687 7.3816
-0.0262527 0.0239508 20.1363
-0.0666758 0.0163155 28.266
-0.0936088 0.0287059 32.1934
-0.064376 0.0159485 26.7771
-0.0524074 0.0176072 24.0626
-0.0219241 0.0277746 15.5704
-0.0226083 0.00405321 18.2809
-0.07144 -0.0150921 35.109
-0.000121026 0.0753793 -0.988405
-0.028464 0.0534282 11.2759
-0.0261508 0.0514133 10.6584
-0.0459747 0.0796907 15.3084
-0.0176214 0.0191121 9.51127
-0.0194146 0.0101367 11.2002
-0.0129113 0.00276609 8.83815
-0.0325677 -0.00974494 19.3262
0.00211408 -0.0355056 5.25587
0.0337995 -0.0182559 -12.8833
0.0678892 -0.0211278 -29.6641
0.0360337 0.0168125 -15.0913
0.0366307 0.00962261 -14.9756
0.0226096 0.00506819 -6.42718
0.0522867 0.024837 -26.9947
0.072448 0.033961 -41.0478
0.0891272 0.0188673 -50.7122
0.0992362 -0.0208658 -53.5034
0.0801763 -0.0781561 -33.6556
0.0787453 -0.0568757 -35.4199
0.0765987 -0.0483121 -34.1955
0.0351341 -0.0270752 -2.81861
0.0253675 -0.0354719 4.72478
0.00977326 0.0348711 10.0128
0.0106616 0.054991 8.20695
0.0175637 0.0731555 -0.264167
0.0519875 0.0820472 -31.7362
0.110458 0.10584 -86.2581
0.150056 0.083024 -121.042
0.122158 0.0178443 -87.5084
0.0915836 0.0168497 -57.8653
0.0737517 0.0105112 -39.7198
0.0463237 0.0152929 -12.6386
0.0555523 0.0438901 -24.6546
0.0525982 0.0459057 -21.1699
0.0674711 0.0236629 -35.7415
0.115963 0.000237789 -86.6246
0.105934 -0.011231 -74.4799
0.0773935 -0.0212375 -41.1336
0.0859024 -0.0117775 -52.1608
0.0799875 -0.0162124 -45.3894
0.0581577 -0.00797681 -19.9664
0.0636572 -0.0293499 -24.3495
0.00493505 -0.0198691 28.2682
-0.0586698 -0.37746 72.7979
-0.0598824 -0.458485 82.8096
-0.0133248 -0.08075 30.1445
-0.012633 -0.0480643 25.8729
0.0405043 0.0416329 9.07744
0.222274 -0.0230886 -1.03548
-0.0333455 -0.0570112 30.9532
-0.0166577 -8.49204e-05 20.9621
-0.0946102 0.0228715 33.6486
-0.0687895 0.0064635 28.9716
-0.0440904 0.0103492 22.8178
-0.0197238 0.00164863 17.7398
-0.0801384 -0.00475598 36.177
-0.110218 -0.0122417 46.6921
-0.0693352 0.011879 29.636
-0.0290349 0.0168472 15.513
-0.00548276 0.0490136 2.85025
-0.022174 0.0479088 9.06394
-0.0602859 0.065904 22.3867
-0.0337568 0.0204522 16.3122
-0.0254842 0.00511159 14.5073
0.0226266 -0.00519783 -7.88293
0.0195131 -0.0279918 -4.95889
0.022905 -0.0246412 -6.57345
0.0810378 -0.0703679 -31.4125
0.0900121 -0.0413449 -40.2254
0.0329725 -0.00237585 -11.6303
0.0453793 0.00154326 -20.0075
0.0681667 0.00891316 -34.9952
0.0601699 0.0119704 -30.1888
0.0811574 0.00774553 -43.936
0.0805058 -7.66206e-05 -42.4117
0.0494944 -0.0237048 -17.7396
0.0730208 -0.0340643 -33.9882
0.0729021 -0.0516581 -30.6614
0.0624047 -0.0463195 -23.7374
0.0719586 -0.004803 -36.2388
0.0408719 0.00754484 -12.4366
0.0311849 0.0460806 -8.70464
0.0339507 0.0505562 -11.817
0.0716699 0.0490812 -44.8016
0.123602 0.0803466 -95.3621
0.10684 0.105297 -82.8715
0.093099 0.0493084 -62.45
0.0731265 0.0376515 -42.2866
0.0740705 0.0413401 -42.9604
0.0435158 0.0316657 -11.0735
0.0689184 0.0200668 -35.9706
0.0495031 0.0136436 -13.9307
0.033725 0.0042834 3.22017
0.0849182 -0.00965965 -51.8023
0.0943194 -0.0270998 -60.0857
0.0659125 -0.0328102 -27.0109
0.0653061 -0.0189051 -28.0384
0.0837319 -2.55446e-05 -52.2015
0.0689271 -0.000606767 -33.7538
0.0744169 -0.00638983 -39.5683
0 -0.0132333 27.2895
-0.425112 -0.0856525 48.5201
-0.058953 -0.155188 43.1728
-0.0381196 -0.0349839 25.3509
-0.00289917 -0.0780469 28.8956
0.0417614 -0.186382 39.1595
0.569176 -0.120789 -38.5935
0.0149259 -0.1123 30.5031
-0.0220749 -0.0948312 34.7982
-0.0665928 -0.0191619 32.7717
-0.0604377 -0.0310214 31.9606
-0.0318531 -0.0196393 23.4489
-0.0345223 -0.0289248 26.001
-0.0247851 -0.0451143 25.6079
-0.0729765 -0.0109136 35.5974
-0.0744215 -0.00587849 33.4745
-0.0249673 0.00264163 15.6739
0.00957549 0.0523555 -3.88341
-0.130395 0.0292524 56.6892
-0.0769332 0.0393967 32.4077
-0.0322318 0.0139588 16.4682
-0.0444752 0.00972532 22.9512
-0.0320528 -0.00652643 18.5787
0.00190376 -0.0127247 1.97249
0.0330183 -0.0376891 -10.7476
0.0644766 -0.0388466 -26.9769
0.0831122 -0.0381502 -36.6529
0.0400964 -0.0254115 -12.5081
0.0324255 -0.0136056 -9.95649
0.0723059 0.00146017 -36.9352
0.0576766 -0.00517292 -26.1659
0.0689117 -0.00858311 -33.4103
0.0662569 -0.00242854 -32.0922
0.0575729 -0.0091793 -25.2903
0.0782168 0.00229689 -42.2504
0.0746449 -0.0155716 -36.8921
0.0644325 -0.00689542 -30.5512
0.0776361 -0.0153748 -39.6147
0.0616919 0.00890346 -29.3284
0.0440287 0.00330054 -13.7513
0.0476899 0.00904594 -18.4172
0.106664 0.0071311 -70.6426
0.119143 -0.00429863 -80.5908
0.105944 0.024506 -71.2766
0.100733 0.0193298 -65.216
0.0691363 0.02314 -35.9376
0.0481552 0.00779047 -12.8246
0.0552749 0.022127 -22.1407
0.073628 0.0326483 -43.1347
0.0419531 0.0444454 -11.2323
0.0490437 0.0575386 -20.8856
0.0839678 0.0686813 -60.8722
0.0926717 0.0404303 -66.8452
0.0741508 0.0396874 -45.7791
0.0635985 0.0814807 -39.2571
0.0676377 0.0713923 -42.4543
0.0734844 0.0623828 -48.0606
0.0912789 0.0894188 -73.4388
-0.00456984 0.0317009 18.2908
0.156288 0.0230064 14.7154
-0.441289 0.0530726 37.2408
-0.0912836 -0.0197847 26.8674
-0.0778684 -0.0609204 32.121
0.0102682 -0.144793 36.7814
-0.039275 0.0127627 33.3727
0.0201595 -0.0900736 25.539
-0.0092397 -0.117257 34.6787
-0.0554434 -0.0559513 34.3928
-0.0456917 -0.0473266 30.9127
-0.0451535 -0.0277433 27.9716
-0.06736 -0.0709974 40.7098
-0.0288242 -0.155633 42.7055
0.0327469 -0.0651452 11.1179
-0.0103301 -0.0278416 14.712
-0.00564958 -0.0253326 12.6614
0.0243621 -0.0222788 1.15688
-0.00678543 0.0405269 5.74523
-0.0888891 -0.005717 44.5486
-0.0433566 -0.00330176 23.9542
-0.0329138 0.02904 14.7421
-0.0475311 -0.000710812 25.2688
-0.00765766 0.0161762 2.35672
0.0321389 -0.0028798 -14.9842
0.0605349 -0.0165795 -27.8648
0.091698 -0.0502672 -39.808
0.0672669 -0.0602027 -23.5796
0.0465661 -0.0300823 -15.9846
0.0798222 -0.0216284 -38.3031
0.0681897 -0.0131944 -31.7484
0.0540666 -0.0121083 -23.1139
0.073973 -0.0327543 -33.1531
0.0637839 -0.00952153 -29.9559
0.0682284 -0.00399242 -34.0353
0.0764618 0.00112786 -40.8096
0.0632733 0.00612099 -31.3356
0.0663548 -0.00208923 -32.6269
0.0742412 -0.000609202 -39.1455
0.056093 0.0250415 -28.5313
0.0615421 0.0287233 -33.8432
0.0877004 0.0426406 -59.4832
0.109331 0.0303908 -76.5885
0.112242 0.0254501 -79.1214
0.108542 0.0230334 -74.6106
0.0852185 0.0359999 -54.1256
0.0708928 0.0499207 -42.5235
0.0806908 0.0732115 -56.372
0.065489 0.068663 -39.8663
0.0638807 0.0900468 -41.7166
0.0778768 0.111299 -60.3102
0.0839536 0.108928 -66.7464
0.0831319 0.109226 -65.7325
0.0739788 0.109035 -55.2732
0.0737889 0.126964 -57.9686
0.0680083 0.113127 -48.8024
0.0793086 0.120916 -63.5194
0.0581071 0.117256 -36.903
0.0312092 0.0741225 -11.6633
0.0318283 0.0718622 -11.3818
0.0211653 -0.186182 46.7859
-0.12319 0.0210898 22.5272
-0.110016 -0.025442 29.4906
-0.0506089 -0.0687251 31.5649
-0.0109956 -0.00310444 32.1964
-0.264911 -0.161469 84.7623
-0.0188012 0.0269578 0.945995
0.414707 0.0213238 -80.8012
0.00595586 0.199898 -34.4638
0.0253035 0.187218 -37.6595
0.00245274 0.141542 -22.713
0.0159843 0.201814 -38.0366
0.055465 0.064318 -23.5113
0.0115404 0.0643439 -9.04417
-0.00570997 0.0488166 -0.480178
0.0137039 0.0707758 -12.5521
0.0150864 -0.0223841 4.7663
-0.0663895 -0.0223959 37.5761
-0.0548986 -0.0288682 33.4262
0.162645 -0.000299735 -70.1384
-0.0416791 0.100301 4.55113
-0.0123728 0.111807 -11.9585
0.00403441 0.0866266 -15.5684
0.0380664 0.0173357 -21.2861
0.0568137 -0.00646399 -27.3765
0.0538612 -0.0233648 -22.0275
0.0516862 -0.0276337 -20.0075
0.0804704 -0.0308182 -37.6824
0.0849736 0.00494052 -46.5297
0.0857968 0.0390131 -53.8702
0.0730892 0.0566084 -48.3841
0.0700839 0.0580781 -46.7902
0.0692171 0.0627146 -47.0812
0.0752897 0.0470646 -48.6078
0.0667647 0.0337184 -39.2771
0.05607 0.0435897 -32.3915
0.0706001 0.0826934 -51.2085
0.0707784 0.0827439 -51.0943
0.0836502 0.0771491 -61.2328
0.098087 0.109356 -79.5735
0.10193 0.0941016 -80.4323
0.102769 0.10582 -83.3608
0.103248 0.0879357 -80.4546
0.0758514 0.0894171 -54.0638
0.0755985 0.100184 -55.7288
0.0826205 0.103723 -63.5092
0.0733571 0.108424 -54.7307
0.075831 0.119106 -59.3515
0.0811652 0.13104 -67.3439
0.0902716 0.12843 -76.9021
0.0875727 0.132177 -74.4609
0.0826607 0.129939 -68.6395
0.0760001 0.133334 -61.4746
0.0875558 0.137038 -76.064
0.0741048 0.133193 -59.1494
0.0631016 0.133874 -45.8435
0.0382131 0.0751315 -11.8605
0.0402643 0.0666237 -10.4572
0.0314565 0.0678319 -3.14485
0.000893569 0.0869863 0.629415
0.00259285 -0.0160912 8.10511
-0.0199931 0.119557 -4.31048
0.170274 0.0133498 -21.4893
-0.000592933 0.135314 -12.8737
-0.0100244 0.0860759 -0.542635
-0.0385543 0.107208 0.497331
-0.0378286 0.110691 -0.433272
-0.0390948 0.123658 -2.7419
-0.0437893 0.135432 -4.01106
-0.0472169 0.233581 -24.2094
0.00859364 0.201491 -34.8919
0.0246723 0.125257 -25.0288
-0.0235569 0.153567 -14.2093
-0.0177557 0.164079 -18.3403
-0.00544995 0.180739 -25.8857
-0.0294856 0.223263 -25.3231
-0.00843107 0.297836 -49.5234
-0.00897256 0.316503 -53.4954
0.00514602 0.269782 -50.5367
0.0165709 0.341673 -70.7104
0.0087586 0.347702 -67.7791
-3.1695e-05 0.327638 -58.8653
0.0103566 0.334865 -66.1041
0.0288048 0.313639 -72.5484
0.0492867 0.299035 -82.0278
0.0788963 0.251889 -90.7793
0.0504241 0.235301 -69.3097
0.065848 0.127241 -57.3685
0.0668961 0.125806 -57.6321
0.0681835 0.117897 -56.8854
0.0749945 0.118723 -62.0446
0.0742974 0.117818 -61.3192
0.0807024 0.128852 -68.4938
0.0880884 0.126723 -73.9135
0.0892565 0.130902 -75.7079
0.0860825 0.147984 -76.4379
0.0891826 0.138149 -77.1842
0.0975159 0.147214 -86.3207
0.098499 0.135563 -84.8882
0.0992438 0.131084 -84.5854
0.0952855 0.116979 -78.1189
0.0818791 0.113502 -64.4276
0.0813263 0.115941 -64.3516
0.0820841 0.118645 -65.6968
0.0828732 0.123151 -67.4183
0.078568 0.129714 -64.3007
0.0901448 0.138792 -78.706
0.0879332 0.133628 -75.2107
0.079921 0.133494 -66.1189
0.0746164 0.131967 -59.6986
0.0815595 0.133951 -68.0914
0.0770565 0.138431 -63.7192
0.0705146 0.139084 -55.9631
0.0597778 0.142344 -43.4197
-0.027748 0.0200645 19.4602
-0.0282575 0.0371954 15.5748
-0.0306903 0.0839977 4.15974
-0.000146566 0.114073 -4.44205
-0.0170687 0.0897167 2.36894
-0.00639591 0.113784 -4.63006
0.0277658 0.0104581 23.2604
-0.0347978 -0.00603024 36.5682
-0.013336 0.110304 -5.26652
-0.036578 0.102043 1.02637
-0.0416745 0.0921187 4.33564
-0.0265084 0.137257 -9.16032
-0.0163927 0.188136 -23.5486
-0.0407851 0.201371 -19.4845
-0.015324 0.242117 -36.3943
-0.00496841 0.238651 -38.7735
0.0132818 0.275152 -53.3506
0.0010452 0.267356 -47.1029
-0.00356435 0.255487 -42.6709
-0.00306622 0.267345 -45.6122
0.00431824 0.305588 -57.0907
0.00334658 0.318571 -59.6295
0.0289649 0.337855 -75.7362
0.0165887 0.341589 -70.2933
-0.00164752 0.344769 -61.522
0.00363154 0.336268 -62.5443
0.00876365 0.327085 -63.2723
0.0110304 0.326417 -64.4929
0.0222754 0.316623 -69.085
0.0387698 0.285707 -72.5334
0.0191706 0.295868 -62.3787
0.0312512 0.227617 -55.3295
0.0277755 0.215295 -49.985
0.0538428 0.173274 -58.6727
0.0762382 0.169997 -74.2318
0.0802204 0.162094 -75.3465
0.0908762 0.161565 -83.5018
0.0924214 0.158868 -84.0189
0.0877139 0.150407 -78.235
0.0875338 0.146538 -77.1301
0.0870345 0.14305 -76.0991
0.0895064 0.129428 -75.1687
0.0893154 0.128001 -74.7673
0.0935106 0.121175 -77.0961
0.0793715 0.117023 -62.7847
0.0853273 0.122842 -69.8877
0.0941893 0.125908 -79.4328
0.0854632 0.129438 -71.3445
0.0842764 0.135468 -71.56
0.0889084 0.135864 -76.588
0.0849918 0.135523 -72.2523
0.0825428 0.139396 -70.3199
0.0769526 0.137584 -63.6216
0.0824568 0.141193 -70.5974
0.0781393 0.132147 -63.5959
0.075417 0.137325 -61.4503
0.0774944 0.147738 -66.3969
0.0768451 0.149493 -65.8758
-0.0214112 0.0148348 20.6402
-0.0277785 0.0325193 16.5207
0.004068 0.0452042 11.6622
0.000216882 0.0795315 3.61088
0.00556375 0.0972623 -1.42238
0.0463692 0.154003 -20.3088
-0.00896024 0.000423191 31.1175
-0.0593137 -0.000806976 39.6148
-0.00981199 0.116895 -7.7092
0.018174 0.195266 -32.7655
-0.00178492 0.2775 -49.3837
-0.00157544 0.262461 -45.589
0.0210574 0.282809 -56.4643
-0.00461026 0.272003 -46.5454
0.00213668 0.275591 -49.3238
0.0109487 0.29251 -56.0505
0.00703797 0.287128 -53.3413
0.00378557 0.293395 -53.9422
0.00267944 0.293763 -53.7725
0.0131486 0.313874 -63.0432
0.0285639 0.331093 -73.6445
0.0315867 0.351946 -80.5111
0.0229272 0.339486 -73.3284
0.0102337 0.329894 -64.4902
0.0100002 0.324299 -62.8141
0.0025706 0.329632 -60.2306
0.00822325 0.328311 -63.1127
0.00606494 0.326698 -61.65
0.0145236 0.325871 -66.5161
0.0171684 0.315541 -65.5988
0.0212513 0.31196 -67.4061
0.0137695 0.31357 -63.0071
0.00494401 0.325339 -59.963
0.0253383 0.278541 -62.9965
0.0557168 0.243633 -76.6703
0.0714075 0.206622 -79.3826
0.0890772 0.189001 -88.5679
0.0729501 0.171893 -71.3416
0.0736903 0.155119 -67.6753
0.077315 0.14277 -67.6302
0.0793544 0.142351 -69.2873
0.0808935 0.141526 -70.4826
0.0817056 0.136901 -70.0321
0.0875779 0.127265 -73.0199
0.090363 0.134142 -77.5314
0.0919582 0.143889 -81.4876
0.0869737 0.138607 -75.197
0.0910808 0.139415 -79.5709
0.0890291 0.141996 -78.0056
0.0845178 0.147481 -74.6097
0.0851724 0.142427 -74.0366
0.081795 0.126481 -66.2226
0.0782894 0.129016 -62.898
0.0773458 0.127578 -61.5369
0.0788391 0.133792 -64.8793
0.0871322 0.13314 -74.5363
0.0783165 0.141365 -65.9684
0.0900927 0.148988 -82.135
-0.0184241 0.0135741 20.8067
-0.00715628 0.038016 13.852
0.0152935 0.0469801 10.4271
0.0282061 0.0962512 -3.69026
0.0455192 0.188275 -28.8922
0.0713354 0.200103 -34.7307
0.00218065 0.0454072 17.4519
-0.0541397 0.015795 34.0693
-0.118133 0.00392343 47.9562
-0.0232072 0.232414 -31.9025
-0.00550807 0.269956 -45.9029
0.00112917 0.296386 -54.6182
0.00876928 0.29013 -55.1267
0.0178075 0.286822 -56.6296
0.0103054 0.297788 -57.2398
0.0123223 0.299651 -58.5144
0.021598 0.319508 -67.4035
0.0246186 0.314777 -67.6462
0.0114625 0.321748 -64.1908
0.030277 0.34483 -78.5212
0.0380408 0.347328 -82.1569
0.0253972 0.340043 -74.5169
0.0149313 0.330881 -66.9986
0.00983167 0.330857 -64.4716
0.0112584 0.326764 -64.23
0.0060829 0.320399 -59.7364
0.00182596 0.328266 -59.4631
0.00182423 0.327284 -59.1913
0.00397812 0.328165 -60.7168
0.00987237 0.321881 -62.6921
0.0165111 0.315215 -65.2196
0.023755 0.309826 -68.4567
0.0159086 0.325047 -67.1481
-0.00355697 0.331266 -55.1198
0.00782979 0.318014 -60.1362
0.0321051 0.27932 -67.9883
0.0528169 0.232617 -71.417
0.0439626 0.182279 -50.6078
0.04375 -0.0193379 33.1382
0.071748 0.147482 -64.2022
0.0767243 0.146198 -68.1199
0.0808813 0.140625 -70.1346
0.0739196 0.138632 -63.3324
0.0941963 0.14386 -83.6532
0.0974911 0.138888 -85.447
0.0930415 0.148268 -83.7029
0.091982 0.157519 -85.0777
0.0889882 0.151514 -80.373
0.0867905 0.148499 -77.3958
0.0824192 0.138861 -70.1227
0.0756166 0.137296 -62.3897
0.0783576 0.129087 -63.2073
0.085 0.132293 -71.4162
0.0751792 0.133065 -60.4826
0.0775499 0.138367 -64.529
0.0729583 0.121743 -54.4319
0.0972939 0.141743 -89.319
0.106397 0.145904 -101.506
0.0179049 0.252654 -42.8625
0.0155856 0.223603 -34.2683
0.0113818 0.204776 -28.4524
0.000918739 0.148289 -11.2377
0.000715868 0.148699 -11.6065
0.0550452 0.168859 -24.3678
0.0101372 0.146919 -12.672
0.0140104 0.246474 -42.719
0.0167241 0.279167 -52.9629
0.00922394 0.268839 -48.2825
-0.00165701 0.290252 -52.1925
0.00776247 0.307371 -59.4979
0.0109948 0.30846 -60.6121
0.0107248 0.314844 -62.4658
0.0255005 0.317147 -67.5626
0.0206433 0.317656 -66.062
0.021566 0.339643 -72.85
0.024146 0.336475 -73.1081
0.0286999 0.341751 -76.2687
0.0230138 0.35227 -76.9157
0.0345759 0.337826 -77.7777
0.0113281 0.326807 -64.1704
0.0163025 0.327792 -66.8894
0.00222733 0.32751 -59.7182
0.00222098 0.327224 -59.6391
0.00554496 0.330677 -62.4168
0.00631258 0.325401 -61.2901
0.00900936 0.330818 -64.4225
0.00229349 0.330177 -60.231
0.011957 0.328771 -66.0441
0.017841 0.321847 -67.8973
0.0181056 0.316018 -66.372
0.0197409 0.302316 -63.5409
0.00744794 0.314463 -58.2437
-0.00145897 0.324137 -54.7773
-0.00112742 0.299222 -47.8648
0.000884589 0.296152 -48.7801
0.00741986 0.227751 -33.7157
0.0387961 -0.00510246 33.1987
0.0774078 0.172143 -76.2778
0.0567782 0.207678 -68.9164
0.0799458 0.168813 -77.6477
0.0891418 0.178875 -88.8424
0.0955436 0.172061 -92.8175
0.0928043 0.164233 -87.8994
0.0900437 0.158743 -83.54
0.0889418 0.151819 -80.3882
0.0842175 0.143912 -73.3605
0.0835213 0.146848 -73.6012
0.0767865 0.138508 -64.07
0.0816435 0.150111 -72.7493
0.0808822 0.149755 -71.938
0.0912086 0.13578 -79.5679
0.0781633 0.138989 -65.2791
0.0721395 0.144474 -59.8219
0.085203 0.142765 -75.0288
0.103538 0.15204 -100.058
0.114526 0.146198 -111.722
0.00886407 0.265382 -46.6873
0.0144473 0.246963 -41.1153
-0.0092784 0.233134 -35.7396
-0.00568802 0.222457 -32.7354
-0.00576786 0.22553 -33.7979
0.00234822 0.206495 -28.8115
0.0263623 0.281935 -55.5926
0.039139 0.281538 -57.5121
0.0285927 0.28786 -57.4726
0.0153776 0.291319 -56.0048
0.0117338 0.302742 -59.1622
0.0152693 0.320958 -65.6585
0.0112231 0.319178 -63.9662
0.0229506 0.329918 -70.4137
0.0278064 0.332973 -72.8244
0.0252799 0.340793 -74.4984
0.0225024 0.345417 -74.9954
0.0220492 0.342547 -73.8054
0.0261783 0.347607 -77.0245
0.021474 0.338122 -72.0767
0.0173905 0.329308 -67.6232
0.0120044 0.326136 -64.2885
0.0115151 0.32281 -62.9596
0.000220131 0.31827 -55.9872
0.000359374 0.320965 -56.8375
0.00573649 0.321907 -59.9272
0.000900713 0.325919 -58.3536
0.0106889 0.323037 -63.1756
0.00144299 0.320887 -56.9106
0.011809 0.319954 -63.1411
0.00947352 0.326514 -63.7366
0.00813475 0.324588 -62.1976
0.0134282 0.322006 -65.1262
0.0154755 0.323254 -66.9418
0.000176528 0.330006 -58.0396
0.0139857 0.358232 -77.0238
0.0223635 0.374113 -88.5792
0.722762 -0.0497147 -514.047
0.0463763 -0.00296535 26.248
0.0441974 0.314388 -89.7441
0.0251541 0.306223 -70.7206
0.0421687 0.262446 -71.9285
0.0620335 0.223171 -77.4936
0.077021 0.191377 -81.3077
0.0876266 0.173221 -85.7585
0.0895016 0.163275 -84.4858
0.0862379 0.16113 -80.3676
0.0780135 0.161939 -72.3078
0.0712364 0.163307 -65.6568
0.0810618 0.158035 -74.4654
0.0754602 0.147709 -65.219
0.0770625 0.152037 -68.2663
0.0851423 0.156912 -78.8328
0.0811345 0.156259 -74.0631
0.0719974 0.150746 -61.752
0.0833369 0.153929 -76.2741
0.0903525 0.158703 -86.0875
0.0992148 0.148078 -93.5653
-0.00114546 0.287874 -53.8716
-0.000922913 0.311208 -61.7369
-0.0162623 0.353403 -74.2674
-0.00720669 0.296283 -56.8212
0.00496722 0.32797 -68.3101
0.00322254 0.324532 -65.5068
0.0189173 0.327795 -68.9714
0.0278413 0.308582 -63.9495
0.0336184 0.312702 -66.5403
0.0242727 0.325048 -68.942
0.0257576 0.330844 -71.2065
0.0222011 0.334313 -71.6328
0.0221261 0.339401 -73.2659
0.0299986 0.337674 -74.8074
0.0249106 0.341323 -74.4421
0.023901 0.339627 -73.6506
0.0258446 0.340681 -74.6273
0.0230375 0.345906 -75.2557
0.0129255 0.333263 -66.9781
0.0100863 0.326769 -63.7302
0.0112158 0.33269 -66.1253
0.00974583 0.336239 -66.6399
0.00602188 0.321641 -59.9691
0.00819924 0.315881 -59.2108
0.00761657 0.320186 -60.2627
0.00608868 0.324402 -60.8792
0.002549 0.321068 -57.7073
0.00722968 0.326653 -62.3012
0.00357664 0.322186 -58.6853
0.00474524 0.325486 -60.3712
0.00681111 0.320144 -59.8832
0.00791001 0.326135 -62.5777
0.0123604 0.322208 -64.3677
0.01671 0.314498 -64.8589
0.0297826 0.320175 -76.4467
0.0218489 0.350517 -80.2355
0.0332729 0.355537 -90.65
0.159309 -0.0106263 -64.2674
0.0723566 0.0266548 -5.24611
-0.00850286 0.369828 -62.4643
-0.000179445 0.349276 -62.7136
0.00623239 0.317365 -57.6895
0.0286946 0.270902 -62.4403
0.0506754 0.238368 -71.9621
0.0674388 0.211321 -78.7985
0.072757 0.194871 -78.4606
0.0807108 0.182008 -81.8736
0.0772521 0.164501 -72.3654
0.0748465 0.171066 -72.094
0.0738516 0.173169 -71.6305
0.0784168 0.159455 -72.1886
0.0840091 0.170376 -82.0741
0.0860487 0.170039 -84.2059
0.0835867 0.159209 -77.8806
0.073209 0.173006 -70.2361
0.0802462 0.17096 -77.8861
0.0836921 0.167166 -80.8524
0.103458 0.159851 -102.463
0.0179125 0.300307 -58.3004
0.021345 0.316807 -64.2331
0.0235206 0.306665 -60.4672
-0.00607763 0.341016 -70.5237
-0.00400871 0.322588 -64.4864
0.0107713 0.296115 -56.5819
0.0206429 0.303993 -61.1516
0.0149444 0.317544 -64.8769
0.0319962 0.32265 -69.3518
0.0277661 0.325634 -69.7874
0.0308444 0.342324 -76.3243
0.0204364 0.340027 -72.9788
0.025611 0.336153 -73.106
0.0284488 0.340493 -75.4089
0.0334991 0.333587 -74.4809
0.0298858 0.337174 -74.5518
0.0190769 0.334924 -69.9811
0.0209068 0.339363 -72.3116
0.00984706 0.329782 -64.5236
0.0112003 0.330728 -65.4743
0.00764489 0.325959 -62.2196
0.0033586 0.324179 -59.5875
0.00737028 0.316593 -58.7573
0.00731314 0.317004 -58.9863
0.0111871 0.313584 -59.7258
0.00522444 0.319679 -58.7522
0.00529992 0.319886 -58.8902
0.0176345 0.323638 -67.5435
0.00672652 0.325701 -61.7116
0.00256779 0.326896 -59.4542
0.00129456 0.320125 -56.26
0.00699437 0.321379 -60.4363
0.0144388 0.324362 -66.6679
0.0126038 0.31872 -63.4072
0.0245651 0.309203 -68.7839
0.0491319 0.307604 -86.757
0.0717707 0.305576 -103.667
0.0462078 0.143479 -24.5684
-0.0405529 0.0814765 68.6667
-0.0140147 0.34929 -50.6792
-0.0134357 0.334969 -45.9418
-0.0119435 0.34414 -50.614
0.00142325 0.30739 -49.7557
0.00978127 0.286949 -50.2592
0.0414958 0.241125 -64.0486
0.0703313 0.196128 -76.2728
0.0769088 0.181002 -77.6025
0.069039 0.181399 -69.735
0.0785302 0.179013 -78.677
0.0767558 0.172784 -74.4536
0.0747209 0.174696 -72.9699
0.077059 0.189608 -80.7334
0.0787286 0.19282 -83.662
0.0720637 0.179279 -71.0738
0.0763168 0.16495 -71.0122
0.0775594 0.160717 -71.1691
0.104252 0.163095 -104.309
0.112032 0.155768 -111.317
0.0189214 0.306855 -60.6246
0.0162367 0.307173 -60.6422
0.00961927 0.272763 -47.6064
-0.0233378 0.280578 -47.8655
-0.00449268 0.260549 -42.555
0.0204617 0.269892 -48.5706
0.0233734 0.308173 -62.5892
0.025559 0.316266 -65.9988
0.0293666 0.316584 -66.6859
0.0342471 0.319713 -68.8098
0.029189 0.330196 -71.4643
0.0197316 0.331113 -69.5444
0.013007 0.332896 -68.5424
0.0282042 0.337828 -74.3005
0.0268497 0.324025 -68.8777
0.0282831 0.324659 -69.5215
0.0194587 0.328859 -67.934
0.0179248 0.31746 -63.3396
0.020754 0.323634 -66.6319
0.00602653 0.326276 -61.6418
0.00360683 0.304888 -52.861
0.00521373 0.30842 -54.8502
0.00317205 0.297652 -49.964
0.00606121 0.299221 -51.9384
0.00547637 0.295343 -50.1343
0.00775814 0.299616 -52.9751
0.00706716 0.304135 -54.3065
0.00733696 0.309661 -56.4205
0.0143357 0.305939 -59.3403
0.00645765 0.308305 -55.2808
0.00701169 0.311525 -56.8974
0.00808007 0.300574 -53.7291
0.0136585 0.30271 -58.2895
0.00902073 0.300997 -54.476
0.0169052 0.283847 -54.0152
0.0375517 0.270854 -64.7673
0.0587103 0.251828 -74.2718
0.0426369 0.237245 -55.6429
-0.0180619 0.266699 -17.0537
-0.0185024 0.336515 -42.2864
-0.0138124 0.328703 -43.4908
-0.0113928 0.331358 -46.4499
-0.0129288 0.308667 -36.9018
-0.00208591 0.273078 -34.0657
0.0156245 0.248402 -41.8866
0.0449359 0.198206 -51.9756
0.0670089 0.188523 -70.1998
0.0762734 0.189738 -80.0485
0.0710117 0.177792 -70.3005
0.0695314 0.169645 -65.5783
0.0766766 0.150604 -66.5299
0.0873682 0.173467 -86.3658
0.0702473 0.19401 -74.4899
0.0683799 0.155583 -58.5464
0.0725334 0.14241 -58.499
0.0708548 0.138799 -55.2906
0.0987604 0.137396 -88.502
0.100131 0.13413 -88.9379
