0 1 3
1 2 3
2 3 3
3 4 3
4 5 3
5 6 3
6 7 3
7 8 3
8 9 3
9 10 3
10 11 3
11 12 3
12 13 3
13 14 3
14 15 3
15 16 3
16 74 3
17 74 3
17 18 3
18 19 3
19 20 3
20 21 3
21 22 3
22 23 3
23 24 3
24 25 3
25 26 3
26 27 3
27 28 3
28 29 3
29 30 3
30 31 3
31 32 3
32 33 3
33 34 3
34 35 3
35 36 3
36 37 3
37 39 3
39 40 3
40 41 3
41 42 3
42 43 3
43 44 3
44 102 3
102 104 3
46 104 3
46 47 3
47 48 3
48 49 3
49 50 3
50 52 3
52 53 2
53 54 0
54 55 3
1 59 3
0 59 3
37 96 3
39 96 3
37 95 3
13 70 3
12 70 3
30 88 3
55 56 0
20 79 3
21 79 3
54 56 0
25 84 3
26 84 3
95 96 3
53 57 0
54 57 0
20 78 3
37 94 3
52 57 0
2 61 3
3 61 3
4 62 3
7 65 3
8 66 3
19 78 3
36 94 3
39 97 3
40 97 3
49 108 3
50 108 3
50 57 0
5 62 3
6 65 3
7 66 3
31 88 3
33 91 3
5 63 3
5 64 3
6 64 3
10 68 3
14 72 3
15 72 3
29 87 3
32 91 3
42 101 3
43 101 3
48 106 3
49 106 3
0 58 3
2 59 3
64 65 3
11 69 3
11 70 3
15 74 3
25 83 3
28 87 3
30 87 3
88 89 3
31 89 3
41 99 3
42 100 3
47 104 3
47 105 3
48 105 3
49 107 3
57 108 1
56 57 3
58 59 3
63 64 3
9 66 3
68 69 3
13 129 3
13 72 3
18 76 3
19 76 3
24 83 3
27 84 3
32 89 3
91 149 3
40 99 3
99 100 3
100 101 3
104 105 3
106 107 3
107 108 3
57 110 1
9 68 3
70 129 3
76 78 3
78 79 3
83 84 3
27 86 3
28 86 3
34 91 3
105 106 3
108 110 3
57 171 1
2 118 3
4 61 3
62 63 3
65 66 3
69 70 3
22 81 3
34 151 3
35 151 3
94 95 3
96 97 3
43 102 3
61 118 3
17 76 3
23 81 3
87 88 3
72 74 3
21 81 3
24 81 3
84 86 3
34 150 3
101 102 3
59 118 3
76 135 3
150 151 3
36 151 3
78 135 3
61 62 3
86 87 3
81 83 3
68 126 3
74 76 3
9 126 3
74 133 3
72 129 3
76 133 3
40 156 3
70 127 3
97 156 3
99 156 3
69 127 3
78 136 3
86 143 3
56 173 1
65 123 3
66 125 3
74 131 3
76 134 3
135 136 3
79 136 3
21 138 3
81 138 3
84 143 3
94 151 3
57 169 1
56 172 1
66 123 3
9 125 3
72 131 3
21 137 3
32 148 3
91 148 3
94 153 3
95 153 3
56 171 1
172 173 3
79 137 3
95 154 3
96 154 3
108 167 3
110 167 2
110 169 1
171 172 3
61 119 3
62 119 3
72 130 3
74 132 3
136 137 3
89 148 3
107 166 3
108 166 3
169 171 2
129 130 3
131 132 3
133 134 3
137 138 3
83 141 3
89 147 3
96 155 3
97 155 3
101 159 3
102 159 3
110 168 2
170 171 3
64 122 3
65 122 3
66 124 3
86 144 3
87 144 3
102 160 3
105 163 3
106 163 3
167 168 3
58 116 3
123 124 3
132 133 3
81 141 3
84 142 3
142 143 3
94 152 3
99 157 3
100 158 3
100 159 3
159 160 3
104 160 3
107 165 3
166 167 3
169 170 2
59 116 3
59 117 3
124 125 3
69 126 3
147 148 3
91 150 3
152 153 3
154 155 3
155 156 3
156 157 3
157 158 3
104 163 3
106 165 3
117 118 3
118 119 3
63 122 3
134 135 3
83 142 3
143 144 3
87 146 3
88 146 3
153 154 3
158 159 3
122 123 3
70 128 3
130 131 3
81 139 3
144 146 3
151 152 3
104 162 3
165 166 3
168 169 1
116 117 3
127 128 3
160 162 3
162 163 3
125 126 3
141 142 3
149 150 3
63 119 3
126 127 3
138 139 3
139 141 3
128 129 3
131 189 3
130 189 3
144 203 3
88 147 3
148 149 3
146 203 3
163 165 3
165 222 3
139 198 3
141 198 3
163 222 3
132 191 3
133 191 3
119 178 3
63 178 3
63 179 3
122 179 3
148 265 3
178 179 3
122 180 3
146 147 3
149 265 3
179 180 3
129 187 3
163 221 3
165 223 3
166 223 3
170 229 3
171 229 3
125 183 3
126 183 3
128 187 3
130 187 3
189 305 3
141 199 3
148 206 3
162 221 3
172 229 3
135 193 3
147 206 3
119 177 3
130 188 3
188 189 3
136 193 3
139 197 3
142 200 3
143 200 3
143 201 3
144 201 3
146 205 3
147 205 3
117 175 3
118 176 3
122 181 3
123 181 3
126 185 3
127 185 3
134 193 3
138 197 3
151 210 3
152 210 3
154 212 3
155 212 3
155 214 3
156 214 3
158 217 3
159 217 3
159 218 3
160 218 3
167 225 3
168 226 3
169 226 0
170 228 3
116 174 3
175 176 3
124 182 3
126 184 3
128 185 3
136 194 3
137 195 3
138 196 3
198 199 3
150 208 3
151 208 3
153 211 3
157 215 3
158 216 3
166 225 3
169 228 2
229 230 3
172 230 3
173 231 3
117 174 3
119 176 3
181 182 3
182 183 3
184 185 3
193 194 3
194 195 3
195 196 3
196 197 3
205 206 3
206 265 3
149 208 3
210 211 3
154 211 3
214 215 3
215 216 3
216 217 3
162 220 3
221 222 3
168 225 3
169 285 0
228 229 3
230 231 3
180 181 3
128 186 3
134 191 3
217 218 3
220 221 3
183 184 3
186 187 3
131 191 3
141 200 3
200 201 3
162 218 3
189 191 0
197 198 3
199 200 3
222 223 3
228 285 3
174 175 3
177 178 3
201 203 3
151 267 3
211 212 3
162 277 3
226 285 3
208 267 3
210 267 3
220 277 3
225 226 3
185 186 3
189 248 3
146 262 3
248 305 1
191 248 3
191 193 3
203 260 3
203 262 3
205 262 3
212 214 3
218 277 3
223 225 3
187 188 3
201 260 3
212 271 3
214 271 3
222 280 0
176 177 3
285 286 3
228 286 3
174 232 3
188 305 2
175 232 3
193 250 3
210 268 3
225 283 3
191 250 3
196 255 3
197 255 3
205 263 3
223 282 3
176 234 3
177 234 3
198 256 3
199 256 3
206 263 3
212 270 3
225 282 2
179 237 3
183 241 3
185 244 3
186 244 3
211 269 3
211 270 3
223 281 3
177 235 3
178 235 3
178 237 3
180 237 3
182 240 3
182 241 3
188 246 3
199 257 3
200 257 3
200 258 3
201 258 3
203 261 3
262 263 3
208 265 3
270 271 3
222 281 3
175 234 3
178 236 3
181 239 3
181 240 3
184 242 3
187 245 3
246 305 2
193 251 3
193 252 3
194 252 3
195 253 3
196 254 3
261 262 3
206 264 3
208 266 3
211 268 3
215 273 3
218 276 3
221 279 3
281 282 3
226 284 3
229 287 3
230 288 3
231 289 0
234 235 3
235 236 3
236 237 3
180 239 3
240 241 3
241 242 3
185 243 3
186 245 3
188 245 3
250 251 3
251 252 3
252 253 3
253 254 3
254 255 3
255 256 3
256 257 3
263 264 3
265 266 3
266 267 3
267 268 3
268 269 3
214 273 3
216 273 3
216 274 3
217 274 3
217 276 3
220 279 3
222 279 3
280 281 2
225 284 3
286 287 3
287 288 3
288 289 0
239 240 3
185 242 3
260 261 3
269 270 3
283 284 3
242 243 3
191 308 3
257 258 3
274 276 3
220 278 3
282 283 0
284 285 3
243 244 3
250 308 3
264 265 3
273 274 3
276 277 3
278 279 3
277 278 3
245 246 3
279 280 0
271 273 3
244 245 3
180 296 3
243 301 3
244 301 3
256 315 3
257 315 3
264 322 3
237 296 3
265 322 3
266 324 3
267 324 3
258 260 3
260 319 3
261 319 3
232 291 3
244 303 3
273 330 3
175 291 3
245 303 3
248 306 3
191 306 3
260 316 0
271 330 3
274 333 3
276 333 3
236 294 3
258 316 3
262 320 3
277 335 3
278 335 3
285 344 3
286 344 3
235 294 3
246 304 3
263 320 3
279 337 3
304 305 2
305 306 0
260 318 3
267 325 3
269 327 3
270 327 3
270 329 3
271 329 3
273 331 3
278 337 3
280 337 1
239 296 3
240 297 3
241 300 3
242 300 3
243 300 3
245 304 3
254 312 3
255 312 3
316 318 1
265 324 3
324 325 3
270 328 3
274 331 3
276 334 3
278 336 3
239 297 3
240 298 3
241 298 3
256 314 3
261 320 3
263 321 3
268 325 3
328 329 3
277 334 3
335 336 3
336 337 3
283 341 1
286 345 1
287 345 1
232 290 3
241 299 3
300 301 3
250 309 3
251 309 3
252 310 3
253 311 3
255 313 3
314 315 3
264 321 3
330 331 3
280 338 3
281 338 2
284 341 1
288 346 1
289 347 1
290 291 3
234 292 3
237 294 3
296 297 3
309 310 3
310 311 3
311 312 3
312 313 3
313 314 3
327 328 3
329 330 3
274 332 3
333 334 3
282 341 3
345 346 3
346 347 3
237 295 3
297 298 3
299 300 3
303 304 3
318 319 3
320 321 3
331 332 3
332 333 3
334 335 3
281 339 3
284 342 1
235 292 3
295 296 3
258 315 3
322 324 3
338 339 2
282 339 3
285 342 1
344 345 1
175 292 3
319 320 3
268 327 3
337 338 0
282 398 3
341 342 3
294 295 3
315 316 3
321 378 3
321 322 3
298 299 3
315 374 3
320 378 3
341 398 3
301 303 3
308 309 3
325 327 3
342 344 0
316 374 3
306 308 3
319 378 3
175 349 3
324 381 3
291 349 3
292 349 3
292 351 3
235 351 3
294 351 3
327 385 3
328 385 3
322 381 3
329 387 3
330 387 3
339 398 3
303 362 3
304 362 3
309 367 3
318 378 3
325 384 3
334 392 3
342 401 3
344 401 1
344 402 1
308 365 3
316 376 1
327 384 3
345 402 3
301 359 3
318 376 3
335 392 3
347 405 3
297 355 3
298 355 3
301 360 3
303 360 3
306 365 3
376 378 3
330 388 3
336 394 3
337 395 3
346 405 3
304 363 2
305 363 3
310 368 3
310 369 3
311 369 3
328 386 3
329 386 3
331 388 3
335 393 3
336 393 3
337 394 3
338 395 1
401 402 3
306 364 3
376 377 3
377 378 3
322 379 3
322 380 3
331 390 3
332 390 3
345 405 3
290 348 3
296 354 3
296 355 3
298 357 3
299 357 3
300 358 3
301 358 3
305 364 0
364 365 3
308 367 3
309 368 3
313 371 3
314 372 3
321 379 3
380 381 3
325 383 3
388 389 3
331 389 3
333 391 3
334 391 3
393 394 3
394 395 3
341 399 3
341 400 3
342 400 3
345 403 3
291 348 3
292 350 3
294 352 3
295 352 3
295 411 3
354 355 3
300 357 3
362 363 2
368 369 3
312 370 3
312 371 3
371 372 3
315 372 3
324 383 3
398 399 3
399 400 3
403 405 3
349 350 3
350 351 3
351 352 3
352 411 3
358 359 3
359 360 3
308 366 3
366 367 3
383 384 3
389 390 3
295 354 3
367 368 3
370 371 3
378 379 3
332 391 3
338 397 2
339 397 3
400 401 3
402 403 3
360 362 3
312 369 3
395 454 3
338 454 3
397 398 3
357 358 3
363 364 0
363 421 3
365 366 3
369 370 3
315 373 3
373 374 3
386 387 3
387 388 3
390 391 3
392 393 3
348 349 3
355 356 3
298 356 3
364 421 1
384 385 3
379 380 3
356 357 3
360 419 3
372 373 3
362 420 3
356 414 3
362 419 3
381 383 3
385 386 3
363 420 2
405 462 3
378 436 3
403 462 3
405 463 3
377 436 3
379 436 3
359 418 3
360 418 3
357 414 3
384 442 3
349 406 3
354 411 3
348 406 3
351 409 3
357 415 3
371 429 3
372 430 3
373 430 3
373 432 3
374 432 3
403 461 3
358 415 3
362 477 3
365 423 3
370 429 3
386 444 3
402 461 3
349 408 3
350 408 3
350 409 3
420 477 3
366 423 3
366 424 3
367 425 3
368 426 3
370 428 3
377 435 3
385 444 3
392 451 3
393 451 3
394 452 3
397 454 3
352 409 3
355 413 3
419 477 3
364 422 3
367 424 3
368 425 3
369 426 3
369 428 3
373 431 3
435 436 3
383 442 3
389 448 3
390 448 3
391 448 3
393 452 3
395 452 3
395 453 3
399 457 3
400 457 3
400 459 3
401 459 3
402 459 3
402 460 3
354 413 3
413 414 3
414 415 3
421 422 0
365 422 3
423 424 3
428 429 3
429 430 3
376 435 3
442 500 3
385 442 3
452 453 3
453 454 3
398 457 3
459 460 3
460 461 3
415 474 3
418 419 3
425 426 3
387 444 3
391 449 3
451 452 3
358 474 1
430 431 3
387 445 3
388 447 3
389 447 3
448 449 3
397 455 3
461 462 3
424 425 3
369 427 3
427 428 3
431 432 3
408 409 3
420 421 2
426 427 3
422 423 3
334 449 3
398 455 3
462 463 3
432 433 2
374 433 2
316 433 1
376 433 0
381 555 1
383 555 1
444 445 3
358 475 3
359 475 3
376 492 0
383 498 3
392 449 3
433 492 3
380 555 1
498 555 3
383 499 3
385 443 3
443 444 3
454 455 3
409 411 3
474 475 3
379 495 3
380 496 1
498 499 3
442 499 3
447 448 3
398 514 3
457 459 3
354 470 3
413 470 3
418 475 3
435 492 3
379 496 1
496 555 3
442 443 3
455 514 3
457 514 3
411 470 3
495 496 1
433 491 3
436 495 3
461 519 3
432 491 2
462 519 3
409 466 1
409 467 1
411 467 1
497 555 3
392 508 3
406 465 1
349 465 1
408 465 1
408 466 1
466 467 3
411 469 1
497 498 3
387 447 3
449 508 3
451 508 3
463 521 3
465 466 3
467 469 3
462 521 3
414 472 3
425 484 3
426 484 3
469 470 0
418 477 3
424 482 3
425 482 3
427 484 3
448 506 3
451 509 3
452 509 3
454 512 3
428 487 3
429 487 3
444 502 3
459 517 3
406 464 1
413 472 3
422 480 3
430 488 3
435 493 1
435 495 3
435 494 1
499 500 2
443 502 3
447 506 3
452 510 3
453 511 3
454 511 3
460 517 3
462 520 3
415 473 3
473 474 3
421 480 0
487 488 3
493 494 3
494 495 0
509 510 3
510 511 3
455 512 3
460 519 3
519 520 3
464 465 3
423 480 3
423 482 3
445 502 3
508 509 3
460 518 3
413 471 1
414 473 3
431 488 3
449 506 3
511 512 3
459 516 3
517 518 3
520 521 3
492 493 1
457 516 3
516 517 3
518 519 3
470 471 1
431 489 3
443 500 2
449 565 3
471 472 0
472 473 3
480 482 3
482 484 3
427 486 3
428 486 3
506 565 3
508 565 3
477 478 1
420 478 1
486 487 3
432 489 3
445 447 3
475 477 3
475 534 3
477 534 3
421 478 1
488 489 3
445 562 3
480 539 3
514 516 3
472 530 1
480 538 1
482 539 3
469 527 2
470 528 1
471 530 3
421 536 1
484 541 3
484 486 3
491 492 3
495 552 3
499 558 1
447 562 1
467 527 3
469 528 2
480 536 1
482 541 3
506 562 1
471 528 3
478 536 3
536 538 3
492 550 3
500 558 1
500 559 2
443 559 3
502 559 3
502 560 3
445 560 1
514 572 3
493 550 0
560 562 3
506 563 1
512 571 3
455 571 3
514 571 3
465 523 3
432 548 2
495 553 3
499 557 1
559 560 3
562 563 3
571 572 3
516 572 3
473 532 2
474 532 3
538 539 0
489 548 3
491 549 3
494 552 3
552 553 3
496 553 3
498 557 1
557 558 3
512 570 3
466 523 3
471 529 3
482 540 3
492 549 2
558 559 3
561 562 3
511 570 3
464 523 3
540 541 3
484 542 3
491 548 2
560 561 3
529 530 3
473 531 3
486 542 3
493 551 3
506 622 1
520 579 3
521 579 3
477 535 1
477 536 1
536 537 3
488 546 2
563 622 3
565 566 3
508 566 3
464 522 3
466 525 3
467 525 3
527 528 3
472 531 1
531 532 3
487 546 2
488 547 3
489 547 3
550 551 2
494 551 3
556 557 3
509 567 3
510 568 3
511 569 3
516 574 3
518 578 3
522 523 3
528 529 3
535 536 3
549 550 2
498 556 1
561 619 3
566 567 3
567 568 3
568 569 3
570 571 3
572 574 3
517 574 3
519 578 3
523 525 3
525 527 3
530 531 3
537 538 3
541 542 3
548 549 3
569 570 3
520 578 3
486 543 3
486 544 3
546 547 3
547 548 3
551 552 3
560 619 3
539 540 3
542 543 3
487 544 3
496 554 3
565 622 1
578 579 3
487 545 2
554 555 3
555 556 3
517 575 1
518 575 1
525 582 3
543 544 3
545 546 3
553 554 3
523 582 3
475 532 3
534 535 3
544 545 3
574 575 1
575 578 0
525 583 3
582 583 3
538 596 3
539 596 1
539 598 2
475 592 3
534 592 3
540 598 2
575 635 3
578 635 1
572 631 1
574 631 1
574 632 1
575 632 0
578 636 1
525 526 3
571 630 1
572 630 1
635 636 3
526 527 3
475 591 3
535 592 3
630 631 3
528 585 3
591 592 3
535 593 3
552 610 3
631 632 3
527 585 3
532 591 3
592 593 3
571 629 1
634 635 3
578 637 1
579 637 1
541 599 2
542 599 2
551 610 3
618 619 3
575 634 3
542 600 2
560 618 3
528 586 3
543 600 3
544 602 3
554 612 3
555 613 3
556 613 3
557 614 3
557 616 3
558 616 3
563 621 3
636 637 3
585 586 3
540 599 2
599 600 3
543 602 3
547 605 3
548 605 3
549 607 3
553 611 3
554 611 3
555 612 3
556 614 3
562 621 3
629 630 3
537 595 3
546 604 3
546 605 3
548 607 3
553 610 3
559 616 3
559 617 3
569 627 3
570 627 3
522 580 3
523 581 3
527 584 3
530 589 3
531 589 3
532 589 3
536 595 3
538 595 3
598 599 3
543 601 3
545 603 3
548 606 3
551 609 3
560 617 3
565 623 3
566 623 3
566 624 3
567 625 3
568 626 3
523 580 3
526 583 3
526 584 3
530 588 3
600 601 3
601 602 3
544 603 3
546 603 3
605 606 3
550 608 3
551 608 3
609 610 3
610 611 3
621 622 3
623 624 3
624 625 3
625 626 3
569 626 3
580 581 3
581 582 3
529 586 3
603 604 3
606 607 3
550 607 2
608 609 3
612 613 3
616 617 3
584 585 3
588 589 3
536 594 3
594 595 3
595 596 3
596 598 0
617 618 3
589 591 3
607 608 2
529 587 3
589 590 3
535 594 3
602 603 3
604 605 3
613 614 3
626 627 3
570 629 1
586 587 3
590 591 3
622 623 0
627 629 1
593 594 3
611 612 3
557 673 3
561 678 3
561 621 3
629 686 3
632 633 3
575 633 0
633 634 1
583 584 3
614 673 3
616 673 3
621 678 3
627 686 1
587 588 3
622 680 3
623 680 1
596 655 2
598 655 3
635 694 3
582 640 3
627 685 1
636 694 3
616 674 3
581 640 3
588 646 3
673 674 3
685 686 3
632 690 3
588 647 3
589 647 3
593 651 3
596 654 3
605 663 3
631 690 3
633 690 3
635 693 3
583 640 3
585 643 3
587 646 3
594 651 3
599 655 3
603 661 3
604 662 3
606 663 3
607 666 3
608 666 2
618 677 3
619 677 3
634 693 3
693 694 3
636 695 3
637 695 3
586 643 3
590 647 3
661 662 3
617 674 3
625 683 3
626 683 3
633 691 3
583 641 3
584 642 3
587 645 3
594 652 3
654 655 3
601 659 3
612 670 3
619 678 3
626 684 1
634 691 0
580 638 3
581 639 3
584 643 3
586 644 3
646 647 3
590 648 3
592 650 3
593 650 3
651 652 3
595 652 3
595 653 3
599 657 3
600 658 3
601 658 3
602 659 3
602 660 3
602 661 3
606 664 3
606 665 3
607 665 3
608 667 3
609 667 2
610 668 3
610 669 3
611 669 3
613 670 3
613 671 3
624 682 3
627 684 1
630 688 3
631 689 3
691 693 1
638 639 3
639 640 3
583 642 3
644 645 3
591 648 3
591 649 3
652 653 3
596 653 3
657 658 3
609 668 3
612 669 3
617 675 3
623 682 3
682 683 3
629 688 3
631 688 3
689 690 3
640 641 3
643 644 3
648 649 3
655 657 3
659 660 3
605 662 3
666 667 3
674 675 3
618 675 3
642 643 3
592 649 3
658 659 3
660 661 3
662 663 3
663 664 3
664 665 3
665 666 3
667 668 3
669 670 3
677 678 3
621 679 3
622 679 3
684 685 3
653 654 3
614 671 3
679 680 3
690 691 3
650 651 3
668 669 3
683 684 1
641 642 3
670 671 3
614 730 3
688 689 3
649 650 3
671 730 3
680 682 0
694 695 3
647 648 3
655 714 3
673 730 3
678 679 3
629 745 3
688 745 3
618 734 3
677 734 3
645 646 3
657 714 3
673 731 3
730 731 3
686 745 3
691 749 3
675 734 3
678 737 3
691 750 3
668 726 2
679 737 3
693 750 3
654 713 2
655 713 3
647 706 2
648 706 2
652 710 2
667 726 3
669 726 2
670 728 2
674 731 3
683 741 1
695 753 3
643 701 3
646 705 3
647 705 3
649 708 3
650 708 3
653 710 2
662 720 3
678 736 3
694 753 3
641 699 3
642 699 3
642 700 3
643 700 3
644 701 3
650 709 3
651 709 2
713 714 3
661 720 3
666 724 3
669 728 2
675 733 3
736 737 3
684 741 2
693 751 3
694 751 3
640 698 3
641 698 3
644 702 3
644 703 3
645 703 3
652 709 2
653 711 2
657 715 3
659 717 3
659 718 3
660 718 3
667 724 3
667 725 3
726 727 3
669 727 2
671 729 3
674 733 3
684 800 3
690 748 3
638 696 3
639 697 3
646 703 3
705 706 3
649 706 3
649 707 3
653 712 2
654 712 2
714 715 3
657 716 3
658 716 3
717 718 3
661 719 3
662 721 3
663 721 3
664 722 3
665 723 3
725 726 3
727 728 3
674 732 3
677 735 3
680 738 1
680 739 1
682 740 1
741 800 3
689 747 3
689 748 3
691 748 3
694 752 3
696 697 3
640 697 3
699 700 3
701 702 3
706 707 3
709 710 3
710 711 3
711 712 3
659 716 3
718 719 3
719 720 3
720 721 3
721 722 3
722 723 3
723 724 3
728 729 3
729 730 3
731 732 3
734 735 3
678 735 3
682 739 1
740 741 1
688 747 3
752 753 3
698 699 3
700 701 3
702 703 3
703 705 3
707 708 3
712 713 3
715 716 3
724 725 3
679 738 1
748 749 3
751 752 3
708 709 3
716 717 3
732 733 3
738 739 3
739 740 3
747 748 3
697 698 3
733 734 3
750 751 3
684 743 3
685 743 3
703 762 3
705 762 3
686 743 3
749 750 3
743 745 3
698 756 3
730 788 2
729 787 2
743 800 3
743 803 3
745 803 1
728 787 3
740 798 2
745 804 1
697 756 3
732 791 3
733 791 3
737 738 1
739 798 3
799 800 3
743 802 3
803 804 3
688 804 3
700 758 3
730 787 2
737 795 3
738 795 0
741 799 3
802 803 3
699 757 3
701 760 2
702 760 3
703 761 3
727 786 3
728 786 3
787 788 3
738 797 3
747 804 3
747 805 3
702 761 3
708 766 3
710 769 3
713 771 3
714 771 3
714 773 3
715 773 3
717 775 3
721 779 3
725 783 3
739 797 3
804 805 3
698 757 3
701 759 2
707 766 3
709 766 3
711 769 3
712 770 3
716 775 3
718 776 3
719 776 3
719 778 3
720 778 3
720 779 3
722 781 3
723 781 3
726 783 3
731 788 2
735 736 3
736 794 3
736 795 3
740 799 2
752 811 3
753 811 3
696 754 3
697 755 3
756 757 3
761 762 3
706 765 3
707 765 3
709 767 3
713 770 3
714 772 3
716 774 3
719 777 3
722 780 3
724 782 3
724 783 3
726 784 3
727 785 3
786 787 3
734 792 3
735 793 3
797 798 3
748 805 3
754 755 3
755 756 3
760 761 3
705 763 3
766 767 3
769 770 3
770 771 3
771 772 3
772 773 3
773 774 3
774 775 3
775 776 3
777 778 3
778 779 3
779 780 3
780 781 3
781 782 3
783 784 3
784 785 3
785 786 3
731 789 2
732 789 2
734 791 3
792 793 3
735 794 3
794 795 3
757 758 3
701 758 3
759 760 3
765 766 3
709 768 3
710 768 3
776 777 3
788 789 3
791 792 3
749 864 2
749 808 2
758 759 3
762 763 3
705 765 3
768 769 3
732 790 2
790 791 3
793 794 3
798 799 3
808 864 3
807 808 3
752 810 3
763 765 3
782 783 3
748 864 3
807 864 3
750 808 3
810 811 3
767 768 3
789 790 3
805 864 3
751 808 3
751 810 3
795 797 1
800 802 3
757 815 3
808 810 3
758 815 3
763 823 3
765 823 3
788 847 3
789 847 3
802 859 3
810 868 3
795 854 1
797 854 2
800 859 3
802 860 3
803 860 3
808 868 2
758 816 3
768 826 3
771 829 3
772 829 3
775 833 3
776 833 3
790 847 3
804 862 3
815 816 3
761 819 3
769 826 3
770 829 3
780 838 3
782 840 3
788 846 3
794 853 2
795 853 2
803 862 3
808 867 2
756 814 3
757 814 3
762 820 3
763 821 3
767 826 3
769 827 3
770 827 3
781 838 3
781 840 3
783 840 3
787 846 3
791 848 2
853 854 2
798 857 3
799 857 3
800 858 3
808 866 3
867 868 3
761 820 3
762 821 3
822 823 3
774 832 3
776 834 3
776 835 3
777 835 3
790 848 3
793 852 2
794 852 2
797 855 3
799 858 3
804 863 3
805 863 3
807 866 3
754 812 3
755 813 3
755 814 3
814 815 3
759 816 3
820 821 3
763 822 3
770 828 3
828 829 3
772 830 3
773 831 3
773 832 3
775 832 3
778 836 3
779 837 3
781 839 3
783 841 3
784 842 3
785 843 3
786 844 3
787 845 3
846 847 3
791 850 2
792 850 2
792 851 2
793 851 2
852 853 3
798 855 3
798 856 3
858 859 3
807 865 3
811 869 2
812 813 3
813 814 3
760 819 3
767 825 3
827 828 3
772 831 3
831 832 3
832 833 3
834 835 3
835 836 3
836 837 3
837 838 3
838 839 3
840 841 3
841 842 3
842 843 3
843 844 3
844 845 3
847 848 3
791 849 2
850 851 3
851 852 3
855 856 3
862 863 3
864 865 3
866 867 3
810 869 2
825 826 3
826 827 3
829 830 3
830 831 3
845 846 3
848 849 3
849 850 3
856 857 3
765 825 3
766 825 3
833 834 3
859 860 3
860 862 3
863 864 3
759 817 3
819 820 3
839 840 3
868 869 3
817 819 3
760 817 3
821 822 3
823 825 3
857 858 3
862 919 3
865 866 3
816 817 3
854 855 2
860 919 3
825 882 3
823 882 3
859 918 3
860 918 3
866 923 3
858 916 3
865 923 3
863 922 3
864 922 3
828 886 3
859 917 3
815 874 1
816 874 3
827 886 3
855 913 3
857 915 3
858 915 3
858 917 3
823 881 3
832 890 3
834 892 3
846 904 3
847 906 3
848 906 3
849 907 3
854 913 2
917 918 3
865 922 3
866 924 3
813 872 1
814 872 1
815 872 1
817 874 3
822 881 3
881 882 3
826 884 3
827 884 3
830 889 3
831 889 3
831 890 3
832 891 3
833 891 3
833 892 3
835 892 3
836 894 3
837 895 3
841 900 3
842 900 3
847 904 3
848 907 3
850 907 3
923 924 3
867 925 3
812 870 1
813 871 1
815 873 1
819 876 3
820 878 3
821 879 3
822 880 3
825 884 3
827 885 3
829 887 3
829 888 3
830 888 3
835 893 3
894 895 3
838 895 3
838 896 3
839 897 3
840 898 3
841 899 3
843 901 3
844 902 3
845 903 3
850 908 3
851 909 3
852 910 3
853 910 3
853 911 3
853 912 3
854 912 2
856 914 3
857 914 3
915 916 3
919 920 3
862 920 3
868 925 3
868 926 3
869 926 3
869 927 3
870 871 3
871 872 3
872 873 3
873 874 3
817 876 3
819 877 3
819 878 3
878 879 3
879 880 3
880 881 3
825 883 3
885 886 3
886 887 3
887 888 3
890 891 3
892 893 3
893 894 3
895 896 3
896 897 3
897 898 3
898 899 3
900 901 3
901 902 3
902 903 3
903 904 3
847 905 3
906 907 3
907 908 3
850 909 3
909 910 3
911 912 3
912 913 3
913 914 3
916 917 3
918 919 3
866 925 3
877 878 3
883 884 3
884 885 3
888 889 3
889 890 3
891 892 3
899 900 3
904 905 3
905 906 3
910 911 3
926 927 3
908 909 3
914 915 3
863 920 3
817 875 3
876 877 3
922 923 3
924 925 3
925 926 3
874 875 3
882 883 3
875 876 3
920 922 3
922 980 3
922 979 3
925 983 3
912 970 3
919 977 3
920 977 3
926 983 3
882 940 3
883 940 3
913 970 2
920 979 3
892 950 3
896 954 3
924 983 3
926 985 3
927 985 3
879 937 3
881 939 3
888 946 3
889 946 3
893 950 3
895 954 3
898 956 3
899 956 3
872 930 3
878 936 3
878 937 3
880 937 3
882 939 3
885 944 3
886 944 3
887 945 3
897 955 3
901 959 3
902 959 3
906 964 3
907 964 3
914 973 3
915 973 3
916 974 3
917 974 3
918 976 3
870 928 3
871 929 3
873 930 3
873 931 3
874 932 3
875 933 3
875 934 3
876 934 3
876 935 3
877 935 3
877 936 3
880 938 3
881 938 3
883 941 3
884 942 3
885 943 3
888 945 3
889 948 3
890 948 3
891 949 3
894 952 3
895 953 3
899 957 3
900 958 3
902 960 3
903 961 3
904 962 3
904 963 3
905 963 3
907 965 3
908 966 3
909 967 3
910 968 3
911 969 3
911 970 3
913 971 2
916 973 3
917 975 3
917 976 3
918 977 3
923 982 3
924 982 3
928 929 3
929 930 3
931 932 3
932 933 3
936 937 3
941 942 3
885 942 3
943 944 3
886 945 3
889 947 3
948 949 3
949 950 3
893 951 3
893 952 3
952 953 3
954 955 3
955 956 3
956 957 3
957 958 3
958 959 3
959 960 3
960 961 3
961 962 3
962 963 3
963 964 3
964 965 3
965 966 3
966 967 3
967 968 3
968 969 3
970 971 3
975 976 3
976 977 3
930 931 3
933 934 3
935 936 3
939 940 3
940 941 3
945 946 3
947 948 3
951 952 3
969 970 3
923 980 3
923 981 3
982 983 3
937 938 3
938 939 3
942 943 3
946 947 3
950 951 3
953 954 3
914 971 2
979 980 3
944 945 3
973 974 3
974 975 3
980 981 3
981 982 3
934 935 3
920 1036 3
979 1036 3
971 973 2
977 1036 3
973 1030 2
971 1030 3
979 1037 3
1036 1037 3
976 1034 3
977 1034 3
977 1035 3
959 1017 3
950 1008 3
958 1017 3
965 1023 3
1034 1035 3
932 990 3
933 990 3
951 1008 3
952 1010 3
964 1023 3
970 1028 3
975 1034 3
980 1039 3
981 1039 3
982 1041 3
983 1041 3
985 1042 1
934 993 3
935 993 3
937 995 3
941 999 3
943 1001 3
953 1010 3
962 1020 3
969 1027 3
969 1028 3
973 1031 3
934 992 3
936 995 3
938 995 3
939 997 3
940 999 3
942 999 3
944 1001 3
945 1003 3
951 1009 3
956 1014 3
966 1023 3
966 1024 3
967 1024 3
967 1025 3
968 1025 3
968 1026 3
968 1027 3
1030 1031 3
974 1031 3
974 1032 3
975 1033 3
1035 1036 3
980 1038 3
926 1042 3
928 986 3
929 987 3
930 988 0
931 989 3
933 991 3
933 992 3
992 993 3
936 994 3
938 996 3
938 997 3
940 998 3
942 1001 3
944 1002 3
946 1003 3
946 1004 3
947 1005 3
948 1006 3
949 1007 3
953 1011 3
954 1012 3
955 1013 3
955 1014 3
957 1014 3
957 1015 3
958 1016 3
960 1017 3
960 1018 3
961 1019 3
963 1020 3
963 1021 3
963 1022 3
964 1022 3
1022 1023 3
1025 1026 3
971 1029 3
974 1033 3
1033 1034 3
979 1038 3
1038 1039 3
981 1040 3
982 1040 3
926 1041 3
985 1043 1
986 987 3
987 988 0
988 989 2
990 991 3
991 992 3
993 994 3
994 995 3
997 998 3
1001 1002 3
945 1002 3
1003 1004 3
947 1004 3
1005 1006 3
1006 1007 3
950 1007 3
951 1010 3
1011 1012 3
1012 1013 3
1013 1014 3
1014 1015 3
1015 1016 3
1016 1017 3
1018 1019 3
1019 1020 3
1024 1025 3
1028 1029 3
1029 1030 3
1031 1032 3
1039 1040 3
1040 1041 3
1041 1042 3
996 997 3
998 999 3
1007 1008 3
1008 1009 3
1009 1010 3
1010 1011 3
1017 1018 3
1042 1043 3
989 990 3
995 996 3
1004 1005 3
1021 1022 3
1023 1024 3
1027 1028 3
1037 1038 3
1002 1003 3
1020 1021 3
1032 1033 3
999 1001 3
1026 1027 3
