0.569337 -0.00970483 8.09582
0.0059402 0.00208672 20.1123
-0.0149622 -0.0123055 21.2724
-0.0223918 -0.00992356 21.8305
-0.0324675 -0.00680404 22.5573
-0.0436728 0.0104734 23.2943
-0.0347783 0.016193 22.0412
-0.0278489 0.00911113 21.1397
-0.0272964 0.00942857 20.9427
-0.0207961 0.00671046 20.0025
-0.0311694 -0.00227149 22.2844
-0.0338449 0.00202647 22.9061
-0.0286318 -0.0108767 21.6454
-0.0218282 -0.0198407 19.8547
-0.0306145 -0.0022111 22.0914
-0.0334366 -0.00245997 23.2121
-0.0248341 1.69559e-05 20.1406
-0.0283935 -0.00401718 21.5588
-0.0297194 0.0031134 21.9258
-0.0312072 -0.00679539 22.4855
-0.0142431 -0.00652747 15.0416
0.0177738 -0.0124549 0.89091
0.00973535 -0.00841388 4.64132
0.0049419 -0.00668566 6.85377
-0.000891372 0.00954298 9.84612
-0.00306354 0.00674595 10.9975
-0.00377146 0.00757218 11.4676
-0.00868683 0.0135685 14.284
-0.0236002 0.00484008 23.5177
-0.062434 0.011364 47.7448
-4.01755e-05 0.00882985 7.82575
-0.0514674 -0.034427 40.5735
-0.0137376 -0.00645903 14.1771
0.0203416 0.00163046 -9.86606
0.0474633 -0.0181338 -28.5823
0.0438651 -0.0193758 -26.236
0.0790301 0.00850759 -54.2841
0.147498 -0.00162401 -108.668
0.17472 -0.00980196 -130.96
0.126765 0.0121906 -90.9188
0.102357 -0.00200718 -69.3698
0.0774485 -0.00660145 -47.4821
0.0733868 0.00109007 -43.9294
0.0591378 -0.00624878 -30.5821
0.028968 -0.0408009 -1.39543
0.00533987 -0.00186818 20.5242
0.0351057 -0.0266044 -8.05126
0.0503607 -0.0107586 -23.3516
0.0437934 -0.00534091 -16.5269
0.0535402 -0.0362216 -26.4055
0.0688628 -0.0365894 -42.838
0.0828564 -0.0295538 -58.3174
0.0653283 -0.0345236 -38.444
0.066226 -0.00214714 -39.8713
0.0208418 0.0171347 12.5837
0.0636404 0.0318031 -38.9797
0.0756064 0.0525096 -54.1078
0.0603757 0.0655801 -35.6203
0.562837 -0.0112403 8.16344
0.0166321 -0.0104479 19.978
-0.0143528 -0.00610869 21.2124
-0.0263962 -0.0105569 22.1791
-0.0364023 -0.00306273 22.7201
-0.0529785 0.00499845 24.192
-0.0396381 0.00218756 22.8318
-0.0318471 0.000649675 21.82
-0.0241697 0.00355134 20.631
-0.0270067 -0.00565917 21.7103
-0.0313784 0.00227263 22.2872
-0.039667 0.00279872 24.3154
-0.0428316 3.6511e-05 25.3495
-0.0293689 -0.00117848 21.705
-0.0300623 -2.77262e-05 21.8493
-0.0241347 -0.00168951 20.0515
-0.023942 -0.00106307 19.8548
-0.0282337 0.00197309 21.4435
-0.0342998 -0.00051187 23.758
-0.0334971 0.000861871 23.2692
-0.0151973 -0.00222194 15.3824
0.00701573 -0.0233158 6.08471
0.0204983 -0.00489555 -0.71684
0.0142065 0.00480324 2.13235
-0.000201562 0.00722302 9.55328
-0.00368667 0.00345599 11.4891
7.87706e-05 -0.00460858 9.60674
-0.00839754 -0.00385837 14.5628
-0.0250856 0.00319076 24.4703
-0.0490482 0.0178097 39.1366
-0.0824335 0.0375614 59.279
-0.0471908 0.0263181 36.0913
-0.0149661 -0.00675206 15.1039
0.0440646 -0.00788525 -26.3471
0.0446429 -0.00857076 -26.2052
0.0581929 -0.00213326 -37.6
0.0203352 0.0200465 -9.17098
0.122911 -0.000415485 -89.0382
0.161135 0.00625386 -119.931
0.122281 0.0106904 -87.2161
0.0838662 0.00463217 -53.3896
0.0655181 -0.0101645 -36.5871
0.074852 -0.0125359 -44.9323
0.0551503 -0.00288962 -26.8397
0.0184901 -0.00421416 8.21374
0.0283635 -0.0134209 -1.59572
0.046788 -0.000752043 -20.0537
0.0335284 0.000409894 -6.10065
0.0488784 0.00215658 -22.3606
0.044504 -0.019163 -17.1527
0.0549243 -0.0244452 -27.7117
0.0707414 -0.0324858 -44.9439
0.084949 -0.0157599 -60.9355
0.0532038 4.60448e-05 -24.9036
0.0247726 0.0220222 7.88741
0.0694567 0.0181418 -45.2907
0.0690704 -0.00194859 -43.8969
0.0682411 -0.076618 -40.519
0.00519329 0.00865094 19.1287
0.0151957 -0.00426635 19.7151
-0.016632 -0.0135135 21.6949
-0.0198682 -0.0144378 21.8084
-0.0275187 -0.00942909 22.0496
-0.0413428 0.00432763 22.943
-0.0367322 0.00113307 22.7166
-0.0145485 0.00874219 18.8611
-0.026429 -0.0035309 21.5141
-0.0246976 -0.0029209 21.1298
-0.0292705 -0.00345068 22.0833
-0.0345535 -0.00466578 23.4403
-0.0400589 -0.00172626 24.8544
-0.0339086 -0.00402948 23.314
-0.0311977 -0.00250957 22.3102
-0.027127 0.00184162 20.7983
-0.0189846 0.00261581 17.8891
-0.0256784 0.000731325 20.4588
-0.0315944 0.00742606 22.3076
-0.0357112 0.00624359 24.0282
-0.0261273 0.00973225 19.61
0.010272 -0.00943651 4.11537
0.0314675 -0.00964165 -5.74172
0.0174196 -0.00178508 0.955476
-0.00799107 -0.00645163 14.2585
-0.00446355 -0.00359383 12.1988
-0.021017 -0.00538169 21.5487
-0.00604065 -0.00399882 13.1339
-0.0148591 -0.00474144 18.5661
-0.0423378 0.00135871 35.568
-0.0628012 0.0235641 47.6751
-0.0653264 0.0254424 48.4355
-0.0191667 -0.00270244 18.0483
0.0247921 -0.0302026 -11.15
0.05111 -0.0327366 -29.7665
0.0652774 -0.0260757 -41.6152
0.0951965 -0.0428187 -64.3726
0.113353 -0.0270011 -79.9509
0 0 -1
0.104024 0.033492 -72.1702
0.0655139 -0.0086596 -36.6129
0 0 -1
0.0611392 -0.0331297 -31.779
0.0798492 -0.0168121 -49.2892
0.0385185 -0.0146053 -10.2528
0.0298421 -0.0242264 -2.31331
0.0468726 0.00140606 -20.3828
0.048472 -0.00702553 -21.4678
0.0418691 -0.00363124 -14.5792
0.0284619 -0.00645145 -0.417669
0.0504271 -0.0297653 -22.698
0.0708256 -0.019736 -46.0266
0.121839 -0.0170408 -102.931
0.0537539 -0.00499692 -25.4076
0.0369734 -0.00735709 -5.63645
0.0425606 -0.0374444 -10.896
0.0454273 -0.0593223 -13.6418
0.0202184 -0.0551387 16.8905
0.00425229 0.00397463 19.5745
-0.00523623 -0.00237174 20.4092
-0.0124645 0.000244235 20.3653
-0.0145725 -0.00591775 20.851
-0.0292193 0.000521902 21.5041
-0.0362384 -0.00614715 22.937
-0.0334488 -0.00398479 22.4305
-0.0203954 -0.00247279 20.2769
-0.0316687 -0.00348419 22.4487
-0.0206137 -0.00699536 20.4641
-0.030882 0.00306921 21.9492
-0.0186031 -0.00346032 19.3472
-0.0356939 0.000544252 23.6106
-0.0386873 0.00561249 24.1688
-0.0283059 0.00567704 20.9213
-0.0338917 -0.00306476 23.4709
-0.0252863 -0.00034909 20.3027
-0.0244594 -0.00161032 20.1624
-0.0381964 -0.00323234 25.6802
-0.0277748 0.00283451 20.8173
-0.0226246 -0.00129004 18.904
0.00590745 -0.00949319 6.31627
0.0387107 -0.00572389 -9.39748
0.0171578 -0.00954382 1.62099
0.000788295 -0.00143534 9.24317
-0.00283182 -0.00177622 11.203
-0.019246 -0.02015 21.9006
-0.0116362 -0.0332632 18.7189
-0.0137723 -0.0349463 20.0545
-0.0414544 -0.0149931 36.0015
-0.0529044 -0.00105072 42.558
-0.0741109 0.00998417 55.2975
-0.043198 -0.0230071 36.4915
0.0267635 -0.0579297 -10.3114
0.0309752 -0.0437845 -14.5677
0.0598357 -0.0412447 -36.3435
0.0926513 -0.029997 -62.8758
-0.031803 0.00323971 47.1539
-0.0711607 -0.00745894 79.1225
0.04167 -0.0172206 -15.3715
0.060137 -0.0284919 -30.5354
0.0430863 -0.0337664 -15.2958
0.0634335 -0.0296368 -34.1167
0.087896 -0.0337906 -55.8888
0.00328177 0.00578286 42.2001
0.000942434 0.0044139 44.6569
0.053863 -0.016288 -26.2661
0.0551091 -0.0197477 -27.2352
0.0459081 -0.0109213 -18.3558
0.0177404 -0.0113808 11.2045
0.0486461 -0.0258966 -21.2817
0.0667994 -0.0212169 -41.3676
0.121746 -0.0135229 -102.804
0.0571441 -0.00858494 -28.9364
0.0233672 -0.00571361 10.2427
0.0123095 -0.00676257 23.0842
0.0372171 -0.0131708 -6.33584
0.0386605 -0.00435304 -9.05153
0.00354811 -0.00450409 20.3153
-0.00288302 -0.00134594 20.275
-0.00938642 0.00339981 20.0086
-0.0284391 0.0173801 20.0015
-0.0425601 0.0125764 21.7485
-0.0293576 -0.00030685 21.5375
-0.0294581 -0.000130084 21.5041
-0.0247406 -0.00319068 21.0992
-0.02419 -0.00332118 20.8572
-0.0123382 0.00285675 17.9137
-0.0274854 0.000512447 21.5417
-0.0367036 0.00518651 23.2343
-0.0359903 -0.00320622 23.7909
-0.0266734 -0.00655227 21.7117
-0.0419265 0.0145976 24.1705
-0.0288208 0.0104563 20.376
-0.0232697 0.0160157 18.1334
-0.0160965 0.00981653 15.8242
-0.031981 0.0153517 21.4846
-0.0413716 0.0189697 24.8811
-0.0241769 -0.00436434 19.756
-0.00181629 -0.0192843 10.8307
0.0203965 -0.038608 2.59189
0.0195285 -0.0369573 2.9251
-0.00300107 -0.0193734 12.9461
-0.0168214 -0.0326731 21.6536
-0.0374301 -0.0489603 34.787
-0.0274825 -0.0675257 30.5709
-0.00702663 -0.0758808 18.8459
-0.0145206 -0.074983 23.7827
-0.0230476 -0.0516556 27.2785
-0.0495972 -0.0256103 41.3831
-0.046967 -0.0136407 38.1913
-0.00916212 -0.0351039 13.5237
0.0248446 -0.0426762 -10.1855
0 0 -1
0.120203 -0.0209271 -84.9066
-0.0101825 0.00578904 29.361
0.0204879 -0.0741507 7.03278
0.0570357 -0.0264352 -28.8489
0.0707586 -0.0245439 -40.0151
0.0472653 -0.0167259 -20.3093
0.0592548 0.00163591 -33.3079
0.0820254 -0.0124121 -53.1268
0.00488862 0.00575401 40.6503
0.00287164 0.00331344 42.863
-0.00485276 0.0151248 49.4781
0.0416438 -0.0232702 -13.0231
0.0474293 -0.00908252 -20.0813
0.0191786 -0.00620794 9.29856
0.0475017 -0.0177623 -20.5478
0.0974075 -0.00757146 -76.9612
0.143936 -0.0119194 -128.043
0.0997141 -0.0120169 -77.6405
0.0285009 -0.00409555 3.92814
0.00975402 0.00468208 24.8545
0.0258847 -0.00485617 6.36567
0.0384717 0.0140167 -10.5586
0.00721202 -0.010737 20.8721
0.00789121 -0.00939825 20.7984
-0.00747194 0.00285917 19.9754
-0.0344376 0.00447517 21.6848
-0.0339476 -0.00320623 22.5527
-0.0343331 0.000533056 22.188
-0.0340949 0.00315183 21.7932
-0.0274696 0.00138539 21.0462
-0.0300235 0.00983115 20.4511
-0.01301 -0.00195151 18.5312
-0.0250468 0.00946596 20.0174
-0.026918 -0.00621158 21.9584
-0.0300867 0.00124991 21.6581
-0.0173573 0.00823401 17.3145
-0.025561 0.0246069 17.8217
-0.0101023 0.0544334 9.22554
-0.0144772 0.0518424 10.7238
-0.0422859 0.0307149 23.694
-0.0423257 0.0441028 22.1188
-0.0305445 0.0464518 17.118
-0.0548932 0.0394227 28.5301
-0.026694 0.00742182 19.5428
0.00387523 0.00565922 4.70356
0.0299997 0.0455386 -12.9599
0.0117733 -0.0139815 4.06934
-0.0282635 -0.0338653 28.0033
-0.0537247 -0.0302083 41.7997
-0.0485823 -0.0432583 39.9353
-0.0143935 -0.0592348 21.2783
-0.0211943 -0.0784572 27.9914
-0.0214699 -0.0445397 24.358
-0.0267309 -0.0326836 26.5304
-0.0451981 -0.03073 38.9634
0.00513523 -0.0331561 2.92783
0.0401789 -0.0377579 -22.4525
0.0888066 -0.0414863 -58.2881
0.109211 -0.0234272 -75.555
0.0365589 0.0110371 -9.24138
0.097489 -0.0272594 -62.7944
0.0692848 -0.0150395 -40.7193
0.0729974 -0.0212433 -42.6447
0.0747468 -0.0148885 -44.9825
0.0770672 0.0078271 -50.0121
0.0695028 0.00216695 -42.7034
0.00162872 0.00633038 43.767
0.0026244 0.00277983 43.0684
0.00534642 0.00318778 40.4213
0.0243716 -0.0128563 3.83478
0.0563046 -0.00624076 -29.4481
0.0186156 0.00107523 9.19273
0.0487163 -0.0064974 -22.9839
0.112941 -0.00114144 -95.1082
0.131794 -0.0058417 -115.328
0.0699191 -0.00290481 -44.2791
0.0400745 -0.000539022 -10.115
0.00909069 -0.0025657 26.5384
0.0241498 -0.00874984 9.53281
0.027874 -0.0145118 5.72471
0.00917961 -0.00429603 19.9535
0.00538866 -0.00127309 19.7746
0.000181553 -0.00292639 20.3709
-0.0303847 0.00941258 20.7965
-0.0405927 0.0102105 21.2619
-0.0263828 -0.000332837 21.5189
-0.0393667 0.0078895 21.9269
-0.0248722 0.00563761 20.0258
-0.0294335 0.0103744 20.2955
-0.0208298 0.00392279 19.3389
-0.00833456 0.00340789 16.9973
-0.024442 0.0242268 17.5455
-0.0289133 0.00741714 20.6241
0.00942005 0.0299883 6.64005
0.00529877 0.0559778 4.34758
-0.00258251 0.0560434 7.29874
-0.030831 0.067371 15.4767
-0.0393681 0.0771671 17.2647
-0.0340659 0.0684796 16.5744
-0.0335317 0.0722582 15.7637
-0.0824986 0.025106 43.4686
-0.0335881 0.0141546 21.9481
0.0219954 0.0202506 -5.55972
0.020725 0.0357821 -5.90159
0.0129771 0.0280213 -1.21963
-0.0404173 0.00503095 29.7936
-0.0559962 -0.0204706 41.7786
-0.0485549 -0.0279624 38.4265
-0.0283733 -0.0367354 27.2126
-0.0103948 -0.0513636 17.8545
-0.0210613 -0.0493244 24.3142
-0.0274818 -0.0463759 28.5137
-0.0264395 -0.0276003 25.0031
0.00575705 -0.0108173 -1.07057
0.0705328 -0.0378355 -45.2171
0.101185 0.00224487 -73.7777
0.117543 -0.0383269 -80.2578
0.158794 0.00214457 -118.306
0.137751 -0.012728 -98.6287
0.0876977 0.00133106 -58.22
0.0699014 -0.0045804 -42.2456
0.0808088 -0.00425856 -51.8479
0.0653261 -0.00211902 -38.119
0.0794226 0.0071685 -52.7523
0.0557297 -0.0019546 -28.797
0 0 -1
0.0397959 -0.00624725 -12.6576
0.0521414 -0.00761051 -25.3181
0.0655103 0.0135707 -41.4259
0.0219237 0.0024712 5.59762
0.0408762 0.00461965 -15.6821
0.0854079 -0.0071814 -63.5182
0.131225 -0.000513806 -115.611
0.107623 -0.0105011 -86.8459
0.0498578 0.00616881 -22.5182
0.023541 0.00405902 8.67042
0.0137342 0.00251362 21.2527
-0.0089124 -0.0186185 51.2305
0.00713982 0.0235476 15.6827
0.000214987 0.0183471 16.9751
-0.0106963 0.00911487 18.9439
-0.0203526 -0.00213705 21.5906
-0.0315393 0.0121 20.1422
-0.0305264 0.00724531 20.8267
-0.0329016 -0.00426099 22.9388
-0.0225015 0.00599889 19.5833
-0.0127157 0.0131913 16.7303
-0.0306233 0.00772298 20.7657
-0.00911137 0.00769458 16.3302
-0.0248621 0.00821792 20.0744
-0.0325285 0.0167223 20.1275
0.0136372 0.0430055 3.23936
0.0303825 0.0331879 0.00941335
0.0038856 0.0265203 9.58932
-0.029553 0.0356465 19.7041
-0.0416607 0.0510109 21.8915
-0.0358721 0.0329311 22.9703
-0.0718956 0.0265982 39.0647
-0.101926 -0.00580495 56.6912
-0.0595478 0.0106721 34.4039
-0.0021471 0.0159373 6.46357
0.0348395 0.0043778 -9.69663
0.0325249 0.043203 -14.3033
-0.0731464 -0.00701163 49.043
-0.053518 -0.0511931 44.761
-0.0434557 -0.0396953 37.3138
-0.0396367 -0.0528692 36.7166
-0.0233294 -0.0524451 26.4422
-0.00554759 -0.0529811 14.9963
-0.0185292 -0.0265866 19.4144
-0.0064366 0.025486 2.34001
0.00342126 -0.0123063 0.671269
0.130029 -0.0282763 -91.6356
0.090191 0.015587 -67.4876
0.0900878 -9.91639e-05 -38.6849
0.00236204 0.027451 26.6958
-0.00410084 0.0661269 25.6292
-0.00486335 0.0579761 26.8876
0.100758 -0.00950571 -52.5707
0.0758954 0.000449013 -48.1796
0.060809 -0.00545495 -33.5737
0.0672545 -0.00482817 -39.3283
0.0501011 -0.00363064 -23.0669
0.0466336 -0.000626884 -20.2496
0.0335861 0.00120677 -7.5433
0.0451437 0.00938913 -20.7562
0.0444085 0.00626922 -18.6998
-0.0070554 0.00113199 37.0964
0.0235707 0.00207544 3.80175
0.0738242 0.0026945 -51.8141
0.121297 -0.00204295 -104.215
0.0965728 -0.000475279 -75.6898
0.0550657 -0.00092409 -27.5203
0.00729208 -0.0110972 30.6149
-0.0253089 -0.0243425 72.1273
-0.0240442 -0.0217985 70.1753
-0.00425347 0.0797958 6.06973
-0.0143797 0.0464228 12.3759
-0.0163324 0.0166394 17.81
-0.0243533 0.00752259 20.2542
-0.0132889 0.00653397 19.6415
-0.03865 0.00644423 21.8812
-0.0110222 -0.00831556 20.5201
-0.00912998 0.0047506 17.3686
-0.0148416 0.0118721 17.2975
-0.0202489 0.00962334 18.373
-0.0178764 0.0059091 18.6973
-0.0203247 0.0081371 19.0836
-0.00745141 0.0242122 12.4886
0.0267213 0.0403212 -0.177996
0.0218561 0.0373471 1.3601
0.00218499 0.0101481 12.3934
-0.00867227 0.0301354 12.8175
-0.0389662 0.0619519 18.3448
-0.0347228 0.0388439 21.3741
-0.0896961 0.0450759 42.9551
-0.113926 0.0217508 56.7873
-0.0252445 0.0696405 8.02001
0 0 -1
0.0289546 0.0615624 -16.977
0.059897 0.0981844 -38.8116
-0.0388695 0.0409589 20.276
-0.00744058 0.0106339 8.029
-0.0298539 0.174434 -8.108
-0.0454682 0.232386 -9.87236
-0.0279859 0.212505 -17.2968
-0.0153268 0.223489 -27.5031
0.00803204 0.0806107 -16.3239
-0.000652592 0.166035 -24.5244
-0.00866749 0.163797 -19.0574
0.251714 0.0127156 -169.365
0.204492 0.00115038 -131.785
0.281659 0.0147483 -191.96
-0.185484 0.0251371 178.208
0.00138204 0.0980344 15.2911
0.126262 -0.0164164 -73.7739
0.0977009 -0.00594409 -50.2924
0.0668299 0.00645778 -40.9736
-0.0110307 0.0539893 21.8118
0.0678966 0.00792783 -42.2106
0.0607088 -0.000226954 -33.98
0.0515901 0.00994822 -26.9483
0.0358156 0.0164895 -12.5058
0.0593952 0.0285202 -38.9906
0.0526474 0.0302172 -31.4232
0.0185717 0.0143914 7.27833
0.033764 0.0173192 -10.2393
0.0611146 0.0213461 -40.727
0.107951 0.0207453 -93.2733
0.0899348 0.00629048 -69.1484
0.0382833 -0.00182338 -7.68905
-0.00662208 -0.00647955 46.3465
-0.0130401 -0.00328978 53.2895
-0.0358023 -0.00350596 81.3679
0.0118757 0.0874169 4.54719
-0.00261082 0.0972856 2.96416
-0.0386436 0.0336775 15.7995
-0.0173479 0.001421 20.5208
-0.0146352 0.0182023 17.5197
-0.0324813 0.0243861 17.7101
-0.029529 0.0321854 15.6669
-0.0262299 0.0333379 14.865
-0.00357831 0.0551036 6.66717
-0.0235522 0.0423065 12.7727
-0.0352815 0.0334716 16.8689
-0.0315865 0.0170233 19.6223
0.0372952 0.0786416 -10.8516
0.0339394 0.104425 -14.6211
0.012857 0.112661 -10.6891
0.00409033 0.0910394 -4.05718
0.0194167 0.103054 -10.8449
-0.060053 0.070621 25.7842
-0.0541967 0.0735531 22.105
-0.0359319 0.0868001 12.3357
-0.0636884 0.102697 19.8328
-0.0272707 0.184635 -13.6908
-0.0033148 0.158505 -20.0071
0.043504 0.12129 -34.8581
0.0631606 0.120698 -45.2776
0.0448543 0.0905068 -27.8658
-0.000469692 0.0453171 7.09846
-0.0892538 0.0432323 59.3192
-0.0574569 0.236383 -3.41094
-0.00242998 0.278962 -46.7288
-0.00139542 0.292722 -50.1665
0.0165339 0.289741 -61.7368
0.00615998 0.2822 -52.9912
-0.011734 0.237424 -30.8074
0.363886 0.0522045 -261.721
0.274464 0.03421 -190.357
0.220392 0.0598889 -153.43
-3.56228 0.149671 2886.77
0.207351 0.656782 -266.024
0.203086 0.0803394 -141.664
0.175367 0.0601501 -113.231
0.130349 0.0496376 -71.356
0.0368502 0.0726136 7.83856
0.0497606 0.0935014 -9.0453
0.0221292 0.0656809 23.9557
-0.00366712 0.0646296 49.2305
-0.010925 0.0675553 55.6201
0.0627014 0.0406564 -44.3231
0.0884771 0.0455758 -71.9085
-0.0054327 0.0615327 24.0836
0.00731295 0.0648296 9.43443
0.0259444 0.0619804 -10.0849
0.103039 0.0507265 -93.4386
0.065798 0.0318628 -46.4279
0.0290716 0.00860283 1.02751
0.00168653 0.0128587 32.3657
-0.0171241 0.0114282 55.8381
-0.0369836 0.0445539 73.2106
0.0284814 0.0831136 5.23425
0.0209766 0.0672823 9.00988
0.0476414 0.0359125 15.7654
-0.0202704 0.0217811 16.4792
-0.0166569 0.111905 -3.09083
-0.0481445 0.091444 4.49683
-0.0357049 0.0645401 8.93689
0.00296471 0.0577988 4.24381
-0.00798155 0.159276 -15.8461
-0.0189526 0.209622 -25.2519
-0.00929051 0.16337 -16.9651
-0.00668617 0.234667 -34.0065
0.022958 0.189293 -31.3749
0.0369322 0.154179 -26.2368
0.00603662 0.163742 -20.0541
0.0104724 0.147362 -18.015
-0.0244891 0.131292 -1.45543
-0.0613899 0.122156 14.4936
-0.043484 0.157088 -1.01324
-0.03711 0.189732 -10.125
-0.0160303 0.240256 -31.3284
-0.00629436 0.137078 -12.1634
0.00667016 0.203349 -33.8045
0.0112176 0.196904 -34.942
0.0694015 0.16641 -58.0413
0.0109945 0.0800644 -7.08183
-0.00420328 0.0675774 4.22589
-0.0695064 0.0961651 35.9562
-0.0451252 0.25559 -14.592
-0.00991462 0.297864 -45.6867
0.00403141 0.307498 -56.8271
0.00204333 0.312993 -56.8513
-0.00585348 0.307324 -50.0411
-0.00640541 0.310716 -50.5264
0.226845 0.0106912 -149.586
0.266196 0.0152441 -180.559
0.301497 0.0544646 -216.291
0.253279 0.0740637 -181.179
0.204914 0.0705163 -141.348
0.188499 0.137582 -142.009
0.19078 0.073138 -129.468
0.125192 0.0559505 -67.8513
0.046565 0.0654827 1.07169
0.078431 0.0641588 -29.7327
0.0545543 0.0689464 -7.58963
-0.00218517 0.0682693 46.9125
0.00390141 0.0515691 44.5175
-0.00717133 0.0394197 58.7873
0.0522367 0.0583877 -36.4379
0.0314399 0.0461887 -10.9937
0.0282209 0.0579759 -10.1116
0.0278731 0.0734708 -12.8721
0.0650603 0.0484591 -49.5569
0.0329666 0.0255983 -7.22541
0 0 -1
0.00128214 0.0186404 31.4399
0.00566269 0.0349499 22.6649
0.0334462 0.112514 -28.7889
0.0207133 0.105061 -0.0909401
0.00914375 0.0836235 5.41705
-0.0394372 0.103867 2.27965
-0.0396163 0.159117 -12.0256
-0.020988 0.175844 -17.897
-0.011055 0.210781 -27.6202
0.00642775 0.287857 -49.3991
0.0106618 0.274747 -46.9355
0.00802767 0.237102 -37.3856
-0.00861934 0.22158 -29.9367
-0.00547627 0.223193 -31.2136
-0.00435629 0.227502 -32.3822
0.00743765 0.2216 -33.6942
0.00242484 0.224683 -33.412
-0.00820752 0.21183 -27.0939
-0.00511377 0.257623 -39.9571
0.0104215 0.22822 -37.254
-0.00769839 0.241481 -33.8657
-0.0207262 0.272346 -36.3811
-0.00408931 0.311817 -53.3003
-0.0328942 0.298398 -37.3852
-0.00057732 0.346066 -63.8406
0.0148022 0.339581 -69.3837
-0.00457284 0.328385 -57.3275
0.0119262 0.324363 -64.5354
0.00218911 0.315965 -57.2773
0.00888732 0.330759 -64.5107
-0.00319414 0.326652 -56.3013
-0.00618993 0.312044 -50.6067
-0.00629068 0.309216 -49.6371
-0.0137239 0.317471 -47.0053
-0.00515819 0.326791 -55.0628
-0.00274679 0.314295 -53.7353
-0.00510039 0.33 -55.9472
0.0403623 0.281744 -77.0149
0.265894 0.0145533 -180.251
0.320428 0.0460678 -229.288
0.252158 0.0344693 -170.801
0.215101 0.0600064 -147.426
0.196951 0.0591623 -131.27
0.163857 0.0560654 -101.936
0.0879161 0.0609056 -35.2721
0.0577616 0.0387403 -2.56915
0.0456132 0.060373 2.63817
0.0218496 0.0506927 27.7129
-0.00341474 0.0484353 52.7482
-0.00250342 0.0540114 50.3171
-0.0134996 0.0376221 65.8597
-0.0411183 0.0178376 99.4592
0.0399276 0.0104908 -12.1708
0.0518662 0.0112689 -25.0725
0.0435571 0.00864344 -15.0678
0.0345574 0.0228061 -8.60657
0.0461344 0.0239622 -22.1455
0.0217967 0.0296185 4.78548
0.0235518 0.0451836 -1.46651
0.0731279 0.105252 -76.0948
0.12157 0.100742 -133.391
0.0271727 0.171351 -17.5632
-0.0142726 0.153312 -12.0146
-0.0092131 0.0890655 4.63923
0.000664013 0.144337 -10.6912
0.000655605 0.234978 -34.9353
-0.011943 0.241516 -35.1904
-0.000841146 0.267075 -43.8125
0.00310844 0.267811 -44.6562
0.0103827 0.296778 -53.6909
0.0217663 0.281476 -52.161
0.0102969 0.278743 -49.3083
-0.00906291 0.302615 -51.1528
-0.0153808 0.275404 -41.9785
0.00160507 0.291819 -51.1908
0.0135395 0.310605 -59.8173
0.00429077 0.324082 -59.9648
-0.00353091 0.325352 -57.6213
0.00416915 0.284466 -49.0782
-0.00142711 0.311352 -53.9882
0.0173012 0.336236 -68.7469
0.00526418 0.314977 -57.864
0.015264 0.336679 -68.2705
0.0184859 0.344457 -72.5049
0.00516289 0.344042 -66.0888
0.00458602 0.331317 -62.1752
0.00522374 0.333611 -63.181
0.00209422 0.320023 -57.9659
0.00491352 0.312977 -57.69
0.00345344 0.312661 -56.9678
-0.00363058 0.308954 -51.3062
-0.0159846 0.315191 -45.0278
0.000577489 0.320494 -57.5379
-0.000661913 0.319446 -56.3729
0.00225529 0.32369 -59.6449
0.00792681 0.316119 -61.7588
0.0223561 0.304946 -69.6358
0.345238 0.00733123 -239.017
0.235315 0.0408905 -159.869
0.21779 0.0268617 -140.653
0.20994 0.0248545 -133.843
0.174491 0.0305293 -104.512
0.0663706 0.0201084 -5.42612
0.0413984 0.0318471 14.1482
0.039751 0.033939 15.0937
0.00874628 0.0447922 41.8446
-0.0135923 0.0359529 65.8624
-0.00437015 0.0261437 59.4645
-0.0126456 0.0362438 65.289
-0.0324285 0.0101479 92.584
-0.0373564 0.0149615 96.0946
0.031769 0.0996757 -26.3324
0.0205679 0.0423773 1.31138
0.0309511 -0.00448695 2.25096
0.0452078 -0.00315659 -14.359
0.0462369 0.0257047 -23.1601
0.0611678 0.0604139 -49.9432
0.0961704 0.102935 -103.492
0.111961 0.104079 -121.685
0.000690594 0.256203 -40.8772
-0.0128545 0.270596 -44.7657
0.00403126 0.384593 -79.1407
0.0292511 0.372929 -77.0414
0.0222319 0.344199 -67.9787
0.00888074 0.339001 -65.2744
0.00891823 0.34257 -65.9345
0.0137175 0.341442 -66.5386
0.0143958 0.330937 -62.9138
-0.00247319 0.339034 -62.3018
-0.00437829 0.336504 -61.4085
-0.00530304 0.340796 -62.3561
0.0103932 0.346003 -68.4928
0.00463238 0.328998 -62.2089
0.00663257 0.337686 -64.4808
0.000617122 0.322234 -57.6339
-0.0145567 0.330892 -54.7946
-0.00193752 0.318536 -55.9709
0.00943317 0.32241 -61.3922
0.0028225 0.318309 -57.2546
-0.00762133 0.333698 -57.7341
0.00520632 0.326296 -61.1995
0.00372969 0.324982 -59.9956
0.00686503 0.325566 -61.878
0.00237458 0.32183 -58.2948
-0.000980135 0.323097 -56.9826
-0.00843791 0.323541 -52.9364
0.00042819 0.317043 -56.0451
0.00197845 0.311869 -55.4057
0.000232329 0.317012 -56.1195
-0.00356049 0.321549 -55.0659
-0.00386446 0.317318 -53.5232
0.000580543 0.31446 -55.7184
-0.00134159 0.321608 -56.4026
0.00128845 0.32257 -58.621
0.00192024 0.322804 -59.2141
0.104862 0.287366 -128.423
0.221496 0.0402733 -148.563
0.228754 0.00553032 -144.257
0.212621 0.00860216 -131.404
0.175836 0.0114221 -100.154
0.11085 0.0319065 -48.8768
0.0612713 0.0156001 0.457333
0.0395497 0.0145077 20.8472
0.0142354 0.0314547 40.3958
-0.0221406 0.0317711 75.2089
-0.0112607 0.0267649 65.5729
-0.0159871 0.0190502 73.316
-0.0318586 0.0238242 87.7743
-0.022905 0.0144342 80.815
0.0323502 0.267777 -72.9871
-0.00346111 0.3028 -43.8343
0.0145159 0.301387 -63.4311
0.00170864 0.303938 -49.5831
0.0190611 0.328301 -76.8749
0.0396205 0.285959 -88.661
0.110701 0.0814696 -115.09
0.0964339 0.122037 -108.819
0.0306138 0.311986 -57.836
0.0393889 0.335502 -65.4513
0.0394189 0.381356 -79.5171
0.0120975 0.36751 -73.8158
0.00235619 0.34578 -66.2024
0.00535864 0.334333 -63.0399
0.0137127 0.328248 -62.4496
0.0252086 0.328619 -64.2343
0.0164002 0.31524 -58.3443
-0.00633352 0.313892 -53.7493
-0.00235004 0.312567 -54.367
0.00604513 0.318665 -58.2055
-0.00470426 0.320816 -56.0461
0.00580322 0.309767 -55.7757
0.00705102 0.320261 -59.6013
0.00481202 0.316607 -57.5212
-0.00488169 0.316939 -54.3073
0.00360653 0.325612 -60.0889
0.00193976 0.318902 -57.3181
-0.00402737 0.311466 -52.4279
-0.00223038 0.322705 -56.5851
0.000278523 0.319266 -56.6874
0.00101842 0.320913 -57.5692
0.00134372 0.319171 -57.1854
0.00370486 0.315524 -57.2164
-0.0037656 0.312799 -52.3827
-0.000389565 0.315009 -55.065
0.00138223 0.313437 -55.6173
0.00867352 0.316026 -60.891
-0.00411735 0.324354 -55.5144
-0.00676302 0.332387 -56.2173
-2.59011e-05 0.331869 -60.4858
-0.000595118 0.323535 -57.5055
0.00197303 0.331526 -61.8077
0.00269135 0.331434 -62.3274
0.00393156 0.325614 -61.4903
0.025255 0.291828 -67.8248
0.00972777 0.31328 -62.1123
0.237013 -0.0125339 -145.698
0.22397 -0.0153497 -134.012
0.184353 0.003069 -105.164
0.140494 0.00590715 -67.0757
0.0363667 0.00019749 28.329
0.0490277 -0.0124714 20.6459
0.0228285 0.0274812 33.072
-0.0225922 0.0370159 74.0703
-0.02786 0.00842267 88.393
-0.0286609 -0.0395215 103.755
-0.0106772 0.243688 -1.89016
-0.0185835 -0.00792626 83.1595
-0.0139351 0.316526 -35.8066
0.00494955 0.316309 -56.4693
-0.00792285 0.319842 -42.8113
0.00425957 0.322035 -57.5993
0.0242796 0.32487 -81.9727
0.0201287 0.301518 -69.6487
0.0347678 0.315058 -91.8686
0.055875 0.24781 -96.0765
0.0390675 0.329486 -63.3429
0.0291865 0.323627 -60.9519
0.00800533 0.307003 -54.4194
-0.000684079 0.333584 -62.0518
-0.00587202 0.321025 -57.6231
0.00319943 0.291008 -48.5473
0.0122188 0.305287 -54.0177
0.0140523 0.295472 -51.5182
0.00359377 0.301063 -51.6965
-0.00222978 0.306074 -52.149
0.0059661 0.301623 -52.7305
0.00339705 0.303163 -52.7078
-0.00281311 0.303789 -51.2666
0.00502889 0.316797 -57.8438
0.00594699 0.313739 -57.2543
0.0112077 0.313002 -58.6196
0.00556812 0.32122 -59.4727
0.00894556 0.319701 -60.2497
0.00627377 0.320435 -59.5207
0.000470436 0.31996 -57.0378
0.000394692 0.322804 -57.919
1.1488e-05 0.325785 -58.6774
0.0029789 0.321441 -58.6019
0.00186648 0.328609 -60.3858
-0.00227445 0.327062 -57.7903
-0.000764311 0.324588 -57.8454
0.00068852 0.328202 -59.8542
0.00867133 0.327445 -64.3044
0.00233491 0.333175 -62.5161
-0.00406549 0.340069 -60.7539
0.000805363 0.339122 -63.4559
-0.00212059 0.337456 -60.9797
0.0001148 0.332707 -60.9581
0.00438562 0.330281 -63.186
-0.000407931 0.327951 -58.9112
0.00128142 0.330754 -61.1256
0.0037406 0.323646 -60.7542
0.0057979 0.324787 -62.7546
0.0170938 0.309245 -66.8283
0.324569 0.019087 -230.907
0.151923 -0.0113424 -72.373
0 0 -1
0 0 -1
0.00945422 -0.0939612 83.7126
-0.0123227 -0.202473 140.667
-0.0470546 -0.19461 172.441
-0.0615503 -0.17223 180.389
-0.0305749 -0.0939725 123.356
-0.027302 -0.142421 135.875
0.00177961 0.257811 -32.4929
-0.00648672 0.299962 -38.2899
0.00126351 0.313514 -51.3387
0.00191669 0.318374 -53.7744
0.0104106 0.323802 -65.1973
0.0158349 0.329226 -73.5392
0.0196064 0.310173 -71.6593
0.0238164 0.306958 -75.8081
0.00916624 0.286997 -51.097
0.0291085 0.328144 -62.7326
0.0258738 0.315539 -58.1302
0.0205436 0.309907 -55.8807
0.00197912 0.274364 -41.386
-0.00267389 0.287053 -45.7816
-0.00774681 0.298327 -48.9822
0.00470268 0.292365 -48.946
0.00806272 0.292973 -49.5531
0.00898035 0.310375 -55.9236
-0.000642811 0.2926 -47.6838
-0.000621623 0.298412 -50.0094
0.0100597 0.311173 -56.99
0.00309614 0.303119 -52.5447
0.00684769 0.317494 -58.6005
0.00663209 0.322076 -60.2397
0.0103282 0.32109 -60.979
0.0121506 0.322252 -62.1221
0.00480672 0.324426 -60.3374
0.00389723 0.323527 -59.6863
0.00433799 0.3226 -59.4526
0.00211102 0.327854 -60.4437
0.00467849 0.329581 -62.1197
0.000667564 0.3214 -57.3193
0.00183216 0.319906 -57.2949
-0.00410163 0.319464 -54.14
-0.0039787 0.317379 -53.4192
0.00586604 0.327927 -62.8932
0.015785 0.321001 -66.1724
0.00568969 0.327253 -62.3668
0.00453047 0.325432 -61.0254
0.00219532 0.325924 -59.6907
-0.00797157 0.32972 -54.263
-0.00468592 0.323589 -54.4208
0.00153371 0.326065 -59.7112
0.00687879 0.331657 -65.6076
0.00279402 0.337097 -64.3778
-0.00210087 0.329678 -58.0639
0.00480641 0.324984 -61.9181
0.00547116 0.324126 -62.1847
0.0125839 0.300831 -60.0307
0.0423701 0.22759 -59.9798
0.0619266 0.0716448 -21.9321
0.0364756 0.0571698 5.61518
0.00470604 0.11156 15.5462
-0.0144858 0.205536 -0.0671417
0.00790307 0.255159 -39.6738
0.0302084 0.183137 -36.1422
0.042053 0.189412 -50.8032
0.0361879 0.174614 -39.3442
0.0177895 0.228083 -38.7793
0.00767296 0.268479 -42.3935
0.00811661 0.299352 -54.0652
0.00326792 0.316222 -54.4826
0.0102562 0.334684 -68.9536
0.0211556 0.323437 -77.4731
0.00412578 0.319988 -56.2401
0.00894731 0.310349 -58.8044
0.00405073 0.312589 -53.5374
0.0192161 0.325462 -61.6726
0.0174476 0.308488 -55.3576
0.0169493 0.278969 -44.4611
0.0116423 0.246364 -32.3005
0.000861924 0.271106 -40.2683
-0.00632206 0.289533 -46.1931
-0.00351443 0.314262 -55.3808
-0.00735088 0.297504 -48.6696
0.00290261 0.275298 -42.3872
0.0107453 0.292402 -50.3329
0.00921105 0.295961 -50.9653
0.00137649 0.324014 -59.3066
0.00388273 0.318032 -57.7875
0.00818827 0.315092 -58.1116
0.00993507 0.319946 -60.407
0.00432885 0.318888 -58.204
0.00450207 0.317675 -57.8302
0.0062475 0.318806 -58.8444
-0.00227949 0.304498 -50.3985
0.0123249 0.296737 -53.5339
0.00785101 0.315562 -58.5612
0.00143522 0.315968 -55.7275
-0.00936139 0.302218 -45.4542
-0.00482164 0.297125 -45.8469
-0.00415626 0.295177 -45.3818
-0.000146702 0.298339 -48.788
0.00696464 0.30097 -53.9334
0.0129011 0.298721 -56.4595
0.00650254 0.297072 -52.1153
0.00396405 0.308164 -54.5578
0.00349269 0.298524 -50.7897
-0.00352393 0.30431 -48.2239
0.000748936 0.308476 -52.7809
0.00358084 0.315269 -57.2416
0.00386212 0.317775 -58.3126
0.00170439 0.31254 -54.7526
-4.00599e-05 0.319631 -56.0672
0.0048096 0.317211 -59.1182
0.00161729 0.322442 -58.3141
0.00220469 0.310245 -54.4077
0.00582847 0.286616 -48.9704
0.0133772 0.187628 -19.5381
0.00764664 0.156203 -3.01918
0.0020892 0.185861 -8.47605
-0.0128268 0.230905 -10.7398
0.00932877 0.266161 -45.0928
0.0139624 0.228147 -35.7696
0.0168721 0.21081 -32.4728
0.0262393 0.165727 -25.7145
0.0330744 0.198827 -44.9045
0.0240456 0.260116 -57.3707
0.014756 0.306783 -64.0236
0.00918677 0.302279 -56.1708
0.015515 0.305617 -64.581
0.00377076 0.284647 -43.3019
-0.00618716 0.289354 -33.0492
0.00735389 0.275107 -44.3648
0.0310137 0.304533 -83.7079
