0.0592329 -0.0422566 4.83446
0.0767642 -0.0555964 5.46623
-0.0366218 0.194058 4.0034
0.027663 0.110653 1.29453
0.0153216 0.0935965 2.68549
0.00411867 -0.000404464 4.4926
0.0203533 -0.02788 3.4088
0.0385687 0.00173017 0.0530941
0.0638152 0.0668993 -4.05069
0.0500305 0.0382961 -1.39639
0.0782436 0.0154134 -7.52122
0.0659836 -0.0332963 -2.97068
0.00696429 0.0112047 11.8266
-0.00409672 -0.0499782 17.1298
0.000445831 -0.0442035 15.4067
-0.0289958 -0.0886039 25.9085
-0.0102824 -0.0144703 17.8698
0.451912 -0.04926 -158.895
-0.017331 -0.243929 19.9141
-0.0390691 -0.227779 29.0604
-0.0790974 -0.0931977 44.7853
0.291702 0.0220495 -123.718
0.030888 0.0162984 -0.0519354
0.0968533 -0.108681 -41.3412
0.111454 -0.0729114 -49.3275
0.130039 -0.0237287 -59.9913
0.110208 -0.0484004 -47.7688
0.0257065 -0.0239637 1.0035
-0.0114604 -0.0114036 23.1493
0.00355833 -0.00573301 13.3464
0.0161082 -0.0235502 5.73363
0.00178745 -0.0183534 14.8836
-0.00814013 -0.00318613 42.3392
-0.00800841 -0.00348264 42.2109
-0.00194647 -0.00594162 38.0235
-0.0590532 0.0163649 80.9654
-0.0642937 -0.0391177 86.0683
-0.0839431 -0.0135451 95.817
0.009424 -0.0743053 14.1489
-0.0104089 -0.0694151 30.456
0.000775413 -0.0255594 19.6037
0.0033037 0.0211486 16.2591
0.0528387 0.0145473 -28.5788
0.0850296 -0.0510878 -56.2919
0.0890655 -0.00700635 -62.3969
0.0858845 -0.037362 -57.7591
0.0355534 0.00917793 -8.61874
0.0523937 0.0615439 -26.9097
0.0643617 0.0020922 -38.0903
0.0717415 -0.0913201 -42.3634
0.0507879 -0.129173 -19.8081
0.0500591 -0.133248 -19.7553
0.0636838 -0.102286 -35.2183
-0.0178061 -0.138807 58.1602
-0.258013 -0.122265 336.362
0.283362 -0.0250565 -305.788
0.0793408 -0.0884622 -58.3901
0.0536739 -0.095653 -27.1488
0.260556 -0.271262 14.3173
-0.00279388 -0.288502 19.9819
0.015335 -0.285741 18.9799
0.0261397 -0.200246 14.8123
0.0227231 -0.279131 18.9219
-0.00391114 -0.225731 20.8106
0.0109131 -0.0836456 7.28275
0.0176003 -0.517791 25.2147
0.0382808 -0.392532 17.7263
0.0180901 -0.0785687 11.7904
0.00273917 -0.0266034 13.2434
0.0341294 0.0111513 4.3386
0.0167158 -0.0312816 10.8759
-0.0293153 -0.0278381 23.266
0.161704 -0.255409 -27.5776
-0.0275399 -0.0427473 24.4075
0.00745313 -0.063385 13.2279
0.0136629 -0.10087 12.2725
-0.0199915 -0.153205 27.3929
-0.0205152 0.260498 9.23034
-0.0572294 -0.0174445 34.3262
0.00271073 -0.00840555 14.1382
0.0218506 0.00751375 4.57501
0.00971695 0.0026651 11.0238
-0.0147427 0.0113166 22.2518
0.116403 -0.0413616 -51.3963
0.0945622 -0.0446505 -38.3988
0.0392206 -0.0279811 -6.75914
-0.0108058 -0.0180357 22.8517
0.00593692 -0.0200032 12.1813
0.0304671 -0.0249536 -3.52119
0.00335697 -0.0282476 14.1876
0.0179447 -0.0151371 3.71071
-0.000671548 -0.00788126 37.0029
-0.00265929 -0.00883312 38.8311
-0.072082 -0.0600344 93.2487
-0.114704 -0.103456 127.025
-0.163206 0.0105932 160.2
0.0355847 -0.00220727 -15.41
0.0689831 -0.0409077 -42.0269
0.0776149 -0.0583615 -46.997
0.0608248 0.0329885 -35.4434
0.0620235 0.047524 -36.6783
0.0527092 0.0202381 -27.492
0.0545004 -0.00779632 -28.418
0.104122 -0.0383304 -75.5362
0.0704288 -0.0225724 -42.7466
0.0508131 -0.00793808 -23.4972
0.0389176 -0.0539607 -9.51329
0.0134927 -0.116279 20.0032
0.0100477 -0.160585 24.2908
0.0646453 -0.157376 -35.8517
0.0363071 -0.124343 -3.3402
-0.0109116 -0.0905048 48.506
0.210705 -0.0286749 -219.809
0.196549 -0.0141974 -202.715
0.122992 0.00230251 -114.433
0.0446722 -0.0328157 -17.7105
0.00651881 -0.00092819 2.35016
0.0031191 -0.0359064 5.02939
0.165762 -0.0765144 0.127278
0.00941581 -0.0454321 4.91468
0.0151183 -0.00649667 1.65022
0 -0.0370103 14.3059
0 0.108119 6.58496
0.0374814 -0.0313349 1.43535
0.0392079 -0.0832326 4.24328
0.0297712 -0.0450434 8.16194
0.0253142 -0.0241677 8.12745
0.0381645 -0.00898235 4.38432
0.000475113 -0.0182293 15.3759
-0.0448353 -0.00966829 27.5092
-0.0662225 -0.0444359 38.1618
-0.0656115 -0.0419771 37.6928
-0.0254489 -0.100246 26.9583
-0.0135394 -0.149612 24.9883
-0.021499 -0.153811 28.0695
-0.0397221 -0.137007 34.2434
-0.0339652 -0.0636365 27.0211
0.0130252 -0.00792336 9.43795
0.0162764 -0.00904992 8.03733
0.00190281 0.00456214 14.6948
-0.00851164 0.0521996 17.6579
0.0716216 -0.107916 -23.2154
0.0912527 -0.166059 -30.5535
0.0847816 -0.0844547 -30.833
0.0116184 -0.0111392 8.88403
-0.012451 -0.0256303 23.9387
0.0086009 -0.0122724 9.44529
0.0107686 -0.0206654 8.7479
0.000533503 -0.00504979 15.725
-0.00673507 -0.0224674 21.7773
-0.0269075 -0.0404344 37.8369
-0.142175 -0.131917 149.233
-0.0937592 -0.0738016 107.945
-0.0954098 -0.0141321 106.219
0.0131079 -0.0222588 4.41907
0.0454972 -0.0866166 -19.3012
0.119618 0.00621766 -86.3961
0.0579032 0.0286974 -31.8857
0.0589544 -0.00850744 -30.6033
0.0295485 0.011803 -4.57685
0.0365218 -0.0153985 -10.3251
0.0453422 -0.0398551 -17.8972
0.0688678 -0.0425877 -40.0375
0.0651821 -0.0562951 -35.5957
0.033698 -0.0196534 -5.26657
0.015368 -0.0387495 14.8177
0.048015 -0.172841 -17.5962
0.123275 -0.074896 -104.172
0.0237248 -0.118187 10.4655
-0.00104626 -0.090174 37.6995
0.110322 0.0542321 -104.092
0.166574 -0.00212654 -167.644
0.152196 0.0207592 -150.713
0.0700581 0.0251472 -50.8718
0.0247655 -0.0402493 5.04796
0.00258265 -0.0397564 5.36612
0.0116598 -0.0217022 3.14942
0 0 -1
0.0197785 0.147365 -10.8671
0.0622359 -0.0657081 6.09493
0.024094 -0.0247548 2.40813
0.0284736 -0.0566777 4.19513
-0.00275456 -0.0560473 9.7148
0.00258449 -0.0405596 7.15783
0.00559826 -0.0359324 6.13393
-0.00996412 -0.0334363 9.91109
-0.00831555 -0.0313644 9.37487
-0.037819 -0.0323422 17.6256
-0.00270997 -0.0265063 5.90303
0.0316627 -0.0362066 -3.78909
-0.0449813 -0.126359 34.8391
-0.0244009 -0.144522 28.8482
-0.0116215 -0.182305 25.7379
-0.0221602 -0.154389 27.9091
0.0042702 -0.105043 12.2044
0.0874639 -0.102214 -25.5295
0.171444 -0.0631686 -67.9869
0.118335 -0.0318089 -42.0791
0.0389068 -0.106339 -5.73655
0.0521958 -0.118507 -11.7706
0.0616156 -0.115695 -17.5291
0.0340559 -0.113588 -2.89777
-0.0244384 -0.0243717 31.7247
-0.00075793 -0.00667041 15.2682
0.0220061 -0.00354637 0.145707
0.0375521 0.00880446 -10.787
-0.00272891 0.00784164 17.5041
-0.0290548 -0.0259196 38.5386
-0.0346074 -0.0861985 47.3176
-0.0527853 -0.0907083 60.5106
-0.0425064 -0.0268624 65.0193
-0.0511671 -0.00672295 70.0393
-0.0346756 -0.0225622 44.5357
0.000567852 -0.0659114 18.0017
0.00712131 -0.100809 14.6699
0.0674051 -0.0383397 -36.4024
0.0335142 -0.0350487 -6.34148
0.0256295 -0.0319147 0.957429
0.00985894 -0.0341277 16.1431
0.0387399 -0.0395295 -11.591
0.0504302 -0.102101 -18.6171
0.0518664 -0.167233 -15.5768
0.0468238 -0.0694431 -15.8566
0.0568309 -0.0891898 -25.8502
0.0194714 -0.00656953 7.70624
0.0287853 -0.0201598 -1.47825
0.0105555 -0.0415578 20.8593
-0.0127792 -0.0543338 47.8539
0.082082 -0.0401457 -63.7434
0.178541 -0.0187914 -180.561
0.179292 0.0177883 -182.947
0.117613 0.00664062 -107.862
0.276688 -0.000293284 12.1251
0.0210089 0.00572227 16.6008
0.0151374 0.00108375 17.3554
0.0163753 0.000647259 0.840567
0.0282613 0.000105977 -0.195398
0.0240138 0.00477975 0.242344
0.00780387 0.00191905 2.46281
0.013878 -0.0157141 3.10149
0.0051016 -0.0235181 5.27058
-0.00374023 -0.0200844 6.63806
0.00606321 -0.0287766 5.17076
-0.015561 -0.0416699 12.2654
-0.018135 -0.0435498 12.9371
-0.025288 -0.0317576 13.7446
0.00309861 -0.0312217 4.46744
0.00495674 -0.0356246 4.42303
-0.128355 -0.366741 86.1571
-0.026331 -0.139714 27.9977
-0.0410145 -0.0815658 27.0161
-0.0294383 -0.0989349 24.9722
-0.00119673 -0.112163 15.1781
0.0412189 -0.1255 -1.98938
-0.0159848 -0.0848494 20.3696
0.0330434 -0.0732242 -6.52973
0.0429164 -0.101785 -8.45531
0.0402606 -0.105117 -6.76228
0.0715079 -0.123192 -22.6272
0.273724 0.599111 -207.053
-0.00273729 -0.0299309 18.781
0.00247152 -0.00977179 13.5447
0.0387411 0.0307943 -13.8057
0.0426545 0.0296088 -16.3722
0.00987323 0.00978636 8.48635
-0.08108 -0.0286341 76.4619
-0.0592912 -0.077162 63.6994
-0.0518496 -0.064576 56.6856
-0.0521497 -0.0150773 52.2694
-0.033879 -0.0110496 56.6462
-0.0720413 -0.0318103 76.5128
-0.0357885 -0.0582348 47.598
-0.0184996 -0.0810482 35.1901
0.0271276 -0.0512813 0.529215
-0.207593 -0.385253 244.573
0.0423687 -0.0391783 -14.604
-0.0123658 -0.050807 38.2942
0.0432404 -0.041651 -16.7267
0.00258842 -0.0478021 25.0843
-0.0767944 -0.0390924 103.881
0.183141 -0.0163903 -167.849
0.132747 -0.00482283 -114.289
0.0389356 -0.0136292 -12.7043
0.020265 0.00950972 5.55837
0.000351178 -0.00503702 29.501
0.039769 -0.0850987 -11.9864
0.0850033 -0.103447 -62.6616
0.182404 -0.0128054 -186.088
0.186478 0.0194538 -192.656
0.117017 0.00728777 -106.587
0.0280847 0.0032527 16.5387
0.019005 0.00849999 16.1892
0.0261474 0.00978691 15.8713
0.00972049 0.00555748 0.804716
0.0366901 0.0110101 -1.93955
0.0153761 0.00758997 1.01259
0.00333537 0.011516 1.99695
-0.00282468 0.0133181 2.67038
-0.0023616 0.00468688 3.70708
-0.00368251 0.0121405 2.82288
-0.00984548 -0.00195976 6.02947
0.00802803 -0.00871925 2.75814
-0.0141703 -0.0146497 8.80836
-0.018628 -0.0166096 9.64032
-0.00436576 -0.0102623 4.62659
0.00362891 -0.00871214 1.89899
0.000816389 -0.00377505 2.29098
0.00369728 -0.0141951 2.55605
-0.00417022 -0.0475089 9.51156
0.0101005 -0.0463995 3.48755
0.0134191 -0.070169 4.68911
0.00888678 -0.0988089 10.1056
-0.00877009 -0.0455509 12.0109
-0.0135198 -0.0415103 13.9004
0.0313634 -0.0666581 -6.72482
0.0334248 -0.0940979 -4.69638
0.0242483 -0.0638733 -3.62979
0.0278767 -0.0630289 -6.19859
0.0398361 -0.0303626 -17.2787
0.0396751 -0.0472709 -14.9451
0.0699621 -0.0577068 -33.1391
0.00272872 -0.00135112 14.9263
-0.0567545 0.00211189 56.0304
-0.10813 -0.0394068 97.3587
-0.0953462 -0.0738551 91.2091
-0.00992395 -0.068812 25.2701
-0.0265652 -0.0359454 34.4115
0.0183817 -0.0108911 14.6477
0.0644202 -0.0830376 -35.2599
0.00540188 -0.104702 17.8644
-0.017838 -0.0480807 31.0979
-0.0288704 -0.0295024 37.8663
0.0511221 -0.0187918 -31.6175
0.0535538 0.00800446 -36.897
0.0364063 -0.0439662 -9.6517
0.0429763 -0.0241652 -18.5105
0.0228107 -0.0204671 2.13008
-0.0738626 -0.00216479 97.0939
0.2024 0.0175718 -191.374
0.128674 0.063813 -117.765
0.0378125 -0.0123148 -11.5876
0.0309469 0.0112499 -6.41201
0.0135702 -0.00683316 10.0995
0.0186211 -0.000836413 3.11418
0.0332301 0.0233294 -26.1684
0.215712 0.0447629 -230.708
0.125098 0.00335084 -115.12
0.0190648 -0.0397466 19.0161
0.0257975 0.00879976 15.863
0.0312113 0.00172087 16.8144
0.030448 0.00074574 16.7712
0.0260382 0.0114034 -1.09228
0.000140991 0.0632815 -4.96466
0.00403253 0.02312 0.327775
0.00655247 0.0329127 -1.43551
-0.00709711 0.0300749 1.02623
-0.00380163 0.0194751 2.07905
-0.00531973 0.0148756 2.9073
-0.0108611 0.0122488 4.38605
-0.00775811 0.0127467 3.86321
-0.0425763 -1.23369e-05 14.4409
-0.0117639 -0.00689243 6.45894
0.00481247 0.00559609 -0.307384
0.00405602 0.0100309 -0.681759
0.0151333 0.0144291 -5.01768
-0.0157105 0.038783 2.58466
-0.0101336 0.00965763 4.74559
-0.00297003 0.0143558 1.32797
-0.00411593 -0.00563355 4.59053
0.00239456 -0.0296457 4.89382
-0.0088999 -0.020695 9.12068
-0.00428521 -0.0257356 7.1085
0.00512356 -0.0367622 3.85384
-0.0161621 -0.266837 46.394
0.0221113 -0.0532678 -3.24588
0.0296854 -0.0293807 -11.2282
0.0384346 -0.0173336 -18.1128
0.0387888 -0.0219579 -17.7384
0.0430712 -0.0492573 -16.802
0.058818 -0.0277745 -30.1482
-0.052811 -0.0174375 55.0614
0.0279663 0.0160079 -16.0619
0.0518455 0.0188454 -34.0128
0.0361537 -0.0014342 -18.6304
0.0171304 -0.0145177 -2.09869
0.0514995 -0.0169688 -11.4095
0.0676746 -0.0751877 -39.0492
0.0305454 -0.0673922 -8.33812
0.0126858 -0.0713392 7.70873
0.0175286 -0.0397726 -1.55799
0.0886577 -0.193779 -43.4049
0.0713147 -0.000355787 -48.212
0.0497216 0.00203285 -28.1686
0.0716174 0.0114088 -51.0583
0.0197803 0.00741598 2.37687
-0.0586536 0.0355051 76.8085
0.0576948 0.0317508 -49.0667
-0.00262669 -0.0294897 24.1038
-0.0192223 -0.0310874 41.7916
-0.002917 -0.0128085 21.3934
-0.00713378 -0.0247451 36.0224
0.01522 -0.0262857 10.608
0.0352408 0.0111916 -26.7692
0.0718305 0.0288469 -60.8203
0.0460872 -0.049384 -12.7267
0.062729 -0.0145242 -38.1733
0.0216121 0.0150873 14.996
0.0242379 0.00782485 16.1572
0.0151293 0.00108766 17.4353
-0.0402018 0.0158883 7.38
-0.031863 0.0539524 0.480234
-0.00521585 0.0537304 -3.09666
0.027476 0.0719348 -10.0988
-0.0229192 0.0550127 0.346785
-0.012572 0.0268314 2.48173
-0.00699226 0.0402545 -0.802514
-0.00309065 0.0527132 -3.68091
-0.00332887 0.0337057 -0.384761
-0.0633569 0.018598 17.8634
-0.036922 0.00340315 12.3623
0.00754547 -0.00229615 0.103804
0.00871377 0.0352741 -6.02602
0.0164768 0.0711076 -14.0022
-0.0210286 0.070258 -0.296006
0.00341394 0.0777676 -11.0915
0.00651503 0.0687211 -10.7492
0.000499041 0.0595506 -6.88662
-0.0381436 0.207599 -12.0467
0.0404246 0.0113637 -11.2346
-0.00823553 0.00270936 4.87661
0.00353227 0.00778754 -2.22609
0.0222007 0.00282513 -11.7073
0.0355529 -0.0121216 -16.7994
-0.0323291 0.0138402 19.8121
0.0345761 -0.00627719 -17.2628
0.0236243 0.00829675 -13.027
0.0385664 -0.0292425 -16.5394
0.0492904 0.00914589 -29.894
0.0388025 -0.00535603 -11.5519
0.0416641 0.0371641 -28.914
0.045495 0.0432374 -33.0359
0.0382617 0.0244962 -24.2492
0.0317441 0.0198623 -18.7586
0.0871818 -0.0029093 -42.7141
0.0140153 -0.0315567 -0.103282
0.0320075 -0.0753278 -8.55188
0.0123112 -0.0694346 7.7269
0.0248278 -0.000935735 -13.9647
0.0941654 0.062798 -80.1448
0.0878563 0.0185447 -66.4212
0.0534939 0.0282698 -35.5597
0.0507715 0.0329249 -33.8177
0.0310957 0.0444506 -15.3546
-0.0251913 0.100604 31.5277
0.0119875 0.33157 -46.1054
0.0876512 0.101554 -84.65
0.00495916 -0.0167175 13.3178
-0.00564579 0.00706276 21.5519
0.0022813 -0.00705425 14.7722
0.00839837 0.595919 -78.9304
0.011323 0.047863 -4.47627
0.768631 -0.0596283 -884.755
0.0845526 -0.0112981 -65.4172
0.0823093 -0.00291496 -64.067
0.0160525 0.00871152 16.2292
0.0118429 0.00584298 16.8808
0.0698783 0.000377086 14.7233
-0.0350059 0.00659995 9.11274
-0.0231694 0.0115741 7.16981
-0.0109516 0.0372091 0.89558
-0.00594288 0.0433313 -0.779289
-0.029471 0.023528 6.22106
0.00144614 0.05813 -5.43746
0.00293946 0.103735 -13.9438
-0.00896716 0.0771155 -6.27792
-0.0317545 0.0587927 2.52276
-0.0677986 0.101393 3.9767
-0.0602659 -0.000107977 19.623
-0.019499 -0.0114689 9.80439
-0.0182854 0.040235 2.72595
-0.0296985 0.134218 -6.651
-0.0300243 0.154606 -10.7205
-0.0445164 0.111481 3.51802
-0.0392564 0.143657 -4.35779
-0.0535041 0.135151 3.17679
-0.0221894 0.161401 -16.0478
0.180538 0.0398971 -84.6917
-0.00346718 0.0399469 -3.83936
0.0155459 0.0551652 -17.0333
0.0165401 0.0522913 -16.789
0.0353907 0.195555 -53.4539
0.0445047 0.0428765 -31.9032
0.00657487 0.183249 -33.9227
0.157004 -0.0225683 -86.8053
0.0363134 0.00248846 -20.1351
0.0254005 0.0798108 -26.2343
0.0232959 0.0392293 -17.2012
0.0257888 0.0551465 -20.4003
0.0301953 0.0474745 -22.0632
0.0264641 0.0380422 -17.592
0.0462013 0.0461679 -34.3561
0.114939 0.0184186 -69.3057
0.0804033 0.0237937 -41.9652
0.0517063 0.0707105 -42.7067
0.0490263 0.0868387 -43.593
0.0681705 0.0836788 -59.256
0.0592037 0.0682001 -47.8495
0.0652832 0.0605002 -52.6991
0.0524021 0.0457627 -37.5576
0.0621385 0.0848832 -53.9187
0.0340205 0.0834776 -25.3575
0.0152214 0.0911522 -7.73207
0.0746552 0.122852 -75.1909
0.0927785 0.108064 -91.233
0.0863093 0.0786062 -78.6604
0.0518066 0.0161484 -29.3964
0.0449238 0.0596156 -30.0668
0.0448565 0.0620187 -30.1401
0.0280177 0.0849706 -15.0368
0.0348059 0.0950974 -25.2207
0.0924698 0.0730678 -90.6229
0.0807782 0.0443897 -70.69
0.0156885 0.00876713 16.2634
0.00533379 0.00804875 16.5156
-0.00485872 0.0133628 5.41214
-0.0131954 0.0178358 5.66319
-0.0119293 0.019309 4.37103
0.00849578 0.0784973 -9.81746
0.000396208 0.0533556 -3.70085
-0.0135002 0.0785487 -7.1879
0.0120573 0.168009 -27.9671
-0.00176702 0.158285 -22.5183
-0.0192614 0.153466 -18.208
-0.0292398 0.146217 -15.6085
0.0153972 0.0125355 -1.00027
-0.012363 0.0739295 -2.01012
-0.0147796 0.062951 0.798466
0.0278622 0.0636456 -12.2413
0.021455 0.138968 -25.4143
-0.0270427 0.147148 -8.694
-0.0595734 0.180015 -3.25117
-0.0284586 0.19277 -18.4191
-0.0226642 0.246813 -32.287
-0.0024795 0.221234 -35.2059
0.0711117 0.0336637 -30.2884
0.030866 0.018921 -6.06696
0.00236425 0.0407922 4.25149
-0.0997735 0.0179828 63.232
0.0371994 0.303791 -76.514
0.0195755 0.0872197 -21.0781
0.0292893 0.206908 -51.98
0.0773804 0.0572262 -50.8067
0.0558275 0.0266393 -31.1006
0.157637 0.20631 -138.762
0.113638 0.0418132 -73.5808
0.079343 0.131509 -67.7035
0.0252963 0.0389536 -16.7975
0.0312454 0.0258681 -18.9412
0.0583788 0.0390085 -42.5676
0.145445 0.0668019 -103.821
0.1 0.0607262 -65.5597
0.0497116 0.0592531 -38.5083
0.0608492 0.0975818 -56.0233
0.0568557 0.0666332 -45.3952
0.0540476 0.0617127 -42.1061
0.064815 0.0683035 -53.6065
0.0687544 0.0717889 -57.9613
0.0680445 0.0684581 -56.4682
0.0508763 0.0677183 -39.1943
0.0395624 0.0832956 -30.8723
0.0529067 0.0673099 -41.2778
0.0774766 0.0631128 -66.0501
0.0432034 0.0310363 -22.2025
0.0416418 0.0307939 -20.5729
0.0628431 0.0603064 -50.5515
0.069708 0.0584256 -57.6292
0.0457566 0.0748027 -33.1047
0.0457713 0.0847078 -35.7365
0.081687 0.0876839 -80.0623
0.119872 0.101529 -128.884
0.00404404 0.0194988 13.9681
-0.0192374 0.0279424 12.4825
-0.00461687 0.0351749 1.03653
-0.0161578 0.0721875 -6.04633
0.0057438 0.387507 -78.1574
-0.00184158 0.275835 -52.9256
-0.0377344 0.271001 -44.5531
-0.011749 0.262587 -45.6862
0.0181939 0.195014 -34.7672
-0.0124727 0.11748 -11.4416
-0.00289318 0.0930365 -7.6527
-0.0372683 0.161666 -15.9014
0.00656016 0.149067 -24.4009
-0.00459801 0.171303 -26.059
0.0043904 0.101826 -13.6835
0.0703441 0.174268 -50.2583
0.0179045 0.257742 -49.7486
-0.0143466 0.29177 -45.4258
-0.00755321 0.247038 -38.0773
-0.0113932 0.27107 -41.896
-0.0123734 0.267889 -40.6445
-0.0117428 0.267273 -41.0359
0.0390087 0.249376 -61.4451
0.00721636 0.0783989 -6.45013
-0.0346698 0.0688532 17.5435
-0.0268377 0.281325 -34.8646
-0.00423395 0.322022 -56.8394
0.0113859 0.308641 -62.9041
0.00397803 0.301172 -56.8101
0.0370959 0.285554 -73.8439
0.0472443 0.336467 -91.8727
0.055319 0.29214 -87.584
0.0844487 0.201141 -87.6286
0.117775 0.105733 -90.1461
0.112201 0.0849585 -81.2729
0.140288 0.0395541 -92.0036
0.118942 0.0794469 -84.5544
0.10364 0.0893003 -74.1842
0.0864325 0.101745 -62.6876
0.0634431 0.152465 -55.245
-0.0015417 0.370435 -47.6532
-0.0876391 0.429503 15.7842
0.0364499 0.0776713 -29.4913
0.0716023 0.0693549 -60.3909
0.0705315 0.061651 -57.5331
0.0509331 0.0668989 -39.4221
0.0569335 0.0495712 -41.314
0.0547896 0.0423579 -37.8009
0.0380715 0.0464952 -21.4174
0.071243 0.0329914 -53.6131
0.0693858 0.024958 -49.9401
0.0622382 0.0301886 -43.3699
0.0640552 0.056565 -51.0244
0.0616028 0.054914 -47.588
0.0484743 0.0369624 -28.4662
0.0635496 0.0390056 -46.8123
0.0632689 0.0505687 -49.4095
0.139368 0.0500787 -142.188
0.0137772 0.0500124 6.41728
-0.0147743 0.0448758 8.35899
-0.0306182 0.0637715 4.6625
-0.0259521 0.0776536 0.633839
-0.0226681 0.0950419 -3.96698
-0.0420794 0.148832 -14.7367
-0.0260453 0.204738 -29.9817
-0.0344367 0.252417 -40.2389
-0.0198358 0.482331 -98.3335
0.00786773 0.43575 -92.9244
0.0291908 0.429697 -95.795
-0.0448574 0.0139142 36.7829
0.0737295 0.424068 -106.478
0.0623356 0.380767 -91.0285
-0.0211914 0.23729 -29.0088
-0.0062042 0.300462 -50.3642
-0.0122868 0.308172 -49.9765
-0.0181407 0.271993 -38.8426
-0.0231545 0.277158 -38.3312
-0.0182517 0.270611 -38.6766
-0.010104 0.294961 -48.1449
-0.00726165 0.326475 -57.9639
0.00222289 0.31668 -59.4721
0.00992221 0.32707 -65.7658
0.0117313 0.332198 -67.9315
-0.00168378 0.331842 -60.7146
-0.00673601 0.325654 -56.1392
0.00771126 0.325923 -64.5764
0.00496682 0.330726 -64.1024
0.0262695 0.304487 -71.156
0.0421684 0.30077 -80.5551
0.0400544 0.316326 -82.6734
0.0422388 0.309208 -82.7305
0.0313996 0.309647 -74.8608
0.0491545 0.287604 -82.6565
0.061043 0.244361 -80.8139
0.10243 0.0852263 -73.2435
0.122137 0.0375412 -76.9934
0.121158 0.0731768 -84.8401
0.130658 0.0907191 -96.938
0.143772 0.0990799 -110.426
0.156946 0.0304488 -104.676
0.159841 0.0383677 -109.548
0.123778 0.0250015 -72.194
0.0764832 0.0980639 -45.9807
0.0500002 0.204232 -46.9757
0.0136871 0.483634 -81.5307
-0.0120076 0.47033 -51.3058
0.0140969 0.123989 6.60442
0.058769 0.0240579 -38.4625
0.0752894 0.0696838 -67.2587
0.0701382 0.0696751 -61.6077
0.066367 0.0684533 -56.4601
0.0574097 0.0432773 -39.9387
0.0560654 0.0353254 -36.7439
0.0720168 0.0192407 -52.0882
0.0504118 0.0215511 -26.5138
0.0875882 0.00805167 -68.4186
0.0294691 0.0578995 4.29467
0.0257689 0.0726934 0.523107
0.0291877 0.368019 -78.5318
0.0393411 0.36854 -79.4316
0.0109651 0.384651 -82.3318
0.0232166 0.32516 -67.7636
0.0121147 0.352876 -73.3827
0.113664 -0.0252072 22.8843
0.0378498 0.464842 -107.176
0.0481638 0.506504 -120.345
0.0606011 0.469032 -112.284
0.0388582 0.432893 -97.5571
0.016507 0.381108 -78.1016
0.0252249 0.347313 -71.6522
-0.0180728 0.272002 -38.8117
-0.0161023 0.270719 -39.4125
-0.0188734 0.2743 -39.3195
0 0 -1
-0.0133897 0.274636 -42.0147
0.000527169 0.315754 -58.2514
0.00870895 0.304872 -59.146
0.00555244 0.330635 -64.6192
0.0206234 0.342329 -74.573
0.0102734 0.328187 -66.0449
0.0050186 0.338962 -66.1881
0.00361873 0.33673 -64.8391
0.00193226 0.330021 -62.0756
0.00318288 0.33537 -64.2786
0.004648 0.330968 -63.9925
0.011554 0.319756 -65.3474
0.0245104 0.312398 -71.8176
0.0574081 0.289249 -87.4532
0.0417617 0.3153 -83.4471
0.0248861 0.317431 -71.7126
0.015213 0.327274 -67.5016
0.0119301 0.32847 -65.5103
0.0459338 0.338784 -94.6373
0.0789694 0.255378 -98.4179
0.0918571 0.153369 -81.4817
0.121072 0.0672292 -83.2142
0.138677 0.0133058 -84.1503
0.17264 0.0107119 -113.716
0.15077 0.0278823 -98.6076
0.148446 0.0249726 -95.5354
0.119136 0.0505693 -74.5951
0.122577 0.0978261 -90.5833
0.108297 0.10362 -77.8677
0.0790886 0.16921 -66.201
0.0781261 0.23769 -83.5323
0.176634 0.125063 -155.956
0.148454 0.0471588 -103.659
-0.0617218 0.090893 115.698
0.053476 0.0396199 -34.628
0.036129 0.0206143 -9.89226
0.0464633 -0.00609783 -14.8244
0.0665423 0.00234883 -41.0748
0.0576169 -0.00142987 -29.5087
0.0383849 -0.0320796 2.15974
-0.0400803 0.234135 -24.8688
0.359478 -0.00261248 13.9063
-0.106269 0.0713221 27.9818
-0.0639841 -0.0078501 48.7184
-0.0486897 0.197572 -13.1842
0.0394374 0.719484 -180.375
0.0549371 0.463103 -108.374
0.0571469 0.356998 -76.97
0.0127642 0.410117 -85.9401
0.041778 0.404381 -90.1086
0.00741051 0.25285 -37.8904
-0.0166639 0.303284 -47.6742
-0.0223495 0.273102 -38.0178
-0.0171246 0.275933 -40.2711
-0.0236148 0.275575 -38.8804
-0.0159917 0.304518 -49.3717
-0.0237369 0.29871 -44.5714
0.00541156 0.325865 -63.1377
0.011331 0.33265 -67.2851
0.00861138 0.353654 -72.0347
0.012303 0.341985 -70.8322
0.0366342 0.361403 -87.1956
-0.0023635 0.328402 -59.3548
0.0133687 0.332648 -68.4824
-0.0021985 0.335396 -61.208
-0.000467016 0.322755 -58.4992
0.00581932 0.32123 -61.4336
-0.00615177 0.341408 -60.3735
-0.00169886 0.335905 -61.5683
0.00295145 0.319802 -59.5833
0.0166226 0.314718 -67.1599
0.0330887 0.306962 -75.9546
0.0604136 0.288306 -89.2642
0.0424826 0.301854 -79.7892
0.0224682 0.324548 -72.0836
0.0307518 0.329606 -79.7045
0.029314 0.324728 -77.701
0.0266251 0.301652 -68.3436
0.0444517 0.282446 -77.5273
0.0348156 0.257071 -62.6565
0.0612819 0.254324 -84.5228
0.133738 0.087427 -100.116
0.144932 0.0266251 -93.0103
0.150378 0.0319917 -99.6781
0.138779 0.0396906 -90.7137
0.138535 0.0550797 -94.6472
0.12986 0.0351049 -80.1617
0.127154 0.0578825 -84.1983
0.116163 0.11778 -90.1269
0.154564 0.0704306 -117.271
0.155699 0.036399 -108.428
0.0921313 0.0537159 -43.2066
0.0351463 0.126703 -0.778116
0.0511578 0.312358 -73.5558
0.0618991 0.257008 -68.9366
0.0666812 0.185862 -53.5499
0.0046039 0.215231 13.4412
-0.0210872 0.276128 26.0519
-0.0400797 0.234182 -24.8836
-0.042199 0.21406 -18.5267
-0.0284128 0.259865 -34.8686
-0.0226152 0.266695 -37.0576
-0.0212847 0.299589 -47.3038
-0.0261966 0.300218 -46.8375
-0.0153954 0.314587 -52.4512
-0.0145757 0.30256 -48.8444
-0.0194683 0.306391 -48.9361
-0.0217925 0.228343 -24.1297
-0.0250973 0.228862 -23.9128
-0.0331119 0.2348 -23.9154
-0.00613962 0.281182 -45.4317
-0.00582016 0.310889 -54.6155
-0.00737059 0.322307 -57.5499
-0.00382596 0.33127 -61.2604
0.00754278 0.335623 -66.7852
0.00903151 0.354779 -73.2933
0.0154008 0.338522 -70.1765
0.00588995 0.342872 -67.3954
-8.3769e-05 0.316711 -56.7407
-0.00642313 0.319984 -54.7774
-0.00720268 0.318314 -54.3578
0.0100987 0.321842 -63.8032
0.0120879 0.314059 -62.2766
0.00939205 0.32088 -62.9357
0.00764785 0.319588 -61.6371
-0.0164318 0.328144 -50.1713
0.00158823 0.336177 -63.7164
-0.0037887 0.337284 -60.7097
-0.00240316 0.307896 -52.3774
0.0302014 0.301325 -71.8898
0.040452 0.309091 -81.5714
0.052935 0.282496 -82.0656
0.048926 0.290851 -81.2176
0.0261152 0.290816 -63.8025
0.0103232 0.293768 -52.5105
0.028138 0.315461 -73.7679
0.0250154 0.317064 -71.5461
0.0280388 0.322158 -75.8321
0.0304918 0.316324 -76.3046
0.0388591 0.303743 -79.777
0.0642774 0.246032 -84.8423
0.116982 0.138914 -100.814
0.136485 0.0924614 -104.636
0.139374 0.0494818 -94.4712
0.133915 0.0288448 -82.7153
0.12638 0.0431263 -79.5195
0.124727 0.0394513 -76.3846
0.153526 0.0405608 -107.22
0.137529 0.0220694 -84.2759
0.137076 0.0132533 -80.7868
0.114452 0.0480489 -66.5535
0.111777 0.0461375 -62.7152
0.0907885 0.150231 -71.2189
0.105379 0.157266 -89.7451
0.0594322 0.23975 -60.2802
0.0513722 0.27481 -61.885
-0.0316968 0.239672 -26.7592
-0.0284534 0.246359 -29.0977
-0.0351773 0.276576 -38.7306
-0.023145 0.297 -46.35
-0.0213348 0.281626 -41.2234
-0.035191 0.249881 -29.0806
-0.0300041 0.239793 -26.5009
-0.0226172 0.234459 -25.9999
-0.0219257 0.240587 -28.288
-0.000582996 0.284184 -47.2732
-0.00505144 0.278373 -44.4147
0.00597547 0.28976 -51.0531
0.0255106 0.30635 -61.4255
0.000812891 0.302075 -52.8533
-0.00979923 0.319984 -55.7363
0.0126141 0.311922 -60.1862
0.00279468 0.331648 -63.4533
0.0110059 0.339938 -69.131
0.0102685 0.303 -56.465
0.00636455 0.319683 -60.4888
-0.000423938 0.315518 -56.1462
-0.00753075 0.314132 -52.5601
-0.00692987 0.314102 -52.8196
0.00870847 0.320276 -62.6796
-0.00333016 0.348785 -66.0335
0.00865577 0.322426 -63.5418
0.0115626 0.325823 -66.0099
0.00568854 0.324842 -62.232
0.0106889 0.315927 -62.5583
0.00366651 0.326496 -61.419
0.00980526 0.324417 -65.4275
0.0205573 0.313724 -69.3135
0.0235185 0.312127 -70.6967
0.0422423 0.282377 -74.2391
0.0667274 0.273551 -89.021
0.0435013 0.275036 -71.3322
0.0289608 0.317933 -74.7386
0.0334579 0.336792 -84.5811
0.0314715 0.320853 -77.5456
0.0266497 0.325703 -75.0127
0.0175756 0.343719 -73.531
0.0133352 0.333305 -66.3723
0.0250225 0.298411 -65.4363
0.0426179 0.241207 -63.4986
0.0483163 0.231904 -65.4201
0.0710782 0.182637 -70.7047
0.106411 0.112504 -82.2809
0.123424 0.0816976 -89.4214
0.115195 0.0638995 -74.6115
0.129922 0.0400756 -82.4732
0.135625 0.0142115 -79.6987
0.146507 0.012945 -91.5928
0.133207 0.0274061 -81.1203
0.118569 0.0412444 -69.3837
0.152877 0.0594237 -115.188
0.147385 0.0393972 -101.918
0.122829 0.0959721 -91.2801
0.130571 0.100286 -102.248
-0.027457 0.242414 -27.724
-0.0246282 0.241138 -27.3211
-0.0288737 0.220702 -19.6767
-0.0341831 0.239771 -25.8981
-0.040756 0.199245 -11.3381
-0.0344688 0.204971 -14.063
-0.0249419 0.23459 -25.7727
-0.011966 0.262263 -37.6351
0.0102347 0.287177 -50.1511
0.00844861 0.308614 -57.5107
0.00659742 0.315626 -59.4199
0.00762291 0.316487 -60.1188
0.00899219 0.305037 -56.2879
0.00589696 0.288229 -49.5402
0.00699051 0.307347 -56.6657
0.0105216 0.315204 -60.4961
0.019611 0.322745 -66.2705
0.00834014 0.325726 -63.2585
0.00670713 0.320058 -60.7154
-0.000228758 0.3189 -57.4476
-0.00200364 0.303874 -51.5579
-0.0194696 0.286559 -37.2287
0.00797169 0.296162 -53.6889
0.0177234 0.296857 -58.839
0.0141127 0.32544 -67.0854
0.0102376 0.336757 -68.9628
0.00465357 0.33289 -64.911
-0.00396472 0.33976 -61.9664
-0.00791824 0.321007 -52.7651
0.0253971 0.284059 -61.0367
0.0108748 0.303897 -58.5391
0.00172319 0.297203 -50.16
0.00976541 0.267544 -45.5129
0.0189856 0.278511 -55.8818
0.0541895 0.248993 -71.4222
0.0645327 0.267905 -85.4379
0.0470055 0.283496 -76.3431
0.0327432 0.304536 -72.6769
0.0211468 0.316731 -67.2967
0.0296791 0.27962 -61.5074
0.0217137 0.331329 -72.6998
0.0104256 0.334535 -64.1047
0.00455395 0.334869 -58.961
0.0292848 0.322576 -77.6219
0.0115142 0.308915 -55.6262
0.00685912 0.262481 -34.7231
0.0279824 0.195561 -31.9295
0.0777495 0.152032 -66.661
0.119357 0.0997993 -91.1775
0.0947291 0.0889736 -61.7311
0.122159 0.0295381 -70.5174
0.147101 0.0203246 -95.0774
0.144192 0.0161525 -89.7547
0.136096 0.0271573 -84.5025
0.157987 0.0352204 -112.991
0.132544 0.0554959 -89.6559
0.13523 0.0364543 -86.3276
0.129929 0.0417281 -81.7855
-0.0369049 0.244158 -28.2328
-0.0406482 0.22812 -22.1887
-0.0467071 0.188187 -7.18545
-0.041809 0.171371 -1.32406
-0.0237964 0.167569 -1.693
-0.0202094 0.208831 -17.0553
-0.00977633 0.251317 -33.8962
0.0119518 0.263751 -42.0001
0.0302551 0.281874 -51.8807
0.0157508 0.311346 -59.7325
0.00363817 0.306914 -55.4918
-0.0156038 0.300084 -48.4537
-0.00492746 0.246571 -31.6837
0.0063704 0.278476 -46.4059
0.0130995 0.290372 -52.5388
0.00926631 0.283212 -48.7217
0.0126831 0.277089 -47.6766
0.0103861 0.29026 -51.5299
0.0124869 0.302864 -56.8377
-0.000968266 0.299436 -50.1059
-0.00316488 0.305629 -51.5518
-0.00220809 0.313252 -54.6735
0.00452394 0.316053 -58.9472
0.00481921 0.317752 -59.6467
0.0257709 0.285319 -58.9633
0.0272899 0.314246 -70.2538
0.011147 0.347556 -73.2853
-0.00664586 0.341402 -60.7923
-0.0142907 0.324898 -50.4241
0.000758227 0.292043 -47.8113
-0.000761947 0.275038 -40.8532
-0.0209935 0.277911 -28.0316
-0.0163923 0.229778 -13.9474
0.0400827 0.246482 -59.8289
0.0475602 0.254376 -68.1029
0.0803716 0.241738 -88.3216
0.0798642 0.262364 -94.8643
0.0457179 0.304143 -83.0067
0.0315069 0.298076 -69.5206
0.035827 0.328922 -84.2621
0.0297143 0.323381 -77.0902
0.0139973 0.348387 -72.0792
0.0086347 0.363053 -72.5348
0.0214398 0.338784 -75.5637
6.56657e-05 0.318325 -47.7446
-0.00671749 0.290098 -30.6888
-0.00135628 0.25582 -23.6184
0.055183 0.174163 -51.3069
0.0917007 0.133154 -74.0757
0.0892692 0.112242 -63.6859
0.0716747 0.0770454 -32.2137
0.113683 0.0356888 -63.3822
0.151246 0.00837212 -95.2503
0.144882 0.0132541 -89.7151
0.13488 0.024691 -82.1883
0.149722 0.0302149 -101.459
0.119487 0.0231152 -62.5446
0.112435 0.0129617 -50.2877
