0 1 3
1 2 3
2 3 1
3 4 3
4 5 0
5 6 0
6 7 3
7 8 3
8 9 3
9 10 3
10 11 3
11 12 3
12 13 3
13 14 3
14 15 3
15 16 1
16 17 3
17 18 3
18 19 3
19 20 3
20 21 3
21 22 3
22 23 3
23 24 3
24 25 3
25 26 3
26 28 3
28 29 3
29 30 3
30 31 1
31 32 0
32 33 3
33 34 3
34 35 1
35 36 3
36 37 3
37 38 3
38 39 1
39 40 3
40 41 3
41 42 3
42 43 3
43 44 3
44 45 3
45 46 3
46 47 3
47 48 3
48 49 3
49 50 3
50 51 3
51 52 3
52 53 3
53 54 3
54 55 1
55 56 3
56 57 3
26 85 3
28 85 3
43 101 3
54 113 3
55 113 3
26 84 3
44 101 3
8 67 3
9 67 3
25 84 3
4 63 2
3 61 3
5 63 1
84 85 3
6 63 1
54 112 3
55 114 3
56 114 3
6 64 3
23 81 3
24 81 3
35 93 3
36 93 3
112 113 3
113 114 3
3 60 0
7 64 3
7 65 3
22 81 3
28 86 3
38 96 1
39 97 3
2 60 3
3 62 3
4 62 3
19 78 3
20 78 3
85 86 3
37 96 1
39 96 3
40 97 3
43 100 3
46 105 3
47 105 3
1 60 3
61 62 3
11 69 3
12 69 3
14 72 3
16 74 3
17 75 3
18 75 3
18 76 3
19 76 3
24 82 3
30 89 1
31 89 3
33 90 3
33 92 3
34 92 3
36 95 3
37 95 3
42 100 3
100 101 3
44 102 3
47 106 3
48 106 3
50 108 3
51 108 3
51 109 3
52 109 3
52 111 3
53 111 3
0 58 3
1 58 3
8 65 3
8 66 3
9 68 3
10 68 3
12 70 3
13 71 3
13 72 3
15 74 1
16 75 3
19 77 3
21 78 3
21 79 3
22 80 3
81 82 3
32 90 3
35 92 0
95 96 1
40 98 3
41 98 3
101 102 3
45 102 3
45 103 3
46 104 3
49 107 3
52 110 3
54 111 3
1 59 3
60 61 1
62 63 2
63 64 0
65 66 3
66 67 3
68 69 3
69 70 3
70 71 3
71 72 3
15 72 1
15 73 1
74 75 3
76 77 3
77 78 3
79 80 3
24 83 3
25 83 3
29 87 3
32 89 1
33 150 3
92 150 3
36 94 3
96 97 3
102 103 3
45 104 3
104 105 3
106 107 3
49 108 3
109 110 3
110 111 3
58 59 3
59 60 3
64 65 3
73 74 3
75 76 3
80 81 3
82 83 3
83 84 3
30 87 3
94 95 3
97 98 3
41 99 3
105 106 3
107 108 3
108 109 3
111 112 3
92 93 1
93 94 3
98 99 3
67 68 3
78 79 3
28 87 3
89 90 0
56 115 3
72 73 3
86 87 3
90 150 3
42 99 3
114 115 3
99 100 3
103 104 3
95 153 1
96 153 3
63 121 3
30 145 3
87 145 3
30 147 1
64 121 1
89 147 3
94 152 1
145 147 1
89 148 0
90 148 3
95 152 1
106 165 3
107 165 3
109 167 3
59 117 3
60 117 3
67 125 3
98 156 3
101 159 3
102 159 3
102 160 3
103 160 3
108 166 3
108 167 3
61 119 3
62 120 3
68 125 3
81 139 3
86 145 3
101 158 3
105 162 3
107 166 3
110 169 3
111 169 3
114 172 3
60 119 3
61 120 3
66 125 3
71 129 3
75 133 3
76 133 3
82 139 3
93 151 2
152 153 3
97 155 3
98 155 3
99 156 3
100 158 3
104 162 3
105 163 3
115 172 3
64 123 3
65 123 3
65 124 3
66 124 3
69 127 3
70 128 3
71 128 3
72 129 3
77 135 3
78 135 3
90 207 3
150 207 3
92 151 2
106 163 3
112 169 3
113 172 3
58 116 3
62 121 0
64 122 3
68 126 3
70 127 3
128 129 3
72 130 3
73 131 3
74 132 3
76 134 3
79 137 3
80 138 3
83 141 3
84 142 3
85 142 3
85 143 3
86 144 3
147 148 0
94 151 2
155 156 3
106 164 3
164 165 3
110 168 3
112 170 3
113 171 3
116 117 3
60 118 3
123 124 3
125 126 3
126 127 3
127 128 3
129 130 3
131 132 3
132 133 3
134 135 3
78 137 3
137 138 3
138 139 3
83 140 3
141 142 3
143 144 3
99 157 3
158 159 3
159 160 3
162 163 3
165 166 3
166 167 3
109 168 3
168 169 3
117 118 3
118 119 3
121 122 0
122 123 3
124 125 3
130 131 3
133 134 3
82 140 3
142 143 3
144 145 3
151 152 1
156 157 3
163 164 3
169 170 3
112 171 3
171 172 3
119 120 3
139 140 3
145 204 3
147 204 0
103 161 3
104 161 3
170 171 3
78 136 3
140 141 3
148 207 3
150 151 1
96 155 3
135 136 3
136 137 3
160 161 3
161 162 3
153 155 3
100 157 3
120 121 0
157 158 3
167 168 3
144 203 3
145 203 3
153 212 3
155 212 3
150 208 3
153 211 3
115 230 3
207 208 3
211 212 3
172 230 3
151 209 2
157 216 3
158 216 3
119 178 3
120 178 3
156 215 3
121 179 3
122 179 1
152 209 3
157 215 3
151 208 0
165 223 3
135 193 3
148 206 3
155 213 3
156 213 3
215 216 3
166 223 3
118 234 2
120 179 2
123 182 3
124 182 3
125 183 3
136 193 3
203 204 3
147 205 0
159 217 3
160 217 3
160 218 3
161 220 3
162 220 3
162 221 3
163 221 3
169 227 3
170 228 3
119 234 3
125 182 3
126 183 3
129 187 3
130 187 3
130 189 3
131 189 3
132 190 3
137 196 3
138 196 3
142 201 3
143 201 3
204 205 2
158 217 3
168 227 3
171 228 3
116 174 3
117 175 3
117 234 3
122 180 3
123 180 3
123 181 3
181 182 3
126 184 3
128 186 3
128 187 3
130 188 3
133 190 3
133 191 3
134 192 3
135 192 3
136 194 3
137 194 3
140 199 3
141 199 3
144 202 3
205 206 0
206 207 3
161 218 3
161 219 3
164 222 3
166 224 3
167 224 3
167 225 3
169 228 3
171 229 3
172 229 3
174 175 3
180 181 3
182 183 3
127 184 3
189 190 3
191 192 3
193 194 3
137 195 3
139 196 3
201 202 3
208 209 1
212 213 3
216 217 3
219 220 3
220 221 3
164 221 3
165 222 3
223 224 3
168 225 3
178 179 2
179 180 0
127 185 3
186 187 3
195 196 3
152 211 3
156 214 3
218 219 3
227 228 3
185 186 3
188 189 3
190 191 3
194 195 3
139 197 3
139 198 3
140 198 3
142 199 3
202 203 3
214 215 3
224 225 3
228 229 3
179 237 3
183 184 3
187 188 3
196 197 3
142 200 3
213 214 3
221 222 3
192 193 3
198 199 3
199 200 3
200 201 3
217 218 3
222 223 3
178 234 0
184 185 3
152 269 0
211 269 3
197 198 3
203 261 3
225 227 3
200 258 3
201 258 3
202 261 3
209 269 0
229 230 3
175 234 3
180 237 1
230 289 3
227 284 3
208 266 3
225 284 3
207 266 3
209 267 0
194 253 3
195 253 3
204 261 3
267 269 3
214 272 3
215 272 3
178 237 2
192 251 3
193 251 3
208 267 3
215 273 3
216 273 3
237 238 3
183 241 3
184 241 3
189 247 3
234 235 3
180 238 1
184 242 3
190 247 3
190 249 3
191 249 3
192 249 3
218 277 3
219 277 3
229 288 3
175 233 3
178 235 3
185 242 3
190 248 3
206 264 3
207 264 3
213 271 3
219 278 3
224 283 3
230 288 3
180 239 3
181 239 3
182 240 3
185 243 3
186 243 3
247 248 3
195 254 3
196 254 3
199 258 3
213 272 3
216 274 3
217 275 0
218 276 3
220 278 3
221 280 3
222 280 3
223 282 3
224 282 3
225 283 3
288 289 3
174 232 3
178 294 3
183 240 3
186 244 3
187 245 3
188 246 3
192 250 3
194 251 3
194 252 3
201 259 3
202 260 3
204 262 3
212 271 3
272 273 3
223 281 3
227 285 3
232 233 3
233 234 3
239 240 3
243 244 3
244 245 3
245 246 3
188 247 3
249 250 3
250 251 3
251 252 3
198 258 3
258 259 3
259 260 3
260 261 3
205 263 0
264 266 3
211 270 3
271 272 3
217 276 3
276 277 3
221 278 3
280 281 3
282 283 3
284 285 3
238 239 2
252 253 3
197 254 3
197 255 3
198 255 3
198 256 3
198 257 3
206 263 3
266 267 3
212 270 3
273 274 3
216 275 3
281 282 3
283 284 3
241 242 3
246 247 3
253 254 3
256 257 3
204 263 3
263 264 3
275 276 1
277 278 3
221 279 3
228 286 3
229 286 3
257 258 3
262 263 3
269 270 2
274 275 3
278 279 3
228 285 3
247 305 3
248 249 3
261 262 3
279 280 3
285 286 3
240 241 3
242 243 3
242 301 3
237 295 3
243 301 3
270 271 3
235 294 1
255 256 3
269 326 3
229 344 3
273 331 3
288 344 3
250 308 3
251 308 3
240 299 3
241 299 3
274 331 3
286 344 3
246 305 3
266 324 3
267 326 1
237 294 3
238 353 3
267 325 3
274 333 3
275 333 3
254 312 3
251 310 3
252 310 3
254 255 3
281 339 3
282 340 3
238 295 3
248 306 3
252 311 3
255 312 3
266 325 3
280 339 3
339 340 3
282 341 3
283 341 3
294 295 3
247 306 3
311 369 3
253 311 3
253 312 3
264 323 3
325 326 1
272 331 3
280 338 3
234 292 3
295 353 3
238 296 2
244 303 3
245 303 3
258 316 3
259 316 3
266 323 3
271 329 0
272 329 0
338 339 3
288 346 3
233 292 3
235 293 3
293 294 1
242 299 3
243 302 3
244 302 3
248 307 3
249 307 0
311 312 3
256 314 3
261 319 3
323 324 3
270 328 3
272 330 3
289 346 3
232 290 3
232 291 3
233 291 3
239 299 3
299 301 3
246 304 3
259 317 3
260 318 3
261 318 3
262 319 3
269 328 2
329 330 1
277 335 3
279 337 3
279 338 3
284 342 3
285 343 3
292 293 3
302 303 3
303 304 3
304 305 3
305 306 3
257 314 3
257 316 3
260 317 3
263 321 3
330 331 3
276 333 0
276 335 3
278 335 3
337 338 3
341 342 3
342 343 3
286 343 3
344 346 3
290 291 3
291 292 3
306 307 3
249 308 3
252 369 3
312 313 3
255 313 3
257 315 3
262 321 3
271 328 3
278 337 3
340 341 3
289 347 3
301 302 3
317 318 3
318 319 3
329 388 2
278 336 3
346 347 3
256 313 3
315 316 3
330 388 3
336 337 3
269 386 0
276 334 3
308 310 3
310 369 0
314 315 3
316 317 3
264 321 3
324 325 3
326 386 3
328 386 0
274 390 2
239 296 3
307 308 3
313 314 3
331 390 3
333 334 1
343 344 3
308 367 3
310 367 3
296 353 1
319 378 3
262 378 3
321 379 3
239 355 3
307 365 3
264 379 2
328 329 0
335 393 3
335 336 3
296 355 3
299 355 3
299 356 3
264 380 3
346 403 3
355 356 3
334 335 3
344 403 3
318 376 3
334 391 3
334 393 3
293 351 3
301 358 3
299 358 3
308 365 3
317 376 3
333 390 2
333 391 1
291 349 3
294 352 3
312 371 3
313 371 3
313 372 3
314 372 3
379 380 2
323 380 3
323 382 3
326 384 3
292 351 3
293 352 1
316 374 3
321 378 3
344 402 3
371 372 3
315 373 3
331 388 2
341 399 3
347 405 3
305 363 3
314 373 3
318 377 3
319 377 3
334 392 3
337 395 3
338 395 3
340 399 3
343 402 3
402 403 3
346 404 3
291 350 3
292 350 3
352 410 3
295 352 3
301 359 3
304 362 3
305 362 3
306 363 3
311 370 3
312 370 3
316 375 3
317 375 3
325 383 3
391 392 3
392 393 3
339 397 3
347 404 3
290 348 3
299 357 3
302 359 3
302 360 3
303 361 3
303 362 3
362 363 3
365 366 3
324 383 3
325 384 1
384 386 3
336 394 3
337 394 3
338 397 3
340 398 3
342 399 3
342 400 3
343 401 3
348 349 3
350 351 3
351 352 1
356 357 3
357 358 3
360 361 3
361 362 3
308 366 3
369 370 3
372 373 3
315 374 3
376 377 3
377 378 3
324 382 3
328 387 0
329 387 3
335 394 3
394 395 3
397 398 3
400 401 3
401 402 3
403 404 3
404 405 3
349 350 3
296 354 3
354 355 3
359 360 3
306 364 3
307 364 3
375 376 3
387 388 2
390 391 3
352 353 3
358 359 3
310 368 3
368 369 0
370 371 3
373 374 3
383 384 1
331 389 3
393 394 3
353 354 0
363 364 3
374 375 3
378 379 3
382 383 3
384 442 3
389 390 3
398 399 3
399 400 3
383 442 3
331 447 3
366 367 3
367 368 3
323 440 3
382 440 3
386 387 3
388 447 2
323 438 3
389 447 3
438 440 3
386 443 3
380 438 3
384 443 3
378 436 3
379 436 3
379 438 1
393 510 3
377 436 3
351 410 1
338 454 3
397 454 3
399 457 3
400 457 3
356 414 3
372 430 3
373 430 3
375 433 3
376 433 3
438 439 3
439 440 3
452 510 3
394 510 3
394 452 3
395 452 3
395 454 3
397 455 3
398 455 3
355 413 3
355 414 3
357 415 3
358 415 3
358 416 3
359 416 3
354 413 3
357 414 3
365 423 3
366 423 3
369 427 3
454 455 3
353 410 1
353 413 0
363 421 3
366 424 3
370 427 3
452 454 3
350 409 3
353 411 3
353 470 3
413 414 3
359 417 3
364 421 3
364 422 3
364 365 3
367 424 3
374 432 3
375 432 3
390 447 3
351 409 3
414 415 3
360 417 3
361 420 3
362 420 3
365 422 3
423 424 3
368 427 0
371 429 3
376 434 3
377 434 3
379 437 3
387 446 2
388 446 3
391 450 3
392 450 3
455 456 3
398 456 3
402 460 3
403 460 3
348 406 3
349 407 3
350 408 3
413 470 3
360 418 3
370 428 3
370 429 3
371 430 3
373 431 3
433 434 3
377 435 3
442 443 2
386 444 3
387 445 3
390 448 3
391 449 3
393 450 3
399 456 3
400 458 3
401 459 3
401 460 3
406 407 3
407 408 3
409 410 1
410 411 0
411 470 3
415 416 3
361 418 3
420 421 3
421 422 3
429 430 3
430 431 3
374 431 3
432 433 3
434 435 3
443 444 3
444 445 3
445 446 2
446 447 2
447 448 3
448 449 3
449 450 3
393 508 3
408 409 3
417 418 3
361 419 3
431 432 3
435 436 3
459 460 3
403 461 3
404 461 3
404 462 3
418 419 3
428 429 3
450 508 3
456 457 3
457 458 3
460 461 3
461 462 3
405 462 3
416 417 3
367 425 3
368 425 3
368 542 3
401 458 3
419 420 3
427 542 3
383 440 3
458 459 3
424 425 3
427 428 3
508 510 1
434 492 3
436 437 2
437 438 3
422 423 3
433 492 3
449 508 3
435 492 3
462 521 3
442 500 3
383 499 3
442 499 3
440 499 3
443 500 3
409 467 3
436 495 2
437 495 3
437 554 3
408 467 3
427 485 3
438 554 0
499 500 3
462 520 3
520 521 3
421 479 3
432 490 3
443 502 3
444 502 3
461 520 3
420 479 3
422 480 3
423 482 3
424 482 3
425 482 3
485 542 3
431 490 3
436 494 2
439 497 3
443 501 3
452 511 3
455 513 3
457 516 3
458 516 3
411 469 3
421 480 3
446 504 3
447 504 2
447 505 3
448 507 3
449 507 3
454 511 3
406 464 3
406 465 3
407 465 3
408 466 3
410 469 0
415 473 3
423 480 3
428 485 3
431 489 3
433 491 3
435 493 3
494 495 3
501 502 3
444 503 3
445 503 3
504 505 2
448 505 3
456 572 3
457 515 3
458 517 3
459 517 3
464 465 3
407 466 3
466 467 3
410 467 0
469 470 3
416 473 3
479 480 3
425 483 3
368 483 3
489 490 3
490 491 3
491 492 3
492 493 3
495 554 3
503 504 2
507 508 3
455 572 3
456 515 3
515 516 3
460 517 3
417 473 3
423 481 3
481 482 3
430 489 3
436 493 3
448 506 3
413 471 3
414 472 3
480 481 3
428 486 3
438 496 3
439 496 3
500 501 3
502 503 3
505 506 3
513 572 3
460 518 3
470 471 3
413 472 3
417 419 3
430 486 3
496 554 3
439 498 3
454 570 3
454 513 3
517 518 3
461 518 3
420 478 1
440 498 3
506 507 3
511 570 3
515 572 3
465 466 3
415 472 3
496 497 3
497 498 3
516 517 3
461 577 3
471 472 3
417 475 1
417 534 1
419 534 1
419 477 1
420 477 1
478 479 0
482 483 3
430 546 1
520 577 3
473 475 1
477 478 3
486 546 3
498 499 3
473 474 1
475 534 3
479 537 1
410 526 3
469 528 3
470 528 3
474 475 3
477 534 3
478 537 3
483 542 3
485 486 3
510 511 3
518 577 3
489 546 3
467 526 1
498 556 3
499 556 3
501 558 3
507 565 3
508 565 3
499 557 3
500 558 3
513 570 3
485 543 3
489 548 3
490 548 2
497 556 3
556 557 3
472 473 3
486 543 3
504 562 3
493 494 3
510 566 3
571 572 3
469 526 3
508 566 3
510 569 3
511 569 3
513 571 3
469 527 3
474 533 3
475 533 3
480 538 3
497 555 3
555 556 3
503 561 3
505 563 3
526 527 3
527 528 3
474 532 3
479 538 3
481 539 3
482 539 3
491 549 2
492 549 2
492 550 2
493 551 2
502 561 3
504 563 2
506 564 3
570 571 3
464 522 3
465 522 3
466 524 3
467 524 3
467 525 3
472 530 2
473 530 2
533 534 3
478 536 3
482 540 3
483 540 3
492 551 2
494 551 3
494 552 3
495 552 3
496 555 3
501 559 3
502 560 3
562 563 2
506 563 3
507 564 3
510 568 3
515 574 3
516 574 3
465 523 3
465 524 3
525 526 3
471 528 3
471 530 2
473 532 1
532 533 3
536 537 3
538 539 3
542 543 3
486 601 3
486 545 3
546 548 3
549 550 3
558 559 3
559 560 3
560 561 3
568 569 3
517 574 3
517 576 3
518 576 3
523 524 3
473 531 1
531 532 3
477 535 3
478 535 3
537 538 0
543 601 3
545 546 3
546 547 3
547 548 3
490 549 2
566 568 3
528 530 2
535 536 3
548 549 3
550 551 3
500 557 3
503 562 2
515 573 3
576 577 3
520 578 3
521 578 3
522 523 3
540 542 3
551 552 3
552 554 3
563 564 3
572 573 3
573 574 3
530 531 1
577 578 3
534 535 3
539 540 3
554 555 3
564 565 3
569 570 3
578 579 3
521 579 3
557 558 3
524 525 3
530 587 2
537 596 3
538 596 1
561 562 2
545 601 3
565 566 3
571 629 3
528 587 2
572 629 3
540 599 3
542 601 3
552 611 3
554 611 3
562 620 3
536 593 3
538 597 3
539 597 3
542 599 3
561 620 2
535 593 3
563 621 3
564 621 3
574 632 3
537 595 3
557 616 3
517 632 3
579 637 3
595 596 3
558 616 3
566 626 3
568 626 3
573 632 3
578 637 3
534 592 3
537 594 3
548 606 3
549 606 3
552 610 3
559 616 3
566 624 3
534 593 3
536 594 3
594 595 3
596 597 0
610 611 3
554 613 3
555 613 2
564 680 1
577 635 3
578 635 3
528 586 3
533 591 3
534 591 3
539 598 3
540 598 3
542 600 3
545 604 3
546 604 3
551 609 3
551 610 3
554 612 3
556 613 2
562 621 2
565 680 3
624 626 3
569 627 3
572 630 3
576 632 3
576 635 3
522 580 3
523 580 3
527 585 3
527 586 3
586 587 2
532 589 3
532 590 3
592 593 3
599 600 3
600 601 3
549 608 3
550 608 3
550 609 3
611 612 3
565 681 3
570 627 3
629 630 3
573 630 3
526 585 3
585 586 3
531 589 3
532 591 3
590 591 3
591 592 3
593 594 3
598 599 3
545 603 3
547 604 3
608 609 3
609 610 3
559 618 3
560 618 3
561 676 3
620 621 2
680 681 3
565 624 3
568 627 3
570 628 3
523 581 3
524 582 3
589 590 3
597 598 3
545 602 3
603 604 3
612 613 3
621 680 1
627 628 3
571 628 3
576 634 3
581 639 3
524 581 3
526 584 3
587 646 2
530 589 2
601 602 3
549 607 3
616 618 3
580 581 3
547 606 2
607 608 3
561 618 3
624 681 3
628 629 3
581 582 3
602 603 3
606 607 3
556 672 2
626 627 3
632 634 3
525 583 3
525 584 3
587 589 2
613 672 3
618 676 3
632 691 3
634 635 3
582 639 3
524 583 3
584 585 3
547 605 3
589 646 3
604 605 3
605 606 3
573 689 3
557 672 2
557 673 2
616 673 3
630 689 3
632 689 3
582 583 3
583 584 3
634 691 1
618 675 3
583 641 3
616 675 3
620 677 2
624 683 3
626 683 3
597 654 3
561 677 2
624 682 3
582 641 3
676 677 3
682 683 3
585 643 3
586 643 3
591 648 3
590 648 3
594 652 3
612 671 3
613 671 3
672 673 3
632 690 3
593 652 3
600 658 3
603 661 3
675 676 3
628 687 3
690 691 3
582 640 3
640 641 3
587 644 3
589 647 3
590 647 3
591 649 3
592 649 3
593 651 3
595 653 3
601 658 3
601 659 3
601 660 3
602 660 3
604 661 3
605 722 3
606 722 3
610 669 3
611 669 3
612 669 3
629 687 3
637 695 3
584 641 3
584 643 3
586 644 3
651 652 3
596 653 3
658 659 3
604 663 3
605 663 3
621 679 3
578 695 3
580 638 3
581 638 3
639 640 3
584 642 3
647 648 3
592 650 3
592 651 3
596 654 3
654 655 3
597 655 3
659 660 3
604 662 3
663 722 3
607 665 3
608 665 3
608 666 3
609 667 3
610 668 3
612 670 3
671 672 3
616 674 3
620 679 2
626 685 3
635 693 3
578 693 3
642 643 3
643 644 3
649 650 3
650 651 3
594 653 3
661 662 3
666 667 3
667 668 3
669 670 3
670 671 3
627 685 3
689 690 3
648 649 3
598 657 3
599 657 3
606 665 3
673 674 3
628 685 3
634 693 3
693 695 3
641 642 3
646 647 3
597 656 2
598 656 3
657 658 3
603 660 3
665 666 3
674 675 3
677 736 3
679 680 1
685 687 3
662 663 3
668 669 3
677 679 3
681 682 3
655 656 3
656 657 3
683 685 3
638 639 3
587 703 2
652 653 3
660 661 3
644 703 3
646 703 3
665 722 3
630 746 3
634 749 3
693 752 3
695 752 3
653 654 3
679 736 3
629 746 3
689 746 3
691 749 3
647 705 3
648 705 3
648 706 3
705 706 3
634 750 3
643 702 3
653 711 2
683 743 3
685 743 3
749 750 3
693 750 3
644 702 3
646 704 3
647 704 3
652 711 2
660 718 3
673 731 3
687 746 3
704 705 3
674 731 3
742 743 3
750 751 3
693 751 3
642 700 3
655 713 3
659 718 3
672 731 3
676 792 2
656 713 3
656 714 3
662 720 3
663 720 3
674 732 3
675 792 3
683 741 3
690 749 3
641 699 3
642 699 3
657 714 3
663 721 3
665 724 3
666 724 3
671 730 3
672 730 3
731 732 3
682 741 3
639 755 3
643 701 3
649 707 3
650 707 3
650 708 3
651 708 3
658 717 3
659 717 3
661 718 3
720 721 3
665 723 3
730 731 3
680 738 3
683 742 3
685 744 3
687 744 3
638 696 3
640 755 3
640 698 3
699 700 3
643 700 3
701 702 3
654 712 3
657 715 3
658 716 3
661 719 3
661 720 3
721 722 3
667 725 3
668 726 3
669 727 3
670 728 3
671 729 3
676 735 3
677 735 3
679 737 3
679 738 1
681 739 3
682 740 3
743 744 3
689 747 3
639 696 3
700 701 3
652 710 2
710 711 3
653 712 2
713 714 3
657 716 3
716 717 3
718 719 3
722 723 3
723 724 3
666 725 3
725 726 3
726 727 3
727 728 3
728 729 3
729 730 3
675 733 3
736 737 3
737 738 1
738 739 3
739 740 3
741 742 3
690 747 3
751 752 3
695 753 3
698 755 3
640 699 3
702 703 3
649 706 3
654 713 2
714 715 3
715 716 3
717 718 3
719 720 3
724 725 3
675 732 3
733 792 3
740 741 3
746 747 3
698 699 3
703 704 3
707 708 3
651 709 3
690 748 3
752 753 3
696 755 3
652 709 3
732 733 3
735 792 3
747 748 3
748 749 3
708 709 3
712 713 3
706 707 3
735 736 3
709 710 3
711 712 3
687 803 3
746 803 3
749 865 3
712 770 3
713 770 3
699 757 3
721 779 3
735 793 3
736 793 2
736 794 2
737 794 2
687 802 3
746 804 3
749 808 3
698 757 3
702 761 2
703 761 2
710 768 3
720 779 3
737 795 3
802 803 3
746 805 1
747 805 1
748 805 1
750 808 3
715 773 3
722 779 3
738 795 0
744 802 3
804 805 1
704 761 2
711 770 3
716 773 3
726 784 3
732 790 3
733 790 3
753 811 3
709 768 3
711 768 3
711 769 3
713 771 3
718 777 3
719 777 3
723 782 3
724 782 3
727 784 3
731 790 3
743 802 3
751 808 3
751 809 3
752 809 3
752 810 3
753 810 3
696 754 3
704 762 2
709 767 3
768 769 3
769 770 3
770 771 3
714 771 3
714 772 3
718 776 3
720 778 3
722 780 3
725 783 3
727 785 3
728 786 3
729 787 3
730 788 3
731 789 3
733 791 3
739 797 3
740 797 3
740 798 3
741 798 3
741 799 3
748 806 3
749 806 3
808 865 3
754 755 3
699 758 2
700 758 2
701 759 2
761 762 3
705 707 3
708 767 2
767 768 3
771 772 3
772 773 3
717 776 3
719 778 3
778 779 3
723 780 3
723 781 3
782 783 3
783 784 3
784 785 3
785 786 3
786 787 3
787 788 3
788 789 3
789 790 3
790 791 3
793 794 3
738 797 3
742 799 3
805 806 3
806 865 3
755 756 3
700 759 2
716 775 3
717 775 3
776 777 3
780 781 3
781 782 3
791 792 3
795 797 3
797 798 3
798 799 3
810 811 3
698 756 3
757 758 3
758 759 3
702 759 2
705 762 2
705 763 2
779 780 3
792 793 3
809 810 3
707 765 2
708 765 2
708 824 2
775 776 3
777 778 3
794 795 3
742 800 3
756 757 3
702 760 2
760 761 3
762 763 3
707 763 2
765 824 3
767 824 3
799 800 3
742 802 3
803 804 3
809 867 3
707 764 2
773 775 3
751 867 3
808 867 3
759 760 3
764 765 3
763 764 3
773 832 3
775 832 3
800 802 3
773 831 3
795 854 3
797 854 2
800 859 3
802 859 3
831 832 3
792 850 3
802 860 3
808 866 3
810 867 3
779 837 3
791 850 3
793 850 3
798 856 2
799 856 2
859 860 3
803 860 3
805 862 2
754 813 3
755 813 3
756 813 3
758 816 3
782 840 3
804 862 1
865 866 3
759 816 3
759 817 3
760 817 3
767 825 3
778 837 3
783 840 3
810 868 3
811 868 3
764 822 3
768 825 3
777 835 3
778 835 3
780 838 3
781 840 3
783 842 3
784 842 3
785 842 3
795 853 3
797 855 2
867 868 3
754 812 3
760 818 3
761 820 3
762 820 3
763 821 3
765 822 3
765 823 3
824 825 3
768 826 3
769 827 3
770 828 3
771 829 3
772 830 3
772 831 3
775 833 3
776 834 3
779 838 3
781 838 3
785 843 3
786 844 3
787 845 3
788 846 3
789 847 3
790 848 3
791 849 3
793 851 3
794 852 3
794 853 3
854 855 3
797 856 2
803 862 2
862 921 2
805 864 3
806 864 3
866 867 3
812 813 3
757 815 3
757 816 3
816 817 3
761 818 3
820 821 3
821 822 3
822 823 3
823 824 3
826 827 3
770 827 3
828 829 3
829 830 3
832 833 3
833 834 3
834 835 3
783 841 3
842 843 3
843 844 3
844 845 3
845 846 3
846 847 3
847 848 3
848 849 3
849 850 3
850 851 3
851 852 3
853 854 3
803 861 3
817 818 3
761 819 3
825 826 3
830 831 3
837 838 3
840 841 3
841 842 3
855 856 3
860 861 3
861 862 2
864 865 3
811 869 3
756 815 3
815 816 3
818 819 3
819 820 3
827 828 3
852 853 3
799 857 2
800 857 2
868 869 3
756 814 3
856 857 3
813 814 3
814 815 3
805 921 3
781 897 3
840 897 3
862 920 1
864 921 3
838 897 3
920 921 3
835 894 3
778 894 3
866 924 3
837 894 3
857 859 2
857 916 3
859 916 2
865 924 3
867 924 3
815 874 3
816 874 3
861 919 3
865 923 3
867 926 3
868 926 3
818 876 3
862 919 2
864 923 3
867 925 3
869 926 3
813 872 3
814 872 3
817 875 3
818 875 3
819 876 3
859 917 2
925 926 3
821 879 3
823 882 3
824 882 3
825 884 3
826 884 3
835 893 3
838 896 3
840 899 3
841 899 3
856 915 3
857 915 3
860 917 2
924 925 3
813 871 3
815 872 3
819 877 3
820 878 3
822 879 3
825 882 3
827 885 3
828 885 3
832 890 3
834 893 3
896 897 3
848 906 3
812 870 3
871 872 3
815 873 3
875 876 3
820 877 3
821 878 3
822 880 3
823 881 3
825 883 3
828 886 3
829 887 3
830 887 3
830 888 3
831 889 3
831 890 3
833 891 3
834 892 3
837 895 3
840 898 3
842 900 3
843 901 3
844 902 3
845 903 3
846 904 3
847 905 3
847 906 3
849 907 3
850 908 3
851 909 3
852 910 3
853 911 3
854 912 3
855 913 3
856 914 3
923 924 3
869 927 3
870 871 3
880 881 3
881 882 3
882 883 3
883 884 3
884 885 3
886 887 3
888 889 3
889 890 3
890 891 3
891 892 3
892 893 3
893 894 3
894 895 3
895 896 3
897 898 3
899 900 3
900 901 3
901 902 3
902 903 3
903 904 3
847 904 3
906 907 3
907 908 3
908 909 3
909 910 3
910 911 3
911 912 3
912 913 3
913 914 3
914 915 3
915 916 3
916 917 3
860 918 2
860 919 3
926 927 3
817 874 3
876 877 3
877 878 3
879 880 3
885 886 3
898 899 3
904 905 3
917 918 3
872 873 3
873 874 3
874 875 3
878 879 3
887 888 3
905 906 3
919 920 1
918 919 3
919 978 3
920 978 0
864 980 3
923 980 3
921 980 3
924 982 3
874 931 3
916 974 3
925 982 3
873 931 3
914 972 3
917 974 3
921 979 3
915 972 3
979 980 3
871 929 3
872 929 3
875 934 3
876 934 3
881 939 3
888 946 3
896 954 3
897 954 3
904 962 3
905 962 3
923 981 3
923 982 3
927 985 3
870 928 3
874 933 3
875 933 3
877 934 3
877 935 3
878 936 3
879 937 3
880 937 3
880 939 3
882 941 3
883 941 3
884 942 3
885 943 3
886 944 3
887 945 3
888 945 3
889 946 3
889 947 3
890 948 3
891 949 3
892 950 3
893 951 3
894 952 3
895 953 3
898 956 3
899 957 3
900 958 3
901 959 3
902 960 3
903 961 3
904 961 3
905 963 3
906 963 3
906 964 3
907 965 3
908 966 3
909 967 3
911 969 3
911 970 3
912 970 3
913 971 3
915 973 3
917 975 3
918 976 3
981 982 3
926 985 3
928 929 3
935 936 3
936 937 3
882 939 3
884 941 3
942 943 3
943 944 3
944 945 3
947 948 3
948 949 3
949 950 3
950 951 3
951 952 3
952 953 3
953 954 3
897 955 3
897 956 3
956 957 3
957 958 3
958 959 3
959 960 3
960 961 3
962 963 3
963 964 3
964 965 3
965 966 3
966 967 3
910 967 3
910 969 3
970 971 3
971 972 3
972 973 3
973 974 3
975 976 3
919 976 2
933 934 3
880 938 3
945 946 3
954 955 3
955 956 3
920 979 3
980 981 3
926 982 3
931 933 3
934 935 3
937 938 3
938 939 3
941 942 3
946 947 3
961 962 3
974 975 3
873 929 3
929 931 3
969 970 3
926 984 3
976 978 2
978 1035 3
982 984 3
976 1035 3
984 985 3
882 998 3
967 969 3
939 998 3
941 998 3
978 979 3
978 1037 3
929 988 3
931 988 3
967 1026 3
969 1026 3
979 1037 2
931 990 3
933 990 3
979 1038 3
980 1038 3
978 1036 3
982 1041 3
939 997 3
953 1012 3
954 1012 3
1035 1036 3
981 1039 3
982 1040 3
931 989 3
938 997 3
946 1005 3
947 1005 3
980 1039 3
1040 1041 3
984 1043 3
989 990 3
935 993 3
936 993 3
936 994 3
944 1002 3
948 1006 3
951 1009 3
955 1013 3
956 1013 3
961 1020 3
962 1020 3
969 1028 3
970 1028 3
1036 1037 3
985 1043 3
934 992 3
935 992 3
937 994 3
937 996 3
938 996 3
945 1002 3
949 1006 3
949 1007 3
950 1007 3
952 1009 3
954 1013 3
963 1020 3
963 1022 3
964 1022 3
981 1040 3
984 1042 3
928 986 3
929 987 3
933 991 3
992 993 3
941 999 3
942 1000 3
943 1001 3
945 1003 3
946 1004 3
1004 1005 3
947 1006 3
950 1009 3
953 1011 3
956 1014 3
957 1015 3
958 1016 3
959 1017 3
960 1018 3
961 1019 3
963 1021 3
965 1022 3
965 1023 3
966 1024 3
967 1025 3
971 1029 3
972 1030 3
973 1031 3
975 1033 3
976 1034 3
984 1041 3
1042 1043 3
986 987 3
987 988 3
988 989 3
990 991 3
934 991 3
997 998 3
998 999 3
999 1000 3
1000 1001 3
1001 1002 3
1002 1003 3
1003 1004 3
952 1011 3
1011 1012 3
1013 1014 3
1014 1015 3
1015 1016 3
1016 1017 3
1017 1018 3
1018 1019 3
1019 1020 3
1020 1021 3
1021 1022 3
1023 1024 3
1024 1025 3
1028 1029 3
1029 1030 3
1030 1031 3
974 1031 3
974 1033 3
1033 1034 3
1034 1035 3
1037 1038 3
991 992 3
993 994 3
996 997 3
1005 1006 3
1006 1007 3
1022 1023 3
1012 1013 3
1025 1026 3
1031 1033 3
1041 1042 3
1039 1040 3
994 996 3
1007 1009 3
