0 1 3
1 3 3
3 4 3
4 5 2
5 64 0
7 64 0
7 8 3
8 9 3
9 10 3
10 11 3
11 12 3
12 71 3
15 71 3
15 16 3
16 17 3
17 18 3
18 19 3
19 20 3
20 22 2
22 23 3
23 24 1
24 25 0
25 27 1
27 29 3
29 30 3
30 31 3
31 32 3
32 33 3
33 34 3
34 35 3
35 36 2
36 38 1
38 40 3
40 100 1
42 100 3
42 43 3
43 44 3
44 45 3
45 46 3
46 47 3
47 48 3
48 49 3
49 50 3
50 51 3
51 52 3
52 55 3
55 56 3
56 57 3
52 54 3
25 26 1
40 97 3
54 55 3
36 95 1
38 95 1
50 108 3
26 27 1
51 108 3
52 111 3
15 73 3
51 110 1
49 108 3
52 110 3
54 111 3
27 85 3
51 109 1
109 110 3
15 72 3
16 73 2
54 112 3
72 73 3
19 78 3
20 78 3
33 92 3
34 92 3
110 111 3
1 60 3
7 65 0
71 72 3
20 79 3
29 85 3
29 87 3
55 112 3
56 115 3
57 115 3
5 63 0
17 75 3
78 79 3
22 80 0
63 64 3
8 65 0
8 66 0
25 83 2
29 144 3
99 100 3
42 101 3
43 101 3
43 102 3
44 102 3
64 65 3
9 66 0
9 67 0
18 75 3
24 83 3
85 144 3
40 99 1
108 109 1
3 60 3
65 66 3
66 67 3
38 97 3
45 103 3
46 104 3
111 112 3
1 59 3
18 76 3
22 79 2
24 82 3
32 91 3
33 91 3
91 92 3
100 101 3
102 103 3
103 104 3
47 104 3
48 106 3
0 59 3
10 67 0
19 76 3
23 80 3
23 82 2
82 83 3
26 84 0
30 147 3
94 95 3
101 102 3
59 60 3
3 61 3
4 61 3
16 75 3
75 76 3
27 84 3
30 87 3
31 147 3
97 99 1
47 106 3
4 63 3
10 70 0
11 70 0
84 85 3
36 94 2
47 163 3
49 106 3
76 78 3
79 80 0
38 154 1
60 61 3
12 70 0
70 71 1
26 83 0
87 147 3
35 92 3
95 154 3
97 154 1
73 75 2
35 94 0
4 121 3
67 70 3
87 144 3
106 163 3
106 108 3
55 172 3
56 172 3
61 121 3
63 121 3
80 82 2
35 152 2
112 171 3
115 172 3
59 116 3
94 152 3
104 163 3
55 171 3
83 84 3
64 122 3
97 157 1
108 165 3
64 123 3
65 123 3
70 127 3
70 128 3
71 129 0
32 147 3
35 209 3
99 157 3
171 172 3
61 120 3
120 121 3
122 123 3
67 126 3
70 126 3
127 128 3
32 148 3
91 148 3
92 209 3
94 153 3
106 165 3
59 117 3
126 127 3
72 130 0
75 134 3
76 134 3
76 135 3
81 82 1
147 148 3
152 209 2
95 153 3
60 117 3
70 129 3
71 130 0
111 169 3
129 130 3
75 132 2
78 135 3
80 81 3
100 158 3
101 159 3
102 159 3
116 117 3
73 132 3
99 158 3
101 158 3
110 169 3
112 169 3
78 136 3
87 145 3
104 162 3
106 164 3
112 170 3
66 123 3
67 125 3
125 126 3
79 136 3
79 137 0
80 137 3
91 149 3
92 149 3
97 156 1
162 163 3
108 167 3
109 167 3
110 168 3
170 171 3
60 118 3
60 119 3
61 119 3
63 122 3
66 124 3
66 125 3
73 130 0
92 150 3
97 155 3
156 157 1
102 160 3
103 160 3
103 161 3
164 165 3
108 166 3
168 169 3
115 173 3
117 118 3
119 120 3
124 125 3
84 143 3
85 143 3
149 150 3
150 209 3
153 154 3
155 156 2
160 161 3
161 162 3
166 167 3
123 124 3
136 137 3
143 144 3
145 147 3
154 155 3
157 158 3
163 164 3
165 166 3
169 170 3
118 119 3
132 134 2
159 160 3
172 173 3
121 122 3
128 129 3
134 135 3
144 145 3
148 149 3
110 167 2
158 159 3
167 168 3
130 132 2
81 198 3
82 198 0
135 136 3
83 198 0
80 196 3
84 142 0
142 143 3
165 223 3
137 196 3
81 196 3
83 142 0
152 153 2
132 190 0
134 190 0
134 193 0
144 202 3
164 223 3
127 186 3
128 186 3
130 189 3
134 191 0
134 192 0
142 198 3
147 203 3
147 204 3
132 189 2
190 191 3
191 192 3
135 193 0
143 202 3
145 203 3
203 204 3
152 210 3
126 184 3
127 184 3
192 193 3
147 205 3
148 205 3
165 224 3
166 224 3
169 227 3
116 174 3
117 174 3
119 177 3
150 208 3
153 155 3
159 217 3
168 227 3
171 229 3
172 229 3
120 177 3
125 184 3
129 187 3
208 209 3
157 215 2
160 217 3
162 220 3
163 221 3
128 187 3
129 188 3
130 188 3
148 206 3
149 206 3
158 215 2
160 218 3
161 218 3
161 220 3
162 221 3
167 226 3
168 226 3
170 228 3
153 210 3
153 212 3
155 212 3
158 217 3
220 221 3
164 222 3
169 228 3
170 229 3
172 230 3
117 175 3
118 176 3
120 178 3
121 178 3
121 179 3
122 180 3
123 181 3
124 182 3
125 183 3
127 185 3
188 189 3
143 201 3
205 206 3
149 207 3
153 211 3
156 214 2
158 216 3
161 219 3
164 221 3
172 231 3
173 231 3
175 176 3
176 177 3
177 178 3
178 179 3
179 180 3
180 181 3
181 182 3
182 183 3
184 185 3
185 186 3
187 188 3
136 194 3
136 195 3
195 196 3
201 202 3
144 203 3
206 207 3
207 208 3
209 210 0
211 212 3
155 214 3
156 215 2
215 216 2
216 217 3
217 218 3
218 219 3
219 220 3
222 223 3
229 230 3
174 175 3
186 187 3
135 194 3
137 195 3
210 211 3
223 224 3
226 227 3
228 229 3
230 231 3
183 184 3
193 194 3
142 201 3
210 268 3
167 224 2
139 142 3
209 267 3
209 268 0
167 225 3
227 228 3
139 201 3
267 268 0
224 225 3
204 205 3
208 267 3
221 222 3
194 195 3
139 198 3
225 226 3
231 289 0
189 190 3
202 203 3
193 251 3
81 255 3
198 255 3
155 271 3
214 271 3
192 251 3
194 252 3
196 255 3
204 261 3
214 215 2
203 261 3
212 271 3
139 257 3
212 270 3
270 271 3
175 233 3
193 252 3
198 257 3
221 279 3
187 245 3
198 314 3
139 259 3
202 260 3
203 260 3
217 275 3
222 279 3
222 281 3
186 245 3
189 247 3
190 247 3
251 252 3
201 259 3
211 269 3
218 275 3
230 288 3
179 237 3
188 247 3
257 259 3
208 266 3
210 269 3
215 272 2
218 277 3
219 277 3
220 279 3
222 280 3
224 282 3
227 285 3
288 289 3
230 289 0
180 237 3
185 243 3
188 245 3
201 260 3
207 266 3
214 272 3
218 276 3
279 280 3
223 282 3
228 285 3
178 236 3
179 236 3
184 243 3
196 254 3
216 274 3
174 233 3
177 236 3
182 240 3
183 240 3
184 242 3
257 314 3
260 261 3
215 273 1
215 274 2
276 277 3
220 278 3
228 286 3
174 232 3
175 234 3
176 234 3
177 235 3
180 238 3
181 239 3
183 241 3
183 242 3
186 244 3
188 246 3
190 248 3
191 249 3
192 250 3
195 254 3
204 262 3
204 263 3
205 263 3
206 264 3
266 267 3
273 274 3
216 275 3
219 278 3
278 279 3
280 281 3
223 281 3
225 283 3
229 286 3
232 233 3
233 234 3
234 235 3
238 239 3
239 240 3
241 242 3
243 244 3
245 246 3
246 247 3
247 248 3
248 249 3
249 250 3
250 251 3
254 255 3
261 262 3
262 263 3
263 264 3
207 264 3
207 265 3
269 270 3
281 282 3
282 283 3
226 285 3
285 286 3
235 236 3
240 241 3
242 243 3
244 245 3
265 266 3
277 278 3
229 288 3
236 237 3
237 238 3
272 273 1
274 275 3
226 284 3
286 288 3
255 314 3
264 265 3
275 276 3
225 284 3
284 285 3
259 260 3
271 272 3
283 284 3
268 269 3
267 325 3
237 296 3
238 296 3
194 311 2
194 254 3
252 311 3
263 321 3
251 309 3
262 321 3
237 295 3
252 309 3
266 324 3
267 324 3
277 335 3
286 345 3
288 345 3
236 295 3
324 325 3
278 335 3
280 338 3
233 292 3
234 292 3
246 304 3
247 305 3
248 305 3
261 319 3
268 326 3
279 338 3
232 291 3
233 291 3
238 297 3
239 297 3
242 301 3
243 301 3
247 304 3
254 314 3
257 316 3
259 316 3
260 319 3
262 319 3
272 330 3
276 334 3
277 334 3
278 337 3
279 337 3
283 341 3
288 346 3
232 290 3
235 292 3
235 293 3
236 293 3
295 296 3
240 298 3
241 299 3
242 300 3
244 301 3
244 302 3
245 303 3
248 306 3
249 306 3
249 307 3
250 308 3
309 310 3
252 310 3
264 322 3
265 323 3
266 323 3
269 327 3
270 328 3
271 329 3
273 330 0
273 331 3
274 332 3
275 333 3
278 336 3
282 341 3
289 346 3
290 291 3
291 292 3
292 293 3
236 294 3
296 297 3
297 298 3
298 299 3
299 300 3
302 303 3
303 304 3
250 307 3
308 309 3
310 311 3
321 322 3
322 323 3
326 327 3
327 328 3
328 329 3
271 330 3
330 331 1
331 332 3
332 333 3
275 334 3
334 335 3
281 338 3
286 344 3
294 295 3
301 302 3
306 307 3
335 336 3
336 337 3
337 338 3
284 341 3
344 345 3
345 346 3
293 294 3
305 306 3
307 308 3
323 324 3
329 330 3
281 396 3
304 305 3
194 372 3
260 375 3
333 334 3
284 286 2
300 301 3
311 372 3
259 375 3
267 383 3
282 396 3
254 372 3
325 383 3
268 383 1
284 342 3
326 383 1
282 398 3
319 321 3
396 398 3
341 342 3
286 342 3
260 376 3
314 373 3
257 373 3
316 375 3
375 376 3
336 394 3
286 401 0
346 347 1
311 370 3
370 372 3
319 378 3
342 401 3
344 401 3
316 373 3
321 378 3
338 396 3
341 398 3
319 376 3
324 382 3
344 403 3
314 372 3
324 383 3
345 403 3
346 404 3
371 372 3
316 374 3
337 394 3
341 399 3
344 402 3
370 371 3
323 382 3
398 399 3
401 402 3
376 377 3
319 377 3
341 400 3
342 400 3
301 359 3
302 359 3
307 365 3
335 393 3
303 361 3
306 365 3
383 384 0
326 384 3
329 388 3
330 388 3
333 391 3
334 391 3
334 393 3
290 348 3
292 350 3
293 350 3
295 354 3
296 354 3
297 355 3
298 355 3
298 356 3
300 358 3
302 361 3
310 368 3
373 374 3
374 375 3
291 349 3
291 350 3
293 351 3
294 352 3
294 353 3
295 353 3
296 355 3
299 356 3
299 358 3
304 362 3
305 363 3
306 364 3
308 365 3
308 366 3
309 367 3
311 368 3
311 369 3
369 370 3
374 432 3
322 381 3
323 381 3
381 382 3
382 383 1
327 385 3
328 386 3
329 386 3
331 388 0
331 389 3
332 390 3
333 390 3
337 395 3
347 404 0
348 349 3
349 350 3
350 351 3
351 352 3
352 353 3
354 355 3
358 359 3
361 362 3
362 363 3
363 364 3
364 365 3
365 366 3
366 367 3
367 368 3
368 369 3
321 380 3
384 385 3
385 386 3
329 387 3
388 389 1
334 392 3
336 393 3
338 395 3
402 403 3
345 404 3
353 354 3
355 356 3
302 360 3
377 378 3
322 380 3
387 388 3
391 392 3
393 394 3
394 395 3
359 360 3
360 361 3
332 389 3
395 396 3
386 387 3
400 401 3
403 404 3
299 357 3
380 381 3
390 391 3
392 393 3
399 400 3
357 358 3
356 357 3
372 373 3
378 380 3
373 431 3
389 390 3
347 405 3
381 439 3
404 405 3
389 448 3
390 448 3
380 439 2
393 452 3
394 452 3
399 456 3
362 420 3
372 430 3
439 496 3
396 455 3
398 456 3
361 420 3
371 430 3
373 430 3
398 455 3
363 422 3
364 422 3
401 460 3
402 460 3
403 461 3
404 461 3
380 496 3
388 446 3
394 453 3
395 453 3
402 461 3
352 410 3
352 411 3
353 411 3
360 418 3
365 424 3
366 424 3
369 427 3
370 427 3
430 431 3
378 436 3
382 440 3
383 441 3
386 444 3
387 444 3
387 446 3
390 449 3
391 449 3
396 453 3
351 409 3
352 409 3
357 415 3
358 415 3
359 418 3
361 418 3
363 421 3
368 427 3
371 429 3
377 436 3
378 437 3
384 441 1
387 445 3
389 446 0
389 447 0
393 451 3
348 406 3
349 406 3
349 407 3
350 408 3
350 409 3
409 410 3
354 412 3
355 413 3
356 414 3
358 416 3
359 417 3
361 419 3
421 422 3
364 423 3
365 423 3
367 425 3
368 425 3
368 426 3
370 428 3
370 429 3
429 430 3
436 437 3
380 437 3
383 440 0
384 442 3
385 443 3
446 447 3
448 449 3
392 451 3
452 453 3
396 454 3
399 457 3
401 459 3
404 462 3
407 408 3
411 412 3
412 413 3
413 414 3
356 415 3
359 416 3
418 419 3
419 420 3
420 421 3
423 424 3
424 425 3
426 427 3
374 431 3
375 434 3
440 441 1
442 443 3
443 444 3
447 448 1
453 454 3
456 457 3
400 457 3
400 459 3
405 462 3
406 407 3
415 416 3
422 423 3
427 428 3
431 432 3
376 434 3
382 439 1
441 442 0
392 449 3
455 456 3
459 460 3
408 409 3
410 411 3
414 415 3
417 418 3
428 429 3
444 445 3
445 446 3
454 455 3
461 462 3
374 490 3
451 452 3
460 461 3
416 417 3
432 490 3
375 490 3
376 436 3
425 426 3
431 490 3
400 516 3
434 490 3
434 436 3
436 493 3
439 440 0
434 493 0
457 516 3
459 516 3
436 494 3
392 508 3
451 508 3
405 463 3
493 494 3
453 512 3
454 512 3
462 463 3
380 495 3
392 507 3
436 495 3
437 495 3
449 507 3
507 508 3
427 486 3
490 491 3
460 517 3
460 518 3
411 469 3
428 486 3
434 491 3
495 496 3
459 517 3
406 465 3
407 465 3
410 469 3
516 517 3
517 518 3
461 518 3
414 473 3
415 473 3
423 482 3
434 492 3
446 504 3
452 511 3
453 511 3
456 514 3
457 514 3
418 476 3
422 480 3
424 482 3
425 483 3
492 493 0
494 495 3
440 557 1
441 557 3
444 502 3
445 502 3
445 504 3
452 509 3
457 515 3
462 520 3
409 467 3
413 471 3
419 476 3
423 480 3
423 481 3
424 483 3
426 484 3
439 497 3
448 506 3
451 509 3
455 513 3
461 520 3
463 520 3
408 466 3
410 467 3
412 470 3
414 471 3
416 474 3
417 474 3
417 475 3
418 475 3
419 477 3
420 478 3
421 479 3
425 484 3
427 485 3
429 487 3
440 497 1
440 498 3
441 499 3
442 500 3
443 500 3
447 504 3
447 505 3
449 506 3
452 510 3
454 513 3
455 514 3
406 464 3
408 465 3
466 467 3
410 468 3
469 470 3
470 471 3
415 474 3
475 476 3
476 477 3
477 478 3
420 479 3
479 480 3
484 485 3
485 486 3
429 486 3
430 487 3
430 489 3
431 489 3
497 498 0
498 557 1
499 557 3
443 501 3
502 504 3
447 506 1
509 510 3
515 516 3
465 466 3
467 468 3
482 483 3
483 484 3
496 497 3
441 500 0
505 506 1
506 507 3
513 514 3
461 519 3
463 521 3
464 465 3
468 469 3
480 481 3
481 482 3
489 490 3
500 501 3
511 512 3
514 515 3
520 521 3
473 474 3
478 479 3
443 502 3
504 505 3
510 511 3
512 513 3
518 519 3
519 520 3
491 492 3
508 509 3
469 526 3
474 475 3
486 487 3
500 557 1
513 571 3
468 526 3
471 473 3
487 489 3
514 571 3
501 502 3
490 548 2
473 530 3
471 530 3
505 563 1
502 562 3
504 562 1
504 563 1
506 563 3
466 524 3
562 563 3
467 524 3
495 553 2
506 564 3
507 564 3
507 565 3
508 565 3
465 523 3
492 550 3
496 553 2
467 525 3
493 550 1
464 523 3
466 523 3
471 529 3
529 530 3
491 550 3
502 561 3
510 568 3
511 570 3
468 525 3
469 527 3
491 548 2
494 553 2
561 562 3
508 567 3
509 567 3
511 569 3
512 570 3
512 571 3
524 525 3
526 527 3
470 527 3
475 534 3
476 534 3
483 541 2
484 541 2
494 552 2
502 560 3
560 561 3
509 568 3
515 574 3
516 574 3
519 578 3
520 578 3
470 528 3
470 529 3
474 532 3
477 535 3
478 535 3
478 536 2
479 536 2
482 540 2
483 540 2
484 542 2
493 551 2
493 552 2
552 553 3
498 556 1
511 568 3
517 519 3
475 532 3
476 535 3
479 537 2
480 537 2
480 538 2
481 538 2
541 542 3
485 542 2
485 543 2
487 545 2
556 557 3
501 560 3
563 564 3
565 567 3
570 571 3
517 574 3
520 579 2
528 529 3
538 539 3
481 539 2
482 539 2
542 543 3
486 543 2
486 545 2
489 548 2
550 551 3
551 552 3
567 568 3
568 569 3
569 570 3
521 579 2
523 524 3
527 528 3
474 530 3
535 536 3
540 541 3
487 546 3
489 546 3
547 548 3
496 554 2
497 555 3
500 558 1
515 571 3
515 573 3
573 574 3
525 526 3
536 537 3
537 538 3
539 540 3
545 546 3
548 549 3
491 549 2
553 554 3
496 555 3
497 556 3
571 573 3
474 589 2
534 535 3
489 547 3
549 550 3
557 558 3
501 558 1
571 629 3
517 575 3
578 579 0
530 589 2
546 547 3
573 629 3
519 575 3
543 545 3
555 556 3
564 565 3
574 575 3
519 634 3
519 635 3
554 555 3
634 635 3
578 635 3
464 580 2
532 589 2
564 622 3
575 634 3
523 580 2
558 617 3
501 617 2
501 618 2
532 534 3
543 601 3
545 601 3
560 618 2
540 598 3
549 608 3
550 608 2
551 608 3
617 618 3
535 593 2
554 613 3
555 613 3
570 629 3
523 582 2
524 582 2
527 586 2
529 587 2
530 587 2
539 598 3
549 607 3
556 613 3
528 586 2
536 593 3
601 602 3
545 602 3
548 607 3
553 611 3
554 611 3
570 627 3
573 632 3
574 632 3
532 590 2
536 595 3
538 596 3
539 597 3
546 604 3
547 605 3
552 610 3
553 610 3
563 621 3
569 627 3
573 631 3
578 636 3
524 583 3
525 583 3
526 584 3
526 585 3
589 590 3
534 591 3
534 592 2
534 593 2
537 595 3
538 597 3
597 598 3
545 603 3
547 604 3
548 605 3
551 610 3
610 611 3
561 618 2
562 621 3
627 629 3
631 632 3
575 633 3
579 636 1
580 582 3
525 584 3
527 585 3
528 587 2
590 591 3
592 593 3
538 595 3
596 597 3
541 599 3
542 600 3
546 603 3
548 606 3
551 609 3
554 612 3
558 616 3
616 617 3
567 625 3
568 626 3
569 626 3
575 632 3
633 634 3
579 637 2
582 583 3
584 585 3
586 587 3
591 592 3
599 600 3
543 600 3
605 606 3
606 607 3
607 608 3
608 609 3
611 612 3
564 621 3
565 622 2
565 623 2
625 626 3
632 633 3
636 637 0
541 598 3
600 601 3
604 605 3
557 616 2
621 622 3
622 623 3
623 625 3
585 586 2
595 596 3
598 599 3
556 614 3
561 619 2
635 636 3
583 584 3
530 588 3
603 604 3
609 610 3
557 614 2
618 619 3
588 589 3
594 595 3
602 603 3
614 616 3
587 588 3
612 613 3
562 619 2
629 631 3
580 581 3
581 582 3
593 594 3
536 594 3
613 614 3
562 620 2
619 620 3
620 621 3
614 673 3
616 673 3
626 627 3
584 643 1
585 643 1
602 660 3
613 671 3
620 679 3
582 640 3
591 649 3
603 660 3
612 671 3
621 679 2
623 681 3
586 643 3
593 652 3
594 652 3
616 674 3
622 681 3
590 649 3
592 649 3
597 655 3
601 659 3
611 669 3
617 674 3
618 676 3
623 682 3
625 682 2
632 690 3
633 690 3
634 692 3
581 640 3
587 646 3
588 646 3
589 648 3
590 648 3
596 654 3
597 654 3
598 655 3
602 659 3
603 661 3
610 669 3
617 676 3
622 679 3
626 684 2
633 692 3
583 641 1
587 645 3
589 646 3
595 652 3
604 661 3
609 667 3
610 667 3
619 676 3
582 641 3
640 641 3
584 641 1
584 642 1
586 645 3
595 653 3
596 653 3
654 655 3
599 657 3
659 660 3
605 663 3
612 670 3
614 672 3
627 684 3
629 686 3
631 689 3
580 638 2
581 638 2
641 642 3
642 643 3
648 649 3
592 650 3
593 650 3
652 653 3
598 656 3
598 657 3
600 657 3
600 658 3
601 658 3
604 662 3
606 663 3
606 664 3
606 665 3
607 665 3
608 666 3
609 666 3
610 668 3
611 670 3
613 672 3
672 673 3
673 674 3
619 677 3
620 678 3
627 686 3
633 691 3
635 693 3
636 694 0
637 695 3
581 639 3
645 646 3
653 654 3
656 657 3
660 661 3
661 662 3
662 663 3
608 665 3
667 668 3
677 678 3
678 679 3
681 682 3
625 683 2
629 687 3
629 688 3
631 688 3
632 689 3
690 691 3
691 692 3
636 693 3
694 695 3
638 639 1
589 647 3
649 650 3
663 664 3
664 665 3
666 667 3
669 670 3
671 672 3
682 683 3
625 684 2
688 689 3
634 693 3
646 647 3
650 652 3
655 656 3
658 659 3
665 666 3
668 669 3
676 677 3
683 684 3
692 693 3
693 694 0
639 640 3
674 676 3
679 681 3
686 687 3
687 688 3
647 648 3
670 671 3
689 690 3
650 651 3
643 645 3
651 652 3
627 743 2
656 713 3
657 658 3
684 743 3
655 713 3
686 743 2
679 738 3
681 738 3
674 733 3
676 733 3
652 710 3
653 710 3
658 716 3
645 703 3
659 716 3
674 732 3
639 698 3
640 698 3
641 698 3
646 703 3
651 710 3
660 718 3
660 719 3
661 719 3
642 698 3
643 702 3
718 719 3
672 730 3
679 737 3
642 700 3
643 700 3
645 702 3
656 714 3
657 714 3
657 715 3
658 715 3
663 722 3
664 722 3
665 724 3
666 724 3
667 725 3
668 725 3
670 728 3
673 730 3
676 734 3
677 734 3
678 737 3
682 740 3
683 740 3
686 745 2
687 745 2
693 752 3
694 752 1
638 696 1
639 696 3
650 708 3
651 708 3
653 711 3
654 712 3
665 723 3
667 724 3
669 728 3
670 729 3
671 729 3
673 731 3
683 742 3
684 742 3
700 701 3
643 701 3
648 706 3
649 706 3
649 707 3
711 712 3
659 717 3
662 720 3
663 720 3
664 723 3
668 726 3
669 727 3
672 729 3
730 731 3
731 732 3
732 733 3
677 736 3
678 736 3
681 739 3
686 744 2
695 752 1
697 698 3
701 702 3
702 703 3
650 707 3
651 709 3
712 713 3
714 715 3
715 716 3
716 717 3
659 718 3
661 720 3
723 724 3
726 727 3
733 734 3
737 738 3
738 739 3
739 740 3
743 744 3
688 745 2
688 746 2
691 750 3
692 750 2
695 753 1
639 697 3
647 703 3
706 707 3
709 710 3
713 714 3
719 720 3
728 729 3
742 743 3
744 745 3
689 746 2
689 747 2
690 747 2
690 748 2
647 706 3
708 709 3
710 711 3
717 718 3
724 725 3
725 726 3
727 728 3
745 746 3
746 747 3
690 750 3
693 750 2
752 753 3
729 730 3
747 748 3
696 697 3
734 736 3
642 699 3
722 723 3
750 752 3
699 700 3
647 705 3
736 737 3
690 749 2
703 705 3
707 708 3
720 722 3
683 799 3
748 749 3
749 750 3
740 799 3
742 799 3
698 699 3
705 706 3
752 810 2
734 793 3
736 793 3
706 764 3
720 779 3
722 779 3
707 764 3
722 780 3
729 788 3
730 788 3
708 767 3
709 767 3
723 780 3
749 808 3
750 808 3
750 810 3
699 757 3
702 760 3
703 760 3
705 764 3
710 767 3
712 770 3
736 795 3
737 795 3
696 754 3
698 756 3
700 757 3
701 758 3
701 760 3
705 760 3
707 824 3
708 824 3
713 770 3
714 772 3
719 778 3
720 778 3
724 782 3
725 782 3
726 784 3
727 784 3
732 790 3
734 792 3
739 797 3
743 801 3
744 802 3
745 802 3
750 809 3
752 811 3
697 754 3
697 756 3
698 757 3
700 758 3
701 759 3
705 761 3
705 763 3
707 765 3
711 770 3
715 772 3
718 777 3
719 777 3
723 781 3
725 784 3
731 789 3
732 789 3
733 790 3
733 792 3
792 793 3
737 796 3
738 796 3
740 797 3
742 801 3
744 801 3
808 809 3
809 810 3
810 811 3
753 811 3
756 757 3
757 758 3
763 764 3
765 824 3
711 769 3
713 772 3
715 773 3
716 774 3
717 775 3
725 783 3
727 785 3
728 786 3
733 791 3
736 794 3
796 797 3
740 798 3
742 800 3
746 804 3
747 805 3
748 806 3
749 806 3
749 807 3
759 760 3
705 762 3
713 771 3
772 773 3
773 774 3
774 775 3
718 775 3
777 778 3
778 779 3
780 781 3
724 781 3
782 783 3
784 785 3
785 786 3
730 789 3
789 790 3
790 791 3
791 792 3
793 794 3
794 795 3
795 796 3
797 798 3
798 799 3
799 800 3
800 801 3
801 802 3
745 804 3
804 805 3
805 806 3
807 808 3
697 755 3
761 762 3
767 768 3
710 768 3
769 770 3
771 772 3
783 784 3
745 803 3
806 807 3
754 755 3
755 756 3
764 765 3
770 771 3
779 780 3
728 788 3
788 789 3
802 803 3
762 763 3
803 804 3
768 769 3
781 782 3
728 845 3
788 845 3
758 759 3
760 761 3
767 824 3
786 845 3
775 777 3
769 828 3
770 828 3
775 834 3
777 834 3
761 819 3
760 819 3
762 819 3
788 847 3
786 844 3
789 847 3
765 823 3
823 824 3
769 827 3
785 844 3
807 866 3
808 866 3
756 814 3
764 822 3
765 822 3
827 828 3
808 867 3
809 867 3
755 814 3
762 821 3
763 821 3
772 830 3
773 830 3
784 842 3
792 851 3
793 851 3
757 814 3
759 818 3
760 818 3
767 825 3
771 828 3
771 829 3
772 829 3
773 832 3
774 832 3
774 833 3
775 833 3
778 836 3
782 840 3
783 840 3
783 841 3
785 842 3
789 848 3
790 848 3
794 853 3
795 853 3
799 857 3
800 857 3
801 859 3
802 860 3
803 862 3
804 862 3
807 865 3
754 812 3
755 813 3
818 819 3
762 820 3
824 825 3
768 825 3
768 827 3
773 831 3
833 834 3
777 835 3
778 835 3
778 837 3
779 837 3
779 838 3
780 838 3
781 838 3
781 839 3
783 842 3
785 843 3
844 845 3
791 849 3
792 850 3
796 854 3
797 855 3
798 856 3
800 859 3
802 859 3
803 860 3
805 863 3
806 865 3
865 866 3
812 813 3
813 814 3
758 815 3
759 815 3
819 820 3
820 821 3
821 822 3
822 823 3
768 826 3
828 829 3
830 831 3
835 836 3
836 837 3
838 839 3
839 840 3
840 841 3
842 843 3
843 844 3
788 905 3
790 849 3
849 850 3
850 851 3
794 851 3
853 854 3
854 855 3
855 856 3
856 857 3
804 863 3
806 863 3
826 827 3
829 830 3
834 835 3
837 838 3
845 905 3
866 867 3
810 869 3
811 869 3
757 815 3
825 826 3
841 842 3
847 905 3
848 849 3
859 860 3
831 832 3
832 833 3
862 863 3
810 867 3
847 848 3
851 910 3
794 910 3
800 916 3
814 815 3
759 816 3
853 910 3
857 916 3
859 916 3
867 869 3
815 816 3
863 865 3
816 818 3
816 875 3
818 875 3
904 905 3
803 919 3
863 922 3
865 922 3
845 904 3
860 919 3
862 919 3
816 874 3
838 896 3
865 923 3
867 925 3
867 927 3
869 927 3
814 872 3
815 872 3
815 873 3
874 875 3
837 896 3
922 923 3
925 927 3
872 873 3
816 873 3
818 876 3
850 909 3
851 909 3
856 914 3
819 876 3
819 877 3
820 877 3
821 823 3
824 881 3
825 883 3
826 883 3
855 914 3
863 921 3
875 876 3
821 879 3
823 881 3
849 907 3
850 907 3
859 917 3
862 921 3
876 877 3
823 879 3
826 884 3
828 887 3
829 887 3
830 887 3
832 890 3
845 903 3
903 904 3
848 907 3
850 908 3
855 913 3
916 917 3
812 870 3
813 871 3
873 874 3
827 885 3
828 886 3
830 888 3
831 889 3
831 890 3
833 891 3
834 892 3
835 893 3
836 894 3
837 895 3
839 897 3
840 898 3
841 899 3
842 900 3
842 901 3
843 901 3
844 902 3
847 906 3
848 906 3
909 910 3
853 911 3
854 912 3
854 913 3
913 914 3
857 915 3
860 917 3
860 918 3
866 924 3
866 925 3
870 871 3
871 872 3
824 883 3
883 884 3
884 885 3
827 886 3
886 887 3
888 889 3
889 890 3
890 891 3
891 892 3
892 893 3
893 894 3
894 895 3
895 896 3
896 897 3
897 898 3
898 899 3
899 900 3
901 902 3
902 903 3
906 907 3
907 908 3
910 911 3
911 912 3
912 913 3
914 915 3
917 918 3
918 919 3
921 922 3
923 924 3
887 888 3
877 878 3
820 878 3
881 882 3
824 882 3
900 901 3
908 909 3
820 879 3
882 883 3
885 886 3
924 925 3
915 916 3
919 921 3
905 906 3
879 937 3
823 937 3
878 879 3
881 937 3
872 930 3
873 930 3
906 964 2
905 964 3
921 978 3
904 963 3
905 963 3
917 975 3
919 978 3
874 932 3
918 975 3
873 932 3
937 938 3
881 938 3
909 968 3
910 968 3
911 968 3
927 985 3
918 977 3
919 977 3
921 979 3
922 979 3
923 981 3
925 984 3
925 985 3
924 981 3
984 985 3
874 933 3
875 933 3
883 942 3
884 942 3
894 952 3
895 952 3
909 967 3
912 970 3
871 929 3
872 929 3
876 934 3
878 937 3
893 951 3
899 957 3
900 957 3
963 964 2
907 966 3
908 966 3
908 967 3
915 974 3
916 974 3
917 974 3
924 983 3
870 928 3
875 934 3
877 934 3
881 939 3
882 940 3
883 941 3
885 943 3
886 944 3
887 944 3
887 945 3
888 946 3
889 947 3
890 948 3
891 949 3
892 950 3
892 951 3
894 951 3
895 953 3
896 954 3
897 955 3
897 956 3
898 956 3
900 958 3
901 959 3
902 960 3
903 961 3
904 962 3
911 969 3
911 970 3
913 971 3
975 976 3
918 976 3
977 978 3
978 979 3
925 983 3
928 929 3
929 930 3
938 939 3
939 940 3
940 941 3
941 942 3
942 943 3
943 944 3
945 946 3
946 947 3
947 948 3
948 949 3
949 950 3
951 952 3
953 954 3
954 955 3
956 957 3
957 958 3
958 959 3
959 960 3
960 961 3
961 962 3
962 963 3
967 968 3
968 969 3
970 971 3
913 972 3
914 972 3
915 972 3
976 977 3
932 933 3
944 945 3
950 951 3
952 953 3
955 956 3
969 970 3
971 972 3
974 975 3
983 984 3
878 934 3
907 964 2
922 981 3
878 994 3
933 934 3
937 994 3
972 974 3
964 966 2
966 967 3
979 981 3
873 989 3
930 989 3
932 989 3
981 983 3
878 993 3
972 1031 3
974 1031 3
993 994 3
934 993 3
937 996 3
938 996 3
964 1023 3
966 1023 2
979 1038 3
981 1038 3
930 988 3
932 990 3
929 988 3
989 990 3
949 1007 3
964 1022 2
933 991 3
937 995 3
995 996 3
950 1007 3
950 1009 3
951 1009 3
955 1014 3
956 1014 3
963 1022 3
966 1024 3
967 1024 3
979 1037 3
981 1040 3
983 1040 3
983 1042 3
984 1042 3
988 989 3
932 991 3
934 991 3
994 995 3
939 997 3
940 997 3
943 1001 3
946 1005 3
947 1005 3
967 1025 3
968 1025 3
978 1037 3
1037 1038 3
940 999 3
941 999 3
942 1001 3
959 1017 3
968 1027 3
969 1027 3
970 1028 3
971 1028 3
983 1041 3
928 986 3
929 987 3
934 992 3
942 999 3
942 1000 3
945 1003 3
946 1004 3
947 1006 3
948 1006 3
952 1009 3
952 1010 3
953 1011 3
954 1012 3
955 1013 3
957 1015 3
958 1016 3
958 1017 3
960 1018 3
961 1019 3
962 1020 3
963 1021 3
968 1026 3
970 1027 3
975 1033 3
976 1034 3
977 1035 3
978 1036 3
981 1039 3
1041 1042 3
985 1043 3
986 987 3
987 988 3
990 991 3
992 993 3
996 997 3
999 1000 3
944 1002 3
944 1003 3
1003 1004 3
1004 1005 3
1005 1006 3
1006 1007 3
1010 1011 3
1011 1012 3
1012 1013 3
1014 1015 3
958 1015 3
1017 1018 3
1018 1019 3
1019 1020 3
1020 1021 3
1025 1026 3
1026 1027 3
971 1030 3
972 1030 3
974 1033 3
1033 1034 3
977 1034 3
1035 1036 3
1036 1037 3
1038 1039 3
1039 1040 3
984 1043 3
1000 1001 3
1001 1002 3
1009 1010 3
1013 1014 3
1024 1025 3
1030 1031 3
1040 1041 3
991 992 3
1015 1016 3
1016 1017 3
1021 1022 3
1023 1024 2
1034 1035 3
1042 1043 3
1002 1003 3
1007 1009 3
1022 1023 2
1028 1030 3
997 999 3
1031 1033 3
1027 1028 3
