0 1 3
1 2 3
2 3 3
3 4 3
4 5 3
5 6 3
6 7 3
7 8 3
8 68 3
10 68 3
10 12 1
12 13 3
13 73 3
15 73 3
15 17 3
17 19 3
19 21 3
21 23 2
22 23 0
23 24 1
24 25 3
25 26 3
26 27 3
27 86 3
29 86 3
29 30 3
30 31 3
31 32 3
32 33 1
33 34 3
34 35 3
35 36 3
36 37 3
37 38 3
38 39 3
39 40 3
40 41 3
41 42 0
42 43 3
43 45 3
45 46 3
46 47 3
47 48 3
48 50 0
50 51 3
51 52 3
52 53 3
53 54 3
54 56 0
56 57 3
20 21 3
18 19 3
19 20 3
21 22 0
43 44 3
44 45 3
17 74 3
17 18 3
48 221 0
56 113 1
12 69 2
10 69 1
48 164 0
50 164 3
54 113 3
15 74 3
45 103 3
46 103 3
50 107 3
6 64 3
7 64 3
8 125 3
68 125 3
21 80 2
22 80 3
25 83 3
26 83 3
34 92 3
35 92 3
41 100 2
47 104 3
107 164 3
0 59 3
1 59 3
2 61 3
3 61 3
12 70 2
13 70 2
17 75 3
30 88 3
52 111 3
53 111 3
4 62 3
5 62 3
18 75 3
20 77 3
21 79 3
23 82 1
24 82 3
31 88 3
39 98 3
43 101 3
7 65 3
8 66 3
19 77 3
79 80 2
23 81 1
86 87 3
29 87 3
36 94 3
37 94 3
37 95 3
38 96 3
40 98 3
40 99 2
41 99 2
42 100 1
42 101 3
44 101 3
46 104 3
48 104 3
54 112 3
0 58 3
2 60 3
4 61 3
5 63 3
6 63 3
64 65 3
7 66 3
73 74 3
81 82 3
31 89 3
32 90 3
33 91 0
35 93 3
38 95 3
39 96 3
99 100 3
50 109 3
51 109 3
56 114 3
57 114 3
58 59 3
59 60 3
60 61 3
62 63 3
65 66 3
66 125 3
69 70 3
13 72 0
72 73 1
74 75 3
18 77 3
22 81 2
25 82 3
26 85 3
27 85 3
87 88 3
90 91 3
33 92 3
36 93 3
94 95 3
111 112 3
88 89 3
32 89 3
92 93 3
95 96 3
98 99 3
112 113 3
63 64 3
68 69 2
80 81 2
82 83 3
91 92 1
93 94 3
100 101 0
107 109 3
52 109 3
57 172 3
85 86 3
44 103 3
113 114 0
89 90 3
103 104 3
172 173 3
61 62 3
20 79 3
96 98 3
104 163 0
114 172 3
18 134 3
44 102 3
77 134 3
86 145 3
101 102 3
65 123 3
66 123 3
70 72 0
87 145 3
48 163 0
52 168 3
26 142 3
85 142 3
109 168 3
111 168 3
64 123 3
72 129 3
75 134 3
77 79 3
83 142 3
70 129 0
77 136 3
79 136 3
98 155 3
96 155 3
102 103 3
64 122 3
79 137 3
86 144 3
69 127 2
85 144 3
144 145 3
63 122 3
68 127 3
134 135 3
77 135 3
96 154 3
164 221 3
95 154 3
163 221 3
80 138 3
90 148 3
61 120 3
62 120 3
66 124 3
70 128 0
73 132 3
74 132 3
81 138 3
89 148 3
92 150 0
93 150 0
93 151 0
93 152 0
94 152 0
100 102 0
107 165 3
109 167 3
59 117 3
123 124 3
68 126 3
74 133 3
75 133 3
80 137 2
82 140 2
83 140 2
88 146 3
99 155 3
164 165 3
107 167 3
112 170 3
58 116 3
58 117 3
60 118 3
61 119 3
63 121 3
125 126 3
69 128 2
72 130 3
135 136 3
83 141 3
88 145 3
89 146 3
89 147 3
91 149 3
91 150 3
103 160 3
111 169 3
113 170 3
59 118 3
61 118 3
120 121 3
121 122 3
124 125 3
129 130 3
141 142 3
148 149 3
150 151 3
95 152 0
95 153 0
102 160 3
112 169 3
116 117 3
118 119 3
119 120 3
126 127 3
133 134 3
140 141 0
145 146 3
147 148 3
151 152 3
152 153 3
153 154 1
165 167 3
168 169 3
169 170 3
127 128 3
128 129 3
132 133 3
154 155 3
99 214 3
100 217 0
117 118 3
122 123 3
146 147 3
155 214 3
102 217 0
81 140 2
149 150 3
167 168 3
113 172 0
137 138 3
221 222 3
73 130 0
85 201 3
103 163 0
164 222 3
136 137 3
142 201 3
144 201 0
214 216 3
100 214 3
100 216 3
130 132 1
132 189 0
165 224 3
122 180 3
130 189 3
167 224 3
216 217 0
160 217 0
163 220 3
124 182 3
125 182 3
138 140 3
142 200 3
160 163 0
220 221 3
123 180 3
123 181 3
124 181 3
126 182 3
141 200 3
200 201 3
165 222 3
132 190 2
117 175 3
180 181 3
126 183 3
189 190 3
144 202 3
152 210 3
154 212 0
215 216 3
216 273 0
165 223 3
113 229 3
172 229 1
181 182 3
182 183 3
127 185 3
136 194 3
137 194 3
201 202 2
145 203 3
148 205 3
150 208 3
153 210 3
214 215 3
217 333 0
163 217 3
223 224 3
168 226 3
170 229 3
116 174 3
119 178 3
120 178 3
129 187 3
130 187 3
130 188 3
188 189 3
140 198 0
144 203 3
146 203 3
147 205 3
149 208 3
151 209 3
153 212 3
216 333 0
117 176 3
118 176 3
127 186 3
134 192 3
138 195 3
138 255 0
138 198 0
146 205 3
208 209 3
155 213 3
273 333 0
167 225 3
167 226 3
169 226 3
174 175 3
119 176 3
121 178 3
126 184 3
126 185 3
185 186 3
128 186 3
135 192 3
195 255 0
146 204 3
205 206 3
148 206 3
149 206 3
149 207 3
153 211 3
154 213 3
213 214 3
224 225 3
169 228 3
170 228 3
173 231 3
121 179 3
122 179 3
183 184 3
184 185 3
135 194 3
137 195 3
198 255 3
140 199 0
203 204 3
207 208 3
210 211 3
211 212 3
228 229 3
172 231 3
186 187 3
194 195 3
141 199 3
204 205 3
151 210 3
212 213 1
222 223 3
225 226 3
172 230 1
175 176 3
179 180 3
199 200 3
176 178 3
133 190 2
133 192 3
202 203 2
206 207 3
230 231 0
190 192 2
198 199 3
178 179 3
187 188 3
209 210 3
169 286 3
226 286 3
228 286 3
229 230 3
215 273 0
220 277 3
186 244 3
192 194 3
187 244 3
220 279 3
221 279 3
211 269 3
217 275 0
163 277 3
222 279 3
176 235 3
178 235 3
189 248 3
190 248 2
208 266 3
210 269 3
275 334 3
163 275 3
182 239 3
209 266 3
214 272 3
181 239 3
215 272 3
222 280 3
230 288 3
190 249 2
192 250 0
192 251 0
195 254 0
223 280 3
223 282 3
224 282 3
190 250 0
192 253 0
194 253 0
254 255 3
229 288 3
231 289 1
185 244 3
188 247 3
189 247 3
249 250 3
251 253 3
202 260 0
203 260 0
204 263 3
210 268 2
182 240 3
247 248 3
195 253 0
201 259 3
203 261 0
209 268 3
285 286 3
239 240 3
202 259 2
260 261 3
205 263 2
206 264 3
207 264 3
207 265 3
213 271 0
275 277 3
225 282 3
226 284 3
226 285 3
183 240 3
187 245 3
188 245 3
250 251 3
200 259 3
265 266 3
268 269 3
211 270 3
212 270 3
214 271 2
277 335 3
220 335 3
225 284 3
284 285 3
228 287 3
229 287 3
231 288 1
174 232 3
175 233 3
176 233 3
180 238 3
183 241 3
184 242 3
185 242 3
185 243 3
188 246 3
200 258 3
204 261 0
205 264 3
269 270 3
223 281 3
225 283 3
232 233 3
235 236 3
178 236 3
238 239 3
240 241 3
184 241 3
243 244 3
245 246 3
199 258 3
258 259 3
204 262 0
277 334 3
279 335 3
281 282 3
283 284 3
287 288 3
288 289 3
176 234 3
179 236 3
244 245 3
246 247 3
259 260 3
261 262 3
262 263 3
213 270 0
282 283 3
286 287 3
233 234 3
234 235 3
179 238 3
252 253 3
253 254 3
263 264 3
270 271 2
279 280 3
280 281 3
242 243 3
251 252 3
199 257 1
264 265 3
241 242 3
198 257 1
248 249 3
257 258 0
179 237 3
252 254 3
254 311 3
252 311 3
258 315 3
271 272 2
198 254 3
209 325 0
237 238 3
260 317 3
268 325 3
238 296 3
257 315 0
261 317 3
335 336 3
279 336 3
237 296 3
266 325 3
283 341 3
284 341 3
198 313 3
262 320 3
275 333 3
233 291 3
234 292 3
237 295 3
238 297 3
239 297 3
261 320 3
262 321 3
263 321 2
264 321 0
264 322 0
264 323 3
215 504 3
273 331 3
282 341 3
287 345 3
234 291 3
265 323 3
268 327 2
269 327 3
273 504 1
331 333 3
286 345 3
232 290 3
233 290 3
236 237 3
321 322 3
322 323 3
290 291 3
291 292 3
235 293 3
295 296 3
244 302 3
244 303 3
245 303 3
247 305 3
249 305 3
326 327 3
286 344 3
234 293 3
243 302 3
248 305 3
250 307 3
261 319 3
268 326 2
331 504 1
285 344 3
239 298 3
240 298 3
241 298 3
242 300 3
242 301 3
243 301 3
302 303 3
246 304 3
249 307 3
250 308 3
251 309 3
252 310 3
259 317 3
317 319 3
319 320 3
325 326 3
280 338 3
282 340 3
288 346 3
289 347 3
236 293 3
236 295 3
241 300 3
303 304 3
304 305 3
308 309 3
309 310 3
310 311 3
254 313 3
270 327 3
272 330 3
279 337 3
279 338 3
281 338 3
281 339 3
281 340 3
340 341 3
284 343 3
285 343 3
344 345 3
345 346 3
346 347 3
292 293 3
241 299 3
307 308 3
266 323 3
215 330 3
334 335 3
293 294 3
236 294 3
296 297 3
297 298 3
298 299 3
299 300 3
337 338 3
339 340 3
300 301 3
301 302 3
336 337 3
338 339 3
341 343 3
343 344 3
305 307 3
258 317 3
320 321 3
294 295 3
257 372 0
323 382 2
266 382 2
254 370 3
198 372 3
271 387 1
271 330 2
311 370 3
313 370 3
313 372 3
315 372 3
333 334 3
258 374 2
325 382 1
271 327 2
387 445 0
295 353 3
296 353 3
305 364 3
317 374 3
307 364 3
313 371 3
315 374 3
327 387 1
370 371 3
315 373 3
271 388 2
330 388 3
341 400 3
343 400 3
292 350 3
372 373 3
334 336 3
387 388 3
341 399 3
327 386 0
331 389 3
336 394 3
337 395 3
290 348 3
291 350 3
298 355 3
298 356 3
302 360 3
386 387 1
334 394 3
336 395 3
344 401 3
291 348 3
293 350 3
297 355 3
299 356 3
303 360 3
322 380 3
323 380 3
326 384 0
340 399 3
399 400 3
343 401 3
355 356 3
299 357 3
319 377 3
323 381 3
327 384 0
345 403 3
347 405 3
291 349 3
297 353 3
300 357 3
300 358 3
301 359 3
301 360 3
303 361 3
304 362 3
305 363 3
307 365 3
308 366 3
309 367 3
310 368 3
311 369 3
320 377 3
321 379 3
381 382 3
331 390 3
333 390 3
337 396 3
338 396 3
339 397 3
340 398 3
344 402 3
344 403 3
346 404 3
348 349 3
293 351 3
294 352 3
294 353 3
356 357 3
358 359 3
359 360 3
360 361 3
361 362 3
362 363 3
363 364 3
365 366 3
366 367 3
367 368 3
368 369 3
369 370 3
371 372 3
379 380 3
326 383 0
389 390 3
396 397 3
397 398 3
401 402 3
403 404 3
404 405 3
293 352 3
353 355 3
357 358 3
373 374 3
317 377 3
320 378 3
321 378 3
215 388 3
389 504 1
394 395 3
402 403 3
364 365 3
380 381 3
383 384 3
388 504 3
395 396 3
398 399 3
400 401 3
349 350 3
350 351 3
378 379 3
325 383 0
384 386 3
333 450 3
351 352 3
352 353 3
377 378 3
390 450 3
382 383 0
334 450 3
334 451 3
355 412 3
390 449 3
394 451 3
352 409 3
384 443 3
386 443 3
449 450 3
353 412 3
351 409 3
374 489 0
374 433 3
450 451 3
433 489 0
317 433 1
381 439 3
382 439 3
371 429 3
372 429 3
431 489 3
433 434 3
377 433 1
377 434 1
383 441 3
384 441 3
384 442 3
386 444 3
401 459 3
363 421 3
364 421 3
370 428 3
373 489 3
442 443 3
395 453 3
402 459 3
358 416 3
369 428 3
429 431 3
372 431 3
373 431 3
380 438 3
380 439 3
443 444 3
387 444 0
396 453 3
396 454 3
350 408 3
412 471 3
355 471 3
357 416 3
360 418 3
365 423 3
366 423 3
367 425 3
371 428 3
394 452 3
400 459 3
348 406 3
349 407 3
350 409 3
355 414 3
359 417 3
361 418 3
361 419 3
362 420 3
363 420 3
421 422 3
364 422 3
366 424 3
366 425 3
368 426 3
369 427 3
377 435 3
378 435 3
379 437 3
438 439 3
444 445 0
388 445 2
388 446 3
389 447 3
390 448 3
451 452 3
396 455 3
398 456 3
399 457 3
400 458 3
402 460 3
403 461 3
404 462 3
405 462 3
406 407 3
407 408 3
408 409 3
353 411 3
416 417 3
417 418 3
418 419 3
419 420 3
422 423 3
425 426 3
426 427 3
378 437 3
380 437 3
382 440 3
445 446 2
446 504 3
447 504 1
447 448 3
448 449 3
452 453 3
453 454 3
397 455 3
397 456 3
456 457 3
457 458 3
458 459 3
460 461 3
461 462 3
405 463 3
352 411 3
356 414 3
423 424 3
427 428 3
434 435 0
382 441 0
454 455 3
455 456 3
462 463 3
411 412 3
356 472 3
357 472 3
424 425 3
428 429 3
440 441 0
459 460 3
414 472 3
357 473 3
435 437 3
437 438 3
414 471 3
416 473 3
420 421 3
471 472 3
439 440 3
472 473 3
437 494 3
409 468 3
352 468 3
431 488 3
435 494 3
441 442 3
411 468 3
429 488 3
488 489 3
433 490 2
435 493 3
489 490 1
417 475 3
433 491 3
439 497 3
450 508 3
454 513 3
455 513 3
409 467 3
418 475 3
428 486 3
490 491 2
434 492 3
440 497 3
451 508 3
467 468 3
421 479 3
429 486 3
435 492 1
438 497 3
449 508 3
456 513 3
463 521 3
407 465 3
407 466 3
408 466 3
420 478 3
421 478 3
493 494 3
453 511 3
454 512 3
406 465 3
409 466 3
412 470 3
422 479 3
426 484 3
433 492 3
492 493 0
437 495 3
452 511 3
456 514 3
462 520 3
462 521 3
406 464 3
411 469 3
411 470 3
416 474 3
417 474 3
418 476 3
419 477 3
478 479 3
422 480 3
423 481 3
424 482 3
424 483 3
425 483 3
427 484 3
427 485 3
440 498 3
441 499 3
442 500 3
442 501 3
443 501 3
444 502 3
445 503 1
446 503 0
504 505 0
447 505 3
448 506 3
449 507 3
451 509 3
452 510 3
511 512 3
457 514 3
457 515 3
458 516 3
458 517 3
459 517 3
460 518 3
461 519 3
461 520 3
464 465 3
469 470 3
473 474 3
475 476 3
419 476 3
420 477 3
480 481 3
481 482 3
483 484 3
485 486 3
429 487 3
491 492 3
493 550 1
437 496 3
438 496 3
497 498 3
499 500 3
501 502 3
502 503 3
503 504 1
505 506 3
506 507 3
507 508 3
509 510 3
510 511 3
514 515 3
515 516 3
517 518 3
518 519 3
520 521 3
465 466 3
470 471 3
474 475 3
479 480 3
482 483 3
484 485 3
487 488 3
496 497 3
498 499 0
516 517 3
476 477 3
486 487 3
495 496 3
508 509 3
519 520 3
466 467 3
477 478 3
494 495 3
513 514 3
500 501 3
512 513 3
468 469 3
479 537 3
480 537 3
492 550 3
504 562 3
505 562 1
472 530 3
512 570 3
471 530 3
489 548 2
491 550 3
493 551 2
469 527 3
478 537 3
481 539 3
482 540 3
489 546 2
490 548 2
491 549 3
550 551 0
494 552 3
495 552 3
539 540 3
488 546 2
490 549 2
511 570 3
519 577 3
466 524 3
468 527 3
473 531 3
474 533 3
475 533 3
483 540 3
486 544 2
487 544 2
546 548 3
549 550 3
503 561 1
507 566 3
508 566 3
520 577 3
520 578 3
521 578 3
464 522 3
465 522 3
467 524 3
472 531 3
474 531 3
477 535 3
478 535 3
483 541 3
485 543 2
486 543 2
493 552 3
502 561 1
518 577 3
465 523 3
467 525 3
468 526 3
471 529 3
475 534 3
476 534 3
478 536 3
480 538 3
484 541 3
484 542 2
495 553 3
496 553 2
496 554 3
497 556 3
502 560 3
503 562 1
505 563 3
506 564 3
507 565 3
509 567 3
510 568 3
511 569 3
569 570 3
513 571 3
514 572 3
515 573 3
516 573 3
516 574 3
517 575 3
518 576 3
465 524 3
467 526 3
470 527 3
470 529 3
529 530 3
530 531 3
533 534 3
534 535 3
536 537 3
537 538 3
481 538 3
540 541 3
542 543 3
543 544 3
487 546 2
498 556 3
560 561 1
562 563 0
563 564 3
564 565 3
566 567 3
567 568 3
568 569 3
570 571 3
571 572 3
572 573 3
574 575 3
575 576 3
522 523 3
523 524 3
524 525 3
525 526 3
526 527 3
474 532 3
551 552 3
497 554 2
497 555 2
501 560 3
561 562 1
565 566 3
570 628 3
576 577 3
577 578 3
578 579 3
531 532 3
535 536 3
544 546 3
548 549 3
552 553 3
555 556 3
498 500 0
573 574 3
541 542 3
554 555 3
538 539 3
546 602 3
553 554 3
500 556 1
500 616 1
556 616 3
527 529 3
532 533 3
559 560 0
544 602 3
546 605 3
501 616 1
501 559 1
548 605 3
557 616 3
556 557 3
559 616 2
567 625 3
552 610 2
553 610 3
566 625 3
527 587 3
539 597 2
551 610 3
523 581 3
524 582 3
529 587 3
530 588 3
538 597 2
546 604 3
553 612 3
554 612 3
522 580 3
523 582 3
540 599 2
541 599 3
543 602 3
604 605 3
555 612 3
523 580 3
531 588 3
534 592 2
535 592 2
548 607 3
549 607 2
555 614 3
556 614 3
556 615 3
559 561 2
536 592 2
537 595 2
538 596 2
550 608 2
551 608 3
526 584 3
530 587 3
538 595 2
540 597 2
542 599 3
607 608 3
551 609 3
553 611 3
614 615 3
561 619 1
562 621 3
568 627 3
569 627 3
570 627 3
571 629 3
575 633 3
576 633 3
524 583 3
525 583 3
531 589 3
532 589 3
536 594 2
596 597 3
540 598 2
598 599 3
608 609 3
610 611 3
557 615 3
559 617 2
562 620 3
563 621 1
568 626 3
570 629 3
572 630 3
573 631 3
574 631 3
574 632 3
575 632 3
576 634 3
577 634 3
577 635 3
578 635 3
578 636 3
579 637 3
580 581 3
526 583 3
587 588 3
592 593 3
536 593 2
537 594 2
595 596 3
559 618 1
561 618 1
619 620 3
625 626 3
629 630 3
630 631 3
633 634 3
636 637 3
588 589 3
533 592 2
594 595 3
611 612 3
616 617 3
564 621 1
627 628 3
634 635 3
635 636 3
581 582 3
582 583 3
527 586 3
597 598 3
542 600 3
602 603 3
548 664 3
620 621 3
626 627 3
631 632 3
632 633 3
527 584 3
543 600 3
546 603 3
607 664 3
609 610 3
617 618 1
618 619 3
564 622 1
565 623 1
566 624 1
624 625 0
593 594 3
603 604 3
612 614 3
621 622 0
622 623 3
623 624 3
586 587 3
599 600 3
600 602 3
605 664 3
628 629 3
612 671 3
614 671 3
584 586 3
615 616 3
533 589 3
583 584 3
583 640 2
589 647 2
533 647 2
600 659 3
602 659 3
624 626 0
582 640 2
533 648 2
647 648 3
602 660 3
592 648 3
603 660 3
610 668 3
588 646 2
609 668 3
646 647 3
592 649 3
581 639 3
589 646 3
648 649 3
604 662 3
619 678 3
620 678 3
621 678 3
622 681 1
627 685 1
635 693 3
581 640 2
584 642 3
594 652 3
595 652 3
598 655 1
600 657 3
659 660 3
603 662 3
610 669 3
611 669 3
626 685 1
636 693 3
636 694 3
637 694 3
639 640 3
587 646 2
599 657 3
614 672 3
615 731 3
622 680 1
623 681 1
634 693 3
586 644 3
587 644 2
597 655 1
655 657 3
605 663 3
612 670 3
671 672 3
615 674 3
616 674 2
621 680 2
580 638 3
580 639 3
584 644 2
596 652 3
599 655 2
603 661 3
605 662 3
663 664 3
607 665 3
608 666 3
611 670 3
670 671 3
614 731 3
617 674 2
621 679 2
680 681 3
624 681 1
628 685 1
628 686 1
638 639 3
584 640 3
645 646 3
660 661 3
661 662 3
664 665 3
665 666 3
609 666 3
668 669 3
679 680 3
693 694 3
637 695 3
644 645 3
587 645 2
593 651 3
662 663 3
669 670 3
618 674 0
624 683 1
626 684 1
628 630 3
630 688 1
633 691 1
694 695 3
592 651 3
592 650 3
594 651 3
674 731 3
618 678 3
678 679 3
624 684 1
684 685 0
630 689 1
631 689 1
640 642 3
650 651 3
630 686 1
633 693 3
584 643 3
649 650 3
652 653 3
596 653 3
596 654 1
672 731 3
618 676 3
685 686 1
632 689 1
643 644 3
651 652 3
597 654 1
657 659 3
666 668 3
676 678 3
683 684 3
681 683 1
630 745 1
688 689 3
632 690 1
633 690 1
653 654 1
688 745 1
633 751 1
693 751 1
674 676 3
686 745 3
689 690 3
690 691 3
657 716 3
666 725 3
668 725 3
678 736 3
659 716 3
678 735 3
691 751 3
642 643 3
654 655 3
735 736 3
685 744 1
686 744 3
655 714 3
676 735 3
691 750 3
750 751 3
657 714 3
671 729 3
648 706 3
670 729 3
672 729 3
683 740 1
743 744 3
645 704 3
646 704 3
647 706 3
680 738 1
680 739 1
681 740 1
694 751 1
668 726 3
669 726 3
669 728 3
674 732 3
681 739 1
694 752 1
695 752 1
695 753 1
640 697 3
647 704 3
662 720 3
670 728 3
731 732 3
690 748 3
752 753 3
639 697 1
640 698 3
640 699 3
654 712 3
655 712 3
660 719 3
661 719 3
661 720 3
663 720 3
663 722 3
664 722 3
665 722 3
665 724 3
666 724 3
676 734 3
734 735 3
738 739 3
688 746 2
689 748 3
751 752 3
697 698 3
642 699 3
652 710 3
655 713 3
657 715 3
659 717 3
660 718 3
665 723 3
672 730 3
739 740 3
684 742 3
685 743 1
744 745 3
745 746 0
689 746 2
638 696 2
638 697 1
698 699 3
644 701 3
647 705 3
650 706 3
654 711 3
715 716 3
716 717 3
659 718 3
718 719 3
663 721 3
722 723 3
723 724 3
724 725 3
725 726 3
730 731 3
674 734 3
679 736 2
680 737 1
683 742 3
689 747 2
696 697 3
643 701 3
653 710 3
653 711 3
712 713 3
713 714 3
717 718 3
719 720 3
721 722 3
679 737 1
737 738 3
683 741 1
685 742 1
746 747 3
644 702 3
644 703 3
645 703 3
703 704 3
705 706 3
710 711 3
711 712 3
720 721 3
729 730 3
732 734 3
747 748 2
691 749 3
642 701 3
702 703 3
704 705 3
651 710 3
714 715 3
728 729 3
740 741 3
742 743 3
690 749 3
749 750 3
701 702 3
726 728 3
732 791 3
741 742 3
699 758 3
642 758 3
734 791 3
748 749 3
701 758 3
650 766 3
736 737 3
746 804 1
710 767 3
740 797 3
651 767 1
728 785 3
739 797 3
726 785 3
650 767 1
728 786 3
698 756 3
785 786 3
748 807 1
749 807 1
699 756 3
702 760 3
703 760 3
650 765 3
734 792 3
697 756 3
706 765 3
765 766 3
766 767 3
791 792 3
726 784 3
735 793 2
737 739 3
747 807 3
792 793 3
697 755 3
719 777 3
720 777 3
725 784 3
696 755 3
755 756 3
724 782 3
730 788 3
730 789 3
731 789 3
737 795 3
747 806 2
806 807 3
756 758 3
701 759 3
701 760 3
712 769 3
712 770 3
713 770 3
718 776 3
718 777 3
723 781 3
725 782 3
729 788 3
732 789 3
732 790 3
747 804 2
750 808 1
751 808 1
751 809 1
696 754 3
759 760 3
711 769 3
713 771 3
714 772 3
715 773 3
716 774 3
717 775 3
718 775 3
776 777 3
720 778 3
721 779 3
722 780 3
723 780 3
782 783 3
725 783 3
784 785 3
728 787 3
729 787 3
788 789 3
790 791 3
737 797 3
740 798 3
741 798 3
742 798 1
742 800 1
744 802 1
745 802 1
745 803 1
746 803 1
749 808 1
752 809 1
752 810 1
754 755 3
757 758 3
758 759 3
771 772 3
772 773 3
773 774 3
774 775 3
721 778 3
779 780 3
780 781 3
781 782 3
783 784 3
789 790 3
743 801 1
808 809 0
756 757 3
760 761 3
703 761 3
704 761 3
704 762 2
769 770 3
775 776 3
787 788 3
800 801 3
743 802 1
809 810 3
761 762 3
705 763 2
706 764 2
770 771 3
777 778 3
778 779 3
736 795 3
798 800 3
801 802 3
803 804 0
807 808 1
704 763 2
705 764 2
764 765 3
710 769 3
735 795 3
802 803 3
753 810 1
762 763 3
737 796 3
753 811 1
761 819 3
762 819 3
710 768 3
786 787 3
793 795 3
795 796 3
804 806 2
810 811 3
763 764 3
767 768 3
797 798 3
768 769 3
796 797 3
793 852 3
795 852 2
801 858 3
769 828 3
770 828 3
800 858 3
764 822 2
765 822 2
795 853 3
796 853 3
804 863 2
806 863 3
757 815 3
758 815 3
807 865 3
769 827 3
806 865 3
766 824 2
827 828 3
777 835 3
791 849 3
792 850 3
808 865 2
756 815 3
758 816 3
760 819 1
767 824 3
768 827 3
772 829 3
775 833 3
776 835 3
785 844 3
786 844 3
790 849 3
791 850 3
797 856 3
798 856 3
809 867 3
811 869 3
815 816 3
763 821 2
764 821 2
767 825 3
768 825 3
771 829 3
772 831 3
773 831 3
776 833 3
783 841 3
788 847 3
789 847 3
808 866 2
808 867 2
810 869 3
755 813 3
756 813 3
760 818 2
765 823 2
765 824 2
772 830 3
778 836 3
780 838 3
784 841 3
784 842 3
785 842 3
787 846 3
788 846 3
849 850 3
802 861 3
803 861 3
809 868 3
810 868 3
754 812 3
755 812 3
756 814 3
821 822 3
830 831 3
774 832 3
774 833 3
776 834 3
779 837 3
779 838 3
781 839 3
782 840 3
785 843 3
787 844 3
790 848 3
800 857 3
804 861 2
804 862 1
806 864 3
866 867 3
812 813 3
813 814 3
814 815 3
818 819 3
823 824 3
824 825 3
829 830 3
831 832 3
832 833 3
833 834 3
835 836 3
836 837 3
837 838 3
838 839 3
839 840 3
840 841 3
842 843 3
843 844 3
847 848 3
848 849 3
793 850 3
798 857 3
862 863 0
864 865 3
865 866 3
822 823 3
768 826 3
770 829 3
834 835 3
801 859 3
762 820 2
826 827 3
793 909 3
853 912 3
796 912 3
802 859 3
863 864 3
868 869 3
763 820 2
841 842 3
846 847 3
850 909 3
867 868 3
758 760 3
819 820 3
828 829 3
856 857 3
857 858 3
858 859 3
760 817 3
820 821 3
825 826 3
852 853 3
859 861 3
852 909 3
797 912 3
861 862 3
844 846 3
817 818 3
760 816 3
861 919 3
862 919 3
816 817 3
844 903 3
846 903 3
856 912 3
859 918 3
861 918 3
818 874 3
817 874 3
815 873 2
823 881 3
824 881 3
856 913 3
856 914 3
857 916 3
816 873 3
827 885 3
912 913 3
913 914 3
858 916 3
814 873 2
820 878 3
821 878 3
828 885 3
839 897 3
867 925 1
873 874 3
816 874 3
821 879 3
822 879 3
824 882 3
838 897 3
844 902 3
846 905 3
852 911 3
853 911 3
868 927 3
869 927 3
819 878 3
825 882 3
825 883 3
828 886 3
833 891 3
834 891 3
837 895 3
838 895 3
840 897 3
843 902 3
847 905 3
848 906 3
856 915 3
857 915 3
858 917 3
864 922 1
812 870 0
813 871 3
814 872 1
818 875 2
819 877 2
882 883 3
825 884 3
826 884 3
829 886 3
829 887 3
830 888 3
832 890 3
834 892 3
835 893 3
836 894 3
838 896 3
840 898 3
841 899 3
842 900 3
843 901 3
847 906 3
849 907 3
850 908 3
852 910 3
859 917 3
862 921 1
863 921 1
863 922 1
865 923 1
870 871 1
871 872 2
819 875 3
883 884 3
884 885 3
886 887 3
887 888 3
831 888 3
831 889 3
831 890 3
833 890 3
835 892 3
893 894 3
894 895 3
895 896 3
896 897 3
898 899 3
899 900 3
900 901 3
901 902 3
902 903 3
906 907 3
907 908 3
908 909 3
909 910 3
910 911 3
911 912 3
918 919 3
862 920 1
921 922 3
922 923 3
866 923 1
866 924 1
867 924 1
874 875 1
875 877 3
877 878 3
878 879 3
881 882 3
885 886 3
888 889 3
889 890 3
890 891 3
891 892 3
892 893 3
897 898 3
905 906 3
914 915 3
919 920 2
920 921 2
868 925 1
872 873 0
822 880 3
823 880 3
917 918 3
916 917 3
923 924 3
924 925 0
880 881 3
915 916 3
868 984 1
927 984 1
925 984 2
879 880 3
846 962 3
905 962 3
903 962 3
875 934 3
877 934 3
885 943 3
880 939 3
881 939 3
882 939 3
886 943 3
878 936 3
908 967 3
909 967 3
879 936 3
883 942 3
884 942 3
910 967 3
921 979 2
922 979 1
880 938 3
885 942 3
911 970 3
912 970 3
879 937 3
938 939 3
889 948 3
890 948 3
902 961 3
903 961 3
913 970 3
913 972 3
914 972 3
919 976 3
872 930 1
873 931 1
936 937 3
882 941 3
883 941 3
891 950 3
892 950 3
900 958 3
907 965 3
916 975 3
917 975 3
918 976 3
870 928 1
871 929 1
930 931 2
875 933 3
882 940 3
941 942 3
942 943 3
886 944 3
887 945 3
888 946 3
889 947 3
891 948 3
893 951 3
894 952 3
895 953 3
896 954 3
897 955 3
898 956 3
899 957 3
901 958 3
901 959 3
902 960 3
905 964 3
906 964 3
906 965 3
908 965 3
908 966 3
910 968 3
911 969 3
913 971 3
916 974 3
917 976 3
919 977 3
922 980 3
923 981 3
924 982 3
925 982 1
927 985 1
928 929 3
929 930 0
874 931 2
874 933 2
880 937 3
940 941 3
944 945 3
945 946 3
946 947 3
947 948 3
950 951 3
951 952 3
952 953 3
953 954 3
954 955 3
955 956 3
956 957 3
900 957 3
959 960 3
960 961 3
961 962 3
911 968 3
969 970 3
970 971 3
976 977 3
920 977 2
979 980 3
922 981 3
984 985 3
877 936 3
939 940 3
943 944 3
965 966 3
966 967 3
968 969 3
971 972 3
915 972 3
915 974 3
923 982 3
931 933 3
933 934 3
957 958 3
958 959 3
967 968 3
974 975 3
975 976 3
964 965 3
980 981 3
877 993 3
981 982 3
936 993 3
937 938 3
972 974 3
982 984 0
931 990 3
934 993 3
891 1007 3
962 964 3
921 977 0
933 990 3
948 1007 3
950 1007 3
972 1031 3
974 1031 3
921 1036 0
984 1041 1
977 1036 3
979 1036 2
982 1041 3
964 1021 3
958 1016 3
962 1021 3
931 989 3
957 1016 3
959 1017 3
984 1042 1
985 1042 1
936 994 3
937 994 3
937 995 3
938 995 3
948 1006 3
950 1008 3
958 1017 3
959 1018 3
961 1019 3
962 1019 3
965 1022 3
980 1038 3
939 997 3
940 997 3
1006 1007 3
1007 1008 3
952 1011 3
953 1011 3
960 1018 3
964 1022 3
975 1033 3
979 1037 3
1041 1042 3
930 988 1
931 988 3
933 992 3
934 992 3
993 994 3
941 999 3
942 999 3
943 1001 3
951 1010 3
952 1010 3
953 1012 3
954 1012 3
969 1027 3
974 1033 3
976 1034 3
979 1038 3
981 1039 3
994 995 3
942 1001 3
944 1001 3
947 1005 3
961 1018 3
965 1024 3
966 1024 3
968 1026 3
970 1027 3
977 1034 3
1037 1038 3
982 1039 3
928 986 3
929 987 3
988 989 3
989 990 3
938 996 3
939 996 3
940 998 3
945 1003 3
946 1003 3
946 1005 3
951 1009 3
955 1012 3
955 1013 3
956 1014 3
957 1015 3
1017 1018 3
967 1025 3
969 1026 3
970 1028 3
971 1029 3
972 1030 3
974 1032 3
976 1033 3
977 1035 3
1036 1037 3
1038 1039 3
982 1040 3
985 1043 1
986 987 3
987 988 3
933 991 3
992 993 3
940 999 3
944 1002 3
944 1003 3
947 1006 3
950 1009 3
1010 1011 3
1012 1013 3
1013 1014 3
1014 1015 3
1015 1016 3
1024 1025 3
1025 1026 3
1028 1029 3
1029 1030 3
1030 1031 3
1031 1032 3
1032 1033 3
1033 1034 3
1034 1035 3
1035 1036 3
1042 1043 3
990 991 3
996 997 3
997 998 3
998 999 3
1001 1002 3
1002 1003 3
1005 1006 3
1009 1010 3
1011 1012 3
1018 1019 3
1026 1027 3
1027 1028 3
1039 1040 3
991 992 3
1008 1009 3
1016 1017 3
1019 1021 3
1022 1024 3
995 996 3
999 1001 3
1040 1041 3
1021 1022 3
1003 1005 3
