0 0.157085 0.4128
-0.00068898 0.135864 0.528131
0.0314766 0.00200091 0.00623725
0.0717704 0.000871367 -2.80269
0.0516376 0.0159954 -1.15957
0.0642548 -0.0149094 -1.45276
0.0473583 -0.0180479 0.462557
0.0148114 -0.0141331 4.79151
-0.00712741 -0.00993205 8.20049
0.00431179 -0.0102025 6.09465
0.00964149 -0.0121947 4.98341
0.0232172 -0.0130286 2.97319
-0.0436939 -0.0191436 20.7956
-0.0127521 -0.0111096 10.5913
-0.0322403 0.00391313 16.9309
-0.0340221 0.00342589 16.4973
-0.011571 0.0276412 8.51255
0.0224621 0.0342892 -4.22283
0.0245288 0.0143525 -4.183
0.0200789 -0.000996089 -2.6745
0.0166604 -0.0175031 -0.686014
0.0299014 -0.0365672 -6.82866
0.0107219 -0.0581494 3.41225
-0.03231 -0.0785887 24.5268
-0.199102 0.18544 110.555
0.0197238 -0.0850501 1.04277
0.0265212 -0.0230935 -3.68246
-0.000693733 -0.0946207 13.2072
0.0378231 0.0364807 -17.2056
0.0293946 -0.00513351 -10.9799
0.0065085 -0.00363222 3.78351
0.0199141 -0.000946807 -5.4228
0.0198974 -0.0257523 -4.88244
-0.00814831 -0.0111282 14.9606
-0.0553106 0.0056676 48.9106
-0.0260634 0.0752889 24.787
-0.0252735 0.123875 22.9251
-0.0295203 0.141405 25.9746
-0.0184638 0.132355 16.3096
0.000632141 0.223264 -0.731661
0.0514287 0.00250986 -32.5217
0.0123242 -0.0156209 2.73357
-0.0613983 0.00273728 68.6095
0.118869 0.269795 -108.911
-0.188171 0.0473808 183.69
-0.00822415 0.0643722 11.6332
-0.0143233 0.0536274 18.0348
0.00192155 0.0624382 1.05429
0.0544285 -0.105734 -50.016
-0.00668883 0.0262773 11.1241
0.000369978 0.00704976 4.01722
0.00464942 -0.0533909 0.114176
-0.0201181 0.0171548 25.7372
1.71483e-05 0.0432947 2.09039
-0.00503596 0.0823193 7.43983
-0.00450743 0.0444088 7.35294
0.00339098 0.0293244 -2.04894
0.345834 -0.261781 -424.897
0.0413125 0.00198868 -0.481073
0.639445 -0.620027 5.1603
0.0289178 -0.00854003 1.16111
0.0506852 -0.00772773 -0.845939
0.088031 -0.0144088 -4.04805
0.0630278 -0.0120344 -1.33347
0.0386222 -0.0152513 1.56354
0.00821938 -0.0176133 6.17917
0.00321303 -0.0225645 6.96012
0.0211199 -0.014777 3.30492
0.00873676 -0.0739993 8.7353
0.00993369 -0.0447011 7.27343
-0.00986195 -0.0541952 12.9447
-0.0292105 -0.040863 17.1658
-0.0273295 -0.0334821 16.4785
-0.0272112 0.00402328 14.6598
-0.00544128 0.000312617 7.49618
0.00832026 0.0176883 1.64444
0.0104688 -0.00309431 1.83879
0.0130331 0.0186107 -0.482962
0.0174861 -0.00491165 -1.73053
0.0266243 -0.0228855 -5.07747
0.0159431 -0.0273885 0.113637
0.00378957 -0.0290688 5.4913
0.0229788 -0.0437556 -4.06337
0.0263712 -0.0491241 -5.41557
0.0331795 -0.0913756 -6.8122
-0.0652943 -0.0458512 48.8975
0.0191259 -0.0211803 -4.26438
0.0306045 -0.00725083 -11.5642
0.0105961 -0.0124731 1.30356
0.0155094 -0.0282143 -1.78431
-0.0335059 -0.0660547 33.7061
0.00522571 0.00301002 4.70518
-0.0317397 0.00127417 31.1545
-0.00640249 0.00858297 11.7177
0.000298213 0.0616808 4.32999
0.00453504 0.0384362 1.57384
-0.000830617 0.145245 2.07415
-0.00383051 0.183732 4.71283
0.0190857 0.0382508 -4.72083
0.00636578 0.0166998 7.27497
-0.0352727 0.0674437 42.6975
-0.0283492 0.0758699 35.5582
0.0403318 0.107703 -31.2525
0.0914663 0.0444337 -77.6132
-0.0359403 0.0438456 40.4337
-0.0109577 0.0393551 14.8634
-0.0157448 0.0277514 20.8183
-0.0378321 0.0525149 42.9135
-0.0105627 0.0216258 15.1556
-0.00644629 -0.00514015 11.681
-0.0149098 0.00795258 20.7732
-0.0120337 0.0384275 16.2168
-0.00756716 0.0333664 11.2823
-0.00359783 0.0393025 6.1306
0.00293306 0.0143448 -0.888007
0.0297092 0.00146227 -33.2626
0.0403381 0.00111674 -0.369205
0.0401643 0.000526184 -0.3353
0.0373658 -0.00251889 0.176295
0.036107 -0.00557503 0.108007
0.0767412 -0.00606629 -3.20919
0.0523053 0.00807348 -1.14892
0.0183457 -0.00101192 3.60471
0.00619746 0.000115256 5.30952
-0.00733913 -0.0103047 8.02155
0.010987 -0.0109026 4.58561
0.00569084 -0.00872379 5.50435
0.00664277 -0.0331837 7.026
-0.0195319 -0.0160104 12.7442
-0.0166805 -0.0221954 12.3972
-0.0441666 -0.0320378 21.5895
-0.0319748 -0.0210682 16.852
-0.00559984 -0.00647094 7.48165
0.0106591 -0.0172343 1.88308
0.00534903 -0.0176297 4.52387
0.0221418 -0.0147428 -2.84139
0.0407032 -0.0143521 -11.6313
0.0315687 -0.0055335 -8.33916
0.0143121 -0.0154714 0.507007
-0.0110496 -0.0153158 12.0784
0.0142802 -0.0222313 -0.4394
0.0415849 -0.0449283 -13.5603
0.00396741 -0.0540022 7.57045
-0.0398574 -0.0376876 33.3681
-0.00310022 -0.0380165 10.8816
0.00758107 -0.0605115 5.50758
0.0200561 -0.0377154 -3.35623
0.0185425 -0.0352999 -3.01653
-0.0481064 -0.00975005 36.393
-0.0143942 0.0379597 10.2412
-0.00411596 0.00837477 9.80671
-0.000175887 0.00650644 6.85426
0.0152349 0.0566445 -7.7941
0.0167592 0.0967276 -10.8747
0.0635016 0.127538 -49.577
0.0741508 0.153116 -60.1268
0.0453881 0.0403223 -28.0147
0.055315 0.0364185 -37.0983
-0.0120842 0.0471177 22.5052
-0.0227921 0.0858848 30.1745
0.0141496 0.0639404 -4.19302
0.048573 0.0411413 -35.7396
-0.0295326 0.0140957 35.0063
-0.0125973 0.0158773 17.68
-0.0182986 0.0222142 23.6743
-0.0146862 0.0339927 19.1287
-0.0184177 0.0117663 24.5906
-0.0113852 0.0181383 16.2952
-0.0116752 0.0149544 16.7997
-0.000295109 0.0377598 2.60978
-0.00450903 0.0462387 7.05926
-0.0112501 0.0404049 15.4477
-0.0334627 0.0267182 42.8749
-0.0269419 0.0118833 35.6589
0.0137521 0.137454 -1.63033
-0.0632853 -0.00201067 11.951
0.0388105 -0.00311182 0.232282
0.0403567 -0.00536221 -0.102787
0.0605737 -0.00312081 -2.12788
0.0457641 -0.00388267 0.687859
0.0283455 0.00396512 2.01164
0.0133395 0.00115862 4.3012
-0.00550812 0.00126672 7.27545
-0.00258332 0.000480932 6.92727
-0.00170089 0.00118762 6.73621
0.0101445 -0.00521604 4.60738
-0.0325307 -0.0145254 16.5118
-0.0314185 -0.0190297 16.3952
-0.0144883 -0.0634778 14.331
-0.0133795 -0.0370806 11.2776
0.00373833 -0.0254846 4.4528
0.0310733 -0.0391557 -4.85833
0.0306485 -0.0278398 -5.40438
0.018909 -0.0377875 -0.167714
0.032825 -0.0184442 -7.67099
0.0245649 0.00322134 -4.9424
0.00695815 0.00072427 3.69957
-0.0189712 -0.0178363 16.6235
-0.000604433 -0.0207174 7.53772
0.00515447 -0.0361363 5.85067
-0.0158365 -0.0404064 18.0556
-0.0155794 -0.054994 19.3392
-0.0207084 -0.0661896 23.1224
0 0 -1
-0.00352229 -0.0937959 14.797
-0.0487707 -0.0247341 38.8237
0.00506067 0.0327365 -2.31039
-0.00413423 -0.0129012 12.1005
-0.0082743 0.0124468 12.7332
0.0214869 0.0298276 -11.062
0.0712434 0.0827789 -53.5636
0.0643618 0.102276 -48.7383
0.073015 0.0755489 -53.7066
0.0592806 0.0442406 -39.4986
0.0426071 0.040165 -25.2668
0.00651695 0.0365258 6.48846
0.00440548 0.0417367 8.18361
-0.0146847 0.055604 24.5448
-0.0117664 0.0835658 19.3721
0.0235425 0.0513028 -11.9596
0.0223413 0.0298097 -9.03221
-0.00854109 0.00924478 13.8708
-0.0051869 0.017253 9.99703
-0.0170652 0.0128912 22.9392
-0.0233612 -0.0105573 31.4857
-0.0112826 0.0115595 16.5636
0.00991555 0.0392614 -9.40444
0.0018017 0.0484035 -0.810022
0.00246822 0.0607031 -2.17004
-0.0061601 0.068755 7.50811
-0.0445354 0.0601248 54.2729
-0.0553543 0.0279107 69.5385
0.0386209 -0.000207848 -0.260373
-0.0740646 0.0602214 5.59306
0.0372485 -0.00415426 0.153904
0.0729051 -0.000364645 -2.99457
0.0667046 -0.00311448 -2.14454
0.0205451 -0.00845061 5.22671
0.0285094 -0.00715436 2.81531
0.0181749 0.00573646 2.88566
-0.0102476 0.00637519 7.50516
-0.00774367 0.00291608 7.54027
-0.00341494 -0.00953813 8.04677
-0.0112634 -0.0206313 11.2447
-0.0529932 -0.00829913 20.4716
-0.187152 -0.134406 72.7448
-0.0142189 -0.00233587 8.54319
-0.0105235 0.0126867 5.82811
-0.00456666 -0.00327581 5.29126
0.0165598 -0.0229784 -0.829043
0.0165508 -0.0379821 0.691566
0 0 -1
0.017158 -0.0564181 2.02297
0.0137766 -0.0210118 2.08653
-0.0231067 -0.0552752 22.7979
-0.00351566 -0.0558419 12.3772
-0.0246693 -0.0579099 25.6495
-0.0128363 -0.0719471 18.8616
-0.0106519 -0.0628037 17.1943
-0.0122154 -0.044442 16.2581
-0.0375958 -0.0610738 32.7829
-0.00366659 -0.0794667 13.5371
0.00163681 -0.0340128 5.437
0.0441281 0.020819 -28.6372
0.0812231 0.0206126 -53.3987
0.0399798 0.00554236 -21.4372
0.0232066 0.0254053 -11.7655
0.065652 0.0576977 -47.2101
0.081609 0.0662534 -60.0042
0.0745711 0.0513394 -53.1096
0.0658759 0.0351603 -44.0308
0.0366263 0.00830617 -17.0148
0.019931 0.025356 -4.14386
0.0102003 0.0144067 5.10365
-0.000238838 0.0230324 13.8608
0.00323184 0.0284188 10.2745
0.0112222 0.0200321 3.28075
0.0110341 0.0435579 1.00335
-0.0095096 0.019351 23.9154
-0.0239691 0.0269979 37.3688
-0.013808 0.0250119 18.3906
-0.0278495 0.0210858 33.5862
-0.0141867 0.00712377 19.9711
0.0227973 0.0389714 -23.7411
0.0233471 0.0486859 -25.0165
0.0111269 0.0512793 -11.0734
0.00228948 0.046523 -0.214721
-0.0176875 0.0590681 22.3289
-0.0436899 0.0704481 52.6445
-0.0598938 0.0757864 71.3859
0.0370825 0.00158016 -0.460273
0.0160626 -0.359124 45.8368
0 -0.351949 45.4065
0.0453253 -0.00638588 -0.340345
0.0580147 -0.00187405 -1.6409
0.0390574 -0.023224 2.97224
0.0532109 0.204771 -26.0286
0.00617559 0.00522199 4.84098
0 0 -1
0 0 -1
-0.00469342 0.000930193 7.19512
-0.0159924 0.00157145 9.81692
-0.0367957 -0.0118209 16.6028
-0.0406132 0.0056679 16.2708
-0.0175572 0.0347523 5.82603
-0.0150368 0.0303222 5.18234
-0.0125462 0.0110482 6.69962
-0.00648873 0.00688559 4.98383
0.00603244 -0.00837168 1.84769
0.000787385 -0.0239204 5.71349
-0.00962783 -0.0120406 8.65042
0.00965257 -0.0776594 7.85025
-0.00607789 -0.0793325 15.5367
-0.0125884 -0.0833782 19.6457
-0.0232092 -0.0854653 26.2211
-0.0181581 -0.0641666 20.5247
0.000846977 -0.057765 9.4859
-0.0196091 -0.027491 18.4369
-0.0249527 -0.0335233 21.6858
-0.00441662 -0.0566073 11.6943
0.0283922 -0.0154496 -14.1039
0.0841748 0.023298 -55.8276
0.0759769 0.029877 -50.7654
0.0848058 0.0170428 -55.5909
0.0468268 0.0273304 -29.5667
0.0508195 0.0337128 -32.4853
0.0656305 0.0246763 -43.0153
0.056629 0.0055785 -33.2737
0.0368501 0.000293328 -16.3337
0.0299145 -0.00261566 -10.153
0.0132942 0.00152368 3.60602
0.0187445 0.0163984 -2.93085
0.0128158 0.00883621 3.16561
0.00979651 0.0107671 5.64961
0.00922849 0.00733228 6.31252
-0.00619719 0.0277749 19.3488
-0.00462429 0.0074285 20.0757
-0.0179964 0.0225003 31.6418
-0.0238925 0.05741 33.4383
-0.037599 0.0334278 50.8391
-0.0154801 0.043675 17.6641
0.0228769 0.0493844 -24.9485
0.0230652 0.042541 -24.0647
0.00850668 0.0238454 -5.27614
0.00564805 0.0222804 -1.73973
-0.00691209 0.0175153 13.6233
-0.0147935 0.0515285 19.4134
-0.00592045 0.0401051 9.55693
0.0343135 0.0955307 -11.9463
-0.29626 0.0296301 15.8326
0.0372002 -0.00695929 0.64631
0.0383109 0.00365989 -0.828844
0.0780025 0.00278734 -4.20293
0.0484297 0.0171589 -2.58271
0.023041 -0.00078613 3.71024
0.0193513 0.0189287 1.14808
-0.00791082 0.00566706 7.40898
-0.00692151 0.00377656 7.27267
-0.0137359 -0.00633979 10.0712
0.00460202 0.0075298 3.83933
-0.0167108 0.0127846 8.61639
-0.0256249 0.0114236 11.4959
-0.0233036 0.0231295 9.31377
-0.0223989 0.0332302 7.57758
-0.01513 0.0245685 5.89305
-0.000799054 0.0236397 0.788732
-0.0159986 0.012942 8.11292
-0.0160193 -0.003129 10.3492
-0.0195749 -0.00706481 12.5641
-0.0224461 -0.0128191 14.4968
-0.01564 -0.00416833 10.0252
0.00212473 -0.0166906 3.2479
-0.00735666 -0.0355899 10.5236
-0.011547 -0.0442575 14.061
0.00291273 -0.0462327 6.43257
0.0290219 0.0198449 -17.3222
-0.0366374 0.0391684 19.7296
0.00716931 -0.0209038 0.273844
0.0509774 -0.00549146 -30.0773
0.0858069 0.00673534 -55.0856
0.0880571 0.0114692 -56.9203
0.0791596 0.0235675 -52.1819
0.0448764 0.0215075 -27.6333
0.0705796 0.00356586 -44.2592
0.0496215 0.00143105 -27.6162
0.0518742 0.00259302 -29.8977
0.0500125 -0.00918824 -26.3421
0.029289 0.00145279 -10.2608
0.0192463 0.00512128 -2.01664
0.0296636 0.0128683 -12.8193
0.0257744 0.00789522 -8.4406
0.0166723 0.0186891 -1.59003
0.0165824 0.00257665 0.715701
-0.0155729 0.00439772 31.7789
-0.0241123 0.0102732 39.3534
-0.0217 0.00285226 38.2198
-0.0236848 0.0234379 37.4731
-0.0423939 0.00394692 60.182
-0.00524532 0.0253018 9.17475
0.0116189 0.0190168 -8.41882
0.0112043 0.0142063 -7.16095
0.00044506 0.00677587 6.20117
-0.00102158 0.00840609 7.72709
-0.00283312 0.0099281 9.55275
0.00390153 0.016889 0.494369
-0.00174015 0.00987896 8.31478
0.0308878 0.00644889 -1.01768
-0.00509511 -0.185292 36.5134
0.0263386 0.00521 -0.782242
0.0567799 0.00229178 -2.14185
0.0717152 -0.0279789 1.65225
0.0638106 0.0192118 -4.53497
0.0245409 0.00713456 2.22182
0.00740449 0.00871191 4.38679
0.00282843 0.0165231 3.63934
-0.0125129 0.0177641 6.46437
-0.0199932 0.0171472 8.06069
-0.00304802 0.0227184 3.06493
0.000459812 0.0253481 1.70303
-0.00364114 0.0198499 3.83794
-0.0165114 0.0331035 5.39065
-0.024541 0.0453419 6.50508
-0.0310144 0.032856 10.4716
-0.0144154 0.0362729 3.81221
-0.0231603 0.0309467 7.8293
-0.0127514 0.0138263 6.32957
-0.0158216 0.0153058 7.26282
-0.0151118 0.0326817 4.07591
-0.0292964 0.0355959 10.2777
-0.0047321 -0.00670415 4.86102
0 0 -1
0.00131059 -0.0163213 2.92539
0.074462 0.0375289 -46.6329
-0.016025 0.0302452 11.0314
0.0771365 0.0643349 -51.8641
0.011804 -0.0363939 0.0992855
0.0690074 0.0131855 -45.0684
0.0860667 0.0171965 -57.114
0.0873759 0.00790873 -56.1998
0.0690413 0.0132361 -43.828
0.0511269 0.034922 -34.6595
0.0683782 0.0470163 -50.1537
0.0590272 0.0104917 -36.5467
0.0551422 0.020329 -34.9738
0.0486588 0.0202618 -29.3737
0.027891 0.0280533 -13.3056
0.0226264 0.0364991 -9.91947
0.0275499 0.0187827 -11.6686
0.018086 0.00620338 -1.16695
0.00353775 -0.00644624 14.5105
-0.00151441 -0.0186478 21.0602
-0.0145164 -0.0109274 32.521
-0.0102061 -0.0019177 27.2
-0.0217744 -0.00326805 38.9365
-0.00675713 0.00340231 22.478
-0.0082039 0.0164678 22.0521
-0.513574 0.0921549 556.907
0.0073856 0.0111268 -2.74014
0.00806135 -0.000239164 -1.5789
0.00185528 0.00568486 4.57217
0.00230291 -1.14636e-05 4.87419
0.0043873 0.00543911 1.51857
-0.00493016 -0.000271111 13.806
-0.00790089 -0.00770296 18.5613
0.0212983 0.0127005 -1.80748
0.0185451 0.00468246 -0.327212
0.0239781 0.132804 -26.1114
0.0308086 0.00169122 -0.825097
0.0969705 0.0242013 -9.73464
0.074174 0.0382546 -9.26214
0.0164314 0.0558176 -5.50062
0.00563758 0.02035 2.513
0.00768888 0.0425936 -1.81733
-0.0109621 0.0396784 2.31836
-0.00403025 0.0460457 -0.689014
0.0402838 0.0493531 -12.6287
0.0293618 0.067729 -13.4169
0.00747049 0.12714 -17.9291
0.00741518 0.147726 -20.9458
-0.0405461 0.13971 -4.5333
-0.0698487 0.0904148 13.8025
-0.00979284 0.0212146 4.25833
-0.0245358 0.104176 -5.12254
-0.031047 0.0444939 8.57427
0.019593 0.0870658 -20.9696
-0.00584193 0.136718 -17.9962
-0.0298043 0.0667703 5.06372
-0.0173097 0.0786866 -2.91314
0.0176461 0.100041 -25.0161
0.0104701 0.274602 -52.7978
0.0582376 0.218542 -69.5393
0.0807472 0.0634218 -53.8157
0.0275101 0.0376494 -17.0464
0.0551626 0.28598 -83.9613
0.0428154 0.0668851 -36.681
0.0563464 0.0855647 -49.1387
0.0905858 0.0283559 -62.102
0.0897159 0.034622 -62.7667
0.0735197 0.0783436 -58.7577
0.0667061 0.0941567 -56.5945
0.0674941 0.0970858 -57.8385
0.0556277 0.0762273 -45.2536
0.0367108 0.089835 -31.9629
0.0326199 0.0870398 -27.5276
-0.0039566 0.084079 4.82817
-0.0021849 0.0189627 14.9705
-0.00777862 0.0201515 19.8399
0.00117949 0.00843497 14.0515
-0.0127512 -0.00762532 29.7307
0.00628805 -0.00836092 12.093
-0.0142274 0.00933995 29.4046
-0.0176943 0.00201847 33.9204
0.0119138 0.0029698 2.77756
0.00461615 0.00981263 9.3471
0.00607618 0.012181 7.61339
0.019424 0.0364121 -20.6584
0.0080737 0.00811786 -2.95076
-0.00510982 0.00305854 13.0179
0.00127737 -0.00490464 6.95628
-0.00099964 -0.000427396 8.91248
0.00441473 0.00303678 1.61044
0.0118652 -0.00566875 -6.30957
0.0210121 0.00351295 -0.0245608
0.0133676 0.11993 -14.1188
0.0334076 -0.00358132 0.130591
-0.016195 0.19671 -29.4113
0.0734356 0.191197 -38.7315
0.0147565 0.164096 -27.0359
0.00683065 0.216368 -36.4107
0.00692404 0.0586863 -4.87972
0.00209047 0.150434 -22.1655
-0.0060714 0.0839129 -7.33874
-0.00596954 0.0754622 -5.82155
0.0316788 0.0867987 -17.2943
0.0582635 0.112055 -28.9981
0.0362391 0.109777 -21.9802
-0.00288939 0.171027 -22.7584
-0.0197186 0.260026 -36.0353
0.0114361 0.342905 -64.9754
-0.000783509 0.413702 -75.5003
0.00355181 0.447428 -84.143
0.0252877 0.418148 -87.1321
-0.00384503 0.358207 -61.9554
-0.0156999 0.359395 -56.4379
-0.0155053 0.350508 -54.8023
0.000518762 0.35886 -64.2959
0.00991842 0.348346 -67.1062
0.0182723 0.335328 -69.1035
0.00525097 0.316548 -58.2447
-0.00214293 0.3209 -54.6521
0.00614457 0.339819 -63.6083
0.00979637 0.331237 -64.0896
0.144006 0.133873 -110.911
0.147694 0.150737 -116.85
0.147449 0.153399 -116.718
0.121371 0.213737 -110.65
0.0839867 0.0788766 -66.7764
0.069751 0.0993013 -60.0309
0.0747069 0.0754756 -58.9429
0.0753685 0.0793865 -60.2967
0.0565192 0.111185 -51.6209
0.062664 0.121589 -58.6609
0.0627841 0.132368 -60.9461
0.0649736 0.0794312 -50.8136
0.00373883 0.014023 10.6083
0.0820158 0.0160503 -52.1686
0.0902499 0.00659456 -57.9538
0.0845465 0.00410813 -51.8329
0.0866611 -0.00436384 -52.2283
0.0844327 0.00566614 -52.0143
0.0839672 -0.00645926 -49.0058
0.0823826 -0.0144041 -45.5734
0.0727404 -0.0223006 -33.3786
0.0763371 -0.00739204 -40.6664
0.0954454 -0.0222772 -58.7264
0.0756535 -0.000203208 -40.7459
0.0969226 -0.0112473 -63.2701
0.0940598 -0.0402085 -53.4778
0.0883984 -0.0366846 -47.3467
0.0759289 -0.0223805 -35.4057
-0.00667025 0.124299 -14.594
0.00952946 0.163033 -23.9013
-0.00807063 0.161742 -22.4058
-0.0138599 0.197104 -30.1284
-0.000382522 0.223314 -37.0778
0.0229281 0.22854 -40.8074
0.00065835 0.291788 -52.2001
-0.0114425 0.345996 -62.0884
-0.0230039 0.344378 -59.6457
-0.0202548 0.427857 -78.1885
0.0116961 0.440812 -87.1555
0.0271036 0.489956 -102.417
0.0391187 0.461709 -99.0678
0.029219 0.428361 -88.4069
0.00447456 0.308178 -53.0663
-0.0108736 0.32955 -52.8804
-0.00890875 0.344157 -56.8682
-0.00027878 0.356607 -62.9607
0.00963524 0.376145 -71.3625
0.00200728 0.331068 -58.1863
0.0020716 0.331769 -58.6423
-0.00146436 0.33844 -59.0776
0.0143159 0.335745 -66.2731
0.00255635 0.347324 -62.9761
0.00208932 0.341644 -61.1512
-0.0101291 0.335011 -53.0516
-0.00549818 0.338438 -56.4973
0.00306888 0.348583 -63.8256
0.00260401 0.345467 -62.6791
0.0120517 0.350926 -69.8731
0.0236507 0.331213 -72.8511
0.0513208 0.270348 -77.5882
0.100805 0.192533 -94.2178
0.163591 0.0865468 -114.212
0.19021 0.038654 -121.764
0.125581 0.210339 -112.565
0.0436866 0.413342 -94.5145
0.0307937 0.425264 -86.4115
0.0683053 0.0936598 -57.7402
0.048555 0.143494 -51.5295
0.0446603 0.138103 -46.8011
0.0566775 0.0822988 -44.4517
0.0720718 0.0627761 -53.5245
0.0716816 0.0647904 -53.641
0.0815097 0.0204798 -52.782
0.0812905 0.0328137 -55.3887
0.084437 0.0232809 -56.2952
0.0889949 0.00777894 -57.2791
0.0842851 0.00345845 -51.4827
0.0807215 0.00241927 -47.4334
0.0815934 0.0036304 -48.6938
0.0794409 0.00948098 -47.7008
0.0828957 -0.00174404 -48.992
0.0842966 0.0034894 -51.7365
0.093821 -0.0104577 -59.8197
0.0835999 -0.0159184 -46.2099
0.0866627 -0.0210004 -48.9549
0.078393 -0.0156658 -40.0535
0.0206205 0.228287 -39.2091
0.00118484 0.20779 -33.5056
0.00596983 0.199434 -31.5237
0.0188083 0.247394 -44.4127
0.0456616 0.280588 -54.9222
0.0437227 0.5979 -131.669
0.0667588 0.580589 -130.607
0.00193428 0.40886 -77.8216
-0.00224053 0.436144 -83.9266
0.000824701 0.414464 -78.2927
0.00598968 0.366826 -66.9404
0.0182442 0.368247 -70.9752
0.0126632 0.381023 -73.1705
0.0126706 0.362031 -68.2745
0.00361366 0.354579 -63.5036
-0.0123789 0.31229 -47.7499
-0.00891032 0.309743 -48.3792
-0.0177993 0.304449 -44.0064
-0.00282784 0.317804 -53.4586
-0.0078544 0.323643 -52.8711
0.00158918 0.323323 -56.8375
0.0088064 0.328336 -61.1685
0.00531492 0.344956 -63.9426
0.00368589 0.341013 -62.1236
-0.00735283 0.335903 -54.9766
-0.00333701 0.341948 -58.6747
0.00737541 0.32752 -60.8043
0.00644786 0.340704 -63.6877
0.00594732 0.337995 -62.738
0.00419808 0.339527 -62.0707
0.00643357 0.33055 -61.3579
0.0315485 0.300234 -70.9692
0.0498101 0.254167 -72.5345
0.0443515 0.285358 -76.3943
0.0791272 0.247864 -92.808
0.206805 -0.0518471 -114.063
0.203544 0.0181663 -126.922
0.20571 0.0326724 -131.756
0.182454 0.062998 -120.48
-0.00202299 0.557312 -90.7334
0.0253365 0.431883 -83.0612
0.0450173 0.158865 -51.81
0.0798539 0.128121 -76.1085
0.0681513 0.138103 -67.8919
0.0871679 0.0790887 -72.117
0.0798495 0.100931 -70.3082
0.04822 0.113308 -41.728
0.0684995 0.05171 -47.0522
0.0723445 0.0481972 -50.0798
0.0806853 0.0230232 -52.5114
0.0818788 0.0185874 -52.6388
0.0807142 0.0147918 -50.4707
0.0803018 0.0166539 -50.431
0.074609 0.0121832 -42.7853
0.0772763 0.000983874 -43.1477
0.0885969 -0.00768699 -54.3587
0.0790139 -0.00636093 -43.1459
0.0791074 -0.00942193 -42.453
0.0604435 0.733671 -170.185
0.0750529 0.54075 -118.095
0.0513643 0.471557 -97.2001
0.0147106 0.452208 -89.9053
0.024195 0.478165 -97.8048
0.0335395 0.523301 -110.891
-0.0292236 0.304851 -45.8599
-0.00818277 0.346461 -60.1349
-0.000110847 0.352806 -63.3367
0.00636159 0.367685 -68.1924
-0.00964221 0.339056 -56.7474
-0.0143293 0.324221 -50.8832
-0.0325079 0.291263 -36.8899
-0.0164083 0.284811 -39.8777
-0.015571 0.272628 -36.6363
-0.0148914 0.276349 -38.3031
-0.00653457 0.294153 -45.8326
0.00368184 0.304281 -52.5277
0.00804363 0.325751 -59.9613
-0.00189556 0.316969 -53.4589
0.00175409 0.32497 -57.201
0.00770539 0.323949 -59.65
0.0111281 0.329872 -62.7906
-0.00208426 0.316678 -52.7127
0.000602579 0.328875 -57.5011
0.00581079 0.329623 -60.6116
0.00752914 0.328451 -61.3011
0.00418643 0.327719 -59.0157
0.00164135 0.334238 -59.3252
0.0132329 0.337833 -67.4538
0.00361341 0.319548 -56.3821
0.00270115 0.324022 -57.1199
0.0224042 0.301554 -64.7834
0.0401212 0.283833 -72.7407
0.0405979 0.291955 -75.1612
0.0328202 0.299633 -71.5579
0.0648173 0.232977 -78.3473
0.0380175 0.267033 -66.2867
0.199171 0.0423858 -129.216
0.204855 0.0306299 -130.879
0.195878 0.0423007 -126.361
0.074872 0.432001 -127.83
0.0894057 0.555304 -174.076
0.0452533 0.209289 -63.5266
0.0416464 0.186684 -54.9237
0.0545223 0.165331 -61.5435
0.0644764 0.18384 -76.2656
0.039062 0.148613 -41.5463
0.0335482 0.156966 -38.5597
0.0728274 0.0917171 -61.9373
0.0627145 0.0901252 -50.4362
0.0585009 0.104453 -49.5153
0.0613284 0.0742142 -44.4634
0.0762254 0.0473791 -54.248
0.0713409 0.0228269 -41.8444
0.0798633 0.0192834 -51.0767
0.0778428 0.0149134 -47.3536
0.0702886 0.0123997 -37.379
0.0247799 0.159912 -8.92049
0.0212536 0.0999703 8.84564
-0.0531063 0.0873081 16.4118
-0.00533828 0.132627 0.371737
-0.0240722 0.260758 -34.2332
-0.0112879 0.34155 -58.4831
-0.0117215 0.32387 -52.7238
-0.00772551 0.32757 -54.5951
-0.0190645 0.298995 -43.855
-0.0268255 0.312394 -45.4544
-0.0173156 0.292076 -41.768
-0.0206599 0.258724 -31.4468
-0.0233637 0.262821 -32.0944
-0.0198695 0.2738 -36.1125
-0.0110156 0.28826 -42.9083
0.0118414 0.315808 -58.3195
0.0108975 0.315425 -57.8155
0.00347148 0.318359 -56.0435
0.00839556 0.326612 -60.3803
0.0051094 0.329555 -60.039
0.00325166 0.323096 -57.2348
0.00120278 0.331657 -58.7405
0.000381266 0.31878 -54.6304
0.000929512 0.321864 -55.7704
0.00240738 0.322977 -56.8567
0.00396176 0.322545 -57.5799
0.0050932 0.327665 -59.6736
8.50202e-05 0.320489 -54.604
0.0114427 0.322405 -62.0469
0.00257384 0.32158 -56.2039
-0.00510554 0.320018 -50.7027
0.00281223 0.32359 -57.1305
0.00767051 0.326878 -61.2807
0.0137653 0.312454 -61.4287
0.0345234 0.290861 -70.5019
0.0384339 0.287438 -72.3423
0.0414372 0.283401 -73.6231
0.0323674 0.295547 -69.8521
0.0408991 0.261141 -66.9054
0.0487501 0.279083 -78.9956
0.214998 -0.00426937 -130.136
0.219417 0.054522 -151.448
0.22212 0.022106 -144.349
0.22506 0.00415959 -141.66
0.171288 0.0133714 -103.185
0.188307 -0.0209606 -109.942
0.0322106 0.196218 -47.4207
0.01545 0.230543 -39.1128
0.015203 0.270686 -50.1248
0.0243325 0.296304 -67.0662
0.0671282 0.185154 -81.555
0.0490411 0.167611 -56.7104
0.0172543 0.20468 -31.8074
0.0521222 0.12643 -48.8956
0.0704588 0.102558 -63.3043
0.0632984 0.112853 -57.461
0.0494922 0.0786347 -30.9909
0.0215409 0.08555 1.46553
0.0210121 0.00351295 -0.0245608
-0.033489 0.0781024 17.8948
-0.0114359 0.269207 -36.1097
-0.0131135 0.285264 -41.0791
-0.0365309 0.2619 -30.3271
-0.0160945 0.300584 -45.0543
-0.0153598 0.272248 -35.9754
-0.0247264 0.237716 -24.0432
-0.0335588 0.244989 -24.8297
-0.0157525 0.26567 -34.842
-0.0163361 0.278227 -38.4148
-0.00539156 0.304118 -49.5092
0.00157899 0.315695 -54.8902
0.00691838 0.320566 -57.8153
0.0023661 0.326681 -58.3368
0.00528806 0.330694 -60.5807
0.00708135 0.325505 -59.4635
0.00308935 0.332559 -60.0751
0.00122831 0.326298 -57.457
0.00655539 0.324782 -59.1087
-0.00351511 0.320473 -53.3794
0.00154765 0.327186 -57.6947
-0.000753451 0.324769 -55.7799
0.00064684 0.321698 -55.5768
0.00540312 0.323442 -58.6006
0.00778937 0.328358 -61.4029
0.00723052 0.32539 -60.233
0.0013779 0.325788 -56.9233
0.00332453 0.322305 -57.0078
0.0045036 0.318859 -56.5852
0.00291147 0.316501 -54.8166
0.00245645 0.316818 -54.6762
0.0107226 0.320783 -61.7435
0.00630857 0.315642 -56.9699
0.0159276 0.305739 -61.0267
0.0383485 0.290053 -73.1691
0.0469571 0.279112 -76.3102
0.0290177 0.301461 -68.6166
0.0272422 0.3003 -66.9649
0.0343711 0.315902 -78.013
0.0401388 0.291974 -75.3973
0.0478394 0.26154 -72.5357
0.218247 0.00636888 -136.113
0.22138 0.000410078 -137.292
0.228799 -0.0226838 -137.163
0.228107 -0.0193597 -137.495
0.222674 -0.0122061 -134.539
0.172107 -0.0417144 -86.8679
0.181756 0.0146758 -114.157
0.189798 -0.0145803 -113.513
0.181966 0.00365394 -110.887
0.0299772 0.262579 -63.0673
0.0178584 0.306147 -63.1461
0.0384759 0.309991 -88.4191
0.0294438 0.217047 -48.9602
0.0337957 0.206468 -51.1014
0.0338261 0.214003 -53.2272
0.0192505 0.16877 -20.7044
0.584941 2.28992 -738.064
0 0 -1
-0.0105781 0.250856 -29.5653
-0.0254755 0.270931 -34.9782
-0.0200291 0.197616 -10.8888
-0.0237056 0.235328 -23.2743
-0.0261419 0.230172 -21.3567
-0.026945 0.255004 -29.5634
-0.0237663 0.271831 -35.3958
-0.000153507 0.306835 -51.5932
-0.00149557 0.308238 -51.5991
-0.00373233 0.314977 -53.2845
0.00513169 0.32175 -57.6312
0.0100113 0.323478 -59.5623
0.00663694 0.320505 -57.604
0.00849838 0.325642 -59.9829
0.00848608 0.325265 -59.8397
0.000194768 0.321216 -55.2551
0.00321946 0.329366 -59.3087
0.00280779 0.325956 -57.9107
0.00579335 0.322079 -57.9596
0.00069891 0.317903 -54.2671
-0.00230728 0.31451 -51.7504
0.0025047 0.319409 -55.7627
0.00200791 0.324268 -57.044
0.00594825 0.324658 -59.3844
0.0050703 0.320124 -57.2121
0.00493163 0.323278 -58.1669
0.00427451 0.320292 -56.8605
0.00233256 0.323526 -56.781
-0.000257225 0.323062 -54.925
0.000371886 0.322933 -55.2238
0.00613017 0.318001 -57.6211
0.00237684 0.316862 -54.6781
0.00133905 0.314168 -52.9461
0.0132389 0.289309 -53.7584
0.0462004 0.277759 -75.9643
0.0686271 0.254174 -85.6035
0.0490529 0.288917 -81.1537
0.0370929 0.316578 -80.3632
0.0220319 0.316843 -67.6836
0.0242821 0.306133 -66.0692
0.0433653 0.285132 -76.1908
0.0372375 0.266362 -63.9156
0.225987 -0.0101372 -138.25
0.21747 -0.00872849 -130.536
0.216412 -0.00526922 -130.808
0.220172 -0.0195912 -129.88
0.231765 -0.0486103 -131.727
0.240045 -0.0559214 -137.905
0.175823 0.0196963 -109.558
0.184676 -0.00236736 -111.79
0.173291 0.0154215 -104.328
0.123103 0.0632055 -62.4006
0.0299094 0.276582 -67.86
0.0158971 0.25641 -44.1813
-0.00864148 0.244199 -10.8402
0.014512 0.218979 -30.4964
0 0 -1
-0.636549 2.50033 -832.663
-0.0151069 0.224505 -20.2421
-0.0159003 0.207338 -14.4943
-0.0223877 0.230231 -21.9968
-0.0279734 0.24767 -27.3807
-0.0221095 0.265344 -33.8586
-0.00354643 0.292841 -45.9945
-0.00423463 0.3023 -49.0847
0.0057362 0.318079 -56.4654
0.00696461 0.327105 -59.7888
0.00375432 0.326663 -58.8826
0.00150668 0.306347 -51.0728
0.00704031 0.317371 -56.6097
0.0132395 0.320389 -59.6007
0.00719948 0.318969 -57.2196
0.0047405 0.322628 -57.558
0.00559938 0.325691 -58.9319
0.00634733 0.327804 -60.0305
0.00268573 0.323503 -56.9791
-0.00356846 0.311015 -49.9696
-0.00151987 0.312019 -51.1773
0.00169348 0.314478 -53.5545
0.00586277 0.320708 -57.8527
0.00280674 0.321216 -56.3392
0.00577455 0.319007 -57.2968
0.00726919 0.317599 -57.606
0.00440966 0.321294 -57.1662
0.00958173 0.321107 -60.3838
-0.00106325 0.324649 -54.8851
0.000814055 0.328628 -57.5167
0.00159991 0.32676 -57.4156
0.0026809 0.333979 -60.7577
0.00553805 0.330205 -61.5616
0.00889617 0.328792 -63.6159
0.0076649 0.32639 -62.0133
0.017848 0.328681 -70.8618
0.0519978 0.301749 -89.0108
0.0692552 0.249187 -84.1395
0.0572244 0.286385 -87.0334
0.0341505 0.303981 -73.6046
0.0233946 0.316222 -68.629
0.0296042 0.292116 -65.8252
0.0193516 0.284787 -53.6406
0.0283557 0.275319 -58.8907
0.0401264 0.249434 -60.9099
0.213571 -0.00827014 -126.841
0.214851 -0.00393906 -129.521
0.212518 -0.00802381 -125.84
0.232852 -0.0653465 -127.11
0.25318 -0.0855939 -141.873
0.229463 -0.00969298 -142.592
0.209147 0.0420483 -138.485
0.218597 0.0244775 -142.974
0.121834 0.0198246 -45.9041
0.16834 -0.0224855 -86.2183
0.211862 0.0107519 -150.257
0.00735766 0.117967 11.998
0.574174 8.82655 -3230.56
0.574174 8.82655 -3230.56
-0.0175121 0.211632 -15.6618
0.000222807 0.213851 -17.7934
-0.00799587 0.236473 -25.4397
-0.00534331 0.246017 -29.3264
0.00801823 0.265639 -38.0184
0.013417 0.279559 -43.7469
0.006769 0.306375 -52.4012
0.00758892 0.314642 -55.5372
0.00657473 0.319128 -56.9086
-0.00258132 0.308011 -50.5446
-0.00595369 0.290045 -43.2027
0.00340214 0.290085 -45.7622
0.0158901 0.309961 -56.6812
0.00845489 0.319314 -57.645
0.00542316 0.30968 -53.1393
0.00214041 0.307827 -51.2518
0.00557693 0.304412 -51.3185
-0.000871901 0.298099 -46.3736
-0.00091937 0.30152 -47.6806
0.00312698 0.305392 -50.9187
0.000960492 0.295543 -46.3419
0.00720795 0.30823 -54.0685
0.00860136 0.29385 -49.6159
0.00314664 0.305946 -51.0779
0.00150545 0.298965 -47.5749
0.00873414 0.298857 -51.672
0.007403 0.313173 -56.1737
0.00419013 0.31591 -55.0933
-0.000652101 0.316815 -52.3185
0.000524571 0.315393 -52.5491
0.000805197 0.327107 -56.9766
-0.00224576 0.32436 -53.7602
0.00632841 0.313256 -56.0776
0.00854198 0.326557 -62.4788
0.0107707 0.331795 -66.267
0.0238443 0.307943 -68.1404
0.055632 0.261957 -77.5617
0.0694101 0.241752 -81.53
0.0354086 0.307137 -75.9368
0.018178 0.300993 -58.4256
0.0228616 0.289996 -58.7192
0.0189576 0.278092 -50.9001
0.0214055 0.277351 -52.8796
0.0301485 0.249835 -51.4397
0.0419588 0.235626 -57.8279
0.217305 -0.0517964 -114.939
0.215416 -0.00892659 -128.454
0.211023 -0.0130876 -122.387
0.224577 -0.0664201 -117.701
0.259408 -0.0712832 -153.964
0.230609 0.0126297 -152.091
0.214774 0.0114743 -133.875
0.223798 -0.00332407 -139.265
0.160652 -0.025383 -75.5974
0.205727 -0.0195593 -132.058
0.223388 -0.0123345 -156.11
