0.490453 0.162054 3.67799
0.00953555 0.00244959 15.6907
-0.00716291 -0.00940159 16.4843
-0.00499448 -0.00391093 16.4082
-0.0350642 -0.0103427 19.0202
-0.0584674 -0.02111 21.7147
-0.041497 -0.0276263 19.7374
-0.0203442 -0.0021311 16.7365
-0.0708543 -0.0135379 26.1548
-0.0785714 -0.0472132 28.654
-0.0612159 0.024159 22.7312
-0.0204589 0.00102959 13.6659
-0.0161186 -0.00728898 12.9425
-0.02142 0.0309766 13.7128
-0.00545674 0.0254811 8.47448
0.00969827 0.00733059 4.08849
0.0395778 -0.188838 3.86038
0.0506631 -0.199955 0.0385357
-0.0242323 -0.084494 26.6564
-0.0336105 -0.0880522 30.3471
-0.068606 -0.0953863 45.3266
-0.264297 -0.330704 141.267
-0.0348031 -0.0886826 27.9846
-0.0121015 -0.0582233 16.2325
0.0270011 -0.0644999 -3.87736
0.0578142 -0.123289 -18.6474
0.0239944 -0.122345 0.021467
0.00898753 -0.112474 8.65727
0.000677838 -0.129376 14.3711
0.0576138 0.0263709 -27.0023
0.0602694 0.00518148 -28.1644
0.0578288 -0.0805495 -8.76897
0.0656508 -0.11759 -13.4208
0.0343257 -0.120695 9.21093
0.0333525 -0.140696 10.9203
0.0644871 -0.080663 -11.3767
0.0472339 -0.072404 1.63182
-0.0064389 -0.167141 45.5525
0.0382104 -0.0811472 7.16766
0.0627464 -0.0531415 -13.2043
0.0484963 -0.0361322 -1.17769
0.0198746 -0.0264426 23.7012
0.021095 0.00279756 21.7749
0.0380475 -0.00824369 6.5176
0.00359628 -0.0271602 39.7977
-0.0436446 -0.0261366 85.5428
-0.0549714 -0.0436383 97.2487
-0.0523455 0.00124602 93.9864
-0.0399221 0.0557139 80.5692
-0.0509165 0.114236 91.8529
0.100517 0.014145 -86.3849
0.0409262 -0.0277097 -19.6327
0.0179964 -0.035651 6.0298
0.0157876 -0.0438483 8.55804
0.0268809 0.0079014 -5.3399
0.00924126 -0.0217657 15.537
0.0250108 -0.0741737 -1.80192
-0.0371491 -0.0370214 72.7992
0.00544373 -0.0197727 16.2054
0.00140855 -0.0155331 16.3492
0.00320401 -0.0142917 16.249
-0.0156373 -0.0210968 17.5572
-0.0367549 -0.0199732 19.6154
-0.0438331 -0.0149103 20.1987
-0.0285331 -0.00995953 17.6956
-0.0289991 0.00327664 17.9006
-0.0688362 -0.0241895 26.1985
-0.086572 -0.0463314 29.5758
-0.0489573 -0.0188824 20.6745
-0.0266787 -0.00798486 15.3611
-0.00286824 -0.0121056 9.34449
-0.0201303 0.0152786 13.5622
-0.00983724 0.0279419 9.68385
0.0100152 0.020549 3.63511
0.0664224 -0.0546056 -13.6242
0.133504 -0.254732 -30.4507
0.0439531 -0.113654 -0.124949
-0.0303069 -0.0753108 28.6548
-0.0303322 -0.0724835 28.2703
-0.0739962 -0.0305358 46.7297
-0.0525775 -0.0181651 34.7625
-0.0208978 -0.0487967 20.4588
0.0107646 -0.0683501 4.60854
0.045604 -0.0915624 -13.0443
0.033106 -0.0759337 -6.31095
0.0128066 -0.0845248 5.56366
0.000968489 -0.100257 13.4831
0.0135618 -0.0546465 3.563
0.066218 -0.00449275 -31.891
0.143521 -0.0424457 -77.1164
0.0578323 -0.0839472 -8.51767
0.0113936 -0.0809677 24.546
0.0107011 -0.123455 27.2895
-0.0111945 -0.0469743 40.6779
0.0254088 -0.0685634 12.6543
0.107002 -0.02161 -54.0777
0.137033 -0.0996369 -75.5086
0.0834924 -0.0774217 -30.3784
0.0515299 -0.056511 -3.09947
-0.0450288 0.0592925 69.8423
0.0374889 -0.00869299 7.09672
0.0274699 -0.023459 17.1478
-0.00030976 -0.0260113 43.1237
-0.0123627 -0.0136763 54.3527
-0.227669 -0.131704 252.078
0.0296696 -0.0211544 -8.32242
0.0313483 -0.0178618 -9.88837
0.0478381 0.0187716 -29.5905
0.078164 -0.00406673 -61.6618
0.102033 -0.0411487 -86.8631
0.0357331 -0.0160508 -14.0743
0.0296902 0.0212933 -9.13848
0.0152017 0.0484906 7.44557
-0.00564549 0.0578942 31.7546
0.0124844 -0.0124933 11.9365
-0.00233848 -0.00754658 29.6826
0.00301256 -0.0294098 16.424
0.00841744 -0.0357013 16.9678
0.00217942 -0.044464 18.0086
-0.0237936 -0.0502716 19.6216
-0.0304899 -0.0465679 20.1679
-0.0358322 -0.0437207 20.0762
-0.046779 -0.0169364 20.3946
-0.0233905 -0.00330964 16.8803
-0.059302 -0.0178819 24.3099
-0.0704892 -0.0248732 25.2858
-0.0306193 -0.0146032 16.5186
-0.010651 0.00525623 10.6978
-9.23728e-05 0.009824 7.67884
-0.00749637 0.00194814 10.3928
-0.00893646 0.0189495 9.96995
-0.00912562 0.00981998 10.8376
-0.00427662 -0.00781832 9.89873
-0.000801058 -0.0513993 10.7832
-0.00416605 -0.0951353 13.9922
0.00202474 -0.0672397 14.9953
-0.0512817 -0.076177 38.3763
-0.0834314 -0.0692839 52.198
-0.0266319 -0.0537964 24.0652
-0.0111136 -0.0456371 15.8523
-0.00359663 -0.0464912 11.4305
0.033468 -0.0535407 -7.81721
0.0215576 -0.0673648 -0.170409
0.00883649 -0.0711751 7.46424
0.0129129 -0.0661535 4.41662
0.0782713 -0.026158 -38.7442
0.184714 0.00241719 -108.897
0.159676 -0.0515149 -87.5856
0.134153 -0.0600649 -69.8387
0.0515885 -0.0382898 -6.23152
0.0232686 0.000999332 12.8112
-0.0446017 0.00896853 63.5259
0.0209581 -0.0301914 13.7906
0.110363 -0.0860944 -54.5912
0.151214 -0.060887 -89.3421
0.0289783 -0.019484 12.0305
-0.0542165 0.0649878 77.7691
-0.045072 0.0741807 69.0417
0.0256501 -0.0290258 18.9754
0.0117519 -0.0709426 33.9937
0.0178508 -0.0263254 26.1166
-0.0769137 0.0587547 100.523
0.187833 0.0217518 -165.077
0.0219184 -0.0588985 1.35462
0.0432178 -0.059195 -20.8143
0.0320703 -0.0115862 -11.44
0.0766502 -0.0039005 -59.7643
0.0707271 -0.00703246 -52.4776
0.0447467 -0.000591759 -25.1611
0.0843206 0.0134166 -70.9764
0.0423056 0.0159569 -22.1638
-0.00104886 0.0383636 27.954
-0.0173085 0.0151806 48.5553
-0.0430917 0.0172441 78.4497
0.00550394 -0.0247107 16.1071
-0.00850698 -0.0301862 16.7784
-0.010525 -0.0358499 17.3672
-0.0264089 -0.0461675 19.5187
-0.0537921 -0.0439136 21.8649
-0.0212027 -0.0668763 19.7965
-0.032431 -0.0349566 19.2107
-0.00864376 -0.0347628 16.3267
-0.0651399 -0.0678719 27.9929
-0.0345952 -0.0154143 17.487
-0.00249868 0.000234886 9.46695
0.00235739 0.0179178 6.92517
-0.0139988 0.0262672 10.5877
-0.0187621 0.0154481 12.6967
0.000129012 -0.00190385 8.22435
-0.0313733 0.0021933 18.5712
-0.034987 -0.0138264 21.0511
-0.0507317 -0.0131449 26.38
-0.0267444 -0.000422298 15.7671
0.00835802 -0.0365611 4.2954
0.00826943 -0.150044 15.1398
-0.00552758 -0.10195 17.5352
-0.0112687 -0.0713332 18.1937
0.00242326 -0.0767324 11.3154
-0.00478138 -0.0442375 12.7414
0.0282615 -0.05655 -4.53602
0.0276311 -0.056757 -4.12326
0.0137298 -0.0608047 4.03779
0.0191628 -0.0450814 -0.679064
0.0765739 -0.0427107 -36.848
0.180742 -0.0501136 -103.154
0.17813 -0.0760379 -97.7078
0.0701634 -0.0503829 -25.657
0.0113995 -0.0360067 14.7351
-0.00027695 -0.0937 28.0674
-0.0155082 -0.132279 42.6251
-0.0718018 -0.029234 86.7225
0.0876456 -0.0405677 -39.8715
0.161746 -0.0369287 -99.7458
0.0913561 -0.00332326 -42.0217
-0.0223397 0.0515228 51.4729
-0.0525698 0.0330125 79.0797
0.0123561 0.0290505 20.6557
0.0102969 -0.00904232 26.0667
-0.0210127 0.0683231 33.6649
-0.00823831 0.0485733 22.5068
-0.000376579 -0.0150717 20.4402
0.0578231 0.0141478 -41.4415
0.07362 0.00926343 -57.5122
0.0628663 0.00219221 -45.3415
0.0690338 -0.02361 -49.9986
0.0652922 0.00664369 -47.8395
0.0406627 0.0226131 -21.556
0.0389193 0.00270993 -18.0922
0.00129003 -0.0588043 29.685
0.0126386 -0.00400139 13.8028
-0.0152119 -0.0110933 47.8116
-0.0193505 0.0137875 50.2601
0.00298807 -0.0113142 14.945
0.0121389 -0.00140906 13.467
-0.0137112 0.0070722 13.9461
-0.0431461 -0.0242031 18.9319
-0.0548914 -0.0693318 24.1021
-0.0319983 -0.0525671 19.613
-0.0250599 -0.054157 20.0062
-0.0486375 -0.0675027 25.0198
-0.0270825 -0.0544076 19.59
0.00207597 -0.0302448 11.2539
0.00446978 -0.0182149 9.83355
-0.00029455 0.00295494 8.96217
0.00351635 0.00026999 8.32062
-0.0205147 -0.00822091 15.7628
-0.00113469 0.00876825 8.14229
-0.00307038 0.00088172 9.5435
-0.0324011 0.00411286 18.9566
-0.0622633 -0.00116109 30.2367
-0.0250081 0.00979261 14.3375
-0.0160146 -0.00291071 12.0591
-0.00280204 -0.0338169 9.32977
-0.0174399 -0.0412194 16.4552
-0.00806405 -0.0602566 13.8987
0.00202487 -0.0960077 12.5898
0.00949871 -0.0921881 8.06282
0.0236023 -0.0673203 -2.07421
-0.0105717 0.0334669 6.04807
0.0274068 -0.0673879 -3.32002
0.0568941 -0.0514038 -23.3517
0.0755397 -0.0526097 -35.0351
0.165762 -0.0979448 -89.1333
0.186771 -0.134704 -98.9754
0.0202268 -0.0296856 7.54105
0.0200367 -0.0539464 10.064
-0.00370297 -0.137242 34.4577
-0.0101692 -0.12339 37.5939
-0.0181638 -0.148105 46.4086
-0.0624614 -0.119335 79.8037
-0.00346821 -0.0737148 25.5091
0.0157252 -0.0457317 6.21062
0.0521982 -0.0571558 -24.2598
0.0850164 -0.111873 -46.6855
0.0075917 -4.88931e-05 27.7461
0.00988262 -0.00525836 26.1475
0.0141066 0.0391652 2.81862
0.18924 0.172068 -186.733
0.0489769 0.0273665 -32.6002
0.0292506 0.054024 -15.3435
0.0550252 0.0215039 -38.4943
0.0650081 -0.0010534 -47.4324
0.0972559 0.0155476 -83.8829
0.0962514 0.0233568 -83.3802
0.0465754 0.0205381 -27.2404
0.00606053 -0.00378055 21.0217
0.00925374 -0.0314712 18.9693
0.0117356 -0.0216165 16.7043
-0.123321 -0.0832069 185.569
-0.0666325 -0.172549 125.867
0.00959377 0.00881527 12.7798
0.00355415 0.00992788 12.9318
-0.0101364 0.0258821 11.7395
-0.0319546 0.0287515 12.17
-0.175281 -0.0286453 31.0527
-0.0289773 -0.038727 17.7197
0.00870275 -0.040619 13.9477
-0.0399354 -0.0337207 19.3664
-0.0187332 -0.0515201 17.6433
-0.014079 -0.0420264 15.5495
0.0140752 -0.0585001 11.8634
0.0111078 -0.0468227 11.4341
-0.00482364 -0.0546924 16.8682
-0.0361961 -0.052098 24.8723
0.0084131 -0.0402662 10.2531
-0.00664772 -0.0247134 13.5089
-0.0387256 -0.0195415 23.8197
-0.0360145 -0.0217162 22.9077
-0.0321913 -0.00385308 18.8055
-0.0137776 0.00112624 10.909
-0.0199637 -0.00246348 14.028
-0.0270081 0.00358866 15.9658
-0.00644334 -0.0222478 9.04398
-0.00683889 -0.0562978 13.2337
0.0208189 -0.0457963 -2.93644
0.0456045 -0.0986409 -9.89248
-0.00112594 0.227518 -17.9207
-0.00166069 0.217169 -16.469
0.0403783 -0.0652469 -11.5543
0.0479348 -0.0570348 -16.8498
0.0719784 -0.0791223 -29.8883
0.0945775 -0.148735 -36.4167
0.0549583 -0.0592821 -20.5869
0.00183409 -0.00142139 9.95625
-0.0698995 -0.0262617 64.7278
-0.0125951 -0.0711178 33.9595
0.0707877 0.000434026 -47.0289
0.117252 -0.0393464 -78.5512
0.0579215 -0.036265 -29.5776
0.0115073 -0.0303968 8.25497
0.00252396 -0.0379837 16.845
0.0501383 -0.0951409 -18.0435
0.00952042 -0.00282638 26.0932
0.0213833 0.00116342 14.7514
0.0152404 0.0131621 4.14476
-6.86222e-05 0.0778908 10.4861
0.0306328 0.03191 -14.4912
0.0350404 0.0258862 -18.105
0.0364609 0.0155376 -18.5006
0.0472134 0.00445054 -28.7742
0.0781464 -0.0104524 -60.198
0.0771836 0.00799756 -60.1439
0.0342443 -0.0114094 -9.80918
0.0113728 0.00118777 14.3566
0.00340635 0.0203608 21.3649
0.0680628 0.0181542 -55.3897
-0.306437 0.125746 385.463
0.112144 -0.0321344 -111.008
-0.0195882 0.0151545 12.0975
-0.00842723 0.00360775 13.993
-0.0264142 0.0182277 12.9468
-0.0507731 -0.00853231 18.2458
-0.19105 -0.00926997 28.7862
0.0429513 -0.0428058 8.82969
0.0329053 -0.0136983 6.98653
-0.0520565 0.0103654 15.4438
-0.0166108 -0.0283116 14.2084
-0.00724679 -0.0175814 11.3031
-0.00649586 -0.0332009 12.7215
0.0133876 -0.0677692 13.0508
-0.00383154 -0.0715218 18.3467
-0.0237639 -0.0567015 21.5312
-0.00331212 -0.044487 13.5939
0.00359861 -0.0488845 12.9752
-0.0360032 -0.0459166 26.0499
-0.0218135 -0.0482407 21.1954
-0.02564 -0.0134703 17.6005
-0.0256097 -0.0125446 17.7264
-0.0199701 -0.0110021 15.1748
-0.0372108 -0.00728693 22.4294
-0.0292231 0.00128426 17.2878
-0.0196669 -0.00490068 13.473
-0.0120231 -0.00268969 8.97919
0.0186409 -0.0418638 -2.24666
0.00948639 -0.024135 0.0128293
0.0359353 0.0014714 -18.0053
0.0336864 -0.0227127 -12.7341
0.0123038 -0.0206227 -0.0642018
0.0511641 -0.0731888 -17.3285
0.0691583 -0.0678163 -30.1369
0.0906331 -0.0335425 -48.9579
-0.0670347 -0.0199635 61.4926
-0.0161371 -0.0190777 22.0535
0.0159061 -0.00816284 4.81788
0.09294 -0.00093925 -64.5254
0.104225 -0.0217815 -69.7797
0.0486866 -0.0244435 -23.1243
0.0224186 0.00137931 -4.91265
0.080811 0.0152939 -57.0288
0.10461 -0.0209656 -71.5931
0.0210468 -0.0035567 15.7028
-0.00355988 0.000126011 23.7488
0.0165861 -0.0026551 4.89578
-0.00105933 0.0118636 20.0667
0.0162636 0.0283554 0.35424
0.0223691 0.00814539 -2.90479
0.0174089 -0.000492755 3.40652
0.0363415 -0.00606879 -15.7316
0.052987 -0.0474284 -27.8607
0.0782209 -0.00550941 -60.3473
0.038235 0.00481983 -16.6358
0.0265112 0.0159755 -4.76319
0.00747027 0.0307148 15.2259
0.0419027 0.0086389 -22.6441
0.0880427 -0.0137217 -75.0894
0.0965052 0.321108 -136.997
-0.00683435 -0.010742 15.9895
-0.0204692 -0.0211563 18.1756
-0.0333798 -0.0180221 18.5477
-0.0141449 -0.0590759 23.9281
0.0331796 -0.00884512 4.573
0.0335853 -0.0189687 6.41429
0.0520025 -0.0125069 3.54069
-0.044699 0.0154613 13.6803
-0.0448956 0.00822369 14.7809
-0.0388883 -0.00445071 15.4888
-0.0188848 -0.0221975 13.8497
0.00206525 -0.0278172 10.0039
-0.00462249 -0.0308566 12.1952
-0.0136049 -0.00933415 11.0893
0.00939956 -0.0144007 4.77361
0.0108707 -0.0371985 8.85709
-0.0556036 -0.0298387 30.7884
-0.0195196 -0.0420849 18.9238
-0.000612124 -0.0310156 10.3438
-0.0286284 -0.0199309 20.2028
-0.0366483 -0.0313812 25.7522
-0.0277801 -0.0174618 19.3236
-0.0232424 -0.00399335 15.1883
-0.0267583 -0.00315221 16.8501
-0.0216787 0.000339811 13.6901
-0.00518205 0.00658791 3.78199
-0.0146464 0.0030508 9.61673
0.0761755 0.0455444 -49.5518
-8.96619e-05 0.0336054 0.635803
-0.00433747 0.00745619 6.60193
0.0128043 -0.0677271 7.11566
0.0937799 -0.0380825 -51.4604
0.113401 -0.0188054 -67.6247
0.0752872 0.0139401 -45.2316
0.00864568 -0.00437935 1.43527
0.0289372 0.00895814 -7.61702
0.0626118 -0.00120711 -40.6711
0.10877 -0.0160768 -74.9875
0.0797866 -0.0178431 -50.4428
0.0579311 -0.0167922 -32.2356
0.0610197 -0.0563781 -28.6995
0.0803191 -0.0515555 -46.3092
0.0431276 -0.00144871 -5.11019
0.0152311 -0.0264236 9.94981
0.0315123 -0.00986101 -8.35637
0.000514387 -0.011152 22.169
0.00089601 -0.0134699 22.3386
0.0205708 -0.0030234 0.682063
0.0163075 -0.0273557 8.8896
-0.0246137 -0.0688579 59.7906
-0.0439078 -0.104056 85.1893
0.0618448 -0.041008 -35.6366
0.0536132 -0.00601294 -32.4429
0.0573985 0.00675707 -39.0117
0.0260146 0.0317112 -6.56843
0.0112042 0.0365739 10.1174
0.0334572 0.0144643 -13.5258
0.047233 0.00660406 -28.8908
0.00918833 -0.0332569 19.3605
-0.00623474 -0.014964 16.6243
-0.0461374 -0.0282494 20.558
-0.0942998 -0.042816 26.1198
-0.00241098 0.0389708 0.431788
0.0425396 0.00936421 0.816954
0.0508999 -0.0032435 2.34132
-0.0445207 0.0089492 14.9853
-0.059794 0.025042 13.7834
-0.0390329 0.0199237 10.5666
-0.0164415 0.0106478 7.42881
0.0268412 0.0177796 -4.45741
0.0255364 0.0362891 -7.59281
0.0119421 0.059571 -8.59233
-0.00775444 0.0545968 -1.81832
0.00484868 0.024224 -0.193732
-0.0369841 0.00588805 17.4912
-0.0575775 0.00120114 25.5916
-0.00411747 -0.0287125 11.1372
-0.01214 -0.0289859 14.8132
-0.0329165 -0.015336 21.2776
-0.0164149 -0.00120383 11.1876
-0.00726089 0.00890014 5.28669
-0.0305073 0.0348371 11.913
-0.00528559 0.0153857 2.35203
0.000686697 0.0709479 -10.8417
0.00919265 0.0338347 -9.14511
0.121724 0.0481067 -76.9346
-0.0026993 0.0467937 -0.390633
-0.0392702 0.0266537 26.0396
0.124449 0.0663209 -90.8968
0.143434 0.0255096 -96.1852
0.123703 -0.00328399 -77.1821
0.0943791 -0.000295061 -56.6597
0.0352785 0.0117583 -21.0803
0.0355605 0.0181147 -14.7873
0.0651952 0.0767005 -55.9217
0.077645 0.0279158 -57.912
0.0661344 0.0654715 -54.6747
0.0509144 0.0236297 -33.7264
0.0297513 -0.00182291 -11.4624
0.039107 0.0133109 -4.15229
0.0191999 0.000121422 16.5246
0.0245228 -0.0127311 -1.16147
0.0276576 -0.0167228 -3.32639
-0.00158961 -0.00507613 23.1446
-0.0118574 0.0133132 29.8025
0.00830256 0.000232573 11.2875
0.0123308 -0.0316751 13.5528
-0.0356153 -0.0512421 67.6071
-0.0538492 -0.0736015 90.5955
0.103957 -0.0860055 -75.0165
0.0790665 -0.0335177 -57.2463
0.108027 0.026323 -100.987
0.0553107 0.0262336 -39.8672
0.00564047 0.0180594 20.0713
0.0221982 0.0398782 -4.15887
0.0228606 0.0387907 -4.54132
0.0164061 -0.00400235 13.3262
0.00313501 0.0116978 10.7766
-0.0477008 0.00987909 13.7329
-0.092348 0.0926283 -0.941257
-0.0710378 0.00684568 14.71
0.0308422 0.00154435 4.00808
0.0845115 0.0159231 -5.3267
-0.0589985 0.0398628 11.1478
-0.0434676 0.036202 8.89619
-0.0399686 0.0255185 10.1436
-0.0216838 0.0642977 -1.65694
0.000141575 0.0773202 -9.40712
0.0131295 0.117379 -20.32
0.00639025 0.100389 -14.913
-0.00806788 0.108355 -11.6701
-0.0299832 0.135393 -9.92846
-0.0219335 0.109718 -7.60759
0.00721562 0.370718 -71.4656
0.0107076 0.384471 -75.9499
0.00519122 0.406635 -78.5485
0.0122973 0.518018 -104.355
0.0156286 0.519845 -106.366
-0.0141791 0.522196 -92.2196
0.00339542 0.5043 -97.5016
-0.0334594 0.33801 -43.3328
-0.0494347 0.292719 -25.1846
0.000710588 0.355046 -66.0302
0.00854702 0.352057 -69.8148
0.0139622 0.118777 -25.5234
0.0148773 0.349448 -73.4457
0.0525496 0.348673 -97.6337
0.0752173 0.25704 -93.8355
0.0716493 0.230495 -86.2941
0.0849234 0.217206 -92.7103
0.0949055 0.168771 -90.1442
0.0135701 0.136585 -22.0983
0.00803787 0.356776 -65.4747
0.0446846 0.152324 -54.0372
0.0528276 0.223099 -75.119
0.0284451 0.213068 -52.8482
0.0554326 0.178486 -69.0139
0.0285268 0.00728674 6.54447
0.0328389 0.00850169 2.46826
0.0269147 -0.0155734 -3.05169
0.0406736 -0.0241192 -14.5532
0.0325533 -0.0106665 -9.2956
-0.00509935 0.0319278 19.3947
0.00220341 0.0362837 10.8915
-0.00788381 0.0230832 23.568
-0.0228896 0.0262479 38.7576
0.000229327 0.0236116 13.2973
0.140752 -0.0896572 -116.474
0.14031 -0.0543977 -122.449
0.065698 0.00471752 -47.6238
0.0617547 0.0272765 -47.6877
0.0248329 0.0414987 -7.91949
0.0287242 0.0566267 -15.673
0.0280286 0.0452555 -12.2776
0.0213889 0.0514985 1.6618
-0.0100307 0.0387612 5.1667
-0.0175752 0.0400284 5.46706
-0.0641946 0.090119 -2.5519
-0.000528644 0.351346 -66.9507
0.0111622 0.380497 -75.3013
0.0171399 0.3806 -74.8715
0.0143075 0.080857 -8.35171
-0.0297137 0.284316 -45.896
0.0350999 0.512673 -110.501
0.0370578 0.525964 -114.322
0.0229668 0.505893 -107.278
0.0316462 0.489699 -106.108
0.0345336 0.518897 -113.069
0.01805 0.488173 -101.058
0.0243785 0.448737 -94.3901
0.00965831 0.447537 -88.7643
0.0300759 0.466697 -100.855
0.0250305 0.410086 -86.2313
-0.00161922 0.403183 -73.6199
0.00221602 0.281331 -46.6986
-0.0356895 0.235944 -19.5198
-0.0423387 0.235602 -16.4155
-0.0375413 0.269281 -26.6121
-0.00697864 0.324463 -54.941
-0.017332 0.340887 -52.9304
-0.00137744 0.352339 -63.9704
0.000481236 0.353881 -65.5145
0.00419776 0.352888 -67.5706
0.012069 0.337427 -69.0548
0.0577077 0.315231 -93.7412
0.0497408 0.291208 -81.8676
0.0321615 0.325226 -78.6927
0.0489956 0.287878 -82.4459
0.0542875 0.236274 -74.5028
0.0273253 0.263904 -60.1241
-0.014934 0.362851 -49.2458
0.00662411 0.400565 -75.0711
0.0179627 0.410377 -86.7606
0.0338743 0.339792 -83.5438
0.0471035 0.330879 -93.0351
0.181807 0.449085 -239.545
0.0183325 0.0165592 13.8338
0.0150755 0.24274 -47.6751
0.0291644 0.284542 -70.659
0.0081346 0.321865 -58.8154
0.0052108 0.0770487 -0.805701
-0.00369664 0.0767417 8.37631
-0.019086 0.0507732 29.6143
-0.0166562 0.0457164 28.3352
0.0154744 0.0321276 -3.85615
0.105454 -0.0137299 -93.1916
0.311587 0.227142 -377.927
0.0571803 0.102611 -60.088
0.0651642 0.0986819 -67.9743
0.0322358 0.125403 -35.4178
0.000758891 0.0847857 12.1042
0.00161593 0.117307 4.53199
0.0178045 0.114673 -13.1901
0.0665647 0.49459 -106.877
0.0228576 0.476186 -99.7445
0.0304707 0.383305 -76.1365
0.0148499 0.360969 -69.2538
0.00772949 0.37171 -71.2917
0.00454562 0.376604 -71.934
0.00288917 0.386483 -74.0814
0.00133652 0.42869 -83.9553
0.00554956 0.393207 -75.4775
0.0244492 0.469031 -99.5886
0.000113561 0.45369 -89.6396
0.0126104 0.476987 -97.6298
0.0199559 0.441583 -91.2324
0.0191499 0.436489 -89.0883
0.0213294 0.400741 -81.2771
0.0155499 0.424418 -84.5256
-0.0192278 0.353901 -54.895
-0.0115309 0.302328 -45.3415
-0.0232008 0.263405 -31.2501
-0.0367895 0.242052 -20.6166
-0.0218422 0.270295 -34.7012
-0.00984 0.300394 -47.8304
0.00331304 0.323369 -59.9856
-0.00160516 0.334812 -60.1062
0.00842324 0.335223 -65.5965
0.00622058 0.337988 -65.0177
0.00205863 0.341014 -63.4134
0.000529567 0.34435 -63.3994
0.00911882 0.333754 -66.2107
0.03516 0.307615 -77.0161
0.0659006 0.273113 -89.278
0.0324217 0.311274 -75.1036
0.0220538 0.328916 -72.3014
0.0323866 0.315623 -76.7222
0.0298285 0.300565 -71.1193
0.0301846 0.291758 -68.8176
0.0526007 0.241615 -74.0264
0.0364656 0.302376 -76.0009
0.0359452 0.33836 -84.2555
0.0506602 0.33531 -96.4611
0.108452 0.252602 -126.115
0.0583155 0.0827419 -38.7749
0.00184202 0.0450622 22.2786
-0.0284788 0.0358422 53.4191
-0.00729522 0.378995 -57.3521
-0.0111343 0.394121 -57.2004
-0.00755292 0.354831 -51.0864
0.0114364 0.360682 -71.3498
0.0211155 0.302196 -67.0736
0.0256981 0.23238 -54.6083
0.0442835 0.147963 -53.6163
0.059493 0.23001 -92.2298
0.0422255 0.183471 -60.3058
0.0460978 0.18635 -65.7547
0.0393703 0.179874 -55.7773
0.0296718 0.173177 -43.0066
0.0562936 0.176953 -76.3465
0.0208934 0.437132 -88.7202
0.0231174 0.434142 -87.9944
0.032736 0.306845 -54.1074
0.0306848 0.384447 -75.9787
0.0162437 0.356824 -67.7198
0.00862971 0.354188 -66.2607
0.00264632 0.379684 -72.005
0.0248836 0.507007 -109.364
0.00912808 0.388472 -75.8508
0.0334389 0.493817 -107.026
0.00720334 0.16989 -7.5686
0.02636 0.539945 -117.471
-0.0366497 0.434085 -72.6439
-0.0292421 0.364599 -55.9842
-0.0124562 0.378087 -64.6116
-0.0259346 0.258011 -27.8379
-0.0454804 0.245774 -17.2393
-0.0500781 0.238265 -14.1343
-0.0406074 0.240318 -18.5358
-0.0256973 0.261574 -30.58
-0.00882923 0.296134 -47.1505
0.00111291 0.32261 -58.7391
0.0110091 0.332403 -66.0495
0.00455344 0.333929 -63.2988
0.00727951 0.332815 -64.3653
-0.000337459 0.324087 -57.8583
0.00860527 0.325206 -62.9268
-0.00258999 0.329206 -57.6531
-0.000332041 0.331182 -59.4949
0.00289098 0.333086 -62.1985
0.00181429 0.31768 -57.2978
0.0256949 0.306861 -70.7687
0.0636742 0.276995 -88.922
0.0595237 0.275209 -85.1202
0.0275011 0.326883 -75.5171
0.0192552 0.329153 -70.1158
0.0202851 0.324805 -69.914
0.0307105 0.297599 -71.1004
0.053951 0.266997 -81.8042
0.0507928 0.270502 -80.0018
0.0551543 0.267706 -82.8581
0.0433982 0.255301 -68.7821
0.0209815 0.281065 -55.942
-0.0167775 0.26013 -15.3362
-0.00294011 0.343414 -50.7329
-0.00923149 0.365722 -51.3768
0.0106022 0.391362 -77.9423
-0.0102358 0.391253 -56.4039
-0.0137011 0.414377 -59.4118
-0.000158244 0.404859 -71.4369
-0.00615924 0.471347 -83.4727
0.0192646 0.223887 -45.6438
0.0247305 0.204362 -46.4601
0.0284527 0.218025 -54.0184
0.0342045 0.168434 -47.3404
0.0290849 0.164603 -40.1869
0.0513562 0.13568 -59.1076
0.0700226 0.148703 -85.6607
0.0104459 0.178125 -15.9469
0.00754196 0.175388 -15.0685
0.0123649 0.320762 -57.1259
-0.00175012 0.323572 -57.1123
0.00780029 0.311377 -54.6333
0.0166192 0.643092 -147.7
0.0188637 0.614265 -139.732
0.0350586 0.535926 -119.396
-0.00312106 0.368355 -63.8263
0.0246786 0.287521 -45.8055
-0.00551033 0.201964 -13.2112
-0.0315145 0.21084 -10.3071
-0.0516708 0.262841 -21.1734
-0.0448997 0.236673 -15.6634
-0.0319998 0.267128 -28.4838
-0.0465279 0.224848 -12.0102
-0.0456229 0.227352 -12.8806
-0.0311898 0.266071 -29.8077
-0.0243621 0.283385 -37.2423
0.0030384 0.323236 -59.822
0.00771866 0.328184 -63.202
0.00759537 0.330721 -63.8641
0.00641414 0.322527 -60.8097
0.00685483 0.329811 -63.2737
0.00567972 0.327778 -62.1253
0.00447909 0.327547 -61.3883
-0.000992511 0.321974 -56.7227
-0.00197255 0.331457 -58.7957
0.00488546 0.326249 -61.3658
0.00126637 0.326863 -59.2875
-0.00636545 0.326671 -54.3072
0.00108683 0.320643 -57.6615
0.0370612 0.298063 -76.3283
0.0702148 0.258693 -88.6319
0.0778679 0.263573 -95.2664
0.0492974 0.307924 -86.7895
0.0229033 0.330686 -73.3545
0.0229784 0.33259 -74.1975
0.0362239 0.307702 -78.1214
0.0355165 0.307073 -77.8155
0.0514534 0.269831 -80.8557
0.0585851 0.0989702 -37.9063
0.0418292 0.251729 -66.8491
0.0245356 0.291059 -61.6733
0.0340177 0.302344 -73.6507
0.00512819 0.375823 -67.3978
0.00315509 0.408502 -74.6425
0.00215668 0.384835 -66.7263
-0.00349438 0.412887 -69.5452
0.0133491 0.43678 -94.3433
-0.0021941 0.410073 -69.5884
0.014221 0.378093 -78.7415
0.00883888 0.344256 -62.4625
-0.0511853 0.435204 -22.1194
-0.0161449 0.243219 -8.90923
0.0172872 0.152171 -23.0226
0.0355333 0.144386 -42.6124
0.0438195 0.133903 -49.5185
-0.00670373 0.272569 -33.851
-0.00805972 0.277436 -35.3383
-0.00401473 0.293158 -40.5255
-0.00959952 0.236725 -21.5902
0.0136434 0.406109 -76.6157
-0.0496959 0.0656333 46.0679
-0.114617 0.108766 41.2121
-0.120845 0.108934 41.1837
-0.0391647 0.244945 -19.5789
-0.0184438 0.239545 -21.9493
-0.0392505 0.189021 -1.63914
-0.0527896 0.186828 2.08576
-0.0561376 0.205825 -3.31909
-0.0362971 0.213196 -11.6633
-0.0469829 0.223502 -11.6003
-0.0181703 0.277456 -38.0855
-0.023719 0.286449 -38.8187
0.00829659 0.320701 -61.067
0.0144851 0.334691 -67.9344
0.00764191 0.340936 -66.9412
0.00197813 0.332794 -61.9381
0.00835491 0.330131 -63.9308
0.00665651 0.335312 -64.8094
0.00467618 0.340432 -65.389
0.00238569 0.338886 -63.7725
0.00146134 0.333806 -61.6972
0.00983521 0.33026 -65.2518
-0.00250711 0.338025 -60.3688
-0.00313807 0.340489 -60.6771
-0.00677703 0.329131 -54.8852
-0.0029413 0.332368 -58.3332
-0.00755434 0.32702 -53.63
0.00930177 0.319542 -63.0435
0.0363341 0.304614 -78.0512
0.0729642 0.265149 -92.6938
0.0838312 0.259646 -98.4477
0.0526014 0.292687 -84.6082
0.0239608 0.331848 -74.5391
0.0195203 0.333116 -71.4871
0.00996472 0.333118 -63.4573
0.0184351 0.333702 -70.9941
0.0284845 0.285037 -64.9194
0.0231014 0.307944 -67.1913
0.0530595 0.257215 -79.0227
0.0556591 0.244158 -77.3037
0.0562984 0.243635 -77.6011
0.0142997 0.283633 -47.9951
0.0353342 0.303537 -75.2782
0.0334058 0.344472 -86.0344
0.017437 0.398963 -86.4683
0.037946 0.353354 -94.8734
-0.00061455 0.392939 -65.7042
-0.00720122 0.402764 -61.7994
0.0325817 0.0357538 16.4432
0.0233488 0.0701492 16.4677
0.0282559 0.058269 14.3215
0.0173368 0.247106 -41.7601
-0.0407222 0.323753 5.09386
-0.00367777 0.27218 -33.7729
-0.00319873 0.277127 -35.456
-0.0126971 0.26967 -32.4669
-0.085062 0.236873 -17.2026
-0.00517829 0.115435 24.2232
-0.0447814 0.0986166 34.2102
-0.0524119 0.0846204 40.1732
-0.101798 0.106522 38.9097
-0.115009 0.170293 19.0077
-0.0465308 0.201908 -4.24129
-0.0554469 0.181677 4.32974
-0.0541668 0.182513 3.42225
-0.0366083 0.223314 -14.8976
-0.0149283 0.276735 -38.8706
-0.0162689 0.290754 -42.9641
0.00616729 0.314605 -58.0079
0.0103344 0.329694 -64.5159
0.0128999 0.331627 -65.9845
0.0124524 0.338967 -68.3364
0.00356597 0.331696 -62.1812
-0.000288491 0.333998 -61.363
0.0152182 0.339985 -70.4165
0.00709627 0.334248 -64.5349
0.00205358 0.331428 -61.0794
0.000619761 0.32913 -59.6226
0.00705338 0.329715 -63.3777
0.00937744 0.326291 -63.5092
0.00277761 0.32708 -59.8955
-0.00291218 0.329475 -57.3439
-0.00838267 0.322179 -51.4988
-0.00114394 0.325079 -57.1678
0.0012768 0.329669 -60.3071
-0.00429105 0.330124 -56.7928
0.0118635 0.319077 -64.7585
0.00635408 0.314327 -59.3258
0.0779717 0.238907 -88.3552
0.0957747 0.241671 -102.436
0.0302669 0.315311 -74.1078
0.00607202 0.341632 -62.8602
0.0179427 0.335332 -70.8989
0.0136893 0.334124 -66.8539
0.016155 0.330479 -67.8585
0.0152811 0.328521 -66.3459
0.0227551 0.31567 -69.2225
0.0379605 0.280889 -72.4611
0.0204691 0.280894 -55.2588
0.0476908 0.241421 -68.7464
0.044168 0.230827 -61.4025
0.0498957 0.239977 -70.0614
0.0353414 0.297733 -73.4862
0.0277897 0.287225 -61.4485
-0.0251429 0.33945 -20.3864
-0.00747459 0.377215 -53.8128
0.0613982 0.0869085 -34.3399
0.019696 0.0590698 23.9964
-0.037402 0.161964 57.8193
-0.0693252 0.305978 45.9019
-0.0540634 0.336896 17.3443
0.00146121 0.271767 -33.6926
0.000366534 0.279139 -36.2901
0.000145435 0.293584 -41.4506
0.0491444 0.175607 -2.60036
-0.00913284 0.150912 12.1909
-0.0618083 0.113403 30.9726
-0.0760206 0.0962744 38.6527
-0.0830246 0.137019 25.215
-0.0755316 0.14546 20.9547
-0.0600166 0.176143 7.19181
-0.0447176 0.195642 -3.17168
-0.012661 0.265026 -35.5125
0.0103082 0.295306 -52.1682
0.000604469 0.305501 -52.8968
0.00680661 0.320278 -59.8768
0.0090426 0.334128 -65.5178
0.00725934 0.329058 -63.0504
0.0116297 0.317598 -60.5157
0.00932687 0.325805 -62.4467
0.00867575 0.3213 -60.7528
0.0161664 0.329013 -66.8263
0.00865257 0.332952 -64.7586
0.000551754 0.332593 -60.8265
0.00209018 0.317886 -56.462
0.00287575 0.321021 -58.0337
0.00915585 0.326761 -63.4596
0.00438761 0.323629 -59.7335
0.00426096 0.309227 -54.5232
-0.00386847 0.319762 -53.4116
-0.00483834 0.323969 -54.2601
-0.00668931 0.327993 -54.3763
-0.00723809 0.324227 -52.6167
-0.00288523 0.333149 -58.8229
-0.00480524 0.336168 -58.6057
0.00543635 0.317762 -59.6735
0.0396113 0.289885 -76.2826
0.0102231 0.312454 -61.8345
0.120772 0.208734 -110.817
0.0478765 0.292486 -80.4315
0.0167605 0.333156 -68.9081
0.0116823 0.329241 -63.3276
0.0124761 0.330614 -64.4047
0.00943832 0.319155 -57.6059
0.0106716 0.317361 -58.1458
0.0168875 0.311914 -62.1707
0.0147699 0.3031 -56.953
0.0226747 0.264356 -51.3068
0.024054 0.259445 -51.1599
0.0543638 0.206184 -63.7047
0.0582017 0.20372 -66.4581
0.0579464 0.222126 -72.5294
0.0577443 0.242668 -79.3985
0.0289722 0.321632 -75.2274
0.0415883 0.305802 -84.5846
0.0388756 0.338256 -92.326
-0.00880541 0.426966 -67.9833
-0.0400053 0.56031 -78.3342
-0.0800915 0.314666 57.0393
0.00923849 0.26929 -32.9054
0.0128242 0.281519 -37.5404
0.0229533 0.30358 -46.1681
0.0329079 0.275193 -36.2516
-0.0229855 0.151499 13.2715
-0.0486342 0.122581 26.2476
-0.0700757 0.159595 15.4599
-0.0818679 0.141876 23.5016
-0.0638212 0.121437 27.4013
-0.0372489 0.13671 16.7407
-0.0220699 0.212242 -13.959
0.00324754 0.277857 -43.7108
0.00996122 0.297773 -52.7544
0.00996362 0.312912 -58.2083
0.0125468 0.31379 -59.2731
0.00902629 0.318236 -59.8047
0.00125017 0.305559 -52.5127
0.0115051 0.298091 -53.4894
0.00876578 0.302029 -53.7299
0.0108229 0.303039 -55.1115
0.0172125 0.316961 -62.9407
0.00298099 0.314891 -55.6239
-0.00555179 0.302806 -47.1662
-0.002088 0.302646 -48.8677
0.00565468 0.309617 -55.4176
0.00894717 0.311404 -57.811
-0.00372908 0.309332 -49.8885
-0.00640756 0.291213 -41.6834
0.0037141 0.296658 -49.8414
0.00379154 0.303861 -52.4944
-0.0010252 0.316807 -53.9583
-0.00864141 0.311031 -46.9677
-0.00678903 0.306405 -46.5137
-0.0076295 0.312146 -48.0035
-0.000823275 0.302127 -49.3764
0.00832768 0.289544 -51.8606
0.066513 0.240261 -79.3602
0.117227 0.18669 -100.273
0.101003 0.243379 -107.184
0.0407194 0.289734 -73.6883
0.0140764 0.313617 -59.7946
0.0107791 0.295132 -50.2174
0.0101375 0.302944 -52.4711
0.00714915 0.287115 -44.0011
0.0276737 0.291805 -65.2122
0.0147211 0.293149 -53.2552
0.0121275 0.287384 -48.6231
0.0111562 0.276697 -43.9112
0.0214397 0.248782 -44.4395
0.0503587 0.191787 -54.1431
0.0703637 0.166817 -66.5487
0.0752142 0.247519 -100.888
0.043981 0.303607 -85.458
0.0304004 0.282252 -62.3495
0.039381 0.282324 -72.8638
0.0391541 0.318537 -86.0397
0.0728132 0.340477 -134.128
0.0728132 0.340477 -134.128
