0 1 3
1 2 1
2 4 2
4 5 3
5 6 1
6 8 0
8 9 0
9 10 2
10 11 1
11 13 0
13 14 3
14 15 3
15 16 2
16 17 0
17 19 3
19 20 3
20 21 3
21 22 3
22 23 3
23 25 1
25 26 0
26 27 3
27 28 3
28 30 3
30 31 3
31 32 3
32 34 3
34 36 3
36 37 3
37 38 3
38 39 3
39 40 3
40 42 3
42 43 3
43 44 3
44 45 3
45 46 1
46 47 3
47 48 3
48 49 3
49 50 0
50 51 1
51 52 3
52 53 3
53 54 3
54 56 3
56 57 3
6 65 0
8 65 0
34 91 3
5 62 2
44 102 3
53 112 3
4 62 2
19 77 3
40 99 3
42 99 3
32 91 3
6 64 3
13 69 3
19 76 3
11 69 0
17 76 3
30 88 3
31 88 3
37 95 3
38 95 3
49 108 0
51 110 0
54 113 3
56 113 3
25 83 0
40 98 3
45 102 3
46 103 0
46 104 0
51 108 0
20 77 3
28 87 3
36 93 3
36 94 3
37 94 3
42 100 3
43 100 3
47 104 0
50 108 3
52 110 3
2 61 2
4 61 0
13 71 3
14 71 3
15 73 3
27 86 3
28 86 3
30 87 3
99 100 3
45 103 3
49 107 0
108 110 3
109 110 3
54 112 3
64 65 0
9 68 2
10 68 3
16 73 2
76 77 3
20 79 3
21 79 3
22 79 3
23 82 3
25 82 0
25 84 0
26 84 3
26 85 3
27 85 3
34 93 3
98 99 3
103 104 3
108 109 3
112 113 3
56 114 3
10 69 3
14 130 1
20 78 3
83 84 3
31 90 3
32 90 3
39 97 3
43 101 3
44 101 3
107 108 3
56 115 3
57 115 3
0 58 3
1 59 3
2 59 0
14 73 3
16 74 3
17 74 2
77 78 3
82 83 3
85 86 3
38 97 3
47 105 2
48 107 0
113 114 3
0 59 3
61 62 3
69 71 3
73 74 1
84 85 3
86 87 3
93 94 3
39 98 3
101 102 3
104 105 1
48 105 2
114 115 3
58 59 3
14 131 3
74 76 2
78 79 3
22 80 3
90 91 3
130 131 0
73 131 3
79 80 3
87 88 3
88 90 3
53 110 3
68 69 3
91 93 3
102 103 3
22 82 3
94 95 3
5 64 2
9 125 2
71 130 1
93 150 3
59 61 1
62 64 3
9 124 0
97 98 3
100 101 3
124 125 3
98 155 3
48 164 0
107 164 3
110 226 3
91 149 3
93 149 3
97 155 3
80 82 3
110 112 3
112 169 3
68 125 3
76 133 0
108 167 3
59 118 3
61 118 3
62 120 0
64 120 0
64 121 0
64 122 0
8 124 0
100 158 3
109 167 3
112 228 3
120 121 3
65 122 3
65 124 3
95 154 3
105 164 2
110 169 3
169 228 3
121 122 3
65 123 3
69 127 3
88 146 3
95 153 3
38 154 3
99 158 3
112 171 3
113 171 3
71 127 3
74 133 0
82 140 3
87 146 3
88 147 3
153 154 3
114 171 3
73 132 3
74 132 0
90 147 3
90 148 3
122 123 3
71 128 3
82 141 3
83 141 3
90 149 3
68 127 3
80 139 3
85 143 3
147 148 3
94 152 3
99 157 3
102 161 3
103 161 3
104 162 3
114 172 3
127 128 3
82 139 3
84 142 3
84 143 3
98 157 3
112 170 3
68 126 3
76 135 3
77 135 3
79 136 3
170 228 3
170 171 3
171 172 3
115 172 3
61 119 3
126 127 3
132 133 3
78 136 3
149 150 3
58 116 3
62 119 2
71 129 3
76 134 2
78 135 3
139 140 3
84 141 3
146 147 3
102 160 3
105 162 0
166 167 3
115 173 3
58 117 3
59 117 3
118 119 3
128 129 3
129 130 1
133 134 2
134 135 2
142 143 3
93 152 3
94 153 3
101 158 3
101 160 3
105 163 0
107 166 3
109 226 1
169 226 3
172 173 3
119 120 3
135 136 3
140 141 3
148 149 3
150 151 3
151 152 3
152 153 3
97 154 3
157 158 3
160 161 3
104 161 3
162 163 3
107 165 3
93 151 3
161 162 3
167 226 2
116 117 3
80 136 3
164 165 3
165 166 3
125 126 3
131 132 3
85 87 3
148 206 3
98 214 3
131 189 3
80 196 3
155 214 3
157 214 3
130 189 0
85 202 3
87 202 3
154 155 3
123 124 3
87 203 3
146 203 3
117 118 3
120 179 3
171 228 3
121 179 3
141 142 3
172 230 2
202 203 3
143 202 3
160 217 3
80 195 3
139 196 3
154 212 3
101 217 3
163 164 1
171 230 0
136 194 3
195 196 3
146 204 3
147 204 3
153 212 3
164 222 3
149 207 3
155 212 3
118 176 3
136 195 3
148 207 3
158 216 3
117 174 3
117 176 3
126 184 3
127 186 3
128 186 3
133 191 3
133 192 3
134 192 2
152 210 3
153 210 3
101 216 3
160 219 3
161 219 3
165 222 3
228 230 0
116 174 3
122 181 3
123 181 3
124 182 3
127 184 3
129 188 1
130 188 3
132 191 3
135 193 3
135 194 3
140 198 3
206 207 3
149 208 3
150 208 3
163 222 1
123 182 3
127 185 3
129 187 3
132 190 3
139 197 3
139 198 3
151 208 3
166 224 3
167 224 3
173 231 2
117 175 3
119 177 3
122 180 3
125 182 3
125 183 3
184 185 3
185 186 3
188 189 0
132 189 3
191 192 3
194 195 3
141 199 3
142 199 3
142 200 3
207 208 3
151 209 3
153 211 3
157 215 3
160 218 3
162 220 3
163 221 3
165 223 3
172 231 2
174 175 3
179 180 3
180 181 3
181 182 3
182 183 3
183 184 3
186 187 3
193 194 3
196 197 3
141 198 3
199 200 3
143 200 3
208 209 3
209 210 3
210 211 3
211 212 3
155 213 3
216 217 3
219 220 3
220 221 3
222 223 3
223 224 3
187 188 1
197 198 3
213 214 3
157 216 3
217 218 3
218 219 3
221 222 1
120 177 3
190 191 3
212 213 3
230 231 3
175 176 3
118 177 3
189 190 3
134 193 2
200 202 3
148 204 3
215 216 3
224 225 3
167 225 3
176 177 3
226 228 2
203 204 3
214 215 3
204 263 3
148 263 3
206 263 3
225 226 3
230 287 2
226 285 3
228 285 3
228 286 3
177 179 3
192 193 1
228 287 3
198 199 3
203 261 3
284 285 3
179 236 3
204 261 3
285 286 3
202 261 3
177 236 3
175 233 3
177 235 3
192 309 3
200 259 3
202 259 3
206 265 3
209 267 3
176 233 3
176 235 3
179 237 3
189 247 3
208 267 3
286 287 3
179 238 3
180 238 3
185 243 3
188 245 0
188 247 0
207 265 3
222 280 3
223 282 3
224 282 3
230 288 2
231 288 2
186 243 3
187 245 3
208 265 3
213 272 3
214 272 3
216 274 3
217 274 3
218 276 3
223 280 3
225 285 0
174 233 3
196 254 3
197 255 3
264 265 3
219 276 3
221 279 3
223 281 3
174 232 3
176 234 3
181 239 3
182 240 3
183 241 3
184 242 3
184 243 3
186 244 3
188 246 3
189 248 3
190 248 3
191 249 3
193 252 3
194 252 3
198 255 3
198 256 3
200 258 3
261 262 3
204 262 3
262 263 3
206 264 3
208 266 3
210 268 3
211 269 3
212 270 3
213 271 3
215 273 3
217 275 3
219 277 3
220 278 3
220 279 3
233 234 3
234 235 3
236 237 3
237 238 3
239 240 3
240 241 3
241 242 3
244 245 3
248 249 3
192 249 3
249 309 3
195 253 3
195 254 3
196 255 3
199 256 3
258 259 3
265 266 3
266 267 3
267 268 3
268 269 3
269 270 3
270 271 3
272 273 3
275 276 3
276 277 3
220 277 3
278 279 3
222 279 0
281 282 3
231 289 3
232 233 3
235 236 3
181 238 3
243 244 3
246 247 0
194 253 3
254 255 3
255 256 3
199 258 3
271 272 3
216 273 3
274 275 3
277 278 3
287 288 3
242 243 3
279 280 1
225 284 2
238 239 3
245 246 1
247 248 3
259 261 3
263 264 3
280 281 3
225 283 3
288 289 3
252 253 3
224 283 3
256 315 3
199 315 3
273 274 3
283 284 2
192 252 1
253 254 3
258 315 3
308 309 3
261 318 3
249 308 3
259 318 3
264 323 3
261 320 3
262 320 3
265 323 3
261 319 3
282 283 3
243 302 3
244 302 3
319 320 3
282 341 3
283 341 3
252 309 0
286 344 3
315 316 3
264 322 3
285 344 3
287 344 3
262 321 3
322 323 3
266 323 3
249 307 3
263 321 3
266 324 3
267 324 3
278 336 3
287 345 3
240 298 3
241 298 3
246 304 3
248 307 3
267 325 3
268 325 3
272 330 3
279 336 3
284 342 0
285 342 3
288 345 3
232 290 3
238 297 3
239 297 3
243 301 3
245 304 1
254 312 3
255 313 3
256 313 3
258 316 3
258 317 3
259 317 3
273 330 3
279 337 3
281 339 3
233 291 3
234 292 3
235 293 3
236 294 3
237 295 3
238 296 3
241 299 3
242 300 3
301 302 3
245 303 3
246 305 0
247 305 3
248 306 3
318 319 3
268 326 3
269 327 3
270 328 3
271 329 3
273 332 3
274 332 3
275 333 3
276 333 3
276 334 3
277 335 3
280 337 0
280 339 3
283 342 0
285 343 2
344 345 3
290 291 3
291 292 3
292 293 3
293 294 3
294 295 3
238 295 3
296 297 3
297 298 3
299 300 3
242 301 3
302 303 3
305 306 3
306 307 3
254 313 3
264 321 3
323 324 3
325 326 3
326 327 3
327 328 3
328 329 3
271 330 3
273 331 3
275 332 3
334 335 3
335 336 3
341 342 0
295 296 3
304 305 0
307 308 3
330 331 3
332 333 3
336 337 3
282 339 3
298 299 3
300 301 3
312 313 3
320 321 3
333 334 3
282 340 3
342 343 1
343 344 2
289 345 3
289 347 0
303 304 1
256 372 3
316 317 3
317 318 3
339 340 3
340 341 3
345 347 3
321 322 3
324 325 3
331 332 3
315 373 3
329 330 3
313 372 3
256 373 3
337 339 1
372 373 3
337 338 3
338 339 1
253 309 0
253 368 0
309 368 3
253 369 0
253 312 3
321 379 3
368 369 3
322 379 3
307 365 3
334 392 3
295 353 3
308 365 3
335 392 3
344 403 3
345 403 0
345 404 3
296 353 3
312 369 3
331 389 3
338 396 3
347 404 3
308 367 3
309 367 3
330 389 3
332 389 3
337 396 3
341 399 0
343 402 0
344 402 3
303 361 3
304 361 0
330 388 3
340 399 0
294 352 3
300 358 3
301 358 3
301 360 3
302 360 3
306 364 3
307 364 3
312 371 3
313 371 3
318 376 3
319 376 3
323 381 3
388 389 3
402 403 3
295 352 3
297 413 3
297 356 3
298 356 3
304 363 0
305 363 3
316 373 3
322 381 3
324 382 3
324 383 3
325 383 3
326 384 3
335 393 3
338 397 1
339 397 3
340 398 3
290 348 3
291 349 3
292 350 3
293 351 3
296 413 3
299 357 3
304 362 3
316 374 3
317 376 3
319 377 3
320 378 3
322 380 3
323 382 3
383 384 3
327 385 3
328 385 3
328 386 3
329 387 3
330 387 3
333 392 3
392 393 3
336 394 3
340 397 3
398 399 3
342 399 3
342 400 3
343 400 0
343 401 0
401 402 3
348 349 3
349 350 3
350 351 3
351 352 3
356 357 3
357 358 3
301 359 3
360 361 3
362 363 0
363 364 3
364 365 3
367 368 3
371 372 3
317 374 3
376 377 3
319 378 3
321 378 3
380 381 3
327 384 3
386 387 3
393 394 3
337 394 3
352 353 3
353 413 3
378 379 3
379 380 3
387 388 3
399 400 3
358 359 3
359 360 3
361 362 1
381 382 3
382 383 3
403 404 3
308 366 3
377 378 3
384 385 3
397 398 3
365 366 3
366 367 3
373 374 3
385 386 3
332 390 3
333 390 3
394 396 3
400 401 3
356 413 3
390 392 3
396 397 1
347 405 3
404 405 3
374 376 3
369 371 3
376 433 3
389 390 3
374 433 3
396 453 1
396 454 1
394 452 1
394 453 1
412 413 3
371 429 3
452 453 3
453 454 3
397 454 0
353 412 3
359 417 3
369 428 3
371 428 3
382 440 3
390 448 3
360 417 3
368 427 3
369 427 3
372 430 3
381 440 3
392 448 3
353 411 3
371 430 3
379 437 3
392 449 3
404 462 3
352 411 3
362 420 3
378 437 3
384 443 3
385 443 3
386 444 3
387 445 3
388 445 3
388 447 3
448 449 3
449 450 3
392 450 3
393 451 1
393 452 1
397 455 3
403 462 3
405 462 3
361 420 1
367 426 3
368 426 3
428 429 3
373 430 3
385 444 3
388 446 3
389 447 3
451 452 3
454 455 1
398 455 3
399 457 3
348 406 3
349 407 3
350 408 3
351 409 3
352 410 3
411 412 3
356 414 3
357 415 3
358 416 3
358 417 3
363 420 1
363 421 3
364 422 3
364 423 3
365 423 3
427 428 3
376 434 3
377 435 3
378 436 3
380 437 3
380 438 3
381 439 3
383 441 3
384 442 3
446 447 3
447 448 3
390 447 3
392 451 3
400 457 3
400 459 3
402 460 3
405 463 3
406 407 3
407 408 3
408 409 3
409 410 3
410 411 3
413 414 3
414 415 3
415 416 3
360 419 3
361 419 3
420 421 0
421 422 3
367 425 3
434 435 3
435 436 3
436 437 3
438 439 3
439 440 3
382 441 3
441 442 3
386 445 3
445 446 3
450 451 3
401 459 3
462 463 3
366 424 3
433 434 3
437 438 3
457 459 3
360 418 3
419 420 1
365 424 3
425 426 3
426 427 3
442 443 3
443 444 3
444 445 3
401 460 3
403 460 3
416 417 3
418 419 3
366 425 3
429 430 3
430 431 3
373 431 3
417 418 3
424 425 3
423 424 3
374 431 3
440 441 3
422 423 3
398 514 3
398 457 3
455 514 3
457 514 3
459 460 3
460 519 3
403 519 3
455 513 3
459 516 3
460 517 3
454 513 3
459 517 3
413 471 3
462 519 3
412 471 3
417 475 3
429 487 2
442 499 3
457 516 3
414 471 3
416 475 3
431 433 3
441 499 3
454 512 3
516 517 3
421 480 3
422 480 3
436 495 3
437 495 3
512 513 3
408 467 3
409 467 3
423 481 3
424 481 3
427 485 3
430 487 2
438 495 3
446 504 3
453 512 3
425 483 3
426 483 3
426 485 3
487 488 3
440 498 3
441 498 3
442 500 3
443 500 3
445 504 3
448 506 3
451 509 3
460 518 3
462 520 3
463 520 3
406 464 3
407 465 3
410 468 3
411 469 3
417 476 3
418 476 3
419 476 3
421 479 3
422 481 3
424 482 3
427 486 2
428 486 2
430 488 2
439 497 3
440 497 3
443 501 3
444 502 3
445 502 3
447 505 3
449 506 3
449 508 3
450 508 3
450 509 3
452 509 3
452 510 3
453 511 3
518 519 3
519 520 3
463 521 3
407 464 3
408 465 3
467 468 3
468 469 3
412 469 3
481 482 3
431 488 2
431 489 2
433 489 2
438 497 3
498 499 3
501 502 3
445 503 3
504 505 3
447 506 3
509 510 3
510 511 3
511 512 3
517 518 3
520 521 3
420 479 0
479 480 3
483 484 3
426 484 3
484 485 3
436 494 2
438 496 3
497 498 3
500 501 3
503 504 3
464 465 3
412 470 3
414 473 3
415 473 3
480 481 3
425 482 3
485 486 3
488 489 3
435 493 2
496 497 3
499 500 3
505 506 3
470 471 3
416 474 3
419 477 3
434 493 2
435 494 2
508 509 3
457 515 3
415 474 3
474 475 3
420 477 0
494 495 3
495 496 3
506 508 3
515 516 3
469 470 3
471 473 3
475 476 3
482 483 3
486 487 3
489 491 1
433 491 1
434 491 1
493 494 3
502 503 3
513 514 3
408 466 3
473 474 3
476 477 3
514 515 3
465 466 3
434 551 2
466 467 3
491 551 0
519 577 3
520 577 3
493 551 3
477 536 1
420 536 3
471 530 3
473 530 3
502 559 1
518 577 3
479 536 1
501 559 1
508 565 3
516 573 3
516 574 3
517 574 3
483 541 2
489 547 3
491 547 0
506 565 3
515 573 3
467 524 3
484 541 3
495 553 2
506 564 3
514 572 3
515 572 3
517 576 3
518 576 3
466 524 3
469 527 3
470 528 3
471 528 3
479 537 2
482 541 3
547 549 3
491 549 2
496 553 2
497 555 2
572 573 3
573 574 3
464 522 3
465 522 3
465 523 3
465 524 3
467 526 3
468 526 3
468 527 3
470 527 3
474 532 3
488 546 3
489 546 3
494 553 3
496 555 2
521 579 3
527 528 3
475 532 2
536 537 0
481 539 2
485 543 3
496 614 2
508 566 3
512 570 3
513 570 3
513 571 3
517 575 3
520 579 3
522 523 3
471 529 3
473 531 3
475 533 2
476 534 2
480 539 2
482 539 3
482 540 3
484 543 3
486 543 3
546 547 3
494 552 3
553 614 3
555 614 3
498 556 2
505 564 3
565 566 3
509 566 3
509 567 3
510 568 3
511 569 3
514 571 3
523 524 3
526 527 3
528 529 3
474 531 3
533 534 3
477 534 3
480 537 2
480 538 2
540 541 3
484 542 3
487 545 3
488 545 3
551 552 3
552 553 3
499 556 2
502 561 3
503 561 3
503 562 3
504 562 3
566 567 3
567 568 3
568 569 3
569 570 3
570 571 3
576 577 3
529 530 3
530 531 3
537 538 3
542 543 3
486 545 3
545 546 3
500 558 2
501 558 2
559 561 0
505 562 3
505 563 3
574 575 3
520 578 3
538 539 3
539 540 3
553 554 3
554 614 0
499 558 2
562 563 3
563 564 3
564 565 3
575 576 3
577 578 3
578 579 3
477 594 2
536 594 2
537 594 3
541 542 3
497 556 3
571 572 3
531 532 3
532 533 3
543 545 3
499 557 2
558 559 1
524 526 3
557 558 3
561 562 3
534 594 3
555 556 3
556 557 3
574 632 3
561 619 2
575 632 3
578 637 3
579 637 3
545 602 3
562 619 2
577 635 3
534 593 3
543 602 3
549 551 3
549 608 3
551 608 3
578 635 3
530 587 3
593 594 3
530 588 3
561 618 2
529 587 3
531 588 3
532 590 3
546 605 3
547 605 3
553 612 3
554 612 3
587 588 3
533 590 3
545 603 3
547 606 3
549 606 3
558 617 3
559 617 2
559 618 2
573 632 3
528 586 3
531 589 3
537 595 3
541 599 3
551 609 3
552 609 3
618 619 3
562 621 2
563 621 2
576 635 3
528 587 3
532 589 3
534 592 3
592 593 3
538 595 3
538 596 3
542 599 3
546 603 3
549 607 3
553 611 3
612 614 3
556 614 3
617 618 3
569 627 3
570 627 3
575 633 3
522 580 3
527 585 3
527 586 3
586 587 3
588 589 3
533 591 3
534 591 3
594 595 3
539 596 3
540 598 3
541 598 3
542 600 3
543 601 3
602 603 3
546 604 3
605 606 3
606 607 3
607 608 3
608 609 3
552 610 3
553 610 3
611 612 3
557 615 3
558 615 3
565 623 2
566 624 3
567 625 3
568 626 3
568 627 3
571 629 3
572 630 3
572 631 3
573 631 3
575 634 3
576 634 3
591 592 3
539 598 3
600 601 3
601 602 3
604 605 3
609 610 3
610 611 3
557 614 3
565 624 3
625 626 3
626 627 3
631 632 3
632 633 3
634 635 3
526 584 3
527 584 3
585 586 3
589 590 3
590 591 3
595 596 3
599 600 3
619 621 3
564 621 2
623 624 2
570 629 3
571 630 3
526 583 3
598 599 3
615 617 3
567 624 3
629 630 3
630 631 3
633 634 3
524 583 3
583 584 3
584 585 3
603 604 3
613 614 3
614 615 3
612 613 3
619 620 3
620 621 3
624 625 3
524 582 3
596 598 3
582 583 3
564 623 2
578 694 3
523 581 3
523 582 3
635 694 3
522 581 3
581 582 3
580 581 3
621 623 3
627 686 3
570 686 3
624 682 1
637 694 3
623 680 3
596 655 3
615 674 3
621 680 3
623 682 3
598 655 3
614 672 3
615 672 3
617 674 3
629 686 3
625 684 2
626 684 2
583 641 3
584 641 3
588 646 3
589 646 3
613 672 3
584 642 3
602 660 3
606 664 3
607 664 3
615 673 3
619 677 3
641 642 3
585 642 3
587 645 3
603 660 3
611 669 3
612 669 3
673 674 3
618 677 3
625 682 1
627 685 2
634 692 3
635 692 3
581 639 3
588 645 3
590 648 3
594 652 3
600 658 3
601 658 3
603 661 3
604 663 3
605 663 3
607 665 3
613 671 3
619 678 1
626 685 2
685 686 0
632 690 3
580 638 3
580 639 3
582 640 3
583 640 3
585 643 3
586 644 3
589 648 3
591 648 3
595 652 3
595 653 3
596 654 3
654 655 3
598 656 3
599 657 3
601 659 3
604 661 3
604 662 3
663 664 3
608 665 3
608 666 3
609 666 3
612 670 3
671 672 3
617 675 1
677 678 3
621 678 1
629 687 3
630 688 3
631 690 3
633 692 3
638 639 3
582 639 3
640 641 3
642 643 3
643 644 3
587 644 3
645 646 3
589 647 3
592 650 3
652 653 3
653 654 3
655 656 3
598 657 3
657 658 3
659 660 3
662 663 3
664 665 3
610 669 3
669 670 3
612 671 3
672 673 3
674 675 1
625 683 1
686 687 3
631 688 3
644 645 3
646 647 3
591 650 3
593 650 3
656 657 3
658 659 3
660 661 3
665 666 3
609 667 3
610 667 3
610 668 3
617 676 3
618 676 3
678 679 3
621 679 3
630 687 3
633 691 3
639 640 3
591 649 3
593 652 3
661 662 3
668 669 3
670 671 3
679 680 3
682 683 3
683 684 3
687 688 3
631 689 3
647 648 3
648 649 3
649 650 3
666 667 3
667 668 3
675 676 0
684 685 3
688 689 3
690 691 3
691 692 3
676 677 3
694 695 3
637 695 3
593 709 3
674 732 3
692 694 3
652 709 3
650 709 3
675 732 3
680 682 3
692 750 2
686 744 1
689 690 3
680 740 3
682 740 3
685 744 2
687 744 1
679 738 3
690 748 3
691 748 3
656 714 3
684 743 2
685 743 2
694 752 3
647 705 3
648 705 3
655 714 3
662 721 3
663 721 3
676 734 3
677 734 3
680 738 3
738 740 3
687 745 1
687 746 1
691 750 2
692 752 3
669 728 3
670 728 3
745 746 3
688 746 1
689 748 3
695 752 3
641 699 3
642 699 3
648 706 3
662 720 3
664 723 3
665 723 3
667 726 3
668 726 3
669 727 3
670 729 3
671 729 3
675 733 3
677 735 3
678 735 3
679 736 3
743 744 3
639 697 3
640 697 3
642 700 3
646 704 3
652 711 3
653 711 3
654 711 3
654 712 3
655 713 3
713 714 3
720 721 3
664 721 3
672 731 3
673 731 3
678 736 3
744 745 3
692 751 3
638 696 3
640 698 3
643 700 3
643 701 3
644 702 3
645 703 3
647 704 3
705 706 3
649 707 3
650 708 3
652 710 3
712 713 3
657 714 3
657 716 3
658 716 3
659 717 3
660 718 3
661 719 3
664 722 3
666 724 3
667 724 3
668 727 3
676 733 2
735 736 3
683 741 3
684 741 3
688 747 1
689 747 1
747 748 0
691 749 3
750 751 0
695 753 3
696 697 3
698 699 3
701 702 3
702 703 3
645 704 3
707 708 3
708 709 3
709 710 3
710 711 3
711 712 3
716 717 3
717 718 3
718 719 3
719 720 3
721 722 3
722 723 3
723 724 3
728 729 3
748 749 3
749 750 1
751 752 3
752 753 3
697 698 3
699 700 3
703 704 3
706 707 3
726 727 3
727 728 3
672 729 3
736 738 3
682 741 3
674 731 3
733 734 3
741 743 3
746 747 3
700 701 3
704 705 3
667 725 3
734 735 3
741 742 3
724 725 3
725 726 3
738 739 1
739 740 0
742 743 3
740 741 3
672 788 3
732 733 3
731 788 3
737 738 3
729 788 3
736 737 3
748 807 1
749 807 1
749 808 1
714 716 3
731 732 3
750 808 2
741 799 3
807 808 3
751 809 1
732 789 3
740 799 3
752 809 1
752 810 1
716 773 3
731 789 3
753 810 1
702 760 3
714 773 3
748 806 1
806 807 3
809 810 3
703 760 3
705 763 3
736 795 3
737 795 3
743 800 3
706 763 3
742 800 3
746 804 3
723 782 3
724 782 3
725 782 3
788 789 3
732 790 3
737 739 3
739 797 2
740 798 3
798 799 3
747 804 3
747 806 3
750 809 2
707 765 3
709 767 3
789 790 3
732 791 3
733 791 3
737 797 3
744 802 3
753 811 3
699 757 3
700 757 3
701 759 3
702 759 3
763 764 3
706 764 3
708 765 3
708 767 3
710 767 3
712 770 3
734 792 3
743 802 3
810 811 3
697 755 3
698 755 3
704 763 3
707 764 3
711 770 3
716 775 3
717 775 3
735 792 3
740 797 3
745 802 3
696 754 3
698 756 3
700 758 3
759 760 3
760 761 3
703 761 3
708 766 3
713 771 3
714 772 3
718 776 3
719 777 3
720 777 3
720 778 3
721 779 3
722 780 3
725 783 3
726 784 3
726 785 3
727 785 3
727 786 3
728 786 3
729 787 3
734 791 2
735 793 1
742 799 3
745 803 3
754 755 3
755 756 3
699 756 3
757 758 3
701 758 3
704 761 3
764 765 3
765 766 3
766 767 3
711 769 3
770 771 3
771 772 3
772 773 3
775 776 3
776 777 3
778 779 3
779 780 3
722 781 3
723 781 3
782 783 3
783 784 3
729 786 3
735 794 3
736 794 3
799 800 3
803 804 3
808 809 3
710 768 3
769 770 3
777 778 3
785 786 3
790 791 3
792 793 3
793 794 0
743 801 3
802 803 3
756 757 3
758 759 3
767 768 3
710 769 3
784 785 3
787 788 3
794 795 3
795 797 3
797 798 3
800 801 3
768 769 3
780 781 3
791 792 3
801 802 3
781 782 3
786 787 3
796 797 3
704 820 3
773 775 3
761 820 3
763 820 3
804 863 3
747 863 3
795 796 3
806 863 3
802 860 3
773 832 3
775 832 3
801 860 3
803 860 3
755 813 3
756 813 3
804 862 3
759 817 3
793 795 0
801 859 3
803 862 3
862 863 3
760 817 3
770 828 3
784 843 3
785 843 3
797 855 3
800 858 3
801 858 3
863 864 3
806 864 3
769 828 3
781 839 3
795 852 2
796 852 3
796 855 3
799 857 3
809 867 3
809 868 3
754 813 3
757 813 3
792 850 3
793 852 3
858 859 3
807 864 3
808 867 3
810 868 3
758 817 3
760 819 3
761 819 3
777 835 3
778 836 3
780 838 3
781 840 3
782 840 3
783 841 3
784 841 3
786 843 3
786 844 3
790 848 3
790 849 3
791 849 3
791 850 3
798 856 3
799 856 3
803 861 3
808 866 3
754 812 3
760 818 3
819 820 3
763 822 3
764 822 3
765 823 3
766 824 3
767 825 3
768 826 3
769 827 3
827 828 3
771 829 3
772 830 3
773 831 3
775 833 3
776 834 3
776 835 3
777 836 3
779 837 3
779 838 3
780 839 3
784 842 3
842 843 3
843 844 3
787 844 3
787 845 3
788 846 3
789 847 3
789 848 3
796 853 3
799 858 3
860 861 3
867 868 3
812 813 3
758 816 3
817 818 3
818 819 3
822 823 3
823 824 3
824 825 3
825 826 3
826 827 3
828 829 3
829 830 3
830 831 3
833 834 3
834 835 3
836 837 3
839 840 3
783 840 3
841 842 3
788 845 3
847 848 3
848 849 3
793 851 3
852 853 3
856 857 3
857 858 3
861 862 3
807 865 3
866 867 3
868 869 3
816 817 3
832 833 3
835 836 3
837 838 3
838 839 3
844 845 3
789 846 3
851 852 3
864 865 3
810 869 3
831 832 3
845 846 3
840 841 3
849 850 3
808 865 3
757 816 3
792 851 3
820 822 3
846 847 3
797 856 3
859 860 3
865 866 3
855 856 3
851 909 3
757 873 3
816 873 3
849 907 3
852 909 3
850 907 3
850 851 3
813 872 3
757 872 3
872 873 3
822 879 3
853 855 3
858 916 3
863 922 3
864 922 3
865 922 3
820 879 3
841 899 3
840 899 3
850 909 3
842 899 3
850 908 3
857 916 3
862 922 3
819 878 3
820 878 3
907 908 3
859 916 3
867 925 3
848 907 3
859 917 3
860 918 3
861 918 3
834 892 3
842 901 3
843 901 3
844 903 3
845 903 3
855 913 3
916 917 3
859 918 3
861 920 3
862 920 3
866 925 3
868 927 3
869 927 3
818 876 3
819 876 3
819 877 3
831 889 3
835 892 3
848 906 3
853 913 3
856 913 3
812 870 3
813 871 3
816 874 3
817 875 3
822 880 3
823 881 3
824 882 3
825 883 3
826 884 3
827 885 3
828 886 3
829 887 3
830 887 3
832 889 3
832 890 3
833 891 3
835 893 3
836 894 3
837 895 3
838 896 3
839 897 3
840 898 3
842 900 3
844 902 3
847 906 3
856 915 3
857 915 3
868 926 3
870 871 3
871 872 3
817 874 3
875 876 3
879 880 3
880 881 3
824 881 3
824 883 3
883 884 3
884 885 3
885 886 3
886 887 3
830 888 3
830 889 3
890 891 3
891 892 3
892 893 3
893 894 3
894 895 3
895 896 3
839 896 3
897 898 3
898 899 3
899 900 3
843 902 3
902 903 3
845 904 3
846 904 3
908 909 3
853 910 3
856 914 3
920 922 3
922 923 3
865 924 3
866 924 3
867 926 3
874 875 3
877 878 3
878 879 3
888 889 3
896 897 3
852 910 3
914 915 3
918 919 3
918 920 3
865 923 3
873 874 3
881 882 3
887 888 3
900 901 3
906 907 3
909 910 3
913 914 3
919 920 3
925 926 3
876 877 3
882 883 3
889 890 3
903 904 3
847 904 3
917 918 3
926 927 3
915 916 3
923 924 3
901 902 3
847 905 3
924 925 3
904 905 3
905 906 3
853 911 3
912 913 3
922 979 3
910 911 3
853 912 3
911 912 3
920 979 3
914 972 3
915 972 3
919 978 3
922 980 3
920 978 3
979 980 3
923 980 3
924 982 3
872 930 3
873 930 3
913 971 3
914 971 3
925 982 3
918 977 3
919 977 3
977 978 3
871 930 3
897 955 3
898 955 3
899 957 3
901 959 3
905 964 3
906 964 3
907 964 3
908 966 3
912 971 3
926 984 3
896 955 3
900 957 3
900 959 3
907 966 3
917 975 3
927 984 3
876 934 3
877 934 3
880 938 3
881 938 3
883 941 3
892 950 3
902 959 3
910 968 3
916 973 3
916 975 3
923 982 3
982 983 3
925 983 3
870 928 3
871 929 3
873 931 3
874 932 3
875 933 3
877 935 3
878 936 3
879 936 3
879 937 3
880 937 3
882 941 3
884 942 3
885 943 3
886 944 3
887 945 3
888 946 3
888 947 3
889 947 3
890 948 3
891 949 3
893 950 3
893 951 3
894 952 3
895 953 3
896 954 3
898 956 3
900 958 3
902 960 3
903 961 3
904 962 3
905 962 3
907 965 3
909 966 3
909 967 3
911 969 3
911 970 3
912 970 3
971 972 3
915 973 3
978 979 3
928 929 3
929 930 3
930 931 3
931 932 3
932 933 3
933 934 3
935 936 3
936 937 3
882 940 3
941 942 3
942 943 3
943 944 3
944 945 3
945 946 3
947 948 3
948 949 3
949 950 3
951 952 3
952 953 3
953 954 3
955 956 3
956 957 3
957 958 3
959 960 3
960 961 3
961 962 3
905 963 3
965 966 3
968 969 3
970 971 3
916 974 3
918 976 3
927 985 3
934 935 3
881 940 3
946 947 3
950 951 3
954 955 3
962 963 3
963 964 3
964 965 3
966 967 3
967 968 3
974 975 3
975 976 3
925 984 3
984 985 3
937 938 3
958 959 3
969 970 3
972 973 3
973 974 3
976 977 3
923 981 3
983 984 3
938 940 3
981 982 3
980 981 3
940 941 3
983 1041 1
974 1032 3
971 1030 3
972 1030 3
940 997 3
938 997 3
982 1041 2
984 1041 1
941 999 3
942 999 3
958 1016 3
973 1030 3
980 1038 3
984 1042 3
985 1043 3
935 993 3
957 1016 3
965 1024 3
966 1024 3
967 1024 3
973 1032 3
979 1038 3
981 1038 3
981 1039 3
1041 1042 0
985 1042 3
930 988 3
936 993 3
940 998 3
941 998 3
964 1022 3
982 1039 3
929 988 3
931 988 3
942 1000 3
963 1022 3
965 1023 3
968 1026 3
970 1029 3
971 1029 3
975 1033 3
976 1035 3
982 1040 3
1042 1043 3
931 989 3
934 992 3
935 992 3
943 1000 3
943 1001 3
944 1001 3
947 1005 3
950 1009 3
951 1009 3
955 1013 3
956 1013 3
964 1023 3
967 1026 3
970 1028 3
1029 1030 3
973 1031 3
976 1033 3
976 1034 3
977 1035 3
978 1036 3
979 1037 3
928 986 3
929 987 3
932 989 3
932 990 3
933 991 3
937 995 3
944 1003 3
945 1003 3
946 1004 3
948 1005 3
948 1006 3
949 1007 3
950 1008 3
951 1010 3
952 1010 3
953 1011 3
954 1012 3
954 1013 3
957 1015 3
959 1017 3
960 1018 3
961 1019 3
962 1020 3
963 1021 3
1023 1024 3
967 1025 3
969 1027 3
970 1027 3
1028 1029 3
1031 1032 3
1034 1035 3
977 1036 3
978 1037 3
1040 1041 2
986 987 3
987 988 3
988 989 3
989 990 3
990 991 3
934 991 3
936 995 3
938 995 3
938 996 3
999 1000 3
1003 1004 3
947 1004 3
1006 1007 3
1007 1008 3
1009 1010 3
952 1011 3
1011 1012 3
1012 1013 3
956 1015 3
1016 1017 3
1017 1018 3
1018 1019 3
1019 1020 3
1020 1021 3
1021 1022 3
1022 1023 3
1025 1026 3
968 1027 3
974 1033 3
1037 1038 3
1038 1039 3
1039 1040 3
991 992 3
992 993 3
995 996 3
996 997 3
997 998 3
1004 1005 3
1005 1006 3
1008 1009 3
1010 1011 3
1024 1025 3
1027 1028 3
1030 1031 3
1035 1036 3
1036 1037 3
1015 1016 3
998 999 3
1032 1033 3
1000 1001 3
1026 1027 3
1013 1015 3
993 995 3
1001 1003 3
1033 1034 3
