0 1 3
1 2 3
2 3 3
3 4 3
4 5 3
5 6 3
6 7 3
7 8 3
8 10 1
10 12 3
12 13 3
13 72 0
15 72 3
15 16 3
16 17 3
17 18 2
18 20 3
20 21 3
21 23 3
23 24 3
24 25 3
25 26 3
26 27 3
27 28 0
28 29 3
29 30 3
30 31 3
31 33 3
33 34 3
34 35 3
35 36 3
36 38 3
38 40 3
40 41 3
41 42 3
42 43 3
43 44 3
44 45 3
45 46 3
46 47 3
47 49 3
49 51 3
51 52 3
52 53 3
53 54 3
54 55 3
55 56 3
56 115 3
21 80 3
23 80 3
38 96 3
51 108 0
33 90 3
40 96 3
47 106 3
49 106 3
31 90 3
8 68 1
40 97 3
20 78 3
36 95 3
10 68 3
38 95 3
67 68 2
106 107 0
49 107 0
10 69 3
12 69 3
17 75 3
28 86 3
29 86 3
44 102 3
13 71 3
16 75 2
18 77 3
20 77 3
21 79 3
24 81 0
43 102 3
21 78 3
36 94 3
46 104 3
8 66 3
79 80 3
35 94 3
94 95 3
96 97 3
97 98 0
40 98 2
43 101 3
52 111 3
53 111 3
4 63 3
5 63 3
6 64 3
7 66 3
8 67 2
78 79 3
27 86 3
33 91 3
34 91 3
41 100 3
42 100 3
46 105 3
47 105 3
108 109 1
51 109 3
52 110 3
0 58 3
1 59 3
2 60 3
3 61 3
4 62 3
5 64 3
7 65 3
76 77 3
77 78 3
27 85 3
30 88 3
35 93 3
41 98 2
43 100 3
44 103 3
45 103 3
45 104 3
51 110 3
58 59 3
59 60 3
60 61 3
61 62 3
62 63 3
64 65 3
65 66 3
66 67 2
12 71 3
23 81 0
29 88 3
31 89 3
34 93 3
51 107 0
109 110 3
63 64 3
68 69 3
18 76 3
24 83 3
26 85 3
30 89 3
90 91 3
100 101 3
104 105 3
105 106 3
110 111 3
25 83 3
71 72 0
16 74 3
17 76 3
25 85 3
89 90 3
93 94 3
95 96 3
101 102 3
103 104 3
107 108 1
15 74 3
74 75 0
85 86 3
102 103 3
69 71 3
80 81 2
81 83 1
86 145 3
29 145 3
98 100 2
75 76 2
88 89 3
54 111 3
15 132 1
98 156 1
54 170 3
55 170 3
83 85 3
100 157 3
88 145 3
98 157 1
74 132 0
69 128 3
85 142 3
83 142 3
34 150 3
93 150 3
72 132 1
131 132 2
91 150 3
95 154 3
94 152 3
96 154 3
88 146 0
93 152 3
94 153 3
95 153 3
111 169 3
54 169 3
61 120 3
62 120 3
66 124 3
67 125 2
68 127 3
71 128 3
72 129 1
107 166 2
108 166 3
65 124 3
66 125 3
69 127 3
72 131 3
78 136 3
80 138 3
81 138 2
83 141 3
86 143 3
86 144 3
89 147 0
90 147 0
91 149 3
97 156 3
63 120 3
63 122 3
64 122 3
64 123 3
65 123 3
67 127 2
71 129 3
79 136 3
85 143 3
90 149 3
93 151 3
106 165 3
107 165 2
110 168 3
55 228 3
56 228 3
58 116 3
59 117 3
60 118 3
61 119 3
79 195 3
81 198 1
83 198 2
88 147 0
150 151 3
152 153 3
103 161 3
103 162 3
104 162 3
111 168 3
169 170 3
59 116 3
117 118 3
118 119 3
63 121 3
124 125 3
128 129 3
77 136 3
153 154 3
105 162 3
109 168 3
120 121 3
121 122 3
125 127 1
77 194 3
136 195 3
79 138 3
147 149 3
149 150 3
102 161 3
105 163 3
106 163 3
109 167 1
170 228 3
116 117 3
119 120 3
122 123 3
123 124 3
76 194 3
142 143 3
146 147 3
156 157 3
100 158 3
108 167 1
167 168 1
168 169 3
129 131 0
147 206 3
151 152 3
97 154 3
157 158 3
101 161 3
165 166 0
127 128 3
75 132 3
143 144 3
144 145 3
161 162 3
162 163 3
101 158 3
149 206 3
75 192 2
76 192 3
136 194 3
158 161 3
161 219 3
163 165 3
132 190 3
132 192 2
141 198 2
141 142 3
145 146 3
154 156 3
129 188 3
131 188 2
132 191 2
154 213 3
138 195 3
81 197 3
156 213 3
162 219 3
127 184 0
138 197 3
56 287 3
115 287 3
119 177 3
125 184 3
120 177 3
131 190 0
149 207 3
150 207 3
116 175 3
117 175 3
138 196 3
196 197 3
141 199 3
147 205 3
165 223 3
198 199 0
144 202 3
146 205 3
152 210 3
153 210 3
128 186 2
195 196 3
143 200 3
144 203 3
145 203 3
156 272 3
157 216 3
158 216 3
163 222 3
165 222 3
228 287 3
116 174 3
121 179 3
122 179 3
127 186 2
142 200 3
146 203 3
146 262 3
205 206 3
206 207 3
118 176 3
118 177 3
120 178 3
122 180 3
123 181 3
124 182 3
191 192 3
197 198 2
205 262 3
207 208 3
150 208 3
151 208 3
151 209 3
152 209 3
162 221 3
163 221 3
166 223 1
168 227 3
169 227 3
175 176 3
177 178 3
178 179 3
180 181 3
181 182 3
125 182 3
194 195 3
141 200 3
153 211 3
156 215 3
157 215 3
161 276 3
174 175 3
176 177 3
190 248 0
190 191 0
202 203 3
209 210 3
210 211 3
154 211 3
215 272 3
215 216 3
158 276 3
219 276 3
129 186 2
199 200 3
208 209 3
167 226 1
168 226 3
184 186 2
191 248 3
213 272 3
158 275 3
219 221 3
221 222 3
226 227 3
188 246 0
131 246 3
179 180 3
190 246 2
194 251 3
144 200 3
76 251 3
211 213 3
169 228 3
275 276 3
222 223 3
125 241 3
227 228 3
216 275 3
166 167 1
184 241 3
129 246 0
190 247 3
182 241 3
246 247 2
207 265 3
208 265 3
166 226 1
186 246 0
192 251 3
211 271 3
223 281 3
184 244 0
186 244 2
245 246 2
198 256 3
200 258 3
200 259 3
210 268 3
213 271 3
216 274 1
219 277 3
186 245 2
258 259 3
205 263 3
221 278 3
222 281 3
227 286 3
228 286 3
274 275 0
166 282 1
286 287 3
195 253 3
197 256 2
144 259 3
211 268 3
221 277 3
194 253 3
195 254 3
202 259 3
223 282 3
226 282 3
196 254 3
215 274 1
276 277 3
243 244 3
197 255 3
277 278 3
221 279 3
227 285 3
174 232 3
175 233 3
176 234 3
177 235 3
178 236 3
179 237 3
180 238 3
181 239 3
182 240 3
191 249 3
192 250 3
253 254 3
196 255 3
255 256 2
198 257 2
209 268 3
215 273 3
222 279 3
226 285 3
232 233 3
233 234 3
234 235 3
235 236 3
236 237 3
237 238 3
238 239 3
239 240 3
240 241 3
246 304 3
249 250 3
199 257 1
199 258 3
203 262 3
206 265 3
271 272 3
226 283 3
244 245 3
245 304 2
248 249 3
250 251 3
251 253 3
256 257 2
262 263 3
265 266 3
208 266 3
272 273 3
257 258 3
206 264 3
278 279 3
282 283 3
206 263 3
273 274 1
259 260 3
202 260 3
263 264 3
211 269 3
184 243 0
264 265 3
268 269 3
269 271 3
286 345 3
287 345 3
247 248 2
208 268 3
271 328 3
254 255 3
202 262 3
266 268 3
279 281 3
283 285 3
241 243 3
244 302 3
245 302 3
251 310 3
253 310 3
271 329 3
285 286 3
272 329 3
272 330 3
281 282 3
243 302 3
255 313 3
266 325 3
268 325 3
329 330 3
258 317 3
259 317 3
264 323 3
268 326 3
265 323 3
328 329 3
275 333 3
236 294 3
248 306 3
250 309 3
251 309 3
260 317 3
325 326 3
278 337 3
235 294 3
249 306 3
254 312 3
255 314 3
256 314 3
275 334 3
276 334 3
237 294 3
255 312 3
313 314 3
260 262 3
264 322 3
273 330 3
274 331 0
279 337 3
281 338 3
232 290 3
233 291 3
234 292 3
235 293 3
237 295 3
238 296 3
239 297 3
240 298 3
241 299 3
245 303 3
249 307 3
250 308 3
253 311 3
256 315 2
257 315 3
262 378 3
263 380 3
263 322 3
322 323 3
269 385 3
273 331 3
274 333 0
333 334 3
277 334 3
277 335 3
282 341 3
283 341 3
290 291 3
234 291 3
292 293 3
293 294 3
294 295 3
295 296 3
296 297 3
297 298 3
298 299 3
302 303 3
303 304 2
306 307 3
307 308 3
310 311 3
260 378 3
322 380 3
279 338 3
338 339 3
243 299 3
314 315 3
266 324 3
269 326 3
334 335 3
337 338 3
281 339 3
286 343 3
247 306 2
308 309 3
282 398 3
285 343 3
286 402 3
291 292 3
257 374 3
258 374 3
317 374 3
260 376 3
265 324 3
278 335 3
281 398 3
285 341 3
315 374 3
317 376 3
269 328 3
278 336 3
336 337 3
312 313 3
376 377 3
260 377 3
377 378 3
335 336 3
341 398 3
343 402 3
263 378 3
378 380 3
323 324 3
330 331 3
339 398 3
246 306 0
345 402 3
309 310 3
253 312 3
328 385 3
341 343 3
243 358 3
299 358 3
324 325 3
311 312 3
306 363 3
331 333 3
243 360 3
302 360 3
246 363 0
323 380 3
291 350 3
292 350 3
325 383 3
326 385 3
334 391 3
341 399 3
309 368 3
310 368 3
331 389 3
293 350 3
299 357 3
303 361 3
304 361 2
317 375 3
329 386 3
330 389 3
333 391 3
291 349 3
357 358 3
304 362 3
314 373 3
315 373 3
374 375 3
328 386 3
330 504 3
389 504 3
398 399 3
341 400 3
290 348 3
349 350 3
293 351 3
293 352 3
294 352 3
295 353 3
296 354 3
297 355 3
298 356 3
358 360 3
302 361 3
361 362 2
306 364 3
307 365 3
308 366 3
309 367 3
312 371 3
313 371 3
314 372 3
375 376 3
323 381 3
326 383 3
385 386 3
386 443 3
330 386 3
343 400 3
352 353 3
353 354 3
354 355 3
355 356 3
356 357 3
363 364 3
364 365 3
365 366 3
366 367 3
367 368 3
314 371 3
373 374 3
324 381 3
333 389 3
335 393 3
348 349 3
351 352 3
360 361 3
246 478 3
311 368 3
372 373 3
325 381 3
246 420 3
363 478 1
380 381 3
389 506 3
350 351 3
360 418 3
304 420 3
420 478 3
311 427 3
371 372 3
383 385 3
336 338 3
399 400 3
358 418 3
362 420 3
311 371 3
391 507 3
368 427 3
385 443 3
386 503 3
330 503 3
336 393 3
334 393 3
338 398 3
345 461 3
345 462 3
389 391 3
400 402 3
402 461 3
443 503 3
503 504 3
391 506 3
338 512 3
398 512 3
461 462 3
311 428 3
325 439 3
383 442 3
444 503 3
427 428 3
383 439 3
442 443 3
385 442 3
402 460 3
371 428 3
443 444 3
391 393 1
399 457 3
460 461 3
381 439 3
393 510 0
336 510 0
338 510 3
366 424 3
393 507 0
510 512 3
350 409 3
351 409 3
365 423 3
366 423 3
504 506 3
352 409 3
364 422 3
365 422 3
366 425 3
367 425 3
371 429 3
400 458 3
363 421 3
363 422 3
367 426 3
368 426 3
428 429 3
374 432 3
376 434 3
377 434 3
377 435 3
380 438 3
380 439 3
506 507 3
400 457 3
402 458 3
348 406 3
348 407 3
349 407 3
350 408 3
352 410 3
353 411 3
354 412 3
355 413 3
356 414 3
357 415 3
361 419 3
421 478 1
424 425 3
372 430 3
375 432 3
375 433 3
378 435 3
438 439 3
406 407 3
407 408 3
408 409 3
411 412 3
412 413 3
413 414 3
414 415 3
358 416 3
360 419 3
362 419 2
422 423 3
433 434 3
410 411 3
357 416 3
426 427 3
373 430 3
432 433 3
378 436 3
447 504 3
415 416 3
418 419 3
423 424 3
372 429 3
373 432 3
398 457 3
409 410 3
421 422 3
429 430 3
373 431 3
434 435 3
447 506 3
458 459 3
402 459 3
430 431 3
435 436 3
378 437 3
380 437 3
457 458 3
425 426 3
436 437 3
416 418 3
423 481 3
424 481 3
431 432 3
383 440 3
437 438 3
439 440 3
440 442 3
457 459 3
459 460 3
509 510 0
418 476 3
424 540 0
393 509 3
419 476 3
481 540 3
419 420 2
419 477 3
406 464 3
408 466 3
415 474 3
416 474 3
416 475 3
420 477 2
424 483 3
434 493 2
435 493 2
507 509 1
407 464 3
407 466 3
418 475 3
422 481 3
425 483 3
431 490 3
432 490 3
407 465 3
408 467 3
409 467 3
410 468 3
411 469 3
412 470 3
413 471 3
414 472 3
415 473 3
426 483 3
429 487 2
430 487 3
433 491 1
436 494 2
438 496 3
464 465 3
465 466 3
466 467 3
467 468 3
468 469 3
411 470 3
470 471 3
471 472 3
472 473 3
473 474 3
474 475 3
422 480 3
426 484 1
427 543 1
428 486 1
490 491 1
434 491 1
493 494 3
437 494 2
439 496 3
442 499 2
469 470 3
421 479 3
421 480 3
427 484 1
427 486 1
429 486 1
429 545 1
440 499 3
476 477 3
486 543 3
486 545 3
437 496 3
443 501 3
457 512 3
480 481 3
483 484 1
484 543 3
444 501 3
459 514 3
478 479 0
487 545 1
489 490 3
434 492 1
492 493 0
457 514 3
460 514 3
462 514 3
431 487 3
491 492 3
494 496 2
487 489 3
487 490 2
494 553 3
440 496 3
507 508 2
508 509 1
460 462 3
483 540 3
442 501 3
512 513 3
457 513 2
475 476 3
479 480 3
444 502 3
514 579 3
440 555 2
499 558 3
499 501 3
501 502 3
447 505 3
510 511 3
511 512 3
457 572 2
514 575 3
477 478 2
502 503 3
505 506 3
513 572 3
514 572 2
514 573 2
487 546 3
490 548 3
496 553 1
496 554 1
440 554 1
489 546 3
554 555 0
499 555 3
507 565 2
573 575 3
514 577 3
494 552 3
506 565 2
510 568 3
577 579 3
483 541 1
484 541 3
552 553 3
501 558 1
504 505 3
511 568 3
514 576 3
578 579 3
544 545 3
491 548 0
505 564 2
506 564 2
573 574 3
575 576 3
576 577 3
577 578 3
473 531 3
474 531 3
486 544 3
548 549 3
491 549 3
502 558 1
505 563 2
564 565 3
574 575 3
471 529 3
493 551 3
502 560 1
563 564 3
508 565 3
509 567 3
572 573 3
467 526 3
468 526 3
472 529 3
477 535 3
545 546 0
492 550 3
492 551 0
493 552 3
504 563 2
508 567 1
509 568 0
464 522 3
464 523 3
465 523 3
466 524 3
469 526 3
470 528 3
471 528 3
472 530 3
474 532 3
478 535 2
481 539 2
484 542 3
489 548 3
550 551 3
499 557 3
557 558 3
558 559 3
502 559 1
511 569 2
511 570 2
512 570 2
523 524 3
467 524 3
469 527 3
529 530 3
530 531 3
531 532 3
475 533 3
476 533 3
476 534 3
477 534 3
480 539 3
541 542 3
543 544 3
503 560 1
560 561 3
503 561 1
504 561 1
568 569 3
467 525 3
526 527 3
528 529 3
474 533 3
480 538 3
539 540 3
540 541 1
492 549 3
555 557 3
559 560 3
504 620 1
563 620 3
569 570 3
513 570 3
470 527 3
532 533 3
534 535 3
478 537 2
479 537 3
567 568 0
522 523 3
533 534 3
480 537 3
538 539 3
561 620 3
567 626 3
524 525 3
537 538 3
489 547 3
549 550 3
551 552 3
568 626 1
525 526 3
547 548 3
508 566 3
527 528 3
535 537 3
542 543 3
565 566 3
566 567 3
570 572 3
546 547 3
576 634 2
568 627 1
575 634 2
537 594 3
557 614 3
535 594 3
546 604 3
555 614 3
626 627 3
572 631 2
577 635 3
545 604 0
570 631 3
576 635 3
547 604 3
553 611 3
496 611 1
557 615 3
569 627 3
530 588 3
540 598 3
541 598 0
545 603 3
557 616 3
558 616 3
565 622 3
579 637 3
531 588 3
544 603 3
547 605 3
549 607 2
549 608 2
550 608 2
551 608 3
560 618 3
578 637 3
522 580 3
529 587 3
533 590 3
539 597 3
540 597 3
544 602 3
603 604 3
548 605 3
548 607 3
607 608 3
614 615 3
559 618 3
564 622 3
567 625 2
575 633 2
577 636 3
578 636 3
523 580 3
523 581 2
524 581 2
528 586 3
529 586 3
587 588 3
532 590 3
534 592 3
535 592 3
597 598 3
543 601 3
543 602 3
552 610 3
559 616 3
559 617 3
566 625 3
574 633 2
586 587 3
531 589 3
533 591 3
542 600 3
542 601 3
601 602 3
548 606 3
551 609 3
553 610 3
617 618 3
561 618 3
566 622 3
570 627 3
570 629 3
633 634 3
525 581 3
588 589 3
589 590 3
534 591 3
541 599 3
542 599 3
600 601 3
605 606 3
606 607 3
609 610 3
610 611 3
616 617 3
629 631 3
590 591 3
538 597 3
598 599 3
599 600 3
602 603 3
608 609 3
615 616 3
618 619 3
561 619 3
627 629 3
636 637 3
527 585 3
535 593 3
555 612 1
635 636 3
580 581 3
526 584 3
527 584 3
585 586 3
591 592 3
592 593 3
593 594 3
604 605 3
554 612 3
612 614 0
634 635 0
584 585 3
619 620 3
563 621 3
525 584 3
630 631 3
573 631 2
538 594 3
538 653 3
496 612 1
564 621 3
581 582 3
525 582 3
594 653 3
566 623 3
623 625 3
625 626 3
582 584 3
621 622 3
622 623 3
629 630 3
597 653 3
620 621 3
573 630 1
574 630 3
574 632 2
630 632 3
632 633 3
585 643 3
594 652 3
586 643 3
594 651 3
652 653 3
584 643 3
593 651 3
611 612 3
621 680 3
622 680 3
626 684 3
627 684 3
627 686 3
582 641 3
584 641 3
604 662 3
621 679 3
629 686 3
637 694 1
586 645 3
587 645 3
588 645 3
651 652 3
598 656 3
602 660 2
605 662 3
614 671 3
619 678 3
620 678 3
620 679 3
635 694 1
636 694 1
586 644 3
597 656 3
599 656 2
603 660 3
623 680 3
643 644 3
592 651 3
603 661 2
604 661 3
606 664 3
612 671 3
627 685 3
582 639 3
644 645 3
597 655 3
607 664 3
679 680 3
625 683 3
684 685 3
685 686 3
633 635 0
580 638 0
581 639 3
582 640 3
584 642 3
589 591 3
592 650 3
650 651 3
655 656 3
605 663 3
606 663 3
607 665 3
608 666 3
609 667 3
610 668 3
611 669 3
612 669 3
612 670 3
617 675 3
617 676 3
618 676 3
623 681 3
625 684 3
638 639 1
640 641 3
641 642 3
642 643 3
588 646 3
589 646 3
660 661 3
663 664 3
665 666 3
666 667 3
667 668 3
668 669 3
619 677 3
678 679 3
680 681 3
623 683 3
629 688 3
633 694 2
637 695 1
645 646 3
662 663 3
664 665 3
614 673 3
675 676 3
676 677 3
686 688 3
629 632 3
694 695 1
639 640 3
601 660 2
661 662 3
615 673 3
616 675 3
677 678 3
632 690 1
591 650 3
599 657 2
601 659 2
669 670 3
616 673 3
632 688 3
693 694 0
656 657 3
600 657 2
600 658 2
601 658 2
659 660 3
614 731 3
673 731 3
688 690 3
632 692 1
633 693 1
591 646 3
658 659 3
632 691 1
633 692 1
653 655 3
657 658 3
681 683 3
690 691 3
691 692 3
692 693 3
591 706 3
650 706 3
650 707 3
653 712 3
655 712 3
671 731 3
706 707 3
673 675 3
683 684 3
670 671 3
694 752 1
693 752 3
695 752 3
646 706 3
653 711 3
730 731 3
711 712 3
671 730 3
688 745 3
652 710 3
683 741 3
686 745 3
653 710 3
683 740 3
690 747 3
646 704 3
681 740 3
684 741 3
685 743 1
688 747 3
710 711 3
660 718 3
661 718 3
675 732 3
686 743 1
640 698 3
642 700 3
643 700 3
704 706 3
655 713 3
681 739 3
690 748 3
641 698 3
656 713 3
661 719 3
667 725 3
668 727 3
669 727 3
671 729 3
673 732 3
678 736 3
680 739 3
740 741 3
684 742 3
688 746 3
747 748 3
638 696 1
639 697 3
651 710 3
656 714 3
657 715 3
658 716 3
659 717 3
662 719 3
663 722 3
664 722 3
665 723 3
666 724 3
668 726 3
670 727 3
670 729 3
677 736 3
679 736 3
679 737 3
679 738 3
680 738 3
741 742 3
691 748 3
692 750 3
696 697 3
697 698 3
641 699 3
642 699 3
646 703 3
712 713 3
714 715 3
715 716 3
716 717 3
717 718 3
718 719 3
722 723 3
723 724 3
724 725 3
725 726 3
729 730 3
676 734 3
677 734 3
739 740 3
742 743 1
686 803 2
745 746 3
746 747 3
691 750 3
713 714 3
662 778 3
663 721 3
675 733 3
737 738 3
738 739 3
743 803 0
691 749 3
695 753 3
698 699 3
699 700 3
644 701 3
645 703 3
703 704 3
651 709 3
721 778 3
726 727 3
732 733 3
733 734 3
748 749 3
749 750 3
693 750 3
752 753 3
645 701 3
709 710 3
721 722 3
736 737 3
745 803 3
693 751 3
701 703 3
719 778 3
731 732 3
750 751 3
751 752 3
643 701 3
651 707 3
701 760 3
734 736 3
700 701 3
703 760 3
707 709 3
727 729 3
729 786 3
707 766 3
727 786 3
709 766 3
747 805 3
701 759 3
742 800 3
746 805 3
699 757 1
700 757 1
700 758 1
734 793 3
736 793 3
743 800 3
752 811 2
753 811 2
701 758 3
759 760 3
707 765 3
726 785 3
727 785 3
703 762 3
711 769 3
736 794 3
757 758 3
704 762 3
706 764 3
765 766 3
710 769 3
734 792 3
737 794 3
746 804 3
748 805 3
748 806 3
697 755 3
698 755 3
707 764 3
712 769 3
715 773 3
716 773 3
717 775 3
718 775 3
737 796 3
738 796 3
804 805 3
805 806 3
750 808 3
709 768 3
710 768 3
719 777 3
722 780 3
725 784 3
726 784 3
730 788 3
733 791 3
734 791 3
739 796 3
741 799 3
742 799 3
745 804 3
749 807 3
749 808 3
752 809 3
696 754 1
698 756 1
760 761 3
703 761 3
712 770 3
713 771 3
714 772 3
714 773 3
718 776 3
723 780 3
723 781 3
724 782 3
731 788 3
731 789 3
732 789 3
732 790 3
733 790 3
739 797 3
740 798 3
741 798 3
749 806 3
807 808 3
809 811 3
754 755 0
756 757 3
764 765 3
769 770 3
770 771 3
771 772 3
716 775 3
775 776 3
777 778 3
721 779 3
721 780 3
781 782 3
725 782 3
785 786 3
729 788 3
788 789 3
790 791 3
791 792 3
792 793 3
796 797 3
739 798 3
751 809 3
755 756 1
768 769 3
772 773 3
719 776 3
778 779 3
779 780 3
784 785 3
737 853 3
798 799 3
799 800 3
704 764 3
716 774 3
776 777 3
803 804 3
806 807 3
750 809 3
758 759 3
773 774 3
774 775 3
780 781 3
789 790 3
761 762 3
796 853 3
808 809 3
793 794 3
797 798 3
766 825 3
709 825 3
794 853 3
768 825 3
809 868 3
811 868 3
786 788 3
762 764 3
786 845 3
788 845 3
743 859 2
725 841 3
782 841 3
784 841 3
803 859 3
775 833 3
798 857 3
799 857 3
776 833 3
800 858 3
743 858 2
859 860 3
803 860 3
762 821 3
764 821 3
809 867 3
867 868 3
755 813 1
756 813 3
858 859 3
799 858 3
754 813 3
805 864 3
806 864 3
807 864 3
774 832 3
775 832 3
779 837 3
804 862 3
807 865 3
808 865 3
808 867 3
758 816 3
778 837 3
780 839 3
781 839 3
785 844 3
786 844 3
797 855 3
805 862 3
754 812 3
812 813 3
757 816 3
762 820 3
784 843 3
785 843 3
788 847 3
789 847 3
789 848 3
790 848 3
790 849 3
791 849 3
793 851 3
794 851 3
756 814 3
757 815 3
760 817 3
761 820 3
820 821 3
764 822 3
765 823 3
766 824 3
825 826 3
768 826 3
769 827 3
770 828 3
770 829 3
771 829 3
772 830 3
773 831 3
776 834 3
777 834 3
777 835 3
778 836 3
780 838 3
782 840 3
784 842 3
843 844 3
792 850 3
792 851 3
796 854 3
796 855 3
857 858 3
803 861 3
803 862 3
805 863 3
864 865 3
811 869 3
757 814 3
815 816 3
759 816 3
761 817 3
821 822 3
822 823 3
823 824 3
824 825 3
826 827 3
827 828 3
829 830 3
830 831 3
831 832 3
832 833 3
833 834 3
835 836 3
836 837 3
837 838 3
838 839 3
839 840 3
840 841 3
841 842 3
842 843 3
849 850 3
794 852 3
853 854 3
798 855 3
798 914 3
857 914 3
863 864 3
868 869 3
813 814 3
814 815 3
828 829 3
834 835 3
844 845 3
788 846 3
848 849 3
850 851 3
851 852 3
860 861 3
861 862 3
862 863 3
808 866 3
845 846 3
852 853 3
854 855 3
865 866 3
761 877 3
820 877 3
847 848 3
855 914 3
866 867 3
846 847 3
759 817 3
761 876 3
817 876 3
876 877 3
816 817 3
857 915 3
850 908 3
914 915 3
858 916 3
859 917 3
849 908 3
916 917 3
868 927 3
869 927 3
817 875 3
848 907 3
852 911 3
853 911 3
861 919 3
862 919 3
821 879 3
846 904 3
849 907 3
907 908 3
865 923 3
866 923 3
866 925 3
867 926 3
868 926 3
875 876 3
877 878 3
820 878 3
822 879 3
825 883 3
845 904 3
854 913 3
855 913 3
858 915 3
862 920 3
864 922 3
866 924 3
867 925 3
926 927 3
815 873 3
816 874 3
826 883 3
919 920 3
863 922 3
923 924 3
925 926 3
812 870 3
813 871 3
814 872 3
816 873 3
817 874 3
822 880 3
823 881 3
824 882 3
826 884 3
827 884 3
828 886 3
829 886 3
829 887 3
830 888 3
831 889 3
832 890 3
833 891 3
834 892 3
835 893 3
836 894 3
837 895 3
838 896 3
839 897 3
840 898 3
841 899 3
842 900 3
843 901 3
844 902 3
845 903 3
847 906 3
848 906 3
854 912 3
915 916 3
863 921 3
870 871 3
871 872 3
815 872 3
874 875 3
821 878 3
880 881 3
881 882 3
882 883 3
827 886 3
887 888 3
888 889 3
889 890 3
890 891 3
891 892 3
892 893 3
893 894 3
894 895 3
895 896 3
896 897 3
897 898 3
898 899 3
899 900 3
900 901 3
901 902 3
902 903 3
903 904 3
851 909 3
911 912 3
912 913 3
913 914 3
920 921 3
921 922 3
924 925 3
879 880 3
847 904 3
850 909 3
860 917 3
864 923 3
878 879 3
908 909 3
922 923 3
873 874 3
883 884 3
886 887 3
852 909 3
860 919 3
872 873 3
909 911 3
884 886 3
906 907 3
904 906 3
917 976 3
860 976 3
919 976 3
884 943 3
886 943 3
906 963 3
904 963 3
908 966 3
925 983 3
909 966 3
923 981 3
878 936 3
879 936 3
909 968 3
911 968 3
911 969 3
916 974 3
917 974 3
919 977 3
919 978 3
924 981 3
872 930 3
873 930 3
875 933 3
877 935 3
878 935 3
909 967 3
912 969 3
915 974 3
920 978 3
924 983 3
876 933 3
876 934 3
967 968 3
915 973 3
973 974 3
877 934 3
891 950 3
892 950 3
903 961 3
904 961 3
976 977 3
921 978 3
922 980 3
924 982 3
906 965 3
907 965 3
913 971 3
914 972 3
974 976 3
921 980 3
981 982 3
870 928 3
871 929 3
879 937 3
880 938 3
881 938 3
881 940 3
882 940 3
883 940 3
883 941 3
883 942 3
884 942 3
886 944 3
887 945 3
888 945 3
888 946 3
889 947 3
890 948 3
891 949 3
949 950 3
893 951 3
894 952 3
895 953 3
896 954 3
897 955 3
898 956 3
899 957 3
900 958 3
901 959 3
902 960 3
904 962 3
912 970 3
912 971 3
914 971 3
915 972 3
922 981 3
982 983 3
926 984 3
927 985 3
928 929 3
929 930 3
873 932 3
874 932 3
933 934 3
936 937 3
937 938 3
940 941 3
941 942 3
944 945 3
945 946 3
946 947 3
947 948 3
948 949 3
892 951 3
951 952 3
952 953 3
953 954 3
954 955 3
955 956 3
956 957 3
957 958 3
958 959 3
959 960 3
960 961 3
961 962 3
906 964 3
965 966 3
966 967 3
969 970 3
970 971 3
977 978 3
984 985 3
934 935 3
935 936 3
942 943 3
943 944 3
962 963 3
963 964 3
926 983 3
874 933 3
950 951 3
968 969 3
971 972 3
980 981 3
972 973 3
983 984 3
932 933 3
964 965 3
974 1033 3
978 980 3
976 1033 3
978 1037 1
980 1037 1
930 989 3
873 989 3
881 997 3
938 997 3
940 997 3
932 989 3
973 1031 3
974 1031 3
963 1022 3
964 1022 3
980 1038 1
981 1038 1
948 1006 3
949 1006 3
970 1028 3
972 1029 3
976 1034 3
981 1039 1
982 1041 3
983 1041 3
961 1019 3
969 1028 3
971 1029 3
977 1034 3
977 1035 3
982 1039 2
938 996 3
956 1014 3
960 1018 3
960 1019 3
962 1021 3
963 1021 3
965 1023 3
966 1024 3
967 1024 3
978 1035 3
978 1036 2
1038 1039 2
984 1041 3
932 990 3
937 996 3
951 1009 3
952 1009 3
955 1014 3
957 1016 3
958 1016 3
959 1018 3
965 1024 3
968 1026 3
969 1026 3
971 1028 3
1036 1037 3
982 1040 3
984 1042 3
928 986 3
929 987 3
930 988 3
933 990 3
933 992 3
934 992 3
935 993 3
936 994 3
937 995 3
940 998 3
941 999 3
942 1000 3
943 1001 3
944 1002 3
945 1003 3
946 1004 3
947 1005 3
947 1006 3
949 1007 3
950 1008 3
952 1010 3
953 1011 3
954 1012 3
955 1013 3
957 1015 3
959 1017 3
967 1025 3
968 1025 3
972 1030 3
1033 1034 3
1040 1041 3
1041 1042 3
985 1042 3
985 1043 0
986 987 3
987 988 3
988 989 3
992 993 3
993 994 3
994 995 3
998 999 3
999 1000 3
1000 1001 3
1001 1002 3
1002 1003 3
1003 1004 3
1004 1005 3
1005 1006 3
1006 1007 3
1007 1008 3
1008 1009 3
1010 1011 3
1011 1012 3
1012 1013 3
1013 1014 3
1014 1015 3
1015 1016 3
1016 1017 3
1018 1019 3
962 1019 3
964 1023 3
1023 1024 3
1024 1025 3
1029 1030 3
1030 1031 3
974 1032 3
1035 1036 3
1042 1043 0
989 990 3
1009 1010 3
1017 1018 3
1028 1029 3
1031 1032 3
1039 1040 2
995 996 3
996 997 3
1025 1026 3
1026 1028 3
1032 1033 3
1034 1035 3
1037 1038 1
997 998 3
1021 1022 3
1022 1023 3
1019 1021 3
990 992 3
