0.021387 0.00250015 1.41918
-0.198346 0.64286 18.604
0.00967212 0.0647116 21.0253
0.0336238 -0.0590784 20.9617
0.0150817 -0.0725536 23.1493
0.00821748 0.0134784 23.4317
0.0457476 -0.0202539 -0.252901
-0.0247452 0.00461207 16.4422
-0.020598 -5.09889e-05 15.4299
-0.0228194 0.0193766 15.9017
-0.0153626 0.0211579 14.1086
0.00195041 0.0145069 10.0738
-0.00450178 -0.00107004 12.2669
-0.00383369 0.0110592 12.0549
-0.0209962 -0.00466562 17.3471
-0.0375173 -0.0162683 22.9445
-0.0600747 -0.0495097 31.1476
-0.0495835 -0.036605 26.4482
-0.0429876 -0.0254266 24.108
-0.0269049 -0.0399318 16.4303
0.0122198 -0.0496723 1.74394
-0.00860333 -0.0274254 9.74615
0.0339341 -0.727791 -1.60004
0.271015 -0.0748822 -128.544
0.0753349 -0.133235 -24.5248
0.0358519 -0.132713 -3.2497
0.0103351 0.00711567 -2.64089
-0.0135804 -0.0155926 11.9265
0.155047 -0.0333753 -80.4886
0.025653 0.00695714 -13.5984
0.0353843 -0.00293395 -19.8015
0.0853294 -0.0224347 -52.7583
0.102697 0.00745126 -64.693
0.039894 0.00853636 -18.8829
0.0174573 0.0683062 -4.20547
0.0497353 0.0643545 -28.8662
0.0407053 0.0625332 -21.1437
0.0197557 -0.0337577 -2.48548
-0.0111442 -0.10284 23.5656
-0.00949805 -0.0994017 22.4289
0.0669586 0.00992235 -55.1425
0.0678007 0.021553 -55.525
0.0595269 0.0140607 -47.7366
0.0467186 0.0209808 -35.3965
-0.00422775 0.00682917 11.7075
-0.00258171 0.0151924 9.9858
0.00172376 0.00463264 5.80276
0.00748067 0.00523467 -0.0250957
-0.00588918 0.013465 13.6935
0.00697224 0.00726003 0.11742
-0.204363 -0.00426926 243.864
-0.225065 0.0114489 265.758
-0.0148787 0.0265836 21.2586
-0.00324874 0.0152079 8.18945
0.00705508 0.0274911 -4.33377
0.0340501 0.0356326 -36.3405
0.0375564 0.0289891 -40.4736
0.0518081 0.0259575 -57.5488
0.0178206 0.00313807 1.46001
0.0211887 0.00257889 1.42587
0.0339785 -0.00666677 1.05157
0.040284 -0.0141295 1.60952
0.0316769 0.0360363 18.9943
0.052079 -0.0278303 -0.73417
0.0541042 -0.0122077 -1.73321
-0.0105766 0.00185848 14.3658
-0.0265491 0.0113327 16.8085
-0.0190018 0.0191854 15.1306
-0.0207515 0.0245263 15.308
0.00321357 0.0279274 9.69581
-0.00473991 0.0147909 12.2373
-0.015296 0.00228896 15.6322
-0.0262694 0.0107427 18.6557
-0.0599833 -0.00990274 30.4548
-0.0917359 0.00683382 40.1905
-0.0378945 0.00822103 20.3171
-0.0330443 -0.00516828 19.439
-0.0234917 -0.0224392 16.3939
-0.018744 -0.0239877 14.247
-0.0230515 -0.00129732 15.6196
-0.0128075 -0.0134382 11.2833
-0.0204601 -0.503473 37.3615
0.0723054 -0.188136 -21.2151
-0.0456641 -0.40761 47.6911
0 0 -1
-0.0013296 -0.000249389 4.32742
-0.0217138 0.0137392 16.3194
0.00437764 0.00649939 0.0231092
0.0441857 -0.0154585 -25.2472
0.111207 -0.00895593 -70.2606
0.144654 0.0224066 -93.3105
0.0768716 -0.00368718 -45.0011
0.0416413 0.0501179 -21.3676
0.0261881 0.0652941 -10.357
-0.0152361 -0.066648 25.836
-0.0110703 -0.0810007 23.2252
-0.00594398 -0.0842807 18.4184
-0.0522985 -0.0836144 58.2112
-0.047735 -0.0660419 52.7535
-0.0106178 0.00734303 15.9867
0.0394875 -0.00580161 -28.7894
0.0151841 -0.00168293 -6.29932
-0.0166004 -0.00356682 24.0425
-1.24345e-05 0.00580618 7.65788
-0.000950977 0.00697305 8.41153
0.0152051 0.00291505 -8.01909
0.0016792 0.00225105 6.08054
0.000109188 0.0014561 7.66414
-0.197692 -0.00530731 236.842
-0.213467 -0.00468274 253.663
-0.0479512 0.0232521 59.1881
-0.00261017 0.0171145 7.35999
0.0048719 0.0153621 -1.44625
0.0315611 0.0250206 -33.0849
0.0267548 0.0274801 -26.9939
0.0272434 0.0115047 -26.9829
-0.000219856 0.0088267 1.47553
0.0145122 0.00412194 1.27577
0.0405862 -0.00630886 0.526477
0.0162754 -0.00663639 2.57497
0.0198033 -0.00714281 1.66946
0.0662425 -0.0230124 -2.87489
0.449959 0.0583316 -57.1363
0.00322612 0.00350361 12.1312
-0.0184778 0.00520962 15.6887
-0.0158572 0.00168357 15.5156
-0.00469529 0.0126465 12.3495
-0.00321661 -0.00754262 13.427
-0.0217535 -0.00484346 17.5055
-0.00721258 -0.000592463 13.2609
-0.0161027 0.0137291 15.3996
-0.0352173 0.00153168 22.0541
-0.0860576 0.0108723 38.9365
-0.0361093 0.0259689 19.0293
-0.0213928 0.0162809 13.9561
-0.0325006 0.022393 18.26
-0.0240097 0.0219098 14.5916
-0.017004 0.00829621 12.1486
-0.00771888 0.0171681 7.25761
0.00041931 0.0147783 3.47452
-0.0187704 0.0123562 13.7821
-0.0291893 0.0234284 18.4907
0.00591687 0.00633338 -0.243532
0.00601473 0.00906458 -0.420904
-0.0155237 0.0119595 12.574
-0.00743563 0.000239244 7.83152
0.0368885 -0.0189225 -20.119
0.0819406 -0.0178183 -50.6902
0.150846 -0.0492695 -95.216
0.0683861 -0.0522617 -35.5544
0.0283062 -0.0602692 -6.56273
0.0713 0.0878331 -45.0985
0.00106368 -0.0761025 12.6295
-0.0181715 -0.0977729 29.5667
-0.0278025 -0.0945609 37.5724
-0.05586 -0.022577 63.5679
-0.0485692 -0.0583542 52.876
-0.0185104 -0.0393361 25.8112
0.0302335 -0.011107 -19.8242
-0.000956965 -0.00494777 9.35176
-0.000419299 -0.000193952 8.28666
0.00574176 0.000569332 2.21586
0.00346682 0.0117464 3.88461
0.00460443 0.0126654 2.62165
-0.00884442 -0.00255488 17.3349
-0.011449 -0.00218977 20.0738
-0.175255 -0.00891228 212.436
-0.186893 0.0156099 223.265
-0.0286663 0.0049673 38.0006
0.443345 0.998242 -557.307
-0.0180338 0.0263166 37.6079
-0.0192471 -0.0113596 41.4781
-0.00886154 0.0254013 17.0514
-0.00667239 0.0340256 13.699
0.0105694 0.0109312 1.04364
0.0188489 0.014855 0.396467
0.0283794 0.0209449 -0.416305
0.0332506 0.0181299 -0.52664
0.0144925 0.0238989 0.673682
0.0617717 0.0126344 -4.45095
0.00746299 0.00226485 11.5189
-0.00842897 -0.000112113 14.2136
-0.0294246 -0.0179674 19.0956
-0.000795236 -0.0201519 13.7858
0.0060187 -0.00586928 11.1395
0.0087674 -0.0222224 12.0443
-0.0268099 -0.00176493 18.8346
-0.00996171 0.0043201 13.5568
-0.0180675 0.00734575 16.0485
-0.0389357 -0.00701069 24.1131
-0.0679375 -0.0249126 35.2767
-0.0288958 0.00137812 17.502
0.000878351 0.0106593 5.40189
-0.0169779 0.0447671 10.4138
-0.0272359 0.0703836 12.9519
-0.0189867 0.0342883 11.494
-0.0153341 0.0442093 9.16733
0.00248112 0.0457781 0.42282
-0.0166063 0.0426289 10.8773
-0.0302922 0.0383259 18.3659
-0.0132282 0.0399955 8.40657
0.00501791 0.0217358 -0.761667
-0.0137052 0.00835709 11.7944
-0.0163129 0.0035944 13.3171
0.0182498 -0.0107113 -8.16433
0.0432208 -0.0170751 -24.6835
0.116573 -0.0697488 -70.4362
0.0598452 -0.0759169 -28.0964
-0.00512165 -0.07953 18.74
-0.026098 -0.0700872 33.3549
-0.0122716 -0.0765563 23.268
-0.010043 -0.082409 21.7533
-0.00398552 -0.0731081 16.1278
-0.0225285 -0.0557657 30.3086
-0.017506 -0.0653757 26.8675
-0.00868003 -0.0541747 18.4163
0.0332874 -0.0284288 -21.7492
0.0190413 -0.00149754 -10.0379
0.00423079 0.000530656 3.72872
0.00643137 0.00956233 0.808899
0.0142891 0.011575 -7.02913
0.00191925 -0.00143065 6.52444
-0.0131223 0.00595462 21.38
-0.0140849 0.00780962 22.3631
-0.0678987 0.0315724 92.061
-0.036517 0.0613771 54.4984
-0.00806648 0.011609 27.1908
-0.0109264 0.0202819 29.8718
-0.0419112 -0.00608719 68.4047
-0.0795643 0.0170191 111.23
-0.0110496 0.00441325 20.6727
-0.0131056 0.0174998 22.5138
0.0064959 0.0186317 10.1014
-0.0558316 0.0300373 10.5261
0.0279152 0.0197655 0.119911
0.0244721 0.0239072 -0.0909333
0.00916828 0.0251662 1.30001
0.0151778 0.0263047 0.310856
0.00412167 -0.00856315 12.9563
-0.0195232 -0.0102224 16.8866
-0.0268333 -0.0531457 21.5116
0.00895468 -0.0384196 13.2661
0.0142866 -0.034139 11.6725
0.0276186 -0.0137085 6.63234
-0.0182411 0.000648794 16.6405
-0.0204748 0.00666872 16.7148
-0.0643607 -0.0113912 32.3233
-0.0678203 -0.04916 37.1544
-0.0718891 -0.0600048 38.8879
-0.0292244 -0.0177189 19.1643
0.022361 0.0169723 -3.68957
0.0146948 0.0255412 -1.06403
-0.0183366 0.0298272 12.7054
-0.0209748 0.0538189 11.4338
-0.0218674 0.0507398 12.0679
-0.0105248 0.0376815 7.8342
-0.0135549 0.0197801 11.2062
-0.0252677 0.034613 16.1068
-0.02536 0.0313176 16.6984
-0.0188416 0.0283131 12.8577
-0.0241163 0.00884216 18.1675
-0.0254706 0.00106311 19.5092
-0.000783307 -0.000109453 3.58577
0.0318568 -0.028398 -15.7438
0.0713011 -0.040084 -41.6367
0.0444884 -0.0971578 -16.6146
-0.0113654 -0.100247 24.2026
0.0116983 -0.0763911 4.47524
0.0126376 -0.0741733 3.38438
-0.0159319 -0.103265 28.7916
-0.0194812 -0.0891639 30.3209
-0.015586 -0.088954 26.8941
0.0119981 -0.0480956 -1.61885
0.0221202 -0.059409 -9.48766
0.0717895 -0.031047 -56.6064
0.0289208 0.00253261 -19.6021
0.0151484 0.00502281 -7.02945
0.00556146 0.00787346 1.94325
0.00859988 -0.000755322 -0.344894
0.0114134 -0.000408591 -3.3092
-0.0023485 0.00903263 10.0053
-0.00501925 0.0124747 12.5153
-0.033266 -0.0186969 58.1619
-0.0019859 -0.0286877 23.7474
-0.0168596 0.0108981 37.051
-0.017363 0.00508359 38.7091
-0.0556507 -0.00504114 84.3491
-0.0890154 0.0228849 120.832
-0.0810242 0.0426716 109.458
-0.0359884 0.0450167 54.3502
0.0181256 0.0454377 6.77791
-0.0122215 0.0465155 7.25519
0.00279386 0.0565716 -2.16352
0.0150299 0.0419026 -1.38941
0.00327907 0.017733 2.62812
-0.0164635 0.0161457 4.68769
-0.0021906 0.000751196 12.7661
-0.0259289 -0.000478103 16.6509
0.209301 -0.0511353 -24.3061
0.00245029 -0.0146827 11.4142
0.0262579 0.00649551 4.28003
0.0169472 0.0140661 6.39741
-0.0231322 0.00977761 16.8596
-0.0268702 -0.00254771 19.5513
-0.0667953 0.000169671 31.5501
-0.0614318 -0.0112048 29.6198
-0.0170628 0.00417931 11.8797
0.0288817 0.0125142 -5.83921
0.0320252 0.0205549 -7.65354
0.00407624 0.0072177 5.3166
-0.00923916 0.00862661 10.8788
-0.0102463 0.0159222 10.4226
-0.0225388 0.0183399 15.9993
-0.0211 0.0121322 15.9947
-0.0190389 0.00757277 15.3261
-0.0191903 0.0119977 15.0177
-0.0247082 0.0127789 18.0214
-0.0310083 0.0105311 21.8929
-0.0252289 0.00285761 19.4618
-0.0239436 0.00083383 18.552
-0.00645026 0.00188967 7.19371
-0.00437653 -0.00572283 6.63754
0.0252119 -0.0423433 -9.60937
0.0318409 -0.0572542 -12.5811
-0.00887266 -0.0710734 19.5231
-0.00804596 -0.0601358 17.3982
0.0027872 -0.0839649 12.1773
-0.00940484 -0.0631011 19.1765
-0.0204108 -0.0648732 28.2949
0.0139224 -0.0244863 -6.4846
0.00925455 -0.0638226 2.1594
0.0422937 -0.0239687 -31.1485
0.0471032 -0.0122806 -36.7182
0.0500946 -0.021394 -37.0816
0.0101612 -0.0100835 -0.54546
0.00142148 -0.00481555 7.31573
0.00408181 -0.013537 5.73879
0.00468411 -0.00626611 4.21502
-0.00286349 -0.00483922 11.9992
-0.00071299 -0.00342627 9.43883
-0.0261448 -0.0162144 50.4638
-0.0210842 -0.0164468 43.6652
0.00703965 -0.00395458 11.3511
-0.00407352 0.0065226 23.083
-0.0534053 0.0210304 79.0067
-0.0471337 0.0479657 68.5736
-0.0458112 0.0440902 66.1892
-0.0475693 0.077461 64.8365
0.0106137 0.0535234 6.22099
-0.00838883 0.0534347 6.82903
-0.016152 0.0855881 2.49813
-0.00467919 0.0410565 7.98716
-0.0091969 0.0335516 9.30758
-0.00792922 -0.00362822 14.6944
-0.0110755 0.0171469 11.9906
-0.0270444 0.00449456 16.3092
-0.0299837 0.0807475 4.98267
0.0063289 0.0639216 0.591947
0.0336033 0.0373247 -1.05568
0.00693781 0.00075402 11.4181
-0.0388809 0.0234259 19.8446
-0.0493981 0.0154589 23.6817
-0.0662364 0.0136637 29.1949
-0.0697546 0.0462367 25.186
-0.0194993 0.0587347 6.02456
0.013229 0.0558687 -5.52863
0.0124924 0.0336933 -1.71929
-0.00537374 0.00511976 9.56941
-0.00862407 0.0014209 11.4935
-0.0111158 0.00441446 12.2461
-0.0185946 -0.00519643 17.0691
-0.0215299 -0.00235223 18.1306
-0.0202185 0.00183359 16.6997
-0.0132378 0.00554648 12.5375
-0.0266619 0.0163121 18.7486
-0.0340569 0.0116602 23.5887
-0.0338849 0.00897215 23.932
-0.0295786 0.00823214 21.1423
-0.0132696 0.00374669 11.4516
-0.00820972 -0.0132025 10.3006
0 0 -1
0.00262187 -0.0405986 6.34001
5.94234e-05 -0.0506603 10.2175
-0.00542802 -0.0497272 14.2857
0.00953518 -0.056339 3.5109
-0.00976435 -0.0506923 17.9343
-0.0127068 -0.0600978 21.3865
0 0 -1
0.0456842 0.0094827 -39.1946
0.047765 -0.00545749 -38.1462
0.0564209 -0.00253253 -46.2044
0.0594292 -0.0147942 -47.4641
0.0177672 -0.0219201 -6.16271
0.00868498 -0.0331925 3.86138
0.00167899 -0.0233321 9.45237
0.0013456 -0.0249687 9.93092
-0.0144112 -0.0320607 27.5268
0.542468 0.00628532 -568.294
-0.0298598 0.0135362 50.7057
-0.00581893 0.0415628 19.9017
0.0122966 0.0260354 1.72312
0.00284589 0.0223425 13.1968
-0.0154555 0.0373055 32.3155
-0.0291628 0.0621049 45.3925
-0.0245842 0.0882865 35.9203
-0.0546269 0.103043 70.4368
-0.0150065 0.00725766 13.9198
-0.0109213 0.0107109 13.2088
-0.0178083 0.0192217 12.2186
-0.0142616 0.00801533 13.7738
-0.0187722 0.000491157 15.4062
-0.0160649 -0.00561453 16.0449
-0.0120058 0.00118021 14.5067
-0.0196645 0.000139304 15.8202
-0.0224282 0.0152882 13.772
0.0015122 0.0123233 9.48955
0.0351169 -0.00301989 4.56015
0.0271508 -0.0184195 9.38543
-0.0385573 0.00258665 23.2273
-0.0867885 -0.00408374 37.5163
-0.045969 -0.00353408 25.1805
-0.0372249 0.0333171 16.4928
-0.0137731 0.0420575 7.26327
-0.0024851 0.036243 3.84623
-0.0164989 0.011617 13.3306
-0.0155754 -0.00016897 14.6921
-0.015613 -0.00490253 15.531
-0.0172346 -0.00931134 17.0143
-0.0210904 -0.0118287 19.2089
-0.0183785 -0.019735 19.1212
-0.0137234 -0.0081957 14.7778
-0.00472122 -0.00484343 9.39929
-0.0219938 0.00131028 18.4481
-0.0385865 0.000712848 28.023
-0.0348768 0.00671397 24.8046
-0.0197339 0.0170675 13.4682
-0.023638 0.00771647 17.8524
-0.0281077 -0.0104772 23.6151
-0.0283254 -0.0282875 26.5036
-0.0110592 -0.0143678 11.5586
0.017512 -0.00246218 -11.0687
-0.00202426 -0.0624811 13.4178
-0.0110072 -0.0942354 25.1177
-0.015941 -0.0676008 24.9414
0.0163326 -0.00368964 -11.9481
0.0262315 -0.00527823 -20.0994
0.0547471 -0.00326821 -44.9885
0.0626724 -0.0272447 -48.0492
0.0569826 -0.014205 -44.8351
0.0471976 -0.0118352 -36.0986
-0.207694 -0.0047342 209.121
0.0266526 -0.0368896 -14.0482
0.0089494 -0.0367558 3.98819
0.000766497 -0.0133709 8.64598
-0.00759698 -0.0372948 20.9435
0.601846 0.0157878 -633.149
0.0559235 -0.0220908 -37.4345
0.00773666 0.0262745 7.21318
-0.00402556 0.0372031 18.7432
0.0199855 0.0247702 -6.93278
0.0270903 0.0595278 -21.2671
0.00346922 0.127332 -3.50996
-0.0121379 0.0672697 23.6629
-0.00247889 0.0867976 8.9365
-0.00416101 0.00216792 14.3756
-0.0181696 -0.00612557 16.2894
-0.0134122 -0.00240329 15.3964
-0.017752 -0.00128428 15.5551
-0.0197537 -0.000467283 15.4996
-0.0209115 0.00328596 14.9503
-0.0086813 0.00440162 13.2301
-0.0161602 0.00597923 14.0985
-0.0161879 0.00587453 14.1018
-0.0055814 0.00671153 11.8392
0.0228996 0.00103535 6.52039
0.0139812 -0.000416575 9.74677
-0.0487761 -0.00816934 27.6413
-0.0749957 -0.0266973 37.7622
-0.0299589 0.0186333 15.9566
-0.0176967 0.0366361 8.85109
-0.0149614 -0.0134298 16.9508
-0.013079 -0.0062965 14.9157
-0.017829 -0.00220527 15.9938
-0.0201449 -0.00288456 17.1418
-0.0194745 -0.00467912 17.1397
-0.0192575 -0.0107585 18.1752
-0.0204935 -0.00946974 18.5355
-0.0210774 -0.0110052 19.0366
-0.0155852 -0.0131893 16.6162
-0.00643505 -0.0118212 11.4561
-0.00672504 0.00726821 8.50153
-0.0290136 0.00512546 21.4722
-0.0251076 0.0259627 15.3894
-0.000343416 -0.00518583 5.09063
-0.0155988 0.018123 10.7535
-0.0400763 -0.0129596 32.0972
-0.0238375 -0.0221422 22.2453
0.0220563 -0.0125079 -12.7375
-0.0657201 0.183331 21.0646
-0.0398157 0.203708 -2.51831
-0.0325 0.185076 -6.22436
-0.0302866 0.254064 -19.7644
-0.00963231 0.0560053 -0.657058
0.0145587 0.00389261 -11.7204
0.0133502 0.175034 -41.0167
0.0304622 0.0211602 -28.1297
0.0618363 -0.0200031 -48.9554
0.0660448 -0.00684981 -54.7471
-0.24474 -0.0134077 246.719
0.0214392 0.0509791 -24.2647
0.0165832 0.0168539 -12.8336
0.00848911 0.0239862 -5.92235
0.353034 -0.00896024 -356.96
0.120812 -0.0219243 -108.761
0.10364 -0.0193561 -90.1605
0.0393981 -0.00684999 -22.5403
0.0219858 -0.000353687 -3.85673
0.0168999 0.00944662 -0.707033
0.0868095 0.0207776 -84.9693
0.165183 0.0490582 -181.434
0.141194 0.0420148 -151.724
0.145139 0.0168414 -151.821
0.00412312 0.0803863 -1.7372
-0.0164074 0.00525844 13.9127
-0.0114968 0.000255973 14.7405
-0.0128994 0.0108287 12.6799
-0.012085 0.0532711 3.81729
-0.0227353 0.0423728 7.34635
0.0183911 0.0617181 -2.26805
0.00509319 0.0967483 -7.58068
-0.00538145 0.0190678 9.48312
0.00712767 0.0495539 0.681419
0.00460649 0.0535605 0.272776
0.0104443 0.0426902 1.81464
-0.052629 0.0441551 17.9861
-0.0407549 0.181745 -14.0406
-0.0268617 0.161147 -13.4883
-0.00598168 0.180218 -24.141
0.00124689 0.208497 -32.4999
-0.00101072 0.206656 -31.342
0.0195058 0.117561 -7.19459
0.0105484 0.122781 -4.42825
-0.00240859 0.13722 -1.7322
-0.0292192 0.10631 17.1001
-0.063565 0.109379 32.8059
-0.0572722 0.0371071 44.3596
-0.0798923 0.0612521 50.6218
0.00164753 0.34601 -62.796
0.00168569 0.366362 -67.1288
0.0147288 0.328992 -67.0501
0.0554538 0.212287 -65.2944
0.0372089 0.163871 -43.7368
-0.00530291 0.0994943 -3.12566
-0.049772 0.156252 14.5229
-0.0382407 0.168885 4.33217
-0.0656199 0.13322 30.8988
-0.0396279 0.207578 -3.36817
-0.0310933 0.238273 -16.2288
0.00521631 0.30048 -57.6344
0.0696686 0.282538 -104.763
0.0282794 0.0202991 -10.6363
0.0160249 0.0297396 -2.32895
-0.0197962 0.020733 30.2878
-0.0122162 0.290714 -41.5194
-0.00378846 0.326308 -56.3467
0.0262002 0.294263 -77.3777
-0.00637048 0.0771168 -0.645004
-0.0129133 0.0740138 5.3809
0.0198391 0.0726758 -26.785
0.0434681 0.0764019 -51.9341
0.178126 0.0817427 -191.806
0.13015 0.0177458 -126.888
0.0738105 -0.00120033 -61.1424
0.0694744 -0.0062949 -56.5664
0.0143231 -0.0072213 6.33621
0.0367965 0.0178869 -25.3726
0.121823 0.0170059 -125.028
0.157218 0.0338048 -169.65
0.108194 0.0295581 -109.028
0.11882 0.00689045 -117.644
0.000969689 0.201527 -28.0489
-0.028118 0.212714 -30.1614
-0.000923434 0.256519 -41.0986
0.00101838 0.265961 -43.2857
0.0065787 0.204832 -30.2911
-0.0010083 0.275222 -45.5601
-0.00348899 0.282628 -46.9122
-0.00635478 0.243708 -37.9489
-0.00119023 0.26914 -44.419
-0.0154725 0.266407 -40.9563
0.00523368 0.113586 -11.9588
0.0236941 0.23141 -42.2403
0.00845161 0.279626 -49.3719
-0.00432789 0.253762 -40.0196
0.00427519 0.280563 -48.912
0.00435914 0.279626 -48.7802
-0.00990875 0.269655 -41.5492
0.107099 -0.0488673 -3.15716
0.0348759 0.121191 -13.8419
0.00567169 0.119689 -1.58644
-0.00807468 0.102597 7.57845
0.00787327 0.100247 2.19508
-0.0971756 0.0659553 58.0536
-0.0546062 0.0549537 38.8013
-0.0248788 0.139604 3.89464
0.00333078 0.426409 -81.7309
0.00672403 0.363117 -69.0574
-0.0109792 0.352436 -56.207
0.0216973 0.319201 -68.4747
0.0228536 0.262804 -56.487
-0.0222545 0.192647 -11.1845
-0.0421885 0.19153 2.06322
-0.0236796 0.236272 -20.9303
-0.0337778 0.201531 -6.21426
-0.0104944 0.277699 -40.4284
-0.00171483 0.293038 -50.5378
0.0211885 0.301511 -70.4562
0.0420272 0.281201 -82.294
0.0440219 0.0415619 -28.6332
0.0104592 0.0210342 4.25881
-0.107497 0.0738814 94.1376
-0.047091 0.304645 -12.8512
0.00589406 0.315658 -62.8763
-0.00179693 0.358359 -65.1648
-0.0206891 0.359955 -47.3893
-0.0123005 0.390748 -62.6575
-0.00655303 0.389143 -67.4155
0.0359699 0.380973 -108.91
0.0610424 0.270681 -109.866
0.0858898 0.122705 -102.509
0.0658021 0.0767569 -69.9432
0.0603719 0.0249604 -53.5664
0.0518846 -0.000745347 -38.0846
0.0149869 0.0445554 -6.67497
0.120956 0.0524887 -131.597
0.149838 0.0479658 -163.936
0.108366 0.0336301 -110.585
0.0585204 0.0191384 -46.3224
0.00585291 0.256787 -41.1399
0.00367799 0.26523 -43.1608
0.00335429 0.279207 -46.3263
-0.00341708 0.273997 -44.6041
-0.00284016 0.282043 -46.9285
0.00588345 0.294318 -50.9232
0.00200721 0.306761 -53.513
-0.00258007 0.310733 -53.8635
-0.010099 0.300683 -50.1148
-0.0232724 0.267802 -39.5623
0.000287315 0.266365 -43.5748
0.00634093 0.293952 -52.0449
0.00705023 0.320078 -58.675
0.00452448 0.317115 -57.359
-0.00724558 0.335424 -58.3811
-0.00347928 0.33779 -60.178
-0.0225033 0.329703 -51.3948
0.05942 0.0647742 -1.0046
-0.0317783 0.222553 -10.0159
-0.0269661 0.168878 0.149818
-0.0369306 0.191749 -1.37681
-0.00408173 0.162969 -10.1702
-0.047025 0.134625 18.0021
-0.0129118 0.207888 -17.6647
-0.014579 0.180998 -10.1611
-0.0203112 0.268796 -29.5973
-0.0206982 0.284186 -34.1292
-0.0180685 0.26232 -29.8593
0.000236596 0.269544 -43.3424
-0.00915971 0.271293 -38.3311
-0.0194225 0.267678 -31.0687
-0.017071 0.302681 -41.0189
-0.0246899 0.302973 -35.673
-0.024732 0.302484 -35.5642
-0.0170557 0.311285 -43.2641
-0.0138207 0.32244 -48.2685
0.00420615 0.306665 -58.2677
-0.00456131 0.307133 -51.3943
0.00266956 0.318305 -60.2534
-0.0115281 0.279951 -38.4945
-0.0114871 0.308496 -45.8413
0.00520312 0.317047 -62.7024
0.0111366 0.310143 -66.3444
0.0258672 0.322587 -82.7664
-0.00108457 0.353487 -64.7006
0.00141069 0.354387 -67.2759
0.0084213 0.352943 -74.2548
0.0222496 0.366216 -91.5361
0.0119505 0.358038 -78.8263
0.0132838 0.336837 -75.8501
0.0359774 0.211439 -69.6359
0.00433392 0.22473 -38.0542
-0.00560061 0.191254 -18.138
0.0532768 0.203663 -88.3102
0.0921945 0.120273 -113.017
0.115593 0.0874383 -132.367
0.0964191 0.0607993 -102.358
0.0656948 0.0450689 -60.8373
0.016687 0.281844 -47.6091
0.0118503 0.277071 -46.0242
0.00188821 0.288576 -48.7527
0.00563009 0.310774 -55.1766
6.93173e-05 0.315534 -55.9944
0.0103083 0.322607 -58.837
0.00713095 0.353085 -66.4738
-0.00193673 0.338986 -61.1919
-0.0059309 0.345349 -62.1642
-0.0324013 -0.00513161 59.4744
-0.0715306 -0.0114268 69.446
-0.0762305 0.0181238 62.4129
0.0129473 0.341812 -65.6407
-0.00438475 0.356713 -64.8268
0.0105954 0.339895 -64.7168
0.0031839 0.381793 -73.4229
0.00328262 0.360804 -67.8628
-0.0575275 0.155265 18.1535
-0.0521499 0.197916 3.85782
-0.0408427 0.23975 -12.7755
-0.0295436 0.226339 -13.5766
-0.00836455 0.240705 -27.3272
-0.0199664 0.223738 -17.5853
-0.0222674 0.215488 -14.6703
-0.0373988 0.203472 -3.65475
-0.0309085 0.243668 -18.0768
-0.0103079 0.268772 -36.402
0.0102754 0.290133 -54.7485
0.00259716 0.296405 -51.8165
-0.00633242 0.310704 -50.1621
-0.0147083 0.304075 -42.9953
-0.00511107 0.310927 -51.2501
-0.00912594 0.310885 -48.3738
-0.0198787 0.319053 -42.7186
-0.0127578 0.320678 -48.3983
-0.00275666 0.327632 -58.0676
-0.00110306 0.326867 -59.1103
-0.0176922 0.324255 -45.1775
0.00414782 0.329746 -64.4472
-0.00849833 0.319973 -51.1696
-0.0068487 0.328146 -54.8338
0.00657393 0.323994 -65.4593
-0.00158861 0.314995 -55.8701
0.0330119 0.303008 -84.8544
0.0290136 0.32005 -85.018
-0.00127828 0.343081 -61.5768
-0.00623156 0.369437 -63.8988
0.00368271 0.341982 -66.6216
0.00924771 0.333071 -70.0985
0.0173515 0.341056 -80.8772
-0.00825631 0.321542 -47.642
0.011252 0.295788 -62.9075
0.00910811 0.302451 -62.8545
0.00169189 0.310841 -56.5241
0.0195318 0.213177 -51.2415
0.0735203 0.0887344 -82.8547
0.0718724 0.1253 -90.322
0.0471373 0.0952435 -51.3097
0.0235734 0.292597 -50.6307
0.0214059 0.317728 -57.8379
0.0272739 0.346043 -66.3025
0.026019 0.37804 -75.8344
0.0222921 0.3064 -55.5892
0.0213844 0.381067 -76.3126
0.00756546 0.35367 -66.6924
0.00853433 0.363414 -69.5796
0.0135456 0.365514 -71.0464
0.040972 0.0107359 38.8976
-0.0288164 0.02523 49.5932
-0.0682022 0.0844827 41.4797
0.0451706 0.777569 -197.102
0.00518473 0.691001 -161.643
-0.0410905 0.203533 -1.77289
0.0211362 0.275408 -44.6945
-0.023431 0.193917 -5.20911
-0.0429011 0.180946 5.58248
-0.0495503 0.189453 5.45959
-0.0421198 0.210341 -3.51151
-0.0420838 0.220942 -7.00933
-0.0250473 0.239764 -19.9039
-0.00970074 0.278509 -38.642
-0.0138467 0.278221 -36.6792
-0.0152052 0.284845 -37.86
-0.00302099 0.314373 -53.1234
-0.00327676 0.311342 -52.0849
-0.0091151 0.312714 -49.1863
-9.39211e-05 0.323998 -57.7904
-0.00740796 0.319276 -51.8914
-0.00635462 0.317235 -52.1245
-0.00103815 0.317585 -55.6632
-0.00494069 0.320387 -53.9384
-0.00726973 0.314886 -50.7611
-0.00301 0.330119 -58.3831
0.00037673 0.329959 -60.9463
-0.00520127 0.326792 -55.61
-0.009998 0.328177 -52.2738
0.00465119 0.330835 -64.976
-0.0092937 0.323965 -51.2919
-0.017605 0.330097 -46.0686
-0.00322963 0.331163 -58.9537
-0.00128418 0.328658 -60.0618
0.0171071 0.317354 -74.0927
0.0611977 0.288124 -107.494
0.0289669 0.310704 -82.3365
-0.0107363 0.34398 -52.5681
-0.0040373 0.335133 -56.6572
0.000955982 0.333569 -61.6803
0.00880954 0.337796 -71.149
0.00366858 0.321727 -60.8471
0.00792695 0.311249 -62.9283
0.0192939 0.32427 -79.3318
0.0259116 0.310028 -83.2737
0.0397761 0.0532607 -24.398
0.00242009 -0.020635 39.5034
0.00695247 0.210616 -33.9185
0.00409901 0.172557 -19.5058
0 0 -1
0.0432281 0.366866 -73.0257
0.0299784 0.376629 -75.2065
0.0279307 0.395825 -81.1882
0.0265491 0.488251 -109.207
0.0180651 0.406835 -83.8046
0.0033366 0.772802 -194.586
0.0442758 0.673373 -168.973
0.076438 0.317262 -61.9499
0.0286661 0.144854 1.13536
-0.0206737 0.141928 12.3449
-0.0489792 0.146646 17.7524
-0.0499617 0.17654 8.88912
-0.0410059 0.187931 2.82598
-0.0372799 0.200672 -2.67521
-0.0409559 0.207145 -3.34683
-0.0284583 0.218231 -11.294
-0.0305336 0.216627 -10.3392
-0.0131056 0.252294 -28.3153
-0.0266141 0.252477 -22.968
-0.00448263 0.307015 -49.4694
-0.00316728 0.312052 -51.6744
0.00457616 0.312014 -55.3918
-0.00906559 0.310741 -48.3542
-0.0115436 0.316991 -49.0342
0.000106772 0.326175 -58.199
-0.00186992 0.328412 -57.7423
-0.00142503 0.33025 -58.8313
-0.00813966 0.324449 -52.9635
-0.00516705 0.314714 -51.8257
-0.0108946 0.322033 -50.4041
-0.00418603 0.319936 -54.424
-0.00715344 0.32476 -53.9118
-0.000367616 0.33126 -60.7143
-0.00258545 0.327944 -58.0713
-0.00417351 0.330542 -57.6268
-0.0100838 0.323127 -50.8515
-0.00161909 0.324712 -58.0053
-9.26918e-05 0.327963 -60.1804
-0.011274 0.328822 -51.0983
-0.0104361 0.324148 -50.4203
-0.00800011 0.338082 -56.8229
-0.00503445 0.333027 -57.8575
-0.00139164 0.329694 -60.2438
0.0255733 0.306925 -79.0876
0.0660668 0.280682 -109.884
0.0153901 0.320747 -71.6955
0.00101497 0.339731 -63.3383
-0.00697406 0.349443 -58.337
0.00645873 0.350695 -72.7541
0.0152375 0.334311 -77.3102
0.00398681 0.323939 -61.7857
-0.00219416 0.330757 -57.1557
0.00813835 0.332714 -69.7573
0.00438163 0.345567 -69.3876
-0.00506078 0.332535 -53.7776
-0.0101563 0.387079 -64.7001
0.0958926 0.287057 -162.639
0.0603816 0.382992 -78.6605
0.060384 0.382991 -78.6602
0.0566071 0.406661 -86.2531
0.00199416 0.37035 -65.2377
0.0361635 0.458923 -98.387
-0.0192305 0.353223 -56.8102
-0.00669222 0.25689 -26.0732
-0.0197542 0.224936 -13.3651
-0.0324464 0.226417 -11.5761
-0.0378347 0.193661 0.143602
-0.0258445 0.195521 -3.3788
-0.0388237 0.179648 4.69305
-0.0304435 0.194755 -2.6622
-0.0332034 0.207615 -6.34671
-0.0188594 0.264275 -29.6981
-0.0149557 0.277704 -35.3949
-0.0192947 0.289968 -37.8886
-0.0189404 0.292285 -38.616
-0.0127489 0.313728 -48.0638
-0.00983455 0.31639 -50.0699
-0.00730452 0.322028 -52.8102
-0.00761188 0.324222 -53.5196
-0.00271627 0.326765 -56.5968
-0.00110105 0.323496 -56.3874
-0.00356346 0.33018 -57.3241
-0.00567084 0.31892 -52.4399
-0.00250935 0.324749 -56.1411
-0.0124269 0.33312 -53.005
-0.0130651 0.329337 -51.4891
-0.010174 0.31898 -49.8469
-0.0142521 0.319992 -47.7092
-0.0076571 0.323507 -53.2699
-0.00125096 0.33238 -60.4529
-0.000176676 0.331709 -60.9028
-0.00224513 0.33457 -60.348
-0.00965783 0.33006 -53.1711
-0.00960619 0.326779 -52.3562
-0.000759413 0.32643 -59.099
-0.00202393 0.32377 -57.1517
0.00306022 0.31976 -60.1831
-0.0103804 0.329763 -52.2052
-0.00128606 0.328258 -59.6717
-0.00958642 0.325757 -51.1558
-0.00976739 0.32631 -51.1707
0.00255991 0.329488 -63.9679
0.0279405 0.307885 -81.5694
0.0577373 0.287343 -103.735
0.0155382 0.322408 -72.6031
0.00265866 0.337641 -64.2154
-0.00687204 0.327059 -50.6379
-0.00187923 0.331792 -57.7217
-0.000613625 0.322695 -55.9382
-0.00692551 0.329193 -51.202
0.010721 0.336614 -73.6858
-0.00177993 0.356168 -65.4133
-0.000626499 0.353507 -66.1173
0.00145213 0.332663 -61.5847
0.0315884 0.319176 -94.1016
-0.0396536 0.229565 -12.0675
-0.0396938 0.229444 -12.0151
-0.0415056 0.23424 -13.619
-0.0382059 0.31388 -42.0424
-0.0489326 0.191642 2.61517
-0.0612034 0.196551 2.11746
-0.0406196 0.18257 4.40315
-0.0410304 0.165737 10.3163
-0.0381448 0.170163 8.26941
-0.035563 0.177681 4.78078
-0.0194151 0.205399 -8.76358
-0.0103833 0.241397 -23.7473
-0.0148226 0.251111 -26.1164
-0.00521178 0.278303 -38.3417
-0.00234247 0.301685 -47.3068
-0.014854 0.302549 -43.6009
-0.00711453 0.3103 -49.0063
-0.00579399 0.31847 -52.2621
-0.00402005 0.324399 -55.0892
-0.00787462 0.320057 -51.8278
-0.00731056 0.319394 -51.8357
-0.00695061 0.321409 -52.7175
-0.00747468 0.323453 -53.1585
-0.00133855 0.328226 -57.8925
-0.00718897 0.327102 -54.3564
-0.00426527 0.321482 -54.0619
-0.00705293 0.322608 -52.7544
-0.0112756 0.325224 -51.1759
-0.0152581 0.322964 -47.9807
-0.0119045 0.326483 -51.3725
-0.00806656 0.328592 -54.5326
-0.00507129 0.328425 -56.4425
-0.00350285 0.328251 -57.3213
-0.00320847 0.325313 -56.5022
-0.00395442 0.325019 -55.7564
-0.0122782 0.316851 -46.4826
-0.0102936 0.327982 -52.0203
-0.00226537 0.321457 -56.2061
0.00187354 0.320994 -59.3241
-0.0058382 0.314285 -50.5603
-0.00356662 0.330601 -58.3222
-0.0129576 0.331214 -50.2538
-0.00139509 0.325237 -58.5053
0.000353296 0.324069 -59.8484
-0.00253053 0.326582 -58.08
0.00565082 0.316432 -62.5322
0.0485997 0.28669 -94.7185
0.0368663 0.310707 -90.5161
0.00432325 0.324332 -61.5272
-0.00112652 0.330113 -57.8936
-0.00354995 0.335854 -57.4662
0.000300916 0.315509 -54.4998
0.00658145 0.314955 -61.412
0.00526749 0.337205 -67.9249
0.00158884 0.339982 -64.1147
-0.00673667 0.32215 -48.0976
-0.0138192 0.317936 -38.2773
0.0130072 0.302315 -65.4082
-0.041016 0.229879 -12.163
-0.0416889 0.227746 -11.3495
-0.0434956 0.224312 -9.99868
-0.0421417 0.210186 -4.91981
-0.055519 0.160656 14.3224
-0.0574697 0.167892 11.8933
-0.0567919 0.135048 23.5736
-0.0409337 0.119942 26.692
-0.0304393 0.158446 10.7932
-0.0224281 0.20279 -6.93198
-0.0156656 0.215494 -12.9759
-0.0016211 0.245845 -27.2254
-0.00408489 0.271069 -35.8516
0.00169006 0.278192 -40.0731
-0.00184311 0.279171 -39.4058
0.000811294 0.298703 -47.357
-0.00715562 0.309242 -48.4845
-0.00647831 0.304461 -46.9951
-0.00305293 0.30965 -50.1712
0.000318548 0.30457 -49.7177
-0.00905591 0.308054 -46.9659
-0.00968839 0.295134 -42.0737
-0.00509102 0.295186 -44.1902
0.00157775 0.307532 -51.9266
-0.00531796 0.317989 -52.1597
-0.0101462 0.312298 -47.4705
-0.0108359 0.29678 -41.3654
-0.00656919 0.304212 -46.457
-0.0110828 0.300771 -42.581
-0.00977386 0.316852 -49.2775
-0.0172788 0.294239 -36.228
-0.00186723 0.310449 -52.2842
0.00103984 0.31561 -56.0316
-0.000553605 0.31127 -53.3576
-0.00291387 0.311817 -51.8222
-0.00622252 0.310707 -48.8953
-0.00892749 0.306609 -45.3835
-0.0035911 0.315823 -52.9899
-0.00253791 0.30075 -48.4422
-0.00768133 0.293477 -41.5278
0.00403945 0.302312 -54.923
0.000445461 0.315995 -56.7456
-0.00506322 0.319444 -53.0077
-0.00587959 0.321905 -53.1765
-0.009424 0.312231 -46.2861
-1.6423e-05 0.309802 -54.5735
0.02253 0.27033 -62.7011
0.0632256 0.252019 -96.9431
0.0150877 0.317137 -70.3731
-0.00312934 0.307283 -47.5418
-0.00536332 0.30663 -45.0114
-0.0072791 0.274893 -31.5477
0.00516418 0.291857 -51.5208
0.00329117 0.318689 -58.9996
0.00552402 0.319778 -61.8326
-0.0119673 0.296458 -32.6354
-0.012093 0.272908 -24.1241
0.0107502 0.289971 -58.2645
