0 1 3
1 2 3
2 3 3
3 4 3
4 5 3
5 6 3
6 7 3
7 8 2
8 9 2
9 10 2
10 69 3
12 69 3
12 13 3
13 14 3
14 15 3
15 16 3
16 17 3
17 19 3
19 20 3
20 21 3
21 22 3
22 23 3
23 24 3
24 25 3
25 26 3
26 27 3
27 28 3
28 29 3
29 30 3
30 31 1
31 32 3
32 33 3
33 34 3
34 35 3
35 36 3
36 37 3
37 38 3
38 39 3
39 40 3
40 41 3
41 42 3
42 43 3
43 44 2
44 45 0
45 46 1
46 47 3
47 48 3
48 49 3
49 50 3
50 51 3
51 52 3
52 53 0
53 55 2
55 56 3
56 57 3
54 55 1
53 54 3
38 97 3
39 97 3
17 75 3
19 75 3
9 68 2
10 68 3
32 90 3
33 90 3
41 99 3
19 77 3
31 90 3
43 101 3
9 67 3
12 70 3
75 77 3
54 113 3
55 113 0
67 68 3
20 78 3
30 89 1
31 89 3
35 93 3
36 95 3
44 101 2
51 110 3
52 110 3
56 113 0
19 78 3
29 87 3
34 93 3
37 96 3
38 96 3
5 64 3
6 64 3
7 65 3
68 69 3
24 82 3
24 83 3
25 83 3
30 87 3
30 88 3
33 91 3
49 107 3
113 114 1
2 61 3
3 61 3
4 62 3
8 65 0
12 71 3
13 71 3
14 72 3
15 72 3
23 82 3
25 84 3
26 84 3
90 91 3
40 97 3
40 98 3
46 104 3
47 105 3
50 107 3
53 111 3
56 114 3
0 58 3
1 59 3
1 60 3
2 60 3
3 62 3
5 63 3
8 67 2
70 71 3
13 72 3
15 73 3
16 75 3
75 134 3
21 79 3
22 80 3
26 85 3
27 85 3
28 85 3
28 86 3
29 86 3
88 89 3
33 92 3
34 92 3
37 95 3
96 97 3
41 98 3
44 102 3
45 103 1
45 104 1
48 105 3
48 106 3
50 108 3
51 108 3
51 109 3
52 111 0
54 112 3
112 113 3
57 115 3
1 58 3
62 63 3
63 64 3
77 134 3
77 78 3
78 79 3
79 80 3
22 81 3
23 81 3
92 93 3
36 93 3
95 96 3
102 103 3
104 105 3
106 107 3
114 115 3
58 59 3
61 62 3
69 70 3
71 72 3
72 73 3
16 73 3
82 83 3
83 84 3
89 90 3
93 95 3
42 99 3
101 102 3
103 104 1
105 106 3
54 111 3
59 60 3
60 61 3
6 65 3
16 74 3
84 85 3
85 86 3
97 98 3
42 101 3
108 109 3
109 110 3
110 111 0
74 75 3
80 81 3
91 92 3
107 108 3
111 112 3
87 88 3
98 99 3
73 74 3
81 82 3
86 87 3
64 65 3
80 137 3
95 152 3
70 129 3
79 137 3
99 158 3
42 158 3
104 163 3
105 163 3
71 129 3
89 148 3
90 148 3
68 126 3
69 126 3
74 132 3
81 139 3
93 152 3
72 131 3
73 131 3
80 139 3
111 169 3
84 143 3
152 153 3
95 153 3
108 166 3
112 169 3
80 138 3
82 139 3
85 143 3
99 156 3
110 169 0
65 67 1
137 138 3
98 156 3
108 167 3
110 168 3
59 117 3
60 117 3
138 139 3
91 149 3
96 154 3
109 167 3
168 169 0
60 119 3
61 119 3
65 123 3
65 124 3
67 124 0
72 130 3
130 131 3
142 143 3
90 149 3
95 154 3
101 158 3
101 160 3
104 162 3
166 167 3
113 170 3
113 171 1
114 171 3
62 121 3
63 121 3
63 122 3
64 122 3
84 142 3
89 147 3
147 148 3
92 149 3
92 151 3
93 151 3
102 160 3
103 162 1
162 163 3
106 163 3
109 168 3
60 118 3
118 119 3
62 120 3
67 125 3
69 127 3
72 129 3
77 135 3
78 136 3
82 140 3
83 141 3
86 143 3
86 144 3
87 145 3
88 145 3
92 150 3
151 152 3
97 155 3
98 155 3
99 157 3
103 161 3
106 164 3
107 165 3
108 165 3
170 171 3
171 172 3
114 172 3
114 173 3
115 173 3
117 118 3
119 120 3
120 121 3
122 123 3
123 124 3
124 125 1
70 127 3
135 136 3
136 137 3
83 140 3
84 141 3
86 145 3
88 147 3
148 149 3
150 151 3
96 155 3
155 156 3
156 157 3
160 161 3
163 164 3
164 165 3
165 166 3
112 170 3
172 173 3
68 125 3
139 140 3
141 142 3
153 154 3
157 158 3
169 170 3
58 174 3
121 122 3
126 127 3
129 130 3
75 132 3
134 135 3
143 144 3
144 145 3
149 150 3
154 155 3
161 162 1
169 227 3
59 174 3
127 129 3
74 131 3
75 133 3
140 141 3
167 168 3
168 227 0
59 175 3
133 134 3
117 175 3
125 126 3
131 132 3
132 133 3
174 175 3
127 187 3
129 187 3
127 185 3
185 187 3
152 209 3
88 204 3
155 213 3
156 213 3
142 201 3
147 204 3
101 217 3
160 217 3
167 225 3
170 228 3
135 194 3
136 194 3
138 197 3
139 197 3
143 201 3
151 209 3
158 217 3
166 225 3
169 228 3
121 180 3
122 180 3
140 197 3
157 216 3
158 216 3
145 204 1
156 214 3
170 229 3
119 178 3
125 183 3
142 200 3
163 220 3
166 224 3
171 229 3
172 230 3
120 178 3
126 183 3
131 189 3
200 201 3
145 203 3
155 212 3
213 214 3
157 214 3
162 220 3
165 223 3
224 225 3
168 226 3
227 228 3
130 189 3
133 191 3
134 192 3
135 192 3
140 198 3
149 207 3
150 207 3
153 211 3
154 212 3
157 215 3
160 219 3
161 219 3
166 223 3
167 226 3
173 230 3
118 175 3
118 176 3
119 177 3
121 179 3
123 181 3
124 182 3
191 192 3
135 193 3
137 253 3
197 198 3
144 202 3
203 204 1
147 205 3
148 206 3
150 208 3
150 209 3
154 211 3
215 216 3
163 221 3
164 222 3
172 229 3
175 176 3
118 177 3
178 179 3
180 181 3
124 181 3
182 183 1
126 185 3
132 189 3
132 191 3
137 194 3
141 198 3
141 199 3
141 200 3
201 202 3
202 203 3
148 205 3
149 206 3
152 211 3
216 217 3
160 218 3
219 220 1
221 222 3
222 223 3
226 227 0
228 229 3
173 231 3
177 178 3
179 180 3
126 184 3
130 187 3
192 193 3
193 194 3
194 253 3
205 206 3
206 207 3
214 215 3
230 231 3
181 182 3
183 184 3
184 185 3
199 200 3
204 205 3
223 224 3
137 196 3
138 196 3
212 213 3
218 219 3
220 221 3
225 226 3
189 191 3
211 212 3
217 218 3
187 245 0
207 208 3
208 209 3
229 230 3
185 245 0
185 244 0
196 197 3
175 232 3
185 243 3
244 245 3
198 199 3
174 232 3
243 244 0
176 177 3
189 248 3
191 248 3
194 252 3
198 256 3
199 256 3
252 253 3
196 253 3
152 267 3
228 286 3
130 246 0
189 246 0
189 247 0
211 267 3
229 286 3
187 246 0
213 271 3
213 272 3
175 233 3
191 250 3
214 272 3
176 233 3
247 248 0
192 250 3
203 262 1
209 267 3
246 247 2
208 267 3
217 275 3
196 254 3
212 270 3
212 271 3
271 272 3
218 275 3
227 285 3
177 236 3
253 254 3
197 255 3
270 271 3
225 283 3
226 283 3
226 285 0
228 285 3
229 288 3
230 288 3
232 233 3
178 236 3
192 251 3
193 251 3
196 255 3
200 258 3
201 258 3
204 262 3
205 263 3
211 269 3
216 274 3
176 234 3
180 238 3
243 301 0
244 301 3
198 255 3
202 261 3
203 261 3
204 263 3
267 269 3
217 274 3
222 280 3
223 280 3
230 289 3
231 289 3
177 234 3
181 238 3
181 239 3
183 241 3
193 252 3
201 259 3
202 260 3
261 262 1
206 263 3
206 264 3
215 273 3
215 274 3
218 276 3
219 277 3
220 278 3
221 279 3
223 282 3
224 282 3
224 283 3
233 234 3
177 235 3
235 236 3
179 236 3
179 238 3
238 239 3
184 241 3
184 243 3
245 246 3
254 255 3
258 259 3
259 260 3
260 261 3
262 263 3
207 264 3
211 270 3
276 277 3
277 278 1
278 279 3
279 280 3
223 281 3
282 283 3
229 287 3
182 241 1
184 242 3
251 252 3
263 264 3
269 270 3
285 286 3
286 287 3
287 288 3
242 243 3
250 251 3
199 258 3
273 274 3
280 281 3
288 289 3
255 256 3
256 258 3
207 265 3
208 266 3
266 267 3
182 239 3
241 242 3
264 265 3
275 276 3
281 282 3
234 235 3
179 295 3
236 295 3
238 295 3
248 307 3
191 307 3
250 307 3
252 310 3
226 342 3
285 342 1
253 310 3
208 265 3
283 342 3
239 298 3
182 298 3
265 266 3
241 298 0
214 273 3
217 333 3
275 333 3
276 333 3
242 300 3
267 326 3
269 327 3
239 297 3
297 298 3
256 314 3
258 314 3
269 326 3
236 293 3
239 296 3
255 314 3
326 327 3
235 293 3
238 296 3
243 300 3
246 304 3
247 304 2
214 331 3
273 331 3
274 390 3
233 291 3
234 292 3
296 297 3
261 319 3
265 323 3
272 331 3
274 333 3
281 339 3
282 339 3
234 291 3
235 292 3
248 306 3
264 322 3
266 323 3
270 329 3
279 337 3
282 340 3
283 340 3
285 343 3
286 343 3
287 345 0
288 345 0
288 346 3
289 346 3
232 290 3
233 290 3
306 307 3
250 309 3
253 311 3
254 311 3
254 313 3
255 313 3
259 318 3
260 318 3
262 320 3
263 322 3
271 329 3
271 330 3
272 330 3
274 331 3
280 337 3
293 294 3
236 294 3
241 299 3
241 300 3
244 302 3
245 303 3
304 305 3
247 305 3
251 309 3
310 311 3
254 312 3
313 314 3
258 317 3
259 317 3
260 319 3
263 320 3
263 321 3
265 322 3
330 331 3
276 334 3
277 335 3
278 336 3
283 341 3
342 343 0
286 344 3
291 292 3
292 293 3
298 299 1
300 301 0
301 302 3
302 303 3
303 304 3
251 310 3
312 313 3
261 320 1
321 322 3
266 325 3
267 325 3
270 327 3
331 390 3
333 334 3
334 335 3
335 336 1
336 337 3
280 339 3
340 341 3
341 342 3
287 344 3
289 347 1
247 306 0
307 309 3
309 310 3
258 316 3
318 319 3
319 320 1
339 340 3
343 344 3
346 347 1
290 291 3
294 295 3
295 296 3
299 300 3
316 317 3
317 318 3
320 321 3
322 323 3
325 326 3
327 385 3
345 346 1
270 385 3
344 345 0
311 312 3
270 386 3
266 324 3
305 306 3
314 316 3
323 324 3
324 325 3
329 386 3
329 330 3
337 339 3
385 386 3
300 359 0
301 359 3
310 367 3
333 390 3
291 349 3
309 367 3
316 431 3
290 349 3
316 432 3
329 387 3
311 369 3
431 432 3
386 387 3
339 396 3
342 400 3
292 350 3
296 354 3
312 369 3
314 431 3
343 400 1
295 354 3
297 355 3
305 363 3
310 426 3
316 374 3
324 382 3
325 382 3
341 399 3
298 355 3
304 363 3
307 365 3
307 367 3
311 426 3
313 371 3
317 376 3
330 388 3
340 399 3
342 399 3
294 352 3
306 364 3
314 371 3
374 432 3
318 376 3
322 380 3
331 388 3
337 396 3
344 403 0
345 403 3
293 352 3
295 352 3
307 364 3
365 367 3
367 426 0
317 374 3
330 387 3
334 392 3
335 392 3
340 398 3
343 401 3
345 404 3
346 404 0
292 349 3
295 353 3
296 355 3
298 356 3
299 357 3
300 358 3
302 359 3
302 360 3
303 361 3
304 362 3
306 363 3
312 371 3
314 372 3
326 384 3
333 392 3
335 393 3
336 395 3
337 395 3
339 398 3
398 399 3
344 402 3
403 404 3
347 405 3
290 406 3
349 350 3
293 409 3
353 354 3
356 357 1
357 358 3
360 361 3
361 362 3
362 363 3
364 365 3
365 424 3
367 424 3
369 426 3
372 431 3
325 384 3
327 384 3
387 388 3
392 393 3
336 393 0
336 452 3
399 400 3
401 402 3
404 405 1
349 406 2
293 350 3
352 409 3
352 353 3
355 356 3
358 359 0
371 372 3
319 376 3
323 382 3
333 391 3
395 396 3
339 397 3
400 401 0
402 403 0
354 355 3
369 370 3
319 377 3
320 322 3
390 391 3
391 392 3
395 452 3
397 398 3
312 370 3
376 377 3
320 377 3
323 380 3
388 390 3
396 397 3
359 416 3
359 360 3
374 376 3
320 436 3
391 450 3
358 416 0
370 371 3
322 436 3
323 439 3
388 563 3
392 450 3
293 351 3
369 484 0
382 439 3
382 384 3
390 563 3
363 364 3
380 436 3
350 351 3
426 484 3
380 439 3
351 409 3
436 438 3
384 385 3
377 436 3
406 407 3
349 407 1
371 428 3
374 433 3
382 441 3
370 428 3
432 433 3
376 433 3
384 441 3
353 412 3
354 412 3
359 417 3
380 438 3
416 417 3
377 435 3
350 408 3
435 436 3
398 456 3
355 412 3
372 430 3
376 434 3
446 563 3
363 421 3
367 425 3
371 430 3
433 434 3
386 444 3
387 444 3
388 446 3
397 455 3
350 407 1
350 409 3
352 411 3
353 411 3
361 419 3
362 421 3
363 422 3
364 422 3
423 424 3
424 425 3
425 426 0
371 429 3
387 445 3
388 445 3
393 451 3
395 453 3
396 454 3
396 455 3
408 409 3
352 410 3
355 413 3
356 414 3
357 415 3
358 415 3
360 418 3
362 419 3
362 420 3
365 423 3
369 428 3
428 486 3
385 444 3
336 451 0
452 453 3
396 453 3
399 457 3
400 458 3
401 459 0
402 460 0
403 460 3
403 461 3
404 462 3
405 463 3
409 410 3
410 411 3
411 412 3
412 413 3
413 414 3
414 415 1
417 418 3
418 419 3
420 421 3
364 423 3
430 431 3
377 434 3
390 448 3
450 451 3
398 455 3
456 457 3
457 458 3
458 459 0
459 460 3
461 462 3
462 463 1
419 420 3
428 429 3
384 442 3
385 443 3
391 448 3
454 455 3
424 482 0
425 482 0
438 439 3
442 443 3
443 444 3
444 445 3
445 446 3
460 461 3
422 423 3
369 427 3
429 430 3
382 498 3
427 484 3
434 435 3
439 498 3
441 498 3
415 416 0
416 474 1
421 422 3
441 442 3
448 563 3
391 449 3
427 428 3
451 452 1
415 474 3
455 456 3
422 480 3
423 480 3
427 486 3
449 450 3
452 510 3
453 454 3
435 494 3
436 494 3
451 510 1
407 408 0
441 499 3
510 568 3
498 499 3
423 482 3
460 518 3
410 467 3
430 488 2
442 499 3
448 449 3
461 518 3
409 467 3
419 478 2
420 478 3
436 495 3
457 515 3
458 515 3
416 475 3
417 475 3
426 483 1
445 503 3
446 503 3
461 519 3
411 469 3
425 483 3
442 500 3
444 503 3
462 519 3
418 476 3
427 485 3
494 495 3
438 497 3
439 497 3
443 500 3
449 507 3
450 507 3
454 512 3
456 514 3
411 470 3
412 470 3
414 472 1
415 472 2
474 475 0
419 476 3
421 478 3
421 480 3
429 486 2
443 501 3
453 512 3
457 514 3
458 517 0
459 517 3
518 519 3
410 469 3
469 470 3
413 471 3
418 475 3
429 487 2
431 488 2
432 489 2
434 492 3
435 493 3
500 501 3
444 501 3
444 502 3
448 506 3
450 508 3
451 509 3
453 510 3
455 513 3
462 520 3
463 521 3
406 464 3
406 465 3
407 465 3
408 466 3
408 467 3
412 471 3
414 471 3
484 485 3
486 487 3
487 488 3
431 489 2
493 494 3
502 503 3
506 563 3
448 507 3
508 509 3
509 510 1
453 511 3
454 513 3
513 514 3
517 518 3
519 520 3
520 521 1
464 465 3
467 469 3
492 493 3
438 495 3
499 500 3
507 508 3
511 512 3
458 574 3
466 467 3
467 526 3
470 471 3
472 474 2
475 476 3
482 483 3
488 489 3
501 502 3
514 515 3
515 574 3
469 526 3
476 478 3
478 480 3
438 554 3
509 568 1
510 511 3
517 574 1
465 466 0
472 531 2
474 531 3
495 554 3
497 554 3
506 507 3
485 486 3
489 548 1
434 549 1
497 498 3
492 549 1
433 489 2
433 549 1
433 548 1
548 549 3
500 558 1
471 472 2
501 558 1
446 561 3
466 524 3
503 561 3
561 563 3
512 513 3
465 524 3
483 484 3
483 542 3
484 542 3
498 555 3
499 557 1
483 541 3
497 555 3
511 569 3
480 537 3
480 482 3
541 542 3
487 546 3
488 546 3
494 553 3
495 553 3
510 569 3
480 538 3
489 546 3
506 564 3
482 538 3
498 557 3
563 564 3
514 572 3
518 576 3
478 536 3
478 537 3
485 542 3
553 554 3
500 557 1
501 559 3
507 564 3
513 572 3
514 573 3
517 576 3
464 522 3
536 537 3
537 538 3
486 544 3
502 559 3
563 621 1
515 573 3
465 522 3
467 524 3
469 471 3
471 528 3
538 539 3
482 539 3
485 544 3
487 545 3
489 547 3
492 551 2
493 551 2
493 552 3
494 552 3
554 555 3
555 556 3
498 556 3
558 559 0
502 561 3
511 570 3
512 570 3
519 577 3
520 578 3
469 528 3
482 541 3
487 544 3
545 546 3
547 548 1
492 609 2
552 553 3
557 558 3
502 560 3
564 621 1
507 565 3
508 566 3
513 570 3
517 575 3
518 577 3
521 579 3
465 523 3
475 533 1
476 534 1
478 534 3
482 540 3
546 547 3
549 609 0
551 609 3
559 560 3
560 561 3
564 565 3
565 566 3
509 567 3
575 576 3
577 578 3
578 579 1
524 526 3
531 532 3
474 532 3
475 532 1
476 533 1
534 536 3
540 541 3
485 543 3
556 557 3
561 562 3
566 567 3
569 570 3
572 573 3
573 574 3
574 575 0
576 577 3
532 533 3
543 544 3
562 563 3
567 568 1
522 523 3
523 524 3
533 534 3
542 543 3
569 627 3
570 627 3
471 587 1
472 587 1
539 540 3
544 545 3
551 552 3
560 618 1
570 572 3
568 626 3
510 626 3
472 588 2
569 626 3
528 587 3
531 588 2
572 629 3
528 586 3
570 629 3
608 609 3
586 587 3
534 593 3
536 594 3
537 594 3
549 608 3
526 584 3
537 595 3
629 687 3
526 528 3
587 588 3
593 594 3
537 596 3
538 596 3
526 585 3
528 585 3
594 595 3
595 596 3
556 614 3
563 620 1
584 585 3
534 592 3
549 606 3
553 612 2
555 614 3
562 620 1
585 586 3
531 589 2
532 591 3
533 591 3
534 591 3
538 597 3
539 597 3
547 605 3
548 606 3
552 610 2
554 612 2
556 615 3
557 615 3
578 636 2
524 583 3
526 583 3
588 589 3
532 589 3
592 593 3
596 597 3
546 605 3
551 610 3
552 611 2
553 611 2
558 615 3
575 634 2
576 634 2
523 582 3
524 582 3
583 584 3
591 592 3
558 617 3
559 617 1
626 627 3
573 630 3
577 635 2
522 580 3
523 580 3
532 590 3
544 602 3
545 602 3
611 612 3
558 616 3
565 623 2
566 623 2
567 626 1
572 630 3
573 631 3
574 632 3
575 633 2
577 634 2
579 637 3
582 583 3
589 590 3
590 591 3
540 598 3
543 602 3
547 606 2
610 611 3
615 616 3
616 617 3
559 618 1
564 623 2
629 630 3
631 632 3
632 633 0
635 636 3
636 637 1
597 598 3
541 598 3
606 608 3
609 610 3
561 619 1
566 624 2
633 634 3
634 635 3
580 582 3
541 599 3
617 618 3
562 619 1
623 624 3
598 599 3
542 599 3
545 603 3
605 606 3
614 615 3
621 623 0
567 624 2
630 631 3
561 618 1
567 625 1
625 626 3
542 600 3
543 600 3
546 603 3
622 623 0
630 688 1
546 604 3
555 612 2
555 613 2
613 614 3
618 619 3
621 622 3
624 625 1
599 600 3
602 603 3
604 605 3
620 621 3
612 613 3
619 620 3
627 629 3
600 602 3
603 604 3
582 640 3
583 640 3
584 642 2
585 644 2
586 644 3
580 640 3
583 641 2
583 642 3
585 643 2
598 656 3
606 664 2
606 665 2
608 665 2
626 685 3
630 687 3
580 639 3
641 642 3
642 643 3
643 644 3
587 644 3
587 645 3
599 656 3
605 664 3
627 685 3
639 640 3
644 645 3
588 645 3
588 646 3
590 649 3
617 675 3
627 686 3
640 641 3
645 646 3
589 646 3
589 648 3
590 648 3
591 649 3
616 675 3
629 686 3
589 647 3
648 649 3
600 659 3
635 693 2
636 693 2
646 647 3
647 648 3
592 650 3
600 658 3
602 659 3
580 638 3
638 639 3
592 649 3
593 650 3
593 651 3
658 659 3
605 663 3
664 665 3
616 673 2
618 676 3
621 679 3
632 690 3
632 691 0
633 691 2
636 694 2
649 650 3
650 651 3
594 651 3
597 656 3
599 658 3
602 660 3
603 660 3
603 661 3
604 663 3
608 666 3
610 668 3
611 668 3
615 673 2
616 674 3
617 676 3
631 689 3
631 690 3
634 692 2
693 694 3
637 695 3
597 655 3
604 661 3
665 666 3
609 666 3
609 668 3
619 676 3
619 677 3
623 680 1
625 685 3
685 686 3
687 688 1
688 689 0
690 691 0
691 692 3
692 693 3
694 695 1
594 652 3
655 656 3
612 671 3
613 671 3
675 676 3
620 677 3
620 678 3
622 680 3
625 683 0
689 690 3
651 652 3
595 652 3
659 660 3
663 664 3
614 673 2
674 675 3
676 677 3
677 678 3
621 678 3
622 679 3
624 683 1
683 685 2
686 687 3
679 680 3
623 739 1
596 655 3
612 728 3
613 673 3
678 679 3
624 682 1
683 742 3
685 742 2
596 652 3
660 661 3
612 668 3
624 739 1
682 683 0
596 711 3
671 728 3
673 674 3
680 739 2
652 711 3
596 712 3
655 712 3
656 658 3
612 727 3
671 673 3
682 739 3
711 712 3
666 668 3
668 727 3
727 728 3
673 730 3
661 663 3
668 726 3
671 730 3
682 740 0
661 720 3
663 720 3
666 726 3
726 727 3
683 740 2
639 641 3
658 717 3
659 717 3
659 718 3
660 718 3
658 716 3
717 718 3
666 724 3
673 732 3
674 732 2
646 704 3
647 704 3
650 709 3
651 709 3
655 714 3
656 714 3
656 715 3
656 716 3
716 717 3
687 745 3
652 710 3
715 716 3
660 719 3
661 719 3
671 729 3
683 741 3
688 745 0
693 751 1
694 751 1
647 706 3
648 706 3
648 707 3
649 707 3
650 707 3
652 709 3
720 721 3
663 721 3
664 722 3
724 726 3
729 730 3
686 744 3
688 746 0
692 751 1
643 701 3
645 703 3
650 708 3
718 719 3
663 722 3
675 732 2
739 740 3
740 741 2
685 744 3
687 744 3
689 746 3
690 748 3
691 748 1
642 701 3
643 702 3
643 703 3
644 703 3
646 703 3
706 707 3
707 708 3
714 715 3
719 720 3
721 722 3
679 737 3
680 737 3
680 738 3
701 702 3
712 713 3
655 713 3
665 722 3
665 723 3
666 723 3
724 725 3
728 729 3
675 733 2
676 733 2
677 736 3
678 736 3
737 738 3
689 747 3
691 749 1
692 750 1
694 752 1
695 753 3
638 696 3
642 700 3
700 701 3
702 703 3
708 709 3
709 710 3
723 724 3
732 733 3
678 737 3
738 739 3
741 742 3
685 743 3
746 747 3
747 748 3
748 749 0
749 750 1
750 751 3
751 752 3
752 753 1
639 696 3
639 698 3
641 698 3
703 704 3
710 711 3
722 723 3
725 726 3
742 743 2
745 746 3
641 700 3
743 744 3
713 714 3
736 737 3
704 706 3
744 745 3
676 736 3
641 757 3
698 757 3
673 789 3
700 757 3
706 763 3
730 789 3
704 763 3
732 789 3
639 755 3
733 792 3
676 793 2
696 755 3
698 755 3
676 792 2
736 793 2
792 793 3
740 797 2
737 796 3
738 796 2
739 797 2
741 799 3
736 794 3
698 756 3
700 758 3
701 760 3
702 760 3
732 790 3
793 794 3
737 794 2
738 797 2
740 799 1
745 803 3
696 754 3
755 756 3
756 757 3
700 759 3
704 761 3
704 762 3
711 769 3
729 787 3
733 790 3
742 799 2
744 803 3
754 755 3
757 758 3
758 759 3
759 760 3
703 760 3
703 761 3
761 762 3
762 763 3
710 769 3
712 771 3
713 771 3
714 772 3
714 773 3
716 774 3
728 787 3
706 764 3
706 765 3
707 765 3
708 766 3
709 767 3
710 767 3
712 769 3
713 772 3
715 773 3
717 774 3
718 776 3
719 776 3
727 785 3
789 790 3
733 791 3
796 797 3
743 801 3
744 801 3
746 805 3
747 805 3
763 764 3
708 765 3
710 768 3
717 775 3
729 788 3
730 788 3
790 791 3
742 800 3
743 800 2
744 802 3
746 862 3
748 805 3
748 806 3
749 806 1
749 807 3
750 808 0
751 809 0
752 810 1
753 811 3
760 761 3
765 766 3
766 767 3
768 769 3
712 770 3
770 771 3
772 773 3
718 775 3
721 779 3
722 779 3
722 780 3
723 780 3
726 784 3
726 785 3
728 786 3
788 789 3
791 792 3
797 798 3
740 798 2
801 802 3
802 803 3
746 803 3
805 806 3
806 807 0
807 808 3
808 809 1
809 810 1
810 811 3
764 765 3
769 770 3
771 772 3
775 776 3
719 777 3
720 778 3
721 778 3
779 780 3
723 781 3
723 782 3
724 782 3
725 782 3
725 783 3
784 785 3
785 786 3
786 787 3
798 799 2
799 800 3
767 768 3
715 774 3
774 775 3
720 777 3
778 779 3
780 781 3
781 782 3
782 783 3
783 784 3
787 788 3
800 801 2
805 862 3
777 778 3
803 862 3
773 774 3
776 777 3
794 796 3
794 853 3
796 853 3
766 825 3
767 825 3
761 820 3
759 817 3
762 820 3
757 815 3
758 817 3
776 833 3
789 848 3
790 848 3
756 815 3
758 816 3
775 833 3
791 848 3
853 854 3
801 858 3
805 863 3
806 863 3
757 816 3
768 827 3
769 827 3
770 829 3
771 829 3
786 845 3
787 845 3
796 854 3
797 855 3
798 856 3
799 856 2
800 858 3
816 817 3
774 833 3
778 836 3
780 839 3
781 839 3
796 855 3
806 864 0
807 864 3
808 866 3
809 868 1
810 868 3
756 814 3
814 815 3
815 816 3
763 820 3
766 824 3
770 828 3
772 830 3
773 830 3
773 831 3
776 835 3
777 835 3
779 836 3
798 855 3
799 858 2
801 859 3
802 859 3
802 861 3
803 861 3
807 866 3
754 812 3
755 812 3
755 814 3
760 817 3
763 821 3
764 821 3
764 822 3
765 823 3
828 829 3
772 829 3
774 831 3
774 832 3
778 835 3
779 838 3
780 838 3
782 839 3
782 840 3
783 841 3
784 842 3
785 843 3
788 906 3
791 849 3
792 850 3
793 850 3
793 852 3
794 852 3
809 866 0
811 869 3
760 818 3
761 818 3
761 819 3
821 822 3
822 823 3
824 825 3
768 825 3
770 827 3
831 832 3
776 834 3
838 839 3
839 840 3
840 841 3
841 842 3
842 843 3
786 843 3
788 845 3
789 906 3
848 849 3
849 850 3
854 855 3
858 859 3
868 869 3
819 820 3
820 821 3
765 824 3
768 826 3
829 830 3
832 833 3
833 834 3
834 835 3
836 837 3
779 837 3
855 856 3
861 862 3
863 864 0
864 865 3
807 865 3
818 819 3
825 826 3
826 827 3
835 836 3
837 838 3
786 844 3
788 846 3
850 852 3
856 857 3
799 857 3
809 867 3
823 824 3
843 844 3
844 845 3
846 906 3
857 858 3
865 866 3
867 868 1
817 818 3
830 831 3
852 853 3
866 867 3
827 828 3
845 846 3
859 861 3
848 906 3
812 814 3
862 863 3
861 918 3
859 918 3
850 909 3
819 877 3
820 877 3
852 909 3
812 871 3
814 871 3
859 917 2
818 877 3
850 908 3
846 905 3
905 906 3
849 908 3
864 923 3
865 923 3
855 914 3
856 914 3
815 873 3
831 889 3
834 893 3
835 893 3
836 895 3
845 903 3
816 873 3
817 875 3
829 887 3
830 889 3
832 889 3
837 895 3
837 896 3
838 896 3
844 903 3
853 911 3
854 911 3
858 915 2
814 872 3
816 874 3
818 875 3
818 876 3
876 877 3
820 878 3
821 880 3
822 880 3
825 884 3
826 884 3
826 885 3
827 885 3
833 892 3
834 892 3
908 909 3
854 912 3
855 912 3
917 918 2
862 920 2
863 920 2
867 926 1
868 926 3
812 870 3
871 872 3
815 872 3
877 878 3
821 878 3
822 881 3
823 881 3
884 885 3
828 885 3
828 887 3
830 887 3
830 888 3
832 890 3
839 897 3
840 898 3
841 899 3
842 900 3
843 901 3
844 902 3
846 903 3
846 904 3
855 913 3
866 923 3
866 924 3
867 924 3
869 927 3
870 871 3
874 875 3
880 881 3
825 883 3
887 888 3
889 890 3
833 891 3
892 893 3
836 893 3
839 896 3
897 898 3
898 899 3
899 900 3
900 901 3
901 902 3
902 903 3
903 904 3
904 905 3
852 911 3
912 913 3
913 914 3
857 914 2
857 915 3
861 919 2
862 919 2
926 927 3
872 873 3
875 876 3
821 879 3
824 881 3
824 883 3
883 884 3
890 891 3
849 906 3
852 910 3
911 912 3
863 923 2
923 924 3
888 889 3
895 896 3
873 874 3
878 879 3
879 880 3
881 882 3
824 882 3
891 892 3
896 897 3
859 915 2
918 919 3
919 920 3
882 883 3
828 886 3
886 887 3
909 910 3
910 911 3
914 915 3
915 916 3
859 916 2
863 922 2
836 952 3
895 952 3
893 952 3
922 923 3
885 886 3
906 908 3
924 983 3
867 983 3
916 917 3
918 976 1
917 976 3
863 979 1
926 983 0
920 979 3
883 941 3
906 964 3
914 973 3
922 979 1
882 941 3
908 964 3
913 973 3
881 939 3
878 936 3
903 961 3
904 961 3
913 972 3
972 973 3
915 973 3
875 933 3
877 936 3
882 940 3
886 945 3
887 945 3
906 963 3
908 1023 3
881 940 3
885 945 3
888 945 3
889 947 3
905 963 3
964 1023 3
908 966 3
909 966 3
917 975 3
919 976 3
876 935 3
877 935 3
885 943 3
943 945 3
944 945 3
890 947 3
895 953 3
902 960 3
916 974 3
920 978 3
874 933 3
879 938 3
939 940 3
896 953 3
898 956 3
899 956 3
900 958 3
903 960 3
910 968 3
911 968 3
915 974 3
870 928 3
871 929 3
872 930 3
873 930 3
873 932 3
874 932 3
876 934 3
935 936 3
879 937 3
880 938 3
943 944 3
888 946 3
888 947 3
890 948 3
891 948 3
891 949 3
892 950 3
893 951 3
899 958 3
901 958 3
901 959 3
904 963 3
912 970 3
917 974 3
919 977 3
919 978 3
978 979 3
922 980 1
926 984 3
927 985 3
928 929 3
929 930 3
873 931 3
932 933 3
933 934 3
934 935 3
878 937 3
940 941 3
884 941 3
884 942 3
945 946 3
949 950 3
950 951 3
951 952 3
896 955 3
897 955 3
899 957 3
960 961 3
963 964 3
909 968 3
912 968 3
976 977 3
979 980 3
922 924 3
926 985 3
930 931 3
931 932 3
937 938 3
880 939 3
942 943 3
946 947 3
952 953 3
898 955 3
956 957 3
957 958 3
902 959 3
913 970 3
974 975 3
977 978 3
983 984 1
936 937 3
938 939 3
948 949 3
955 956 3
958 959 3
966 1023 3
973 974 3
922 981 1
922 983 3
984 985 3
941 942 3
968 970 3
975 976 3
953 955 3
959 960 3
961 963 3
968 969 3
970 972 3
980 981 3
922 1040 1
947 948 3
969 970 3
981 1040 3
983 1040 1
966 968 3
970 1029 3
979 1037 3
980 1037 3
961 1019 3
972 1029 3
972 1031 3
973 1031 3
978 1037 3
1022 1023 3
944 1002 3
945 1002 3
953 1012 3
955 1012 3
955 1013 3
964 1022 3
966 1025 3
969 1028 3
970 1028 3
974 1031 3
975 1034 3
976 1034 3
983 1041 1
936 994 3
937 994 3
947 1005 3
951 1010 3
952 1010 3
956 1013 3
961 1020 3
963 1020 3
963 1021 3
964 1021 3
966 1024 3
968 1025 3
978 1036 3
1040 1041 3
930 988 3
931 988 3
931 989 3
932 990 3
933 990 3
939 997 3
942 1000 3
946 1005 3
953 1010 3
1019 1020 3
1024 1025 3
968 1027 3
969 1027 3
1029 1030 3
972 1030 3
1036 1037 3
984 1042 3
938 997 3
941 1000 3
943 1000 3
956 1014 3
974 1032 3
977 1034 3
977 1036 3
980 1038 3
981 1039 3
983 1042 1
929 988 3
988 989 3
932 989 3
935 994 3
941 999 3
945 1003 3
950 1009 3
951 1009 3
957 1014 3
958 1017 3
959 1017 3
1023 1024 3
968 1026 3
1026 1027 3
1031 1032 3
975 1033 3
977 1035 3
1037 1038 3
1039 1040 3
985 1043 3
928 986 3
929 987 3
933 992 3
934 992 3
935 993 3
937 995 3
938 996 3
943 1001 3
1002 1003 3
948 1006 3
949 1007 3
950 1008 3
953 1011 3
1012 1013 3
958 1016 3
960 1018 3
960 1019 3
1022 1024 3
1027 1028 3
1035 1036 3
984 1043 3
986 987 3
987 988 3
992 993 3
993 994 3
995 996 3
940 997 3
1000 1001 3
1001 1002 3
946 1003 3
1005 1006 3
1006 1007 3
1007 1008 3
1008 1009 3
1009 1010 3
1011 1012 3
957 1016 3
1016 1017 3
1017 1018 3
1028 1029 3
1032 1033 3
1033 1034 3
1034 1035 3
1038 1039 3
1041 1042 3
989 990 3
994 995 3
940 998 3
941 998 3
999 1000 3
946 1004 3
1013 1014 3
1020 1021 3
1042 1043 3
990 991 3
933 991 3
996 997 3
997 998 3
998 999 3
1004 1005 3
1010 1011 3
1025 1026 3
1030 1031 3
991 992 3
1018 1019 3
1021 1022 3
1003 1004 3
