0.0137645 0.00791455 4.71364
0.00887433 0.00121928 4.79302
0.0100604 0.00373907 4.45812
0.0174587 0.00305648 3.78651
0.045101 0.00208087 1.53589
0.091379 -0.0252431 -2.16307
0.0408433 0.00423074 3.86065
0.0216887 0.00692737 6.57485
0.0037558 0.0172621 9.37274
-0.0123768 0.00940229 12.5456
0.00494568 0.00200564 8.71738
-0.0223216 -0.0368412 26.7339
-0.0238817 -0.0294012 27.3365
-0.000295828 -0.0597074 20.7186
-0.0246203 -0.105635 29.1341
-0.00955118 -0.132385 24.8907
-0.0558331 -0.152554 41.4498
-0.127835 -0.144019 67.6707
-0.156396 -0.315087 80.3152
-0.169634 -0.17307 84.3495
0.034396 -0.259292 2.59348
-0.023934 -0.30084 30.204
-0.37166 0.205276 195.796
0.133248 -0.161657 -53.8595
0.04182 -0.238212 -4.65326
-0.012017 -0.0586513 17.682
-0.0035304 -0.0291087 12.1314
0.0311601 -0.112098 4.52598
-0.01195 -0.669928 32.1148
-0.00639529 -0.644746 28.677
-0.0281735 -0.625943 43.1381
-0.0159794 -0.231637 30.4628
-0.010322 -0.201503 25.4838
-0.00657889 -0.142062 22.1547
0.0177567 -0.0388426 3.17888
0.0376531 -0.0734315 -11.481
0.03944 -0.479074 -16.6415
-0.0382999 -0.0572105 44.359
0.00327182 -0.128883 10.1681
-0.0117134 -0.0899466 21.2977
0.000835286 -0.0443541 10.1625
-0.0100325 -0.11118 20.9572
-0.000960116 0.0232684 10.0326
-0.0133673 0.00923302 22.2825
-0.0270487 0.0382113 34.5655
-0.00245132 -0.00320692 12.3344
0.0979923 0.0218273 -88.6101
0.131591 0.0335811 -122.686
0.138266 0.0327911 -129.358
0.122474 0.00161564 -111.416
0.0743231 0.0225536 -60.6283
0.0630639 0.0540014 -49.3451
0.0366277 0.0125538 -18.9342
0.000747574 -0.0241976 22.5615
-0.00153882 -0.0303676 25.109
-0.00883735 -0.0300325 33.8756
0.0229515 -0.0359479 -4.09138
0.0428356 -0.0492527 -28.0768
0.0243703 0.0135717 4.24966
0.00833824 0.0177508 4.33533
0.00401465 0.0231615 4.22715
0.0137949 0.0175011 3.57331
0.0754777 -0.000655844 -1.62032
0.0819977 0.000854654 -2.01679
0.0445417 0.00434992 3.42037
0.0248541 0.00956136 5.99126
0.00329375 0.00973417 9.80233
-0.0147405 0.00584914 13.1804
-0.00698342 0.00979309 11.3083
0.0083911 0.00190694 8.06004
-0.0332108 -0.0278154 29.315
-0.0307285 -0.0158039 28.5518
-0.0288815 -0.0514646 28.7685
-0.0657769 -0.0433128 40.6766
-0.0762608 0.0406664 41.1838
-0.0498828 0.180634 26.6483
0.0205842 -0.0679448 2.06447
0.0144001 -0.0752874 4.50058
0.0954905 0.145196 -42.0338
0.11829 -0.0889256 -48.2437
0.124884 -0.0921207 -51.3683
0.112227 -0.0915996 -45.5666
0.0305581 -0.0851154 -3.81818
0.0084364 -0.0327807 6.35913
-0.00743016 -0.0253645 14.7506
0.000522773 -0.0110104 9.13508
-0.00221438 -0.0131734 10.5149
-0.00757429 -0.00313314 12.8448
0.0547702 -0.0591298 -24.9107
0.0595828 -0.122321 -25.3514
-0.00121825 -0.150635 17.5305
-0.0675631 0.0307867 57.3189
0.000342469 -0.148342 17.1821
-0.0173005 0.0514087 17.3345
0.02385 0.0506504 -14.6709
0.0885884 -0.0120534 -64.1292
0.0511661 -0.0429586 -31.9282
0.0154576 -0.0551214 -2.47856
0.0566262 -0.0228573 -39.0985
-0.00682756 0.03046 16.3009
-0.00487728 0.0404615 13.9289
-0.0266665 0.0282313 34.4657
-0.0179845 0.0270431 26.0436
0.0246855 0.0171618 -15.1693
0.0987371 0.0263186 -89.3158
0.137372 0.0317306 -128.722
0.156486 0.0382064 -148.599
0.141599 0.0357918 -132.567
0.0451315 0.0476031 -29.1209
0.0300978 0.0202896 -11.5961
0.0243803 0.0135364 -5.12929
0.00755095 -0.00723268 14.5258
-0.00753722 -0.0145158 31.8696
0.00866306 -0.0186444 12.7281
0.0144475 -0.0297905 6.11397
-0.00298169 -0.0470315 28.016
0.0288346 0.0251236 3.91209
0.0485333 0.037515 2.24967
0.02433 0.0974819 -0.201541
0.00819149 0.128609 -0.646012
0.0142306 0.101996 -0.318022
0.0803496 0.057512 -5.48464
0.0595245 0.0386658 -0.614641
0.015874 -0.00604687 8.24943
-0.00010619 -0.0285703 12.2164
-0.00347384 -0.0320879 12.7417
-0.00318789 -0.00910216 11.3414
0.00518239 -0.0269397 10.4553
0.155045 -0.369162 -7.20804
0.124566 -0.443205 5.16042
-0.0436253 -0.0319951 33.399
-0.0720029 -0.02444 42.2293
-0.0446749 -0.0338465 33.1543
-0.0408967 -0.0630601 33.4315
0.00479461 -0.0487205 7.50534
0.0343219 -0.0780776 -2.8098
0.0641616 -0.115998 -13.1939
-0.0017324 -0.041369 7.37356
-0.011576 -0.060976 13.4568
0.0468527 -0.0475357 -14.4403
0.071209 -0.0718843 -26.0074
0.0398882 -0.0469653 -9.93774
0.00586427 -0.0379605 7.82804
-0.00886843 -0.0136809 14.9114
-0.0320896 -0.0170742 29.2986
-0.00234561 -0.0128591 9.8931
0.0397057 -0.0162577 -16.4155
0.0596797 -0.0475399 -28.007
-0.0032788 -0.0853526 17.1081
-0.0359404 -0.101337 41.2205
-0.0948034 -0.072298 82.97
-0.0298204 0.0130778 29.0119
0.0270379 -0.0034387 -14.4151
0.0528973 -0.010832 -35.0387
0.045056 -0.0296654 -27.8708
0.0247055 -0.034177 -10.7997
0.0642506 -0.0238113 -45.6612
0.0329849 -0.00515093 -17.8547
-0.0091648 0.0225933 18.2313
-0.0300439 0.00374901 38.4373
-0.00209801 0.0156547 11.0879
0.052302 0.0274338 -42.915
0.127059 0.0588214 -119.621
0.107176 0.0310342 -97.5666
0.14936 0.0168591 -140.237
0.120494 0.0161185 -108.773
0.0351464 0.00918113 -16.7285
0.01362 -0.00803823 7.9961
0.00311692 -0.00963845 19.7139
0.00150268 -0.0172525 21.8502
-0.00833081 -0.00940541 32.6648
0.000220428 -0.0167365 22.8386
0.00345625 -0.0345312 19.7389
-0.00403361 -0.0192902 28.0309
0.0631231 0.0634713 0.547969
0.0674694 0.0850063 -0.686399
0.0405482 0.0666665 2.69366
0.00579056 0.0716862 4.41872
0.0178414 0.0799096 2.58526
0.037355 0.0716986 0.564991
-0.00134614 0.0218935 9.19955
-0.0255764 -0.0162941 15.7526
-0.0438742 -0.0665147 22.5434
0.000980172 -0.100469 16.1798
-0.0010662 -0.0234674 11.8672
-0.00647756 -0.0752962 11.5226
-0.00958228 -0.00302671 6.04689
-0.000287948 -0.0254889 5.46343
0.187862 -0.638773 -1.78677
0.153512 -0.515574 0.730382
-0.0591655 -0.0586944 39.9228
-0.0842397 -0.0247909 46.9037
0.0178696 -0.00168384 -0.558328
0.00717779 -0.0534459 5.86575
-0.0141828 -0.0624612 15.873
0.0253401 -0.017047 -7.19927
0.0622871 -0.018726 -24.7943
0.0272134 -0.0351031 -5.67158
0.0538455 -0.064233 -17.4426
0.0442226 -0.0541819 -12.4378
0.0194468 -0.0604356 1.78073
-0.0176849 -0.0355843 22.2412
-0.0389694 -0.0292298 34.7389
0.00629244 -0.00261173 3.90304
0.0223648 -0.0465703 -3.76509
0.0219936 -0.0508705 -2.66195
0.00492288 -0.061076 9.06704
-0.041135 -0.0656299 42.4458
-0.0441737 -0.0451476 43.3405
-0.0216369 -0.0375032 25.426
0.026169 -0.0225579 -12.3236
0.0337987 -0.0177642 -19.0985
0.0270014 -0.0563771 -10.2425
0.0314345 -0.0616205 -14.6241
0.0538893 -0.0231985 -36.5617
0.0502513 -0.0472902 -30.4972
0.0135476 -0.027321 0.776391
-2.81814e-05 -0.0167905 11.8686
-0.00339271 -0.0131067 14.4132
0.0316859 -0.0051876 -21.2447
0.0987199 0.000353243 -86.4716
0.101463 -0.0314268 -86.9853
0.124983 -0.0346357 -111.086
0.0778483 -0.0321727 -60.3394
0.0273371 -0.0112821 -7.056
0.0235803 -0.0216129 -2.45845
0.00607856 -0.0133702 16.2248
0.00378883 -0.0124539 18.6871
-0.00411576 -0.0210295 28.6041
-0.0154446 -0.0140826 41.5562
-0.0253927 -0.0111955 53.4685
-0.0131508 -0.0188547 39.2747
0.0723458 0.0649025 1.13462
0.0648984 0.0515872 2.53139
0.0371584 1.13887e-05 8.27884
0.0286955 -0.0152133 9.93957
0.00289375 0.0164632 9.31985
-0.00666881 0.019407 10.084
-0.0233227 -0.00358311 14.4779
-0.0750599 -0.0403071 25.6607
-0.0708716 -0.0924239 30.0676
-0.0260638 -0.131996 24.9083
-0.0555861 -0.0735827 24.5682
-0.0251461 0.0049877 9.30752
-0.0119145 -0.000557662 6.47046
-0.00283693 -0.0278159 6.59864
0.00832094 -0.0203206 2.50576
0.0267079 0.0076271 -6.29099
0.0171094 0.00993831 -2.91086
0.0209746 -0.0106654 -2.47915
0.0045886 -0.00964151 4.12507
-0.00377585 -0.0228509 8.56489
0.0177805 -0.00807804 -1.58887
0.00202995 -0.0467791 7.17749
0.0308578 -0.0312845 -7.56446
0.0117431 0.129662 -12.6373
0.0265492 -0.0395129 -4.95704
0.0168632 -0.0689774 2.77095
0.000989233 -0.0728499 12.8867
0.00133114 -0.0989285 15.0904
-0.01702 -0.057085 23.1348
-0.0220664 -0.0596448 26.4948
0.0200424 -0.0791953 1.50153
0.00937206 -0.0194958 2.98017
-0.00547414 -0.0609034 16.2208
-0.0253698 -0.0381373 28.7766
-0.0295889 -0.0632016 34.8364
0.00238264 -0.0365618 6.36991
0.0184406 -0.0330175 -5.92426
0.0267421 -0.0250853 -12.4471
0.00717965 -0.0712534 7.43122
0.0136401 -0.0662233 1.07146
0.0632135 -0.0565898 -41.9155
0.0367586 -0.0526628 -18.7684
0.0374681 -0.0393106 -21.254
0.00782394 -0.0322171 5.91039
-0.018159 -0.0397422 30.6647
0.0273 -0.0590416 -11.8329
0.101989 -0.0603134 -85.5195
0.098385 -0.0710692 -80.6624
0.0376256 -0.118243 -12.7958
0.0406427 -0.330861 4.30743
0.0613121 0.141491 -55.7541
0.0388863 -0.018735 -19.6219
0.00465598 0.00471652 16.4485
-0.00667774 -0.000209996 29.7723
-0.0109319 -0.0103923 35.7082
-0.011863 -0.0117063 36.8986
-0.0174869 -0.017647 44.2459
0.0150247 -0.0107166 4.06573
-0.00697515 0.0601255 2.00574
0.0118703 0.0180573 7.04458
0.0018913 -0.0271625 12.539
0.00993471 -0.0266693 10.9489
0.00401385 -0.0499022 15.5708
0.00202578 -0.0260914 13.5722
0.0011615 -0.0201113 13.1601
-0.0122228 -0.00639102 13.03
-0.0360048 -0.0665586 19.7577
-0.0374879 -0.0482134 17.6904
-0.025044 -0.00786967 10.5991
-0.0193569 0.00699614 7.60977
-0.0168632 0.0194261 5.48161
-0.00817368 0.00382513 4.89458
0.0166021 -0.000518658 -2.14528
0.0494609 0.0318278 -16.5505
0.0172176 0.0250632 -4.45523
0.0189103 0.0127508 -3.86718
0.00974331 -0.0031017 1.96367
-0.0337706 -0.00532857 19.3398
-0.0261891 -0.0369036 19.6136
0.00111746 -0.024995 4.83465
0.0307013 -0.0419241 -7.11803
0.0267204 -0.0359724 -5.64294
0.016103 -0.0561079 1.91671
0.0154264 -0.04775 0.469291
0.0173025 -0.0818705 4.06406
-0.00811269 -0.0808013 18.6563
-0.00647125 -0.141339 25.3613
-0.0082092 -0.0951992 21.2297
0.00842762 -0.116207 13.4981
-0.0255491 -0.0159996 26.2882
-0.0274227 -0.0348251 29.582
-0.0266198 -0.0895291 34.6046
-0.0137776 -0.0495596 20.0684
0.572223 -0.0992063 -428.171
0.00707503 -0.0572943 5.86664
0.0999284 0.0019573 -73.9851
-0.115913 -0.0971107 115.292
0.00756555 -0.0557867 4.49826
0.0270012 -0.0750621 -8.81032
0.0413617 -0.0778393 -19.5756
0.0560388 -0.0698678 -34.0952
-0.0204941 -0.0368099 33.1598
0.00163727 -0.0130068 9.38156
-0.00664561 -0.0953792 25.5186
0.0345696 -0.123121 -11.6132
0.119477 -0.107323 -98.4904
0.151829 -0.121112 -136.928
0.114001 -0.0183221 -108.282
0.0720313 -0.0728288 -56.7112
0.069596 -0.10522 -50.5018
0.00716248 0.000327783 14.4511
-0.0183284 0.00648846 42.5909
-0.00964776 -0.0063242 33.8737
-0.0208226 -0.0122129 47.8573
-0.0282998 -0.050446 61.339
-0.0133606 -0.0823078 46.9419
-0.00154122 0.0294714 5.4961
0.00235748 0.0248938 6.29532
-0.029956 -0.00169088 11.3724
-0.0537009 0.0073168 11.6205
0.00236248 -0.0593007 15.8122
0.0210555 -0.0714934 17.1517
-0.0618597 -0.0484618 24.8915
-0.110154 -0.0384122 31.1591
-0.053367 0.00820724 13.9258
-0.0137406 0.0190567 4.68522
-0.00181937 0.0297066 0.514452
-0.0115951 0.051799 -0.098315
-0.0130955 0.0508823 -0.0540984
-0.0239113 0.0587472 1.8376
0.00811124 0.0499928 -6.59276
0.0345059 0.0475406 -13.4951
0.00591023 0.018749 0.40499
0.00505265 0.01043 1.7348
-0.00494695 -0.00331876 7.98973
-0.0390142 -0.00503696 21.5315
-0.042914 -0.0021325 22.7599
-0.0215798 0.000975758 12.2122
0.0233033 -0.0276551 -5.15748
0.0127088 -0.0530125 3.81879
0.000592534 -0.0280124 6.24399
-0.0109064 -0.0333264 13.2981
-0.00450176 -0.0657624 14.2032
-0.0109738 -0.0663066 18.3001
-0.0517502 -0.201774 63.0675
-0.0130103 -0.0708842 20.0976
0.00104141 -0.0585997 9.81427
0.00766373 -0.0623533 5.93721
0.0122593 -0.0388478 -0.680599
0.0114771 -0.0451973 0.999758
-0.00732689 -0.0492368 15.7553
1.42393e-05 -0.0592756 11.2477
-0.126539 -0.0931657 117.389
0.00457616 -0.0559293 7.26445
0.00950255 -0.0603601 3.93254
0.0023966 -0.0448505 7.04244
0.0292185 -0.0917744 -8.79782
0.033707 -0.103574 -10.5278
0.0422567 -0.0736216 -22.795
0.0174937 -0.0151436 -4.55056
-0.0120271 -0.119104 34.4084
-0.00322017 -0.0752385 17.7595
-0.00224201 -0.115233 23.8108
-0.000887868 -0.118111 22.3166
-0.009274 -0.0871963 26.4483
-0.0192759 -0.0769175 35.1998
-0.00292134 -0.093864 20.5449
0.0678431 -0.232837 -37.0684
-0.00186861 0.00579622 23.9441
0.0515785 -0.0717335 -29.423
0.014565 -0.0511796 11.3144
-0.011304 -0.00928349 36.3081
-0.0623651 -0.0428115 102.078
-0.0706522 -0.0396265 110.8
-0.00644578 0.0295461 5.36691
-0.00673827 0.0258495 6.20303
-0.030686 0.0221808 8.14187
-0.0397349 0.0431285 5.05052
-0.0189871 0.0164963 6.23354
0.027853 0.0116649 3.58034
-0.0604672 0.00617413 16.9467
-0.0615014 0.0442333 10.845
-0.065064 0.074167 5.88962
-0.0166079 0.0800047 -3.57695
-0.0105251 0.0727918 -4.04111
0.00516335 0.0847331 -9.41286
-0.0185606 0.0869793 -4.1421
-0.00919862 0.0752821 -4.51984
0.0169347 0.0627142 -10.1207
0.0307927 0.0294609 -8.5221
-0.0124535 0.0316409 5.00035
-0.00865623 0.00549212 7.69971
0.000486941 -0.00487785 6.03389
-0.0348993 0.00238963 18.5785
-0.0400408 0.00347107 20.6711
-0.0310028 0.00996169 15.2332
-0.0121303 -0.00285671 8.39056
-0.00129059 0.0011283 2.62665
0.047969 0.0352799 -27.9331
-0.0811989 -0.028875 50.7188
0.00056939 -0.0646457 11.0704
-0.00733411 -0.0354681 11.3639
-0.0124653 -0.0583711 18.0694
-0.00503792 -0.0281607 8.90573
0.00350043 -0.0649171 9.02261
0.0116264 -0.0426745 0.341918
0.00492894 -0.00963418 -0.131798
0.0166564 -0.0364747 -4.17663
-0.0456069 -0.0423786 43.415
-0.00740824 -0.0356268 13.3023
0.000606905 -0.044212 8.54888
0.172015 -1.72015 122.218
-0.011021 -0.163908 37.7477
0.0134573 -0.262065 30.2703
-0.00393569 -0.00280793 5.41388
0.00103556 -0.0385591 7.1782
-0.00716059 0.000200251 7.77555
0.0155178 4.24777e-05 -4.8297
-0.0111002 -0.113716 32.5734
0.140517 -0.412118 -73.4138
0.017913 -0.0799257 -2.39368
-0.00697825 -0.0867851 24.1107
-0.00912767 -0.0669798 23.1297
-0.0170478 -0.041614 26.7799
-0.0119889 -0.0406306 21.014
-0.0172831 -0.00288332 20.6956
-0.0145041 -0.0336842 22.7722
0 -0.046875 14.3555
-0.0603965 -0.234701 112.592
0.00368453 -0.00937678 -2.47574
0.20924 -0.108297 -227.19
-0.0154794 -0.0290734 22.8909
0.00474288 0.0476926 2.21231
-0.00692069 0.0434916 3.28788
-0.0281282 0.0422196 4.4249
-0.0301196 0.0596998 1.35914
-0.0170719 0.0704644 -1.88393
0.00187381 0.0608375 -1.97516
-0.0130974 0.0363045 4.83558
-0.0194511 0.0533625 2.50975
-0.0126459 0.0811168 -4.06989
0.0030925 0.089086 -8.45991
-0.012339 0.0900268 -5.33293
-0.00472477 0.100028 -9.25742
-0.0252828 0.0742905 0.292252
-0.0266828 0.0570827 3.82199
0.00167881 0.0146507 3.06971
-0.00516852 -0.00688383 9.28309
-0.0259276 -0.0014718 15.319
-0.00544209 -0.00426076 7.91417
-0.00576877 0.0142966 5.28568
-0.0791212 0.086619 22.4043
-0.0379926 0.0369316 13.9145
-0.0216411 0.0179399 9.66826
-0.00284303 0.0585895 7.78034
-0.00791661 0.00863317 4.75222
0.030343 0.0399247 -20.1563
0.0428299 0.0115403 -19.1859
0.00113764 0.00810605 4.53606
0.0055367 0.0108799 6.21798
0.00247349 0.00359333 9.52152
0.0020909 0.329824 -59.6966
-0.00600751 0.318738 -52.1654
-0.0160405 0.324308 -46.3344
-0.0339296 0.308945 -30.6281
-0.0142012 0.0576701 1.95341
-0.00907216 0.347932 -56.2665
-0.0324355 0.166684 -3.96593
-0.0130943 0.195949 -24.5085
-0.0119813 0.0672155 -1.33104
-0.00045532 -0.0191159 5.14849
0.0140112 -0.0301972 -5.0466
0.00491612 -0.0359489 3.61988
0.0156085 -0.0111693 -10.5482
0.0150768 -0.0774624 1.97126
0.0395814 0.00563106 -28.1053
0.00381239 -0.0646986 9.14393
0.00592626 -0.0659922 7.34928
0.00132222 -0.0567813 10.2561
-0.00281947 -0.0500646 13.2851
-0.0123528 -0.0565204 24.4254
-0.0015759 -0.0325544 8.90842
-0.0141677 -0.00880258 17.7979
-0.013972 -0.0460315 24.2953
-0.0135408 -0.0258115 20.3229
0.00361005 0.0295257 -10.2813
-0.0155923 -0.0320443 23.7327
-0.00489714 0.0293389 -0.281153
-0.0195434 -0.0330052 28.4131
-0.0107192 0.00609583 11.0308
0.0100637 0.0714982 -2.68585
-0.0072286 0.0955826 -7.53205
-0.0223348 0.0623147 0.0877457
-0.0264908 0.0633521 0.134022
-0.0164815 0.0545489 1.29147
-0.0116492 0.119514 -12.4949
-0.0033402 0.101733 -9.71518
-0.00671041 0.100704 -9.1959
-0.00410804 0.161254 -22.3649
0.0119849 0.123346 -17.5397
-0.0214168 0.0704826 0.218983
-0.0274161 0.0695743 1.80669
-0.0176067 0.0763508 -2.55268
-0.00305277 0.276984 -47.3337
-0.00745094 0.261105 -42.6364
0.0031238 0.257762 -45.1088
-0.0037111 0.282261 -47.9695
-0.00550545 0.263436 -43.4098
0.00199299 0.255828 -44.6468
0.00841824 0.334438 -63.4997
0.219105 0.330139 -153.848
-0.000354273 0.0332562 11.8949
-0.0190043 0.0338681 20.8887
-0.0227854 0.0292049 23.541
-0.0132487 0.339729 -54.0899
0.0254775 0.333863 -73.8052
0.029984 0.293684 -67.8836
0.0139152 0.0474707 -6.23403
-0.0561584 0.098559 25.5587
-0.0202305 0.298584 -39.1171
0.00291232 0.321602 -58.6961
0.00652579 0.319184 -59.7504
-0.0214824 0.352196 -48.2327
-0.00435078 0.345515 -59.1897
-0.0319149 0.368659 -43.3241
-0.00645961 0.39317 -67.9229
-0.0156961 0.404485 -62.5427
-0.0230064 0.408556 -57.5372
-0.0256013 0.412831 -56.3148
-0.0448481 0.393038 -35.3494
-0.0328666 0.375328 -41.6642
-0.0335564 0.421808 -51.0314
-0.0180063 0.389917 -58.3728
0.0906199 -0.0179045 -71.3974
-0.0364859 0.332332 -28.4843
-0.0193128 0.359892 -50.6126
0.00424872 0.282643 -58.0334
-0.00317498 0.343496 -63.66
-0.0107769 0.312541 -49.4281
-0.0126425 0.250365 -34.6552
-0.0142363 0.344201 -52.6248
-0.0171751 0.28887 -38.0037
-0.0140581 0.345316 -53.4629
-0.0283483 0.330198 -33.599
-0.0152363 0.278787 -37.9048
-0.0129155 0.271567 -38.7552
-0.0135133 0.211326 -25.734
-0.0378704 0.244124 -2.94767
0.0360373 0.186869 -28.2849
0.0100804 0.220206 -35.7358
-0.0120957 0.167883 -23.3121
-2.00574e-05 0.28686 -50.5401
0.0154112 0.250916 -44.0598
0.00952071 0.223153 -36.9521
-0.00747859 0.212425 -32.2461
-0.00347503 0.224307 -35.6489
0.00283044 0.248236 -42.076
-0.0047655 0.23538 -37.8091
-0.00774748 0.254819 -41.5499
-0.00523522 0.274753 -46.6344
0.00418763 0.285263 -51.4485
0.00648445 0.324367 -60.9495
0.0142896 0.343574 -67.6216
0.0102273 0.329163 -63.3914
0.00573069 0.333038 -62.4037
0.00777531 0.361288 -69.1385
0.0167903 0.340152 -67.5564
0.00777201 0.308744 -56.8036
0.0577985 0.242099 -63.2125
0.0649816 0.050792 -22.7366
-0.0108205 0.0257125 18.4409
-0.062867 0.0381363 41.4348
-0.0318791 0.281069 -30.5865
0.00152093 0.320306 -57.3934
-0.0134381 0.319935 -48.8301
-0.00681084 0.312165 -50.9948
-0.000446533 0.310345 -54.3187
0.00591837 0.31031 -58.3468
0.0255773 0.306864 -70.0567
0.00857194 0.296604 -56.1186
-0.0158317 0.335485 -48.4917
-0.00892218 0.347379 -56.173
-0.0182618 0.349057 -49.8184
-0.0105694 0.363051 -58.388
-0.0213945 0.344651 -45.472
-0.0260375 0.35726 -44.2786
0.00319555 0.354463 -67.2761
-0.00450596 0.356914 -61.4547
-0.0256885 0.355096 -43.3859
-0.014378 0.374733 -57.7451
-0.015337 0.384516 -59.0858
-0.0137466 0.369739 -57.3314
-0.0190838 0.377967 -53.8871
-0.0196174 0.389099 -55.9514
-0.00984198 0.384651 -65.1637
-0.0136765 0.397971 -64.2281
-0.00328407 0.407252 -77.8398
0.00137632 0.326687 -66.0242
-0.0152522 0.441282 -72.7447
-0.0202896 0.409997 -61.254
-0.0221485 0.421398 -61.1142
-0.0386203 0.338345 -23.9152
-0.0395665 0.346841 -24.0539
-0.0432385 0.324605 -14.9537
-0.0331747 0.274958 -15.2564
-0.0456765 0.273382 0.317223
0.0385458 0.243868 -41.4212
0.0229554 0.24181 -40.3488
0.00463689 0.259915 -44.3422
-0.00390426 0.26615 -45.0683
-0.005766 0.260306 -43.5511
-0.00986821 0.253956 -41.3819
-0.00637736 0.254629 -42.1299
0.0021333 0.268893 -46.9487
0.0102965 0.29513 -54.954
0.021804 0.308707 -60.7032
0.0155929 0.322386 -63.1714
0.0200478 0.380103 -77.394
0.0277529 0.403711 -84.8889
-0.00040904 0.367759 -67.7308
0.00215594 0.35393 -64.7267
0.00677841 0.342555 -64.0796
-0.0105649 0.328788 -54.6405
-0.0067789 0.300645 -48.9043
-0.00205866 0.30353 -51.7088
0.00749537 0.304087 -55.7914
0.017383 0.30259 -59.8363
-0.00110225 0.311514 -53.8801
0.00150392 0.316032 -56.4787
0.0016723 0.31194 -55.6192
0.000563019 0.317975 -56.6139
0.00238941 0.318984 -57.7636
0.00179525 0.315586 -56.5477
-0.00568957 0.328385 -55.5255
-0.00346067 0.3136 -53.0423
-0.00132938 0.317088 -55.2488
0.0189874 0.304495 -65.3267
0.0244272 0.29833 -67.403
0.00960988 0.31298 -60.5496
-0.00708195 0.339568 -55.343
-0.00568004 0.345661 -57.6082
-0.020402 0.364 -51.544
-0.01554 0.359082 -54.1164
-0.00633238 0.341717 -57.4029
0.0131099 0.346291 -73.8507
-0.0283507 0.320424 -31.6288
-0.00795736 0.314088 -48.2782
-0.00733784 0.33717 -55.1457
0.00832092 0.332602 -67.9693
-0.00447325 0.350442 -60.974
-0.0151634 0.355522 -51.9228
-0.00962639 0.348764 -55.5174
-0.012167 0.404088 -67.3706
-0.0186881 0.416424 -63.7932
-0.0125824 0.415676 -69.9601
-0.00340967 0.426457 -82.6277
-0.00531507 0.402706 -74.4357
-0.0248101 0.421372 -58.1047
-0.0420589 0.422589 -39.1855
-0.0238287 0.395772 -53.0785
-0.0346766 0.446662 -53.0888
-0.0308433 0.335121 -31.5004
-0.0445777 0.308461 -8.26953
-0.0315949 0.343321 -32.301
0.0381235 0.262011 -45.9418
0.0331844 0.257713 -44.5726
0.00824689 0.267131 -46.149
-0.00525775 0.267631 -45.5402
-0.00444874 0.241232 -38.7053
-0.0082091 0.245395 -39.3481
-0.00429787 0.246843 -40.3422
0.0070774 0.272784 -48.8222
0.0064199 0.665828 -151.349
0.0714477 0.525747 -126.326
0.0158234 0.39696 -80.0164
-0.0146302 0.290707 -43.1985
-0.0136186 0.306907 -47.7859
-0.0172403 0.261196 -34.5144
-0.0137465 0.290784 -43.9419
-0.0106162 0.300915 -47.8192
-0.00647919 0.30673 -50.7947
-0.000953205 0.316564 -55.5071
-0.00554464 0.319511 -54.3507
-0.00244063 0.319314 -55.555
0.0024162 0.313866 -56.1653
-0.00243216 0.319577 -55.4087
0.00380175 0.32078 -58.7561
0.000138112 0.324192 -57.9139
0.011452 0.33847 -67.7221
0.00773294 0.323025 -61.5046
0.00119402 0.324716 -58.4827
-0.00481954 0.32102 -53.9984
0.000264766 0.32966 -59.3069
-0.0140381 0.33017 -50.3578
0.00748493 0.322282 -62.3088
0.0156973 0.31088 -64.6667
0.0246779 0.303236 -68.8045
0.0305722 0.300097 -72.0843
0.000452169 0.341674 -61.316
-0.00290796 0.346877 -60.3124
-0.0191062 0.366553 -52.9696
-0.0250823 0.376742 -50.6621
0.0118826 0.326749 -68.5003
0.000538355 0.317038 -56.1897
-0.0158024 0.296708 -36.5871
-0.00862987 0.33767 -54.3577
-0.0160544 0.323997 -43.5699
-0.000418549 0.326385 -58.422
-0.00195898 0.365784 -67.9922
0.00538196 0.354017 -71.4999
0.00554302 0.350303 -70.9748
-0.00878496 0.355091 -57.1833
-0.0306178 0.325257 -26.7469
0.00348563 0.339281 -66.6137
-0.0101654 0.40084 -68.37
-0.013087 0.364496 -55.114
-0.0435979 0.388256 -27.8688
-0.00946306 0.367041 -61.5737
0.013795 0.368995 -89.0162
-0.00803021 0.335377 -54.5939
0.00978695 0.274488 -59.764
0.0437768 0.238303 -91.3633
0.0291547 0.26373 -46.2567
0.0212006 0.25008 -42.0421
0.0332005 0.336427 -67.5654
0.0951 0.498143 -117.268
0.0736888 0.437832 -97.3445
0.0332581 0.370141 -73.061
0.0089469 0.372367 -70.7383
-0.0124833 0.342419 -58.5006
-0.0191673 0.248372 -29.8279
-0.0289421 0.288191 -39.4959
-0.0234941 0.281874 -39.3152
-0.00534322 0.288356 -45.5246
-0.00725992 0.28797 -44.9334
-0.0110856 0.289648 -44.4314
-0.00136012 0.316923 -55.3421
-0.00267279 0.317408 -55.0671
-0.00303554 0.323902 -56.6957
0.00144498 0.330198 -60.214
0.00127086 0.323302 -58.0774
0.0018324 0.330305 -60.4056
-0.000351883 0.320982 -56.8153
-0.00163111 0.329388 -58.5622
0.00227363 0.326021 -59.5522
0.00998914 0.325066 -63.0176
0.000540739 0.324428 -58.0497
0.00365156 0.321969 -58.9809
0.000102937 0.32836 -58.9217
-0.00156048 0.32378 -56.5532
0.000694481 0.330303 -59.7811
-0.00318393 0.324937 -55.7973
0.00273793 0.319074 -57.946
0.00985458 0.324563 -64.479
0.0123953 0.31224 -62.789
0.0132875 0.306174 -61.7394
0.0362556 0.292858 -74.4366
0.0305038 0.30916 -74.3957
-0.00475136 0.349423 -59.301
-0.00663728 0.367599 -62.7717
-0.0248241 0.380562 -52.395
-0.00831152 0.381706 -66.7457
-0.0191764 0.382585 -57.3847
-0.00593909 0.358017 -62.3377
-0.00530186 0.347902 -59.5141
-0.0147185 0.345452 -50.5621
0.00244847 0.347551 -67.315
0.0019813 0.338908 -64.7593
0.00937641 0.314121 -65.1755
-0.00505877 0.308334 -48.4755
-0.0151118 0.318447 -40.9844
0.00854771 0.328565 -68.6484
0.000961773 0.329698 -60.6353
-0.0162557 0.309791 -36.3489
-0.0199246 0.322984 -36.0703
-0.0443732 0.338116 -12.9172
-0.0250435 0.330897 -33.3614
-0.0411906 0.312808 -8.38535
-0.0202198 0.290727 -27.6487
0.00982557 0.243929 -51.0468
0 0 -1
0.034417 0.470435 -103.623
0.0322988 0.460567 -100.374
0.0269693 0.411042 -84.5701
0.0179346 0.31305 -53.8758
-0.017487 0.272534 -37.4844
-0.0182209 0.269426 -36.6084
-0.0217165 0.265472 -35.0684
-0.0172192 0.269929 -37.1615
-0.0174107 0.282666 -41.1184
-0.00801694 0.29885 -48.1202
0.00446303 0.311578 -55.1515
-0.000400315 0.303402 -51.3311
-0.00992289 0.309256 -50.3831
0.000256241 0.320168 -56.7888
-0.00183619 0.316361 -54.7961
0.00678013 0.324602 -60.2316
-0.000683534 0.322661 -57.1221
0.000584119 0.319068 -56.5562
0.000380315 0.323108 -57.6615
-0.00160194 0.327474 -58.1085
-0.00511344 0.323049 -55.0718
0.00138088 0.325123 -58.8082
-0.000226961 0.326504 -58.3791
0.0113729 0.326719 -64.5324
-0.000305648 0.324381 -57.5505
0.00079152 0.320502 -56.9911
0.00135498 0.323093 -58.0852
0.00358615 0.320655 -58.6175
-0.00695491 0.31695 -50.9367
2.61145e-06 0.3198 -56.4133
0.00282157 0.324931 -59.7708
0.00118927 0.324559 -58.6348
0.00893181 0.320997 -62.9897
0.0251091 0.305811 -70.0853
0.0304485 0.287835 -68.3915
0.0246846 0.291935 -65.0419
0.0188973 0.325964 -71.1514
0.0174097 0.339604 -74.0356
0.00683488 0.371321 -75.5078
0.00367999 0.401185 -82.4475
0.00412237 0.437376 -94.3747
-0.0169364 0.372524 -56.8918
0.0222887 0.380107 -96.2806
0.0152298 0.399156 -96.2277
-0.0275514 0.370414 -45.472
-0.00772516 0.374056 -66.1111
-0.00263127 0.331969 -58.2645
0.00257666 0.286429 -49.4371
-0.0194422 0.285349 -25.4797
-0.0166361 0.286801 -29.1721
-0.00462142 0.292089 -44.464
-0.00673354 0.290226 -41.8036
-0.0169465 0.317686 -38.3739
-0.00462611 0.337825 -58.7945
0.0114636 0.326703 -74.2013
0.0725934 0.139071 -122.087
0 -0.08977 76.9971
0.601987 2.1378 -688.693
0 0 -1
-0.0127517 0.203427 -14.8961
-0.0206111 0.215621 -18.5145
-0.0201315 0.254343 -31.6912
-0.0131723 0.262019 -35.4473
-0.00580025 0.28694 -44.6134
-0.00630263 0.295052 -47.3335
0.00313684 0.303421 -51.8297
-0.000470189 0.311902 -53.936
0.00492675 0.325534 -59.7238
0.00261447 0.323176 -58.3367
0.000319324 0.319361 -56.5422
0.00327383 0.316474 -56.4491
-0.00223631 0.319001 -55.6064
0.00321617 0.320021 -57.6593
0.00150612 0.31622 -55.76
-0.00631782 0.320711 -54.4746
0.00316886 0.325461 -59.6735
0.00377444 0.320786 -58.2641
0.000777059 0.318 -56.1272
-0.000785011 0.319041 -55.7606
0.00628834 0.324366 -60.9626
0.00380294 0.32144 -58.794
0.00632496 0.317734 -58.9247
0.00258579 0.320421 -57.8336
0.00103371 0.322296 -57.5596
-0.00279915 0.324065 -56.001
0.0017191 0.323134 -58.4234
-0.00451825 0.321448 -53.8956
-0.00617096 0.318021 -51.5612
0.00268678 0.32214 -58.8478
0.0024401 0.330075 -61.2838
0.00619048 0.321622 -61.1735
0.0169517 0.30779 -64.6825
0.00949985 0.303518 -57.6078
0.030324 0.296139 -71.5928
0.0307989 0.301195 -73.0407
0.0466978 0.315878 -90.8436
0.0136699 0.331154 -67.8826
0.0368084 0.352106 -94.8841
0.0393 0.370565 -103.631
0.0601241 0.323268 -106.562
-0.0293882 0.331158 -26.6226
-0.0425735 0.464974 -60.5971
-0.0187652 0.383113 -58.2753
-0.0554156 0.392103 -23.6296
-0.00431272 0.360324 -64.5994
0.133207 0.0410719 -97.5962
0.0424347 0.100031 -21.7692
-0.085721 -0.0245512 156.69
-0.00445606 0.287691 -42.8802
0.000686217 0.288483 -48.9368
0.00102623 0.296338 -51.764
0.00120308 0.299224 -53.4297
0.0337996 0.255074 -77.5733
0.0412123 0.304979 -102.839
0.0573281 0.148505 -106.408
-0.00378973 0.255133 -33.2244
-0.0114415 2.16765 -724.653
-0.00377189 0.241286 -28.5085
-0.0102389 0.244501 -28.9938
-0.00885305 0.254315 -32.6322
-0.00663083 0.287564 -44.6371
-0.00307483 0.29351 -46.9974
-0.00113927 0.312552 -54.0725
0.00118791 0.318445 -56.5143
0.00248998 0.321639 -57.7763
-0.00186897 0.305049 -50.9801
0.00656034 0.31631 -56.9753
0.00441696 0.317701 -56.93
0.00406995 0.319007 -57.45
-0.00127881 0.318943 -55.8166
0.00234008 0.316862 -56.2745
0.00226405 0.313508 -55.051
0.00088808 0.325016 -58.6136
-0.000261286 0.321389 -56.7859
0.000459052 0.320514 -56.7033
-0.00225824 0.317784 -54.6604
0.00206284 0.314123 -55.3691
0.00216412 0.32379 -58.8063
0.00506392 0.32037 -59.0876
0.00154202 0.312505 -54.4911
0.00524173 0.327778 -61.7726
0.00029147 0.314561 -54.3783
0.00595847 0.326706 -61.9323
-0.000793067 0.326751 -57.9212
-0.00209835 0.31366 -52.5516
0.000990746 0.322087 -57.5811
0.00597111 0.317848 -59.3311
0.00187645 0.321838 -58.0237
-0.00190225 0.309464 -50.9595
0.0015087 0.317843 -56.4994
0.00958885 0.305979 -58.5039
0.0211882 0.312072 -69.6866
0.0536995 0.294529 -89.3656
0.0668196 0.306637 -104.043
0.0451272 0.302885 -84.657
0.0395505 0.341869 -93.5794
0.0501632 0.384427 -118.211
0.0180618 0.372443 -85.2693
-0.0127266 0.372563 -56.8044
-0.0337321 0.386144 -42.2052
-0.0419885 0.420833 -46.6916
-0.0857759 0.460735 -17.0221
-0.0619518 0.395859 -18.7113
-0.0607771 0.0453119 116.036
-0.0537696 0.0100817 121.181
-0.10763 0.0127008 178.524
-0.198145 -0.020328 290.013
0.00817028 0.308027 -64.2653
-0.0176845 0.309885 -35.1074
0.0183324 -0.0659308 16.6476
0.0179908 -0.0499759 11.4366
0.105111 -0.0825327 1.51136
0.104051 -0.0939041 6.7904
-0.00374822 0.25513 -33.2258
-0.00356447 0.259114 -34.7091
-0.00280357 0.262721 -36.0827
-0.00136665 0.238986 -27.6623
-0.00303275 0.261562 -35.6707
0.000709936 0.286782 -45.1076
-0.00139645 0.276788 -41.2182
0.0107127 0.294027 -49.3256
0.00429323 0.298539 -49.8254
0.000195089 0.284822 -44.1197
-0.00351123 0.276261 -40.306
0.00391444 0.29466 -48.5902
0.00129626 0.300358 -49.9348
-0.00386064 0.30983 -51.8714
0.000137935 0.286291 -44.6191
0.0106272 0.28681 -48.292
0.0130899 0.303932 -55.411
0.00754921 0.311665 -56.3137
-0.00405187 0.315268 -53.0907
-0.00677352 0.297459 -45.4174
-0.00384613 0.295993 -46.146
0.000675283 0.306577 -51.9686
0.00473175 0.30799 -54.4024
0.00468304 0.314687 -56.8075
0.00509184 0.312709 -56.3323
-0.000958705 0.300357 -48.6063
0.0072629 0.30087 -53.4541
0.00253623 0.306679 -52.7267
-0.00752626 0.297017 -43.1659
-0.00407849 0.302183 -47.1538
0.00327987 0.302265 -51.9686
-0.000532225 0.297862 -47.7551
0.000488235 0.298963 -48.8892
-0.00218532 0.291179 -44.1895
0.00807941 0.286105 -49.9495
0.010417 0.303089 -58.0085
0.0240786 0.294259 -65.3361
0.0320012 0.281366 -67.1084
0.0516471 0.261603 -75.7421
0.054099 0.264633 -78.6737
0.0609421 0.289805 -93.7514
0.0545248 0.34115 -106.578
0.0300383 0.386939 -101.129
0.01519 0.395018 -90.4036
-0.0231603 0.423092 -64.8071
-0.0311808 0.473464 -75.4121
-0.0446665 0.499381 -71.4963
-0.0918909 0.0845108 134.172
-0.0760523 0.0516391 129.805
-0.0639047 0.0306376 124.73
-0.111903 0.0317103 176.572
-0.140172 0.0335024 206.567
-0.0720341 0.332437 19.0873
-0.0525051 0.32437 0.00436902
0.0178187 -0.0668977 17.5913
0.0184421 -0.0643468 15.8992
0.100622 -0.0847447 7.76973
0.0991398 -0.0873989 10.5472
