0 1 3
1 2 3
2 3 3
3 62 3
5 62 3
5 6 3
6 8 3
8 9 3
9 10 3
10 12 3
12 13 3
13 14 3
14 16 3
16 17 3
17 18 3
18 19 3
19 20 3
20 21 3
21 22 3
22 23 3
23 24 3
24 25 3
25 27 3
27 28 3
28 29 3
29 30 3
30 32 3
32 33 3
33 34 3
34 35 3
35 94 0
37 94 2
37 38 2
38 39 3
39 40 3
40 41 3
41 42 3
42 43 3
43 44 3
44 45 3
45 46 3
46 47 3
47 48 3
48 49 3
49 51 3
51 52 2
52 111 3
54 111 3
54 55 3
55 56 3
32 90 3
14 73 3
16 73 3
30 90 3
27 85 3
48 106 3
28 85 3
41 99 3
13 71 3
49 106 3
12 71 3
42 100 3
89 90 3
41 100 3
43 100 3
45 103 3
8 67 3
44 103 3
46 103 3
55 113 3
3 61 2
9 67 3
25 84 3
93 94 0
6 65 3
10 69 3
27 84 3
30 89 3
35 93 2
2 61 0
8 65 3
12 69 3
47 105 3
49 108 3
51 108 3
52 109 3
54 113 3
38 96 3
39 97 3
46 105 3
48 105 3
49 107 3
51 109 3
24 83 3
25 83 3
29 87 3
32 91 3
33 91 3
37 96 2
40 97 3
40 99 3
99 100 3
43 102 3
44 102 3
107 108 3
0 58 0
5 63 3
14 72 3
17 75 3
18 75 3
18 134 3
18 77 3
19 77 3
20 78 3
21 79 3
28 86 3
29 86 3
30 146 3
39 96 3
46 104 3
52 110 3
1 58 0
62 63 3
16 75 3
77 134 0
77 78 3
21 78 3
22 79 3
23 81 3
85 86 3
29 146 3
90 91 3
33 92 3
34 92 3
35 92 2
40 98 3
43 101 3
102 103 3
103 104 3
106 107 3
109 110 3
110 111 3
6 63 2
13 72 3
72 73 3
22 81 3
24 81 3
83 84 3
87 146 3
96 97 3
98 99 3
101 102 3
8 124 3
86 87 3
97 98 3
100 101 3
104 105 3
113 171 3
55 171 3
2 58 0
67 124 3
78 79 3
89 146 3
91 92 3
65 124 3
67 69 3
71 72 3
92 93 3
37 153 2
54 170 3
61 62 2
75 134 3
94 153 1
96 153 3
108 109 3
111 168 3
111 170 3
113 170 3
2 117 0
63 65 3
65 122 3
73 132 3
73 75 3
61 117 0
63 122 3
79 81 3
84 85 3
58 117 3
105 106 3
65 123 3
110 168 3
56 171 3
67 126 3
69 126 3
81 83 3
123 124 3
75 132 3
89 148 3
90 148 3
104 162 3
56 173 3
69 128 3
71 128 3
81 140 3
83 140 3
146 148 3
97 156 0
98 156 0
103 162 3
171 173 3
61 118 0
124 126 3
12 128 3
78 137 0
79 137 0
79 138 0
97 155 3
105 164 3
106 164 3
108 166 3
109 166 3
111 227 3
83 142 3
91 148 3
93 152 3
94 152 1
96 155 3
103 161 3
107 165 3
117 118 3
73 131 3
84 142 3
152 153 3
99 157 3
100 157 3
101 159 3
161 162 3
107 164 3
108 165 3
118 119 3
61 119 0
61 120 0
72 131 3
131 132 3
81 138 0
84 143 3
85 143 3
85 144 3
86 144 3
87 145 3
102 159 3
102 160 3
105 162 3
58 116 3
62 120 0
63 120 0
63 121 0
126 128 3
71 130 3
72 130 3
75 133 3
77 135 0
81 139 0
91 149 3
93 151 3
96 154 3
100 158 3
103 160 3
105 163 3
132 133 3
78 135 0
143 144 3
87 144 3
154 155 3
155 156 0
98 157 3
162 163 3
163 164 3
170 227 3
119 120 3
120 121 2
142 143 3
92 149 3
156 157 1
160 161 3
165 166 3
133 134 3
137 138 3
139 140 1
145 146 3
151 152 3
157 158 3
100 159 3
109 168 3
121 122 2
122 123 3
134 135 3
138 139 3
144 145 3
148 149 3
153 154 3
159 160 3
140 142 3
128 130 3
130 131 3
92 151 3
158 159 3
164 165 3
116 117 3
124 183 3
128 185 3
126 185 3
170 171 3
135 137 3
137 194 3
168 227 3
117 175 3
122 180 3
130 188 3
135 194 3
151 209 3
116 175 3
121 180 2
126 183 3
140 199 3
152 209 3
142 199 3
140 198 3
146 204 3
148 206 3
149 207 0
159 217 3
109 283 3
116 174 3
119 178 3
120 178 3
130 187 3
139 198 3
149 151 3
152 211 3
153 211 3
158 217 3
160 219 3
166 283 3
168 226 3
174 175 3
117 176 3
118 176 3
119 177 3
123 181 3
124 181 3
128 186 3
128 187 3
131 188 3
142 200 3
143 200 3
204 206 3
149 206 0
157 215 3
158 215 3
161 219 3
164 223 3
168 283 3
175 176 3
185 186 3
132 190 3
205 206 3
151 207 0
162 220 3
164 222 3
165 223 3
171 287 3
173 231 3
177 178 3
131 190 3
137 195 3
139 197 3
143 202 3
144 202 3
204 205 3
206 207 3
153 212 3
154 212 3
155 214 0
156 214 3
160 218 3
163 220 3
222 223 3
166 223 3
166 224 3
171 230 3
121 179 0
126 184 3
186 187 3
187 188 3
133 190 3
133 192 3
134 192 3
135 192 3
138 195 3
138 197 3
145 203 3
156 215 3
158 216 3
159 218 3
163 221 3
223 224 3
170 228 3
171 228 3
230 287 3
171 231 3
119 176 3
120 179 3
179 180 1
123 180 3
181 183 3
194 195 3
199 200 3
145 202 3
155 212 3
155 213 3
215 216 3
216 217 3
219 220 3
220 221 3
164 221 3
224 283 3
227 228 3
176 177 3
197 198 3
202 203 3
145 204 3
152 210 3
211 212 3
213 214 0
228 287 3
230 231 3
183 184 3
200 201 3
200 202 3
201 202 3
209 210 3
214 215 1
218 219 3
221 222 3
226 227 3
198 199 3
203 204 3
212 213 3
217 218 3
184 185 3
207 209 1
226 283 3
178 179 3
180 181 3
210 211 3
188 248 3
192 194 3
188 190 3
192 251 3
194 251 3
207 266 3
209 266 0
190 192 3
228 286 3
190 248 2
222 280 3
286 287 3
247 248 3
194 252 3
176 233 3
188 247 3
190 249 3
192 249 2
138 254 3
197 254 3
175 233 3
201 259 3
204 262 3
233 291 3
181 240 3
183 240 3
187 245 3
205 262 3
223 280 3
251 252 3
195 252 3
198 256 3
213 271 3
221 280 3
186 245 3
199 256 3
202 259 3
212 270 3
214 271 1
214 272 3
218 276 3
219 277 3
230 288 3
231 288 3
174 232 3
192 250 1
199 257 3
200 257 3
215 272 0
217 276 3
218 277 3
174 233 3
178 236 3
185 242 0
195 254 3
200 258 3
206 264 3
207 264 3
211 270 3
224 282 3
227 285 3
177 236 3
178 237 1
179 237 1
179 238 3
186 242 0
249 250 3
197 255 3
259 260 3
202 260 3
205 264 3
209 267 3
212 271 3
271 272 0
215 273 3
280 281 3
223 281 3
282 283 3
176 235 3
177 235 3
184 242 0
198 255 3
201 258 3
262 263 3
205 263 3
207 265 3
209 268 3
210 268 3
211 269 3
270 271 3
216 274 3
217 275 3
220 278 3
221 279 3
287 288 3
184 240 0
188 246 3
256 257 3
263 264 3
264 265 3
266 267 1
211 268 3
269 270 3
272 273 1
273 274 3
274 275 3
275 276 3
220 277 3
278 279 3
279 280 3
281 282 3
226 285 3
237 238 0
180 238 0
240 242 3
258 259 3
203 260 3
265 266 3
232 233 3
187 246 3
246 247 3
250 251 0
254 255 3
267 268 3
268 269 3
176 234 3
180 240 3
245 302 0
276 277 3
227 286 3
288 346 3
233 234 3
234 235 3
235 236 3
236 237 1
242 243 3
186 243 0
257 258 3
226 342 3
285 286 3
231 346 3
234 291 3
243 245 1
245 246 3
255 256 3
277 278 3
283 342 3
240 299 3
242 299 3
242 300 3
248 249 3
252 254 3
238 240 3
299 300 3
260 319 3
285 342 3
286 344 3
240 298 3
243 302 3
203 319 3
285 344 3
238 239 3
238 298 3
239 298 3
246 362 0
272 329 3
252 311 3
271 329 0
232 290 3
252 310 3
254 311 3
266 324 3
267 324 0
283 341 3
289 346 3
233 290 3
251 310 3
264 322 3
265 322 3
269 327 3
279 337 3
280 337 3
236 294 3
237 294 0
245 303 0
270 327 3
277 335 3
282 341 3
302 303 3
256 314 3
204 319 3
278 335 3
280 339 3
281 339 3
341 342 3
285 343 3
249 366 0
250 366 0
254 313 3
262 319 3
265 324 3
268 326 3
272 330 3
343 344 3
234 292 3
235 292 3
235 293 3
248 365 2
248 366 2
365 366 3
310 311 3
255 313 3
256 315 3
257 315 3
263 321 3
264 321 3
267 326 3
270 328 3
271 328 3
329 330 3
273 331 3
274 332 3
276 335 3
286 345 3
290 291 3
236 293 3
254 370 3
314 315 3
260 318 3
262 320 3
265 323 3
268 327 3
272 331 1
273 332 3
275 332 3
275 333 3
276 334 3
278 336 3
279 336 3
282 340 3
344 345 3
287 346 3
243 300 3
247 305 3
258 315 3
258 316 3
259 316 3
318 319 3
320 321 3
321 322 3
322 323 3
323 324 3
326 327 3
332 333 3
275 334 3
334 335 3
337 339 3
339 340 3
287 345 1
291 292 3
245 362 0
251 309 3
311 370 3
319 320 3
267 325 0
329 386 1
330 331 1
331 332 3
336 337 3
340 341 3
342 343 3
246 305 3
309 310 3
256 313 3
324 325 3
327 328 3
328 329 0
333 334 3
293 294 3
298 299 3
313 370 3
315 316 3
259 318 3
325 326 1
243 301 3
248 305 3
250 309 0
345 346 0
292 293 3
301 302 3
303 362 3
316 318 3
328 386 3
335 393 3
335 336 3
313 314 3
336 393 3
339 396 3
238 354 1
294 353 3
237 353 3
248 364 2
337 396 3
237 354 3
364 365 3
352 353 3
298 355 3
305 362 3
346 405 1
238 355 3
248 363 2
337 395 3
289 405 1
292 350 3
294 352 3
353 469 3
353 354 2
354 355 0
300 301 3
305 363 3
363 364 3
309 366 3
293 350 3
342 400 3
346 404 1
309 367 3
395 396 3
341 400 3
344 402 3
404 405 3
366 367 3
318 376 3
343 400 3
345 404 1
291 349 3
319 376 3
319 378 3
320 378 3
330 389 1
292 349 3
334 392 0
339 398 3
340 398 3
343 402 3
299 357 3
362 363 3
314 372 3
322 380 3
331 389 3
332 390 3
349 350 3
301 359 3
302 360 3
310 370 3
315 372 3
316 376 3
323 380 3
324 382 3
325 382 3
326 385 3
327 385 3
332 389 3
333 390 3
336 394 3
337 394 3
341 398 3
341 399 3
345 403 0
294 350 3
298 357 2
300 359 3
321 379 3
323 381 3
327 386 3
329 387 3
339 397 3
399 400 3
343 401 3
298 356 3
301 360 3
303 360 3
313 371 3
315 373 3
316 373 3
378 379 3
379 380 3
380 381 3
381 382 3
330 387 3
330 388 3
389 447 3
333 391 3
393 394 3
396 397 3
400 401 3
401 402 3
345 402 3
355 356 3
372 373 3
386 387 0
389 390 3
390 391 3
334 391 3
334 393 3
398 399 3
402 403 3
403 404 1
300 357 3
310 368 3
314 371 3
373 376 3
382 383 3
325 383 3
385 386 3
388 389 3
391 392 2
392 393 1
397 398 3
350 352 3
356 357 3
310 367 3
370 371 3
387 388 3
394 395 3
290 349 3
359 360 3
367 368 3
310 369 1
369 370 0
326 383 0
368 369 1
364 422 3
383 385 1
368 426 1
369 426 3
350 351 3
360 362 3
357 359 3
359 415 3
351 352 3
383 442 3
396 454 3
398 456 3
399 456 3
373 434 1
385 442 0
355 413 1
357 415 1
359 417 3
369 427 3
370 427 1
373 432 3
376 434 1
381 440 3
382 440 3
385 444 2
397 454 3
405 463 3
349 407 3
360 417 3
363 421 3
370 428 3
373 433 3
386 444 2
393 451 3
399 458 3
400 458 3
404 463 2
290 406 1
290 407 1
354 412 3
360 476 3
364 421 3
371 372 3
432 433 3
395 453 3
401 459 3
349 408 3
351 408 3
355 412 1
357 414 1
378 435 3
396 453 1
400 459 3
406 407 3
350 408 3
354 469 1
356 413 1
414 415 3
362 421 3
421 422 3
365 423 3
367 425 3
368 425 3
427 428 0
319 435 3
380 438 3
381 438 3
382 498 3
383 498 3
385 501 0
388 445 3
392 509 1
393 509 3
394 451 3
407 408 3
356 414 1
371 428 3
387 445 3
451 509 3
453 454 0
402 459 3
402 460 3
403 462 1
404 462 2
352 410 3
353 410 3
362 420 3
364 423 3
378 436 3
379 437 3
440 498 3
386 445 0
388 446 3
392 449 0
399 457 3
462 463 3
289 463 1
413 414 3
362 477 3
420 421 3
366 425 3
436 437 3
437 438 3
444 445 0
389 446 2
390 448 0
391 449 0
394 452 3
397 455 3
398 455 3
456 457 3
457 458 3
351 410 3
412 413 3
476 477 3
372 431 3
445 446 3
391 448 0
451 452 3
454 455 3
403 460 3
410 469 3
365 425 3
373 431 3
319 434 1
395 452 3
455 456 3
458 459 3
408 410 3
426 427 3
435 436 3
442 498 3
446 447 3
390 447 0
449 509 1
412 469 1
365 482 3
425 482 3
431 432 3
373 435 3
444 501 0
433 435 3
434 435 0
448 449 3
403 461 3
406 465 3
407 465 3
438 440 3
447 448 3
461 462 3
452 453 3
459 460 3
417 476 3
372 487 3
372 488 2
372 428 3
431 488 1
460 461 3
408 468 3
410 468 3
415 417 3
428 487 3
442 499 3
442 501 3
415 474 3
498 499 3
449 508 3
508 509 3
408 466 3
417 474 3
422 423 3
413 471 3
414 471 3
423 482 3
482 540 1
425 483 3
428 486 3
438 497 3
440 497 3
408 465 3
487 488 3
438 496 3
461 520 3
466 468 3
414 473 3
415 473 3
445 503 3
454 512 3
412 470 3
368 483 3
436 495 3
437 495 3
446 503 3
447 505 3
448 505 3
458 516 3
442 500 3
456 514 3
457 516 3
462 520 3
468 469 2
420 477 3
432 435 3
437 496 3
496 497 3
497 555 3
499 500 3
501 502 3
444 502 2
446 505 3
455 514 3
413 470 3
420 478 3
427 485 0
435 494 2
496 555 3
444 503 2
446 504 3
452 509 3
453 511 0
454 511 3
455 512 3
460 518 3
470 471 3
473 474 3
417 475 3
435 493 2
493 494 3
435 495 3
494 495 3
503 504 3
504 505 3
448 506 3
457 514 3
457 515 3
459 516 3
459 517 3
459 518 3
461 518 3
462 521 3
463 521 3
465 466 3
474 475 3
477 478 3
421 479 3
422 480 3
423 480 3
368 427 1
495 496 3
505 506 3
449 506 3
514 515 3
515 516 3
516 517 3
289 521 1
421 478 3
422 479 3
423 481 3
449 507 3
453 510 3
517 518 3
520 521 3
469 470 0
479 480 3
480 481 3
427 486 0
500 501 3
502 503 3
510 511 3
511 512 3
471 529 3
432 493 2
506 507 3
473 532 3
474 532 3
478 479 3
482 483 3
486 487 3
431 490 1
432 490 1
432 491 1
491 493 0
492 493 0
471 530 3
414 530 3
481 482 3
500 558 2
452 510 3
475 476 3
490 491 3
507 508 3
515 574 3
516 574 3
470 528 3
473 530 3
491 492 2
468 526 3
470 529 3
509 510 3
455 572 3
514 572 3
469 526 2
469 528 0
529 530 3
478 535 3
368 542 1
485 486 3
461 577 3
477 535 3
427 542 2
486 545 3
501 559 2
512 572 3
518 577 3
487 545 2
500 557 2
502 559 2
515 573 3
573 574 3
497 498 3
499 557 2
500 559 2
520 578 3
521 578 3
558 559 3
483 542 3
492 550 0
488 546 2
492 549 2
520 577 3
488 545 2
491 549 3
495 553 2
498 557 2
557 558 3
465 522 3
466 525 3
468 525 3
541 542 3
431 546 1
490 549 3
494 553 3
525 526 3
496 553 2
509 567 3
510 567 3
515 572 3
465 523 3
475 532 3
475 533 3
481 540 1
482 541 1
486 544 3
544 545 3
494 552 3
496 554 2
497 556 2
502 560 2
503 560 2
503 561 3
508 567 3
512 570 3
577 578 3
466 524 3
476 533 3
481 539 1
540 541 3
483 541 1
545 546 3
493 550 3
493 552 3
553 554 3
498 556 2
504 562 3
505 563 3
506 564 3
507 564 3
508 566 3
511 568 3
512 571 3
571 572 3
521 579 3
465 524 3
532 533 3
476 535 3
539 540 3
485 542 3
485 544 3
493 551 3
552 553 3
556 557 3
561 562 3
562 563 3
563 564 3
507 566 3
510 568 3
517 574 3
578 579 3
522 523 3
523 524 3
473 531 3
476 534 3
480 538 1
431 547 1
490 547 3
490 548 3
550 551 3
555 556 3
559 560 3
507 565 3
511 570 3
517 577 3
533 534 3
479 537 1
481 538 1
546 547 1
548 549 3
551 552 3
554 555 3
560 561 3
565 566 3
566 567 3
567 568 3
570 571 3
524 525 3
469 585 2
528 529 3
530 531 3
479 535 3
480 537 1
538 539 3
534 535 3
535 536 1
479 536 1
537 538 3
564 565 3
526 585 3
531 532 3
536 537 3
568 570 3
572 573 3
542 601 3
485 601 3
544 601 3
517 634 3
547 548 3
574 633 3
517 633 3
573 633 3
554 611 3
577 634 3
549 550 0
553 611 3
554 556 3
549 607 3
550 607 1
633 634 3
551 610 3
552 610 3
561 620 2
562 620 2
534 593 1
535 593 1
542 600 3
600 601 3
553 610 2
528 585 3
533 591 1
536 593 3
541 600 2
558 617 3
526 584 3
545 603 3
548 605 3
559 617 3
567 626 3
570 628 3
571 628 3
578 637 3
579 637 3
525 583 3
532 590 1
533 590 1
534 592 1
546 603 3
547 605 3
557 615 3
558 616 3
559 618 3
560 618 3
560 620 3
563 620 1
563 621 2
564 621 2
566 625 3
567 625 3
568 626 3
524 583 3
526 583 3
529 587 1
531 589 1
590 591 3
592 593 3
536 594 3
537 595 3
538 596 3
539 597 3
540 599 2
541 599 2
544 602 3
546 604 3
548 606 3
556 613 3
556 615 3
557 616 3
522 580 2
523 580 2
524 582 2
584 585 3
528 587 1
530 587 1
530 589 1
589 590 3
591 592 3
594 595 3
595 596 3
596 597 3
540 597 3
599 600 3
601 602 3
603 604 3
605 606 3
606 607 3
615 616 3
620 621 3
577 635 3
578 636 3
523 582 2
583 584 3
530 588 1
593 594 3
545 602 3
556 611 2
556 614 3
625 626 3
571 630 3
572 630 3
634 635 3
635 636 3
636 637 3
588 589 3
547 604 0
611 613 3
616 617 3
621 622 3
568 627 3
571 629 3
573 630 3
573 632 3
585 587 1
587 588 3
602 603 3
550 667 3
551 667 3
610 611 3
613 614 3
617 618 3
618 620 3
564 622 2
568 628 3
628 629 3
629 630 3
632 633 3
582 583 0
614 615 3
626 627 3
627 628 3
619 620 3
610 667 3
618 619 3
565 625 3
580 582 3
564 625 3
585 644 1
604 605 3
550 666 3
622 680 3
564 680 1
597 599 3
607 666 2
666 667 3
587 644 3
611 670 3
585 643 1
623 625 3
584 643 1
613 670 3
625 680 1
623 681 3
583 641 1
597 656 2
599 656 3
621 680 3
623 680 3
582 641 1
584 641 1
630 632 3
634 692 3
680 681 3
625 681 1
625 682 1
630 688 3
632 691 3
633 691 3
613 672 3
614 672 3
616 675 3
617 675 3
681 682 3
625 683 1
629 687 3
629 688 3
633 692 3
584 642 1
643 644 3
596 654 2
597 654 3
613 671 3
618 675 3
618 676 3
620 678 3
621 679 3
628 687 3
691 692 3
635 693 3
636 693 3
636 695 3
637 695 3
348 580 1
642 643 3
593 651 3
671 672 3
615 673 3
615 674 3
619 676 3
619 678 3
621 678 3
682 683 3
687 688 3
630 689 3
632 689 2
635 692 3
591 649 3
592 649 3
594 651 3
603 661 3
604 661 3
605 663 2
607 665 2
610 668 3
611 668 3
611 669 3
616 674 3
636 694 3
582 640 1
641 642 3
587 645 3
588 646 3
592 650 3
595 653 3
597 655 2
600 658 3
601 658 3
601 659 3
602 660 3
604 663 3
606 664 2
606 665 2
665 666 3
669 670 3
614 673 3
632 690 3
693 694 3
348 582 1
640 641 3
644 645 3
645 646 3
589 646 3
590 649 3
650 651 3
594 652 3
595 652 3
653 654 3
654 655 3
655 656 3
599 658 3
658 659 3
659 660 3
660 661 3
663 664 3
664 665 3
667 668 3
668 669 3
670 671 3
678 679 3
626 683 1
626 684 1
628 686 3
686 687 0
688 689 3
689 690 3
694 695 3
589 647 3
590 648 3
649 650 3
651 652 3
673 674 3
675 676 3
627 685 3
692 693 3
648 649 3
652 653 3
674 675 3
679 680 3
627 684 3
685 686 3
690 691 3
647 648 3
672 673 3
684 685 3
683 684 3
348 640 1
646 647 3
656 658 3
604 720 3
676 678 3
661 720 3
663 720 3
658 715 3
656 715 3
687 745 1
688 745 2
640 699 3
641 699 3
676 735 3
678 735 3
678 736 3
679 736 3
689 745 3
745 746 3
692 750 2
654 712 3
655 712 3
666 724 3
667 724 3
683 741 3
686 745 3
689 746 3
693 751 3
659 717 3
660 717 3
667 725 3
673 731 3
674 731 3
675 733 3
682 739 3
682 741 3
692 751 3
661 719 3
724 725 3
668 725 3
676 733 3
680 738 3
681 739 3
640 698 3
651 709 2
655 713 3
656 713 3
660 719 3
674 733 3
679 738 3
680 739 3
693 752 3
694 752 3
348 698 1
698 699 3
642 700 3
643 701 3
644 702 3
645 703 3
646 703 3
646 704 3
647 704 3
647 705 3
649 707 3
650 708 3
652 709 3
652 710 3
653 710 3
656 714 3
663 721 3
664 722 3
665 723 3
668 726 3
669 727 3
670 729 3
671 729 3
679 737 3
682 740 3
740 741 3
684 742 3
685 743 3
686 744 3
689 747 3
690 748 2
694 753 3
695 753 3
699 700 3
700 701 3
701 702 3
702 703 3
648 705 3
648 707 3
707 708 3
708 709 3
653 712 3
712 713 3
714 715 3
658 716 3
658 717 3
720 721 3
721 722 3
722 723 3
723 724 3
726 727 3
670 727 3
672 729 3
672 731 3
735 736 3
741 742 3
743 744 3
744 745 3
746 747 3
690 747 1
691 748 2
750 751 3
653 711 3
713 714 3
716 717 3
725 726 3
670 728 3
736 737 3
737 738 3
685 742 3
747 748 3
691 750 2
648 706 3
710 711 3
715 716 3
719 720 3
727 728 3
729 731 3
731 732 3
674 732 3
739 740 3
748 749 3
691 749 3
751 752 3
752 753 3
703 704 3
706 707 3
711 712 3
738 739 3
704 705 3
705 706 3
709 710 3
728 729 3
742 743 3
749 750 3
660 776 3
732 733 3
717 776 3
719 776 3
733 735 3
348 756 1
698 756 3
731 788 3
736 795 3
348 812 1
751 809 1
733 792 3
735 792 3
737 795 3
752 809 1
756 812 3
710 768 3
711 768 3
731 790 3
732 790 3
746 804 3
704 762 3
709 768 3
788 789 3
731 789 3
747 804 3
750 808 3
703 762 2
705 762 3
705 763 3
706 763 3
713 771 3
715 773 3
716 773 3
724 783 3
725 783 3
727 785 3
728 785 3
729 787 3
740 798 3
741 799 3
745 804 3
748 807 3
808 809 3
699 757 3
706 765 2
707 765 3
714 771 3
716 774 3
726 785 3
728 787 3
733 791 3
739 797 3
739 798 3
742 799 3
742 800 3
743 800 3
749 807 3
749 808 3
752 810 1
752 811 1
753 811 1
698 757 3
700 758 3
701 759 3
702 760 3
703 760 3
762 763 3
711 769 3
712 770 3
717 774 3
717 775 3
719 777 3
720 778 3
721 779 3
722 780 3
723 781 3
724 782 3
726 784 3
789 790 3
797 798 3
743 801 3
744 801 3
745 803 3
809 810 3
810 811 3
758 759 3
759 760 3
708 766 3
708 767 3
709 767 3
768 769 3
712 769 3
770 771 3
714 772 3
775 776 3
776 777 3
777 778 3
778 779 3
779 780 3
780 781 3
781 782 3
726 783 3
784 785 3
729 788 3
738 796 3
738 797 3
741 798 3
744 803 3
803 804 3
699 758 3
703 761 2
707 766 2
766 767 3
767 768 3
769 770 3
772 773 3
773 774 3
783 784 3
733 790 3
791 792 3
796 797 3
798 799 3
799 800 3
747 806 3
807 808 3
760 761 3
761 762 3
765 766 3
782 783 3
790 791 3
735 795 3
737 796 3
800 801 3
748 806 3
806 807 3
771 772 3
774 775 3
787 788 3
706 764 3
804 806 3
757 758 3
763 764 3
764 765 3
792 795 3
744 860 3
756 757 3
801 860 3
803 860 3
804 863 3
806 863 3
728 844 3
792 851 3
795 851 3
795 852 3
795 796 3
785 844 3
851 852 3
756 814 3
798 856 3
812 814 3
792 850 3
795 853 3
796 853 3
763 821 3
764 821 3
787 845 3
850 851 3
806 864 3
764 822 3
776 834 3
777 834 3
728 845 3
791 850 3
799 857 3
807 864 3
810 869 3
811 869 3
757 814 3
761 820 3
762 820 3
765 822 3
769 827 3
789 846 3
797 855 3
800 857 3
808 866 3
759 817 3
821 822 3
767 825 3
768 825 3
768 827 3
788 846 3
790 848 3
852 853 3
796 855 3
801 859 3
807 866 3
810 868 3
758 817 3
760 818 3
766 825 3
775 834 3
789 847 3
790 847 3
791 848 3
796 854 3
800 858 3
801 858 3
859 860 3
803 861 3
804 862 3
807 865 3
809 867 3
868 869 3
758 816 3
761 818 3
762 821 3
765 823 3
766 824 3
768 826 3
770 828 3
771 829 3
772 830 3
773 831 3
774 832 3
775 833 3
777 835 3
778 836 3
779 837 3
780 838 3
781 839 3
782 840 3
783 841 3
784 842 3
785 843 3
844 845 3
846 847 3
791 849 3
798 857 3
804 861 3
862 863 3
865 866 3
757 816 3
816 817 3
817 818 3
822 823 3
765 824 3
824 825 3
826 827 3
827 828 3
828 829 3
829 830 3
830 831 3
831 832 3
832 833 3
834 835 3
835 836 3
836 837 3
837 838 3
838 839 3
839 840 3
840 841 3
841 842 3
842 843 3
843 844 3
845 846 3
847 848 3
849 850 3
798 855 3
857 858 3
809 868 3
820 821 3
823 824 3
825 826 3
858 859 3
860 861 3
757 815 3
853 854 3
854 855 3
861 862 3
864 865 3
814 815 3
815 816 3
848 849 3
856 857 3
809 866 3
867 868 3
812 871 3
814 871 3
833 834 3
855 856 3
863 864 3
818 820 3
866 867 3
814 872 3
815 872 3
816 874 3
817 874 3
844 903 3
845 903 3
866 924 3
867 924 3
867 926 3
868 926 3
820 877 3
818 877 3
820 878 3
853 912 3
821 878 3
821 879 3
850 908 3
851 909 3
854 912 3
822 879 3
849 908 3
850 909 3
857 916 3
858 916 3
862 920 3
853 910 3
861 920 3
863 921 3
865 923 3
831 889 3
837 895 3
840 898 3
846 905 3
852 909 3
852 910 3
855 913 3
856 914 3
857 915 3
861 919 3
862 921 3
864 921 3
864 923 3
866 923 3
812 870 3
870 871 3
815 873 3
816 873 3
817 875 3
818 876 3
878 879 3
822 880 3
823 881 3
824 881 3
824 882 3
825 883 3
826 884 3
827 885 3
828 886 3
829 887 3
830 887 3
830 889 3
832 890 3
833 891 3
834 892 3
835 893 3
836 894 3
838 895 3
838 896 3
839 897 3
839 898 3
841 899 3
842 900 3
843 901 3
844 902 3
845 904 3
846 904 3
847 905 3
849 907 3
855 912 3
856 915 3
858 917 3
859 917 3
860 918 3
919 920 3
867 925 3
869 927 3
871 872 3
875 876 3
879 880 3
880 881 3
882 883 3
883 884 3
884 885 3
885 886 3
886 887 3
830 888 3
889 890 3
890 891 3
891 892 3
892 893 3
893 894 3
894 895 3
896 897 3
898 899 3
899 900 3
842 901 3
901 902 3
902 903 3
848 906 3
908 909 3
910 912 3
855 914 3
914 915 3
915 916 3
859 918 3
864 922 3
923 924 3
924 925 3
868 927 3
874 875 3
877 878 3
897 898 3
849 906 3
909 910 3
916 917 3
917 918 3
861 918 3
921 922 3
925 926 3
872 873 3
876 877 3
881 882 3
887 888 3
888 889 3
895 896 3
903 904 3
847 906 3
906 907 3
912 913 3
920 921 3
922 923 3
873 874 3
904 905 3
907 908 3
926 927 3
900 901 3
905 906 3
918 919 3
913 914 3
927 985 3
905 963 3
906 964 3
918 976 3
926 985 3
904 962 3
904 963 3
908 966 3
919 976 3
903 962 3
906 963 3
910 969 3
926 984 3
877 935 3
894 952 3
916 974 3
923 982 3
924 982 3
924 983 3
925 983 3
984 985 3
878 935 3
893 952 3
907 964 3
914 971 3
917 974 3
921 979 3
922 979 3
876 935 3
878 936 3
896 954 3
903 961 3
909 968 3
910 968 3
912 969 1
913 971 3
915 974 3
917 976 3
919 977 3
920 978 3
921 978 3
874 932 3
875 933 3
876 933 3
879 936 3
895 952 3
897 954 3
902 961 3
909 966 3
976 977 3
870 928 3
871 929 3
872 930 3
873 932 3
875 932 3
876 934 3
935 936 3
879 938 3
880 938 3
881 939 3
882 940 3
883 942 3
884 942 3
885 943 3
886 944 3
887 945 3
888 946 3
889 947 3
890 948 3
891 949 3
892 950 3
893 951 3
951 952 3
895 953 3
897 955 3
898 956 3
899 957 3
900 958 3
901 959 3
902 960 3
963 964 3
907 965 3
908 965 3
914 972 3
917 975 3
977 978 3
978 979 3
928 929 3
929 930 3
932 933 3
933 934 3
934 935 3
879 937 3
938 939 3
939 940 3
883 940 3
942 943 3
943 944 3
944 945 3
945 946 3
946 947 3
947 948 3
948 949 3
891 950 3
950 951 3
952 953 3
953 954 3
954 955 3
955 956 3
956 957 3
957 958 3
958 959 3
959 960 3
966 967 3
909 967 3
915 972 3
974 975 3
922 980 3
983 984 3
873 930 3
936 937 3
937 938 3
960 961 3
961 962 3
964 965 3
971 972 3
979 980 3
923 980 3
982 983 3
930 932 3
949 950 3
967 968 3
923 1039 3
925 984 3
982 1039 3
965 966 3
972 973 3
915 973 3
980 1039 3
968 969 3
912 970 1
913 970 1
970 971 0
975 976 3
962 963 3
973 974 3
969 970 3
883 999 3
983 1042 3
930 989 3
932 989 3
940 999 3
942 999 3
984 1042 3
976 1035 3
977 1035 3
961 1020 3
962 1020 3
973 1031 3
978 1036 3
980 1038 3
1038 1039 3
963 1021 3
965 1023 3
972 1031 3
977 1036 3
962 1021 3
963 1022 3
964 1022 3
966 1023 3
976 1034 3
932 990 3
933 990 3
964 1023 3
969 1027 3
969 1028 3
970 1028 3
971 1029 3
975 1034 3
979 1038 3
950 1008 3
955 1013 3
966 1024 3
967 1024 3
967 1025 3
968 1027 3
972 1029 3
974 1032 3
975 1033 3
1034 1035 3
979 1037 3
983 1041 3
985 1043 3
935 994 3
936 994 3
945 1003 3
951 1008 3
952 1010 3
956 1013 3
960 1018 3
1021 1022 3
1023 1024 3
968 1025 3
970 1029 0
972 1030 3
1031 1032 3
982 1041 3
984 1043 3
928 986 3
929 987 3
930 988 3
933 991 3
934 992 3
937 995 3
938 996 3
939 997 3
940 998 3
942 1000 3
943 1001 3
944 1001 3
944 1002 3
946 1003 3
947 1005 3
948 1006 3
949 1007 3
951 1009 3
951 1010 3
953 1010 3
953 1011 3
954 1012 3
956 1014 3
957 1015 3
958 1016 3
958 1017 3
959 1017 3
961 1018 3
1024 1025 3
968 1026 3
1027 1028 3
982 1040 3
986 987 3
987 988 3
989 990 3
990 991 3
991 992 3
935 992 3
935 993 3
994 995 3
995 996 3
996 997 3
997 998 3
998 999 3
1000 1001 3
1002 1003 3
946 1004 3
946 1005 3
1005 1006 3
1006 1007 3
1007 1008 3
1008 1009 3
1011 1012 3
1012 1013 3
1013 1014 3
1014 1015 3
1015 1016 3
1017 1018 3
961 1019 3
1026 1027 3
1028 1029 0
975 1032 3
1033 1034 3
1041 1042 3
1042 1043 3
988 989 3
992 993 3
993 994 3
999 1000 3
1004 1005 3
1009 1010 3
1016 1017 3
1018 1019 3
1020 1021 3
1022 1023 3
1025 1026 3
1029 1030 3
1037 1038 3
1039 1040 3
1040 1041 3
1003 1004 3
1019 1020 3
1030 1031 3
1032 1033 3
1035 1036 3
978 1037 3
1001 1002 3
1010 1011 3
1036 1037 3
