0 1 3
1 2 3
2 3 3
3 4 3
4 5 3
5 6 3
6 7 3
7 8 3
8 9 1
9 10 3
10 12 1
12 13 3
13 14 3
14 15 3
15 16 3
16 17 3
17 18 3
18 19 3
19 20 0
20 22 0
22 82 3
25 82 3
25 26 3
26 27 3
27 28 3
28 29 3
29 30 3
30 31 3
31 32 2
32 33 2
33 34 3
34 35 3
35 36 3
36 37 3
37 38 3
38 39 3
39 40 3
40 41 1
41 42 2
42 44 0
44 45 3
45 46 3
46 47 3
47 48 3
48 49 3
49 108 0
108 111 3
54 111 3
54 113 3
54 55 3
55 57 3
20 21 2
21 22 0
108 110 3
110 111 3
42 101 3
55 114 3
57 114 3
42 100 2
41 100 3
44 102 3
13 70 0
41 98 3
49 107 0
1 59 3
12 69 0
12 70 0
40 98 1
2 59 3
10 69 3
69 70 3
25 83 3
26 83 3
10 68 3
28 86 3
107 108 3
0 58 3
22 81 1
83 141 0
29 86 3
45 104 3
46 104 3
55 113 3
1 58 3
4 62 3
5 62 3
81 82 0
32 90 0
32 91 2
36 95 3
37 95 3
37 96 3
38 96 3
40 97 3
2 60 3
3 60 3
5 63 3
6 63 3
13 72 3
14 72 3
19 77 0
31 90 3
33 91 3
39 96 2
97 98 3
44 101 3
47 105 3
48 105 3
108 109 3
109 110 3
7 65 3
9 68 3
18 76 3
19 76 3
28 85 3
30 88 3
34 93 3
35 93 3
36 93 3
39 97 3
44 103 3
45 103 3
46 105 3
59 60 3
3 61 3
6 64 3
6 65 3
20 77 2
26 85 3
27 85 3
29 88 3
31 89 3
34 91 3
41 99 3
104 105 3
57 115 3
58 59 3
61 62 3
62 63 3
64 65 3
9 67 3
15 74 3
16 74 3
20 78 3
85 86 3
88 89 3
89 90 3
34 92 3
98 99 3
99 100 3
103 104 3
63 64 3
8 65 3
8 67 1
67 68 3
68 69 3
15 72 3
17 74 3
17 75 3
17 76 3
76 77 0
21 78 2
21 195 0
22 195 3
90 91 1
92 93 3
95 96 3
102 103 3
49 105 3
91 92 3
113 114 3
74 75 3
77 78 2
81 195 0
82 83 3
105 107 0
114 115 3
83 85 3
96 97 3
60 61 3
29 203 3
93 95 3
101 102 3
86 203 3
88 203 3
112 113 3
75 76 3
54 112 3
107 166 3
108 166 3
21 137 3
137 195 0
93 152 3
100 101 0
109 166 3
13 129 0
95 152 3
105 164 0
109 111 3
111 112 3
70 129 3
72 129 0
105 162 3
107 164 3
72 131 3
15 131 3
74 131 3
78 137 2
90 149 1
91 149 3
162 164 0
82 141 2
96 154 3
102 161 3
109 169 3
60 118 3
67 126 3
68 126 3
95 154 3
111 169 3
112 114 3
114 172 3
59 118 3
63 122 3
64 122 3
65 124 3
8 125 1
95 153 3
153 154 3
115 172 3
58 116 3
8 124 3
86 144 3
93 151 3
99 157 3
102 159 3
103 161 3
60 119 3
61 119 3
62 119 3
124 125 3
76 134 3
82 140 3
85 144 3
151 152 3
100 157 3
101 159 0
159 161 3
104 162 3
62 121 3
63 121 3
65 122 3
67 125 2
75 134 3
77 134 1
77 136 3
78 136 3
140 141 2
83 142 3
85 143 3
144 203 3
89 147 3
59 117 3
62 120 3
69 127 3
70 127 3
81 140 0
141 142 1
83 143 3
143 144 3
88 146 3
88 147 3
90 148 3
92 150 3
152 153 3
97 154 3
109 284 3
116 117 3
118 119 3
120 121 3
146 203 3
147 148 3
149 150 3
150 151 3
98 157 3
169 284 3
112 169 3
115 173 3
119 120 3
121 122 3
75 131 3
77 135 3
142 143 3
148 149 1
100 159 0
107 165 3
112 171 3
114 171 3
172 173 3
117 118 3
65 181 3
69 126 3
134 135 0
136 137 1
146 147 3
165 166 3
109 224 3
171 172 3
122 181 3
124 181 3
129 131 1
135 136 3
97 156 0
98 156 0
156 157 1
164 165 3
166 224 3
223 224 3
224 284 3
161 162 3
223 284 3
125 126 1
131 132 0
75 132 0
129 186 0
129 132 0
132 134 1
81 199 0
100 274 3
126 127 3
70 186 0
129 187 0
134 192 0
195 199 3
140 199 3
154 156 0
157 274 3
159 274 1
112 227 3
127 186 0
132 187 3
154 212 3
161 219 3
162 219 3
169 227 3
132 189 3
132 192 3
132 188 3
144 202 3
202 203 3
161 218 3
162 220 3
171 227 3
132 190 3
219 220 3
119 177 3
120 177 3
188 189 3
156 212 3
156 214 3
187 188 3
135 192 3
212 214 3
159 218 3
121 179 3
132 191 3
136 194 3
122 179 3
124 182 3
189 190 3
157 215 3
218 219 0
165 280 1
169 226 3
171 228 3
116 175 3
117 175 3
118 175 3
181 182 3
125 127 1
190 191 3
191 192 3
146 204 3
150 208 3
226 284 3
172 230 3
173 230 3
116 174 3
118 176 3
122 180 3
137 194 0
195 254 3
141 199 2
143 201 3
203 204 3
147 205 3
148 206 3
149 207 3
151 209 3
152 209 3
153 211 3
153 212 3
159 216 3
164 220 1
173 231 3
174 175 3
175 176 3
176 177 3
177 178 3
120 178 3
179 180 3
135 194 3
194 195 3
142 199 3
142 201 3
143 202 3
204 205 3
205 206 3
149 206 0
150 207 3
150 209 3
152 211 3
211 212 3
156 215 1
215 274 3
216 274 1
164 221 1
164 280 1
227 228 3
121 178 3
199 200 3
201 202 3
207 208 3
220 221 0
228 344 3
180 181 3
125 182 2
208 209 3
152 268 3
226 227 3
172 228 3
172 288 3
230 231 3
186 187 3
135 251 3
142 200 3
200 201 3
206 207 1
228 288 3
125 242 2
125 185 3
127 185 0
185 186 3
194 251 3
195 255 3
199 255 3
209 268 3
214 215 1
230 288 3
185 242 3
165 224 3
192 251 3
199 257 3
211 268 3
216 218 3
178 179 3
195 253 3
254 255 3
211 269 2
194 252 3
253 254 3
268 269 0
165 223 3
218 333 0
221 280 3
223 280 3
182 242 3
182 241 3
251 252 3
241 242 3
208 266 0
208 267 0
216 333 0
200 257 3
266 267 3
209 267 0
214 272 1
206 265 3
207 265 0
186 244 3
187 244 3
255 257 3
204 262 3
207 266 0
212 270 3
215 272 2
176 234 3
211 270 3
214 270 3
181 239 3
185 243 3
202 259 3
220 278 0
175 233 3
177 235 3
179 238 3
180 238 3
180 239 3
182 239 3
186 243 3
188 246 3
189 246 3
203 262 3
205 262 3
226 285 3
227 285 3
174 233 3
178 236 3
179 237 3
189 248 3
190 248 3
201 259 3
203 259 2
203 261 3
270 271 3
214 271 3
221 278 3
228 285 3
174 232 3
176 235 3
177 236 3
178 237 3
187 245 3
189 247 3
191 249 3
192 250 3
257 258 3
200 258 3
201 258 3
261 262 3
205 263 3
206 264 3
271 272 2
215 273 3
218 277 0
219 277 0
219 278 0
221 279 3
230 289 3
231 289 3
176 233 3
237 238 3
238 239 3
243 244 3
244 245 3
245 246 3
248 249 3
249 250 3
250 251 3
194 253 3
262 263 3
263 264 3
265 266 3
272 273 2
278 279 3
233 234 3
234 235 3
247 248 3
264 265 3
277 278 3
279 280 3
280 281 3
236 237 3
239 241 3
246 247 3
258 259 3
273 274 3
223 281 3
288 289 3
242 243 3
259 261 2
267 268 1
274 333 0
284 285 3
232 233 3
252 253 3
277 333 3
235 236 3
241 299 3
262 321 3
269 270 2
255 314 3
239 297 3
241 297 3
257 314 3
297 299 3
285 344 3
288 344 3
257 315 3
263 321 3
223 341 3
284 341 3
344 402 3
270 328 3
281 341 3
233 291 3
262 320 3
268 326 0
269 328 1
277 334 3
284 343 3
234 291 3
314 315 3
261 320 3
333 334 3
285 343 3
258 315 3
259 317 3
267 326 3
280 338 3
341 343 3
233 290 3
297 298 3
261 317 2
265 323 3
266 323 3
279 338 3
280 339 3
281 339 3
281 340 3
232 290 3
298 299 3
251 309 3
340 341 3
288 347 3
289 347 3
235 293 3
236 293 3
237 295 3
250 309 3
252 309 3
254 313 3
255 313 3
313 314 3
320 321 3
274 332 3
278 336 3
279 336 3
279 337 3
339 340 3
290 291 3
238 295 3
238 296 3
242 301 3
243 301 3
244 302 3
252 310 3
253 310 3
253 313 3
261 318 3
271 329 3
271 330 2
272 330 3
273 330 2
273 332 3
277 335 3
278 335 3
234 292 3
235 292 3
236 294 3
238 297 3
242 300 3
243 302 3
245 303 3
246 304 3
247 305 3
248 306 3
249 307 3
250 308 3
309 310 3
317 318 3
264 322 3
266 324 3
267 324 3
270 329 3
273 331 3
336 337 3
338 339 3
291 292 3
294 295 3
299 300 3
302 303 3
246 303 3
304 305 3
305 306 3
306 307 3
307 308 3
253 311 3
321 322 3
322 323 3
330 331 2
331 332 3
332 333 0
343 344 2
292 293 3
300 301 3
303 304 3
258 317 3
261 377 3
269 326 2
329 330 2
337 338 3
288 404 3
295 296 3
296 297 3
310 311 3
258 374 3
318 377 3
320 377 3
335 336 3
344 404 3
308 309 3
324 326 3
334 335 3
293 294 3
301 302 3
317 374 3
326 328 1
328 329 3
347 404 3
311 313 3
323 324 3
344 403 3
315 374 3
377 378 3
320 378 3
326 383 3
324 383 3
402 403 3
403 404 3
343 400 3
313 371 3
374 375 3
321 380 3
322 380 3
313 370 3
317 375 3
334 392 3
341 400 3
370 371 3
311 370 3
328 442 0
335 392 3
321 378 3
329 387 0
333 391 3
321 379 3
326 442 0
333 392 3
378 379 3
379 380 3
383 441 0
386 442 0
328 386 3
391 392 3
293 351 3
314 373 3
315 373 3
341 399 3
294 351 3
299 357 3
304 363 3
305 363 3
383 442 0
330 388 0
340 399 3
294 353 3
295 353 3
298 357 3
306 364 3
311 369 3
329 388 3
332 391 0
339 398 3
340 398 3
296 354 3
299 358 3
300 358 3
306 363 3
307 364 3
310 369 3
322 381 3
323 381 3
290 348 3
291 349 3
291 350 3
292 350 3
294 352 3
297 354 3
301 359 3
301 360 3
302 360 3
303 361 3
304 361 3
304 362 3
307 365 3
308 366 3
309 367 3
310 368 3
369 370 3
314 372 3
328 387 0
331 389 3
332 390 3
335 393 3
336 394 3
337 395 3
338 396 3
339 397 3
291 348 3
293 350 3
351 352 3
296 353 3
357 358 3
358 359 3
360 361 3
363 364 3
365 366 3
366 367 3
367 368 3
368 369 3
313 372 3
372 373 3
380 381 3
324 381 3
330 389 2
332 389 3
390 391 0
392 393 3
393 394 3
394 395 3
395 396 3
396 397 3
397 398 3
347 463 3
348 349 3
349 350 3
350 351 3
352 353 3
353 354 3
361 362 3
362 363 3
386 387 0
398 399 3
399 400 3
359 360 3
364 365 3
373 374 3
318 375 1
387 388 1
389 390 3
441 442 3
404 463 3
388 389 1
374 432 3
343 402 3
403 462 3
373 432 3
297 355 3
298 355 3
298 414 3
357 414 3
324 441 0
404 462 3
381 441 0
400 402 3
355 414 3
378 436 3
354 355 3
368 426 3
371 372 3
377 436 3
381 439 3
367 426 3
439 441 0
379 436 3
370 429 3
371 429 3
375 434 3
318 434 1
377 434 1
380 438 0
388 446 1
389 446 3
352 410 3
381 438 0
402 459 3
353 410 3
354 411 3
369 426 3
370 428 3
400 458 3
400 459 3
402 460 3
353 411 3
362 421 3
363 421 3
366 424 3
369 428 3
439 498 3
441 498 1
399 458 3
459 460 3
350 408 3
351 409 3
355 411 3
361 419 3
364 423 3
365 423 3
365 424 3
389 447 3
391 449 3
393 451 3
394 451 3
348 406 3
349 407 3
351 408 3
351 410 3
357 415 3
358 416 3
359 417 3
360 418 3
362 419 3
362 420 3
364 422 3
367 425 3
379 437 3
438 439 1
386 444 3
387 445 3
390 447 3
390 449 0
392 450 3
394 452 3
395 453 3
396 454 3
397 455 3
398 456 3
399 457 3
403 460 3
349 406 3
407 408 3
409 410 3
355 413 3
414 415 3
415 416 3
416 417 3
417 418 3
418 419 3
420 421 3
364 421 3
422 423 3
424 425 3
425 426 3
428 429 3
377 435 3
380 437 3
442 444 1
386 445 0
445 446 1
390 448 3
448 449 0
391 450 3
450 451 3
451 452 3
452 453 3
453 454 3
454 455 3
455 456 3
456 457 3
457 458 3
462 463 3
406 407 3
408 409 3
411 413 3
372 429 3
375 432 0
375 433 3
434 435 0
436 437 3
446 447 3
447 448 3
410 411 3
413 414 3
421 422 3
423 424 3
433 434 3
380 496 3
444 445 0
435 436 3
437 496 3
438 496 1
449 450 3
458 459 3
419 420 3
372 432 3
437 495 3
369 485 3
436 495 3
428 485 3
372 488 3
432 489 3
426 485 3
432 488 3
403 519 3
409 468 3
410 468 3
442 500 3
460 519 3
462 519 3
488 489 3
444 500 0
429 488 3
411 470 3
413 470 3
436 494 3
494 495 3
446 504 3
462 520 3
463 520 3
417 475 3
428 486 3
441 499 3
447 504 3
416 475 3
485 486 3
432 433 1
498 499 0
459 518 3
408 466 3
409 466 3
489 490 3
432 490 2
442 499 3
460 518 3
409 467 3
413 471 3
423 481 3
424 481 3
426 484 3
484 485 3
447 505 3
448 505 3
449 507 3
518 519 3
406 465 3
407 465 3
407 466 3
470 471 3
414 472 3
414 473 3
415 473 3
416 473 3
418 476 3
419 477 3
420 478 3
421 479 3
422 480 3
425 483 3
429 487 3
433 491 3
434 492 3
444 502 3
445 504 1
448 506 3
448 507 0
450 507 3
450 508 3
451 509 3
452 510 3
453 511 3
454 512 3
455 513 3
456 514 3
457 515 3
458 516 3
459 517 3
463 521 3
406 464 3
411 468 3
411 469 3
471 472 3
475 476 3
476 477 3
477 478 3
478 479 3
422 479 3
480 481 3
424 483 3
483 484 3
486 487 3
491 492 3
499 500 3
500 502 1
445 502 1
505 506 3
507 508 3
508 509 3
509 510 3
510 511 3
511 512 3
512 513 3
513 514 3
514 515 3
515 516 3
516 517 3
520 521 3
464 465 3
467 468 3
469 470 3
479 480 3
517 518 3
519 520 3
466 467 3
468 469 3
472 473 3
424 482 3
487 488 3
432 491 1
504 505 3
465 466 3
481 482 3
482 483 3
490 491 1
435 494 3
438 498 1
506 507 0
434 550 3
495 496 3
445 560 1
416 532 3
492 550 3
435 550 1
502 560 3
475 532 3
473 532 3
494 550 1
504 561 3
518 577 3
519 577 3
465 524 3
491 550 3
445 561 1
466 524 3
467 524 3
468 526 3
438 556 1
504 562 3
505 562 3
507 565 3
518 576 3
465 523 3
470 528 3
498 556 2
560 561 3
506 565 0
523 524 3
469 528 3
488 545 2
550 552 3
494 552 2
496 556 3
562 563 3
513 571 3
517 576 3
467 526 3
479 537 3
480 538 3
481 538 3
491 549 3
499 557 1
505 563 3
512 571 3
576 577 3
469 527 3
471 528 3
472 530 3
473 530 3
475 533 3
480 537 3
484 543 2
485 543 2
486 544 2
487 545 2
489 545 2
490 549 1
495 552 2
496 555 2
500 559 1
502 559 3
508 566 3
508 567 3
509 567 3
468 527 3
471 530 3
532 533 3
476 533 3
476 534 3
477 535 3
477 536 3
478 536 3
537 538 3
485 544 2
545 546 3
545 547 3
489 547 2
549 550 3
495 555 2
498 557 0
561 562 3
507 566 3
510 568 3
511 569 3
512 570 3
514 572 3
515 573 3
516 574 3
517 575 3
520 578 3
521 579 3
524 525 3
467 525 3
533 534 3
534 535 3
536 537 3
481 539 3
483 542 2
484 542 2
543 544 3
487 544 2
490 547 3
490 548 3
506 622 3
567 568 3
568 569 3
569 570 3
570 571 3
571 572 3
572 573 3
573 574 3
574 575 3
575 576 3
577 578 3
578 579 3
527 528 3
471 529 3
482 539 3
483 541 2
542 543 3
546 547 3
548 549 3
552 555 3
559 560 3
565 622 1
525 526 3
528 529 3
529 530 3
482 541 2
555 556 3
500 558 1
565 566 3
566 567 3
538 539 3
541 542 3
556 557 3
499 558 1
558 559 1
547 548 3
535 536 3
482 540 2
544 545 3
557 558 2
506 563 3
530 532 3
539 540 3
540 541 3
550 609 2
552 609 3
563 622 3
464 580 3
555 611 3
465 580 3
552 611 3
523 581 3
465 581 1
580 581 3
547 605 3
548 605 3
549 607 2
567 625 3
523 582 3
524 582 3
538 597 2
539 597 2
548 607 3
566 625 3
533 591 3
534 591 3
544 602 3
550 608 2
556 614 3
532 590 3
533 590 3
535 594 2
536 594 2
538 596 2
540 597 3
541 599 3
542 599 3
545 602 3
549 608 2
608 609 3
552 610 3
555 614 3
577 635 3
578 635 3
528 586 3
529 586 3
529 587 3
530 589 2
532 589 2
537 595 2
537 596 2
542 544 3
546 604 3
548 606 3
607 608 3
609 610 3
610 611 3
555 612 3
561 619 2
565 625 3
568 626 3
575 633 3
576 633 3
525 583 3
530 587 3
589 590 3
547 604 3
611 612 3
557 615 3
557 674 3
558 617 2
559 617 2
560 619 2
567 626 3
574 632 3
575 632 3
525 582 3
526 583 3
468 585 3
527 585 3
528 585 3
530 588 3
534 592 2
535 592 2
596 597 3
540 598 3
604 605 3
556 615 2
615 674 3
558 674 2
569 627 3
570 628 3
571 629 3
572 630 3
573 631 3
585 586 3
595 596 3
540 599 3
605 606 3
614 615 3
617 674 3
562 619 2
626 627 3
627 628 3
628 629 3
629 630 3
630 631 3
631 632 3
632 633 3
576 635 3
588 589 3
590 591 3
591 592 3
535 593 2
537 594 2
606 607 3
563 619 0
623 625 0
576 634 3
579 637 3
586 587 3
587 588 3
594 595 3
597 598 3
634 635 3
592 593 3
593 594 3
545 604 3
555 671 3
560 617 2
622 625 0
625 626 3
633 634 3
578 637 3
598 599 3
612 671 3
614 671 3
582 583 3
526 585 3
599 600 3
542 600 3
544 600 3
617 619 3
602 604 3
622 623 2
600 602 3
624 625 0
563 621 3
578 636 3
583 585 3
619 621 3
623 624 2
635 636 3
581 582 0
583 642 3
585 642 2
602 662 3
674 676 3
617 676 3
636 637 3
590 648 3
591 648 3
604 662 3
624 626 0
626 685 1
591 649 3
602 660 3
619 676 3
660 662 3
627 685 1
648 649 3
592 649 3
611 669 3
619 678 3
624 685 3
600 659 3
602 659 3
612 669 3
621 622 3
628 685 1
582 640 2
586 644 2
589 648 3
594 653 3
595 653 3
610 669 3
621 678 3
581 640 0
587 644 2
587 645 2
592 651 3
594 652 3
607 665 3
608 665 3
614 672 3
619 677 3
622 680 2
623 680 2
623 682 2
624 682 1
628 687 1
586 643 2
588 645 2
649 651 3
593 652 3
605 663 3
606 663 3
608 667 3
671 672 3
615 673 3
684 685 2
583 640 3
585 643 2
588 647 2
589 647 3
647 648 3
600 658 3
604 663 3
606 664 3
607 664 3
609 667 3
610 668 3
614 673 3
624 684 2
634 636 3
580 638 3
581 638 3
642 643 3
643 644 3
645 647 3
593 651 3
596 653 3
598 656 3
658 659 3
659 660 3
609 668 3
672 673 3
685 687 3
644 645 3
651 652 3
652 653 3
656 657 3
599 656 3
599 657 3
660 661 3
663 664 3
608 724 3
677 678 3
629 687 1
633 636 3
583 641 2
641 642 3
596 654 3
597 656 3
600 657 3
661 662 3
664 665 3
667 668 3
668 669 3
673 674 3
676 677 3
630 687 1
630 688 1
581 639 3
640 641 3
653 654 3
597 654 3
662 663 3
665 724 3
667 724 3
621 680 3
682 684 3
631 689 1
638 639 3
650 651 3
631 688 1
632 689 1
639 640 3
680 682 3
687 688 3
688 689 3
636 691 1
649 650 3
612 728 3
632 690 1
633 690 1
658 717 3
659 717 3
671 728 3
685 744 1
689 690 3
636 690 1
669 728 3
674 732 3
678 737 3
684 744 1
690 691 3
636 692 1
636 693 1
654 656 3
657 658 3
621 737 3
686 744 3
686 687 0
636 694 1
637 694 1
637 695 1
685 686 1
694 695 3
673 732 3
687 744 1
691 692 3
692 693 3
693 694 3
640 698 2
648 707 3
649 707 3
674 733 3
676 733 3
684 741 2
639 698 2
656 713 3
671 729 3
682 741 3
645 704 3
647 704 3
648 706 3
728 729 3
678 736 3
706 707 3
650 707 3
654 713 3
642 701 3
643 701 3
651 710 3
658 716 3
732 733 3
684 743 3
687 745 1
641 700 3
642 700 3
652 710 3
657 715 3
657 716 3
716 717 3
673 731 3
677 736 3
736 737 3
682 739 2
682 740 2
743 744 3
688 745 1
638 696 3
639 696 3
641 699 3
644 701 3
644 702 3
715 716 3
672 731 3
680 739 3
740 741 3
688 746 1
699 700 3
645 702 3
647 705 3
662 721 3
663 721 3
672 729 3
621 738 3
621 739 3
744 745 3
745 746 3
689 746 1
693 751 3
694 751 3
704 705 3
660 717 3
660 718 3
661 719 3
664 722 3
665 723 3
667 725 3
668 726 3
669 727 3
672 730 3
738 739 3
689 748 1
690 749 3
691 749 3
692 750 3
694 752 3
695 753 3
696 698 2
700 701 3
647 706 3
717 718 3
718 719 3
662 719 3
662 720 3
721 722 3
722 723 3
723 724 3
724 725 3
725 726 3
726 727 3
727 728 3
729 730 3
730 731 3
731 732 3
737 738 3
750 751 3
751 752 3
752 753 3
641 698 3
720 721 3
690 748 1
698 699 3
653 710 3
719 720 3
676 736 3
739 740 3
749 750 3
701 702 3
705 706 3
654 710 3
656 715 3
746 748 3
650 708 1
651 708 1
651 709 1
676 792 3
741 743 3
697 698 3
709 710 0
733 792 3
736 792 3
696 697 1
707 708 1
708 709 3
748 749 0
654 711 1
711 713 3
792 793 3
736 793 3
702 704 3
702 761 3
704 761 3
710 711 1
743 800 2
713 715 3
728 786 3
704 763 3
705 763 3
727 786 3
741 800 3
713 772 3
715 772 3
723 782 3
724 782 3
736 794 3
740 798 3
749 807 1
699 758 3
700 758 3
701 760 3
702 760 3
713 770 3
725 782 3
793 794 3
748 805 1
748 807 1
750 807 1
750 808 1
751 809 1
709 711 3
711 770 3
727 785 3
731 789 3
746 805 1
752 811 1
753 811 1
698 758 2
760 761 3
705 764 3
706 764 3
785 786 3
730 789 3
707 764 3
711 769 3
717 775 3
718 775 3
726 785 3
732 791 3
733 791 3
737 795 3
738 795 3
739 798 3
750 809 1
752 810 1
707 765 3
709 768 3
711 768 3
715 773 3
716 775 3
728 787 3
729 787 3
739 797 3
744 802 1
745 803 1
810 811 3
708 765 0
708 766 3
768 769 3
770 772 3
716 773 3
729 788 3
730 788 3
738 797 3
745 802 1
746 803 1
807 808 3
696 754 1
697 755 3
698 755 2
701 758 3
764 765 3
716 774 3
718 776 3
718 777 3
719 777 3
720 777 3
720 779 3
721 779 3
721 780 3
722 780 3
723 780 3
723 781 3
725 783 3
726 784 3
732 789 3
732 790 3
791 792 3
737 794 3
797 798 3
740 800 3
743 801 2
748 806 1
752 809 1
754 755 3
701 759 3
759 760 3
765 766 3
774 775 3
775 776 3
781 782 3
783 784 3
786 787 3
790 791 3
744 801 1
746 804 1
806 807 0
809 810 3
698 756 2
763 764 3
708 767 3
709 767 3
776 777 3
782 783 3
789 790 3
795 797 3
802 803 3
804 805 3
756 758 3
761 763 3
766 767 3
773 774 3
787 788 3
808 809 3
755 756 3
757 758 3
758 759 3
779 780 3
780 781 3
784 785 3
801 802 3
803 804 3
756 757 3
767 768 3
769 770 3
794 795 3
798 800 3
800 801 3
770 829 3
805 806 1
772 829 3
772 773 3
777 779 3
788 789 3
766 824 3
777 835 3
795 854 3
797 854 3
765 824 2
769 828 3
770 828 3
779 835 3
787 845 3
792 850 3
794 853 3
795 853 3
764 821 1
772 831 3
773 831 3
786 845 3
791 850 3
810 868 1
755 814 3
756 814 3
763 821 1
765 821 1
765 822 1
828 829 3
791 849 3
808 866 1
809 866 1
809 868 1
821 822 3
767 824 3
790 849 3
798 857 3
800 857 3
802 860 3
803 860 3
806 865 3
807 865 1
759 818 1
760 818 1
768 825 3
768 827 2
769 827 3
774 831 3
782 840 3
811 868 1
760 819 2
761 819 2
763 820 3
767 825 3
779 837 3
780 837 3
781 840 3
783 840 3
788 847 3
789 847 3
794 852 3
797 855 3
797 856 3
798 856 3
800 858 3
808 865 1
866 867 3
809 867 1
755 813 3
757 814 3
757 816 3
758 816 3
761 820 2
765 823 2
823 824 3
772 830 3
786 844 3
789 848 3
790 848 3
793 850 3
793 852 3
852 853 3
854 855 3
857 858 3
801 859 3
801 860 3
804 863 3
805 863 3
867 868 3
754 812 0
759 816 3
768 826 3
829 830 3
774 832 3
775 833 3
776 834 3
780 838 3
781 839 3
783 841 3
784 841 3
785 844 3
793 851 3
800 859 3
803 861 3
806 864 3
865 866 3
811 869 1
812 813 1
813 814 3
818 819 0
832 833 3
833 834 3
837 838 3
838 839 3
840 841 3
784 842 3
785 842 3
844 845 3
850 851 3
851 852 3
853 854 3
855 856 3
856 857 3
858 859 3
804 861 3
863 864 3
868 869 3
819 820 3
822 823 3
825 826 3
826 827 3
831 832 3
777 834 3
839 840 3
788 845 3
849 850 3
860 861 3
804 862 3
864 865 3
814 815 3
757 815 3
820 821 2
824 825 3
827 828 3
830 831 3
848 849 3
862 863 3
815 816 3
759 817 1
834 835 3
841 842 3
847 848 3
859 860 3
861 862 3
816 817 1
817 818 0
835 837 3
835 894 3
837 894 3
845 903 3
788 905 3
785 901 3
845 905 3
847 905 3
842 901 3
844 901 3
859 917 3
860 917 3
860 918 3
829 887 3
903 905 3
861 918 3
830 887 3
821 879 3
822 879 3
835 893 3
856 914 3
857 914 3
816 874 1
817 874 3
820 878 2
821 878 3
822 880 3
823 880 3
825 884 3
828 886 3
834 892 3
858 916 3
859 916 3
814 872 3
815 872 3
826 884 3
827 886 3
857 916 3
917 918 3
863 920 3
864 922 3
879 880 3
893 894 3
837 896 3
838 896 3
844 903 3
847 906 3
848 906 3
853 912 3
854 912 3
855 913 3
855 914 3
861 919 3
862 920 3
865 922 3
868 926 3
869 926 3
812 870 1
813 871 1
815 873 1
818 876 2
819 876 2
819 878 2
823 882 3
824 882 3
827 885 3
830 888 3
831 889 3
832 890 3
833 891 3
837 895 3
839 897 3
840 899 3
841 899 3
842 900 3
844 902 3
848 907 3
849 907 3
850 908 3
851 908 3
852 910 3
853 910 3
853 911 3
854 913 3
857 915 3
918 919 3
863 922 3
865 923 3
866 923 3
867 926 3
869 927 3
870 871 3
871 872 0
816 873 1
817 876 3
878 879 3
823 881 3
825 882 3
884 885 3
885 886 3
886 887 3
887 888 3
888 889 3
889 890 3
890 891 3
833 892 3
835 892 3
894 895 3
895 896 3
896 897 3
840 897 3
840 898 3
899 900 3
902 903 3
907 908 3
851 909 3
851 910 3
914 915 3
915 916 3
862 919 3
866 924 3
926 927 3
880 881 3
881 882 3
897 898 3
898 899 3
900 901 3
906 907 3
909 910 3
910 911 3
912 913 3
913 914 3
916 917 3
922 923 3
867 924 3
891 892 3
892 893 3
908 909 3
911 912 3
872 873 1
819 877 2
901 902 3
873 874 3
876 877 2
877 878 3
903 962 3
905 962 3
923 924 3
817 933 3
825 883 3
883 884 3
920 922 3
874 933 3
876 933 2
882 883 3
924 926 3
905 906 3
919 920 3
879 936 3
893 951 3
894 951 3
878 936 3
906 964 3
920 978 3
920 979 3
922 979 3
924 983 3
882 940 3
905 964 3
919 978 3
926 983 3
876 934 3
883 940 3
923 982 3
924 982 3
877 935 3
878 935 3
881 940 3
903 961 3
905 963 3
914 972 3
917 976 3
873 931 3
900 959 3
901 959 3
902 961 3
962 963 3
908 966 3
910 968 3
913 972 3
918 976 3
876 935 2
881 939 3
939 940 3
907 966 3
909 966 3
909 968 3
914 973 3
915 973 3
919 977 3
978 979 3
872 931 1
874 932 3
935 936 3
884 941 3
884 942 3
888 946 3
889 946 3
895 953 3
917 975 3
919 976 3
977 978 3
870 928 2
871 929 2
872 930 1
873 932 3
879 937 3
880 938 3
881 938 3
883 941 3
885 942 3
885 943 3
886 944 3
887 945 3
889 947 3
890 948 3
891 949 3
892 950 3
893 950 3
894 952 3
896 953 3
896 954 3
897 955 3
898 956 3
899 957 3
900 958 3
902 959 3
902 960 3
961 962 3
963 964 3
909 967 3
911 969 3
912 970 3
913 971 3
972 973 3
916 973 3
916 975 3
922 980 3
923 981 3
926 984 3
927 985 3
928 929 3
929 930 3
930 931 3
933 934 3
937 938 3
940 941 3
943 944 3
944 945 3
945 946 3
946 947 3
947 948 3
890 949 3
949 950 3
951 952 3
952 953 3
954 955 3
955 956 3
956 957 3
957 958 3
958 959 3
959 960 3
960 961 3
907 965 3
966 967 3
968 969 3
969 970 3
970 971 3
971 972 3
916 974 3
975 976 3
980 981 3
984 985 3
932 933 3
936 937 3
941 942 3
950 951 3
906 965 3
967 968 3
973 974 3
976 977 3
981 982 3
982 983 3
983 984 3
931 932 3
942 943 3
948 949 3
953 954 3
974 975 3
938 939 3
964 965 3
979 980 3
934 935 3
965 966 3
933 991 3
932 991 3
935 993 3
936 993 3
936 994 3
962 1021 3
963 1021 3
979 1038 3
980 1038 3
982 1040 3
932 990 3
934 991 3
993 994 3
937 994 3
937 995 3
938 995 3
962 1020 3
981 1040 3
990 991 3
939 997 3
940 997 3
961 1020 3
1020 1021 3
967 1025 3
974 1032 3
975 1033 3
983 1041 3
928 986 3
942 1000 3
943 1000 3
959 1017 3
960 1018 3
966 1025 3
970 1028 3
971 1028 3
973 1032 3
974 1033 3
976 1034 3
978 1036 3
984 1041 3
929 986 3
938 997 3
940 998 3
941 1000 3
945 1004 3
946 1004 3
948 1006 3
958 1016 3
960 1017 3
961 1018 3
964 1022 3
966 1024 3
969 1027 3
971 1029 3
972 1029 3
1033 1034 3
977 1035 3
979 1036 3
979 1037 3
1037 1038 3
982 1041 3
929 987 3
930 988 3
931 989 3
931 990 3
934 992 3
938 996 3
941 998 3
941 999 3
943 1001 3
944 1002 3
944 1003 3
945 1003 3
947 1006 3
949 1007 3
950 1008 3
951 1009 3
952 1010 3
952 1011 3
953 1011 3
954 1012 3
955 1014 3
956 1014 3
957 1015 3
959 1016 3
961 1019 3
963 1022 3
965 1022 3
965 1024 3
968 1026 3
970 1027 3
1028 1029 3
972 1030 3
973 1031 3
1032 1033 3
978 1035 3
981 1039 3
984 1042 3
985 1043 3
986 987 3
987 988 3
988 989 3
991 992 3
935 992 3
995 996 3
996 997 3
997 998 3
999 1000 3
1000 1001 3
1002 1003 3
947 1004 3
1006 1007 3
1007 1008 3
1008 1009 3
1009 1010 3
1011 1012 3
955 1012 3
1014 1015 3
1015 1016 3
1017 1018 3
1019 1020 3
1024 1025 3
1025 1026 3
1026 1027 3
1029 1030 3
1030 1031 3
1031 1032 3
1034 1035 3
1036 1037 3
980 1039 3
1039 1040 3
1040 1041 3
1041 1042 3
1042 1043 3
989 990 3
998 999 3
1001 1002 3
1003 1004 3
1018 1019 3
1027 1028 3
1035 1036 3
994 995 3
1010 1011 3
1016 1017 3
1022 1024 3
1038 1039 3
1004 1006 3
