-0.0215168 0.134461 25.9709
-0.0373479 0.196721 25.3235
-0.016812 0.404627 21.5334
-0.0287071 0.0256061 31.7344
-0.0138782 0.0193935 30.8566
-0.000704429 0.0371041 29.0529
0.00107886 0.00895703 29.48
-0.0435988 0.0232799 36.3
-0.0292422 0.0430453 32.9874
0.0636368 -0.00426483 16.0189
-0.00121635 -0.0319273 31.267
-0.0807693 0.0284527 33.7113
-0.0658143 0.0164112 30.2149
-0.0971531 -0.0179964 39.5632
-0.0428464 -0.0250328 22.3687
0.104333 0.0390183 -20.5225
0.114696 0.0502963 -24.4475
0.0467318 0.0517437 0.632457
0.0221698 -0.00724137 0.465358
0.0283968 -0.015282 -1.87948
-0.00745958 -0.00207022 23.1071
-0.0133269 -0.000256808 25.8853
0.00473198 -0.0110958 17.6296
0.0135257 -0.0119527 17.1801
0.0773866 1.20619 -31.6249
-0.0255134 0.0719899 31.9763
-0.0326331 0.18154 35.6284
0.0136749 0.0203075 -4.00125
-0.00419223 0.0266035 6.09072
0.0023426 -0.100571 28.257
0.00348185 -0.104872 27.5425
-0.035742 -0.0188654 31.071
-0.0248226 -0.0281153 23.5759
-0.00581936 -0.0247451 10.8489
-0.0416471 -0.0277395 36.5282
-0.0526004 -0.00410421 43.1643
0.022245 -0.0138133 -13.1307
-0.0364972 0.0019132 58.1733
0.116778 -0.0332468 -88.4226
0.121268 -0.0081807 -91.8257
0.0596068 -0.016571 -39.1789
0.0353463 -0.00448827 -18.6091
0.0403974 -0.0013379 -23.1956
0.0580129 -0.0211676 -38.1987
0.0347864 -0.02162 -16.7959
-0.000413849 -0.00867991 16.7373
-0.0213255 -0.00791507 37.2542
-0.00322367 -0.0171123 19.4924
-0.00032666 -0.0249199 16.4964
0.00184484 -0.0150769 13.9794
0.00225326 5.30966e-06 12.8368
-0.00356331 -0.0203584 19.7245
0.00429978 -0.0123323 10.7934
0.00539378 -0.0156781 9.45067
0.0116057 0.00858136 1.65285
0.0281658 0.0376533 -18.4015
0.0108809 0.0486697 2.20804
0.0325273 0.094401 -24.6791
-0.00327944 0.104919 26.4779
0.00707278 0.116242 26.0009
-0.00297847 0.0835985 27.9015
-0.00327453 0.0219009 30.0562
-0.0133701 0.0164688 30.9587
-0.00657922 0.0261474 29.8945
-0.00744236 0.0105669 30.4109
-0.0106222 0.00532875 31.3059
-0.0207101 0.0250964 32.2666
0.0236576 0.0137432 23.9214
-0.0088212 -0.0332957 33.1268
-0.0665514 0.152358 36.3608
-0.0887759 0.0193911 36.3437
-0.126567 -0.021209 48.0119
-0.0818419 -0.0396616 34.0727
-0.0978981 -0.0505539 39.8868
0.305325 -0.352042 -83.7985
-0.0285963 -0.003543 20.4133
-0.000917674 -0.00340011 9.50954
0.0258064 -0.00980624 -1.09707
0.453626 -0.0706239 -180.639
-0.0131071 -0.018089 26.1845
-0.00518661 -0.0171856 22.3637
0.0764119 0.490281 -39.6265
0.0399372 0.340502 -15.5757
0.0835771 1.10738 -68.2987
0.0364002 0.0154691 -16.7332
-0.00690376 0.0114638 8.69751
0.000863817 0.0365876 2.63445
0.0222575 0.0160406 -9.18936
0.0336377 0.0483693 -18.3426
-0.00137058 -0.00532075 7.7718
-0.00886249 -0.0234981 12.1196
-0.0263312 -0.0499964 25.79
-0.0137198 0.00571096 12.6355
-0.027194 -0.00456477 24.1354
-0.00828176 -0.0376743 11.2124
-0.0371551 0.00154724 58.7023
-0.0207726 -0.0202523 19.1688
0.490954 -0.195613 -400.796
0.0516264 -0.0098904 -32.4874
0.0439436 -0.00626558 -26.1428
0.0410942 -0.00239475 -23.7614
0.051371 -0.0174957 -32.5882
0.0381946 -0.023541 -20.2234
0.00124711 -0.0243199 15.2145
-0.000809818 -0.0155466 16.9692
-0.00171777 0.000725207 17.4293
0.00342812 -0.00387957 12.0884
0 0 -1
-0.00403817 0.00753257 19.4244
0.00150262 -1.20665e-05 13.3624
0 0 -1
0 0 -1
0.0172721 0.046047 -6.22235
0.0433994 0.161209 -39.3917
0.0439487 0.141973 -39.1651
0.0283633 0.124941 -20.0908
-0.00210333 0.0574723 28.5576
-0.0106381 0.0448282 29.5815
-0.0133216 0.034839 29.9789
-0.0074707 0.0334036 29.697
-0.0238031 0.0378105 30.6886
-0.0143136 0.0257981 30.5529
-0.00185004 0.0261908 28.7785
-0.00748936 0.0242946 29.9257
0.00210145 0.0343513 27.5319
0.0193612 0.0280105 24.3555
-0.0208812 -0.00341799 34.8001
-0.050904 0.0238554 39.401
-0.14386 0.00451812 51.816
-0.126486 -0.0164316 48.2449
-0.0567762 -0.00698416 23.7011
-0.0453787 -0.0561579 21.7611
-0.0417647 -0.0311177 19.7539
-0.0436801 -0.0171535 26.7761
-0.011965 -0.00426951 13.9448
0.00433707 -0.010808 7.7144
0.39176 -0.094719 -152.509
0.00470098 -0.0349701 18.4585
-0.019726 -0.0272005 29.6104
0.00163314 -0.247144 22.4225
0.00692942 -0.0191745 -0.832617
0.0198759 0.00997482 -7.93419
0.0339905 0.01683 -15.0962
0.0254733 0.00404642 -10.2828
0.0179675 0.0124424 -7.28021
0.0551669 0.0398496 -31.144
0.0426945 0.0437747 -23.3195
-0.0134664 0.0167721 15.254
-0.0411561 0.00359774 33.61
-0.0502536 0.0107916 40.3714
-0.0511429 0.0127886 41.4738
-0.00427749 -0.0123417 6.66934
-0.0146191 -0.0084384 14.1996
-0.0244492 -0.00831322 21.5936
-0.00707607 -0.00262441 7.26718
0.0735602 -0.0125518 -51.216
0.050407 -0.00302399 -31.8865
0.0474129 -0.00472749 -29.2013
0.0441859 -0.00100657 -26.5304
0.045031 0.00213807 -27.7368
0 0 -1
0.0149201 -0.000989681 1.09992
-0.00210592 0.00493583 17.2297
0.00440518 -0.00492815 11.1242
0.00577064 0.0110184 9.07431
0.0160296 0.0726594 -5.37935
0 0 -1
0.0299098 0.0789162 -20.8403
0.0273133 0.167487 -20.8508
0.0450815 0.0821081 -35.1359
0.0158517 0.0917415 -2.44108
0.023645 0.145073 -15.6057
0.134164 0.105478 -123.533
0.132421 0.0670354 -119.27
-0.0113647 0.0165869 31.1878
-0.0126867 0.0103771 31.641
-0.00245946 0.0164353 30.6115
-0.00739483 0.0290297 30.3915
-0.0191212 0.0439752 30.1151
-0.0115115 0.0329722 30.2909
-0.0126458 0.0455461 29.2213
0.0020785 0.0316741 28.0598
-0.00329123 0.0286403 29.0667
0.00928592 0.0209154 27.0642
-0.0186975 0.0148322 33.5937
-0.0288041 0.0218611 34.5724
-0.0499566 0.0448126 38.1579
-0.141473 -0.0201293 52.8015
-0.103703 0.12439 27.2575
-0.0242587 0.0186565 10.3951
-0.0604532 0.0178089 23.7434
-0.000597505 -0.00702132 9.70576
-0.0148627 0.00020256 15.0439
-0.0316289 -0.0115277 22.612
0.151915 -0.16256 -44.1289
0.0673153 -0.695237 33.0084
-0.00239221 -0.000761338 4.36413
0.00921514 0.00844176 -2.16558
0.0231755 0.0132462 -9.68229
0.214684 0.0480934 -116.286
0.0314437 0.0215381 -15.3115
0.0276915 0.0536173 -15.2007
0.028005 0.0444999 -14.4023
0.0354099 0.0374347 -18.2355
0.0151706 0.0240195 -3.96134
-0.00630154 0.0116506 10.9773
-0.0381459 0.0405553 30.5659
-0.0414815 0.0334378 32.9956
-0.0524957 0.0304854 41.2896
-0.0377117 0.041578 28.9545
-0.0211527 0.00979056 18.3343
0.0269202 0.00628006 7.90716
0.116703 0.302626 -113.522
0.0542868 -0.0525105 -31.9107
0.0606114 -0.00235093 -40.9014
0.0523618 0.000406572 -33.9419
0.0439063 -0.00127186 -26.3245
0.0415399 0.00649032 -24.6858
0.0365063 0.00789088 -20.0265
0.0026773 0.00591544 12.6398
-0.00156677 0.00824666 16.6144
0.00992745 0.0139389 4.39958
0.0359892 0.0567827 -25.6129
0.0145085 0.0295086 -2.03353
0.0894754 0.124356 -86.3842
0.0167894 0.0531086 -0.556502
-0.00817065 0.108252 23.0936
0.03014 0.0942845 -19.4348
0.0294887 0.0529948 -15.697
0.0137236 0.0906829 -0.0030788
-0.00454474 0.0500022 24.9099
-0.00150975 0.032597 22.566
-0.00724337 -0.0140052 33.6995
-0.0064701 -0.00208532 32.4876
0.00267938 0.0119078 30.589
0.000933747 0.0161762 30.4361
-0.00345602 0.021138 30.5673
-0.0165596 0.021738 31.8432
-0.0111677 0.0123358 32.0757
-0.00321004 0.0263871 29.5677
-0.0156936 0.0206788 32.1388
-0.0154122 0.00601776 33.3724
-0.0323992 0.0078223 37.033
-0.0393977 0.0109483 38.143
-0.0399015 0.00526606 38.8913
-0.0492633 0.0172257 40.2209
-0.148523 0.00782252 51.5146
-0.0420544 0.0529877 14.2988
-0.0213143 0.0426528 8.44631
-0.00681267 0.00399537 11.1893
-0.0178528 -0.00250674 16.3425
-0.0369234 -0.0166724 25.4049
-0.0156188 -0.0590159 20.1388
-0.0301571 -0.0608523 27.3825
0.157641 0.125628 -84.0929
0.00991352 0.0079243 -2.49356
0.0435019 0.0292074 -21.7339
0.0431679 0.0355376 -21.9094
0 0 -1
0.0393442 0.0247026 -18.81
0 0 -1
0.0208295 0.0214594 -7.78232
0.00959151 0.00686728 0.897158
-0.00241812 0.0057903 8.80328
-0.0245421 0.0115905 23.4115
-0.0547524 0.0203817 43.7731
-0.0455115 0.0276325 36.3396
-0.0332176 0.0299813 27.1826
-0.0434074 0.0245924 34.6282
0.0196231 -0.00637134 14.7209
0.136199 0.0163448 -105.816
0.0856412 0.00649889 -63.0047
0.0615055 0.0212619 -43.9437
0.0520272 0.00173579 -33.8221
0.0482528 0.0013033 -30.4203
0.0408876 0.00332653 -23.7715
0.0204168 -0.000471791 -4.10986
0.00748419 -0.0060858 8.90721
0.00637743 0.000503521 9.25382
0.065028 0.0293744 -52.9239
0.102003 0.0923559 -96.2153
0.0513038 0.0961618 -43.3757
0.0514898 0.0492095 -38.9792
0.042283 0.0233797 -26.4019
0.0183679 0.0410138 -1.44043
0.00382576 0.0279899 15.9616
0.03421 0.0299636 -19.1701
0.00433321 0.0189889 16.8549
0.00282079 0.0217648 18.3375
-0.000383675 0.0120617 23.1171
0.0103946 -0.0466205 36.9946
0.00947316 -0.0168604 33.5034
0.0115477 -0.01457 33.3273
0.00192293 -0.00759474 33.2534
0.00573263 0.00666522 31.0778
-0.0111757 0.00408556 33.1546
-0.0201008 0.00256213 34.2518
-0.00608011 -0.00112302 32.6625
-0.0208265 -0.0141939 36.6022
-0.00930119 -0.0113474 33.9993
-0.0244308 -0.00657519 36.937
-0.0448499 -0.010553 41.8013
-0.0561876 -0.0192805 46.0086
-0.0828686 -0.0292776 54.7467
-0.485754 -0.0367648 179.16
-0.0368061 0.0169939 29.88
-0.00703698 -0.00708423 22.5499
-0.0415376 0.0313888 21.4629
-0.015783 0.0191097 12.9497
-0.0524449 0.0220785 27.6029
-0.0289334 0.0444196 13.7782
-0.0115177 0.0190129 6.86751
0.0299473 -0.00174917 -11.2404
0.0457837 0.0207525 -21.5731
0.0431919 0.0245072 -20.5738
0.0480331 0.00441912 -20.6602
0.0343277 0.00641289 -13.7713
0.0301061 0.0135363 -12.3241
0.0218708 0.0181031 -7.93893
0.0140929 0.0113347 -2.56656
0.00435281 0.00610936 4.10773
0.00398658 0.0118329 3.75044
-0.0121198 0.0196745 13.8309
-0.0334104 0.0275866 27.8406
-0.0513345 0.0380352 39.4575
-0.0500004 0.0321263 39.2077
0.0205473 -0.00869813 14.2656
0.0212727 -0.00486946 13.0836
0.00561592 0.0788177 -2.85764
0.0572464 0.051979 -43.5724
0.0381392 0.0421993 -25.8211
0.0312044 0.0306616 -18.538
0.0415976 0.0108512 -25.5599
0.0428671 -0.00081476 -25.316
0.0329086 0.00387629 -16.3847
0.00873062 0.00522433 6.38952
0.0104117 0.00859435 4.16363
0.0383111 0.0195416 -25.3255
0.105272 -0.017884 -88.8861
0.068593 0.0412887 -56.3088
0.0498545 0.0213658 -34.4382
0.0501713 0.0104041 -33.4328
0.00958912 0.000691636 12.5512
0.0167691 0.0204043 1.872
0.0109232 0.00758841 10.2062
0.0016858 -0.00779825 22.779
0.00468749 -0.00190671 18.5431
-0.0128909 -0.0188307 41.6936
0.0359909 -0.0873384 41.9665
0.0181773 -0.0718283 40.5933
-0.0206823 -0.0764414 43.6447
0.023317 -0.0836454 41.38
0.00855349 -0.0366248 36.4307
0.00271801 -0.0458004 38.0339
-0.0220666 -0.0253902 38.3486
-0.0164471 -0.017945 36.3639
-0.0103656 -0.113182 47.4054
0.0184911 -0.0470532 33.1409
-0.016525 0.00416401 33.6882
-0.0591435 -0.00252075 44.038
-0.0582726 -0.0270883 47.3302
-0.0903969 -0.0234881 56.1118
-0.145784 -0.00589396 68.9081
-0.0620182 0.0298533 36.7187
-0.0294528 0.0133585 28.181
-0.0139846 0.00125402 24.4002
-0.0186358 0.0786706 5.65802
-0.0375456 0.0687452 14.944
-0.0137698 0.0707128 3.85948
0.0209553 -0.00430555 -7.09575
0.0526222 0.0105398 -23.735
0.0506014 0.0126867 -22.8411
0.0401002 0.0139066 -17.675
0.0339416 0.00550312 -13.2482
0.0254073 0.00437733 -8.54779
0.0243108 0.00514383 -7.89243
0.0110254 -0.000248646 0.702531
0.00554027 0.0105123 2.65635
0.00398211 0.0156894 2.82105
0.0193858 0.0142852 -7.18888
0.00496676 0.0360921 -0.202724
-0.0177709 0.0608581 12.3547
0.129589 0.150652 -105.221
-0.0301731 -0.00308145 37.1696
-0.0233538 0.0459091 23.93
0.00483019 0.0527274 0.783725
0.00267971 0.0449307 3.89267
0.0129346 0.0460373 -4.8786
0.0323737 0.0298065 -19.2114
0.0260387 0.0323418 -14.0929
0.0237708 0.0218742 -10.7667
0.0356969 0.0133102 -20.4736
0.0283417 0.00326629 -11.9647
0.0158288 0.00882601 -0.852286
0.00950898 0.00935416 5.07578
0.0161639 0.0121844 -2.0485
0.0819415 -0.0197976 -64.5428
0 0 -1
0.0680597 -0.0209024 -48.5207
0.0483703 -0.0502386 -23.5761
0.0247048 -0.0638681 4.05104
0.0190583 -0.0207111 4.74508
-0.00414773 -0.0297642 32.6717
-0.00728512 -0.0257604 35.612
0.000933895 -0.032763 26.9482
-0.0156997 -0.039119 47.5217
0.0307412 -0.107613 44.6576
0.0503239 -0.124741 46.7964
0.00910315 -0.128182 49.8912
-0.00509588 -0.136577 50.9757
0.0606097 -0.0969626 40.1906
0.00843106 -0.0665263 35.5484
0.00663004 -0.0370141 31.3188
-0.00945679 -0.0567687 36.6341
0.0637025 -0.107557 31.5612
0.0890307 -0.101362 26.1946
0.00957119 0.0092699 27.4824
-0.0541106 0.006083 41.724
0.0272899 -0.143448 40.2678
-0.0491334 -0.0644849 49.3308
-0.0854068 -0.0153266 52.0395
-0.0709659 0.0287237 39.7181
-0.048527 0.00712791 35.9705
-0.045158 -0.00526682 36.8187
-0.0271141 0.115653 4.27922
-0.0355568 0.129587 4.83003
-0.0305422 0.138461 1.31799
0.0559807 0.0269573 -28.0516
0.0591977 0.0223243 -28.7698
0.0550998 0.0170567 -25.9325
0.0381827 0.0155284 -16.9189
0.029619 0.0339254 -15.3137
0.0180266 0.0136874 -5.79637
0.0180347 0.00402462 -4.08331
0.0151621 0.00890472 -3.0432
0.00385553 0.00933709 3.9041
0.00149164 0.0156428 4.35843
0.015944 0.0146445 -5.05817
0.0492167 0.0232465 -29.173
0.079131 0.0517832 -53.5614
0.0445151 0.031091 -23.4738
-0.020557 -0.000321945 29.7114
-0.0613728 0.0113756 58.8561
-0.00980441 -0.00913327 38.4776
0.0140917 0.0516995 -6.59979
0.00134456 0.0406898 5.32264
0.0228741 0.0206699 -9.85659
0.0228477 0.0233825 -10.0853
0.0249606 0.0200404 -11.5847
0.0312894 0.0122927 -16.1286
0.033515 0.0106634 -17.9545
0.0111158 0.00574769 4.18938
0.00954799 -0.00348829 7.02072
0.00742414 -0.00270106 9.05896
0.0618785 -0.0341929 -41.9481
0.0711528 -0.0657271 -45.641
0.044866 -0.110778 -10.8199
0.037885 -0.0411302 -13.7635
-0.0262638 -0.0726372 57.2104
0.0179391 -0.047322 9.38217
0.00829473 -0.0267401 17.2177
0.000365333 -0.0379069 28.2615
-0.014057 -0.0363652 45.0805
-0.000363587 -0.0191843 26.0383
0.0206881 -0.086244 40.9812
0.0264628 -0.0888622 41.1177
-0.0301704 -0.0975848 45.6272
-0.0393747 -0.109992 48.3105
-0.0405327 -0.0932212 44.8512
0.0276696 -0.0271469 26.7834
-0.000683281 -0.0227194 30.174
-0.0170236 -0.0376218 34.8698
-0.000219846 -0.0655145 36.5123
-0.0260018 0.0150861 33.9879
-0.018381 -0.00465002 36.1021
0.0275217 -0.00149658 13.667
0.028001 -0.00352559 16.4773
-0.00531011 -0.00781933 26.8736
-0.0608482 0.0205536 38.5665
-0.0803567 0.0310077 43.2698
-0.125714 0.022169 60.3477
-0.137431 0.0998773 49.2779
-0.0847719 0.0574441 37.3592
-0.0273881 0.0782812 11.2863
-0.0346071 0.0950782 10.7369
-0.187 -0.0129963 97.6343
0.0115296 0.0940593 -18.1408
0.0484063 0.0420684 -26.8803
0.0535707 0.0456104 -30.0821
0.0154746 0.0822 -15.7302
-0.0146259 0.0456673 7.51672
0.0111665 0.0138743 -1.47395
0.00665233 0.00733572 2.5544
0.00479601 0.0110099 3.08393
0.00940134 0.0219062 -1.93102
0.031553 0.0241297 -17.3129
0.0718963 0.0298708 -46.1836
0.0986478 0.0317202 -64.1582
0.0596812 0.0249638 -34.203
-0.0230319 0.0150075 28.2861
-0.0503016 0.00502895 51.1635
0.0186819 -0.0083054 15.5963
-0.00303805 0.0509325 7.79203
-0.00192904 0.0555795 6.05678
0.0105558 0.0354947 -1.735
0.0888184 -0.0482122 -41.7399
-0.0468969 0.041987 62.4052
-0.0157919 0.0511235 31.3918
0.0126135 0.0519637 4.45303
0.00184247 -0.0125618 16.1806
0.0078647 -0.0092026 9.59655
0.00266814 -0.00841705 14.7429
0.00968314 -0.0242747 10.0705
0.028808 -0.061348 -3.31569
-0.0209656 -0.076364 52.3945
-0.0117724 -0.0198137 31.9722
-0.00633107 -0.0176987 25.4693
0.117164 -0.0161412 -109.408
-0.0803382 0.0107459 106.945
-0.0772771 0.0255559 100.634
0.130661 0.0658562 -123.223
0.136194 0.0475825 -126.473
0.0474855 -0.0586656 35.49
0.046336 0.0245886 18.7199
-0.00562527 0.0487688 16.2368
-0.0597807 0.0228635 24.2841
-0.0469714 -0.0482806 37.0205
-0.0386922 0.0415177 32.9476
-0.0453164 0.00885078 40.6438
-0.0781378 0.0132997 44.9627
-0.0594981 0.0209132 39.0336
-0.0413595 0.0106669 37.8353
-0.0982875 0.00389626 51.6335
-0.106089 0.0293583 47.6911
-0.0709184 0.0407555 35.7674
-0.0368441 0.0353851 27.7018
-0.0364507 0.0188601 31.1315
-0.0396561 0.0266877 30.7019
-0.0757082 0.0232109 41.8883
0.00482323 -0.00580826 18.663
-0.0429006 0.0456977 22.9056
-0.0422077 0.0365836 24.8218
-0.0641047 0.0496172 31.7133
-0.0897056 0.216389 8.3802
-0.0417047 0.282388 -27.3101
0.000483219 0.281986 -47.4938
0.0478574 0.240165 -63.4012
-0.000706053 0.275339 -44.7746
0.00225477 0.283417 -48.0938
0.00406148 0.290465 -50.6668
0.00800926 0.279303 -50.5731
0.00991805 0.254759 -46.6985
0.00455337 0.269091 -46.1502
0.0215988 0.240179 -51.9316
0.0418133 0.178677 -53.0289
0.058956 0.0373562 -36.9611
0.027084 0.0211084 -9.74067
-0.0220293 0.113419 7.83357
-0.0651983 0.0572348 52.3601
0.0432412 -0.00036951 -5.64245
0.022938 0.042662 -11.855
0.0156308 0.0494425 -7.20853
0.257281 0.0304056 -208.447
0.342791 -0.0197916 -272.321
-0.00664015 0.0223961 30.1395
-0.0359187 0.0295452 53.9532
0.0126051 0.0359217 7.1777
0.0030296 -0.00929924 14.3334
0.0124427 0.000846528 3.16387
0.00603423 -0.00444374 10.5894
-0.0055935 0.00480111 20.5311
-0.00665256 -0.00352195 23.2526
-0.00955832 -0.022974 30.1922
-0.00946378 -0.00461452 26.5933
0.00230522 0.00118914 12.3041
0.035315 0.0863723 -14.7712
0.0517349 0.103025 -37.4988
0.0996031 0.0826556 -89.8425
0.0958313 0.0704906 -82.3783
0.133936 0.0418616 -122.635
0 0 -1
0.0361747 0.106449 2.68267
0.00690462 0.137794 -2.48967
-0.0812495 0.00601349 45.1741
-0.0607983 0.00654005 43.1785
-0.0689467 0.0109416 43.1031
-0.046051 0.00288688 41.9016
-0.0896233 0.00521384 48.2144
-0.0691236 0.00240975 44.5816
-0.0387811 0.000256975 39.4876
-0.0874466 0.0286066 43.7233
-0.0740791 0.0517081 34.6619
-0.0798105 0.0463201 37.2265
-0.0401318 0.053175 24.6259
-0.0353196 0.0569422 22.1238
-0.0470853 0.0493301 27.9188
-0.0774216 0.0724552 32.0754
-0.098641 0.0925513 35.4865
-0.0738449 0.120457 20.0411
-0.0370385 0.157761 -2.98108
-0.00744016 0.251594 -36.8792
-0.00736696 0.270585 -41.2167
-0.0026001 0.284408 -46.5512
0.00800373 0.303075 -55.8876
0.0155174 0.279571 -54.5119
0.00631581 0.289407 -51.5763
0.00297848 0.288816 -49.6449
0.00593444 0.285559 -50.5148
0.00458295 0.289205 -50.707
0.00443276 0.283381 -49.4306
0.00868616 0.284874 -52.3653
0.0112643 0.267396 -50.0298
0.00297243 0.272969 -45.704
0.00343361 0.276156 -46.9551
0.0206972 0.237543 -51.0581
0.00397413 0.245435 -40.4487
-0.0166333 0.203866 -15.6491
0.0114433 -0.00781452 21.372
-0.0114521 0.0311003 19.2914
0.00534578 0.0382322 3.68559
0.267263 0.0164993 -214.142
0.329946 -0.0155127 -261.98
-0.0444568 -0.00255883 68.7137
-0.0213315 0.0226645 41.3556
0.0381092 0.0420304 -18.5293
0.0400572 0.0723794 -26.849
0.00901813 0.0598024 7.48872
0.0162622 0.0276286 7.33053
-0.00696811 0.0102133 20.8168
-0.00931065 0.00663551 24.0496
-0.0067453 0.00329428 22.0915
-0.00361045 0.00905013 17.486
0.00593746 0.493102 -95.9421
0.0414707 0.0925565 -23.0919
0.0537138 0.10209 -39.453
0.0839549 0.101236 -74.7009
0.0730288 0.0761991 -56.1219
0.0625861 0.0575913 -39.8885
-0.0198454 0.0159222 39.4115
-0.0246789 0.00722698 41.7363
-0.0495468 -0.000661161 44.8886
-0.072118 0.00396831 44.8767
-0.0682831 -0.00213914 45.9492
-0.0680973 -0.00227197 45.8125
-0.0493533 -0.00359893 43.8804
-0.0810641 -0.00436038 48.9878
-0.0827136 0.00259497 47.0494
-0.0275406 0.00703626 35.4964
-0.0548821 0.0236559 37.5509
-0.0918059 0.0633724 36.2985
-0.0889923 0.0772749 31.6883
-0.0379483 0.0932083 13.9111
-0.0178044 0.112864 2.87718
-0.0307962 0.105664 8.92544
-0.0544504 0.134091 10.5248
-0.0424852 0.154344 1.48891
-0.061925 0.195483 -1.74504
-0.0496521 0.217285 -11.4258
-0.00361232 0.278672 -45.3318
0.00935411 0.303591 -56.7571
0.0127051 0.30468 -58.5733
0.0130714 0.307407 -59.4183
0.0145234 0.299617 -58.3064
0.00448893 0.295487 -52.0639
0.0124636 0.301022 -57.9246
0.00223108 0.300382 -51.9501
0.00705459 0.301723 -55.2538
0.00800798 0.288948 -52.7035
0.00292385 0.294276 -50.758
-0.00187115 0.288692 -46.334
0.0057516 0.277583 -48.78
0.000209287 0.295936 -49.4589
0.00795432 0.305927 -57.6606
0.000934626 0.299538 -50.8315
0.0109113 0.283837 -54.7211
-0.13101 0.0158833 128.152
-0.0305286 0.339053 -35.3006
-0.0119021 0.378485 -60.584
0.0397468 0.305826 -86.7183
0.30688 0.02541 -250.95
0.0105503 0.0816582 -1.62729
-8.34183e-05 0.0812981 7.11548
0.0351847 0.106575 -31.5874
0.0503045 0.0666632 -35.792
0.0341018 0.0582836 -17.539
0.0129774 0.0411576 7.26571
0.0117604 0.0229238 13.175
-0.0171838 0.28449 -24.2111
0.00394061 0.22487 -31.9307
0.02881 0.211275 -56.3369
0.0334053 0.216687 -62.9087
0.0442344 0.071848 -21.495
0.0489418 0.072071 -26.5895
0.0470949 0.0557742 -20.3959
0.0467639 0.0417722 -16.8446
0.0667069 0.0483092 -42.4827
-0.0267697 0.02532 36.9794
-0.0341043 0.0144975 40.0848
-0.0622619 0.0011252 45.066
-0.0713959 -0.00267046 46.4905
-0.0714041 0.0062919 43.932
-0.0670841 0.00627056 43.4553
-0.0481303 0.0104851 39.8803
-0.0667026 0.0275749 38.2162
-0.0764585 0.0368665 37.0362
-0.0308955 0.0369827 28.6458
-0.0455216 0.0432516 30.3222
-0.0625037 0.117258 14.8293
-0.0235397 0.191623 -15.2451
-0.0275418 0.188323 -13.2787
-0.033313 0.211313 -17.8555
-0.0314855 0.218731 -20.0001
-0.00529826 0.245871 -35.8163
-0.0138717 0.244364 -32.4878
0.00509218 0.297388 -53.5204
0.00925168 0.314354 -59.6666
0.0110111 0.325187 -63.1677
0.0183966 0.327217 -66.8006
0.0121015 0.322121 -62.5162
0.00667603 0.323589 -60.2957
0.000943364 0.322669 -57.1486
0.00798685 0.315659 -59.141
0.00502587 0.311164 -56.2575
0.000691689 0.316785 -55.232
0.00551058 0.310983 -56.6317
0.0123123 0.307838 -60.0584
-0.000609148 0.311154 -52.7346
-0.00348372 0.305524 -49.1938
-0.000372592 0.310471 -52.6956
0.00914868 0.309702 -59.1801
0.00294186 0.314808 -55.9755
0.000186829 0.315197 -54.0959
-0.00167562 0.312215 -51.888
-0.0196918 0.30346 -35.0219
-0.0155397 0.31943 -42.7389
-0.000540422 0.320877 -55.4816
0.0123206 0.322503 -66.8173
0.0300843 0.23262 -58.2213
0.0346708 0.182163 -49.5739
0.00880123 0.164956 -21.6044
0.00371127 0.213813 -29.7779
0.0301526 0.163487 -41.6385
0.0247853 0.0820775 -14.681
0.00355168 0.0656608 10.7503
0.0047748 0.0744723 7.16923
0.00266602 0.191469 -21.5447
0.00194214 0.205482 -24.9365
0.0109931 0.21172 -36.2871
0.0188117 0.221713 -47.2856
0.0440747 0.0378726 -12.2598
0.0440357 0.0427155 -13.7379
0.0460013 0.0311892 -13.0793
0.0577727 0.0445108 -30.614
0.0612492 0.0415801 -33.958
-0.0261651 0.0569415 28.0175
-0.0530824 0.0550066 29.0841
-0.0711415 0.0190975 40.3732
-0.0730333 0.00402046 44.6817
-0.0657136 0.0504352 30.6294
-0.0581952 0.0933107 17.5612
-0.0181592 0.131007 1.69268
-0.0230694 0.147557 -2.34356
-0.0239899 0.232337 -27.5281
-0.00276515 0.256457 -38.3869
-0.0104855 0.248337 -34.4233
-0.0083841 0.224999 -28.2665
-0.00469176 0.25308 -37.3049
-0.0199294 0.246377 -31.3087
0.00153623 0.290058 -50.1301
0.0135415 0.298304 -56.5782
0.00185848 0.313982 -56.8144
0.00278997 0.321283 -59.145
0.0166802 0.344839 -71.0141
0.00811967 0.336872 -65.2259
0.0138027 0.33252 -66.2796
0.0174823 0.329782 -67.0608
0.00551335 0.326254 -60.4872
0.00925691 0.319178 -60.2016
-0.00774786 0.322602 -52.5713
0.000104514 0.324502 -57.2601
0.00788223 0.318544 -59.7589
-0.00626654 0.32177 -52.3417
-0.00250981 0.317873 -53.419
0.00447211 0.316392 -57.3181
-0.00185444 0.31489 -52.9884
0.00311425 0.313159 -55.6403
-0.00272316 0.320096 -53.6537
0.00121621 0.309993 -53.4791
0.0103894 0.313004 -61.0438
0.00191805 0.322651 -57.3567
-0.00393011 0.324843 -53.5581
-0.0111036 0.324388 -47.8882
-0.00895154 0.329486 -51.1464
-0.00549511 0.318637 -50.8994
-0.00354885 0.304651 -48.5819
-0.00872982 0.2904 -39.9539
0.00073066 0.279715 -45.2141
0.00528848 0.268315 -46.2281
0.00630418 0.285115 -51.848
0.00398277 0.280777 -48.3846
-0.00283518 0.286467 -43.1668
0.00624295 0.324979 -63.2903
-0.00141001 0.309008 -50.8795
-0.0157355 0.237119 -15.3971
-0.0253716 0.248191 -7.5937
-9.34107e-05 0.285294 -45.4914
0.0423394 0.245767 -81.0716
0.470552 0.111456 -525.777
0.0776962 -0.00661854 -39.325
0.0705141 0.00408756 -34.0999
0.0624417 0.0281892 -31.7129
0.0540014 0.0178952 -18.6419
-0.0407187 0.105693 13.7505
-0.0501109 0.121882 8.81877
-0.0574252 0.102583 14.4863
-0.0280091 0.225135 -25.2837
-0.0046537 0.201021 -20.0062
-0.00791417 0.199905 -19.5106
-0.0076162 0.234999 -30.636
-0.0154188 0.222497 -25.7879
-0.00882014 0.253805 -36.5803
-0.0117683 0.26694 -40.0208
-0.0225989 0.261523 -35.855
0.0128415 0.293269 -54.1069
0.0116056 0.316617 -60.8195
0.0159006 0.306859 -59.0183
0.0161999 0.321319 -63.4245
0.0122616 0.335276 -66.5704
0.013187 0.338728 -67.8816
0.0154031 0.345748 -70.7624
0.0122089 0.340789 -67.8662
0.0113544 0.336486 -66.1917
0.0163916 0.33557 -68.143
0.00704116 0.330026 -62.1471
0.000297699 0.326578 -57.8846
0.00696313 0.321082 -59.5955
-0.000584426 0.32984 -58.3642
-0.00518693 0.327081 -55.1107
0.00204331 0.322721 -57.6667
0.000251052 0.320669 -55.8076
0.00146689 0.325987 -58.2814
0.00142606 0.323161 -57.3352
-0.000296281 0.322273 -56.1615
0.00171275 0.3236 -57.849
0.00600022 0.316014 -58.51
0.000379703 0.318994 -55.4594
0.00652743 0.324689 -61.726
0.00748395 0.318518 -60.4845
0.0029223 0.325002 -58.9196
-0.0053978 0.334559 -55.1809
-0.0133298 0.343017 -51.5255
-0.0113814 0.337722 -51.6033
-0.0134364 0.325809 -46.2485
-0.0118766 0.311344 -43.1557
-0.0109494 0.313617 -44.7475
0.00667809 0.289902 -53.5903
0.0101296 0.290198 -56.7222
0.00402028 0.291126 -51.18
0.00338965 0.29012 -50.1634
0.00704486 0.299773 -56.6736
0.00263452 0.307354 -54.5739
0.000217503 0.301754 -50.5183
0.00126035 0.302998 -52.2175
0.00513873 0.310784 -58.7991
0.0286109 0.286424 -77.4055
0.135236 0.180596 -164.948
0.0962298 -0.0115916 -59.4411
0.106633 -0.0283807 -66.9374
0.0680015 0.0185916 -35.4581
0.0472376 0.022549 -11.8271
-0.0319512 0.153618 -1.5784
-0.0276994 0.173439 -8.1028
-0.0330532 0.19 -13.3241
-0.0186003 0.241428 -31.1449
-0.0169215 0.243656 -32.0018
-0.0230172 0.249942 -33.3503
-0.0115082 0.256559 -36.9442
-0.00750667 0.268246 -41.3583
-0.0088964 0.264198 -39.8096
0.00719042 0.307153 -56.999
0.0184558 0.330559 -66.965
0.0144939 0.325729 -64.2616
0.0186956 0.325773 -65.4205
0.0151938 0.337359 -68.3755
0.0194152 0.328461 -66.7472
0.0194485 0.336648 -69.3044
0.0213646 0.336172 -69.8279
0.0119893 0.332238 -65.1301
0.0177807 0.334451 -68.1162
0.00885565 0.333794 -64.2522
0.0083902 0.337837 -65.3929
0.00418175 0.330038 -60.8295
-0.00268379 0.32169 -54.9246
0.00554638 0.329029 -61.3304
0.0102003 0.327528 -63.2958
-0.00262484 0.327266 -56.6129
0.00205686 0.331605 -60.5919
0.0085201 0.326865 -62.6917
-0.00761167 0.322772 -51.7003
-0.0031355 0.3212 -53.8479
0.003235 0.326514 -59.704
-0.00371932 0.318528 -52.433
0.00446132 0.322697 -59.4937
0.00457845 0.330748 -62.1986
0.00249288 0.320763 -57.4457
0.00524563 0.316814 -58.1693
0.00495158 0.320619 -59.2427
0.0137754 0.309282 -62.4019
-0.0113085 0.342248 -52.8732
-0.0136247 0.348152 -53.0032
-0.0206222 0.343665 -45.6868
-0.0166032 0.341344 -48.4044
-0.0163444 0.345336 -49.991
-0.00393601 0.321497 -53.698
0.00321244 0.309697 -56.5394
-0.0011132 0.295258 -47.6294
0.00811596 0.279678 -51.5613
0.0116494 0.280218 -55.3008
0.010985 0.281923 -55.1046
0.0076142 0.29018 -54.4073
0.00921467 0.299284 -59.3001
0.00730574 0.306664 -59.727
0.000207809 0.307381 -52.0829
0.0220635 0.278568 -67.3667
0.0365578 0.220229 -64.76
0.0372805 0.220872 -66.0166
0.0565794 0.0508423 -32.1136
0.0455735 0.0409989 -15.6228
-0.0100031 0.179095 -10.3677
-0.00077779 0.204965 -19.6053
0.0010931 0.237232 -30.8609
-0.00937706 0.250981 -34.8019
-0.0140456 0.254697 -35.8629
-0.0112443 0.252504 -35.3447
-0.00310029 0.268137 -41.8623
0.0211546 0.293474 -54.4292
0.0179457 0.30841 -59.181
0.01818 0.334149 -68.1223
0.0125832 0.33595 -67.3139
0.0272966 0.344384 -73.979
0.0237576 0.339622 -71.2218
0.0169186 0.334524 -67.6162
0.0135904 0.335341 -66.9849
0.013315 0.325766 -63.5368
0.0127831 0.33285 -65.7453
0.0168694 0.331441 -66.8731
0.0244307 0.342808 -73.5834
0.0118141 0.338132 -66.9235
0.00299503 0.330133 -60.3678
-0.00126137 0.312532 -52.3349
0.00178985 0.320295 -56.4739
0.0045717 0.318993 -57.3489
-0.00655947 0.311667 -49.1498
0.00124666 0.323054 -57.2374
0.00639713 0.328471 -62.0812
0.00533475 0.332374 -62.7618
-0.000872353 0.324172 -56.2119
-0.00169264 0.315497 -52.8192
-0.00142296 0.319941 -54.4933
-0.00156786 0.316099 -53.0193
-0.00220553 0.313083 -51.4666
0.00265188 0.316535 -56.092
-0.00264776 0.318757 -53.0091
-0.000360784 0.315058 -53.3523
0.00672021 0.305332 -55.3507
0.00843167 0.306306 -57.2254
0.018028 0.296963 -61.6847
0.00958321 0.317199 -61.7418
-0.0150978 0.345311 -50.8076
-0.023296 0.347422 -44.3355
-0.0218826 0.356298 -48.6779
-0.0225464 0.339688 -42.2983
-0.015344 0.323928 -43.4522
-0.00854292 0.3119 -45.7868
-0.00439235 0.291399 -42.9474
-0.00303342 0.27568 -38.8297
0.0101983 0.272323 -51.2356
0.00880537 0.277905 -51.6093
0.0193716 0.297941 -69.8223
0.00261621 0.306941 -54.5457
-0.00155965 0.280736 -40.8965
0.00503779 0.280561 -48.3815
0.0251893 0.253439 -62.4068
0.0174651 0.276047 -60.9039
0.0177407 0.294575 -67.8367
0.0359895 0.302952 -92.6726
0.0157123 0.189926 -14.4078
0.0182512 0.222581 -26.3546
0.00803908 0.244019 -33.5672
-0.00858725 0.244002 -32.4298
-0.0115888 0.235083 -29.1607
-0.00307021 0.249161 -35.1275
0.0140968 0.261247 -41.8553
0.0383444 0.296949 -58.3299
0.0343555 0.311869 -63.0919
0.0202729 0.334129 -68.372
0.014563 0.324915 -63.8209
0.01383 0.32614 -64.2205
0.0233124 0.325731 -66.3394
0.0133584 0.32786 -64.2644
0.00638454 0.312443 -56.6779
0.0140664 0.289557 -51.1638
0.0146041 0.304789 -56.6416
0.0328597 0.316264 -67.5213
0.0243527 0.327073 -68.0614
0.00514666 0.329612 -61.1242
-0.00612483 0.299063 -45.4384
-0.00408712 0.296191 -45.2304
-0.000912577 0.289713 -44.4164
-0.00288774 0.280473 -40.0832
0.000496521 0.274115 -39.5994
0.0107487 0.310465 -57.9966
0.00454684 0.326361 -60.2477
-0.00275606 0.316164 -52.3066
-0.00610808 0.308402 -47.5354
-0.0047828 0.302709 -46.3608
-0.00328435 0.306435 -48.5829
-0.00237227 0.309953 -50.3338
-0.00164955 0.299458 -47.1032
0.00020601 0.288288 -44.4376
-0.000392363 0.293498 -45.8065
0.0020568 0.295082 -48.1482
-0.000981267 0.282422 -41.3018
0.00178059 0.281498 -43.1527
0.0103578 0.272315 -46.6876
0.0076625 0.292123 -51.5556
0.00578829 0.327653 -62.6154
-0.0248293 0.342037 -41.104
-0.0287173 0.317447 -28.7016
-0.0247826 0.321238 -33.6875
-0.0213011 0.312026 -33.5804
-0.0201346 0.302681 -31.2836
-0.0166319 0.292412 -31.0809
-0.00872332 0.27172 -31.5502
0.00755967 0.256361 -42.875
0.0140589 0.253187 -48.4614
0.0156288 0.24692 -47.7782
0.00274867 0.0904741 23.5331
-0.000353859 0.249146 -31.175
0.00690103 0.258723 -42.8963
0.0204117 0.268645 -61.8415
0.0137327 0.253974 -48.6763
0.0137137 0.252571 -48.1597
0.0104654 0.0830346 17.7789
