0.0804904 0.0264478 3.58203
0.0584046 -0.0105178 4.94969
0.0632237 -0.0239412 5.32597
-0.00230821 0.0779993 24.2069
-0.0113589 0.00839326 24.9952
-0.00895848 0.00773547 24.7612
-0.00125942 0.00541259 23.8477
0.0189336 0.00920058 20.7143
0.172402 0.0142067 -17.9823
0.330145 0.126823 -48.7993
-0.0593036 -0.0412882 36.3498
-0.093054 -0.153665 45.1946
-0.0518726 -0.161746 34.8382
-0.0711334 -0.0886614 37.5851
0.0462405 0.0194127 -1.0177
0.0126936 -0.0639415 12.4199
-0.0112474 -0.0491519 20.1383
-0.0163171 0.03215 16.0953
0.0262191 -0.0124505 0.583108
-0.0255509 -0.0771746 23.3103
-0.0174917 -0.0659339 18.6312
0.0672665 -0.0987358 -19.8823
0.0352687 -0.161331 -4.59091
-0.0125072 -0.120569 20.0023
-0.076226 -0.0935478 50.8172
-0.0253055 -0.0407634 22.1198
0.0338284 -0.0485611 -11.1037
0.0438282 -0.0688425 -15.9828
0.0136179 -0.112853 2.84478
0.0133776 -0.0559581 1.87854
-0.0283099 -0.0455335 28.0873
0.0271564 -0.0409232 -10.0493
0.0202744 -0.0765225 -3.57626
-0.0825176 0.0594814 72.6471
0.0494412 -0.0990142 -21.5012
-0.000224578 -0.0208067 14.449
-0.0814197 0.000298448 75.3707
0.0065262 0.0377519 4.23682
0.0316123 -0.0660362 -14.4666
0.0680825 -0.143936 -43.5382
0.0806297 -0.15326 -53.59
0.0569378 -0.089622 -34.1678
-0.000188193 -0.0166195 16.8839
-0.0747294 0.0393759 83.9864
-0.0564652 0.0385538 66.7084
-0.0120413 -0.00999453 46.8345
-0.0258124 -0.00233776 60.459
0 0 -1
-0.0314651 0.00852867 65.971
-0.043453 0.0293791 52.1114
-0.0436152 0.0677533 51.0616
-0.0163957 0.0576346 22.0016
-0.0128541 0.0614204 18.0535
-0.0156962 0.0947713 20.6467
0.0649815 0.0556567 -72.7891
0.0693823 0.0120696 -76.1732
0.0496601 -0.0101823 -52.1211
0.0356278 -0.00303794 -35.2105
0.061613 0.0171958 4.1437
0.0368404 -0.0229689 6.23672
0.0087514 -0.0512499 8.83414
0.017619 -0.0199675 6.67409
-0.0345968 -0.696899 43.1315
-0.00293729 -0.0176642 24.3926
0.00863645 -0.0189826 22.8167
0.00632933 -0.00621882 23.1397
0.0485289 0.00303245 5.16145
-0.0460815 -0.0329037 32.9957
-0.140584 -0.131153 56.1085
-0.0562318 -0.13633 34.6502
-0.0560224 -0.0955962 32.7802
-0.00640371 -0.0349848 17.3116
0.0154632 -0.0296843 11.041
-0.025432 -0.0864471 25.7741
-0.0712674 -0.0752873 40.8872
-0.0568611 0.000310983 31.5302
-0.0121442 -0.0374326 16.6241
-0.0295681 -0.077955 24.0862
0.00518945 -0.0421028 7.34652
-0.00478021 -0.0711663 13.0039
0.00565551 -0.0793538 8.40469
-0.0329061 -0.0957675 28.568
-0.0126565 -0.0278425 14.9281
-0.00259791 -0.0338988 9.18335
0.01076 -0.0391297 1.67602
-0.00569951 -0.0829818 13.071
0.0185143 -0.0668196 -2.1638
0.0387467 -0.0708033 -14.1001
0.000721466 -0.0212937 8.4734
-0.00453024 -0.0035027 10.7303
0.0462297 -0.0340701 -22.6205
0.0690781 -0.0627834 -38.1076
0.0825998 -0.0946161 -46.0915
-0.0153357 -0.0329824 25.4827
-0.0648467 -0.0234993 63.0722
-0.0395923 -0.0154424 43.3809
-0.0426182 -0.0458105 46.8029
0.0469632 -0.0778092 -27.5282
0.0590869 -0.0830482 -37.4045
0.0938051 -0.0693114 -67.6186
0.0293476 -0.0643778 -9.89682
-0.0259941 0.0565796 37.4383
0.91651 0.111423 -859.291
0.00547496 -0.00550361 29.4702
-0.0402866 -0.0180355 75.3668
-0.00172237 -0.00533629 7.60135
0.00830527 -0.0213488 -1.96437
-0.0270022 -0.036614 36.4256
-0.0198909 0.00746468 27.361
-0.00477433 0.0278156 9.78446
-0.00350608 0.0211159 8.7999
-0.00155992 0.04015 5.96945
0.0443422 0.0570516 -48.3306
0.0539947 0.00773205 -58.047
0.0453985 -0.00577849 -47.2906
0.057868 0.0133268 -63.2062
0.0435928 0.0249328 4.13449
0.0135244 0.00330727 5.9704
0.0141762 -0.0150507 6.59389
0.0263132 -0.0115205 5.4532
0.0347352 -0.0102626 4.67069
0.0698047 -0.0321977 3.10258
0.596439 -0.0358774 -64.4012
-0.0168056 -0.00921699 27.1985
-0.0595941 0.025586 32.44
-0.0414877 -0.000371213 30.7478
-0.0429717 -0.100817 30.3126
-0.0623779 -0.116645 35.9392
-0.0536668 -0.0758222 31.953
-0.0191901 -0.0732326 22.48
0.0122578 -0.13717 16.3007
-0.0244505 -0.0899965 25.5444
-0.0360536 -0.0226959 25.8752
-0.0472306 -0.0188402 28.8486
-0.0685214 -0.0325452 38.6215
-0.0263909 -0.0374919 21.1567
-0.00825713 -0.0367126 13.2105
0.00301517 -0.0662179 9.97636
-0.00919551 -0.0526559 14.461
-0.0313628 -0.0528815 25.8022
-0.0296915 -0.0414135 24.4781
-0.00999527 -0.042302 13.8565
-0.00344764 -0.0342763 9.73707
0.0133959 -0.0462823 0.388778
0.010918 -0.0311892 1.27773
0.0311938 -0.067425 -9.92958
0.0148204 -0.0315077 0.117965
-0.00104183 0.00230776 8.44631
0.0250755 -0.0274318 -7.76004
0.0300443 -0.0442707 -10.4293
0.10492 -0.0696967 -64.7752
0.0191154 -0.00866421 -1.42637
-0.0241944 -0.00403986 31.4098
-0.00151019 -0.0879848 15.2478
-0.0112539 -0.0484182 21.0731
0.0111942 -0.0496574 2.82073
0.0611969 -0.0708294 -39.2606
0.0637163 -0.0466487 -42.344
-0.0676461 -0.146579 77.6046
-0.0425963 -0.0100452 46.4776
0.011733 0.203705 -16.6757
0.0244973 0.0040493 10.0524
-0.00643256 -0.00360707 41.1705
-6.13752e-05 0.0041849 5.53818
-0.00613345 -0.0110416 12.8669
-0.0163368 -0.0272811 24.773
-0.0132357 -0.0301302 21.5498
0.010596 -0.0277105 -4.88423
0.0129607 0.138068 -15.6571
0.0156759 -0.00637253 -12.0811
0.00553689 0.239637 -12.4001
0.06515 -0.0261652 -69.1245
0.0610011 0.0161421 -66.8562
0.0594064 0.0195172 -65.0425
0.0260288 0.0222766 4.44515
0.00182904 0.00852983 5.85695
0.0190453 0.0061459 4.74246
0.0203062 0.00384142 4.90634
0.0569844 0.0145822 1.29282
0.0672198 0.0229849 -0.278719
0.578404 -0.0331451 -61.5908
-0.0152344 -0.00527227 26.4668
-0.0325131 0.00645283 28.6996
0.0112009 -0.0421395 13.943
-0.0014493 -0.0724809 18.9739
-0.292687 -0.0371271 86.4458
-0.0134598 0.0101205 10.6716
-0.00201412 0.000562178 7.94011
0.0173881 -0.102469 12.0186
0.0179621 -0.0518235 8.10473
-0.00155175 -0.0166636 13.262
-0.0423251 -0.0307437 28.8508
-0.0473713 -0.0381747 30.0827
-0.0266307 -0.0210234 20.7048
-0.0265779 -0.0147846 20.11
-0.00931902 -0.0395488 13.6894
0.00741442 -0.020929 4.57109
-0.0351586 -0.0369699 26.8539
-0.0270404 -0.0391451 23.1032
-0.0164005 -0.0273207 16.0314
0.00134051 -0.0384783 7.31355
0.00811887 -0.0432578 3.70271
0.030738 -0.0493871 -9.66543
-0.00671388 -0.0247789 12.0313
0.0384766 -0.0413714 -15.9917
0.0171527 -0.0303675 -1.32787
0.00736989 -0.0129761 3.90785
0.0402016 -0.0417667 -18.045
0.122726 -0.0190021 -80.2962
0.034237 0.0416314 -16.4635
0.0250726 -0.0756557 -7.84349
0.0302697 -0.0653367 -12.2408
0.00190155 -0.0357725 9.88978
0.0122678 -0.0815117 4.03
0.0657591 -0.0689747 -42.7754
0.0930426 -0.0604026 -67.3261
0.000701258 0.00416208 5.03277
-0.00801569 0.00613838 12.8946
0.0113311 0.0120181 22.5453
0.0172777 0.014557 16.5961
-0.00212013 0.00561071 36.4618
-0.0021342 0.0263612 6.46835
-0.0055936 0.0130068 10.9622
-0.0479236 0.00476066 56.2688
-0.0143929 -0.0420123 22.6009
-0.0161976 -0.0238342 22.9052
0.00980796 -0.0453303 -3.72534
0.0125919 -0.0347049 -7.78656
0.0340424 -0.0388464 -32.611
0.0999778 -0.00041897 -112.614
0.0781369 -0.00211582 -85.8889
0.0481321 0.00573331 -50.1355
0.00628435 0.00835692 5.92875
0.0134102 0.00644063 5.7996
0.0141183 0.0231327 3.935
0.0366579 0.0283865 1.72644
0.0564439 0.0385184 -0.575512
0.055094 0.0260697 1.35882
0.00923359 0.00226901 21.9991
-0.00387865 0.012923 23.0118
0.0116815 0.0241343 19.3894
0.00522495 -0.0502037 15.1933
0.00894607 -0.072361 16.4204
-0.0326072 -0.0370062 22.342
-0.0647704 0.0117908 25.7307
-0.0202961 0.0317752 10.5563
0.0412514 -0.0196083 -2.26997
0.110406 -0.0603197 -21.8135
0.00521099 -0.0418893 13.1331
-0.0877389 -0.0626306 48.8485
-0.0273794 -0.0425321 23.0213
-0.013262 -0.0204213 15.1371
-0.0143782 -0.0153004 14.9753
-0.01553 -0.0197348 15.3465
-0.015526 -0.0296855 16.6582
-0.0278673 -0.0147264 21.0347
-0.0285734 -0.0390074 23.8468
-0.0293582 -0.0217753 22.7089
-0.00589436 -0.038767 11.3755
0.00300455 -0.0420799 6.44518
0.0270566 -0.0338484 -8.8319
0.0127709 -0.0348795 0.570645
0.0290543 -0.0150179 -12.1897
0.0330463 -0.0335544 -12.6297
0.0112427 -0.0283965 2.86581
0.00799908 -0.059004 7.18858
0.0634569 -0.0690728 -32.9966
0.0820123 0.0414202 -53.4419
-0.0174732 -0.0424298 23.3676
0.0212806 -0.0361631 -8.31219
0.0150583 -0.0569423 -0.724003
0 0 -1
0.0106593 -0.0679879 4.06448
-0.0054911 -0.0113853 12.0461
-0.0349507 0.0525328 32.8619
0.00197182 0.0141702 2.65698
-0.00238693 0.00486414 7.67519
0.0192797 0.00749255 15.1733
-0.0179354 0.00780297 52.0321
-0.0148978 0.0114298 21.2537
-0.0189849 0.0204389 24.5528
-0.0420643 0.0136114 49.823
-0.0411156 -0.00494669 49.2748
0.0102686 -0.0105792 -7.34012
0.0087095 -0.0134497 -5.22955
0.0201368 0.0103609 -21.1912
0.0986234 -0.0101693 -110.827
0.132559 0.0126111 -153.174
0.0409107 0.00189786 -40.7388
0.0133574 -0.0134668 -5.45514
0.0151673 -0.00847982 7.36286
0.0194415 -0.00105917 6.47914
0.0268101 0.0184987 3.74353
0.0367583 0.031577 1.47593
0.0462309 0.0299553 1.83549
0.0450961 0.00749872 4.57274
0.0177974 0.00156189 20.8532
0.0151631 0.000232932 21.4158
-0.00152939 -0.00476019 11.8286
-0.0120394 -0.0110893 14.5549
-0.00832269 -0.0271793 15.6062
-0.0193196 -0.0188246 17.2623
-0.0233708 -0.00529988 16.7107
-0.0333553 0.0276113 15.6712
0.0245766 -0.011838 1.30076
0.0761915 -0.0277245 -14.2419
0.0742641 -0.0180697 -13.2073
-0.0276879 -0.0851244 27.5188
-0.00496985 -0.0433573 13.7084
0.0108596 -0.0415656 7.29702
-0.00643049 -0.0196973 12.2339
-0.0210933 -0.0163495 17.7495
-0.0280745 -0.0289095 22.5487
-0.0166774 -0.0295821 16.3596
-0.0235125 -0.043833 21.568
-0.0260922 -0.0458114 23.3704
0.00161827 -0.0446875 7.61819
0.0137975 -0.0482823 0.937343
0.0278252 -0.0380606 -8.78127
0.0321428 -0.0276103 -12.2824
0.0352872 -0.0146148 -16.1468
0.035649 -0.037545 -13.7351
-0.0314101 -0.0334103 32.7539
-0.0643333 -0.0147121 53.9508
-0.02531 -0.0369744 27.7116
0.0371129 0.0161236 -16.2839
0.0201485 -0.0103156 -10.0937
0.0189956 -0.00761397 -9.46654
0.0209295 -0.0101532 -10.7476
0.0152068 -0.0176591 -4.94182
-0.00406431 -0.0226127 12.3038
0.0151916 0.00540663 -8.2617
0.00772293 0.00558 -1.39999
-0.00555693 0.0163954 9.37105
0.0173777 0.00566867 17.2291
0.0168717 0.00278812 18.0621
-0.0153513 0.0108209 49.0638
-0.00439633 -0.00164225 11.7762
-0.0438452 -0.0183733 54.7676
-0.0715034 -0.00534653 83.4476
-0.0038635 -0.022858 10.2381
-0.00593813 0.000886405 9.71887
0.0154254 0.0170678 -15.8317
-0.0141796 0.0354468 16.0972
-0.103001 0.00777999 124.278
0.220044 0.0208381 -259.133
0.3289 -0.10176 -382.984
0.0578189 -0.0049358 -61.1675
0.0350992 0.000972614 5.62444
0.0353579 0.00872552 4.7945
0.0342237 0.0311836 1.61111
0.0587921 0.0378439 -0.675289
0.0375409 0.0224781 3.37927
0.0410753 0.0125611 4.18822
0.0171891 0.00147936 20.924
0.0168751 0.00106175 21.0193
-0.021244 0.00262393 14.7275
-0.0177265 0.00378198 13.6291
-0.00906854 0.000542816 12.2833
-0.00580529 -0.0107003 12.9849
-0.0188258 -0.00893082 16.2715
-0.0445034 0.00403957 21.6275
0.0313255 0.00242196 -2.63992
0.0798197 -0.00491468 -17.8432
0.0834806 -0.00603287 -18.1958
-0.0303237 -0.00987276 18.6818
-0.00180802 -0.0446145 11.8832
0.0183463 -0.0158747 -0.0760357
-0.0064922 -0.00219177 10.0011
-0.0343511 -0.0107174 23.2105
-0.0357836 -0.0214356 25.3008
-0.0337155 -0.0229765 24.3646
-0.0231404 -0.0206599 18.484
-0.029257 -0.0194423 21.3836
-0.00985106 -0.0382652 13.1952
0.0125199 -0.0617365 3.27007
0.0433848 -0.0407876 -18.3283
0.0532907 -0.0239622 -26.5909
0.0348808 -0.0199402 -15.0749
0.0510336 -0.0213813 -26.8809
-0.0802779 0.0153601 60.3642
0.0651036 0.0180808 -45.2028
0.0872479 0.0521876 -66.2275
0.0300397 -0.00898732 -7.72901
0.0262368 0.0202265 -19.1902
0.0188334 0.00988254 -11.6866
0.0208665 0.0280978 -15.855
-0.00712777 -0.00326158 12.3935
-0.0149484 -0.0415908 24.2332
0.0171008 -0.0146186 -7.39197
0.0197239 0.0233545 -14.7317
0.00304481 0.0329012 -0.88921
0.349343 0.0058735 -305.606
0.0177336 0.00253795 17.3168
-0.0162849 -0.00490719 52.145
-0.0258232 0.0143504 31.7676
-0.0662525 -0.0284792 79.3647
-0.0810263 -0.0350532 95.5185
-0.0357419 -0.0110325 43.5223
0.01276 0.0303108 -14.826
0.0162903 0.0296681 -18.569
0.00798823 0.0355885 -9.91684
0.0182072 0.0175059 -19.575
0.131985 -0.362851 -104.265
0.113298 -0.354145 -83.0666
0.154408 -0.0612987 -173.535
0.0420776 0.0386913 0.157418
0.034769 0.0286934 1.54898
0.0418108 0.0477269 -1.23577
0.0343643 0.0996947 -9.51041
0.037531 0.0651793 -3.6048
0.0418183 0.0433504 -0.548788
0.0146575 0.0052553 20.6397
0.0132375 0.00480857 20.966
-0.0392662 0.0305227 14.0125
-0.0310534 0.0358697 11.5262
-0.0331981 0.0233174 14.0329
-0.0150734 0.0129628 11.7271
-0.0231124 0.000399789 15.7601
-0.0320892 0.0130894 16.5266
-0.0240895 0.0312514 10.4084
0.0634973 0.0139999 -15.4234
-0.00879543 0.00505597 13.1125
-0.192573 0.0286871 75.2991
-0.00532026 0.0516138 -0.877804
0.00828458 0.0597507 -7.50972
-0.0251619 0.0479408 9.73257
-0.0127458 0.0243773 7.37821
-0.0143034 0.00868916 10.0644
-0.0457407 -0.00626455 28.692
-0.041723 -0.00577737 25.8175
-0.042572 0.0280237 21.0695
-0.0205036 0.00387724 12.7601
0.00173087 -0.0203745 3.51911
0.0540254 -0.012357 -29.1259
0.0577125 -0.0142691 -31.0117
0.0541286 0.0281099 -35.3473
0.0450617 0.0425361 -31.5693
0.0834097 -0.00652104 -49.2987
0.0856735 0.047638 -65.2819
0.334959 0.0567131 -249.554
0.072911 0.00828979 -43.4518
0.0496408 0.111056 -51.4081
0.0463689 0.131311 -52.2194
0.0320559 0.147294 -43.169
0.0397806 0.323427 -77.983
0.0286352 0.341683 -71.3913
0.0451948 0.410584 -97.2617
0.0513814 0.551999 -125.469
0.0460323 0.574492 -124.324
1.04606 0.399768 -1044.75
0.0154673 -0.00344917 20.3966
-0.0286897 -0.00348799 64.1982
0.102858 0.543572 -177.657
0.06056 0.199014 -78.3516
0.0639062 0.173007 -76.9494
0.0975308 0.0903241 -99.1386
0.00957691 0.0477213 -13.2614
0.0106501 0.0766432 -18.9518
0.0102159 0.0538379 -15.0792
0.0387858 -0.0203042 -14.0232
0.057366 0.131483 -66.9481
0.0588811 0.102528 -64.3277
0.0784194 0.212633 -104.263
0.0458264 0.0453153 -1.09609
0.0907161 0.0779408 -8.94207
0.0647467 0.238442 -34.7612
0.05065 0.0351134 -0.264225
0.0508247 0.0352058 -0.404461
0.0358065 0.128546 -14.6213
0.00488508 -0.00462373 23.9101
0.00837306 -0.00662925 23.726
-0.0245751 0.0616613 5.75385
-0.0261707 0.0606028 6.42905
-0.030856 0.0806693 3.63888
-0.0245735 0.0653993 4.93206
-0.0192664 0.0495045 6.37625
-0.0359026 0.0692379 7.58265
-0.00934467 0.0930535 -5.04686
0.023958 0.0600965 -9.6841
0.0185528 0.0462906 -4.52559
-0.167995 0.024392 67.8204
-0.0240637 0.0809594 1.38304
-0.0159363 0.150039 -12.9854
0.00709817 0.110741 -15.3661
-0.0266471 0.103163 -0.00410784
-0.0186007 0.0803934 0.125319
0.140059 -0.0315557 -47.2942
-0.269628 -0.0148521 161.376
-0.0284463 0.304386 -35.5075
-0.00514976 0.298932 -47.4698
-0.00288926 0.276609 -44.4711
0.0367543 0.282235 -69.4294
0.0454519 0.254693 -69.8795
0.0466617 0.173704 -56.0287
0.0299962 0.20715 -50.7644
0.0172119 0.201764 -40.6932
0.000304104 0.279519 -44.1225
0.204468 0.0915463 -159.2
-0.00496078 0.0595035 6.38737
0.0420264 0.15722 -52.4866
0.0168133 0.187124 -37.8872
0.0503671 0.0370695 -37.5305
0.0458568 0.0671277 -39.4656
0.057363 0.0947315 -54.1515
0.0480527 0.0676269 -40.7753
0.0530139 0.0627363 -44.5881
0.0566825 0.0571046 -46.9021
0.0286803 -0.0011902 6.95333
0.0241023 0.00605344 10.3183
-0.00107836 0.0036545 35.5983
0.00740711 0.0993312 -5.61554
0.0257596 0.0614241 -16.6893
0.0413621 0.0433355 -29.4858
0.0750466 0.0578992 -68.3649
0.0478397 0.0187637 -30.9788
0.0324958 -0.00766135 -8.9408
0.0361186 0.00279078 -15.2073
0.0414228 -0.00779215 -19.948
0.0325528 -0.00923446 -8.73075
0.0269923 0.0322005 -9.32686
0.060549 0.0170399 -47.4328
-0.0152497 0.0923403 -0.306936
-0.0357104 0.115874 -4.48806
-0.0354435 0.110511 -3.16296
-0.0242425 0.0772716 3.53411
-0.0435247 0.0820941 3.90556
0.0335135 0.118791 -11.8114
0.0224719 -0.0108309 22.4442
0.00206304 -0.0105443 25.4855
-0.017778 0.0681285 3.29939
-0.0207303 0.0713466 3.27241
-0.0300515 0.0711961 5.34585
-0.0271362 0.0577511 7.0738
-0.0324155 0.0453231 11.1261
-0.0236122 0.100501 -2.35801
-0.00899971 0.123196 -10.7765
0.0102021 0.119081 -16.7373
0.0168228 0.0251095 0.962696
-0.0455846 0.183438 -7.89173
0.000692103 0.242394 -38.3974
-0.0141603 0.201891 -23.3368
-0.0215052 0.197766 -19.6231
-0.0227097 0.224982 -24.6749
-0.0192575 0.223455 -26.0411
0.22127 -0.0182493 -91.6034
-0.301468 -0.00466671 175.727
-0.028882 0.280645 -30.0857
-0.0172122 0.311359 -42.9087
0.000208544 0.311628 -53.0993
0.0205398 0.299772 -62.8715
0.0353878 0.279694 -68.0364
0.0394621 0.264907 -67.8617
0.0208975 0.266979 -55.641
0.0143202 0.284672 -54.8272
0.0147025 0.296813 -57.6693
0.0211685 0.291193 -61.4595
0.0133305 0.232808 -43.0654
-0.00450011 0.24222 -31.7193
-0.0150687 0.288301 -32.2575
0.0045989 0.345589 -60.4203
0.0149318 0.310975 -61.7194
0.0407235 0.143276 -49.5312
0.0370792 0.0958817 -36.988
0.0470138 0.0528135 -37.5454
0.0279631 0.084311 -26.1665
0.0405785 -0.00205215 -4.38568
0.022789 0.00575354 11.5398
-0.0165445 -0.00497368 52.6597
0.0504104 0.0526405 -41.4476
0.0385735 0.0481239 -28.2977
0.0499337 0.0211719 -34.6994
0.046844 0.0169792 -30.3924
0.0394002 -0.000337224 -18.5155
0.0327091 0.00474281 -12.028
0.0348475 0.0137626 -16.2648
0.0278563 0.00407761 -6.07179
0.0344123 0.00327666 -13.4385
0.036494 0.00396293 -15.8733
0.0682319 0.00945836 -55.6305
-0.0228569 0.0953152 -1.06853
-0.0218015 0.103042 -3.37769
-0.0240531 0.0832321 1.57675
-0.0358623 0.0806503 2.86126
-0.0610746 0.0902123 3.20018
0.241173 0.0772535 -26.3428
0.029786 -0.0105767 21.5283
-0.00372401 0.00744537 22.2868
-0.0165433 0.0865996 -1.16364
-0.00890104 0.0919024 -3.88662
0.0108338 0.299966 -54.1978
0.0406901 1.04907 -235.326
0.0263021 0.331255 -66.0932
0.0167128 0.35731 -69.622
0.0130426 0.329589 -61.8549
0.00059842 0.310043 -53.408
0.00926992 0.303911 -54.7958
0.00637244 0.252831 -42.5104
-0.0120195 0.248438 -34.4239
-0.0020742 0.266345 -42.4952
-0.00837518 0.281773 -43.06
0.00760205 0.287715 -52.0236
0.0173349 0.294276 -57.7138
0.0420662 0.186756 -45.1501
-0.00746714 0.265321 -38.008
-0.0123412 0.2888 -40.8783
-0.0046706 0.300072 -47.7042
-0.00105943 0.295837 -48.7025
0.0159979 0.289939 -57.8995
0.0233632 0.286326 -62.0213
0.0326364 0.285352 -67.5066
0.0320644 0.306698 -71.5887
0.0290399 0.30397 -69.1542
0.0151312 0.320076 -62.661
0.0188392 0.312076 -63.6976
0.0126279 0.31154 -58.8449
0.0019964 0.322398 -53.0717
0.00197159 0.325948 -53.3186
0.0147932 0.341856 -67.3091
0.00524042 0.354907 -62.4355
0.00244941 0.371266 -64.1217
0.0496618 0.395841 -111.504
0.0202966 0.395293 -85.4258
0.0103427 0.416421 -81.569
0.0519941 0.0145921 -19.2984
0.0249107 0.0139494 7.4843
0.00487691 0.0292002 23.7452
0.065324 0.143739 -76.6293
0.0494901 0.108215 -52.8102
0.0210615 0.202236 -43.9299
0.0272048 0.0704853 -20.7895
0.0215582 0.069403 -14.0406
0.0244889 0.0281506 -8.04832
0.0335768 0.0310541 -19.0958
0.0410168 0.0140321 -23.7241
0.0419967 0.0273435 -27.7529
0.051314 0.0317817 -40.031
0.0440081 0.0311903 -30.7793
-0.00412497 0.141222 -12.6459
0.012462 0.217399 -33.0548
-0.0238717 0.150117 -14.8761
-0.00814234 0.182447 -23.486
0.0383879 0.342474 -67.4612
0 0 -1
0 0 -1
0 0 -1
-0.00307807 0.286356 -46.576
0.00120733 0.295541 -49.7769
0.00567431 0.310275 -54.4211
-0.00109681 0.327593 -56.9584
-0.00507572 0.295313 -47.9642
-0.00194378 0.288458 -47.1125
-0.0168878 0.281088 -40.8689
-0.00179042 0.285904 -47.2759
0.00435295 0.282524 -48.5131
-0.00245317 0.280511 -45.6134
-0.000177971 0.293666 -49.7331
0.0101491 0.284725 -51.6899
0.00333723 0.304534 -53.5081
0.0127743 0.311538 -59.5679
0.0185339 0.308194 -61.5791
0.00963802 0.312151 -58.1464
-0.000825254 0.300553 -50.0124
0.0116723 0.319991 -61.6454
-0.00496576 0.32215 -52.8325
-0.00342685 0.301548 -48.7372
-0.00072305 0.299324 -49.69
0.0178546 0.29812 -60.8622
0.026097 0.290522 -64.5883
0.0351123 0.26001 -62.6955
0.0357602 0.285633 -68.9668
0.0196815 0.285765 -57.5861
0.0212975 0.306479 -63.7936
0.0139467 0.284255 -52.6854
0.0124013 0.311521 -58.054
0.0264489 0.303491 -67.3451
0.0118872 0.317627 -59.2529
0.00918535 0.33639 -61.6434
0.0279797 0.35828 -83.1253
0.0331375 0.380692 -93.521
0.0252509 0.381539 -86.87
0.0545226 0.371017 -111.597
0.075956 0.285766 -110.557
0.053444 0.0929624 -40.2577
0.0147996 0.0558898 7.28761
0.0116801 0.553307 -116.915
-0.0109286 0.595516 -104.226
-0.012535 0.416258 -58.0524
-0.0242267 0.425272 -47.8177
-0.0258504 0.42744 -46.7222
-0.0194418 0.475852 -65.3318
-0.014411 0.451784 -65.3312
-0.0100499 0.302277 -33.1667
0.0115944 0.124413 -13.9131
0.0184977 0.10893 -18.8622
0.0409063 0.0581016 -33.4226
-0.00948277 0.281309 -48.3946
0.0173165 0.293596 -52.5386
0.0233161 0.332972 -63.113
0.0230354 0.376334 -74.7655
0.0211962 0.367162 -72.0134
0.0237842 0.345485 -66.4006
0.0217457 0.315836 -58.2888
0.00269321 0.30573 -52.7761
-0.00221293 0.279894 -44.8201
0.000310395 0.286576 -47.1525
-0.00515422 0.27187 -42.1162
-0.00942785 0.262486 -38.6878
-0.0118093 0.26618 -39.1761
-0.00856873 0.270118 -41.1378
-0.0072077 0.284695 -45.2407
0.0035718 0.315338 -56.9282
0.0061872 0.300123 -53.6748
0.00642699 0.313345 -57.1536
0.00528059 0.328711 -60.7342
0.0103766 0.326858 -62.3478
0.00989018 0.331789 -63.4961
0.00640013 0.322856 -59.4455
0.00760208 0.314909 -57.9019
0.00707923 0.315092 -57.6431
-0.00567282 0.329022 -54.8159
0.0120466 0.325392 -62.918
0.0199148 0.338272 -70.8792
0.00604779 0.332397 -61.9829
0.0157035 0.281083 -52.9326
-0.000582881 0.305286 -50.4828
0.0135396 0.309235 -60.9752
0.011351 0.288422 -54.2515
0.0388842 0.254698 -63.8207
0.0343013 0.246349 -58.3343
0.0270912 0.239678 -51.0877
0.0233363 0.232366 -46.561
0.0287157 0.254704 -56.6289
0.059162 0.212012 -68.7157
0.0512972 0.252074 -73.4118
0.0465009 0.131671 -34.7346
-0.00118977 0.170855 -5.17955
0.0208912 0.304505 -62.1144
0.0208997 0.297257 -60.6168
0.0275366 0.319778 -72.807
0.0458494 0.308302 -87.0797
0.0313417 0.314148 -74.8004
0.0345346 0.353987 -88.6652
0.00597768 0.387639 -69.0403
0.00838639 0.334489 -57.8481
-0.00431886 0.340122 -45.8727
-0.0240915 0.390597 -38.1488
0.00617558 0.335812 -56.2175
-0.0132605 0.408858 -54.7991
-0.0189998 0.383793 -40.6856
-0.0132811 0.363062 -41.2998
-0.029652 0.516901 -64.442
-0.0152918 0.474545 -70.6128
-0.0200394 0.472752 -64.3255
0.0512428 0.350168 -69.0993
0.0505788 0.343879 -67.1947
0.0294655 0.334157 -62.9501
0.0328647 0.336482 -64.1404
0.0243177 0.32373 -59.7495
-0.00178165 0.301864 -50.9621
-0.00506507 0.274085 -42.5896
-0.00813902 0.266199 -39.9521
-0.0080938 0.269529 -41.0511
-0.00633697 0.26888 -41.3011
-0.00101896 0.287044 -47.8583
-0.000316196 0.291986 -49.526
0.01438 0.318036 -60.9711
0.0111812 0.304724 -56.302
0.00290459 0.306465 -54.1827
0.00247369 0.314054 -56.0407
0.00536717 0.318613 -58.5037
0.0127788 0.319563 -61.4881
0.0165152 0.318309 -62.4
0.0149503 0.329251 -64.8824
0.0169771 0.325323 -64.7362
0.00612549 0.324385 -59.6606
0.00530277 0.32 -58.0614
0.00358619 0.320897 -57.4304
0.00211201 0.323103 -57.2604
0.00628152 0.321529 -59.0599
0.00106887 0.318708 -55.1556
-0.00226239 0.317653 -52.9729
4.35544e-05 0.308674 -51.8091
-0.00813309 0.312651 -48.2152
0.00532966 0.325118 -60.3989
0.00101775 0.326703 -57.8826
0.0244402 0.302641 -67.6167
0.025164 0.287147 -63.4055
0.0199617 0.270152 -55.237
0.0202485 0.294443 -62.4668
0.0291815 0.266506 -61.3203
0.0419855 0.232995 -61.4828
0.0303393 0.268305 -61.7034
0.0288259 0.187782 -36.3866
0.0203579 0.179512 -26.6232
0.015116 0.216275 -32.8691
0.036362 0.244052 -59.7559
0.0332968 0.236963 -54.9421
0.0320469 0.223415 -49.7723
0.043037 0.22395 -60.0365
0.0256105 0.152874 -21.3274
-0.0062134 0.173667 4.474
-0.0254983 0.257773 -0.605015
-0.0108741 0.266266 -18.1191
0.0133484 0.29419 -52.2347
0.0139234 0.283648 -50.0729
0.0108943 0.322107 -57.583
0.0166427 0.293808 -56.1057
0.00439045 0.327639 -51.6028
0.00031247 0.385859 -64.0004
0.0295694 0.325106 -81.3923
0.0186319 0.377094 -84.2831
0.0349218 0.33118 -63.1624
0.03329 0.315336 -58.1403
0.0247904 0.301497 -53.1654
0.00804017 0.274292 -43.6105
-0.00780274 0.255661 -36.7152
-0.00728927 0.259912 -38.308
-0.00460222 0.247911 -35.206
-0.0162602 0.264326 -38.6031
0.00624198 0.2978 -52.662
0.00507706 0.298203 -52.4249
0.00262741 0.30731 -54.9273
0.00433799 0.30539 -54.5554
0.00865678 0.313903 -58.1753
-0.000650302 0.314594 -55.6181
0.00971506 0.311318 -57.6862
0.0166095 0.322382 -63.3934
0.009193 0.321181 -60.4956
0.0133656 0.327451 -64.0195
0.0121726 0.328079 -63.6656
0.013359 0.321679 -62.1289
0.0133729 0.317748 -60.8688
0.00542213 0.322993 -58.9307
-0.000711606 0.326239 -57.0612
0.0114703 0.323517 -62.1817
0.00580158 0.330098 -61.2672
0.00728192 0.339058 -64.7794
0.00122181 0.327754 -58.2282
0.00159198 0.319894 -55.9712
-0.00448584 0.321052 -52.4886
-0.00836242 0.316166 -48.6722
0.0194975 0.321007 -68.4145
0.0157308 0.333304 -69.7268
-0.00457502 0.322963 -53.0842
0.0188193 0.318967 -68.3821
0.0200294 0.314211 -67.4348
0.0149645 0.316885 -64.5277
0.0216322 0.325194 -72.2089
0.0278964 0.311617 -73.1028
0.0170331 0.282542 -54.9664
0.0234582 0.284474 -61.0661
0.0338033 0.257971 -62.0636
0.0322465 0.278602 -67.0959
0.0389821 0.25779 -66.8408
0.0294824 0.257725 -58.169
0.0267111 0.240851 -50.1728
0.0439828 0.181801 -48.944
0.0288102 0.202977 -40.5895
0.0137474 0.191766 -21.9003
0.0175177 0.23536 -39.3902
0.00778024 0.216858 -23.196
0.0203443 0.240652 -44.1856
0.0139293 0.249126 -39.7289
0.0174175 0.240501 -40.911
0.0122241 0.253723 -39.1093
0.023451 0.250074 -51.0297
0.0088027 0.287609 -45.0515
0.0122868 0.286233 -49.1572
0.0410021 0.306895 -91.164
0.012471 0.293052 -50.555
0.00976988 0.270491 -42.8026
-0.00100319 0.251791 -36.0551
-0.000591341 0.259034 -38.6852
0.0035519 0.278074 -45.7732
0.0140831 0.269811 -44.169
0.00230276 0.288612 -48.9757
0.00843865 0.301034 -54.0775
0.0159095 0.307469 -57.2711
0.00468396 0.307915 -55.4037
0.0112851 0.323142 -61.8698
0.0180464 0.328934 -65.5051
0.013458 0.326422 -63.4848
0.00692252 0.324536 -61.2307
0.0184001 0.317438 -62.2177
0.0117596 0.331808 -64.9316
0.0136627 0.327921 -64.2782
0.0145666 0.331069 -65.4944
0.0130361 0.334031 -65.913
0.0103019 0.332509 -64.3319
0.00840965 0.32189 -59.9378
0.00536938 0.318959 -57.5146
0.00314789 0.326657 -59.151
0.0120971 0.327873 -64.1267
0.00889501 0.329544 -62.6981
0.00207253 0.312065 -53.0453
-0.00273515 0.321765 -53.8036
-0.00443529 0.324409 -53.6833
-0.00203729 0.327055 -55.9816
-0.00266626 0.327297 -55.7734
0.00317295 0.330251 -60.5811
0.00064565 0.325141 -56.991
0.00217869 0.333723 -61.0811
0.0100125 0.332988 -66.4338
0.0187143 0.314953 -66.9096
0.020705 0.306565 -65.3883
0.0172293 0.316153 -65.8669
0.0169555 0.319446 -66.7559
0.0126837 0.305063 -58.5647
0.0184038 0.297343 -60.8968
0.0229148 0.290603 -62.608
0.0305991 0.293979 -70.3796
0.024765 0.285956 -62.5922
0.0254414 0.279149 -61.0137
0.01914 0.271247 -52.2317
0.0180392 0.2621 -48.496
0.0182958 0.273969 -52.5199
0.0196432 0.261984 -49.8443
0.0142497 0.274218 -48.2987
0.0134157 0.263877 -44.1986
0.000738623 0.253845 -27.0626
0.0157958 0.269554 -49.0438
0.0295903 0.280585 -68.2513
-0.00158232 0.269406 -28.7313
0.0247224 0.254558 -54.4759
0.0194625 0.266562 -51.7394
0.0142747 0.27755 -49.236
0.0281881 0.280246 -67.0646
0.002573 0.284333 -47.5011
0.00326507 0.277486 -45.1183
0.00208033 0.278343 -45.6032
0.00649834 0.280195 -46.358
0.0176822 0.277018 -46.5074
0.0168708 0.292079 -51.5766
0.0141917 0.303696 -55.5059
0.0187949 0.317908 -61.355
0.00729663 0.304677 -54.6901
0.0147227 0.322316 -62.2892
0.0106239 0.324991 -62.2985
0.0153913 0.317412 -60.6638
0.0147807 0.324743 -63.1719
0.0042965 0.327124 -61.2023
0.0194785 0.322542 -64.2429
0.0181776 0.330275 -66.4481
0.0127403 0.330266 -64.6043
0.0156378 0.332979 -66.5549
0.0132325 0.327346 -63.5637
0.00391619 0.336729 -63.0354
0.00197562 0.32221 -57.1675
0.00635834 0.312372 -55.6757
0.00738039 0.318039 -58.1428
0.00738327 0.32846 -61.9624
0.0100537 0.319454 -60.0518
0.00249602 0.315686 -54.5984
0.000537728 0.313786 -52.8796
-0.00142118 0.322304 -54.6887
-0.00398312 0.32296 -53.4555
-0.000342451 0.326733 -56.9933
0.00283964 0.325301 -58.4993
0.0105978 0.326186 -64.1437
0.00529865 0.326703 -60.7031
0.00768938 0.328946 -63.1968
0.0119657 0.316815 -62.2452
0.0182181 0.304067 -62.6122
0.024514 0.307963 -68.632
0.0167986 0.32553 -68.7498
0.00483167 0.318826 -56.6581
0.00638435 0.317332 -57.4406
0.0175173 0.312951 -65.4197
0.0206141 0.301574 -64.0805
0.0214072 0.290648 -61.0856
0.0151126 0.291282 -55.2284
0.0178958 0.287166 -56.5915
0.0256072 0.286811 -64.1945
0.0258183 0.306872 -71.4248
0.0131566 0.294773 -54.3893
0.0153008 0.286646 -53.8132
0.00671292 0.293934 -47.3363
0.0160851 0.281948 -53.1836
0.0180809 0.307183 -64.4614
0.02948 0.300541 -74.651
0.0136678 0.288865 -52.3653
0.0169631 0.275979 -52.115
0.022238 0.274129 -57.4143
0.0400475 0.274897 -79.4832
0.0213621 0.275092 -56.9341
0.00013163 0.281048 -46.3136
0.000928175 0.278171 -45.2859
0.00413357 0.281918 -46.8369
0.0121438 0.282565 -47.665
0.0197853 0.279815 -47.6817
0.0290514 0.276681 -47.3649
0.017954 0.28413 -48.9498
0.0103905 0.300816 -53.8503
0.00987381 0.288857 -49.4897
0.016838 0.298483 -54.177
0.0135194 0.291172 -50.8621
0.00971805 0.292527 -50.3833
0.0113627 0.285675 -48.3227
0.0110727 0.307642 -56.2842
0.0140093 0.297813 -53.6366
0.0243191 0.299399 -57.4787
0.0211912 0.326452 -66.2115
0.00929207 0.321573 -60.0568
0.0104613 0.301671 -53.2418
0.0029335 0.305941 -51.6463
-0.00632206 0.302738 -46.5566
0.00593627 0.300353 -51.1772
0.00581103 0.301571 -51.5264
0.00829097 0.30931 -55.5629
0.00454805 0.305229 -52.0733
0.00640342 0.300157 -51.2253
0.00120272 0.302387 -49.159
-0.00178277 0.312847 -51.1989
-0.00381006 0.309143 -48.6812
0.00205885 0.308909 -52.3139
0.00335594 0.31459 -55.1088
0.0077326 0.31331 -57.5427
0.00553795 0.313426 -56.1474
-0.00358312 0.313512 -49.6174
-0.0044484 0.284731 -38.5316
0.0165001 0.271295 -49.466
0.0244208 0.274958 -56.8822
0.0230944 0.287216 -60.2238
0.012546 0.295111 -54.6338
0.003596 0.284151 -43.199
0.0138474 0.290958 -54.3792
0.0094747 0.274889 -44.5514
0.0212101 0.264025 -51.3266
0.0216926 0.286433 -59.7809
0.0184087 0.271868 -51.5687
0.0203069 0.290985 -60.2141
0.0213513 0.295586 -62.7749
0.00708933 0.320481 -57.2226
0.0183016 0.275879 -52.9684
0.0147903 0.302088 -58.6091
0.0103881 0.288446 -49.0314
0.0231572 0.291702 -64.4613
0.0237815 0.286381 -63.0974
0.0214243 0.277329 -57.143
0.0192997 0.2932 -60.7294
0.010588 0.260024 -38.3595
0.0133378 0.2505 -38.2789
0.0110032 0.25682 -37.7167
