0 1 3
1 2 3
2 3 3
3 4 3
4 5 3
5 7 3
7 8 3
8 9 1
9 10 3
10 11 3
11 13 1
13 14 1
14 15 3
15 16 3
16 17 3
17 18 3
18 19 3
19 20 3
20 21 3
21 23 3
23 24 3
24 25 3
25 26 3
26 85 3
28 85 1
28 29 3
29 30 3
30 31 3
31 32 3
32 34 1
34 35 3
35 36 3
36 37 1
37 38 3
38 39 3
39 40 3
40 41 3
41 42 3
42 43 3
43 44 3
44 45 3
45 46 0
46 47 3
47 49 3
49 50 3
50 51 3
51 52 3
52 53 3
53 54 1
54 55 3
55 56 3
56 57 3
20 79 3
11 70 3
21 79 3
13 70 0
47 48 3
48 49 3
2 60 3
1 60 3
5 63 3
4 63 3
28 86 2
39 97 0
40 98 0
56 114 3
1 59 3
32 90 3
39 98 0
43 101 3
0 59 3
5 64 3
21 81 3
85 86 0
31 90 3
38 97 0
97 98 3
57 114 3
63 64 3
7 64 3
16 74 3
21 138 3
23 81 3
35 93 3
37 95 0
38 95 0
38 96 0
10 67 1
17 74 3
31 89 3
32 92 1
34 92 3
34 93 3
36 95 3
96 97 3
49 107 3
50 107 3
8 66 3
9 66 2
9 67 1
15 74 3
24 81 3
25 84 3
30 88 3
30 89 3
36 94 3
95 96 3
42 100 3
42 101 3
46 104 3
51 109 3
52 109 3
54 112 0
4 62 3
13 71 0
14 73 2
15 73 2
17 76 3
24 82 3
25 82 3
26 84 3
28 87 1
29 87 1
29 88 3
35 94 3
41 98 0
44 102 3
45 102 3
45 104 0
48 105 3
52 110 3
52 111 3
53 111 3
54 111 0
55 113 3
0 58 3
3 62 3
7 65 3
70 71 3
13 73 2
18 76 3
18 77 3
19 77 3
19 78 3
20 78 3
79 138 3
41 99 0
41 100 3
44 101 3
47 105 3
50 108 3
51 108 3
109 110 3
110 111 3
57 115 3
59 60 3
64 65 3
8 65 3
74 76 3
81 138 3
94 95 3
98 99 3
100 101 3
47 104 3
48 106 3
112 113 3
113 114 3
58 59 3
62 63 3
66 67 1
11 69 3
81 82 3
25 83 3
88 89 3
89 90 3
92 93 3
93 94 3
101 102 3
111 112 3
65 66 3
10 69 3
77 78 3
78 79 3
83 84 3
84 85 3
99 100 1
49 106 3
114 115 3
3 60 3
86 87 1
45 103 0
104 105 3
106 107 3
108 109 3
60 118 3
67 69 0
82 83 3
87 88 2
69 70 3
102 103 0
103 104 3
107 108 3
76 77 3
105 106 3
71 73 1
73 74 1
32 149 3
92 149 3
71 129 3
90 149 3
70 129 3
104 162 3
105 162 3
64 122 3
65 122 3
3 118 1
62 119 3
102 159 3
103 161 3
118 119 3
74 134 0
101 159 3
102 161 0
74 133 0
133 134 3
76 134 0
103 162 3
105 163 3
106 163 3
106 165 3
96 155 3
97 155 3
106 164 3
107 165 3
108 166 3
109 166 3
114 171 3
119 120 3
67 126 2
163 164 3
164 165 3
108 165 3
111 170 3
113 171 3
60 117 3
63 121 3
69 126 3
73 132 2
74 132 0
89 147 3
112 170 3
59 117 3
62 121 3
69 127 3
70 128 3
71 130 3
73 130 2
132 133 3
77 134 0
77 135 3
78 135 3
84 142 3
85 142 3
90 147 3
96 154 3
98 156 3
99 156 3
99 157 3
100 157 0
110 168 3
171 172 3
114 172 3
58 116 3
58 117 3
62 120 3
66 125 3
67 125 2
127 128 3
129 130 3
79 137 3
81 139 3
93 151 3
93 152 3
94 152 3
95 153 3
95 154 3
98 155 3
100 158 3
101 158 3
109 167 3
109 168 3
111 168 3
111 169 3
112 171 3
114 173 3
115 173 3
120 121 3
121 122 3
128 129 3
78 137 3
137 138 3
138 139 3
82 139 3
87 146 2
88 146 3
92 151 3
152 153 3
161 162 3
162 163 3
167 168 3
169 170 3
170 171 3
126 127 3
89 146 3
92 150 3
151 152 3
153 154 3
154 155 3
156 157 3
159 161 0
166 167 3
168 169 3
117 118 3
134 135 1
83 139 3
86 144 0
149 150 3
150 151 3
158 159 3
160 161 3
116 117 3
155 156 3
157 158 1
165 166 3
65 125 3
142 201 3
85 201 3
87 144 2
90 206 3
149 206 3
159 160 0
125 126 3
85 144 3
130 132 3
146 147 3
172 173 3
83 199 3
83 142 3
144 201 3
147 205 3
147 206 3
139 199 3
205 206 3
119 177 3
125 182 3
142 199 3
87 203 2
120 177 3
65 182 3
144 203 3
146 203 3
65 181 3
130 189 3
130 188 3
135 194 0
78 194 0
139 197 3
166 224 3
122 181 3
132 189 3
169 227 3
121 180 3
122 180 3
181 182 3
128 186 3
133 192 3
134 192 3
137 194 0
137 195 3
161 220 3
173 231 3
129 186 3
188 189 3
159 217 3
162 220 3
120 178 3
125 183 3
150 207 3
154 212 3
157 216 2
167 226 3
168 226 3
121 178 3
121 179 3
182 183 3
127 186 3
129 188 3
142 200 3
149 207 3
153 212 3
155 213 3
156 213 3
163 221 3
164 221 3
178 179 3
138 196 3
199 200 3
156 214 3
158 216 0
158 217 3
165 224 3
117 175 3
180 181 3
133 191 3
191 192 3
135 193 0
137 196 3
141 199 3
144 202 3
202 203 3
206 207 3
150 208 3
151 208 3
151 210 3
152 210 3
160 218 3
167 224 3
169 226 3
170 228 3
171 230 3
172 230 3
126 183 3
127 185 3
129 187 3
132 190 3
134 193 3
195 196 2
139 196 3
139 141 3
141 197 3
146 205 3
151 209 3
155 212 3
213 214 3
157 215 3
159 218 0
161 218 3
164 222 3
165 222 3
167 225 3
171 228 3
171 229 3
116 174 3
116 175 3
118 175 3
177 178 3
126 184 3
185 186 3
187 188 3
189 190 3
190 191 3
193 194 3
153 210 3
153 211 3
156 215 3
215 216 2
217 218 0
220 221 3
165 223 3
224 225 3
226 227 3
183 184 3
126 185 3
186 187 3
194 195 2
196 197 3
207 208 3
212 213 3
222 223 3
169 228 3
229 230 3
174 175 3
179 180 3
192 193 3
208 209 3
209 210 3
211 212 3
219 220 3
223 224 3
228 229 3
210 211 3
161 219 3
221 222 3
225 226 3
197 256 3
141 256 3
200 201 3
173 230 3
193 251 3
199 256 3
227 228 3
230 231 3
184 185 3
146 262 3
203 262 3
205 262 3
175 235 3
119 175 2
119 235 3
196 254 3
201 202 3
177 235 3
214 215 3
218 219 3
216 217 2
230 289 3
231 289 3
221 279 3
222 279 3
209 267 3
210 267 3
230 288 3
211 269 3
215 273 3
202 260 3
219 277 3
220 277 3
288 289 3
203 260 3
212 269 3
205 264 3
206 264 3
216 273 2
220 279 3
226 284 3
180 238 3
182 240 3
187 245 3
192 251 3
197 254 3
199 258 3
200 258 3
201 259 3
213 271 3
216 274 3
225 283 3
226 285 3
227 285 3
228 285 3
174 232 3
178 235 3
178 236 3
179 236 3
181 238 3
181 240 3
183 240 3
185 244 3
186 244 3
186 245 3
205 263 3
207 264 3
208 267 3
273 274 2
217 274 2
217 275 3
218 277 3
220 278 3
222 280 3
224 283 3
284 285 3
175 232 3
179 237 3
179 238 3
181 239 3
183 241 3
184 242 3
185 243 3
188 246 3
189 247 3
190 248 3
191 249 3
192 250 3
194 252 3
195 253 3
201 260 3
203 261 3
262 263 3
210 269 3
214 271 3
218 276 3
278 279 3
228 286 3
229 287 3
175 233 3
236 237 3
238 239 3
239 240 3
242 243 3
243 244 3
245 246 3
189 246 3
247 248 3
248 249 3
249 250 3
250 251 3
193 252 3
194 253 3
260 261 3
214 272 3
214 273 3
217 276 0
285 286 3
229 286 3
230 287 3
232 233 3
235 236 3
237 238 3
251 252 3
199 314 3
263 264 3
271 272 3
276 277 3
223 280 3
224 282 3
286 287 3
175 234 3
240 241 3
184 241 3
252 253 3
196 253 0
258 314 3
201 258 3
259 260 3
212 271 3
274 275 2
277 278 3
234 235 3
246 247 3
256 314 3
258 259 3
269 271 3
272 273 3
279 280 3
225 284 3
253 254 1
254 256 3
261 262 3
223 282 3
283 284 3
241 242 3
244 245 3
275 276 0
282 283 3
208 325 3
287 288 0
207 323 3
207 325 3
267 325 3
323 325 3
267 268 3
210 268 3
268 269 3
280 282 3
264 323 3
233 234 3
282 339 3
268 327 3
280 339 3
287 344 0
254 312 0
286 344 0
253 312 3
269 327 3
275 333 3
276 333 1
285 344 3
289 347 3
284 342 3
288 347 2
242 299 3
254 314 3
278 336 3
285 342 3
232 290 3
239 297 3
240 299 3
241 299 3
245 303 3
246 303 3
252 311 3
262 321 3
263 321 3
274 332 3
279 336 3
279 338 3
238 297 3
244 302 3
245 302 3
253 311 3
260 319 3
261 319 3
262 320 3
264 321 3
269 328 3
272 330 3
273 332 2
275 332 2
280 338 3
234 293 3
235 293 3
237 295 3
242 301 3
243 301 3
251 309 3
252 309 3
312 314 3
258 316 3
259 316 3
320 321 3
268 325 3
271 328 3
271 330 3
276 334 3
277 335 3
277 336 3
279 337 3
283 341 3
284 341 3
233 290 3
233 291 3
234 292 3
236 294 3
238 295 3
238 296 3
240 298 3
246 305 3
247 305 3
248 305 3
248 306 3
249 307 3
250 308 3
252 310 3
264 322 3
273 330 3
333 334 0
335 336 3
336 337 3
291 292 3
292 293 3
236 293 3
294 295 3
297 298 3
298 299 3
244 301 3
302 303 3
246 304 3
306 307 3
307 308 3
308 309 3
309 310 3
310 311 3
312 313 3
261 320 3
321 322 3
322 323 3
331 332 2
332 333 2
277 334 3
285 343 3
288 346 1
295 296 3
303 304 3
305 306 3
313 314 3
258 315 3
315 316 3
271 329 3
330 331 3
273 331 3
337 338 3
282 341 3
342 343 3
343 344 3
287 345 3
346 347 3
290 291 3
296 297 3
304 305 3
327 328 3
329 330 3
344 345 1
288 345 1
314 315 3
319 320 3
293 294 3
311 312 3
328 329 3
299 301 3
301 302 3
259 317 3
268 384 3
345 346 3
260 317 3
319 377 3
327 384 3
316 317 3
338 339 3
282 398 3
341 342 3
313 372 3
314 372 3
317 319 3
323 382 3
342 400 3
301 358 3
325 384 0
341 398 3
341 400 3
299 358 3
339 398 3
323 381 3
325 382 0
334 335 3
321 379 0
321 380 0
322 380 0
323 380 3
312 370 3
313 370 3
379 380 3
325 383 0
329 387 3
330 387 3
346 404 0
302 359 3
315 373 3
382 383 2
337 395 3
343 400 3
346 405 3
297 356 3
298 356 3
301 359 3
303 361 3
304 361 3
320 377 3
328 386 3
330 389 3
343 402 3
344 402 3
404 405 2
302 361 3
310 368 3
315 374 3
380 381 3
327 385 3
327 386 3
331 389 3
336 395 3
341 399 3
345 403 0
290 349 3
291 349 3
292 351 3
293 351 3
294 352 3
299 356 3
308 366 3
309 367 3
311 368 3
311 370 3
315 372 3
316 374 3
382 440 3
384 385 3
328 387 3
330 388 3
336 394 3
346 403 0
290 348 3
292 350 3
295 352 3
295 353 3
296 354 3
299 357 3
304 362 3
305 363 3
306 364 3
307 365 3
366 367 3
309 368 3
311 369 3
373 374 3
317 377 1
387 388 3
331 390 2
332 390 3
333 391 3
334 392 3
335 393 3
394 395 3
338 396 3
339 396 3
347 405 3
349 350 3
351 352 3
353 354 3
297 354 3
357 358 3
362 363 3
363 364 3
364 365 3
365 366 3
368 369 3
372 373 3
386 387 3
332 391 2
333 392 0
392 393 3
393 394 3
338 395 3
399 400 3
344 403 3
403 404 2
348 349 3
297 355 3
356 357 3
361 362 3
313 429 3
317 433 3
320 379 0
395 396 3
339 397 3
398 399 3
402 403 3
352 353 3
354 355 3
358 359 3
367 368 3
369 370 3
317 374 3
385 386 3
390 391 2
396 397 3
350 351 3
355 356 3
372 429 3
377 433 0
377 379 0
389 390 2
391 392 0
397 398 3
302 360 3
400 401 3
343 401 3
359 360 3
370 429 3
388 389 3
360 361 3
377 435 3
433 435 1
383 384 0
401 402 3
381 382 2
383 441 3
380 438 3
381 439 3
381 440 0
388 446 3
377 436 3
379 436 1
381 438 3
439 440 0
387 446 3
359 417 3
349 407 3
360 417 3
374 433 3
348 407 3
354 412 3
355 412 3
361 419 3
362 419 3
362 420 3
363 420 3
384 441 1
389 446 3
392 451 3
397 455 3
398 455 3
404 462 1
357 415 3
358 416 3
361 418 3
372 430 3
438 439 3
384 442 3
385 442 3
390 448 3
391 448 2
392 450 3
393 451 3
396 454 3
398 457 3
399 457 3
401 459 1
405 462 3
348 406 3
352 410 3
356 415 3
358 415 3
359 416 3
360 418 3
379 437 3
441 442 0
391 450 0
393 452 3
394 452 3
395 454 3
454 455 3
399 458 3
400 458 3
400 459 3
403 462 1
350 408 3
351 409 3
351 410 3
353 410 3
353 411 3
355 413 3
356 413 3
356 414 3
363 421 3
364 422 3
365 423 3
367 425 3
368 426 3
369 427 3
370 428 3
429 430 3
373 431 3
374 432 3
436 437 0
380 437 3
383 440 2
385 443 3
386 444 3
387 445 3
389 447 3
391 449 3
450 507 1
395 453 3
402 459 1
402 460 1
403 461 1
405 463 3
406 407 3
407 408 3
408 409 3
410 411 3
411 412 3
412 413 3
413 414 3
414 415 3
415 416 3
416 417 3
417 418 3
420 421 3
363 422 3
422 423 3
366 423 3
366 425 3
425 426 3
426 427 3
427 428 3
430 431 3
431 432 3
432 433 3
437 494 1
443 444 3
444 445 3
446 447 3
389 448 2
448 449 2
451 452 3
394 453 3
453 454 3
403 460 1
461 462 3
462 463 3
418 419 3
428 429 3
437 438 3
445 446 3
391 507 3
459 460 3
409 410 3
366 424 3
442 443 3
452 453 3
460 461 3
419 420 3
423 424 3
424 425 3
440 441 2
447 448 2
450 451 3
398 456 3
421 422 3
449 507 3
456 457 3
456 514 3
457 514 3
438 496 2
439 496 0
457 458 3
458 459 3
455 456 3
429 487 2
435 436 3
433 491 2
435 491 0
426 484 3
427 484 3
448 506 0
419 477 3
420 477 3
429 488 2
430 488 2
447 506 3
459 517 3
432 491 2
437 496 2
448 507 2
457 516 3
458 516 3
458 517 3
460 518 3
461 518 3
461 519 3
406 464 3
411 469 3
423 481 3
427 485 3
428 487 2
487 488 3
437 495 2
443 502 3
444 502 3
450 509 3
451 509 3
454 513 3
455 513 3
456 513 3
518 519 3
462 521 3
407 464 3
412 469 3
413 472 3
414 472 3
418 477 3
424 481 3
425 483 3
426 483 3
484 485 3
428 485 3
436 494 3
494 495 0
495 496 3
446 504 3
453 511 3
454 511 3
459 518 3
463 521 3
407 465 3
408 465 3
409 467 3
410 468 3
412 470 3
415 473 3
416 474 3
417 475 3
421 480 3
422 480 3
422 481 3
424 482 3
431 488 2
440 498 3
442 500 3
443 501 3
445 502 3
445 504 3
447 504 3
506 507 1
450 508 3
452 510 3
454 512 3
513 514 3
457 515 3
461 520 3
462 520 3
464 465 3
408 466 3
408 467 3
467 468 3
468 469 3
413 470 3
472 473 3
415 474 3
474 475 3
417 476 3
418 476 3
421 479 3
481 482 3
482 483 3
483 484 3
431 490 2
432 490 2
439 497 2
441 500 0
500 501 3
501 502 3
504 506 3
509 510 3
510 511 3
511 512 3
515 516 3
516 517 3
519 520 3
466 467 3
469 470 3
431 489 2
490 491 3
435 493 3
496 497 3
439 498 0
507 508 0
508 509 3
512 513 3
517 518 3
473 474 3
475 476 3
476 477 3
420 478 3
479 480 3
488 489 3
441 498 2
420 479 3
480 481 3
489 490 3
445 503 3
465 466 3
478 479 3
485 487 3
436 493 3
503 504 3
477 478 3
485 544 3
487 544 3
514 515 3
491 493 1
493 494 3
502 503 3
520 521 3
470 529 3
470 472 3
491 550 3
497 498 0
504 563 3
506 563 3
472 529 3
493 550 3
498 556 1
488 546 3
487 546 3
497 556 3
510 569 3
511 569 3
518 576 3
519 576 3
491 549 3
469 527 3
477 535 2
549 550 3
512 569 3
467 525 3
468 525 3
468 527 3
476 535 3
513 572 3
514 572 3
489 546 3
515 572 3
520 578 3
468 526 3
476 534 3
483 541 3
484 541 3
510 568 3
515 573 3
519 578 3
525 526 3
526 527 3
474 532 3
534 535 3
481 540 3
482 540 3
485 543 2
543 544 3
544 545 3
487 545 3
490 549 3
495 553 3
497 555 3
509 568 3
568 569 3
516 574 3
464 522 3
464 523 3
465 523 3
470 528 3
475 532 3
475 533 2
478 535 3
484 542 3
485 542 3
494 553 2
496 553 3
496 555 3
555 556 3
500 558 2
507 566 0
517 574 3
521 578 3
466 523 3
470 527 3
528 529 3
472 531 2
473 531 2
475 534 3
478 536 3
478 480 3
481 539 3
482 541 3
541 542 3
501 558 2
501 559 2
502 559 2
503 561 2
503 562 3
504 562 3
506 564 1
507 565 3
508 566 3
509 567 3
513 571 3
571 572 3
515 574 3
517 575 3
576 578 3
522 523 3
466 524 3
466 525 3
472 530 3
531 532 3
532 533 3
539 540 3
546 547 3
489 547 3
496 554 3
500 557 1
558 559 3
502 560 2
502 561 2
563 564 2
564 565 2
508 567 3
567 568 3
569 570 3
512 570 3
513 570 3
572 573 3
573 574 3
574 575 3
524 525 3
529 530 3
533 534 3
535 536 3
480 536 3
480 539 3
540 541 3
542 543 3
545 546 3
490 606 3
553 554 3
441 556 2
441 557 2
557 558 3
527 528 3
490 547 3
549 606 3
493 551 2
559 560 3
523 524 3
530 531 3
550 551 3
565 566 0
566 567 3
554 555 3
556 557 3
560 561 3
493 552 2
494 552 2
561 562 3
562 563 3
570 571 3
517 576 3
480 537 3
547 606 3
551 552 3
575 576 3
537 539 3
552 553 3
578 636 3
578 579 3
536 537 3
559 617 3
560 617 3
535 593 3
532 590 3
534 592 3
536 593 3
537 596 3
539 596 3
544 602 3
545 602 3
562 621 2
563 621 2
574 633 3
526 585 3
527 585 3
540 599 3
546 604 3
555 612 3
566 623 1
569 571 3
572 630 3
574 632 3
575 633 3
533 590 3
535 592 3
541 599 3
542 599 3
544 600 3
547 604 3
553 611 3
554 612 3
562 620 2
564 621 2
565 623 3
573 632 3
522 580 3
523 580 3
528 585 3
531 589 3
532 589 3
533 592 3
543 600 3
549 608 3
550 608 3
552 610 3
553 610 3
554 611 3
558 616 3
561 620 3
571 630 3
576 635 3
578 635 3
524 583 3
525 583 3
530 588 3
531 588 3
540 598 3
598 599 3
600 602 3
551 608 3
551 609 3
555 613 3
556 613 3
556 615 3
557 615 3
557 616 3
559 616 3
560 618 3
573 631 3
576 633 3
635 636 3
579 636 3
539 597 3
543 599 3
547 605 3
549 607 3
552 609 3
612 613 3
564 622 1
568 626 3
573 630 3
576 634 3
592 593 3
536 596 3
596 597 3
540 597 3
605 606 3
556 672 3
616 617 3
561 618 3
620 621 3
621 622 1
565 622 3
566 625 3
631 632 3
579 637 3
523 581 2
524 582 3
528 586 3
529 586 3
588 589 3
589 590 3
597 598 3
606 607 3
609 610 3
611 612 3
613 672 3
615 672 3
617 618 3
567 625 3
567 626 3
569 626 3
571 629 3
630 631 3
632 633 3
634 635 3
636 637 3
524 581 3
582 583 3
529 588 3
533 591 3
599 600 3
604 605 3
607 608 3
610 611 3
623 625 0
629 630 3
633 634 3
580 581 3
581 582 3
591 592 3
536 595 3
545 603 3
546 603 3
595 596 3
603 604 3
569 628 3
569 629 3
590 591 3
608 609 3
569 627 3
628 629 3
593 595 3
618 677 3
625 626 3
526 583 3
618 620 3
626 627 3
583 585 3
602 603 3
622 623 3
627 628 3
585 586 3
586 588 3
615 616 3
631 633 3
588 646 3
620 678 1
599 657 3
615 673 3
677 678 3
635 694 3
636 694 3
598 656 3
602 660 3
603 660 3
672 673 3
631 691 3
633 691 3
586 645 3
588 645 3
645 646 3
597 655 3
599 656 3
585 644 1
589 646 3
595 653 3
596 655 3
597 656 3
600 657 3
600 659 3
605 664 3
606 664 3
611 669 3
615 674 3
616 674 3
623 682 2
625 683 1
625 684 1
585 642 3
585 643 1
586 644 3
596 653 3
656 657 3
602 659 3
609 668 3
610 668 3
610 669 3
625 682 1
626 684 1
634 692 3
583 642 3
642 643 3
644 645 3
593 651 3
595 651 3
596 654 3
655 656 3
603 661 3
604 661 3
607 664 3
633 692 3
581 640 3
643 644 3
607 665 3
608 665 3
612 670 3
613 670 3
628 686 2
691 692 3
582 640 3
591 649 3
592 649 3
595 652 3
660 661 3
611 670 3
673 674 3
617 675 3
620 679 1
621 679 1
622 681 3
683 684 2
627 685 1
635 692 3
580 638 1
583 640 3
583 641 3
589 647 3
590 648 3
651 652 3
652 653 3
659 660 3
608 666 3
616 675 3
623 681 3
627 686 2
581 638 1
581 639 1
640 641 3
646 647 3
647 648 3
591 648 3
654 655 3
604 663 3
605 663 3
664 665 3
609 666 3
609 667 3
622 679 3
682 683 0
626 685 1
685 686 0
636 695 3
637 695 3
639 640 3
641 642 3
592 651 3
653 654 3
665 666 3
666 667 3
667 668 3
668 669 3
669 670 3
629 688 3
630 688 3
631 690 3
690 691 3
635 693 3
693 694 3
638 639 3
674 675 3
678 679 3
684 685 1
629 686 2
631 689 3
657 659 3
663 664 3
670 672 3
617 677 3
630 689 3
689 690 3
692 693 3
649 651 3
670 729 3
675 677 3
650 651 3
672 729 3
677 734 2
688 689 3
694 695 3
675 734 3
679 737 3
679 681 3
681 682 3
648 649 3
681 738 3
686 688 0
649 650 3
657 716 3
659 716 3
653 711 3
733 734 3
675 733 3
652 711 3
670 728 3
679 738 3
694 752 3
695 752 3
659 717 3
669 728 3
673 731 3
673 732 3
674 732 3
678 737 3
716 717 3
661 720 3
604 720 3
672 731 3
677 735 3
683 741 1
684 741 1
651 709 3
655 713 3
737 738 3
682 741 3
686 747 2
693 752 3
695 753 3
650 709 3
654 711 3
656 713 3
656 714 3
663 720 3
665 723 3
666 723 3
688 747 1
691 750 3
692 750 3
752 753 3
640 698 3
641 698 3
645 703 3
649 707 3
654 712 3
657 714 3
678 735 3
686 744 1
744 747 0
639 697 3
644 703 3
646 704 3
647 704 3
649 708 3
650 708 3
708 709 3
711 712 3
655 712 3
657 715 3
664 722 3
675 732 3
681 739 3
684 742 1
685 744 1
689 747 1
638 696 3
640 697 3
641 699 3
642 699 3
643 702 3
644 702 3
715 716 3
660 718 3
661 719 3
663 722 3
666 724 3
667 725 3
668 726 3
669 727 3
734 735 3
685 742 1
685 743 1
696 697 3
698 699 3
703 704 3
717 718 3
718 719 3
719 720 3
722 723 3
724 725 3
725 726 3
726 727 3
727 728 3
732 733 3
682 739 3
682 740 3
742 743 3
743 744 3
745 747 0
693 750 3
697 698 3
643 699 3
728 729 3
740 741 3
741 742 1
744 745 3
643 701 3
702 703 3
707 708 3
712 713 3
713 714 3
723 724 3
731 732 3
738 739 3
651 711 3
714 715 3
729 731 3
739 740 3
690 749 1
691 749 1
749 750 0
643 700 3
701 702 3
704 706 3
647 706 3
689 749 1
750 752 3
699 700 3
648 706 3
709 711 3
735 794 3
678 794 2
747 749 3
700 701 3
663 779 3
729 730 3
730 731 3
720 779 3
722 779 3
704 762 2
648 707 3
744 802 3
747 804 1
737 794 2
708 766 3
745 804 3
750 808 1
750 809 1
703 762 2
761 762 3
707 766 3
709 766 3
729 787 3
747 806 1
752 809 1
703 761 2
706 707 3
709 767 2
711 767 3
728 787 3
745 802 3
749 806 1
729 788 3
706 764 3
707 764 3
787 788 3
730 788 3
697 755 3
697 756 3
698 756 3
698 757 3
699 757 3
700 757 3
743 801 3
755 756 3
756 757 3
747 805 1
749 808 1
764 765 3
707 765 3
720 778 3
744 801 3
805 806 3
752 811 1
704 763 3
706 763 3
767 768 3
711 768 3
711 769 3
712 769 3
719 778 3
738 797 3
742 798 3
713 771 3
714 771 3
735 793 3
737 795 2
737 797 3
739 797 3
740 798 3
741 798 2
742 800 3
743 800 3
804 805 3
808 809 3
752 810 1
700 758 3
701 758 3
702 760 2
763 764 3
765 766 3
712 770 3
717 775 3
722 780 3
723 780 3
725 783 3
726 784 3
727 786 3
728 786 3
730 789 3
731 789 3
734 793 3
794 795 3
745 803 3
810 811 3
753 811 1
696 754 3
697 754 3
701 759 3
702 761 2
769 770 3
713 770 3
714 772 3
715 773 3
716 775 3
718 776 3
719 776 3
723 781 3
724 782 3
724 783 3
725 784 3
727 785 3
731 790 3
732 790 3
733 790 3
733 791 3
734 792 3
793 794 3
802 803 3
754 755 3
702 759 3
760 761 3
762 763 3
766 767 3
768 769 3
771 772 3
772 773 3
716 774 3
775 776 3
778 779 3
779 780 3
780 781 3
781 782 3
784 785 3
786 787 3
791 792 3
792 793 3
795 797 3
739 798 3
801 802 3
809 810 3
773 774 3
774 775 3
719 777 3
782 783 3
790 791 3
800 801 3
803 804 3
806 808 0
758 759 3
759 760 3
777 778 3
783 784 3
757 758 3
770 771 3
776 777 3
785 786 3
797 798 3
789 790 3
788 789 3
806 865 3
797 854 3
795 854 3
798 800 3
808 866 2
808 865 1
762 821 1
798 857 3
800 857 3
763 821 1
769 827 3
801 860 3
802 860 3
770 827 3
788 846 3
804 863 3
805 863 3
809 866 2
809 868 3
810 868 3
760 817 2
771 829 3
772 829 3
787 846 3
794 852 3
803 860 3
865 866 0
755 813 3
759 817 1
761 820 1
762 820 1
764 821 1
770 828 3
772 830 3
795 852 3
754 813 3
758 816 1
758 817 1
760 818 2
761 818 2
820 821 3
766 824 3
767 824 3
827 828 3
771 828 3
793 852 3
798 856 2
756 813 3
765 823 3
766 823 3
775 833 3
776 833 3
778 837 3
779 837 3
787 845 3
791 849 3
803 863 3
809 867 2
757 815 1
758 815 1
816 817 3
764 822 2
767 825 3
829 830 3
773 830 3
774 833 3
778 836 3
782 841 3
783 841 3
784 841 3
786 845 3
790 849 3
797 855 3
801 859 3
803 861 3
754 812 0
815 816 3
765 822 3
768 825 3
768 827 3
828 829 3
830 831 3
773 831 3
774 832 3
777 836 3
780 838 3
781 839 3
782 840 3
784 842 3
785 843 3
786 844 3
792 850 3
793 851 3
795 853 3
854 855 3
798 855 2
860 861 3
861 863 3
805 864 3
806 864 3
867 868 3
811 869 2
812 813 1
756 814 2
821 822 3
831 832 3
832 833 3
837 838 3
838 839 3
839 840 3
841 842 3
842 843 3
786 843 3
845 846 3
789 848 3
790 848 3
849 850 3
850 851 3
852 853 3
853 854 3
855 856 3
800 859 3
868 869 3
757 814 2
818 820 1
822 823 3
823 824 3
824 825 3
836 837 3
856 857 3
859 860 3
866 867 3
814 815 3
776 834 3
840 841 3
843 844 3
844 845 3
863 864 3
813 814 1
817 818 3
768 826 3
833 834 3
777 834 3
851 852 3
800 858 3
863 921 3
864 865 3
826 827 3
788 848 3
846 848 3
848 849 3
857 858 3
858 859 3
820 877 3
861 921 3
864 921 3
818 877 3
825 826 3
848 905 3
817 876 3
818 876 3
777 893 3
836 893 3
846 905 3
865 923 2
834 893 3
848 907 3
849 907 3
920 921 3
864 923 2
866 925 3
867 925 3
820 878 3
825 883 3
860 918 3
821 878 3
823 881 3
824 881 3
826 883 3
836 894 3
861 918 3
861 920 3
922 923 3
815 874 3
837 894 3
845 904 3
846 904 3
849 908 3
864 922 2
816 874 3
876 877 3
822 880 3
823 880 3
824 883 3
833 891 3
904 905 3
850 908 3
855 913 3
856 915 3
857 915 3
865 924 2
866 924 3
817 875 3
821 879 3
822 879 3
826 884 3
827 884 3
831 889 3
834 891 3
843 901 3
854 913 3
858 915 3
812 870 1
813 871 1
814 872 2
873 874 3
875 876 3
824 882 3
882 883 3
827 885 3
828 886 3
829 887 3
830 888 3
832 889 3
832 890 3
832 891 3
837 895 3
838 896 3
839 897 3
840 898 3
841 899 3
842 901 3
844 901 3
845 903 3
851 909 3
852 910 3
853 911 3
854 912 3
856 914 3
858 916 3
859 917 3
859 918 3
924 925 3
868 926 1
869 927 3
870 871 1
871 872 3
815 872 3
815 873 3
877 878 3
880 881 3
883 884 3
884 885 3
885 886 3
886 887 3
887 888 3
888 889 3
890 891 3
895 896 3
896 897 3
897 898 3
898 899 3
842 899 3
844 902 3
844 903 3
903 904 3
907 908 3
908 909 3
909 910 3
910 911 3
911 912 3
912 913 3
913 914 3
914 915 3
915 916 3
858 917 3
925 926 2
926 927 0
874 875 3
878 879 3
881 882 3
889 890 3
842 900 3
901 902 3
848 964 3
918 920 3
923 924 3
894 895 3
899 900 3
900 901 3
902 903 3
916 917 3
893 894 3
917 918 3
879 880 3
905 964 3
872 873 3
907 964 3
891 893 3
893 950 3
891 950 3
921 922 3
921 979 3
905 963 3
920 979 3
963 964 3
920 978 3
880 939 3
881 939 3
883 941 3
918 976 3
920 976 3
876 934 2
878 936 3
879 936 3
882 939 3
884 941 3
908 966 3
874 933 2
875 933 3
877 934 3
890 949 3
891 949 3
907 966 3
913 971 3
917 976 3
978 979 3
925 983 3
873 931 3
874 931 3
904 962 3
905 962 3
914 971 3
976 978 3
924 983 3
872 930 3
873 930 3
874 932 3
950 951 3
893 951 3
896 955 3
897 955 3
922 979 3
922 980 3
926 984 3
870 928 1
871 929 3
871 930 3
931 932 3
877 935 3
878 935 3
882 940 3
884 942 3
885 942 3
885 943 3
886 944 3
887 945 3
888 946 3
889 947 3
890 948 3
894 952 3
895 952 3
895 953 3
896 954 3
898 956 3
899 957 3
900 958 3
901 959 3
902 960 3
903 961 3
909 966 3
909 968 3
910 968 3
911 969 3
912 970 3
914 972 3
915 973 3
916 974 3
917 975 3
923 980 3
923 981 3
924 982 3
925 984 2
926 985 3
927 985 1
928 929 3
929 930 3
932 933 3
876 933 3
935 936 3
882 941 3
943 944 3
944 945 3
945 946 3
946 947 3
947 948 3
948 949 3
949 950 3
951 952 3
953 954 3
955 956 3
956 957 3
957 958 3
958 959 3
959 960 3
960 961 3
961 962 3
968 969 3
969 970 3
970 971 3
971 972 3
972 973 3
973 974 3
975 976 3
979 980 3
981 982 3
982 983 3
984 985 3
933 934 3
940 941 3
941 942 3
942 943 3
962 963 3
917 974 3
939 940 3
954 955 3
907 1024 3
880 938 3
952 953 3
964 1024 3
974 975 3
983 984 2
938 939 3
966 1024 3
966 968 3
980 981 3
879 938 3
1023 1024 3
930 931 3
964 1023 3
934 935 3
936 995 3
879 995 3
934 992 3
935 992 3
938 995 3
964 1022 3
976 1034 3
938 996 3
966 1026 3
968 1026 3
975 1034 3
983 1041 3
984 1041 2
939 996 3
939 997 3
950 1008 3
951 1008 3
1022 1023 3
940 997 3
978 1036 3
976 1036 3
979 1036 3
981 1039 3
931 989 3
933 991 3
935 993 3
941 999 3
942 999 3
944 1002 3
949 1007 3
952 1010 3
960 1018 3
962 1021 3
963 1021 3
963 1022 3
976 1035 3
979 1038 3
980 1038 3
982 1039 3
982 1040 3
983 1040 3
1041 1042 2
984 1042 3
932 989 3
932 991 3
992 993 3
936 993 3
936 994 3
996 997 3
940 999 3
945 1002 3
950 1007 3
951 1009 3
953 1010 3
959 1018 3
960 1019 3
961 1019 3
973 1031 3
1034 1035 3
1035 1036 3
980 1039 3
928 986 3
929 987 3
930 988 3
932 990 3
934 991 3
942 1000 3
943 1001 3
945 1003 3
946 1004 3
947 1005 3
948 1006 3
1008 1009 3
953 1011 3
954 1011 3
955 1013 3
956 1013 3
957 1015 3
958 1016 3
969 1027 3
970 1028 3
974 1031 3
974 1032 3
974 1033 3
975 1033 3
979 1037 3
985 1042 3
985 1043 3
986 987 3
987 988 3
988 989 3
990 991 3
991 992 3
940 998 3
999 1000 3
1000 1001 3
1001 1002 3
1002 1003 3
1003 1004 3
1004 1005 3
1005 1006 3
1006 1007 3
1009 1010 3
954 1013 3
956 1015 3
1015 1016 3
959 1016 3
962 1019 3
1021 1022 3
1027 1028 3
971 1028 3
972 1030 3
972 1031 3
1032 1033 3
1036 1037 3
1038 1039 3
1039 1040 3
1042 1043 3
989 990 3
993 994 3
994 995 3
995 996 3
997 998 3
998 999 3
969 1026 3
971 1030 3
1031 1032 3
1033 1034 3
1007 1008 3
1010 1011 3
1018 1019 3
1026 1027 3
1030 1031 3
1037 1038 3
1040 1041 3
1019 1021 3
1013 1015 3
1028 1030 3
1016 1018 3
1024 1026 3
