-0.0709081 -0.00482872 17.6609
-0.0947998 0.0393822 17.1992
-0.0513791 0.0294945 16.3008
-0.00417471 0.00797392 13.6513
-0.00159101 0.0343224 13.5078
0.00975157 0.0189577 12.2925
-0.00117008 0.0275406 13.2423
-0.00630472 0.0324374 13.5508
0.0110208 0.0394785 10.3076
-0.0174905 -0.00211961 17.2195
-0.016008 0.00458697 16.3014
-0.0341588 0.00605234 20.6091
-0.0928655 0.0106829 35.6671
-0.0951209 0.0635527 34.4459
-0.0590713 0.03045 23.7186
-0.0440454 0.00929258 19.3432
-0.0188758 -0.0151631 11.4072
0.0185816 0.00882639 -2.71897
0.0132739 0.00434248 -0.469243
0.00902271 0.0105682 1.21551
-0.00925199 0.0501713 8.60779
-0.00969858 0.0443925 8.62983
0.0175649 0.0150148 -3.65418
0.0194724 0.0143422 -4.0238
0.0168147 -0.00829965 -2.17012
0.054752 -0.0129261 -22.8651
0.0639639 0.00314729 -28.371
0.081249 0.00808893 -38.5462
0.0910661 0.0130757 -45.3522
0.0872295 0.00244725 -42.1962
0.0967484 -0.0165691 -48.4354
0.0734469 -0.00594019 -33.1312
0.0601273 0.0049219 -24.9659
0.115475 0.0283112 -64.6563
0.0788366 0.00987316 -36.7672
0.0708885 -0.00943584 -30.6598
0.0746178 -0.0132278 -33.5418
0.0695687 -0.00446068 -29.721
0.0635895 0.00902292 -25.1117
0.0643491 -0.0165111 -25.4191
0.0727658 0.00343616 -33.3717
0.0741269 -0.00458734 -34.1705
0.0596383 -0.00344693 -21.456
0.0433561 0.00154831 -6.22674
0.0493167 0.000805001 -12.2993
0.054063 0.00513436 -16.8291
0.0958602 0.0011964 -57.9812
0.0774895 -0.020054 -38.8798
0.056262 -0.0200343 -17.3866
0.0403764 -0.0317497 -0.243171
0.0360946 -0.0376836 4.30911
0.0460448 -0.0469121 -6.38137
0.0688283 -0.0396487 -30.9637
-0.124175 -0.0454358 187.463
-0.0169798 -0.0237458 57.9189
-0.0169798 -0.0237458 57.9189
0.00409629 0.126362 -6.81685
0.00409629 0.126362 -6.81685
-0.0627502 -0.0404651 17.9092
-0.0637195 -0.00953301 18.5902
-0.0631015 0.0262871 17.1377
-0.0128921 0.0037039 14.3043
0.00695528 0.00735077 12.7876
0.0165324 -0.00590954 12.7192
0.00288489 0.0253535 12.9491
-0.014106 0.0169209 15.5312
0.000504018 0.00635022 12.9023
-0.0207209 -0.00916839 17.6555
-0.0344483 -0.0171212 20.9731
-0.0220904 -0.00104254 17.8054
-0.0536999 0.0223682 25.0504
-0.0996818 0.0537897 36.8419
-0.078831 0.0556505 29.2758
-0.0672905 0.0447853 25.748
-0.0160855 0.0112265 9.03227
-2.73519e-05 0.000144829 3.55599
0.0281358 0.00989569 -6.89411
0.0752169 0.0413546 -26.9629
0.0319713 0.0585634 -9.27726
-0.0040959 0.07509 5.7123
0.0108779 0.0291166 -0.523895
0.0118776 -0.00170691 -0.367783
0.0183817 -0.02998 -2.47518
0.0301289 -0.0274687 -9.22091
0.0519401 -0.016643 -20.9127
0.0606093 -0.000223006 -25.971
0.0632005 -0.0154529 -26.9615
0.0657111 -0.0278077 -27.9392
0.086343 -0.021207 -41.1797
0.05729 -0.0122847 -22.1181
0.062721 -0.00632661 -26.3334
0.104175 -0.00370368 -55.6589
0.0530167 -0.0118807 -17.0991
0.0646475 -0.0138362 -25.9192
0.0908332 0.0185028 -46.9949
0.0759688 0.0229889 -35.3769
0.0565229 0.0162801 -19.4752
0.0617919 0.0163706 -23.9187
0.0744264 -0.0750769 -31.2979
0.0638993 0.00181461 -25.2195
0.0589043 0.00109662 -20.9228
0.0499957 0.00572124 -12.4947
0.0491193 0.00485466 -11.9286
0.0612515 0.0127269 -24.0701
0.0737105 -0.00413507 -35.7643
0.0715784 -0.00312034 -33.212
0.0551905 -0.0160018 -16.1892
0.0253714 -0.0133407 15.2383
0.0107017 -0.00926035 30.851
0.00112767 0.0120938 40.4661
-0.00911875 0.219004 45.4655
-0.00895498 0.16364 46.7388
-0.0154024 0.0106501 55.9809
-0.0164888 0.0115757 57.3387
-0.007198 0.030816 45.7091
0.00761886 1.79703 -47.0338
-0.0235695 -0.00589005 16.7051
-0.0292783 -0.0156065 17.7254
-0.0631493 -0.0025797 18.7702
-0.00802427 -0.033056 15.9295
0.0118887 -0.0185776 13.397
0 0 -1
-0.00823279 -0.00910049 15.7034
-0.00981836 0.00628623 14.6929
0.00857984 0.0171196 10.7899
-0.0111971 -0.00427848 15.7078
-0.0325648 -0.00643382 19.984
-0.035276 -0.00109826 20.5753
-0.0377464 0.00213843 21.2192
-0.0512186 0.0220039 24.0534
-0.0614863 0.048364 25.8216
-0.0864241 0.0667452 31.7531
-0.033237 0.0327812 13.8421
0.0140229 0.0146919 -2.33722
0.0692731 0.0547508 -25.6318
0.0655018 0.0523293 -22.5418
0.0202363 0.0472453 -3.33415
-0.0122245 0.06071 10.3154
-0.0310322 0.0454318 19.3395
-0.0205156 0.0141119 15.1652
-0.00829642 -0.00250734 9.71106
0.00814328 -0.00123282 0.879144
0.046264 -0.0507725 -16.7294
0.0809067 -0.0431805 -36.9823
0.0722753 -0.038044 -31.9992
0.0620193 -0.0247371 -26.6551
0.0907387 -0.0115442 -45.66
0.089222 -0.0190986 -43.4388
0.0704831 -0.000980199 -32.1378
0.113706 0.0049518 -63.8023
0.0927048 -0.00173182 -46.9931
0.0855553 -0.000506474 -42.2058
0.105054 0.0169205 -57.4397
0.0693513 0.0320184 -30.2533
0.0553065 0.032729 -18.8275
0.0393308 0.0245139 -5.17643
0.0536678 0.0103706 -16.8008
0.0610475 0.00140288 -22.7884
0.0580351 -0.00258145 -20.073
0.0520906 -0.00378094 -14.1738
0.0669156 0.00604426 -29.0452
0.0672461 -0.0188218 -27.8768
0.0804929 0.000125598 -41.877
0.0628792 0.00525585 -24.7733
0.0387946 -0.00015356 -0.0347471
0.0409465 -0.0252028 -0.51813
0.014381 -0.0495402 29.0755
0.0336021 -0.0893356 10.2258
0.0312595 -0.137806 16.1381
-0.697283 -0.142402 847.033
0.0274158 -0.107479 11.9693
0.0599904 -0.100548 -26.7429
0.0603579 -0.115004 -26.4272
0.0579998 -0.119992 -23.3422
-0.0363686 0.0160732 15.6303
-0.0881353 0.0116059 17.0693
-0.0404125 -0.035814 18.4815
-0.00769379 -0.00730914 14.134
0.0120234 -0.00893281 12.6604
0.0190326 -0.0115105 12.2024
0.00120382 -0.00547286 14.1427
-0.0011434 -0.00635971 14.3858
-0.00696951 -0.00235433 15.0072
-0.0375954 -0.00530987 21.0256
-0.0316519 -0.00775372 19.8165
-0.0285718 -0.0144402 19.795
-0.0377683 -0.0111609 21.6659
-0.0370002 0.00346861 20.964
-0.0528306 -0.000791165 26.0069
-0.0283669 0.0186634 17.1635
-0.102502 0.0542509 37.9264
0.00815965 0.0406709 -1.68436
0.0975865 0.0612467 -36.6279
0.0513246 0.0328776 -15.5979
0.00897045 0.0107095 3.76228
-0.0177854 0.0133905 15.4615
-0.0412118 0.0183146 26.0076
-0.05025 0.0319231 29.3807
-0.0274964 0.0164533 18.5938
-0.0143661 0.00358049 12.4677
0.0433389 -0.04475 -15.7378
0.0904629 -0.0323531 -43.5513
0.0981148 -0.0220514 -48.8249
0.0805635 0.00917892 -40.2902
0.100904 0.0229171 -54.1166
0.101553 0.00482845 -53.0468
0.072695 0.00381722 -33.6356
0.103455 0.00061635 -55.7836
0.0882516 0.00131543 -44.0271
0.106644 0.0144591 -59.0229
0.126508 0.024939 -74.7937
0.0747017 0.0356119 -34.4481
0.0329365 0.0161983 0.966746
0.0279357 0.00965592 5.60094
0.0358108 0.0138772 -1.49741
0.0494599 -0.00151105 -12.2427
0.046172 -0.00985668 -8.79761
0.0546875 -0.0163743 -15.7818
0.0589881 -0.0154178 -20.0836
0.0817902 -0.0127437 -42.4567
0.0862034 -0.0245873 -45.7245
0.0603204 -0.00132726 -21.5162
0.040286 -0.0163005 -0.545114
0.00062692 -0.023544 41.5668
-0.0595436 -0.11638 112.826
-0.0228583 -0.161168 76.8116
-0.0435345 -0.226155 104.465
-0.0639646 -0.158328 120.523
0.0130352 -0.136476 30.5008
0.0525421 -0.121044 -16.6968
0.0509411 -0.122415 -14.5905
0.0524126 -0.120721 -16.4892
-0.0300291 0.0167884 15.9183
-0.105414 0.0157136 17.2747
-0.0219006 -0.0214087 16.426
0.000275627 0.000178555 13.0234
0.0122119 -0.00414752 12.2421
0.0168569 -0.00847949 12.3183
-0.00371155 -0.00680974 14.9929
0.0109232 -0.00344389 12.27
-0.00888847 -0.000305193 15.1281
-0.0371464 0.00497685 20.1953
-0.0370167 0.00184627 20.4296
-0.0362739 -0.0121108 21.7031
-0.0275724 -0.00430544 18.6311
-0.0319902 -0.00744207 20.3086
-0.0837185 -0.0117978 36.0796
-0.0214815 0.00937876 15.2378
-0.0880053 0.0276408 35.4783
-0.0157901 0.0601409 6.29146
0.0542708 0.0324631 -16.694
0.0237605 0.00716768 -1.99382
0.011001 0.0045025 3.45392
-0.0144761 0.00157788 15.0288
-0.0416709 0.00202602 27.6929
-0.0344506 0.00292403 23.8428
-0.0417231 0.000615038 27.4669
-0.00446604 -0.0125025 8.45274
0.039308 -0.0491715 -13.0151
0.101791 -0.0523944 -48.717
0.12069 0.0226806 -66.2706
0.100321 0.0210959 -53.257
0.0921886 0.0260622 -48.6926
0.0849535 0.010977 -42.5023
0.0775203 0.00484606 -36.9304
0.0754257 -0.00524452 -34.4288
0.084612 -0.010878 -40.3665
0.118427 0.00853878 -67.6329
0.146177 0.0353042 -90.1649
0.0753648 0.0462776 -35.6793
0.0381404 0.0282069 -4.37945
0.0234783 0.0132713 8.69442
0.0381608 -0.0147168 -1.23871
0.0418278 -0.0164479 -4.30831
0.0500403 -0.0216029 -11.3293
0.0518846 -0.0070318 -14.1898
0.057642 -0.016868 -18.9399
0.0804027 -0.0158065 -41.1022
0.0992 -0.00239771 -60.9843
0.0653953 0.0086565 -27.7239
0.438156 0.0296344 -419.451
0.00702907 0.0076644 32.1514
0.00540444 0.0479607 29.6129
-0.0139607 -0.220225 71.0023
-0.0505205 -0.206126 110.203
-0.0357678 -0.145137 87.186
0.0324092 -0.127729 6.58803
0.061727 -0.13593 -26.5621
0.0642624 -0.1301 -30.058
0 0 -1
-0.0587341 0.0160864 16.289
-0.0667987 0.0182719 16.47
-0.0432527 0.00705529 14.7747
-0.00327041 -0.00447303 13.8183
0.00458001 -0.00769245 13.558
0.0220521 -0.000373127 10.9502
0.00273013 -0.00224329 13.5311
0.00528109 -0.00421343 13.1814
-0.00622728 -0.000916887 14.5131
-0.0210701 0.000562447 17.1596
-0.0394929 0.00944743 20.1635
-0.0343014 0.0335716 15.6766
-0.024146 0.0123874 15.8494
-0.031264 0.0336807 15.2202
-0.0736667 0.0190123 29.6984
0.22204 -0.00226052 -62.5987
-0.0233422 0.0333195 11.919
-0.00796349 0.03968 5.1239
0.015542 0.0161565 0.0769218
0.00803239 -0.0245745 7.71307
-0.00912981 -0.0377152 16.7358
-0.0175892 -0.0385615 20.7657
-0.0408126 -0.0355434 31.1493
-0.0347438 -0.030408 27.2883
-0.0305937 -0.0172687 23.6852
-0.0454107 -0.02518 32.2124
-0.0211547 -0.044657 19.8801
0.123333 -0.0600888 -59.7762
0.105338 0.0288386 -57.4699
0.103661 0.0259411 -55.9296
0.0853685 0.0235776 -44.019
0.0673617 0.00915553 -30.5306
0.0671768 0.00330418 -29.8576
0.0693918 0.00480991 -31.745
0.100997 -0.00117674 -53.7876
0.155036 0.0167847 -96.0656
0.164453 0.0322044 -103.958
0.101379 0.0446688 -56.7299
0.0548404 0.0280414 -17.8487
-0.00463706 0.0234772 31.4517
0.00831309 0.00168068 22.5389
0.0470638 -0.00240942 -10.6813
0.05797 0.00510904 -21.7065
0.0577506 0.000628483 -21.1462
0.0698802 0.0121377 -33.4882
0.0888039 0.015346 -52.2306
0.0890333 0.0180529 -52.5451
0.0797271 0.0144367 -42.7398
0.38952 0.0499975 -371.336
0.0173156 0.0356896 18.8609
0.0528767 0.0468449 -20.4549
0.0997725 0.0299467 -69.4444
0.0930608 0.00402497 -58.1055
0.0901547 -0.0115972 -52.6822
-0.0226077 -0.138604 71.4954
0.0409102 -0.00368309 1.74863
0.03617 0.00181418 6.78028
0.0373276 -0.000544333 5.64395
-0.0860767 0.0308696 14.8037
-0.117389 0.0211236 17.0828
-0.0444439 0.017612 13.324
-0.00128342 0.000393966 12.9118
0.0124214 0.00933688 10.5782
0.0218389 0.00313309 10.4232
0.0101191 0.0044769 11.6835
0.00179388 0.000661329 13.0647
-0.00166646 0.0131907 11.5758
-0.0054857 0.031483 9.82983
-0.00720173 0.0627132 5.46098
-0.0348056 0.0823323 8.88984
-0.0287634 0.0410398 13.261
-0.0704222 0.0602367 22.7573
-0.0659555 0.0479653 23.5568
0.236831 -0.00394065 -67.1119
-0.0284318 0.00716684 16.776
-0.0240135 0.00419246 15.2444
-0.00624003 0.00479138 9.07861
-0.0162457 0.00269118 13.575
-0.0304215 -0.0132396 22.2561
-0.0282424 -0.026936 23.4761
-0.0262199 -0.0298917 22.7915
-0.0398809 -0.03626 30.5176
-0.0339806 -0.0356869 27.4939
-0.0304856 -0.0203157 22.9665
-0.026456 0.012953 16.0396
0.0456966 0.0418109 -29.4365
0.0752156 0.0176746 -36.9259
0.0690464 -0.00331671 -30.3914
0.0761312 -0.00610769 -34.1094
0.0559234 0.0336084 -26.4081
0.0664212 0.0190548 -31.393
0.0779636 0.0172223 -39.855
0.104619 0.0355051 -61.4733
0.131157 0.0630723 -84.9434
0.165623 0.0625207 -109.527
0.0831623 0.0891865 -48.6724
0.00924202 0.0504893 16.5784
-0.0282825 0.0463839 47.8347
0.0239792 0.00632581 8.09874
0.0582211 0.0213239 -23.643
0.0602055 0.0219025 -25.6975
0.0729869 0.0277287 -37.8502
0.0564206 0.0120963 -20.3603
0.088107 0.0122891 -50.98
0.0821394 0.00962361 -44.5392
0.0478382 -0.0053318 -8.03303
0.0570986 0.0482318 -26.5669
0.05077 0.00337915 -12.4688
0.0584565 0.019489 -23.2487
0.0897001 0.00986214 -55.8996
0.0954156 -0.0086621 -59.1771
0.062916 -0.0125829 -21.9905
0.0382457 -0.0066492 5.1654
0.052966 3.81987e-07 -13.2195
0.0369266 0.0199428 3.26257
0.0292535 0.00863 14.0502
-0.0693107 0.0649632 9.93595
-0.132597 0.033688 15.7759
-0.0548668 -0.0132561 18.5574
-0.00534154 0.00889551 12.1953
0.00824704 0.00807722 11.185
0.00859518 0.00329536 11.9047
0.00317788 0.00570967 12.2638
0.0197777 0.0540736 2.15374
0.0350778 0.10555 -9.37953
0.048856 0.131008 -15.9936
0.0570417 0.0882393 -8.82011
-0.0280739 0.124204 0.908687
-0.0240058 0.098494 2.93089
-0.0242029 0.0807872 5.91223
-0.106973 0.0471327 35.2989
0.225476 0.0173283 -66.7876
-0.0121081 0.0345214 6.64101
0.0139588 0.0735417 -9.55264
0.00400755 0.0604429 -3.51415
-0.0288628 0.045015 12.4486
-0.0326759 0.0104012 19.7761
-0.0383441 0.0259427 19.8643
-0.0430033 0.0287861 21.7444
-0.0350808 0.00469733 21.8963
-0.0434077 -0.00166164 27.1224
-0.0276767 0.0391429 11.6695
-0.0501275 0.0105242 29.171
0.225001 0.104631 -145.442
0.18932 -0.0248161 -101.675
0.1213 0.0115398 -65.4765
0.0963893 0.0300424 -52.9035
0.0570127 0.0592563 -31.3103
0.099915 0.132286 -70.8342
0.0674637 0.161284 -52.9012
0.0676992 0.130059 -47.4649
0.211506 0.0612656 -144.918
0.181817 0.114244 -130.036
0.0771194 0.157053 -53.4082
-0.0047287 0.120032 17.554
-0.0444142 0.144598 46.5674
-0.0975911 0.0758643 103.842
0.00593673 0.0257085 21.2174
0.0546766 0.00918491 -18.674
0.0597543 0.00327605 -22.0018
0.0532667 0.0113461 -17.1482
0.0720094 0.0144684 -35.7725
0.0778662 0.00596991 -39.8756
0.0421043 -0.000435963 -2.93542
0.0568215 0.0311516 -23.4504
0.0523544 0.0103583 -15.5103
0.0593973 0.00345863 -21.8902
0.104585 -0.00922782 -69.4102
0 0 -1
0.0699624 0.00652435 -32.8992
0.0453017 0.00902589 -5.42229
0.0565192 -0.0019216 -17.2148
0.0652988 0.0194879 -30.7066
0.0651089 0.0191499 -30.4998
0.0427295 0.0971587 8.94927
0.0383437 0.0675105 14.6559
0.0256912 0.0804071 12.7693
0.00807712 0.149004 0.804918
0.00653509 0.156156 -0.330205
-0.00704884 0.422568 -47.4781
-0.0297843 0.0265877 13.6066
-0.0946379 -0.0401396 52.5138
0.0299219 0.12841 -11.4687
0.0515072 0.17612 -23.4315
-0.0196732 0.071246 11.2049
-0.0637357 0.116667 11.562
-0.0665768 0.162903 4.04736
-0.0351402 0.0911313 8.18971
-0.0449864 0.0897049 17.7755
0.201591 0.0228898 -59.6759
0.0116459 0.0960935 -11.992
0.00088134 0.101986 -8.41985
-0.0143352 0.0892132 0.00112085
-0.0492579 0.07485 16.2781
-0.037651 0.0694205 11.9301
0.0013267 0.102009 -11.1137
-0.0170163 0.110478 -4.20284
-0.0590446 0.0839119 19.9467
0.00647733 0.0977798 -16.007
0.00726142 0.153333 -26.4112
-0.0111097 0.103601 -7.88334
0.16744 0.15994 -122.056
0.230998 0.104166 -149.25
0.0668007 -0.0114698 -18.6791
0.025403 -0.0380124 12.6372
0.112414 0.120835 -76.9624
0.0498206 0.0284849 -12.7004
0.0610324 0.0892886 -35.2188
0.0489582 0.101834 -28.984
0.160473 0.0926411 -111.184
0.401036 0.124154 -301.038
0 0 -1
-0.00337943 0.185886 6.227
-0.0546761 0.163508 52.2655
-0.0775862 0.1573 72.3813
0.0477526 0.0372849 -17.7612
0.0533794 0.00111811 -16.1506
0.0651947 -0.00437662 -25.9684
0.0655053 0.00661534 -28.0629
0.0721963 0.00506953 -34.2403
0.067153 -0.00123844 -28.1797
0.0511201 0.0101671 -14.0817
0.0650447 0.0170343 -29.9586
0 0 -1
0.0690092 0.0131666 -34.0471
0.070474 0.0270528 -38.0949
0.0789323 0.0105364 -44.079
0.0640676 0.00539181 -26.1418
0.06514 0.0481934 -35.3002
0.0589441 0.0398179 -26.9113
0.0540966 0.0328545 -19.6322
0.0367255 0.0201844 3.6802
0.0309429 0.122489 4.18849
0.0364715 0.11569 5.26852
-0.217482 -0.199004 90.307
0.00996607 0.124713 5.71823
-0.012644 0.0943702 13.7355
0.00651591 0.0828084 15.1391
-0.0451516 0.0166311 33.9226
-0.0887715 0.00429288 42.9002
-0.135365 -0.00112427 51.157
-0.104569 0.122003 19.4245
-0.0843615 0.0726173 25.5462
-0.0583568 0.0774384 18.3893
-0.0302103 0.107668 5.34466
0.0653007 0.081446 -14.0958
-0.00460386 0.0699158 9.85062
-0.00688692 0.0377682 17.2162
-0.0225899 0.0275465 24.305
-0.00521748 0.0623721 1.36662
-0.00495243 0.0499289 3.58888
-0.0463299 0.0691163 16.1963
0.00245174 0.125563 -16.5639
0.0156228 0.247593 -46.6513
-0.0202669 0.235677 -27.5366
-0.0153246 0.35404 -54.514
0.00201391 0.33581 -59.6066
-0.0124837 0.262714 -36.9548
-0.00336116 0.347045 -58.8658
0.0576326 0.281163 -80.2871
0.350472 0.188561 -236.656
0.0848297 0.0370706 -40.131
0.0644196 0.0868265 -38.3513
0.161492 0.0968681 -103.577
0.0608487 0.0456311 -24.0519
0.0558093 0.0929736 -30.5893
0.167696 0.100445 -111.24
0.132819 0.0271004 -69.764
0.097314 0.051499 -48.1859
0.0865751 0.1099 -50.9562
-0.0172269 0.0798391 39.713
-0.032634 0.11026 45.0398
-0.0165883 0.135389 27.1223
0.0288402 0.0854046 -1.97
0.0891406 -0.00560511 -36.3912
0.056556 0.00316316 -19.483
0.0711565 0.000622083 -32.3034
0.0650947 -0.00249459 -25.8757
0.0686639 0.00188344 -30.249
0.0658363 0.00591952 -28.1761
0.0575048 0.0150609 -21.5374
0.0623468 0.0178057 -27.2104
0.0598714 0.00641699 -22.1333
0 0 -1
0.0655376 -0.00429126 -26.3572
0.102848 0.0869212 -42.5779
0.138614 0.225893 -112.454
-0.039434 0.47556 5.78172
0.0492609 0.0926364 -24.6638
0.0295276 0.0480409 7.32483
0.0422857 0.142722 -0.131304
0.0482195 0.14144 0.375538
0.0322188 0.144628 0.667868
-0.0524158 0.0834557 20.6301
-0.0589663 0.0388165 30.9118
-0.0601058 0.0284696 33.2807
-0.0618696 0.00526815 38.3335
-0.0994316 0.0183287 41.1372
-0.0926602 0.0417965 33.7229
-0.0909743 0.0593102 29.6779
-0.0692029 0.0859351 19.4163
-0.0555556 0.117796 8.66303
0.00372027 0.0951651 -1.77811
0.0628859 0.0834263 -14.0157
0.0253486 0.0478948 4.94952
-0.0195626 0.0361322 21.7522
-0.0936888 0.0236886 49.9588
-0.0533464 0.334521 -38.3851
-0.0202602 0.270821 -36.7848
-0.0171369 0.319496 -48.3162
0.0271667 0.336188 -70.9386
0.0251873 0.323663 -67.3212
-0.000937109 0.318813 -53.9865
-0.0106844 0.320527 -49.5612
-0.00946073 0.323949 -50.7817
0.00333131 0.334599 -60.0023
0.00971361 0.331791 -62.7581
-0.000287261 0.326211 -55.8229
0.184316 0.114221 -119.373
0.0983606 0.0337666 -47.698
0.0893074 0.0671205 -49.2869
0.102014 0.0473393 -52.7661
0.0909106 0.0609806 -48.6499
0.150068 0.0833902 -94.7783
0.120875 0.0326324 -61.8147
0.115954 0.0242394 -56.1042
0.10715 0.0523115 -55.4514
0.0881017 0.0464286 -39.3441
0.0420056 0.0338191 1.33245
-0.0185053 0.0683564 43.6334
0.0159997 0.0984338 6.93154
0.00958582 0.081396 16.53
-0.000735707 0.0130846 40.752
0.0688935 0.00350286 -30.8352
0.0668385 0.00145118 -28.3881
0.0696088 0.000208655 -30.8354
0.0719549 0.0045428 -34.0615
0.0681821 0.0106945 -31.5937
0.102658 -0.0468883 -21.7076
0.14503 0.0190795 -81.2981
0.187652 0.0734558 -138.542
0.138062 0.0570591 -79.9201
0.0962263 0.00794304 -22.4286
0.0438944 0.0130705 34.7586
0.128961 -0.0160667 -50.5985
0.140888 0.0202926 -73.1821
0.167156 0.0501088 -111.205
0.156482 0.00790404 -88.4603
0.0367475 0.129756 3.15022
0.0340845 0.103401 9.78166
0.00742297 0.0820677 17.0664
-0.0590309 0.0363285 31.8706
-0.0762964 0.0315976 34.0898
-0.0806945 0.00929667 39.9097
-0.0448668 0.0319269 29.2244
-0.0589781 0.0458085 28.4154
-0.0727065 0.1136 12.777
-0.0676919 0.104327 13.9649
-0.0453382 0.0954076 11.309
-0.0194528 0.172458 -13.6352
0.0286106 0.149325 -20.79
0.0146202 0.0563214 5.88273
0.0077649 0.0404327 11.71
-0.0123056 0.0567617 14.1605
-0.0177303 0.104114 4.64371
-0.0255007 0.269626 -32.8698
-0.015108 0.304119 -45.6494
-0.00385488 0.318662 -53.715
0.0262534 0.320035 -66.8139
0.0127169 0.320654 -60.625
0.00185859 0.32432 -56.5816
-0.00263322 0.331162 -55.9663
0.000414805 0.333128 -57.8168
-0.00564544 0.326252 -52.8168
-0.00385976 0.334442 -55.9131
-0.000764698 0.327758 -56.0076
0.00576042 0.329938 -60.443
0.00909971 0.29203 -53.1529
0.0665059 0.075959 -36.983
0.0837828 0.0266738 -36.2232
0.119899 0.0066521 -56.3542
0.13356 0.0296783 -70.6707
0.124718 0.0122682 -59.9173
0.116479 0.0136627 -54.1064
0.118203 0.0218277 -57.4983
0.0905717 0.0264971 -36.546
0.0449975 0.0225388 1.38676
0.0172646 0.0240383 23.4757
-0.00651453 0.0545057 36.5801
-0.0320891 -0.00908661 73.7076
-0.00203329 0.0189103 40.3163
0 0 -1
0.0685828 0.00605507 -31.1879
0.0711774 0.00288083 -32.9682
0.042649 0.0207835 23.9409
0.053904 0.0183389 13.1217
0.0717109 -0.0365701 7.95662
0.156519 -0.0217328 -83.7551
0.193731 0.0563559 -141.17
0.131777 0.0471082 -70.8896
0.0592119 0.0304753 13.5264
0.0802896 0.0948643 -27.1418
0.209877 0.0514113 -164.314
0.172551 0.0119116 -109.037
0.174964 0.0510884 -121.467
0.176636 0.0410575 -120.666
0.010595 0.103457 10.2183
0.00200519 0.0622039 21.5169
-0.0408942 0.0384543 30.0873
-0.0585318 0.0403925 30.4024
-0.0741596 0.042417 30.6165
-0.0768678 0.0276145 34.2722
-0.0230009 0.14743 -4.39874
-0.0382912 0.138153 0.690942
-0.0226505 0.185271 -14.3475
-0.0224994 0.205785 -19.8651
-0.0255869 0.268075 -36.4825
-0.015757 0.271857 -39.9512
-0.0127833 0.254682 -36.1661
-0.00311758 0.300828 -51.0667
0.0245373 0.338877 -69.2993
0.029158 0.339722 -71.2416
0.0264011 0.364104 -77.1578
0.0203813 0.334095 -66.8967
0.00790397 0.328569 -61.217
0.0216445 0.344605 -71.0577
0.0176692 0.339983 -68.0582
0.020319 0.327611 -65.7835
0.00356098 0.332298 -59.2171
0.00139866 0.329859 -57.5645
0.00162243 0.335874 -59.4522
0.00345313 0.324802 -57.4802
-0.00140561 0.333254 -56.9095
-0.000207113 0.335079 -58.2391
0.00299601 0.328913 -58.5746
-0.007133 0.321704 -50.294
-0.00459744 0.330014 -54.1431
0.0145549 0.340151 -69.5433
0.0444652 0.27911 -73.7946
0.106933 0.0614749 -59.9157
0.129572 0.00498145 -61.7154
0.107589 -0.0273689 -37.1917
0.143831 -0.0268834 -64.8209
0.105914 0.0150671 -46.0604
0.0628836 0.00884583 -9.70591
-0.00254235 0.00672482 44.811
-0.0166461 -0.00511492 60.1847
-0.0345595 0.0208448 68.8827
0.167874 0.040392 -107.339
0.169635 0.0752563 -118.546
0.169377 0.236921 -161.894
0.152484 -0.0648654 -60.9701
0.0917921 0.00471854 -20.8494
0.098416 0.0444716 -38.5648
0.121127 0.0814404 -71.8969
0.114864 0.0176696 -50.0951
0.202502 0.123039 -168.037
0.131508 0.0862741 -80.7567
0.0644152 0.0780748 -4.7346
0.0788907 0.127598 -35.1774
0.213496 0.100938 -181.2
0.200265 0.0798811 -159.002
0.191473 0.102697 -154.556
0.175713 0.0734742 -127.681
-0.0167136 0.0878268 14.7735
-0.0207548 0.0731076 19.0778
-0.031298 0.0792994 17.7051
-0.0436513 0.0912079 14.966
-0.0320436 0.169524 -8.99433
-0.0231441 0.314799 -52.2686
-0.00328504 0.274762 -43.4053
-0.000420292 0.243834 -34.6844
0.00169249 0.256709 -38.3451
-0.00194345 0.28567 -45.8033
-0.0246129 0.298111 -44.906
-0.0143593 0.294713 -46.6646
0.00301789 0.32281 -59.2042
0.0252397 0.344756 -71.1399
0.0245654 0.336599 -68.5259
0.0222538 0.340749 -69.207
0.0169435 0.340212 -67.4836
0.015466 0.338544 -66.5317
0.0175983 0.325973 -63.6618
0.014243 0.337732 -65.8599
0.0135644 0.33106 -63.7452
0.0212829 0.334922 -68.3926
0.00564043 0.324637 -58.1528
0.000428489 0.326853 -56.1517
0.00127916 0.331089 -57.8541
-0.000553452 0.331758 -57.0234
-0.0044467 0.322639 -52.1139
-0.000182638 0.325152 -55.282
-0.00644218 0.329539 -52.8194
0.00165163 0.332587 -58.8087
0.00455907 0.329017 -59.64
0.00580975 0.328437 -60.1967
0.0085681 0.322248 -60.4605
-0.000946069 0.323739 -54.3839
0.0247687 0.287202 -62.6404
0.0554157 0.263084 -78.7352
0.0494103 0.230385 -64.5575
0.0869523 0.00543746 -28.632
0.0506518 -0.0431154 14.5427
-0.00334424 -0.0262665 54.5951
-0.00728381 -0.0290019 58.5228
-0.0394179 0.011976 74.7447
0.21733 -0.019298 -136.261
0.194462 0.00734745 -122.318
0.19153 0.00890294 -119.687
0.162503 -0.016339 -84.8083
0.132793 0.00749731 -62.5182
0.157823 0.0530669 -101.347
0.170112 0.0364165 -108.703
0.184737 0.0353997 -122.993
0.119219 0.0747312 -64.312
0.109295 0.0687669 -51.3855
0.171481 0.0364336 -110.147
0.148999 0.0231257 -80.57
0.201484 0.1754 -186.183
0.201737 0.176929 -187.375
0.180335 0.116447 -144.248
0.146998 0.122881 -106.433
-0.0251609 0.0834284 16.129
-0.0243885 0.078174 17.6948
-0.0190018 0.0890161 14.1608
0.00567371 0.147235 -5.04032
0.0145901 0.305063 -53.3689
-0.0177719 0.333805 -57.9246
-0.00656449 0.337559 -61.4456
-0.0028846 0.312524 -54.2562
0.00364502 0.284737 -46.6808
-0.00238351 0.286156 -46.0372
0.00580591 0.307411 -54.2865
0.000316319 0.338313 -62.6029
0.014125 0.344903 -68.3221
0.0105065 0.338552 -65.3381
0.0211136 0.333949 -66.9458
0.0155446 0.332078 -64.5764
0.0111859 0.334634 -63.8591
0.0151879 0.328642 -63.4655
0.0143768 0.316868 -59.5218
0.0152779 0.322789 -61.9272
0.0109103 0.323755 -60.3574
0.0141231 0.321643 -61.3211
0.00665064 0.340852 -63.7807
0.00574295 0.327611 -59.2661
0.0101545 0.328245 -61.7225
0.000216741 0.330938 -57.2398
-0.000679418 0.327997 -55.9923
0.000298907 0.327726 -56.5099
-0.00231552 0.329046 -55.2609
0.00359248 0.334172 -60.6043
-0.000197001 0.331789 -57.3739
0.00651551 0.322313 -58.931
0.00093723 0.325881 -56.2206
0.00354646 0.326282 -58.1896
0.00478847 0.326637 -59.3854
0.0127704 0.318478 -62.7995
0.00815546 0.319907 -59.8627
0.0167046 0.317263 -65.9085
0.0176117 0.300043 -61.0851
0.0163914 0.284121 -55.0089
0.015029 0.300272 -58.7869
0.0456924 0.291843 -83.0682
0.464484 -0.0307043 -357.849
0.203372 -0.00544059 -126.805
0.184869 -0.00261505 -109.729
0.16914 -0.000132019 -95.6751
0.157911 0.0143744 -89.4543
0.170697 0.0311775 -107.777
0.189025 0.0449184 -130.317
0.184984 0.0567314 -129.567
0.178345 0.0429412 -118.472
0.140564 0.056225 -82.0714
0.173872 0.0834816 -127.469
0.18619 0.0241842 -122.121
0.167543 0.0372563 -105.515
0.146834 0.0248201 -76.8616
0.126574 -0.0230009 -38.4161
0.112648 -0.0828449 -2.71278
-0.0370175 0.242405 -26.0831
-0.0379257 0.243073 -26.2749
-0.0413126 0.236072 -23.8116
-0.045039 0.266181 -33.8088
-0.0276116 0.290036 -43.0855
-0.025671 0.274904 -38.2847
-0.0210146 0.290155 -44.0718
-0.00674422 0.300829 -49.9514
0.00333601 0.307826 -53.9392
0.00734884 0.316389 -57.5712
0.00781201 0.321288 -59.2167
0.0148019 0.32561 -62.1314
0.0186971 0.329488 -64.3209
0.011088 0.325448 -60.9673
0.0149402 0.325063 -62.132
0.00979178 0.326368 -60.7759
0.0107208 0.330786 -62.582
0.0119725 0.322737 -60.4095
0.0138589 0.324911 -61.8907
0.0111476 0.322571 -60.11
0.00961315 0.320412 -58.6644
0.0106883 0.320668 -59.3179
0.0060134 0.330392 -60.2988
0.00554748 0.318615 -56.2514
0.00131001 0.323402 -55.6774
0.00067626 0.325873 -56.1761
0.00135375 0.327517 -56.9946
0.00427978 0.32588 -58.2918
0.00507166 0.32868 -59.6789
0.00834161 0.324752 -60.4606
0.00414786 0.334212 -60.9129
-0.00243563 0.331811 -55.9587
0.0046793 0.334176 -61.437
-0.00156899 0.333878 -57.0407
0.0103281 0.335321 -66.1266
0.0131997 0.333902 -67.8175
0.00853727 0.335622 -64.8653
0.00504948 0.327885 -59.7393
0.00918592 0.321374 -61.0707
0.0224292 0.313952 -69.5246
0.021622 0.306363 -66.37
0.0375301 0.297669 -77.6635
0.110816 0.245697 -126.52
0.211967 -0.0148705 -132.022
0.175706 -0.0350772 -90.6372
0.170203 -0.022798 -89.5562
0.205122 -0.0256182 -122.922
0.200164 -0.00521371 -125.106
0.188485 0.0226242 -122.165
0.17722 0.0222859 -110.154
0.165549 0.0216409 -98.3132
0.16781 0.0511722 -110.82
0.17494 0.0474071 -117.551
0.141826 0.00334474 -65.6541
0.145523 -0.0221491 -61.1546
0.142422 -0.0275427 -55.4603
0.0781472 -0.0775311 37.2411
0.042494 -0.159292 107.497
-0.0356706 0.242753 -26.2186
-0.0357348 0.244937 -26.9801
-0.0367134 0.255582 -30.6655
-0.0273969 0.280523 -39.851
-0.0351103 0.285346 -40.7282
-0.0318929 0.242611 -26.362
-0.00822471 0.268849 -38.5828
-0.00717479 0.293833 -47.4324
0.0126928 0.307462 -55.4433
0.00687105 0.310168 -55.2117
0.0142571 0.324264 -61.588
0.0183183 0.313973 -58.8723
0.0174653 0.319255 -60.6565
0.00899326 0.317751 -57.6509
0.0131682 0.32857 -62.7921
0.0122003 0.318206 -58.8769
0.00909408 0.323545 -59.6357
0.0070814 0.320064 -57.8155
0.00481752 0.312268 -54.0734
0.0188676 0.312842 -59.8004
0.010117 0.319022 -58.3998
0.00680939 0.318074 -56.5946
0.00744297 0.322241 -58.3446
0.0100319 0.315166 -57.2285
0.00198911 0.326747 -57.213
0.00476347 0.328285 -59.2109
0.00458887 0.330892 -60.1892
0.00816532 0.321569 -58.9338
0.00608751 0.338568 -63.7022
0.00160801 0.331124 -58.4588
-0.00101651 0.319556 -52.5725
0.00217707 0.32581 -57.0255
0.00997883 0.317215 -59.2543
0.00452654 0.328057 -59.2866
0.00861696 0.333624 -64.2957
0.00677481 0.322257 -58.9406
0.0022895 0.324799 -56.3843
0.000938055 0.329331 -56.8609
0.0067476 0.320348 -58.54
0.00874872 0.31876 -59.4959
0.0120948 0.313202 -60.4626
0.018928 0.30776 -64.5457
0.0494363 0.268009 -78.2414
0.0474037 0.224285 -60.8722
0.125212 0.0320869 -66.1814
0.176468 -0.065519 -81.5289
0.194119 -0.0515314 -103.374
0.211326 -0.0438812 -123.059
0.202755 -0.0144465 -124.391
0.186314 0.00272965 -113.368
0.182686 0.00419465 -110.66
0.174709 0.0279088 -109.885
0.140626 0.0415366 -76.7208
0.105532 0.0183231 -28.743
0.130722 -0.0112244 -47.9056
0.1188 -0.032336 -26.4575
-0.00165352 -0.171905 164.991
0.00886985 -0.200954 161.828
-0.0348949 0.242892 -26.2756
-0.0348178 0.244212 -26.7561
0.638894 0.302877 -90.989
-0.0455345 0.24282 -25.1826
-0.0449528 0.219817 -16.8772
-0.0228476 0.209536 -15.7282
-0.000978122 0.237542 -28.3672
0.0140181 0.276651 -44.5049
0.0181695 0.304349 -55.2359
0.0148898 0.317708 -59.3485
0.00622214 0.30398 -52.6167
0.0103035 0.298711 -51.6017
0.0119796 0.284561 -47.0107
0.0164954 0.290438 -50.3068
0.0228426 0.308476 -58.7219
0.0146573 0.320173 -60.329
-0.00029304 0.300995 -48.3861
0.00447108 0.292923 -47.3448
0.0162978 0.292509 -51.6428
0.0173379 0.287508 -50.2275
0.00959623 0.30378 -52.7431
0.00624712 0.302491 -50.8512
0.00229235 0.302277 -48.8041
0.0108685 0.315987 -57.8877
0.004531 0.319912 -56.0981
0.00698079 0.310586 -54.182
0.00304559 0.329688 -58.8852
-0.000636155 0.314559 -51.2815
0.00368597 0.318885 -55.4193
-0.00487463 0.323316 -51.6109
-0.0103523 0.293239 -37.2279
0.000231624 0.292801 -44.0977
0.0038137 0.291299 -45.8715
0.00896673 0.286107 -47.705
0.00929542 0.312154 -57.3298
0.00688937 0.300051 -51.2463
-0.00104528 0.308091 -47.9449
0.00590994 0.326955 -60.132
0.00302251 0.325896 -57.2289
-0.0020638 0.300484 -43.8731
0.0155646 0.291012 -55.6975
0.0145018 0.297236 -56.9066
0.0173327 0.280305 -53.3494
0.0324209 0.2204 -45.4817
0.0310963 0.214252 -42.2361
0.153018 -0.0413009 -66.9649
0.196701 -0.0756777 -97.5281
0.210792 -0.0604535 -116.791
0.208112 -0.0459322 -119.239
0.19232 -0.0211148 -111.872
0.183166 -0.0152534 -104.559
0.202243 -0.00235529 -129.703
0.162962 0.0263177 -96.4682
0.121006 0.0273601 -49.7362
0.10272 0.00225148 -20.0425
0.118715 -0.0131032 -33.1033
0.137511 0.000918487 -60.4059
0.138975 0.00461201 -63.5076
