0.00723676 0.0548197 10.2691
0.00714945 0.0448521 10.2431
-0.017838 0.0358612 11.8738
-0.0350817 0.0307782 12.6572
-0.0119856 0.00489216 11.0248
0.00962376 0.0147263 8.72501
-0.00340579 0.0321227 10.0683
0.00422871 0.0311616 9.12812
-0.000131792 0.0218963 9.87956
-0.0181 0.0117629 13.5112
-0.011818 0.02885 11.7748
0.0291791 0.0345858 1.63497
0.10288 0.00616754 -16.6152
0.102153 -0.0271409 -15.3388
-0.0486662 -0.0153797 23.2382
-0.0570926 0.0261826 25.0372
-0.047187 0.0186871 21.5208
-0.0312711 0.0467134 14.4695
0.26246 0.00600106 -99.5866
0.32113 0.0502894 -123.343
-0.0194313 -0.0275732 13.6084
-0.00236449 0.0507401 3.85789
-0.0175394 0.0514455 11.5771
-0.0147536 0.0137997 10.602
-0.117713 0.684851 64.3382
-0.00332895 -0.011481 5.4321
0.166876 -0.224949 -77.3773
0.00114309 0.0427199 2.78904
-0.0248495 0.0486853 18.342
0.000963526 0.0433041 2.22889
0.0255816 0.0260492 -13.6821
0.0331107 0.0199493 -18.6215
0.0482042 -0.00661267 -27.5922
0.0183301 -0.00717708 -6.45068
0.0192406 0.0128038 -7.7585
0.0126845 0.0246717 -3.13613
0.03145 -0.0145852 -17.111
0.0502202 0.0288439 -32.9251
0.0420616 0.000783482 -25.3233
-0.0473081 -0.0410064 51.1397
-0.0351992 0.00667207 39.0269
0.0154764 -0.0296191 -5.06767
-0.0037612 -0.0102063 11.4913
-0.000789082 0.000836795 8.72488
0.0102193 -0.0236354 -1.38129
0.00417296 -0.0384274 5.16273
0.0018622 -0.0194726 7.17849
-0.0483682 0.00493867 57.7831
0.546371 0.272869 -564.916
-0.0546956 0.0219303 63.9021
-0.0382503 -0.00232508 46.4524
0.0154524 -0.0240504 -11.816
-0.0105391 -0.0398036 17.3831
-0.012976 -0.0622649 20.789
-0.0113588 -0.0356769 17.636
-0.00748187 -0.0234977 12.6663
0.0101118 0.002996 -8.84142
0.00787465 0.00193105 -6.0213
-0.0029151 0.045216 10.4269
0.0102013 0.0409661 10.0415
-0.00366596 0.0293364 11.184
-0.0392646 0.0348399 13.0433
-0.0145609 0.0345305 10.5533
0.0235885 0.0413869 6.17418
0.0116751 0.0636401 7.38478
-0.0102055 0.0706606 10.4419
-0.0109772 0.0625865 10.6539
-0.00954647 0.0524807 10.5954
-0.0270153 0.0546152 14.4117
0.00822367 0.0257344 6.80752
0.0727544 0.00617343 -8.90799
0.0763818 -0.0237971 -7.67209
-0.0610545 0.0239157 26.9678
-0.0615771 0.0293462 27.1838
0.0689529 0.0348114 -18.0365
0.005454 0.0457797 0.841776
0.107371 0.0301261 -39.0896
0.121245 0.0400411 -45.0899
0.0118966 -0.00953736 -1.4046
-0.00161975 0.0297726 3.90242
-0.0278206 0.0813596 15.7117
-0.0180047 0.0263721 11.7643
0.106549 0.0146701 -47.9112
-0.00792959 -0.00682603 7.52865
0.510011 0.0112939 -280.92
-0.00939551 0.0651744 8.86503
-0.0346746 0.0483646 24.445
-0.0100857 0.023895 10.0434
0.0179047 0.0272095 -7.88239
0.0325835 0.0176335 -17.5635
0.0386506 -0.00314751 -20.7875
0.0163255 0.0022903 -5.12295
0.0112305 0.00683021 -1.60876
0.00742117 0.00743603 1.26028
0.0127528 0.00612041 -2.96694
0.0365974 0.0173887 -22.3071
0.0235317 0.0213623 -10.7388
-0.0397287 0.00128354 43.1762
-0.0507626 0.0220681 51.9922
-0.0110139 0.00585014 17.7905
-0.000321592 0.0130709 7.82378
-0.00258013 0.0103228 10.0744
-0.00268928 -0.00140188 10.5904
-7.09448e-05 -0.0115711 8.19853
0.00485864 0.0140649 3.14691
-0.0340954 0.0142036 42.6108
0.0492549 -0.0821546 -35.5481
-0.0472362 0.0329113 55.9135
0.0509762 0.0138853 -47.4301
-0.0421239 -0.0122871 50.4412
-0.0102936 -0.0346403 16.9054
0.00598666 -0.0124206 -3.36194
-0.0135859 -0.0263856 19.97
0.00161337 -0.000903806 1.13134
0.0151094 0.0169772 -15.5728
0.00540823 0.0196073 -3.45431
-0.00938667 0.0225824 12.0214
-0.0100246 0.0429554 10.9122
-0.024898 0.025864 12.4261
-0.0228168 0.0317039 11.9145
-0.022488 0.0399963 11.58
0.0184359 0.0577617 5.89887
0.0461788 0.0440671 3.5759
0.00537568 0.0654153 9.36921
-0.0152412 0.088626 10.5643
-0.0347624 0.0677019 16.4103
-0.0482694 0.0628828 18.696
0.00423569 0.0311413 7.78693
0.0547437 0.00695808 -3.21157
0.0088085 0.0112232 9.18747
-0.0991767 0.0349441 39.9062
-0.0703964 0.0299867 30.4969
-0.0613802 0.0194553 28.1402
-0.0315759 0.0160454 15.0522
0.0750319 0.0146329 -25.6185
0.0641447 0.0425235 -21.5405
0.0210754 -0.018891 -5.15226
0.145593 0.172022 -68.8643
0.0126169 0.0664969 -4.05315
0.0154103 0.0526837 -4.98604
0.103594 0.0451657 -48.1862
-0.00854255 0.000719957 8.14054
0.63739 -0.0256164 -353.067
-0.100313 0.0190825 65.5556
-0.0515367 0.00535398 37.4695
-0.0254904 0.00377378 21.5513
0.00243655 0.00471083 3.22434
0.0226438 -0.00782296 -9.68183
0.0386772 -0.0201579 -20.1876
0.0270739 -0.0116609 -12.2174
0.0095659 -0.00509254 0.0898073
0.0154258 0.00123145 -4.76285
0.0488781 0.0243681 -32.1792
0.0500797 0.0459858 -33.6181
0.00291663 0.0263917 6.28933
-0.0357794 0.0192141 39.0597
-0.0186697 0.0418362 23.2579
-0.0260685 0.0386789 29.9375
-0.0109112 0.0350691 16.4847
-0.00742891 0.0326574 13.4758
-0.00472313 0.0193208 11.5972
-0.0757659 0.107914 76.2325
0.00545958 0.0330034 0.561673
-0.00927662 0.0302971 16.1523
-0.0378187 0.0461622 45.2576
-0.0601289 0.0635094 67.8972
0.0304751 0.0184296 -25.5643
-0.0396426 -0.0243077 48.8977
0.00518724 0.0221461 -4.69325
0.0174302 0.0445951 -18.3743
0.0150161 0.0436345 -16.5636
0.00707074 0.0655708 -8.46264
0.0268478 0.0730375 -32.5406
0.0185823 0.0643673 -21.7376
-0.0160682 0.0107288 12.8116
-0.0206504 0.00506793 13.283
-0.0153152 -0.00390694 13.667
-0.000345882 0.0198667 10.845
-0.00178871 0.0410906 9.35154
0.0354337 0.0323544 5.75494
0.0607347 0.0415716 1.6761
0.031277 0.028031 7.21461
-0.0097643 0.0401001 13.2356
-0.0336531 0.0253846 19.2175
-0.0379672 0.036702 18.3627
-0.0167382 0.0544414 12.0977
0.0105348 0.030722 7.26657
-0.0503911 0.021844 25.7614
-0.132654 -0.141507 62.7992
-0.099848 -0.0690634 46.938
-0.0111318 -0.0710463 16.9295
0.0056863 -0.0151181 4.27361
0.0631535 -0.0216591 -18.5522
0.0900047 -0.00370076 -29.8099
0.0907061 -0.127152 -20.4697
0.0853921 -0.127424 -18.0821
0.123505 0.104732 -52.2373
0.207916 0.243103 -111.056
0.0910761 -0.0117194 -37.9198
0.04857 -0.0804994 -16.8026
-0.123099 -0.0550682 84.7116
-0.0807464 -0.0753682 60.2786
-0.039514 -0.0611224 34.3603
-0.018626 -0.0145171 18.1109
0.00336482 -0.0143799 3.94038
0.0133958 -0.0149709 -2.80547
0.0348349 -0.00274231 -18.6275
0.0200443 -0.0159083 -7.30601
0.0260373 -0.00959652 -11.9406
0.0388482 0.0189319 -23.9911
0.0606749 0.0274917 -41.0271
0.0342911 0.0140403 -18.5893
0.00531604 0.0159364 4.96191
-0.0102076 0.0334715 16.693
0.00239529 0.0513621 4.49588
-0.0183521 0.0594445 21.858
-0.0284065 0.049253 31.9793
-0.0162808 0.0477394 20.676
-0.00124378 0.0458646 6.70772
-0.00515489 0.0479565 10.2716
0.0097299 0.0375885 -3.55636
-0.0081798 0.0312961 15.0382
-0.0234911 0.0438969 30.4852
-0.0352237 0.0508691 42.3906
0.00406426 0.0165321 2.85238
-0.0173472 0.0322589 24.7939
-0.00338837 0.118838 0.654233
0.0267494 0.11636 -33.5974
0.0213312 0.097154 -26.222
9.16529e-05 0.081352 -0.0571122
0.0119839 0.056952 -12.5639
0.0223272 0.0540098 -25.0417
-0.00941061 0.0118829 12.6121
-0.0161985 0.0186157 12.2961
-0.0231706 0.0229694 11.8961
-0.00369269 0.0225957 10.7303
0.00592289 0.0227929 10.0925
0.0166986 0.0258694 8.48943
0.0384503 0.020678 6.58066
0.00336705 0.00168133 13.781
0.00339526 0.00404302 13.3715
-0.0111992 0.0117152 15.5411
-0.0167385 0.0462115 13.4204
-0.02894 0.065749 14.3639
-0.0163381 0.0280147 14.8032
-0.0134494 0.0062461 16.277
-0.132467 0.0115305 51.009
0.00386243 -0.105416 13.1932
-0.000627367 -0.0962712 13.8098
-0.000276736 -0.0157247 6.40391
0.0240603 -0.0608761 0.779868
0.0189563 -0.0556724 2.20128
-0.000741022 0.00364721 4.758
0.0134691 0.032933 -4.07398
0.00633801 -0.000259553 1.32544
0.0506169 -0.0840686 -11.7273
0.0849436 -0.128253 -25.2205
0.000667286 -0.0074887 3.17852
0.022348 -0.0328392 -5.92131
-0.00329962 -0.104464 17.4437
-0.0151049 -0.0593713 18.9438
-0.00378069 -0.0392186 9.92989
0.0114559 -0.0320246 -0.0192774
0.0173835 -0.0195104 -5.232
0.0266156 -0.00613746 -12.8415
0.0369316 -0.00383547 -20.7713
0.0500261 0.00108673 -30.6259
0.0371447 0.0206133 -22.8603
0.0660792 0.0221301 -45.3096
0.0316026 0.00915141 -16.2193
0.020804 0.000151624 -6.71675
0.0189167 0.0307125 -7.97541
0.01862 0.0469627 -8.92939
-0.0234657 0.0789611 25.2301
-0.0436491 0.0511341 45.8936
-0.0143771 0.0423119 19.47
-0.00108072 0.0415168 7.04861
-0.0107093 0.0346464 16.9941
-0.00743048 0.0165309 15.5848
-0.000636594 0.0102217 9.18726
-0.00561702 0.0107737 14.5039
-0.01616 0.0242272 24.1595
-0.0133402 0.0261755 21.0741
-0.018824 0.0276806 26.7195
-0.00847879 0.0347463 14.5019
-0.0230392 0.0542545 29.3102
-0.0163893 0.0619293 20.9861
-0.0152017 0.0382662 21.8351
-0.00206787 0.0287863 6.72028
0.0105072 0.019844 -7.84257
-0.005961 0.0177938 11.9269
-0.00288334 0.0109229 12.7096
-0.0189514 0.0226841 11.8511
0.000167432 0.030267 9.62059
0.00895546 0.0437996 7.48414
0.0125287 0.0427997 7.03392
0.0240923 0.0262145 7.62171
0.00625092 0.0116703 12.1997
0.00293575 0.0248754 11.042
0.0115164 0.0175356 10.3408
-0.00486659 0.0128837 14.4941
-0.0285347 0.0174435 19.6145
-0.02662 0.0168671 18.719
-0.0209954 0.0123386 17.7759
-0.068187 0.0296984 29.6451
-0.132446 0.18634 30.4748
-0.0177082 -0.0229225 12.4726
0.00357326 -0.00748422 2.93669
0.00396618 -0.0220212 4.12648
0.0455772 0.0714238 -22.9894
0.0105769 0.034869 -2.82755
-0.0253473 0.0259195 14.7648
-0.0430702 0.0315296 22.3483
-0.0149685 -0.0154203 13.7778
-0.0271409 -0.0246663 20.692
0.00120608 -0.0343041 6.17536
0.00168428 -0.0379511 6.10881
-0.00956846 -0.0597606 15.8319
-0.000788547 -0.0420436 8.49717
0.0204788 -0.0282116 -6.53719
0.0140391 -0.02441 -2.68654
0.037391 -0.00531415 -20.4636
0.0362119 0.0166074 -22.2902
0.0232583 0.0419657 -16.2297
0.0629407 0.0181078 -42.5305
0.0690543 0.0136716 -46.3937
0.0592695 0.0199518 -39.382
0.0303274 0.0103298 -15.2454
0.0242558 0.0263859 -12.5199
0.0346834 0.0212474 -20.6898
0.0229741 0.02315 -10.3402
-0.0204972 0.0314824 27.6338
-0.0463897 0.0324475 50.2914
-0.0194618 0.038612 24.7525
-0.0268493 0.0343214 32.4021
-0.0226531 0.0188116 30.2594
-0.0162824 0.00729911 25.3127
-0.000148009 0.0152427 8.06542
-0.00372691 -0.00283464 14.0131
-0.00796782 0.0146876 16.3304
-0.0111017 0.012905 19.9754
-0.0134433 0.0240483 21.1415
-0.00272842 0.0272819 8.65841
-0.00526974 0.0384527 10.2378
-0.0201743 0.0524947 26.1495
-0.0220786 0.0361874 30.0924
-0.0276263 0.0294368 37.5918
-0.0290486 0.0117378 41.494
0.00184775 0.0225343 11.3132
-0.00273163 0.022402 11.3629
-0.00347137 0.0262317 10.6934
0.0166819 0.0435537 6.9462
0.000907928 0.0304232 10.6829
-0.00392355 0.0321405 10.6356
0.00265549 0.00948607 12.7766
0.0154783 -0.00342802 12.7465
0.00745027 0.00964433 12.3469
-0.00358553 0.00414436 15.1269
-0.00747937 0.00085061 16.5041
-0.0228072 0.00159556 20.1976
-0.0414229 0.00118727 24.725
-0.017974 0.00379379 17.8286
-0.0339676 0.0263857 19.6495
-0.0573639 0.0609416 22.5004
-0.100335 0.0868116 34.0229
-0.0152191 0.00631541 8.32044
0.0121129 0.0446221 -7.00122
-0.0520996 0.0734655 18.9439
-0.0107586 0.0428946 5.43292
-0.00782701 0.0177846 7.75058
-0.0344589 0.0172846 20.5487
-0.042746 0.0222221 23.3019
-0.0605943 -0.0132948 36.6416
-0.0162855 -0.0326342 15.7643
-0.00154012 -0.0351636 7.38615
0.280246 0.29308 -212.261
0.0131827 -0.0364448 -0.923015
0.0116583 -0.0201039 -1.96373
0.0406705 0.0249609 -26.927
0.0637956 0.0448411 -45.1282
0.0521376 0.0784527 -41.4843
0.0125771 0.094065 -14.981
0.0224556 0.0634119 -18.2261
0.0541068 0.0271222 -36.7752
0.0478885 0.00282063 -28.4856
0.0441467 0.00232046 -25.5726
0.0441522 0.0281443 -28.9417
0.0288955 0.0455115 -18.7344
0.0168825 0.0302825 -6.23822
-0.0126218 0.0117742 22.7291
-0.0202405 0.0155955 29.0734
-0.0301541 0.0116406 39.4813
-0.0546219 0.00321565 63.4232
-0.0396023 0.00891899 48.1586
-0.0148991 0.0138523 22.8746
-0.000523519 0.0100193 8.98092
-0.0035096 0.0115202 11.8716
-0.000451117 0.00671906 9.32039
-0.00735325 0.00663308 16.6887
-0.00851484 0.010582 17.3864
-0.000332479 0.0135616 7.71489
0.015129 0.0303638 -12.346
-0.00667401 0.0316174 13.0388
-0.0349068 0.0516398 43.7539
-0.0532819 0.0377855 67.8417
-0.0463453 0.0256594 61.0781
0.00364627 0.00924919 13.2598
-0.00254609 0.0118133 12.9254
0.00478486 0.0209877 11.0276
0.0289915 0.0277883 8.46661
-0.00650196 0.0148092 13.7633
-0.0216368 0.0166429 14.9234
-0.00905638 0.0125427 13.7858
0.0206247 -0.00638124 12.2697
-0.00360156 -0.00456475 16.395
-0.00313819 0.00288088 15.1349
-0.0056886 -0.00014925 16.1203
-0.0214442 -0.00285343 20.4958
-0.0366864 0.00540755 22.8176
-0.0122451 0.0111531 14.9562
-0.0125541 0.0194603 13.7632
-0.0173135 0.0323285 13.3346
-0.0397536 0.0647184 15.9381
-0.0477576 0.0717077 17.5634
-0.054769 0.010699 29.4162
0.0442245 -0.046627 -2.73047
-0.0165773 0.0161418 11.573
-0.0161668 0.00925931 12.7189
-0.0393635 0.00477152 24.5293
-0.0367931 0.0102087 21.9188
-0.0369995 0.0185193 20.0256
-0.0103082 -0.0123952 9.33646
0.00204772 -0.00875375 1.19854
0.011526 0.0259942 -9.85121
0.0107711 -0.0165771 -2.26269
0.0507981 0.0646399 -40.2929
0.0975516 0.0937525 -75.045
0.0750778 0.0952514 -59.8584
0.043782 0.0619561 -32.7151
0.0296794 0.0561563 -21.4497
-0.00131611 0.0419932 3.10515
0.0230649 0.0335339 -14.1288
0.0462103 0.0145461 -29.1671
0.0625572 0.023004 -43.4511
0.0386815 0.0172865 -22.3504
0.0116146 0.0171559 0.510289
-0.00940221 0.00945957 19.8481
-0.0227027 -0.00216231 33.4016
0.00116351 0.00167606 11.3614
-0.0286343 0.00868587 38.2639
-0.0478763 0.00778784 55.9437
-0.0284383 0.00874602 36.8843
-0.00207007 0.0147279 9.8835
-0.000934085 0.0192014 8.00646
-0.000257022 0.0103581 8.78366
-0.0147038 0.00636614 24.6784
-0.0110049 0.0127771 19.6782
-0.0109582 0.0128766 19.5978
0.010125 0.0143826 -4.38355
0.011648 0.0164971 -6.20835
0.00354834 0.0142217 3.58188
-0.0247099 0.0320299 34.4181
-0.054364 0.0375265 69.4359
-0.0638269 0.0429497 79.8918
-0.00135837 0.0283116 9.83182
0.00893689 0.0273613 9.78216
0.0181276 0.0239752 9.67745
0.0207345 0.0200847 10.1876
-0.00384973 0.0129271 13.7508
-0.0194883 0.0209532 13.8927
-0.0168878 0.0213086 13.3616
0.00711761 0.0129937 11.1557
0.0117856 0.0127958 10.4264
0.00205979 0.0185266 11.3307
-0.0175781 0.0118635 16.8194
-0.0226458 -0.000614111 20.4427
-0.0104256 0.0211243 12.9809
-0.0179949 0.0339624 12.617
-0.0140643 0.0296722 12.4359
-0.00799541 0.0357971 9.46777
-0.0308436 0.0513529 14.8042
-0.0653357 0.126538 13.7163
0.016246 -0.0474788 7.77106
-0.0639909 0.168821 5.19491
-0.0417192 0.131894 1.76737
-0.0285769 0.0644133 8.69678
-0.017544 0.137736 -9.88503
-0.049789 0.114383 10.6956
-0.0493675 0.0253108 26.4685
-0.013374 0.0529418 1.52376
0.0182264 0.187863 -41.4764
0.011195 0.273371 -53.4348
0.034077 0.187732 -51.6186
0.0738927 0.227504 -83.5608
0.0829197 0.178435 -79.8462
0.0692578 0.1646 -67.9117
0.016135 0.0899975 -18.2857
0.0134683 0.0441459 -8.17118
0.00601157 0.0447172 -2.99995
0.01092 0.040592 -5.98801
0.0470595 0.0282861 -32.154
0.0682255 0.00510713 -44.7471
0.0499387 0.00657152 -29.7974
0.0180459 0.00703994 -3.40047
-0.00745421 0.0114606 17.6862
-0.0084835 0.0251281 15.9995
-0.00461141 0.0186365 13.904
-0.0260635 0.0126692 35.0101
-0.0512814 0.0183849 57.5594
-0.0409935 0.0250927 46.4012
-0.00735863 0.0162028 14.9002
-0.00499732 0.014841 13.0023
-0.00773895 0.00909632 16.8519
-0.0160964 0.0133756 25.0631
-0.00769179 0.00927565 16.5728
0.00940892 0.0205848 -4.29954
0.0047379 0.0210396 0.835678
0.0133475 0.0118046 -7.46119
0.00313981 0.00640775 5.27799
-0.0104246 0.00225471 22.1439
-0.0278879 0.0193221 40.4299
-0.0471159 0.047299 58.5848
-0.00133435 0.0529397 5.18245
0.00118544 0.0536908 4.98683
0.00852338 0.0366711 7.87136
0.0126548 0.0664518 1.90708
0.00913198 0.0570312 3.80977
-0.0183991 0.0559298 7.11352
-0.0102718 0.0393142 9.07844
-0.0129385 0.0384554 9.40404
-0.00147598 0.0218828 10.7168
0.0258324 0.0555072 -0.676026
-0.0159551 0.0172426 15.1768
-0.0183548 0.0135721 16.7312
-0.0111171 0.0106158 15.6146
0.0404974 0.0316758 -3.38374
-0.00835985 0.0290904 10.7543
-0.0105406 0.0565568 6.83419
-0.0932933 0.0101024 51.8321
-0.0337966 0.174974 -8.66933
-0.0464991 0.158065 1.22216
-0.0506819 0.194616 -4.59347
-0.0524008 0.168878 1.42342
-0.0364619 0.22466 -17.889
-0.0348265 0.226108 -19.0208
-0.0316166 0.303212 -36.4442
-0.0226867 0.31865 -43.971
-0.0042297 0.33998 -58.1127
0.00208549 0.321568 -57.6722
0.00737619 0.355388 -67.7033
0.00387853 0.304693 -55.1472
0.0358012 0.281297 -70.1144
0.0829851 0.22788 -89.6587
0.126974 0.18374 -109.433
0.194383 0.0300552 -123.702
-0.0693179 0.205481 28.7197
0.139919 0.0621972 -96.4212
0.109822 0.0739363 -76.5018
0.145683 -0.00877773 -87.2001
0.116161 -0.0459511 -55.3067
0.0480655 0.0300318 -32.6249
0.00440235 0.0217998 5.63314
-0.003995 0.0159906 13.698
-0.0014709 0.0335182 8.0689
-0.00564979 0.0228576 14.0643
-0.0406407 0.0146272 48.3164
-0.0470228 0.023011 52.8351
-0.0339904 0.0313473 38.1281
-0.0181623 0.0244734 24.1186
-0.0043311 -0.00584816 16.3943
0.000297435 0.00646617 8.92478
0.00664035 0.0220821 -0.942908
-0.00664856 0.0239264 12.6207
0.00513823 0.0198402 0.590949
-0.00303758 0.0148588 10.8036
-0.00362659 0.00789961 12.8052
0.00334851 0.000322811 6.32297
-0.00733053 0.00767389 17.5939
-0.0171699 0.0128061 28.4955
-0.0131699 0.0266583 20.8589
0.00193225 0.0550476 4.92709
-0.00623301 0.043 7.86475
0.0196587 0.0425544 6.64335
0.0207246 0.0559904 3.72059
-0.00444926 0.0403845 9.3595
-0.0196263 0.0270827 13.9554
-0.0265856 0.0450596 10.3649
-0.0299852 0.0332913 13.8583
0.00195475 0.0284369 9.09981
0.287124 0.0776216 -57.4211
-0.00454907 0.0171629 12.5319
-0.0793061 0.0026652 49.0696
-0.0682672 0.0297105 39.254
-0.0635219 0.000104466 45.0665
-0.0962538 -0.0294156 61.4472
-0.105069 -0.0298626 64.5638
-0.099218 -0.00658568 57.5294
-0.0605721 0.11436 15.982
-0.0260201 0.214562 -20.0052
-0.0376796 0.203322 -12.8598
-0.0292566 0.250511 -26.9257
-0.00344145 0.299852 -49.8515
0.00322811 0.300085 -53.11
-0.00343464 0.310038 -52.0264
0.00215354 0.334359 -60.0728
-0.00407573 0.328812 -55.4381
0.00408227 0.329993 -60.3191
0.000595739 0.335326 -59.2912
0.00909192 0.321903 -61.5503
0.00553455 0.311756 -57.0604
0.021269 0.300253 -64.6454
0.0515204 0.253749 -74.2903
0.0689483 0.209722 -76.5258
0.234772 -0.0378143 -138.221
0.248911 -0.0416081 -148.663
0.0196201 0.590832 -118.937
0.0632693 0.415753 -112.5
0.108649 -0.020282 -54.7469
0.123952 -0.00740735 -70.1249
0.137941 -0.0127502 -80.3133
0.136548 0.000284393 -82.1293
-0.000520564 0.0339075 7.30746
0.14342 -0.00241344 -87.4306
0.138498 -0.00460197 -82.4476
0.142392 -0.000697311 -87.0647
0.142783 4.29604e-05 -87.6282
-0.0125815 0.00405994 22.7111
-0.00236089 -0.005734 14.4448
0.000383205 0.000640689 10.1234
0.00419547 0.00759755 4.71055
0.000459953 0.0135544 7.31912
-0.00690098 0.00560431 17.2491
-0.0136997 0.0137046 23.0272
-0.00815456 0.00814842 17.8763
0.0033313 0.00505253 5.19624
0.00435236 0.00681291 3.52499
-0.00979595 0.0117004 19.6963
-0.00609272 0.0168409 14.0708
-0.0233813 0.0390406 9.04088
-0.0379866 0.019719 14.0509
-0.0261218 0.00111317 32.9588
-0.0986572 0.0494336 39.5022
-0.0883753 0.0657147 34.7028
-0.0755084 0.0371288 41.1063
-0.0751833 -9.65598e-06 50.4292
-0.077728 -0.00571741 51.9497
-0.068463 -0.00053366 49.0251
-0.0681963 0.0253887 41.7895
-0.0853167 -0.0788701 70.846
-0.0516106 -0.021119 47.9111
-0.0527031 0.0914065 19.1873
-0.0656213 0.0922361 22.62
-0.0590429 0.155347 5.4965
-0.0357938 0.252321 -26.1471
-0.0243839 0.293263 -40.1387
0.00114918 0.298658 -51.0673
-0.00178344 0.307565 -52.0026
-0.00753407 0.301924 -48.4286
0.00268648 0.321156 -57.3456
0.00130827 0.329408 -58.6026
-0.000980156 0.327844 -57.3439
0.00366449 0.324256 -58.5442
-0.00334455 0.320714 -53.922
0.00499331 0.327392 -60.0985
0.00510855 0.326812 -60.0952
0.00592954 0.327027 -60.5816
0.000641252 0.324647 -56.8685
0.00232449 0.320076 -56.8289
0.00709371 0.319686 -59.8867
0.0299121 0.299023 -70.1785
0.0374471 0.28563 -72.0512
0.0531317 0.2548 -75.8767
0.0542701 0.232847 -70.8613
0.321267 -0.245183 -154.625
0.213501 -0.0142623 -126.49
0.180976 0.0891784 -126.575
0.037195 0.532461 -118.397
0.0282779 0.0040371 -11.321
0.0291717 0.00912732 -13.3583
0.0165418 0.017384 -4.11133
0.134488 0.00276614 -80.4214
-0.0271964 0.015945 36.2412
0.143326 -6.04092e-05 -88.118
0.144076 0.00707768 -90.6334
0.1391 0.00372208 -84.7041
0.136513 -0.0100331 -78.6944
0.138189 -0.010973 -80.128
0.13982 -0.0197788 -79.5158
0.117702 -0.0806827 -40.0032
0.127502 -0.0724375 -52.3994
-0.0127131 0.00496259 23.8426
0.00130869 0.0161284 4.89384
0.00790357 0.00644904 -0.332918
0.00733452 0.0179543 -2.45775
0.000808475 0.0107591 7.16808
-0.0183139 0.0161797 29.1693
-0.0262676 -0.129185 83.9059
-0.0392029 -0.118821 82.0311
-0.0908882 0.0111073 49.2712
-0.0874034 0.00307583 51.4224
-0.0759617 0.000367756 51.1068
-0.0754963 -0.00274212 51.5686
-0.103047 -0.0245658 60.7412
-0.0861454 -0.0126194 54.5865
-0.0281402 0.127736 5.19014
-0.0746829 0.00952309 46.6977
-0.0238775 0.190748 -13.2868
-0.022329 0.227261 -24.1101
-0.0136 0.234776 -28.4509
-0.0351361 0.238529 -23.403
-0.00917296 0.2923 -45.5679
-0.00708179 0.303739 -49.2575
-0.0101232 0.306895 -48.7986
0.000892415 0.313958 -54.6177
0.00219479 0.321468 -57.2438
0.0101553 0.32253 -60.6378
0.00413605 0.325959 -58.9332
-0.000855492 0.329097 -57.4475
-0.00699336 0.338007 -56.8317
0.00402181 0.331401 -60.5932
0.0122386 0.332642 -65.1344
-0.000505575 0.327796 -56.9824
-0.00307457 0.325068 -54.8977
0.00440617 0.324586 -59.1138
0.00753344 0.324259 -61.014
0.00309379 0.331048 -59.9658
-0.000934013 0.333583 -58.2548
0.00860551 0.323198 -61.7791
0.0244557 0.311435 -69.5752
0.0311455 0.292742 -69.3351
0.0345681 0.275554 -67.1859
0.0371933 0.286269 -72.0652
0.0579835 0.250231 -78.498
0.31165 -0.234901 -149.446
0.256386 -0.118822 -134.114
0.256519 -0.117019 -134.892
0.249176 -0.0442767 -148.928
-0.00295823 0.0194026 12.8753
-0.0224003 0.00506718 34.7065
-0.0255446 0.0101153 36.1826
-0.00813068 0.0133959 18.6644
0.00775359 0.0184093 2.02914
0.135413 0.00157629 -80.4085
0.135562 -0.000347237 -80.0868
0.13863 -0.00278101 -82.6317
-0.0975376 0.00749311 114.345
0.123429 -0.0147797 -62.9813
0.125311 -0.0317016 -60.4586
0.127061 -0.06575 -53.3717
-0.0305775 0.0214592 40.4025
0.131865 -0.0092472 -72.9259
0.151366 -0.024688 -91.8059
0.120585 -0.136207 -23.6404
0.105473 -0.108272 -12.6764
-0.0428944 -0.169274 95.9079
-0.0169909 0.245752 -30.3717
-0.091062 -0.068103 70.2342
-0.0924268 -0.110337 82.9695
-0.100302 -0.0142563 55.9025
-0.0554392 0.177187 -5.73427
-0.00732927 0.19255 -15.9229
-0.0289796 0.281195 -39.1463
-0.0236972 0.221201 -22.2401
-0.0125605 0.265754 -36.9862
-0.0102085 0.273435 -39.7296
-0.0288573 0.260916 -31.5409
-0.0196427 0.286626 -41.1557
0.00441579 0.313187 -55.3689
3.61659e-06 0.317287 -55.2452
0.00505372 0.318831 -57.4461
0.00750472 0.320786 -58.7062
-0.00897985 0.331656 -55.8178
0.0069404 0.335606 -63.1984
0.00738855 0.321443 -59.1256
0.0101217 0.333086 -63.6881
0.00157828 0.329973 -58.8621
0.00225774 0.326274 -58.2162
0.0048338 0.324553 -58.9579
0.00351141 0.328557 -59.4207
-0.00362463 0.324979 -54.5515
0.00364555 0.325795 -58.8717
0.0048726 0.319326 -57.7692
0.00604772 0.324508 -59.9606
0.00431834 0.316868 -56.6031
0.000198662 0.32968 -57.71
-0.00355343 0.332113 -55.902
0.014404 0.316185 -63.7821
0.0225824 0.31012 -67.9688
0.0337522 0.298158 -72.8028
0.0271343 0.290666 -65.5654
0.0374164 0.291426 -73.6908
0.0581815 0.274188 -85.5257
0.0529929 0.25951 -77.4169
0.296127 -0.180403 -152.066
0.282287 -0.0770121 -168.653
0.238868 -0.0522158 -137.019
0.223684 -0.0185679 -133.245
0.214165 0.0109015 -133.775
0.214241 0.00411487 -131.649
0.135241 0.00574785 -81.4483
0.131889 0.00365342 -77.456
0.135077 -0.000467837 -79.5181
0.133871 -0.00087389 -78.155
-0.107843 0.00839143 125.011
0.111416 -0.00525093 -52.3298
0.116088 -0.0127024 -55.3973
-0.0569153 0.0129623 73.2033
-0.0602062 0.016493 76.0373
0.144365 -0.00962593 -87.4791
-0.111395 0.0507866 131.812
-0.101127 0.0295943 125.929
-0.107222 0.0185678 136.512
-0.0248445 0.236884 -27.3625
-0.0085971 0.247453 -31.1316
0.0154987 0.213638 -21.9939
-0.0173387 0.21358 -19.7697
-0.00672063 0.238938 -28.5418
-0.0190443 0.24548 -29.3467
-0.0185629 0.260974 -34.377
-0.0203136 0.270881 -37.2743
-0.0131094 0.272759 -39.0522
-0.0023931 0.294864 -47.9744
0.00145721 0.304729 -51.8053
-0.00790134 0.306247 -49.961
0.00411604 0.322389 -58.0258
0.00121363 0.327956 -58.9285
0.00756431 0.323733 -59.4926
-4.30823e-05 0.329614 -58.8
0.00751985 0.323071 -59.3556
0.0038686 0.327292 -59.4131
0.00744717 0.32874 -61.2277
0.0054247 0.328838 -60.3982
0.00400551 0.323883 -58.2084
0.0026996 0.322056 -57.2009
0.00706871 0.327746 -61.0263
0.00341242 0.324651 -58.3814
0.00470185 0.323801 -58.7476
-0.00264985 0.323334 -54.6645
0.00727525 0.330292 -62.3205
0.0083675 0.322069 -60.462
0.0020286 0.325997 -57.9344
0.00565791 0.325716 -60.1229
0.00166437 0.328377 -58.383
-0.00143076 0.328418 -56.2723
0.00421317 0.324192 -58.9934
0.0138845 0.315785 -63.251
0.0156074 0.314443 -64.1999
0.0271766 0.304327 -69.7569
0.0414429 0.28582 -74.7481
0.034698 0.296655 -72.9968
0.0360131 0.288218 -71.6179
0.0475769 0.263819 -73.7354
0.0282495 0.230324 -46.5821
0.0520286 0.272196 -80.7157
0.21704 -0.0381208 -121.49
0.218496 -0.0119678 -130.723
0.228989 -0.012042 -140.495
0.238885 -0.0100865 -150.816
0.224474 -0.0225717 -132.667
0.104347 0.156814 -79.8475
0.133972 0.106933 -94.9042
-0.116369 0.0106655 133.396
0.209724 0.0213415 -147.771
0.20749 0.0243561 -146.223
0.199245 0.0141847 -133.702
-0.0742201 0.0113469 93.764
0.281596 0.000199376 -317.635
-0.163188 0.0126916 205.789
-0.130831 0.00934572 168.108
-0.107078 0.0100096 138.978
-0.0100428 0.241386 -28.9909
-0.00620532 0.250593 -32.1891
-0.00057825 0.24574 -30.825
-0.0079201 0.254915 -33.5281
-0.0113592 0.252255 -32.3788
-0.00976179 0.277756 -41.0509
-0.00461172 0.296763 -48.0853
-0.00778826 0.302327 -49.4741
0.000485954 0.309895 -53.2769
0.00676187 0.317391 -57.0444
0.00237859 0.316643 -55.7134
0.00682237 0.317084 -57.0151
0.00313443 0.326842 -59.204
0.000211357 0.321082 -56.3988
0.00253498 0.32057 -56.7017
0.00305004 0.330414 -60.1578
0.00367387 0.326765 -59.1954
0.00477119 0.325345 -59.0628
0.000426011 0.326563 -57.6525
0.00450465 0.322172 -57.9139
-0.00123205 0.31964 -54.6796
0.00494206 0.324631 -59.0602
0.00690747 0.325479 -60.2189
0.0014592 0.329001 -58.7251
0.000921547 0.322941 -56.3618
0.00242179 0.324359 -57.7577
0.0080491 0.322994 -60.3273
0.00180874 0.324718 -57.434
0.00126664 0.320144 -55.6044
0.00425566 0.324512 -58.889
0.00251244 0.323353 -57.3219
0.00121067 0.32602 -57.3154
0.000831169 0.329868 -58.3435
0.00565943 0.326995 -60.7451
0.00898525 0.314989 -59.3824
0.0129525 0.302977 -58.4425
0.0241403 0.298815 -65.7125
0.0515558 0.268643 -77.2016
0.0232828 0.289532 -61.3534
0.0332194 0.291643 -70.4039
0.0355518 0.293425 -73.2188
0.0402788 0.303318 -80.7971
0.0536937 0.263789 -79.5152
0.0390939 0.240566 -57.8775
0.215058 -0.0131912 -126.995
0.216363 -0.0258514 -123.762
0.218921 -0.0429991 -120.271
0.224521 -0.012383 -136.21
0.185325 -0.021483 -92.0781
0.122482 0.836117 -318.25
-0.174897 0.916572 -24.057
0.197175 0.0366916 -138.832
0.179113 0.0193408 -112.714
-0.0593808 -0.00434305 81.6218
0.0789425 0.0152208 -17.5722
-0.15044 0.0148526 189.666
-0.133329 0.00981382 170.847
-0.110209 0.00741636 143.595
-0.000853073 0.244757 -30.2499
0.000337105 0.252652 -33.0907
0.00197876 0.261575 -36.3289
-0.000504399 0.280174 -42.734
-0.00104661 0.283152 -43.737
-0.000194016 0.298505 -49.0444
-0.000335492 0.305723 -51.5831
0.00554362 0.309584 -53.9197
0.0102707 0.303294 -52.4972
0.0103263 0.314674 -56.5894
0.00157397 0.320658 -56.8132
0.00619474 0.315184 -55.9514
0.00244383 0.320074 -56.6055
0.00186825 0.317316 -55.4241
0.00952041 0.325317 -60.6045
0.00251368 0.320522 -56.559
0.00413382 0.316259 -55.7833
0.00581699 0.317647 -56.7698
0.00329303 0.311354 -53.5947
-0.00243755 0.314224 -52.2231
0.00157689 0.321268 -56.3528
0.00436515 0.315879 -55.7062
0.0101991 0.316611 -58.7746
-0.000674533 0.318197 -53.9653
0.00230181 0.317381 -55.222
0.00376172 0.326124 -59.0725
0.00392012 0.325625 -58.8772
-0.00154785 0.31948 -53.5512
0.00371104 0.324422 -58.5805
0.0038303 0.319856 -56.9495
0.00672961 0.316679 -57.7442
-0.00063619 0.3199 -53.9096
0.00341656 0.318403 -56.1703
0.00446442 0.317245 -56.4287
0.00112716 0.31551 -53.475
-0.000581773 0.311919 -50.9735
0.0184623 0.294083 -59.4486
0.0289482 0.290018 -66.318
0.0383123 0.27657 -69.1871
0.0219504 0.282441 -56.8127
0.0193324 0.221901 -33.168
0.0261725 0.289621 -63.3522
0.0325668 0.283004 -66.805
0.0284101 0.255277 -53.3231
0.0594723 0.195593 -61.5147
0.257279 -0.730225 81.519
0.225675 -0.0287924 -131.76
0.225567 -0.0038694 -140.33
0.203064 -0.00749754 -115.328
0.21291 0.00685938 -130.548
0.184893 0.0809735 -127.265
0.237461 0.00632109 -157.744
0.245741 0.00223195 -165.578
0.250217 -0.0133344 -165.047
0.0958834 -0.0829201 21.7084
-0.117282 0.00399912 153.41
-0.123212 0.0103615 158.47
-0.108007 0.00856616 140.547
0.0040755 0.245884 -30.7039
0.0050936 0.253476 -33.5361
0.00674645 0.259956 -35.9996
0.00670086 0.26535 -37.8796
0.00895191 0.28368 -44.7298
0.00139753 0.282997 -43.7507
0.000853368 0.286424 -44.816
0.00463902 0.279774 -43.121
0.0101618 0.290707 -47.9163
0.00250639 0.288549 -45.594
0.00536334 0.293892 -48.1371
0.00535002 0.289464 -46.5545
0.0128604 0.28814 -48.0026
0.00834973 0.30075 -51.3558
0.00692157 0.309162 -54.0082
0.0058066 0.297458 -49.3712
0.00158436 0.309807 -52.4879
6.60293e-05 0.290923 -45.0238
0.00296839 0.297247 -48.4873
0.0125494 0.293788 -51.1779
0.00544339 0.308906 -53.6639
0.00397033 0.298681 -49.2969
0.00695894 0.303929 -52.6277
-0.00133606 0.312675 -51.6331
-0.00092851 0.300525 -47.447
0.010919 0.298893 -53.313
0.0025317 0.317054 -55.1066
-0.00179412 0.30632 -48.7218
0.00069299 0.311684 -52.1588
0.00136589 0.311115 -52.2428
-0.00092688 0.300663 -47.0092
0.00569211 0.282881 -44.9763
0.00362183 0.297085 -48.6872
0.00505927 0.296268 -49.4596
0.00508605 0.303864 -52.2342
-0.000103115 0.29968 -46.904
0.0177398 0.289057 -57.1707
0.0222489 0.269112 -53.4692
0.0272089 0.256824 -53.0516
0.0514686 0.250398 -70.77
0.0223503 0.16753 -16.5714
0.0393211 0.209671 -46.7025
0.038279 0.234806 -55.1852
0.0303905 0.234058 -47.4737
0.0449932 0.218965 -55.9352
0.0665332 0.144844 -49.4221
0.0749019 -0.0289281 6.56463
0.230398 -0.00288867 -145.617
0.208631 0.00874329 -127.064
0.20762 -0.0190594 -116.359
0.212035 0.0106339 -131.496
0.222768 -0.00615745 -137.006
0.253314 -0.0174991 -166.972
0.247951 0.00283561 -168.26
0.0752668 -0.0403534 30.7735
0.0811664 -0.0389618 23.2656
-0.0906254 0.0033447 121.486
-0.109233 0.0144302 139.971
