0 1 3
1 2 3
2 3 3
3 4 3
4 5 3
5 6 3
6 8 3
8 9 3
9 10 3
10 11 3
11 70 3
14 70 3
14 15 3
15 16 3
16 17 2
17 18 2
18 19 3
19 21 3
21 22 3
22 24 3
24 25 3
25 26 3
26 27 3
27 28 3
28 86 3
30 86 3
30 31 1
31 32 3
32 33 3
33 34 3
34 35 3
35 36 3
36 37 3
37 38 3
38 39 3
39 40 3
40 41 3
41 100 0
100 158 3
158 279 3
277 279 3
47 279 0
47 48 3
48 49 3
49 50 3
50 51 3
51 52 3
52 53 0
53 55 1
55 56 3
56 57 3
160 277 3
6 65 3
8 65 3
15 72 3
14 72 3
15 73 3
19 78 3
21 78 3
72 73 3
14 71 3
1 59 3
71 72 3
15 74 3
16 74 3
22 81 3
70 71 3
24 81 3
39 97 3
40 98 3
41 98 3
53 112 3
2 60 3
3 60 3
73 74 3
18 76 3
40 97 3
19 76 3
24 82 3
25 82 3
38 96 3
39 96 3
52 109 3
21 79 3
27 85 3
48 107 3
49 107 3
51 109 3
0 58 3
1 58 3
11 69 3
78 79 3
26 85 3
28 85 3
32 90 3
37 95 3
48 164 3
3 61 3
4 62 3
5 63 3
6 64 3
8 66 3
9 67 3
10 68 3
69 70 3
22 79 3
25 84 3
26 84 3
31 90 3
33 91 3
34 92 3
35 93 3
36 94 3
38 95 3
47 164 3
50 108 3
50 109 3
58 59 3
60 61 3
61 62 3
62 63 3
63 64 3
64 65 3
66 67 3
67 68 3
68 69 3
17 76 1
85 86 3
30 89 1
31 89 3
90 91 3
91 92 3
92 93 3
93 94 3
94 95 3
96 97 3
49 108 3
108 109 3
1 60 3
65 66 3
19 77 3
84 85 3
55 112 3
59 60 3
76 77 3
89 90 3
95 96 3
41 215 3
107 108 3
30 145 3
100 215 1
77 78 3
81 82 3
86 145 3
98 215 3
52 226 3
79 81 3
82 84 3
53 226 1
89 145 0
107 164 3
164 279 0
17 74 2
86 144 3
97 98 3
109 226 3
78 136 3
79 138 3
85 144 3
53 169 3
112 169 3
55 57 3
81 138 3
145 146 1
89 146 3
84 142 3
96 154 3
97 154 3
112 170 3
55 171 1
74 133 3
78 137 3
95 154 3
58 116 3
17 133 2
136 137 3
79 137 3
82 141 3
89 147 3
169 170 3
57 171 1
57 173 1
59 116 3
84 141 3
146 147 3
90 147 3
82 140 3
97 155 3
169 226 1
171 172 3
171 173 3
172 173 3
64 122 3
65 123 3
71 129 3
81 140 3
154 155 3
107 165 3
108 166 3
61 120 3
62 120 3
65 122 3
66 123 3
70 129 3
73 131 3
74 131 3
95 153 3
153 154 3
98 156 3
163 279 0
164 165 3
107 166 3
59 117 3
59 118 3
60 118 3
61 119 3
63 120 3
63 121 3
64 121 3
66 124 3
67 125 3
68 126 3
69 127 3
70 128 3
72 130 3
74 132 3
81 139 3
90 148 3
91 149 3
92 150 3
93 151 3
94 152 3
97 156 3
160 217 3
163 164 3
109 167 3
118 119 3
119 120 3
122 123 3
123 124 3
124 125 3
125 126 3
126 127 3
127 128 3
129 130 3
130 131 3
131 132 3
132 133 3
17 134 2
76 134 0
138 139 3
139 140 3
140 141 3
85 142 3
147 148 3
148 149 3
149 150 3
150 151 3
151 152 3
152 153 3
158 216 3
158 160 3
160 279 3
165 166 3
116 117 3
117 118 3
121 122 3
137 138 3
141 142 3
85 143 3
145 204 3
155 156 3
108 167 3
120 121 3
128 129 3
77 136 3
142 143 3
146 204 0
160 216 3
133 134 3
143 144 3
167 226 3
156 215 3
76 136 3
166 167 3
134 136 3
144 145 3
100 216 3
163 277 0
112 171 3
171 229 3
123 181 3
170 171 3
160 276 3
276 277 3
138 196 3
139 196 3
170 229 2
130 188 3
131 188 3
142 200 3
165 223 3
117 175 3
118 175 3
127 185 3
133 190 3
136 193 3
143 200 3
164 223 3
119 177 3
120 177 3
122 180 3
126 185 3
129 187 3
132 190 3
134 193 3
143 202 3
144 202 3
154 211 3
166 224 3
167 224 3
118 176 3
123 180 3
125 183 3
126 183 3
128 185 3
128 187 3
188 189 3
131 189 3
140 198 3
141 198 3
145 202 3
146 205 3
147 205 3
152 211 3
153 211 3
154 213 3
155 213 3
216 217 3
166 223 3
172 230 3
116 174 3
175 176 3
120 178 3
121 179 3
123 182 3
124 182 3
128 186 3
133 191 3
139 198 3
141 200 3
148 206 3
148 207 3
149 207 3
151 209 3
152 210 3
154 212 3
156 213 3
170 228 3
172 229 3
173 230 3
174 175 3
118 177 3
178 179 3
179 180 3
182 183 3
126 184 3
130 187 3
132 189 3
190 191 3
139 197 3
141 199 3
143 201 3
205 206 3
150 207 3
150 208 3
150 209 3
209 210 3
223 224 3
169 228 3
228 229 3
173 231 3
186 187 3
137 196 3
196 197 3
197 198 3
198 199 3
199 200 3
200 201 3
202 204 3
206 207 3
207 208 3
208 209 3
210 211 3
211 212 3
217 276 3
176 177 3
177 178 3
181 182 3
183 184 3
185 186 3
187 188 3
134 191 3
137 195 3
201 202 3
212 213 3
230 231 3
180 181 3
184 185 3
195 196 3
229 230 3
189 190 3
204 205 1
226 227 0
136 195 3
213 215 3
164 222 3
222 223 3
193 195 3
163 222 3
204 262 3
215 272 3
167 282 3
204 261 3
224 282 3
226 282 3
202 261 3
261 262 3
213 271 3
213 272 3
271 272 3
169 227 3
191 193 3
216 274 3
193 251 3
100 274 2
191 250 3
188 246 3
193 250 3
205 262 0
206 265 3
207 265 3
100 272 1
227 228 3
180 238 3
181 238 3
187 246 3
189 246 3
206 264 3
217 275 3
223 281 3
190 248 3
193 253 3
272 273 0
216 275 3
224 281 3
230 288 3
175 233 3
181 239 3
185 243 3
191 248 3
195 253 3
199 257 3
208 265 3
231 288 3
176 233 3
182 239 3
186 243 3
189 247 3
190 247 3
191 249 3
250 251 3
200 258 3
201 260 3
202 260 3
264 265 3
209 267 3
210 267 3
212 270 3
213 270 3
100 273 1
228 285 3
174 232 3
176 234 3
177 235 3
178 236 3
182 240 3
183 241 3
184 243 3
186 245 3
187 245 3
246 247 3
248 249 3
197 255 3
198 257 3
210 268 3
222 281 3
229 288 3
231 289 3
232 233 3
233 234 3
234 235 3
235 236 3
179 236 3
179 237 3
238 239 3
240 241 3
184 241 3
186 244 3
245 246 3
198 255 3
201 258 3
267 268 3
210 269 3
211 269 3
281 282 3
227 285 3
229 287 3
288 289 3
236 237 3
237 238 3
239 240 3
243 244 3
247 248 3
249 250 3
200 257 3
228 287 3
287 288 3
244 245 3
196 255 3
274 275 3
205 263 0
206 263 0
211 270 3
270 271 3
228 344 3
260 261 3
262 263 3
263 264 3
263 322 3
264 322 3
268 269 3
251 253 3
253 310 3
258 260 3
269 270 3
251 310 3
196 311 3
257 258 3
287 344 3
196 253 3
311 313 3
253 311 3
198 314 3
265 323 3
208 267 3
196 313 3
257 314 3
285 344 3
255 314 3
273 274 0
255 313 3
264 323 3
184 300 3
322 323 3
270 328 3
241 300 3
243 300 3
265 267 3
271 328 3
237 296 3
238 296 3
247 305 3
282 340 3
227 282 1
244 302 3
250 308 3
251 308 3
261 319 3
275 276 3
281 340 3
227 341 3
233 291 3
234 291 3
243 301 3
244 301 3
245 302 3
248 305 3
257 315 3
282 341 0
285 343 3
258 315 3
258 316 3
258 317 3
260 317 3
261 318 3
267 324 2
275 333 3
237 295 3
240 298 3
250 307 3
260 318 3
261 320 3
262 320 3
265 324 3
268 326 3
269 326 3
275 335 3
277 335 3
343 344 3
287 345 3
288 345 3
289 347 3
295 296 3
239 297 3
239 298 3
249 307 3
318 319 3
323 324 3
271 273 0
276 335 3
222 339 3
281 339 3
340 341 0
288 347 3
232 290 3
234 292 3
235 293 3
236 294 3
239 296 3
241 299 3
245 303 3
246 304 3
248 306 3
251 309 3
314 315 3
315 316 3
267 326 3
271 329 0
273 329 2
274 332 3
285 341 3
288 346 3
233 290 3
291 292 3
292 293 3
293 294 3
236 295 3
296 297 3
297 298 3
240 299 3
299 300 3
302 303 3
303 304 3
304 305 3
249 306 3
307 308 3
308 309 3
309 310 3
269 328 3
275 332 3
222 277 0
344 345 3
345 346 3
346 347 3
294 295 3
300 301 3
301 302 3
306 307 3
310 311 3
316 317 3
317 318 3
319 320 3
290 291 3
305 306 3
326 328 3
332 333 3
333 335 3
313 314 3
263 321 3
267 325 2
341 343 3
262 321 3
321 322 3
324 325 2
325 326 2
273 331 2
274 331 3
222 397 3
298 299 3
318 377 3
319 377 3
339 397 3
339 340 3
313 370 3
331 332 3
311 370 3
329 331 3
222 394 0
344 403 3
320 321 3
328 443 0
333 392 3
335 392 3
277 394 3
345 403 3
324 383 0
328 386 0
328 329 0
335 394 3
310 369 3
311 369 3
322 381 2
323 381 3
394 397 1
315 373 3
316 373 3
325 383 0
335 393 3
298 356 3
322 380 3
392 393 3
297 356 3
321 380 3
329 388 3
331 388 3
341 400 3
343 400 3
291 349 3
339 398 3
340 398 3
292 349 3
300 359 3
301 359 3
305 363 3
314 373 3
331 389 3
343 401 3
344 401 3
299 357 3
300 357 3
304 363 3
306 363 3
309 367 3
381 438 3
329 386 3
332 389 3
297 355 3
355 356 3
302 361 3
303 361 3
306 365 3
307 365 3
310 367 3
321 379 3
324 381 2
393 394 3
292 350 3
293 350 3
295 353 3
299 356 3
308 367 3
316 374 3
379 380 3
380 381 2
294 352 3
295 352 3
296 354 3
302 360 3
304 362 3
306 364 3
308 366 3
367 368 3
310 368 3
369 370 3
373 374 3
326 384 3
332 390 3
333 391 3
341 399 3
346 403 3
346 404 3
347 404 3
290 348 3
291 348 3
293 351 3
293 352 3
297 354 3
356 357 3
301 360 3
360 361 3
303 362 3
365 366 3
366 367 3
368 369 3
313 371 3
314 371 3
314 372 3
317 374 3
320 379 3
325 384 2
328 384 3
386 443 3
389 390 3
390 391 3
391 392 3
340 399 0
399 400 3
400 401 3
349 350 3
350 351 3
296 353 3
361 362 3
362 363 3
371 372 3
372 373 3
320 377 3
320 378 3
340 456 3
399 456 1
403 404 3
347 405 3
352 353 3
354 355 3
364 365 3
370 371 3
378 379 3
404 405 3
397 398 3
344 460 3
348 349 3
351 352 3
401 460 3
357 359 3
337 394 3
337 397 1
353 354 3
359 360 3
363 364 3
377 378 3
380 438 3
398 456 3
403 460 3
328 442 3
357 416 3
374 433 1
317 433 3
384 442 3
442 443 0
352 410 3
359 416 3
388 389 3
351 410 3
386 444 3
329 445 3
388 445 3
381 439 3
324 439 2
386 445 3
444 445 3
318 433 1
318 434 1
383 384 1
384 441 0
377 434 1
383 441 3
397 455 3
401 459 3
348 406 3
350 408 3
351 408 3
433 434 3
383 439 3
398 455 3
459 460 3
349 406 3
362 421 3
363 421 3
377 435 2
349 408 3
434 435 2
393 452 3
394 452 3
360 418 3
361 418 3
374 432 3
378 437 3
379 437 3
337 452 3
404 463 3
405 463 3
359 418 3
362 420 3
364 423 3
373 431 3
432 433 1
441 442 1
337 455 1
399 458 3
400 458 3
400 459 3
355 413 3
361 420 3
365 423 3
365 424 3
366 424 3
372 431 3
373 432 3
380 437 3
349 407 3
353 411 3
354 411 3
354 412 3
354 413 3
356 414 3
359 417 3
367 424 3
367 425 3
368 426 3
369 427 3
370 428 3
371 430 3
372 430 3
431 432 3
378 436 3
388 446 3
389 447 3
390 448 3
391 449 3
392 450 3
393 451 3
399 457 3
458 459 3
403 461 3
404 462 3
406 407 3
407 408 3
408 409 3
351 409 3
352 411 3
413 414 3
416 417 3
417 418 3
420 421 3
364 421 3
423 424 3
425 426 3
426 427 3
427 428 3
378 435 2
437 438 3
445 446 3
446 447 3
447 448 3
448 449 3
449 450 3
450 451 3
457 458 3
461 462 3
462 463 3
409 410 3
411 412 3
356 472 3
371 428 3
436 437 3
451 452 3
456 457 0
412 413 3
357 472 3
424 425 3
430 431 3
439 441 3
443 444 3
352 468 3
435 436 2
460 461 3
411 468 3
414 472 3
418 420 3
455 456 3
410 468 3
416 472 3
418 477 3
420 477 3
438 439 0
456 515 3
428 430 3
457 515 1
430 487 3
428 487 3
432 490 2
431 490 3
441 498 3
408 467 3
409 467 3
421 480 3
364 480 3
439 498 3
441 499 3
438 497 3
423 480 3
431 489 3
433 491 3
439 497 1
498 499 3
409 468 3
416 474 3
489 490 3
490 491 1
467 468 3
472 474 3
424 482 3
425 482 3
428 486 3
442 500 3
455 514 3
456 514 3
459 517 3
420 478 3
421 478 3
423 482 3
486 487 3
443 500 1
460 517 3
417 475 3
425 483 3
426 483 3
430 489 3
434 492 3
435 494 2
436 494 3
437 495 3
438 496 3
442 499 0
514 515 3
460 519 3
461 519 3
407 465 3
408 466 3
416 475 3
433 492 3
435 492 2
438 495 3
457 516 3
458 516 3
406 464 3
465 466 3
411 469 3
412 470 3
413 471 3
477 535 3
421 479 3
423 481 3
426 484 3
427 485 3
435 493 3
436 495 3
443 501 3
444 502 3
445 503 3
445 504 3
446 504 3
447 505 3
448 506 3
449 507 3
450 508 3
451 509 3
452 510 3
455 513 3
459 516 3
462 520 3
463 521 3
464 465 3
411 470 3
470 471 3
471 472 3
480 481 3
481 482 3
482 540 3
484 485 3
485 486 3
493 494 2
500 501 0
501 502 3
502 503 3
504 505 3
505 506 3
506 507 3
507 508 3
508 509 3
509 510 3
337 510 3
337 513 1
519 520 3
520 521 3
466 467 3
468 469 3
474 531 3
474 475 3
418 535 3
482 483 3
492 493 2
495 496 3
499 500 1
503 504 3
513 514 3
469 470 3
472 531 3
418 475 3
479 480 3
483 484 3
487 488 3
430 488 2
491 492 3
515 516 0
516 517 3
478 479 3
488 489 3
496 497 3
474 532 3
497 498 0
460 576 3
519 576 3
494 495 3
517 576 3
475 532 3
478 536 3
475 535 3
477 536 3
492 550 3
493 550 2
475 533 3
497 556 0
494 553 3
495 553 2
478 537 3
479 537 3
480 537 3
489 547 3
490 548 3
493 552 2
494 552 2
488 547 3
490 547 3
491 550 3
576 577 3
519 577 3
517 575 3
468 526 3
472 530 3
491 548 0
496 555 3
497 555 2
498 556 2
500 558 3
501 558 1
515 573 3
516 632 1
516 575 3
467 525 3
469 526 3
471 530 3
550 551 3
493 551 2
552 553 3
499 556 1
502 561 3
503 561 3
510 568 3
337 568 3
514 573 3
516 573 1
516 574 1
525 526 3
470 528 3
535 536 3
551 552 3
499 558 1
573 632 0
574 632 3
521 579 3
464 522 3
465 523 3
466 523 3
466 525 3
469 527 3
469 528 3
471 529 3
483 541 2
484 542 2
484 543 2
485 543 2
486 544 2
487 544 2
548 549 3
491 549 3
555 556 3
504 562 3
505 563 3
506 564 3
507 565 3
508 566 3
509 567 3
513 571 3
514 572 3
520 577 3
520 578 3
520 579 3
465 522 3
526 527 3
528 529 3
530 531 3
482 541 2
541 542 3
542 543 3
485 544 2
504 561 3
562 563 3
563 564 3
564 565 3
565 566 3
566 567 3
567 568 3
337 571 1
571 572 3
575 576 3
577 578 3
466 524 3
529 530 3
536 537 3
496 553 3
578 579 3
522 523 3
524 525 3
531 532 3
540 541 3
543 544 3
488 544 3
488 546 3
546 547 3
549 550 3
501 561 3
561 562 3
572 573 3
574 575 0
523 524 3
527 528 3
544 546 3
547 548 3
533 535 3
532 533 3
496 612 2
556 615 1
499 616 1
553 612 3
499 615 1
558 616 3
501 560 1
560 561 0
481 540 3
555 612 3
337 627 1
481 537 3
481 597 2
568 627 1
537 595 2
540 597 3
615 616 3
558 560 3
337 629 1
571 629 3
536 595 2
537 597 2
560 620 3
561 620 1
562 620 1
563 620 1
627 629 1
549 607 2
550 608 2
558 618 2
560 618 2
548 606 3
548 607 3
549 608 2
551 608 3
546 604 3
547 604 3
547 606 3
552 610 3
575 634 3
576 634 3
535 593 3
536 594 3
544 602 3
546 602 3
551 610 3
553 610 3
563 621 1
564 622 1
523 582 3
524 582 3
525 584 3
526 584 3
535 594 3
595 597 3
577 636 3
578 636 3
527 584 3
540 598 2
541 598 3
547 605 3
606 607 3
616 618 2
620 621 0
529 588 2
530 588 2
593 594 3
594 595 3
543 602 3
605 606 3
607 608 3
564 621 1
578 637 3
579 637 3
522 580 3
523 581 3
525 582 3
531 588 2
532 590 2
596 597 3
546 603 3
551 609 3
609 610 3
615 671 3
565 622 1
565 624 3
566 624 3
567 625 3
568 625 3
572 630 3
573 630 3
573 631 3
575 633 3
577 634 3
577 635 3
523 580 3
527 585 2
528 585 2
528 587 2
529 587 2
531 589 2
589 590 3
533 590 3
595 596 3
604 605 3
608 609 3
556 671 2
621 622 3
624 625 3
629 630 3
631 632 0
632 633 0
634 635 3
635 636 3
636 637 3
581 582 3
587 588 3
588 589 3
532 589 2
555 671 3
630 631 3
633 634 3
584 585 3
528 586 2
602 603 3
612 671 3
622 624 0
582 584 3
586 587 3
533 591 3
535 592 3
597 598 3
603 604 3
627 686 1
629 686 0
585 586 3
590 591 3
592 593 3
542 599 1
543 599 1
610 669 3
553 669 3
533 592 3
598 599 1
541 599 1
599 602 3
612 669 3
560 677 1
620 677 1
625 626 1
568 626 1
580 581 3
626 627 3
591 592 3
616 617 3
617 618 2
560 676 1
624 682 1
582 583 3
583 584 3
618 676 1
622 681 1
586 645 3
624 681 1
587 645 3
602 660 3
676 677 3
599 659 3
602 659 3
603 660 3
593 651 2
594 651 3
620 678 1
622 680 1
589 647 3
617 676 3
621 680 1
592 651 3
659 660 3
680 681 0
633 691 1
588 647 3
671 672 3
615 672 2
677 678 3
621 679 1
632 691 1
588 645 3
590 647 3
594 652 2
603 661 3
615 673 3
592 650 3
595 652 3
604 661 3
606 664 3
672 673 3
616 673 3
620 679 1
679 680 3
625 682 1
633 692 3
634 692 3
635 693 3
636 693 3
581 639 2
588 646 3
591 650 3
651 652 3
597 656 1
598 656 2
598 657 2
599 658 3
607 664 3
609 668 3
610 668 3
681 682 3
580 638 3
582 639 2
645 646 3
646 647 3
590 648 3
591 648 3
597 655 1
656 657 3
604 662 3
605 663 3
607 665 3
608 666 3
609 667 3
668 669 3
612 670 3
617 673 3
625 683 1
626 683 1
629 687 3
630 688 3
631 688 3
636 694 3
637 695 3
638 639 3
650 651 3
655 656 3
599 657 3
658 659 3
661 662 3
662 663 3
663 664 3
608 665 3
666 667 3
669 670 3
670 671 3
682 683 3
686 687 1
687 688 3
634 693 3
694 695 3
584 643 3
585 643 3
585 644 3
586 644 3
644 645 3
591 649 3
654 655 3
664 665 3
665 666 3
667 668 3
678 679 3
626 684 1
631 689 3
691 692 0
693 694 3
583 643 3
643 644 3
648 649 3
649 650 3
660 661 3
627 684 1
688 689 3
632 689 1
583 639 3
647 648 3
596 654 3
657 658 3
692 693 3
683 684 3
583 641 3
596 652 3
673 732 3
617 732 3
632 690 1
689 690 3
678 736 3
684 686 3
690 691 3
639 641 3
583 700 3
643 700 3
668 727 3
669 727 3
679 736 3
641 700 3
652 654 3
671 729 3
670 729 3
680 738 3
644 702 3
645 702 3
651 708 3
658 716 3
679 738 3
686 743 1
692 751 1
647 705 3
648 705 3
652 710 3
657 716 3
684 743 1
686 744 1
693 751 1
694 751 1
654 710 3
672 729 3
694 752 1
695 752 1
643 701 3
644 701 3
650 708 3
651 709 3
658 717 3
659 717 3
681 739 1
682 740 1
684 742 1
687 744 3
752 753 3
695 753 1
641 699 3
701 702 3
645 703 3
649 708 3
708 709 3
654 712 3
660 717 3
661 720 3
662 720 3
676 734 3
682 739 1
683 740 1
683 742 1
692 750 1
750 751 3
751 752 3
641 697 3
646 703 3
652 709 3
655 713 3
657 715 3
663 721 3
664 723 3
665 723 3
668 726 3
670 727 3
679 737 3
739 740 3
688 746 3
689 746 3
638 696 1
639 696 3
639 697 3
641 698 3
702 703 3
646 704 3
647 704 3
710 712 3
655 712 3
715 716 3
660 718 3
661 719 3
664 721 3
666 724 3
667 725 3
667 726 3
672 730 3
673 731 3
677 736 3
736 737 3
742 743 3
743 744 3
689 748 3
690 748 3
690 749 3
691 749 3
691 750 0
699 700 3
700 701 3
703 704 3
649 705 3
709 710 3
656 714 3
656 715 3
716 717 3
717 718 3
718 719 3
719 720 3
720 721 3
723 724 3
724 725 3
726 727 3
729 730 3
672 731 3
731 732 3
676 732 2
732 734 3
681 738 2
687 746 3
696 697 3
697 698 3
698 699 3
704 705 3
713 714 3
664 722 3
725 726 3
730 731 3
737 738 3
687 745 3
714 715 3
722 723 3
677 734 2
738 739 3
705 708 3
710 769 2
721 722 3
744 745 3
749 750 0
705 706 1
712 769 3
734 793 3
677 793 2
740 742 3
745 746 3
748 749 3
707 708 0
706 707 3
689 806 3
736 793 3
746 806 3
748 806 3
712 713 3
727 729 3
749 808 0
727 786 3
729 786 3
750 808 1
699 757 3
700 757 3
731 790 3
732 790 3
732 791 3
742 800 1
708 766 1
734 791 3
707 766 3
746 804 3
727 785 3
740 799 3
742 799 1
742 801 1
743 801 1
804 806 3
751 808 1
704 760 3
709 766 1
715 773 3
721 779 3
726 785 3
729 788 3
730 788 3
736 794 3
737 794 3
700 758 3
702 760 3
703 760 3
709 767 2
717 775 3
722 779 3
731 789 3
738 796 3
799 800 3
751 809 1
752 810 1
698 756 3
701 758 3
705 763 1
706 763 1
709 768 2
710 768 2
714 772 3
715 772 3
716 773 3
716 775 3
718 775 3
718 776 3
719 776 3
725 784 3
726 784 3
730 789 3
793 794 3
737 795 3
737 796 3
808 809 3
751 810 1
697 756 3
699 756 3
701 759 3
702 759 3
766 767 3
712 770 3
713 770 3
785 786 3
734 792 3
795 796 3
739 856 3
744 801 1
753 810 1
696 754 3
697 755 3
758 759 3
704 762 1
768 769 3
713 771 3
716 774 3
719 777 3
720 778 3
723 781 3
724 781 3
724 782 3
725 783 3
791 792 3
792 793 3
740 856 3
744 802 1
749 806 3
807 808 3
809 810 3
754 755 3
757 758 3
760 762 1
762 763 3
771 772 3
772 773 3
775 776 3
777 778 3
720 779 3
722 781 3
725 782 3
790 791 3
794 795 3
739 796 3
749 807 3
756 757 3
759 760 3
773 774 3
781 782 3
782 783 3
783 784 3
789 790 3
800 801 3
753 811 1
770 771 3
774 775 3
776 777 3
778 779 3
788 789 3
798 799 3
810 811 3
707 823 3
766 823 3
767 768 3
784 785 3
798 856 3
740 798 3
801 802 3
745 802 1
802 803 3
745 803 2
804 862 1
806 807 3
769 770 3
755 756 3
706 823 3
745 804 3
763 823 3
729 845 3
788 845 3
803 804 3
861 862 3
756 814 3
786 845 3
796 856 3
757 814 3
803 862 3
770 828 3
779 838 3
722 838 3
799 857 3
771 828 3
781 838 3
800 857 3
804 863 1
806 863 1
806 864 1
807 864 1
807 866 2
762 821 3
763 821 3
863 864 3
808 866 3
755 813 3
756 813 3
758 816 1
759 816 1
759 818 1
760 818 1
769 827 3
786 844 3
802 860 3
803 861 3
810 868 3
762 818 2
770 827 3
784 843 3
785 843 3
789 847 3
767 825 3
768 825 3
785 844 3
788 846 3
788 847 3
793 852 3
862 863 3
809 868 2
810 869 3
813 814 3
766 825 3
827 828 3
772 831 3
773 831 3
845 846 3
794 852 3
800 858 3
807 865 2
757 815 1
821 823 3
773 832 3
774 832 3
778 836 3
781 840 3
782 840 3
843 844 3
792 851 3
793 851 3
794 853 3
795 853 3
801 858 3
865 866 3
809 866 3
754 812 1
762 820 3
820 821 3
768 826 3
771 829 3
772 830 3
775 833 3
776 834 3
777 835 3
779 836 3
779 837 3
783 841 3
790 848 3
791 849 3
792 850 3
796 853 3
801 859 3
809 867 3
868 869 3
812 813 0
815 816 3
816 818 0
766 824 3
824 825 3
826 827 3
772 829 3
830 831 3
831 832 3
832 833 3
776 833 3
834 835 3
835 836 3
836 837 3
837 838 3
840 841 3
784 841 3
784 842 3
844 845 3
789 848 3
848 849 3
849 850 3
850 851 3
851 852 3
852 853 3
857 858 3
858 859 3
802 859 3
803 860 2
864 865 0
867 868 3
841 842 3
842 843 3
846 847 3
859 860 3
828 829 3
847 848 3
796 912 2
798 857 3
814 815 1
829 830 3
833 834 3
856 913 3
866 867 3
825 826 3
838 840 3
853 912 3
796 913 3
818 820 2
912 913 3
856 857 3
816 875 3
818 877 2
818 875 1
820 877 3
840 897 3
846 904 3
803 919 2
823 824 3
838 897 3
845 904 3
861 919 3
821 880 3
823 880 3
856 914 3
860 919 3
818 876 3
913 914 3
861 920 3
813 872 1
814 872 1
816 874 3
824 881 3
857 914 2
862 920 3
876 877 3
823 881 3
815 874 3
820 878 3
821 878 3
863 921 3
864 921 3
874 875 3
825 883 3
847 906 3
848 906 3
853 911 3
868 926 1
815 872 3
815 873 3
824 883 3
826 883 3
841 900 3
842 900 3
848 907 3
849 907 3
852 911 3
911 912 3
858 916 3
869 926 1
812 870 3
813 871 1
821 879 3
824 882 3
826 884 3
826 885 3
827 885 3
828 886 3
829 887 3
830 888 3
831 889 3
832 890 3
833 891 3
834 891 3
835 893 3
836 893 3
836 894 3
837 895 3
838 896 3
841 899 3
842 901 3
843 901 3
844 902 3
845 903 3
903 904 3
850 908 3
851 909 3
852 910 3
857 915 3
857 916 3
862 921 3
864 922 3
865 923 1
866 924 1
867 925 1
869 927 1
870 871 3
871 872 3
872 873 3
873 874 3
878 879 3
879 880 3
880 881 3
882 883 3
883 884 3
884 885 3
885 886 3
886 887 3
887 888 3
888 889 3
889 890 3
890 891 3
834 893 3
894 895 3
895 896 3
896 897 3
840 898 3
840 899 3
901 902 3
902 903 3
906 907 3
907 908 3
908 909 3
909 910 3
910 911 3
919 920 3
920 921 3
921 922 3
864 923 3
923 924 3
924 925 3
925 926 1
926 927 3
881 882 3
893 894 3
897 898 3
899 900 3
846 906 3
914 915 3
859 917 3
877 878 3
898 899 3
900 901 3
858 917 3
891 893 3
922 923 3
915 916 3
916 917 3
860 917 3
860 976 3
919 976 3
907 965 1
908 965 1
917 976 3
846 963 3
875 876 3
891 950 3
904 963 3
920 978 3
893 950 3
919 978 3
906 964 3
846 964 3
876 934 3
963 964 3
913 972 3
914 972 3
897 955 3
898 955 3
875 933 3
881 939 3
884 942 3
896 955 3
915 973 3
916 974 3
926 985 2
927 985 2
874 933 3
876 933 3
933 934 3
882 939 3
885 942 3
890 949 3
891 949 3
895 953 3
914 973 3
915 974 3
922 980 3
923 981 3
873 932 3
874 932 3
879 937 3
880 939 3
890 948 3
949 950 3
894 953 3
896 953 3
921 979 3
980 981 3
870 928 1
871 929 2
872 930 2
873 931 2
878 936 3
880 937 3
882 940 3
883 941 3
884 941 3
885 943 3
886 944 3
887 945 3
888 946 3
889 947 3
948 949 3
893 951 3
894 952 3
896 954 3
898 957 3
899 957 3
900 958 3
900 959 3
901 959 3
902 960 3
903 961 3
904 962 3
908 967 3
909 967 3
910 968 3
911 969 3
912 970 3
920 979 3
922 979 3
924 982 3
925 983 3
926 984 2
928 929 1
929 930 3
872 931 2
877 934 3
877 935 3
877 936 3
936 937 3
939 940 3
940 941 3
943 944 3
944 945 3
945 946 3
946 947 3
947 948 3
950 951 3
951 952 3
953 954 3
954 955 3
898 956 3
957 958 3
958 959 3
959 960 3
960 961 3
961 962 3
967 968 3
968 969 3
969 970 3
972 973 3
973 974 3
917 974 3
979 980 3
981 982 3
982 983 3
983 984 3
931 932 3
935 936 3
941 942 3
952 953 3
956 957 3
908 966 3
978 979 3
984 985 3
932 933 3
942 943 3
955 956 3
966 967 3
913 1029 3
930 931 3
907 964 2
965 966 3
972 1029 3
976 978 3
913 970 3
934 935 3
937 939 3
962 963 3
970 1029 3
974 976 3
964 965 3
976 1033 3
932 990 3
933 990 3
974 1033 3
976 1035 3
931 990 3
933 991 3
933 992 3
978 1035 3
934 992 3
937 996 3
991 992 3
939 996 3
973 1032 3
974 1032 3
978 1036 3
990 991 3
935 993 3
936 993 3
949 1007 3
950 1007 3
965 1023 3
1035 1036 3
931 989 3
934 993 3
964 1022 3
964 1023 3
978 1037 3
979 1037 3
937 995 3
958 1016 3
959 1016 3
963 1021 3
963 1022 3
976 1034 3
1034 1035 3
980 1039 3
981 1039 3
982 1040 3
995 996 3
939 998 3
940 998 3
954 1012 3
962 1021 3
973 1031 3
1033 1034 3
1036 1037 3
984 1042 3
985 1043 3
939 997 3
942 1000 3
950 1009 3
951 1009 3
955 1012 3
957 1015 3
959 1017 3
960 1018 3
969 1028 3
970 1028 3
972 1031 3
980 1037 3
982 1039 3
983 1041 3
983 1042 3
984 1043 3
992 993 3
936 994 3
936 995 3
996 997 3
997 998 3
945 1004 3
946 1004 3
947 1005 3
953 1011 3
954 1011 3
956 1015 3
957 1016 3
960 1017 3
961 1018 3
968 1026 3
1032 1033 3
983 1040 3
928 986 1
929 987 3
930 988 3
994 995 3
940 999 3
941 999 3
944 1002 3
946 1005 3
948 1006 3
950 1008 3
952 1009 3
952 1010 3
952 1011 3
955 1013 3
956 1013 3
956 1014 3
961 1019 3
962 1019 3
962 1020 3
966 1023 2
966 1024 3
967 1025 3
969 1026 3
972 1030 3
1031 1032 3
980 1038 3
1042 1043 3
986 987 3
987 988 3
988 989 3
999 1000 3
943 1000 3
943 1002 3
945 1002 3
1005 1006 3
949 1006 3
1008 1009 3
1010 1011 3
1015 1016 3
1017 1018 3
1018 1019 3
1023 1024 3
1024 1025 3
1025 1026 3
1029 1030 3
1030 1031 3
1038 1039 3
1039 1040 3
1040 1041 3
989 990 3
998 999 3
1004 1005 3
1011 1012 3
1012 1013 3
1013 1014 3
1019 1020 3
1020 1021 3
1021 1022 3
1007 1008 3
1009 1010 3
1022 1023 3
1037 1038 3
1000 1002 3
1016 1017 3
1028 1029 3
1002 1004 3
1014 1015 3
993 994 3
1041 1042 3
1006 1007 3
1026 1028 3
