0.211451 0.001879 3.32515
-0.0954796 0.0989584 11.1041
-0.0599481 0.0459252 9.6707
-0.0245554 0.0155403 8.14998
-0.0225906 0.0101318 7.62647
-0.00966578 0.0224449 5.71635
0.0300685 0.0350448 0.347926
0.0438026 0.0362232 -1.40493
-0.00102458 -0.00994027 6.21317
-0.0142279 0.00336015 7.8945
-0.00852366 -0.00422545 7.02324
0.0073607 -0.00718967 3.41731
0.0189549 -0.00447648 0.0247728
0.0238103 0.0272033 -2.54748
0.0274084 0.0110862 -2.7999
0.00455472 0.014147 4.58847
-0.00958721 0.0167029 9.2709
-0.00819455 -0.00179962 8.96873
-0.00361241 0.0075911 7.10394
-0.00914754 0.0109842 9.22678
-0.0120661 0.0098128 10.6068
-0.0119562 0.00459658 10.6044
-0.0110183 0.00276047 10.1209
0.00730616 -0.00509404 1.06469
0.0039497 -0.00410666 2.63893
0.0112036 -0.0238601 -0.979422
-0.00744408 -0.0306762 10.0642
-0.0319817 -0.0014541 24.1302
-0.0290335 0.0287295 21.2992
-0.0255046 0.0249669 19.5946
-0.0129709 0.0169822 10.9267
0.0318537 -0.00494562 -18.594
0.0106397 -0.0166429 -4.56921
0.0317231 -0.0562875 -18.007
0.0336842 -0.0665958 -18.983
0.0342978 -0.0249472 -20.0953
0.0190525 -0.0172127 -8.04138
-0.0123891 -0.00123272 16.7675
0.0175956 0.0172946 -8.22485
0.0377053 0.0106924 -24.8559
0.0348632 0.0232961 -22.6418
0.0346569 0.00919162 -22.1815
0.0171953 -0.00221045 -6.22897
0.0325371 -0.0172601 -20.3583
0.0337026 -0.00759743 -21.5821
0.0336076 -0.00446694 -21.3746
0.0322104 0.0175674 -20.2515
0.0261381 0.00507869 -14.0656
0.0190318 0.011324 -6.81187
-0.00455951 0.0154127 18.2159
0.00433774 0.0038722 8.62354
0.00950456 0.0150759 2.95081
0.0078151 0.0130102 4.79331
0.0214991 0.0186398 -11.0514
0.0156151 0.00141888 -3.78722
0.0187145 0.00152977 -7.51764
0.0240747 0.00315338 -13.8295
0.0208731 -0.00444279 -9.8164
0.0944372 0.0229462 3.60432
0.0302116 0.0362639 5.66587
-0.0394772 0.0103672 9.06119
-0.0512529 0.030718 9.55591
-0.0285621 0.000330446 8.13863
-0.00458987 -0.00290035 5.39798
0.0127395 -0.00408672 3.16231
0.106366 -0.0547984 -10.3934
0 0 -1
-0.0125091 0.00977818 7.33592
-0.0106936 0.00168476 7.09948
0.00172055 -0.00712101 4.41584
0.0296571 0.0014554 -3.54012
0.0349361 0.0171667 -5.47303
0.029769 0.0211994 -3.89028
0.00229698 0.0166311 5.41119
-0.0171071 0.0124542 12.1816
-0.0128427 0.00847817 10.6393
-0.0103519 0.00421151 9.83196
-0.00634219 0.00713229 8.28221
-0.0157008 0.00202134 12.3824
-0.0146591 0.00280509 11.9665
-0.0208996 0.000646197 14.8211
-0.0147213 -0.00122683 11.7513
-0.00138122 -0.0187727 5.60663
0.0755025 -0.0802232 -34.4804
-0.00295428 -0.0299867 7.0731
-0.017397 -0.0372432 15.7919
-0.0161871 -0.0273549 14.8099
-0.00481764 -0.000327999 7.30359
-0.0107624 0.00336272 9.54801
-0.0412647 0.106392 29.8384
0.0309463 -0.0107507 -18.7105
0.0346971 -0.0318253 -19.9976
0.0325892 0.00410467 -19.2132
0.0251691 0.0190905 -14.4271
0.0217291 -0.0141382 -10.0725
0.00816241 0.00866046 -0.0722468
0.0234276 0.010224 -12.9083
0.0348253 0.0233873 -22.7763
0.0356599 0.0199016 -23.186
0.0238954 0.00729065 -12.4136
0.0154706 0.000825666 -4.61871
0.0234598 -0.0100449 -11.8133
0.0385102 -0.00381368 -26.2525
0.0371211 -0.00182719 -25.0471
0.0375295 0.00658633 -25.6073
0.0168264 0.0121015 -4.73781
0.0262516 0.0115628 -14.4982
0.00825149 0.0140047 4.66876
0.00489059 0.0172332 8.02427
0.00951933 0.0240305 2.69049
0.00910958 0.0197582 3.06732
0.0177152 0.017264 -6.56431
0.00219801 -0.00226494 12.0025
0.0267391 -0.00157012 -17.24
0.0332056 0.00250236 -24.9811
0.0164995 0.00606891 -4.73254
0.0132434 0.139121 0.389276
0.0510382 0.206088 -4.16691
-0.00904816 0.105336 3.48636
-0.0493392 0.0874862 6.78131
-0.045981 0.0634463 7.12522
-0.0232495 0.0596713 4.65514
0.0199947 0.0421209 0.0534349
0.0164973 0.0139997 2.45995
-0.0159146 0.0117976 7.83261
0.0042282 0.0451729 2.28273
-0.00547153 0.0334894 5.15856
-0.0110782 0.0424639 5.70333
0.0106422 0.0390077 0.039241
0.0397329 0.0264752 -7.10406
0.0286142 0.0229526 -3.52823
0.000265684 0.00774247 6.46213
-0.0243195 -0.0121368 16.0477
-0.0189492 -0.00286819 13.5032
-0.0137846 0.00380802 11.1764
-0.00864956 -0.00700097 9.64703
-0.00884677 -0.00766243 9.86764
-0.0110062 -0.00498448 10.6903
-0.0237048 0.00771716 15.9623
-0.0230951 0.00498005 15.7103
-0.0197662 -0.00471043 14.4711
-0.00173366 -0.0361479 6.46604
-0.0170429 -0.0237389 14.1959
-0.0114955 -0.0380905 12.1556
-0.00568711 -0.0416005 8.67775
-0.00362813 -0.0318937 6.98625
-0.0200284 -0.015557 16.78
0.0101461 -0.0101424 -4.14715
0.0247458 -0.0197499 -13.6236
0.0357838 -0.0278207 -20.7513
0.0341003 -0.0383897 -18.8391
0.0274895 -0.0398846 -14.134
0.036521 -0.0222496 -21.355
0.0297541 -0.020079 -16.2163
0.023093 0.0073131 -12.3847
0.0406654 0.0137917 -27.2355
0.0230845 0.00897659 -11.7542
0.0187022 0.00193966 -7.68625
0.0192823 0.00631645 -8.46949
0.0308558 0.00987617 -19.6044
0.0308548 0.00679053 -19.2477
0.0397607 0.00832072 -28.1318
0.0548272 0.0128245 -43.2721
0.0183455 0.00830751 -5.89359
0.0153339 0.00834093 -2.80838
0.0109489 -0.00110814 2.40751
0.0069845 0.00627718 6.28601
0.0155351 0.0130261 -3.48575
0.00785915 0.0277801 4.26945
0.00789321 0.0276895 4.28299
-0.000983667 0.0190445 14.9131
0.0350965 0.00116917 -27.3244
0.0376629 -0.0026616 -30.0022
0.0219484 0.00639284 -11.374
0.000558373 0.113237 3.27839
-0.00449826 0.0714702 7.22827
-0.029435 0.0699079 8.22187
-0.0500315 0.0707905 9.22825
-0.0629328 0.0847109 7.68908
-0.0359616 0.0876127 4.43077
-0.00299107 0.0418929 3.40953
-0.0104866 0.0252571 5.91458
0.000715687 0.0166973 4.67849
0.00784815 0.0316234 2.37553
-0.0133016 0.0285385 7.19242
-0.00632329 0.0307552 5.33995
0.010406 0.0430167 0.261982
0.0160486 0.0276689 -0.0231096
0.0132468 0.0149454 1.68789
-0.0135519 -0.00381194 11.6428
-0.00825379 -0.00119299 9.50463
-0.0147275 0.00925544 11.2362
-0.0206174 0.0136368 13.3523
-0.00928879 0.00936558 8.57238
0.00719866 -0.00318292 2.08767
-0.0101931 -0.0107032 10.7065
-0.0128614 0.000103202 11.2928
-0.0207605 0.0075986 14.3568
-0.0180749 0.00401762 13.2247
-0.0181275 -0.0116552 14.3125
-0.0109031 -0.0245631 10.958
-0.0178645 -0.0279219 15.4071
-0.00637848 -0.0301378 8.46875
-0.00045794 -0.0184465 3.86205
-0.0017269 -0.010522 4.02031
0.00629797 -0.0123208 -1.12221
0.0267493 -0.022329 -14.9901
0.0265502 -0.0060647 -15.9398
0.0247152 -0.0090939 -14.5365
0.0321298 -0.0250457 -19.0935
0.0665032 -0.0138789 -46.7315
0.0449526 -0.00238703 -29.6027
0.041648 0.0135026 -28.1722
0.0336677 0.00935558 -21.0633
0.0185707 0.0144299 -8.34005
0.0106442 0.0148118 -1.42534
0.0237989 0.00193036 -12.4928
0.0290844 0.00869434 -17.8134
0.0350933 0.00172659 -23.1072
0.0409941 0.00436559 -28.9892
0.0393056 -0.00923148 -26.1574
0.0302593 -0.00522852 -17.144
0.00796405 0.00590868 4.91484
0.0134023 -0.000655179 -0.400519
0.0119205 -0.00561008 1.57493
0.0256602 0.00177671 -14.0783
0.0117697 0.0140399 0.695945
0.016032 0.0129813 -4.11738
-0.00904811 0.0184603 24.7019
0.0073831 0.0216158 4.68285
0.0256536 -0.00264689 -15.5151
0.0261119 -0.00558318 -15.8192
-0.0134443 0.0764772 6.70517
-0.0204857 0.0482219 9.67164
-0.051319 0.0328845 12.5896
-0.0633689 0.0475315 11.4778
-0.0457944 0.054376 9.7286
-0.0576285 0.0905068 7.64294
-0.0467947 0.0744317 6.9147
-0.0343817 0.0568257 6.69223
0.00709457 0.0179451 3.47502
-0.00314009 0.0205246 5.13797
-0.00808479 0.0213647 6.50759
-0.00727948 0.0247926 5.73771
0.0160056 0.0105791 1.25362
0.0085517 0.010385 3.42203
-0.000993481 0.00799773 6.61722
-0.00754519 0.00993864 8.38745
0.00510222 0.0236501 2.70101
-0.00833833 0.00988921 9.05725
-0.0131297 0.0160136 10.0752
-0.0201053 0.013222 12.9621
-0.000755835 0.0147023 4.19335
-0.0105477 0.0150274 8.77133
-0.0208405 0.0123674 13.8754
-0.0205653 0.00405298 14.3606
-0.0224732 -0.00255697 16.2451
-0.0279817 -0.00437576 19.3056
-0.0286537 -0.0135528 20.283
-0.010517 -0.00993638 9.28137
-0.000671629 -0.00925175 3.2991
-0.00265732 -0.0071769 4.32672
-0.00552653 0.00450069 5.12965
-0.00263333 -0.0105955 4.7324
0.00708239 -0.022038 -1.0701
0.0298148 -0.013242 -17.7443
0.0256942 -0.0117132 -15.1758
0.046577 -0.0102345 -31.4
0.0790476 0.0104336 -58.726
0.058933 0.00686614 -41.7011
0.0536096 0.015412 -38.2776
0.0348786 0.0304209 -24.0386
0.0312544 0.0372006 -21.3503
-0.000590969 0.0358972 6.92522
0.0101213 0.0198664 -1.46732
0.0189833 0.0088529 -8.49108
0.0342201 0.00270019 -22.4854
0.0430106 -0.00618629 -29.9162
0.0383323 -0.00363037 -25.6168
0.0226049 -0.0129103 -8.56432
0.00864781 -0.0107 5.47631
0.0198041 -0.00724956 -6.65593
0.0256014 0.00803365 -14.4767
0.0236808 0.00878637 -12.4294
0.0177037 0.00321268 -5.1469
0.0165222 0.00652755 -4.22283
-0.000577191 0.0054072 15.8632
-0.00935792 0.0221547 24.3821
0.0267738 0.0110789 -18.2646
0.00723449 0.00709084 6.09837
-0.0312274 0.0397607 10.8813
-0.0462868 0.0273284 12.8065
-0.0562788 0.0104071 15.1989
-0.053445 0.018534 13.9037
-0.0379282 0.0326939 10.9071
-0.0388858 0.0473467 9.6666
-0.0478046 0.0780234 7.58189
-0.0659327 0.0793846 9.57241
-0.0209913 0.0613671 3.55946
-0.0145174 0.0805924 -0.156796
-0.0157338 0.0535948 3.81388
-0.0104185 0.0443414 4.16842
0.00155178 0.028172 3.10167
0.00763209 0.0192191 2.54818
0.000236197 0.0133604 5.53086
-0.0132448 0.0217011 8.81167
-0.00528256 0.0100148 7.67463
-0.0111157 0.00918923 10.0253
-0.0259521 0.00607927 16.2631
-0.0149182 0.00709485 11.3443
-0.00727776 0.018512 6.89879
-0.0100016 0.00942694 9.49314
-0.0263017 0.00892729 16.9313
-0.0264696 0.0010132 17.8706
-0.0341782 -0.000331449 22.0949
-0.0344088 0.00253532 21.7747
-0.016588 0.00262497 11.5765
-0.00814668 0.00843208 5.85831
0.0039992 0.0075711 -1.37614
0.00147918 0.00690994 0.309834
-0.00740455 0.0106621 5.65877
-0.0138557 0.00392899 10.7049
0.00410844 -0.00929694 -0.237948
0.0197883 -0.00379201 -11.8385
0.0245307 -0.00744463 -14.8439
0.0451144 -0.00778235 -30.4748
0.0893551 0.00553405 -65.893
0.0660656 0.00727356 -47.4274
0.0810653 0.0336762 -62.9942
0.0416859 0.0552706 -32.3013
0.0162304 0.0422312 -8.65548
-0.0225991 0.0371274 26.6915
-0.0035145 0.0543324 7.18397
0.00266042 0.0404129 3.17338
0.0217285 0.0119595 -11.5605
0.0323148 -0.00530617 -19.7137
0.0277778 -0.01226 -14.2189
0.0309281 -0.0171685 -16.6815
0.00968283 -0.0020528 3.5116
0.0290173 0.00360988 -17.9957
0.0378485 -0.00167583 -26.7918
0.0210145 0.00120459 -8.5639
0.00654595 0.000914372 7.78478
0.00726642 0.000926558 7.03877
0.0047509 0.000999614 9.93176
0.0101131 0.0111707 2.33903
0.00359093 0.0161365 9.53732
0.0113103 0.00706206 1.19691
-0.046337 0.0153289 14.0417
-0.0454412 0.00698136 15.1634
-0.0354451 0.0141887 13.4044
-0.0258198 0.0180332 11.6914
-0.0332412 0.0223477 11.6632
-0.0267501 0.0184591 11.4144
-0.0204919 0.0276572 9.56202
-0.0405338 0.0683636 7.12679
-0.00752654 0.0670171 1.4759
-0.0111259 0.074746 0.618877
-0.00975978 0.079186 -0.406575
-0.00458718 0.070133 -0.334511
-0.0137742 0.0679321 2.14503
-0.00704824 0.0552041 2.0151
9.26705e-05 0.0429935 1.71256
0.000361045 0.0259097 4.00163
-0.00404246 0.0218727 5.7667
-0.0159265 0.0180455 10.8376
-0.0294907 0.0245459 14.702
-0.0193541 0.0211332 11.0393
-0.00200561 0.00764054 5.75398
-0.01883 0.000998962 14.4678
-0.0313938 -0.000692 20.5235
-0.0341927 0.00495255 21.2449
-0.0282433 0.00145219 18.7153
-0.0239297 0.00788604 15.5425
-0.0230053 0.0117424 14.2805
-0.00958295 0.00630892 7.16431
-0.000493171 0.0103691 1.34906
0.00301483 0.0183324 -2.20045
-0.00348669 0.0241527 1.39926
-0.0115575 0.0278121 6.01082
0.00475877 0.00705982 -2.6868
0.00544425 -0.00587005 -1.20057
0.0290192 0.00444665 -20.0602
0.0708619 0.00997789 -52.4036
0.0934071 0.00477222 -68.9694
0.0861064 0.0218454 -65.6546
0.0977859 0.0351132 -76.8827
0.0381175 0.0331376 -25.723
0.0179213 0.0401059 -9.68702
-0.00353235 0.0462064 8.45526
0.00121993 0.0453472 4.5712
-0.00121288 0.0438991 7.01467
-0.00605373 0.0415088 11.3162
0.0136273 0.013301 -3.80457
0.0205442 -0.00437959 -8.10533
0.0349748 -0.0131883 -21.5105
0.035288 -0.0158259 -21.4427
0.0159187 0.0054404 -4.04713
0.0311227 0.00438402 -20.3394
0.0160254 -0.00205035 -2.64782
0.00891177 -0.00473682 5.87805
0.0132036 -0.00820441 1.3291
0.00990527 0.00651672 3.13831
0.00899953 0.00565199 4.29637
0.00907705 0.00684661 3.94476
-0.000352118 0.0088951 15.2079
-0.0482982 0.0179763 13.6587
-0.0397637 0.0202401 12.7854
-0.0323845 0.0199386 12.5146
-0.0310372 0.0173798 12.502
-0.0209077 0.0432214 7.00767
-0.011705 0.0434038 5.73469
0.00232245 0.0276524 6.45476
-0.0187022 0.0378763 7.79742
-0.00705119 0.0460177 4.53983
-0.0114262 0.0464467 5.18225
-0.0139093 0.0550788 4.21167
-0.00674646 0.0471424 3.82181
-0.0169023 0.0526645 5.58781
-0.0160379 0.0481729 5.92444
-0.0195157 0.0335195 9.48087
-0.01878 0.0177649 11.8388
-0.00899086 0.0271087 6.77079
-0.0169013 0.0302379 9.35567
-0.0320293 0.0547411 11.2998
-0.0326275 0.0700717 8.46114
0.00260289 0.0314648 -0.00518097
-0.0170499 0.033139 8.46464
-0.0301884 0.0274182 15.2159
-0.0255396 -0.00795601 18.7755
-0.0319614 -0.0125405 22.8922
-0.0196728 0.0196571 11.0801
-0.0268215 0.00719266 17.218
-0.0104364 0.0072333 7.46597
0.00152723 0.00714922 0.388493
0.00139852 0.0638658 -8.58031
-0.0104201 0.0595482 0.190814
-0.02873 0.075918 9.782
-0.0129832 0.0667441 0.400144
0.00752333 0.0479047 -11.4623
0.0377265 0.0480059 -33.2347
0.045227 0.0387419 -37.5417
0.0964377 0.0101636 -72.235
0.0960251 0.0207602 -73.7562
0.0951593 0.0204222 -72.7236
0.0364112 0.0247142 -23.3205
0.0173704 0.0180681 -5.82685
0.00711081 0.0260494 1.95974
-0.00887513 0.0179157 17.6811
0.0091459 0.0123165 2.32735
-0.0303279 0.0354451 36.1955
-0.0113814 0.0258363 18.6883
0.00630041 0.0183854 2.697
0.0183597 0.0103753 -8.17428
0.0239716 0.00221439 -12.5042
0.0323546 -0.00504136 -20.1207
0.0232944 -0.00901236 -9.73273
0.0223781 -0.0122162 -8.12579
0.01685 -0.00707002 -2.85098
0.00990791 -0.00793572 5.30153
0.0177373 0.00061963 -5.1223
0.00666896 0.0117133 6.35194
0.00441145 0.0219832 7.2496
-0.00215622 0.0258987 14.7543
-0.0482316 0.0103398 15.0565
-0.0562291 0.0194906 13.5874
-0.0368622 0.0158344 13.0662
-0.0138614 0.031028 8.11867
-0.0158336 0.0402834 6.74545
-0.0151381 0.0503418 5.27813
-0.00787175 0.0494289 4.32353
-0.0260228 0.0373267 9.01258
-0.0121752 0.0305474 7.84103
-0.00606786 0.0445062 4.14359
-0.00824547 0.0400863 5.57706
-0.0182381 0.0396788 7.84431
-0.0116815 0.0320214 7.48446
-0.0129675 0.0428628 5.80282
-0.0273757 0.0292815 12.7016
-0.0172665 0.0223385 10.5466
-0.0103827 0.0250963 7.32033
-0.0069567 0.038377 3.94709
0.0216775 0.092782 -16.5888
-0.0145138 0.205025 -22.4615
-0.0283453 0.233734 -21.6314
-0.0567712 0.174807 2.47111
-0.051403 0.256506 -14.2876
-0.0253169 0.234579 -23.5328
-0.0189167 0.264285 -32.451
-0.0259109 0.249909 -25.7076
-0.0258023 0.229954 -22.3077
-0.0139342 0.236157 -30.3958
-0.00665626 0.213927 -30.6658
0.00817974 0.167589 -31.1821
-0.000925297 0.158606 -23.4117
-0.0226076 0.14042 -6.02303
-0.0047066 0.172207 -24.0713
0.00149304 0.158139 -25.5855
0.00124683 0.087052 -12.9748
0.0409139 0.100719 -45.558
0.0915277 0.0116312 -68.7917
0.117985 0.0630866 -99.3378
0.0923168 0.0492968 -75.5963
0.0531502 0.0366684 -39.9087
0.0188368 0.0221869 -7.85486
0.00253025 0.0226244 6.43336
0.0179244 0.0268693 -8.50953
0.011738 0.0177824 -0.743791
-0.0264798 0.0274857 33.7447
-0.00601398 0.0365546 11.7349
0.00597571 0.0303813 0.976607
0.0126652 0.0212092 -4.09549
0.0254837 0.018244 -17.2476
0.0259114 0.00114688 -14.492
0.0232807 -0.00344821 -10.8225
0.0260953 -0.00760999 -13.1212
0.0196136 -0.00441396 -6.57206
0.0228217 -0.000842118 -10.8791
0.0213042 0.0071091 -10.6523
0.029245 0.0253123 -23.187
0.00646434 0.0206121 5.40487
-0.00720213 0.0265081 20.9871
-0.0485169 0.00150794 16.7195
-0.0465562 0.00379806 16.2254
-0.0281163 -0.00571065 17.5425
-0.025346 7.61586e-05 15.7825
-0.01053 0.0220763 9.70074
0.0136541 0.00584624 10.4292
-0.0223997 0.0557324 5.11138
-0.0415517 0.0149779 15.8558
0.000154161 0.0405068 3.85151
-0.00812749 0.0382184 5.82332
-0.00677444 0.0368531 5.94207
-0.0188087 0.0661136 2.6314
-0.0176483 0.0602293 3.618
-0.0246433 0.0355852 10.4573
-0.0185193 0.0231392 10.9632
0.00680333 0.0501576 -3.06807
-0.0511887 0.101743 17.2525
-0.0694949 0.319199 -22.8217
-0.0399348 0.206807 -10.4389
-0.00542673 0.228504 -29.8005
-0.0178037 0.209092 -20.5375
-0.0466601 0.148156 5.49859
-0.0388469 0.203532 -10.609
-0.0343121 0.198472 -11.3747
-0.0328069 0.209091 -14.3694
-0.0134615 0.247651 -32.99
-0.000373262 0.252314 -41.823
-0.00248995 0.24246 -38.8041
0.00112198 0.260279 -44.7277
0.00521599 0.25604 -46.5673
0.000455912 0.273438 -46.809
-0.00353718 0.256138 -40.8063
0.0107332 0.284234 -56.3468
-0.00520236 0.29717 -47.4224
-0.0217803 0.324728 -40.9082
-0.00133362 0.349851 -61.4769
-0.000279639 0.278166 -47.6624
0.059264 0.14658 -67.5653
0.0603006 0.0724365 -52.8847
0.0218462 0.0293023 -11.8286
0.0142661 0.0423647 -8.06606
0.0133264 0.0351013 -5.64134
0.000347219 0.0321937 6.66666
0.00840494 0.0205309 1.63388
-0.00584614 0.0204594 15.2916
-0.0168928 0.0331291 23.0581
0.00327175 0.0319985 3.38267
0.0058911 0.0292798 1.32081
0.00836506 0.0256493 -0.50299
0.0162739 0.0226191 -8.31478
0.0222203 0.0143877 -13.0149
0.0177861 0.00361555 -5.87048
0.0201031 0.0103343 -10.0126
0.0312713 0.0197708 -24.7938
0.0358433 0.0156696 -29.2883
0.0279531 0.0077016 -18.098
0.00768992 0.0122699 5.48069
0.00653311 0.0129228 6.71935
-0.0513338 -0.000109019 17.069
-0.0527894 -0.00045092 17.2584
-0.0300802 -0.00159679 16.2274
-0.0325757 0.10154 16.2568
-0.0574433 0.0657082 26.6519
-0.0632058 0.057507 29.432
-0.064101 0.10685 17.4589
-0.0634896 0.118788 15.475
-0.0664296 0.0580963 29.8661
-0.05181 0.0648864 25.4493
-0.0428776 0.0572981 25.2454
-0.0294332 0.075089 17.7631
-0.058555 0.105754 18.2851
-0.0451537 0.0849299 19.3121
-0.0372567 0.0958605 14.1068
-0.0558667 0.103682 18.579
-0.0574535 0.111311 17.1543
-0.0509255 0.113939 13.8926
-0.041692 0.131279 6.77436
-0.0309634 0.179892 -8.93739
-0.0425688 0.156258 1.4403
-0.0373383 0.189613 -8.58595
-0.00584724 0.276795 -43.6986
-0.00251094 0.254057 -40.2283
-0.0209192 0.261892 -32.6585
-0.00773072 0.305873 -49.1417
0.00183846 0.301733 -53.498
-0.0148191 0.293049 -41.4208
-0.000421442 0.31743 -55.5466
0.000395093 0.316019 -55.8504
-0.00393448 0.308364 -51.4724
0.0109019 0.303962 -60.4685
0.00447106 0.31027 -57.4387
0.0124003 0.311265 -63.1426
0.0109508 0.318301 -63.4218
-0.115762 0.23699 54.3349
-0.0232465 0.350424 -44.3743
-0.0222697 0.355434 -46.1395
-0.0318919 0.360988 -39.541
-0.0318588 0.362695 -40.0285
-0.0103601 0.34612 -54.8033
0.00438358 0.0732779 -6.01092
-0.00145483 0.0421328 6.10986
-0.0119065 0.0601978 11.9594
-0.0131182 0.0333477 19.2872
-0.00675687 0.0499988 9.2218
0.00162947 0.0380089 3.65987
0.00840172 0.0365349 -2.89556
0.00518157 0.0280462 2.37533
0.00311772 0.0165288 7.08207
0.00564045 2.0126e-05 8.06264
0.0163426 -0.00057411 -3.54772
0.042689 0.0321584 -40.5122
0.0322887 0.0540732 -33.8053
0.0315802 0.0492702 -31.8852
0.0243687 0.0311707 -19.0971
0.0113426 0.0283482 -2.77294
0.00906018 0.0259608 0.558238
-0.0444558 0.106948 15.8035
-0.0471621 0.0925041 19.5065
-0.0455509 0.0951548 19.2357
-0.0732747 0.0747559 25.8379
-0.070285 0.033126 36.1384
-0.0544022 0.0403352 32.7183
-0.0368123 0.100585 15.0269
-0.0716323 0.0633585 29.4264
-0.0592357 0.0827241 21.8122
-0.056322 0.104118 16.694
-0.0349593 0.102242 12.2843
-0.0170342 0.0803176 12.8267
-0.0365735 0.117431 9.22191
-0.0404807 0.134301 5.55695
-0.0458941 0.112302 13.1192
-0.050913 0.0977352 18.3749
-0.0627721 0.109906 19.5539
-0.0196727 0.204202 -19.2564
-0.00905001 0.293793 -46.2504
-0.0168026 0.27434 -38.0929
-0.0162697 0.269033 -36.9034
-0.00714527 0.301287 -48.6921
-0.0142063 0.309206 -47.3508
-0.00509813 0.290638 -47.0517
-0.00218416 0.308438 -52.828
-0.00254187 0.325088 -56.6449
0.0027363 0.31669 -57.3155
0.00383575 0.31803 -58.3839
-0.00092344 0.340448 -60.9164
0.00327924 0.321349 -59.037
-0.00977028 0.314952 -49.2765
0.0151022 0.317348 -66.399
0.0138817 0.319094 -66.0622
0.0136367 0.309099 -63.5553
0.0302017 0.302471 -74.0106
0.010306 0.314798 -61.665
-0.0125908 0.347427 -52.0547
-0.0166663 0.357318 -51.2152
-0.0225083 0.372192 -50.0386
-0.0277241 0.37549 -46.4583
-0.0367951 0.403909 -45.6588
-0.0355001 0.399323 -45.4785
-0.0394721 0.421387 -47.3357
-0.0313603 0.410006 -52.0075
-0.0445449 0.407118 -38.6546
-0.0412739 0.384433 -36.0336
-0.0283658 0.363322 -43.5429
-0.0171681 0.344522 -50.2894
-0.0108355 0.32059 -50.9025
-0.0114008 0.314879 -48.8491
-0.00996606 0.30589 -48.1748
0.00449987 0.275026 -56.4325
0.00450565 0.273289 -55.801
0.00628339 0.169548 -31.663
0.0119021 0.126707 -27.5332
0.00178293 0.108824 -11.0055
-0.0113308 0.0571499 17.9112
-0.0275277 0.115315 24.228
-0.0414816 0.113946 13.9162
1.59458 0.0930075 -51.6762
-0.0742568 0.106742 17.2125
-0.108506 0.0997619 21.4806
-0.0532689 0.0938269 17.5524
-0.0277106 0.125222 7.46369
-0.0387146 0.156844 0.192399
-0.0492048 0.144312 4.32716
-0.0424027 0.172516 -4.15497
-0.0158127 0.171406 -9.48908
-0.0274632 0.183079 -10.2738
-0.0353125 0.154617 -0.613047
-0.037602 0.191339 -9.92242
-0.0272097 0.200594 -15.4542
-0.00530854 0.299665 -49.0089
-0.0128236 0.317637 -51.4446
0.00314744 0.329797 -60.1516
-0.000742977 0.313486 -54.5989
-0.0120187 0.320568 -52.0449
-0.00353153 0.30698 -52.1011
0.00118524 0.313659 -55.6166
-0.00321066 0.305913 -51.3827
0.000822903 0.31735 -56.517
0.0103702 0.31908 -61.8844
-9.42923e-05 0.312885 -54.718
0.0013829 0.317051 -56.7264
0.00220327 0.329167 -60.4621
-0.00304155 0.317995 -54.1907
-0.000605359 0.311754 -53.8267
-0.00711026 0.314971 -50.7466
0.00403019 0.313127 -57.6353
0.000463376 0.323175 -58.0534
0.00467088 0.320765 -60.2356
0.0165217 0.3079 -65.3921
0.0224739 0.30771 -69.612
0.0314317 0.292877 -72.3023
0.0149602 0.318271 -66.0851
-0.00873105 0.350018 -55.9146
-0.00747741 0.348245 -56.3502
-0.0231414 0.329557 -38.225
-0.0164824 0.348502 -48.9533
-0.0321555 0.358991 -37.7585
-0.0359243 0.393415 -43.5416
-0.0336297 0.394695 -46.1172
-0.0265243 0.375581 -47.629
-0.0316035 0.371471 -42.1798
-0.0557325 0.369905 -17.7606
-0.0304964 0.369459 -43.0258
-0.0266468 0.358185 -43.8456
-0.0179913 0.350491 -50.9817
-0.0275439 0.329376 -35.2029
-0.00775154 0.318455 -54.0398
-0.00456538 0.301879 -52.9628
-0.0174588 0.284298 -33.5476
-0.00944222 0.247037 -32.9187
-0.012988 0.256491 -31.1014
-0.0072203 0.255862 -37.7991
-0.00896498 0.214447 -24.4273
-0.0384822 0.127152 10.1295
-0.0398983 0.134317 8.10086
-0.0572727 0.116337 14.2998
-0.0699321 0.143467 7.3769
-0.0433031 0.159778 0.143637
-0.034553 0.171291 -4.82273
-0.0353563 0.139254 4.76091
-0.0419297 0.18165 -7.01614
-0.0354952 0.218209 -18.8203
-0.0289904 0.234415 -24.6038
-0.0188755 0.268342 -36.4712
-0.00923772 0.268834 -39.1142
-0.00886004 0.281085 -42.944
-0.00725933 0.289625 -45.5659
0.000992674 0.320889 -57.1752
0.00911892 0.316519 -58.4794
-0.000184596 0.313426 -54.2202
-0.00273315 0.327822 -57.6955
-0.00676249 0.315689 -52.7644
-0.00427777 0.323087 -55.9215
-0.00595259 0.31936 -54.2479
0.000515447 0.321024 -57.7244
-0.00104643 0.32309 -57.1784
0.0072944 0.323307 -61.4746
-0.00431049 0.316991 -53.5793
-0.00400275 0.322015 -55.1812
0.00418848 0.325196 -60.5376
0.000608162 0.323922 -58.2679
0.00847155 0.319528 -61.8034
-0.00207563 0.314783 -54.0002
-0.00608605 0.314684 -51.4384
0.00135244 0.321622 -58.1156
-0.00881025 0.318904 -50.1491
0.00783415 0.317939 -61.8167
0.0101958 0.312415 -61.8508
0.0184188 0.300951 -64.9021
0.0386196 0.28523 -75.7585
0.00165659 0.312173 -53.516
-0.026906 0.34232 -38.6052
-0.0293849 0.330061 -33.3483
-0.0213144 0.325848 -38.9188
-0.0169721 0.3215 -41.2447
-0.0115974 0.319445 -45.3281
-0.0215929 0.333335 -39.9811
-0.0329659 0.345554 -32.9979
-0.0476878 0.371747 -26.2984
-0.0484249 0.366987 -23.9926
-0.0371856 0.377927 -38.6618
-0.0330236 0.368612 -40.1645
-0.0320741 0.35823 -38.1979
-0.0257995 0.35033 -42.7566
-0.0220892 0.35445 -48.1854
-0.0134382 0.334644 -52.3147
-0.00821334 0.332577 -58.2282
-0.00969086 0.328631 -55.5903
-0.018589 0.33214 -45.9409
-0.0233024 0.307077 -32.6051
-0.0387921 0.290868 -8.86868
-0.0366138 0.14613 4.29959
-0.0391706 0.151723 2.5933
-0.045951 0.16172 -0.527498
-0.0563106 0.169854 -2.46055
-0.0378599 0.20296 -14.4471
-0.0336053 0.233515 -24.4851
-0.00885815 0.235292 -27.9002
-0.0161771 0.271364 -38.4154
-0.019621 0.27502 -38.7113
-0.0137891 0.294031 -45.2947
-0.00860822 0.285753 -43.9896
-0.00665436 0.307556 -50.9943
-0.0170932 0.321413 -52.3945
-0.00263647 0.327574 -58.0787
-0.0125769 0.31908 -52.0901
0.00553272 0.321503 -58.8246
-0.00473677 0.338216 -60.3884
-0.00235957 0.322702 -56.3211
-0.0041278 0.321115 -55.1709
-0.00586513 0.331012 -57.5185
-0.00230672 0.333185 -59.8424
0.00412921 0.33196 -62.5387
0.00459793 0.330508 -62.1974
-0.0044394 0.328495 -56.9276
-0.00466217 0.325297 -55.8216
-0.00206011 0.325164 -57.0909
-0.000770052 0.325885 -58.0662
0.00567642 0.328356 -62.4361
-0.00205572 0.324904 -56.7809
-0.00946086 0.320082 -50.6055
0.00091493 0.313239 -55.236
-0.000707341 0.320182 -56.2361
-0.00808175 0.328255 -53.7497
-0.000424815 0.316899 -55.4831
-0.000792669 0.318561 -55.6468
0.019191 0.308768 -67.8092
0.0248504 0.299916 -69.5494
0.0430417 0.280241 -77.7369
0.0158129 0.301765 -61.8928
-0.0254121 0.338364 -38.7943
-0.0227119 0.346575 -43.8838
-0.0227722 0.351023 -45.2817
-0.0107467 0.324971 -48.1603
-0.0166911 0.330856 -44.2846
-0.0209385 0.33661 -41.862
-0.032266 0.347951 -34.4228
-0.0278491 0.360215 -42.5423
-0.033303 0.376849 -42.2666
-0.0403897 0.392481 -39.9472
-0.0297987 0.373125 -45.0519
-0.0268409 0.385878 -52.1235
-0.0301921 0.371056 -43.8882
-0.0213392 0.380343 -56.442
-0.0271858 0.375904 -48.514
-0.0144699 0.36669 -60.7622
-0.0336375 0.383424 -43.3447
-0.0393762 0.34853 -25.5974
-0.0379685 0.344586 -25.9612
-0.0257232 0.181246 -7.17514
-0.0218458 0.215068 -18.7116
-0.0103813 0.251906 -31.9734
-0.0165169 0.257366 -33.7017
-0.0193849 0.292029 -44.8625
-0.00642794 0.294268 -46.9071
0.00139747 0.300703 -50.2031
0.00137585 0.306614 -52.1829
-0.00676513 0.30193 -49.1191
-0.00849837 0.323473 -56.088
0.00701331 0.322167 -58.8841
-0.00352775 0.316565 -54.4262
0.00305667 0.322405 -57.941
-0.0067862 0.315476 -52.5845
-0.0132482 0.305819 -47.3806
0.00458322 0.318922 -57.7487
-0.000445758 0.320208 -56.4243
0.00809947 0.322672 -60.3946
-0.00352345 0.326778 -57.2335
0.0011359 0.331082 -60.7246
-0.00099961 0.332768 -60.4195
0.00367025 0.32862 -61.1263
0.000676365 0.330632 -60.2816
0.000167503 0.326979 -58.8371
-0.00169894 0.325899 -57.5504
0.0100637 0.327446 -64.6803
0.0119765 0.32993 -66.7234
0.00562331 0.323911 -61.0896
-0.00791304 0.322431 -52.3321
-0.0110617 0.320266 -49.6751
-0.00285273 0.316375 -53.6692
0.000370896 0.318708 -56.4847
-0.000791516 0.323271 -57.1683
0.000514164 0.320097 -57.0462
0.00171313 0.315391 -56.3461
0.00429654 0.320905 -60.2335
0.0102614 0.313926 -62.4821
0.018016 0.30081 -64.3018
0.036521 0.283379 -73.4537
0.0117759 0.321557 -64.9853
-0.00899128 0.34952 -56.3871
-0.0141017 0.358686 -55.0045
-0.0326211 0.351055 -36.287
-0.0255975 0.344915 -40.539
-0.0172477 0.344084 -47.8519
-0.0164707 0.341222 -47.5666
-0.0181548 0.359226 -51.8695
-0.0249899 0.362347 -46.0277
-0.02738 0.364485 -44.2131
-0.0300911 0.376516 -45.3316
-0.0409126 0.385468 -36.8982
-0.0269018 0.385361 -52.3963
-0.0178808 0.35194 -51.3161
-0.0289428 0.360643 -41.6922
-0.0258497 0.358924 -44.8187
-0.0362704 0.364643 -34.2283
-0.0230356 0.371148 -53.0951
-0.0108925 0.366668 -66.0652
-0.010045 0.209594 -17.0598
0.000465361 0.232791 -25.456
-0.000626905 0.258541 -34.365
-0.00655628 0.305524 -50.2466
-0.0279382 0.276404 -38.2548
-0.0131181 0.286014 -43.122
-0.000867454 0.301179 -49.6767
0.005869 0.297503 -49.7839
0.0146321 0.311173 -56.0427
0.00699639 0.314685 -55.8011
-0.00270678 0.319466 -55.6321
0.000265796 0.324129 -57.9009
0.00436181 0.319722 -57.3901
-0.00485902 0.304616 -49.4229
-0.00244052 0.304893 -50.6308
0.0183879 0.324077 -63.879
0.00462414 0.328845 -61.047
0.000996713 0.322132 -57.4936
-0.00113053 0.328054 -58.8342
0.00314175 0.339519 -64.5727
-0.00156993 0.33388 -60.3819
-0.00383173 0.335146 -59.7371
0.00357035 0.326546 -60.2284
-0.00514441 0.32439 -55.2719
0.00477976 0.320764 -59.0171
0.000789123 0.318321 -56.1287
-0.00350675 0.32567 -56.3364
0.00261851 0.32132 -58.5433
-0.00499844 0.320484 -53.404
-0.00448562 0.315436 -52.1453
0.00125112 0.32857 -60.5478
-0.0110703 0.324296 -50.7022
-0.00307456 0.311509 -51.4911
-0.0079703 0.296158 -42.5466
0.00614862 0.296877 -53.2968
0.00669155 0.306099 -56.814
0.00438284 0.306249 -55.0138
0.00196878 0.295918 -49.5119
0.0187048 0.284227 -59.0472
0.0447615 0.278278 -78.5921
0.0282141 0.308829 -74.6958
-0.00842455 0.360348 -60.0731
-0.0263045 0.360635 -44.4722
-0.0318833 0.385288 -48.1288
-0.0392131 0.386411 -41.7115
-0.0143191 0.339505 -49.1765
-0.00597518 0.3461 -59.7014
-0.0234365 0.358876 -46.4239
-0.0214571 0.348851 -45.0097
-0.0197712 0.344479 -44.983
-0.0396997 0.381304 -36.5834
-0.0311292 0.383855 -46.8838
-0.0353832 0.363189 -35.1563
-0.0326941 0.349572 -33.2005
-0.0316503 0.361498 -38.62
-0.0364154 0.357404 -31.6894
-0.0308505 0.35791 -38.5644
-0.0435372 0.347521 -19.3881
0.0132392 0.213395 -18.6426
0.017565 0.237622 -27.718
0.0217479 0.25661 -34.9006
0.00539489 0.2868 -44.4807
-0.0217463 0.297201 -46.0947
-0.0236954 0.282392 -40.64
0.013535 0.269043 -40.2583
0.00471988 0.308296 -53.0871
0.00876997 0.317926 -57.2426
-0.00134899 0.320053 -55.945
-0.000328284 0.315806 -54.7731
0.0013463 0.321891 -57.3473
-0.00374675 0.298802 -47.7667
-0.00615667 0.297025 -46.4099
0.0089289 0.288592 -48.0775
0.00572846 0.311744 -55.3083
-0.00963104 0.311641 -49.861
-0.0074428 0.284918 -41.0983
0.0109097 0.314646 -58.8561
0.00423925 0.319939 -58.0907
-0.00291466 0.315761 -53.5127
0.00249321 0.30618 -52.4747
-0.0039293 0.299241 -46.9098
0.000554881 0.312091 -53.7246
0.000838946 0.303751 -50.8406
-0.00404141 0.304363 -48.4562
-0.00409473 0.312168 -51.2311
-0.00147669 0.319609 -55.3533
-0.00713886 0.298994 -44.3876
0.000299793 0.303271 -50.7987
-0.000778504 0.312099 -53.3394
-0.00195087 0.308791 -51.3624
-0.00368602 0.304482 -48.5342
0.00310088 0.311774 -56.0369
-0.000829244 0.309827 -52.388
-0.00214097 0.299116 -47.4978
0.00581122 0.307528 -56.6327
-0.126326 0.0164161 157.822
0.0125152 0.271354 -49.1154
0.0322503 0.241633 -54.6846
0.0561424 0.258539 -81.3615
0.0374892 0.303249 -80.9154
-0.00967097 0.382415 -67.0704
-0.0426517 0.370073 -32.4754
-0.0422684 0.336218 -20.7484
-0.0271271 0.316398 -28.301
-0.00817837 0.313829 -46.0698
-0.0145988 0.344756 -50.5796
-0.0177591 0.327068 -41.0202
-0.0286866 0.309971 -23.0922
-0.0267868 0.319598 -28.7361
-0.0194144 0.335577 -42.7886
-0.0426684 0.363309 -26.6247
-0.0331702 0.368261 -39.2245
-0.0413512 0.386621 -36.0288
-0.0431181 0.343026 -18.4955
-0.0392924 0.314177 -12.6756
-0.0360814 0.33182 -22.9762
