0 1 3
1 2 3
2 3 3
3 5 2
5 6 2
6 8 3
8 9 3
9 10 3
10 11 3
11 12 3
12 13 3
13 15 3
15 16 1
16 18 3
18 19 1
19 20 3
20 21 3
21 22 0
22 23 2
23 24 0
24 25 3
25 26 3
26 27 1
27 28 0
28 29 3
29 32 0
32 33 3
33 34 1
34 35 3
35 95 3
38 95 0
38 40 3
40 41 3
41 42 3
42 44 3
44 45 3
45 46 3
46 47 3
47 48 3
48 49 3
49 50 3
50 51 3
51 53 3
53 54 3
54 56 3
56 57 3
6 65 3
8 65 3
38 98 0
51 110 3
53 110 3
15 72 0
42 101 3
44 101 3
54 113 3
56 113 3
31 32 0
31 33 0
5 236 2
3 236 3
16 75 3
15 73 0
94 95 3
49 106 3
51 109 3
5 63 2
6 63 2
72 73 3
16 73 3
18 75 3
35 94 3
40 98 0
48 106 3
50 109 3
6 64 3
13 72 0
20 79 3
42 100 3
63 236 3
21 79 3
97 98 3
100 101 3
109 110 3
3 61 3
64 65 3
8 66 3
9 66 3
50 108 3
57 115 3
0 58 3
1 59 3
1 60 3
2 60 3
2 61 3
63 64 3
9 67 3
10 68 3
16 74 3
18 76 3
19 76 0
19 77 3
20 77 3
41 100 3
44 102 3
45 103 3
46 104 3
47 105 3
49 108 3
53 111 3
56 114 3
56 115 3
58 59 3
59 60 3
61 236 3
66 67 3
67 68 3
73 74 3
22 79 1
23 81 3
24 81 1
35 93 3
101 102 3
102 103 3
103 104 3
104 105 3
105 106 3
108 109 3
54 111 3
113 114 3
114 115 3
65 66 3
74 75 3
34 93 2
40 99 3
41 99 3
110 111 3
60 61 3
22 81 2
26 28 3
93 94 3
11 70 3
12 70 3
13 70 0
34 92 3
38 97 0
99 100 3
111 112 3
111 113 3
75 76 3
25 83 3
92 93 3
77 193 0
77 78 0
20 78 0
78 79 1
22 138 3
24 83 3
26 83 3
29 204 0
92 204 0
98 99 2
10 70 3
70 72 3
79 138 0
81 138 2
34 204 0
33 204 2
95 153 3
38 153 0
106 108 3
112 113 3
10 127 3
70 127 3
76 77 1
31 204 1
149 204 3
81 139 0
24 139 3
97 153 3
106 166 3
108 166 3
68 127 3
83 139 3
26 142 3
29 31 0
63 121 3
83 142 3
28 142 3
121 236 3
70 129 3
72 129 3
110 168 3
64 121 3
73 131 3
102 161 3
109 168 3
111 170 3
61 119 3
64 122 3
66 124 3
72 131 3
83 141 3
93 95 3
100 158 3
103 161 3
106 165 3
112 170 3
119 236 3
121 122 3
65 124 3
72 130 3
165 166 3
60 118 3
65 122 3
129 130 3
141 142 3
28 261 3
105 163 3
109 167 3
111 168 3
58 116 3
59 116 3
59 117 3
61 118 3
177 236 3
67 125 3
68 126 3
74 132 3
142 261 3
29 261 3
101 158 3
102 160 3
104 162 3
106 163 3
106 164 3
108 167 3
167 168 3
113 171 3
114 171 3
114 172 3
115 173 3
117 118 3
119 177 3
125 126 3
126 127 3
70 128 3
131 132 3
75 132 3
75 133 3
92 149 3
93 152 3
93 153 3
99 158 3
101 160 3
161 162 3
162 163 3
113 170 3
172 173 3
116 117 3
128 129 3
76 133 3
76 134 3
76 193 3
142 259 3
142 260 3
29 144 0
93 207 3
163 164 3
164 165 3
168 170 3
170 171 3
118 119 3
121 180 3
66 125 3
130 131 3
132 133 3
77 136 0
78 136 3
79 136 0
260 261 3
144 261 3
144 146 3
152 207 3
152 153 3
99 157 3
171 172 3
133 134 3
259 260 3
98 157 2
160 161 3
166 167 3
168 169 3
169 170 3
127 128 3
134 193 3
153 213 3
97 213 3
136 138 3
146 204 3
92 207 3
98 214 3
158 160 3
122 181 3
124 125 3
97 214 3
157 214 3
153 212 3
157 158 3
138 196 3
139 141 3
29 146 0
212 213 3
122 124 3
158 217 3
81 196 2
203 204 3
149 203 3
165 224 3
138 195 3
166 224 3
122 180 3
136 195 3
149 207 3
127 185 3
128 185 3
139 197 3
141 197 3
146 203 3
152 210 3
152 211 3
213 214 3
160 217 3
124 181 3
131 189 3
161 219 3
167 225 3
118 176 3
129 187 3
130 189 3
152 212 3
160 219 3
168 225 3
170 228 3
117 176 3
121 179 3
126 185 3
128 187 3
132 191 3
197 199 3
141 199 3
141 258 3
158 216 3
169 228 3
170 229 3
171 229 3
179 236 3
179 180 3
133 191 3
142 258 3
149 208 3
152 209 3
157 215 3
157 216 3
216 217 3
160 218 3
162 220 3
172 230 3
116 174 3
117 175 3
118 177 3
124 182 3
125 183 3
126 184 3
128 186 3
130 187 3
130 188 3
132 190 3
134 192 3
207 209 3
218 219 3
161 220 3
163 221 3
164 222 3
168 226 3
169 227 3
173 231 3
174 175 3
176 177 3
182 183 3
183 184 3
184 185 3
185 186 3
186 187 3
187 188 3
188 189 3
190 191 3
195 196 3
207 208 3
210 211 3
211 212 3
163 220 3
221 222 3
165 222 3
225 226 3
226 227 3
171 230 3
230 231 3
131 190 3
134 191 3
220 221 3
227 228 3
228 229 3
175 176 3
180 181 3
136 193 3
199 258 3
203 208 3
215 216 3
217 218 3
181 182 3
191 192 3
209 210 3
167 224 3
229 230 3
81 197 2
192 193 3
193 195 3
219 220 3
189 190 3
208 209 3
214 215 3
196 197 3
192 251 3
193 251 3
195 252 3
222 224 3
176 235 3
177 235 3
179 237 3
180 239 3
181 239 3
193 367 1
193 252 3
224 225 3
203 262 3
146 262 3
180 238 3
238 239 3
191 249 3
251 367 1
224 281 3
224 282 3
231 289 3
192 249 3
258 259 3
211 268 3
211 269 3
212 269 3
220 278 3
222 281 3
230 289 3
252 367 1
252 253 3
195 253 3
210 268 3
219 278 3
281 282 3
196 254 3
203 322 3
208 322 3
225 282 3
227 285 3
190 248 3
191 248 3
195 254 3
269 270 3
212 270 3
197 254 3
197 255 3
197 256 3
203 321 3
215 272 3
217 274 3
230 288 3
288 289 3
174 232 3
175 233 3
176 234 3
234 235 3
180 237 3
182 239 3
182 240 3
183 241 3
184 242 3
185 243 3
186 244 3
187 245 3
188 246 3
189 247 3
192 250 3
209 268 3
217 275 3
218 276 3
218 277 3
219 277 3
221 278 3
221 279 3
222 280 3
225 283 3
225 284 3
226 284 3
226 285 3
228 286 3
229 286 3
229 287 3
232 233 3
233 234 3
237 238 3
239 240 3
240 241 3
241 242 3
242 243 3
186 243 3
244 245 3
245 246 3
246 247 3
248 249 3
249 250 3
250 251 3
253 254 3
254 255 3
199 256 3
146 261 3
262 321 3
268 269 3
214 272 3
216 274 3
275 276 3
277 278 3
279 280 3
227 286 3
230 287 3
236 294 3
190 247 3
321 322 3
213 270 3
276 277 3
278 279 3
280 281 3
282 283 3
283 284 3
287 288 3
179 294 2
255 256 3
215 274 3
237 294 2
243 244 3
274 275 3
235 236 3
213 329 3
214 329 3
208 323 3
270 329 3
284 285 3
286 287 3
285 286 3
261 262 3
322 323 3
285 344 3
286 344 3
215 331 3
274 331 3
247 248 3
256 258 3
256 315 3
258 315 3
272 329 3
235 294 2
258 316 3
235 293 3
315 316 3
293 294 2
237 295 3
272 331 3
238 295 3
294 295 2
259 317 3
274 332 3
281 339 3
233 291 3
248 306 3
249 306 3
209 325 3
268 326 3
275 332 3
282 339 3
282 341 3
234 291 3
234 292 3
260 317 3
268 325 3
325 326 3
269 326 3
276 334 3
277 334 3
278 336 3
282 340 3
283 341 3
239 298 3
240 298 3
250 309 3
251 309 3
258 317 3
208 325 3
277 336 3
280 339 3
284 341 3
284 342 3
232 290 3
291 292 3
235 292 3
238 296 3
239 297 3
241 299 3
243 301 3
244 302 3
245 303 3
246 304 3
249 307 3
250 308 3
252 310 3
253 311 3
254 312 3
255 313 3
256 314 3
323 325 3
269 327 3
270 328 3
272 330 3
278 337 3
279 337 3
279 338 3
280 338 3
285 342 3
286 345 3
287 345 3
288 346 3
289 347 3
290 291 3
294 352 0
295 296 3
296 297 3
298 299 3
242 299 3
242 301 3
301 302 3
302 303 3
303 304 3
247 304 3
307 308 3
308 309 3
310 367 1
310 311 3
311 312 3
312 313 3
313 314 3
262 320 3
326 327 3
327 328 3
329 330 3
331 332 3
275 334 3
277 335 3
336 337 3
338 339 3
339 340 3
340 341 3
341 342 3
345 346 3
292 293 3
306 307 3
314 315 3
316 317 3
260 319 3
261 319 3
262 319 3
330 331 3
289 346 3
247 305 3
309 367 1
319 320 3
320 321 3
328 329 3
335 336 3
337 338 3
297 298 3
304 305 3
344 345 3
346 347 3
299 300 3
242 300 3
305 306 3
332 334 3
334 335 3
300 301 3
342 344 3
321 380 3
323 382 3
291 349 3
322 380 3
325 382 3
332 390 3
292 349 3
294 351 2
321 379 3
325 383 3
329 388 3
330 388 3
334 390 3
342 401 3
344 401 3
344 402 3
345 402 3
379 380 3
326 383 3
329 387 3
340 398 3
293 351 3
295 354 3
296 354 3
323 380 3
328 387 3
339 398 3
290 348 3
302 361 3
303 361 3
316 375 3
317 375 3
320 379 3
337 395 3
345 403 3
292 350 3
293 350 3
295 352 3
317 376 3
328 386 3
338 395 3
346 403 3
297 354 3
298 356 3
305 364 3
306 364 3
308 366 3
260 376 3
319 378 3
327 386 3
331 388 3
334 393 3
335 393 3
290 349 3
297 355 3
297 356 3
301 359 3
302 359 3
302 360 3
304 362 3
307 365 3
307 366 3
310 368 3
311 369 3
312 370 3
313 371 3
314 372 3
315 374 3
316 374 3
320 378 3
326 384 3
327 385 3
387 388 3
331 389 3
331 390 3
335 394 3
336 394 3
338 396 3
339 397 3
342 400 3
346 404 3
347 405 3
350 351 3
354 355 3
355 356 3
299 356 3
300 359 3
360 361 3
361 362 3
305 362 3
305 363 3
364 365 3
365 366 3
367 368 0
368 369 3
369 370 3
370 371 3
371 372 3
315 372 3
374 375 3
383 384 3
384 385 3
385 386 3
388 389 3
389 390 3
394 395 3
395 396 3
396 397 3
397 398 3
341 398 3
341 400 3
401 402 3
402 403 3
404 405 3
309 366 3
315 373 3
375 376 3
400 401 3
403 404 3
349 350 3
299 357 3
359 360 3
362 363 3
366 367 2
367 483 0
372 373 3
382 383 3
386 387 3
390 393 3
393 394 3
348 349 3
356 357 3
363 364 3
373 374 3
319 376 3
300 357 3
352 354 3
390 391 3
378 379 3
398 400 3
323 439 3
380 439 3
382 440 3
401 460 3
402 460 3
351 352 0
367 425 3
323 440 3
352 411 3
354 411 3
365 424 3
366 424 3
425 483 0
400 458 3
351 409 2
373 488 3
378 435 3
382 441 3
390 449 3
391 449 3
398 458 3
352 409 1
364 422 3
365 422 3
375 433 3
376 433 3
376 434 3
319 435 3
439 440 3
440 441 3
383 441 3
390 451 3
349 407 3
356 414 3
359 416 3
372 488 3
434 435 3
391 451 3
393 451 3
300 416 3
393 452 3
394 452 3
396 455 2
397 455 2
403 461 3
404 463 3
405 463 3
355 414 3
357 414 3
363 421 3
367 424 2
371 429 3
488 489 3
373 489 3
403 460 3
404 461 3
350 407 3
350 408 3
354 413 3
355 413 3
361 419 3
362 420 3
364 421 3
368 426 3
369 427 3
370 428 3
372 429 3
374 432 3
374 433 3
378 436 3
379 437 3
380 438 3
383 442 3
384 442 3
385 443 3
386 444 3
387 445 3
388 446 3
389 447 3
390 448 3
395 453 3
396 454 2
397 456 2
398 456 2
401 458 3
404 462 3
413 414 3
357 416 3
360 419 3
419 420 3
420 421 3
424 483 3
367 426 0
426 427 3
370 427 3
428 429 3
373 432 3
435 436 3
436 437 3
379 438 3
438 439 3
442 443 3
443 444 3
444 445 3
445 446 3
446 447 3
447 448 3
448 449 3
394 453 3
401 459 3
350 409 2
449 451 3
455 456 3
460 461 3
461 462 3
348 407 3
408 409 3
354 412 3
416 474 3
427 428 3
432 433 3
433 434 3
437 438 3
395 454 2
454 455 3
458 459 3
411 412 3
412 413 3
421 422 3
441 442 3
359 419 3
459 460 3
462 463 3
359 475 3
365 481 3
407 408 0
422 481 3
424 481 3
452 509 3
452 453 3
429 488 3
432 489 3
393 509 3
453 454 3
451 508 3
456 458 1
416 475 3
419 477 3
420 477 3
424 482 3
482 483 3
449 508 3
451 509 3
348 464 3
407 464 3
435 493 3
434 493 3
407 466 0
409 411 2
419 475 3
440 498 2
408 466 3
460 518 3
461 518 3
426 484 3
456 515 2
367 484 0
441 498 2
458 515 0
436 494 3
461 519 3
409 468 2
357 474 3
422 480 3
428 486 3
434 492 2
435 494 3
462 519 3
409 466 2
411 468 3
414 474 3
421 479 3
421 480 3
429 486 3
492 493 3
412 473 3
413 473 3
420 478 3
420 479 3
426 485 3
427 485 3
438 496 2
442 500 3
446 505 3
447 505 3
448 507 3
449 507 3
453 511 2
466 468 3
411 469 3
412 469 3
416 533 3
477 478 3
480 481 3
432 490 2
437 494 3
437 495 2
439 496 2
441 499 2
444 503 3
445 503 3
445 504 3
446 504 3
452 511 3
459 518 3
407 465 0
465 466 3
468 469 3
474 533 2
479 480 3
484 485 3
427 486 3
489 490 3
438 495 2
439 498 2
454 511 2
455 515 2
462 520 2
475 477 3
478 479 3
444 502 3
504 505 3
448 506 3
507 508 3
454 513 2
455 513 2
518 519 3
519 520 3
475 533 3
425 542 0
485 486 3
494 495 3
495 496 3
498 499 3
443 500 3
443 502 3
448 505 3
455 514 2
464 465 0
414 473 3
439 555 2
503 504 3
508 509 3
452 510 3
510 511 3
454 512 2
514 515 3
459 515 0
481 482 3
483 542 2
496 555 3
498 555 3
502 503 3
506 507 3
509 510 3
511 512 3
512 513 3
513 514 3
516 518 1
463 520 0
433 490 2
493 494 3
442 499 2
459 516 0
505 506 3
517 518 1
515 516 3
464 523 3
486 488 3
433 492 2
516 517 3
465 523 1
414 531 3
477 533 3
515 573 1
499 500 3
473 531 3
474 531 3
443 560 2
500 560 2
502 560 3
469 527 3
508 510 3
520 578 2
468 527 3
412 527 3
499 558 3
519 578 2
484 542 2
485 542 2
485 544 2
486 544 2
489 547 3
433 549 2
500 558 2
473 528 3
478 537 2
479 537 2
488 544 2
488 546 3
488 547 3
490 549 3
492 549 3
500 559 2
508 567 2
510 567 2
510 568 2
468 525 3
468 526 3
479 538 2
480 538 2
488 545 3
490 548 3
494 552 2
559 560 3
511 568 3
466 525 3
524 525 3
525 526 3
526 527 3
478 536 2
536 537 3
482 540 2
483 540 2
483 600 1
485 543 2
545 546 3
490 547 3
548 549 3
493 551 2
495 552 3
498 556 3
567 568 3
516 573 1
473 530 3
481 539 2
542 600 1
542 543 3
543 544 3
492 551 3
494 551 2
555 556 3
498 557 3
499 557 3
558 559 3
503 560 3
503 562 2
504 562 2
505 562 2
513 571 3
464 522 3
466 524 1
412 528 3
530 531 3
537 538 3
482 539 2
544 545 3
503 561 2
507 566 3
508 566 2
514 571 3
517 576 3
528 530 3
480 539 2
495 553 3
496 554 3
557 558 3
560 561 3
561 562 3
505 563 2
566 567 3
512 571 3
514 573 1
516 575 3
517 575 3
518 576 2
527 528 3
538 539 3
539 540 3
367 542 0
546 547 3
551 552 3
553 554 3
554 555 3
562 563 3
506 563 2
575 576 3
519 576 2
519 577 2
522 523 3
465 524 1
474 532 2
552 553 3
556 557 3
506 564 2
507 564 2
511 569 3
571 572 3
514 572 3
577 578 3
523 524 3
531 532 3
563 564 3
507 565 2
512 570 3
516 574 3
576 577 3
564 565 3
565 566 3
568 569 3
511 570 3
572 573 1
573 574 3
574 575 3
578 579 3
477 536 2
540 600 1
547 548 3
570 571 3
532 533 3
569 570 3
477 593 2
540 599 3
549 608 3
492 608 3
533 593 2
599 600 3
551 608 3
533 592 2
536 593 3
533 591 2
528 529 3
529 530 3
591 592 3
592 593 3
538 596 3
539 596 3
526 585 3
527 585 3
532 591 3
537 596 3
554 613 3
555 613 3
564 624 3
565 624 3
528 585 3
542 601 3
543 601 3
556 613 3
556 614 3
557 614 3
558 615 3
559 618 3
560 618 3
561 618 3
576 634 3
577 634 3
536 594 3
537 594 3
548 606 3
549 606 3
557 615 3
562 620 3
562 621 3
563 621 3
567 626 3
568 626 3
569 571 3
523 581 3
524 581 3
525 583 3
526 583 3
545 603 3
546 604 3
547 606 3
552 610 3
553 610 3
561 620 3
564 621 3
569 627 3
571 627 3
522 580 3
531 589 3
593 594 3
540 598 3
544 603 3
545 604 3
547 604 3
549 607 3
551 609 3
553 611 3
554 612 3
614 615 3
569 626 3
523 580 3
524 582 3
537 595 3
598 599 3
600 601 3
547 605 3
607 608 3
608 609 3
609 610 3
611 612 3
612 613 3
566 624 3
566 625 3
567 625 3
626 627 3
571 628 3
575 633 3
578 636 3
578 637 3
579 637 3
525 582 3
529 585 3
594 595 3
539 597 3
603 604 3
605 606 3
606 607 3
610 611 3
613 614 3
620 621 3
624 625 3
625 626 3
627 628 3
574 633 3
576 633 3
577 636 3
582 583 3
529 587 3
530 587 3
595 596 3
596 597 3
597 598 3
604 605 3
558 618 3
621 624 3
574 632 3
580 581 3
530 589 3
532 589 3
615 618 3
572 631 3
573 631 2
573 632 2
636 637 3
581 582 3
624 680 1
571 629 3
632 633 3
577 635 3
583 585 3
544 601 3
628 629 3
572 629 3
634 635 3
587 589 3
532 648 3
572 688 3
633 634 3
589 648 3
591 648 3
615 616 3
616 618 3
621 680 1
631 632 3
635 636 3
589 646 3
629 688 3
587 646 3
544 660 3
624 682 3
625 682 3
529 644 3
529 645 3
603 660 3
631 688 3
585 644 3
587 645 3
616 675 3
618 675 3
583 642 3
585 642 3
644 645 3
618 620 3
601 660 3
618 677 3
620 677 3
585 643 3
618 676 3
680 739 3
624 739 1
583 641 3
642 643 3
643 644 3
601 659 3
659 660 3
615 675 3
582 641 3
607 666 3
608 666 3
613 671 3
625 684 3
626 684 3
636 694 3
637 694 3
589 647 3
599 657 3
600 657 2
600 659 2
612 671 3
675 676 3
676 677 3
646 647 3
647 648 3
597 655 3
598 656 3
599 656 3
613 672 3
614 672 3
682 739 1
637 695 3
582 640 3
641 642 3
592 650 3
598 655 3
620 678 3
621 678 3
627 684 3
633 691 3
635 693 3
636 693 3
694 695 3
581 639 3
640 641 3
591 649 3
592 649 3
593 650 3
655 656 3
600 658 2
603 661 3
604 662 3
605 663 3
606 665 3
607 665 3
609 666 3
609 667 3
610 668 3
612 670 3
615 672 3
627 685 3
628 687 3
629 687 3
632 691 3
634 691 3
580 638 3
639 640 3
645 646 3
593 652 3
594 652 3
595 652 3
595 653 3
657 658 3
658 659 3
660 661 3
661 662 3
662 663 3
606 663 3
606 664 3
665 666 3
666 667 3
667 668 3
611 668 3
611 669 3
611 670 3
670 671 3
615 673 3
684 685 3
687 688 3
632 690 3
693 694 3
580 639 3
596 653 3
596 712 3
596 655 3
656 657 3
668 669 3
672 673 3
621 679 3
628 685 3
631 690 3
663 664 3
664 665 3
677 678 3
679 680 1
628 686 3
690 691 3
648 649 3
652 653 3
653 712 3
655 712 3
669 670 3
671 672 3
682 684 3
685 686 3
686 687 3
638 639 3
649 650 3
678 679 3
634 693 3
673 675 3
691 693 3
650 652 3
631 747 3
688 747 3
684 741 1
690 747 3
652 710 1
667 725 3
682 741 1
650 710 1
682 740 3
690 749 3
691 749 3
653 710 1
693 750 3
648 706 3
671 730 3
672 730 3
691 750 3
647 706 3
740 741 3
684 744 3
749 750 3
649 706 3
650 708 0
653 711 3
711 712 3
660 718 3
661 718 3
666 725 3
680 737 3
685 744 3
690 748 3
693 752 3
694 752 3
642 700 3
646 704 3
649 707 3
650 707 3
708 710 1
659 718 3
661 719 3
662 719 3
662 720 3
673 732 3
675 732 3
676 735 3
677 735 3
679 737 1
687 745 3
747 748 3
641 700 3
643 700 3
647 704 3
659 717 3
669 727 3
675 733 3
676 733 3
676 734 3
739 740 0
686 745 3
688 745 3
694 753 3
695 753 3
638 696 3
639 696 3
640 699 3
641 699 3
643 701 3
644 701 3
645 703 3
706 707 3
710 711 0
655 713 3
656 714 3
657 715 3
658 716 3
658 717 3
663 721 3
664 722 3
665 722 3
665 724 3
666 724 3
724 725 3
668 726 3
670 727 3
670 728 3
671 729 3
672 731 3
673 731 3
678 736 3
680 738 3
688 746 3
693 751 3
699 700 3
644 702 3
644 703 3
703 704 3
707 708 0
712 713 3
713 714 3
714 715 3
715 716 3
718 719 3
662 721 3
721 722 3
726 727 3
727 728 3
670 729 3
734 735 3
677 736 3
736 737 1
737 738 3
686 744 3
745 746 3
746 747 3
750 751 3
751 752 3
716 717 3
717 718 3
720 721 3
665 723 3
668 725 3
728 729 3
729 730 3
733 734 3
738 739 3
748 749 3
752 753 3
639 698 3
640 698 3
701 702 3
702 703 3
704 705 3
647 705 3
710 767 3
719 720 3
723 724 3
725 726 3
731 732 3
735 736 3
639 697 3
700 701 3
705 706 3
708 767 1
696 697 3
722 723 3
730 731 3
732 733 3
744 745 3
697 698 3
698 699 3
744 801 3
684 801 3
741 801 2
747 805 3
699 756 3
746 805 3
698 756 3
744 802 3
801 802 3
749 807 3
731 789 3
735 793 3
741 800 2
748 805 3
697 756 3
706 764 3
707 764 3
712 770 3
730 789 3
800 801 3
744 803 3
745 803 3
748 807 3
703 761 3
704 761 3
704 763 3
705 763 3
705 764 3
708 766 1
711 769 3
711 770 3
716 774 3
717 774 3
720 778 3
725 783 3
726 783 3
734 793 3
736 793 3
739 797 3
740 800 3
751 809 3
752 809 3
752 810 3
707 766 1
710 769 0
715 773 3
716 773 3
721 778 3
723 781 3
727 786 3
728 786 3
729 786 3
729 788 3
730 788 3
732 790 3
738 797 3
740 799 3
799 800 3
802 803 3
746 803 3
750 808 3
751 808 3
753 810 3
696 754 3
697 755 3
704 762 3
763 764 3
707 765 3
710 768 3
713 771 3
714 772 3
714 773 3
717 775 3
718 776 3
719 777 3
720 777 3
721 779 3
722 781 3
724 782 3
726 784 3
727 785 3
731 790 3
733 791 3
734 792 3
736 794 3
737 795 3
740 797 1
748 806 3
806 807 3
750 807 3
753 811 3
754 755 3
700 756 3
701 760 3
702 760 3
761 762 3
762 763 3
765 766 1
766 767 1
770 771 3
772 773 3
774 775 3
775 776 3
718 777 3
778 779 3
722 779 3
722 780 3
724 781 3
782 783 3
783 784 3
784 785 3
785 786 3
732 791 3
734 791 3
792 793 3
793 794 3
794 795 1
738 795 3
805 806 3
808 809 3
809 810 3
810 811 3
700 758 3
703 760 3
764 765 3
767 768 3
768 769 0
769 770 3
713 772 3
776 777 3
777 778 3
780 781 3
781 782 3
788 789 3
790 791 3
740 798 3
701 758 3
760 761 3
771 772 3
797 798 0
755 756 3
773 774 3
779 780 3
798 799 3
807 808 3
756 758 3
789 790 3
791 792 3
758 760 3
786 788 3
795 797 3
797 854 3
795 854 3
805 862 3
786 845 3
788 845 3
746 862 3
803 862 3
799 857 3
768 826 3
769 826 1
789 847 3
790 847 3
776 834 3
777 834 3
801 859 3
803 861 3
790 848 3
794 853 3
795 853 0
802 859 3
802 861 3
806 864 3
760 818 3
847 848 3
798 857 3
805 864 3
766 824 3
777 836 3
778 836 3
779 836 3
794 852 3
853 854 1
807 865 3
810 868 3
767 824 0
769 828 3
770 828 3
772 831 3
773 831 3
777 835 3
779 837 3
780 837 3
785 843 3
790 849 3
792 850 3
792 851 3
793 851 3
793 852 3
852 853 3
861 862 3
805 863 3
806 865 3
809 867 3
809 868 3
754 812 0
755 813 3
758 816 3
760 816 3
760 817 3
767 825 3
774 832 3
775 833 3
834 835 3
835 836 3
836 837 3
780 839 3
781 839 3
782 839 3
783 842 3
784 842 3
786 843 3
786 844 3
788 846 3
848 849 3
791 850 3
797 855 3
800 857 3
800 858 3
802 860 3
862 863 3
808 867 3
867 868 3
755 812 0
756 813 3
761 818 3
824 825 1
825 826 3
769 827 3
771 828 3
771 829 3
831 832 3
832 833 3
782 840 3
842 843 3
845 846 3
846 847 3
791 849 3
798 855 1
859 860 3
860 861 3
808 865 3
808 866 3
811 868 3
817 818 3
761 819 3
763 878 3
763 822 3
764 822 3
765 824 1
827 828 3
828 829 3
772 829 3
772 830 3
833 834 3
783 840 3
844 845 3
851 852 3
857 858 3
801 858 3
863 864 3
864 865 3
811 869 3
812 813 1
816 817 3
762 819 3
762 878 3
829 830 3
839 840 3
843 844 3
850 851 3
854 855 3
865 866 3
868 869 3
756 872 3
758 815 3
815 816 3
818 819 3
819 878 3
822 878 3
765 881 1
826 827 0
830 831 3
849 850 3
756 815 3
764 881 1
815 872 3
822 881 3
866 867 3
813 872 3
824 881 2
837 839 3
840 899 3
783 899 3
858 859 3
842 899 3
798 915 3
857 915 3
837 896 3
839 896 3
855 915 0
858 917 3
859 917 3
817 875 3
818 875 3
860 918 3
826 884 3
855 914 0
914 915 3
858 915 3
859 918 3
867 925 3
839 897 3
862 921 3
863 921 3
863 922 3
864 922 3
864 923 3
865 923 3
868 925 3
868 927 3
840 897 3
916 917 3
917 918 3
868 926 3
869 927 3
813 871 3
818 876 3
842 900 3
843 900 3
848 906 3
852 911 3
853 911 3
858 916 3
861 919 3
926 927 3
812 871 1
816 874 3
817 874 3
819 876 3
829 887 3
830 887 3
847 906 3
849 906 3
854 912 3
855 912 3
862 920 3
922 923 3
866 924 3
867 924 3
925 926 3
812 870 3
871 872 3
875 876 3
819 877 3
878 879 1
822 879 1
822 880 1
824 882 3
825 883 3
825 884 3
827 884 1
833 892 3
834 892 3
835 894 3
836 894 3
837 895 3
896 897 3
845 903 3
846 903 3
849 907 3
851 909 3
851 910 3
852 910 3
854 911 0
855 971 3
915 916 3
861 920 3
921 922 3
924 925 3
870 871 1
874 875 3
876 877 3
882 883 1
828 887 3
835 892 3
894 895 3
895 896 3
844 903 3
906 907 3
919 920 3
865 924 3
815 874 3
879 880 3
883 884 3
835 893 3
840 898 3
898 899 3
899 900 3
846 904 3
849 908 3
850 908 3
861 918 3
877 878 3
880 881 2
881 882 3
832 890 3
832 892 3
892 893 3
893 894 3
897 898 3
844 902 3
903 904 3
847 904 3
850 909 3
909 910 3
910 911 3
920 921 3
884 885 0
827 885 1
831 890 3
890 892 3
900 902 3
902 903 3
911 912 1
815 931 3
830 888 3
907 908 3
912 971 3
918 919 3
872 931 3
874 931 3
887 888 3
923 924 3
827 887 3
830 947 3
831 947 3
885 887 3
888 947 3
908 909 3
885 944 3
887 944 3
890 947 3
904 906 3
855 972 3
914 972 1
906 963 3
971 972 3
904 963 3
900 958 3
902 958 3
909 967 3
910 967 3
917 976 3
918 976 3
927 984 3
926 984 3
875 933 3
876 933 3
887 945 3
890 948 3
890 949 3
892 949 3
892 950 3
910 968 3
920 978 3
924 982 3
984 985 3
874 933 3
944 945 3
949 950 3
893 950 3
896 955 3
897 955 3
898 956 3
902 960 3
911 968 3
917 974 3
919 978 3
923 982 3
870 928 1
876 934 3
880 939 1
881 939 1
948 949 3
894 952 3
895 953 3
896 954 3
955 956 3
899 957 3
906 964 3
907 964 3
967 968 3
916 974 3
920 979 3
921 979 3
921 980 3
922 980 3
877 934 3
878 936 3
879 936 2
880 938 2
881 940 1
882 940 1
883 941 3
884 942 3
884 943 2
893 952 3
894 953 3
895 954 3
899 956 3
900 957 3
903 960 3
907 966 3
908 966 3
923 980 3
877 936 3
885 943 1
888 946 3
893 951 3
954 955 3
963 964 3
917 1033 3
976 1033 3
919 977 3
979 980 3
923 981 3
925 983 3
926 983 3
983 984 3
871 929 3
872 930 3
874 932 3
879 937 2
880 937 2
938 939 1
939 940 3
950 951 3
951 952 3
957 958 3
903 961 3
904 962 3
907 965 3
908 967 3
911 969 3
912 970 3
915 973 1
924 983 3
928 929 1
929 930 3
932 933 3
940 941 3
883 942 3
888 945 3
952 953 3
953 954 3
961 962 3
964 965 3
965 966 3
968 969 3
969 970 1
970 971 3
914 973 1
973 974 0
976 977 3
977 978 3
978 979 3
980 981 3
981 982 3
931 932 3
933 934 3
934 936 3
937 938 3
943 944 2
960 961 3
962 963 3
982 983 3
941 942 3
942 943 2
946 947 3
956 957 3
966 967 3
974 1033 3
936 937 3
947 948 3
930 931 3
945 946 3
902 1017 3
958 1017 3
972 973 2
960 1017 3
931 990 3
932 990 3
934 993 3
981 1040 3
982 1040 3
936 993 3
943 1001 3
978 1036 3
942 1001 3
970 1029 3
971 1029 3
979 1037 3
930 988 3
933 991 3
934 991 3
955 1014 3
966 1025 3
967 1025 3
977 1036 3
978 1037 3
931 988 3
950 1009 3
951 1009 3
956 1014 3
976 1034 3
979 1038 3
980 1038 3
981 1039 3
983 1041 3
934 992 3
936 994 1
937 994 1
955 1013 3
960 1019 3
961 1019 3
967 1026 3
969 1027 1
972 1030 3
1033 1034 3
977 1035 3
1036 1037 3
980 1039 3
984 1041 3
942 1000 3
946 1004 3
952 1010 3
953 1011 3
954 1013 3
957 1014 3
962 1019 3
962 1020 3
965 1023 3
968 1026 3
970 1027 2
1029 1030 3
973 1032 0
974 1032 0
976 1035 3
992 993 3
1000 1001 3
945 1004 3
947 1004 3
948 1006 3
951 1010 3
952 1011 3
954 1012 3
1019 1020 3
964 1023 3
966 1023 3
1037 1038 3
985 1043 3
931 989 3
932 991 3
937 995 1
938 996 2
941 1000 2
944 1001 2
947 1006 3
1011 1012 3
1013 1014 3
957 1015 3
960 1018 3
1018 1019 3
963 1020 3
969 1026 3
970 1028 3
1035 1036 3
984 1042 3
984 1043 3
928 986 0
929 987 3
988 989 3
991 992 3
994 995 3
937 996 2
939 996 3
939 997 3
940 998 3
941 999 3
944 1002 3
949 1007 2
950 1008 2
1009 1010 3
1010 1011 3
1014 1015 3
958 1015 3
1017 1018 3
963 1021 3
964 1022 3
966 1024 3
1027 1028 2
1028 1029 3
973 1030 2
973 1031 3
1034 1035 3
1039 1040 3
982 1041 3
1041 1042 3
986 987 3
987 988 3
989 990 3
993 994 1
995 996 0
996 997 3
940 997 3
998 999 3
999 1000 2
947 1005 3
1005 1006 3
1006 1007 3
1007 1008 3
1008 1009 3
1012 1013 3
1020 1021 3
1021 1022 3
1022 1023 3
1023 1024 3
1024 1025 3
1025 1026 3
1026 1027 2
1032 1033 2
1040 1041 3
1001 1002 2
958 1016 0
1031 1032 0
1042 1043 3
945 1002 3
1004 1005 3
1015 1016 0
997 998 3
1030 1031 3
1038 1039 3
990 991 3
1016 1017 1
