0 1 3
1 60 3
3 60 3
3 4 3
4 5 3
5 6 3
6 7 3
7 8 3
8 9 3
9 11 3
11 12 3
12 13 3
13 14 3
14 15 3
15 16 3
16 17 3
17 18 3
18 19 0
19 20 0
20 22 3
22 139 3
22 81 3
23 81 3
23 28 3
28 29 3
29 30 3
30 31 3
31 32 1
32 33 3
33 34 3
34 35 3
35 36 3
36 37 3
37 38 3
38 39 3
39 40 3
40 41 3
41 42 3
42 43 3
43 44 3
44 45 3
45 46 3
46 47 3
47 48 3
48 49 3
49 50 1
50 51 0
51 52 3
52 53 0
53 54 0
54 55 3
55 56 1
56 57 3
11 68 3
28 83 3
9 68 3
23 83 3
3 62 3
4 62 3
83 85 3
18 77 0
19 77 1
81 83 3
34 93 3
35 93 3
16 74 3
83 141 3
28 85 3
36 95 3
37 95 3
38 95 3
15 74 3
39 97 3
41 99 3
43 101 3
8 66 3
38 97 3
40 99 3
42 99 3
44 101 3
47 106 3
48 106 3
7 66 3
12 71 3
13 71 3
31 90 1
32 90 3
34 92 3
42 101 3
49 106 3
52 111 3
53 111 2
54 112 1
55 112 1
14 71 3
20 78 3
22 78 3
28 86 3
29 86 3
92 93 3
36 93 3
44 103 3
45 103 3
50 108 0
51 108 3
51 109 3
52 109 3
55 113 1
56 113 3
3 61 3
61 62 3
5 64 3
6 64 3
9 66 3
17 74 3
18 76 3
22 83 3
33 90 3
40 97 3
45 104 3
46 104 3
0 58 3
0 59 3
1 59 3
5 62 3
5 63 3
7 65 3
9 67 3
12 70 3
14 73 3
15 73 3
17 75 3
31 89 3
33 91 3
40 98 3
47 105 0
49 107 3
52 110 3
54 111 1
56 114 3
57 115 3
58 59 3
60 61 3
62 63 3
63 64 3
64 65 3
66 67 3
67 68 3
11 69 3
11 70 3
70 71 3
74 75 3
75 76 3
76 77 0
85 141 3
30 89 3
89 90 1
34 91 3
36 94 3
38 96 3
97 98 3
44 102 3
104 105 0
105 106 1
106 107 3
107 108 3
108 109 3
114 115 3
65 66 3
19 78 0
30 88 3
90 91 3
95 96 3
111 112 3
113 114 3
68 69 3
73 74 3
29 88 3
103 104 3
110 111 3
59 60 3
77 78 3
88 89 3
91 92 3
93 94 3
102 103 3
109 110 3
69 70 3
86 88 3
96 97 3
101 102 3
94 95 3
138 139 3
85 86 3
98 99 3
112 113 3
71 73 3
22 138 3
99 100 3
99 101 3
100 101 1
68 126 3
69 126 3
83 139 3
71 130 3
74 132 3
73 130 3
85 143 3
141 143 3
143 200 3
86 144 3
88 144 3
66 124 3
71 129 3
103 161 3
61 119 3
62 119 3
62 120 3
63 120 3
65 124 3
129 130 3
88 146 3
73 131 3
89 146 3
105 162 3
60 119 3
63 122 3
64 122 3
69 128 3
70 129 3
78 136 3
92 150 3
93 150 3
95 154 3
96 154 3
98 156 3
100 158 1
102 161 0
103 162 0
104 162 0
67 126 3
70 128 3
130 131 3
76 134 3
77 135 3
77 136 3
78 137 3
91 149 3
92 149 3
99 156 3
114 172 3
115 172 3
65 123 3
77 134 3
22 137 3
99 157 3
101 158 3
109 167 3
111 169 3
112 171 3
113 171 3
58 116 3
59 116 3
60 118 3
123 124 3
69 127 3
75 132 3
135 136 3
136 137 3
83 198 3
86 143 3
89 147 3
90 148 3
93 151 3
94 152 3
95 153 3
96 155 3
97 155 3
105 164 1
106 164 3
108 166 3
109 166 3
110 167 3
110 168 3
111 168 3
112 169 3
112 170 3
115 173 3
59 118 3
118 119 3
119 120 3
64 123 3
67 124 3
126 127 3
127 128 3
128 129 3
73 132 3
139 198 3
147 148 1
90 149 3
149 150 3
151 152 3
152 153 3
97 156 3
156 157 3
161 162 0
167 168 3
168 169 3
170 171 3
113 172 3
172 173 3
137 138 3
141 200 3
144 203 3
88 203 3
148 149 3
100 157 1
105 163 3
107 164 3
166 167 3
169 170 3
120 122 3
75 134 0
134 135 3
146 203 3
146 147 3
150 151 3
153 154 3
154 155 3
158 159 3
101 159 2
102 160 0
163 164 1
107 165 3
107 166 3
171 172 3
122 123 3
131 132 3
157 158 3
160 161 2
164 165 3
102 159 0
162 163 3
124 126 3
143 144 3
155 156 3
165 166 3
122 179 3
120 179 3
134 191 3
159 160 0
123 180 3
122 180 3
124 183 3
126 183 3
75 191 0
198 255 3
162 220 1
156 214 3
170 228 3
59 175 3
157 214 3
169 228 3
171 228 3
116 175 3
118 175 3
139 255 2
158 216 3
130 189 3
131 189 3
141 198 3
118 176 3
119 176 3
119 178 3
120 178 3
127 184 3
136 194 3
137 194 3
143 202 3
126 184 3
127 185 3
129 188 3
130 188 3
132 190 3
75 190 3
144 202 3
157 216 3
166 224 3
175 176 3
178 179 3
180 181 3
123 181 3
134 193 3
135 193 3
137 195 3
138 195 3
155 213 3
155 214 3
160 219 3
161 219 2
167 224 3
168 226 3
172 231 3
173 231 3
116 174 3
124 182 3
183 184 3
128 186 3
129 187 3
134 192 3
146 204 3
147 204 3
147 205 3
148 206 3
149 207 3
150 207 3
150 208 3
151 209 3
152 210 3
153 210 3
153 211 3
154 212 3
154 213 3
159 216 3
159 217 3
163 221 1
164 222 3
167 225 3
167 226 3
169 226 3
184 185 3
127 186 3
186 187 3
187 188 3
188 189 3
191 192 3
192 193 3
135 194 3
203 204 3
205 206 1
206 207 3
151 208 3
209 210 3
154 211 3
212 213 3
213 214 3
162 219 1
220 221 3
165 222 3
165 223 3
166 223 3
225 226 3
171 229 3
174 175 3
176 178 3
179 180 3
141 257 2
202 203 3
204 205 3
207 208 3
208 209 3
160 217 1
164 221 3
172 229 3
124 181 3
182 183 3
185 186 3
131 190 3
190 191 0
194 195 3
138 255 3
200 257 3
210 211 3
216 217 3
219 220 1
222 223 3
223 224 3
224 225 3
189 190 3
138 254 3
157 215 3
193 194 3
172 287 3
198 257 3
143 259 3
211 212 3
214 215 3
217 219 0
226 227 3
169 227 3
231 287 3
202 259 3
228 229 3
229 287 3
227 228 3
254 255 3
200 259 3
215 216 3
217 276 3
219 276 1
181 182 3
195 254 3
221 222 3
226 284 3
227 284 3
208 266 3
176 235 3
178 235 3
189 248 0
190 248 0
190 249 0
209 266 3
183 241 3
202 260 3
203 260 3
227 285 3
228 286 3
175 233 3
178 236 3
185 243 3
205 263 3
284 285 3
227 286 3
231 288 3
176 233 3
235 236 3
184 243 3
216 274 3
225 283 3
231 289 3
176 234 3
183 298 3
184 241 3
192 249 3
193 252 3
194 252 3
209 268 3
210 268 3
215 274 3
220 278 0
228 287 3
287 288 3
288 289 3
179 237 3
179 238 3
182 298 3
186 243 3
189 247 3
247 248 0
248 249 3
191 249 3
194 253 3
195 253 3
203 261 3
204 261 3
211 270 3
212 270 3
221 278 0
223 281 3
174 232 3
175 232 3
178 237 3
180 238 3
181 298 3
241 298 3
184 242 3
206 265 3
207 265 3
211 269 3
215 273 3
224 281 3
237 238 3
181 239 3
241 242 3
186 244 3
188 246 3
192 250 3
193 251 3
260 261 3
204 262 3
204 263 3
206 263 0
206 264 0
209 267 3
210 269 3
269 270 3
213 270 3
273 274 3
217 275 3
221 279 3
222 279 3
224 282 3
233 234 3
234 235 3
236 237 3
180 239 3
187 246 3
189 246 3
250 251 3
259 260 3
263 264 3
265 266 3
266 267 3
267 268 3
213 215 3
217 274 3
275 276 3
219 278 3
222 280 3
223 280 3
281 282 3
225 282 3
187 244 3
249 250 3
251 252 3
252 253 3
200 316 3
264 265 1
280 281 3
285 286 3
286 287 3
232 233 3
243 244 3
261 262 3
268 269 3
213 272 3
213 273 3
274 275 3
282 283 3
239 298 3
242 243 3
187 245 3
246 247 3
262 263 3
272 273 3
238 239 3
245 246 3
253 254 3
270 272 3
244 245 3
278 279 1
255 314 3
198 314 3
270 329 3
272 329 3
276 278 0
257 316 3
259 316 3
270 328 3
257 314 3
328 329 3
279 280 3
276 336 3
276 334 0
278 336 3
226 283 3
248 306 3
249 306 3
314 430 3
259 317 3
272 330 3
334 336 3
236 294 3
245 303 3
246 303 3
254 312 3
260 317 3
262 320 3
263 320 3
275 333 3
276 333 3
282 340 3
283 340 3
286 344 3
287 344 3
237 294 3
246 305 3
252 310 3
280 338 3
281 338 3
235 293 3
247 305 3
251 310 3
253 370 3
253 312 3
260 319 3
261 319 3
262 319 3
264 320 3
265 323 3
266 324 3
268 325 3
269 325 3
273 331 3
226 342 3
288 347 3
289 347 3
239 297 3
312 370 3
257 315 3
264 323 1
266 323 3
267 324 3
269 327 3
270 327 3
274 331 3
274 332 3
275 332 3
283 342 3
284 342 3
234 293 3
297 298 3
242 300 3
243 301 3
246 304 3
247 306 3
249 308 3
250 308 3
285 343 3
286 343 3
287 345 3
288 345 3
232 290 3
234 292 3
298 299 3
241 299 3
241 300 3
243 300 3
244 301 3
244 303 3
303 304 3
304 305 3
305 306 3
251 309 3
260 318 3
264 322 3
267 325 3
279 337 3
280 337 3
281 339 3
283 341 3
285 342 3
233 290 3
233 292 3
293 294 3
238 297 3
300 301 3
308 309 3
253 310 3
315 316 3
317 318 3
319 320 3
320 322 3
272 331 3
333 334 0
279 336 3
337 338 3
339 340 3
292 293 3
237 295 3
249 307 3
309 310 3
255 312 3
316 317 3
318 319 3
322 323 1
325 327 3
327 328 3
329 330 3
330 331 3
331 332 3
340 341 3
341 342 3
288 346 3
294 295 3
238 295 3
312 314 3
324 325 3
336 337 3
345 346 3
307 308 3
253 369 3
314 315 3
332 333 3
338 339 3
343 344 3
344 345 3
299 300 3
244 302 3
310 369 3
323 324 3
342 343 3
233 291 3
238 296 3
369 370 3
346 347 3
290 291 3
290 349 3
291 292 3
296 297 3
297 356 3
302 303 3
306 307 3
291 349 3
298 356 3
301 302 3
316 375 3
295 296 3
317 375 3
325 384 3
327 384 3
320 379 3
322 379 3
295 353 3
320 378 3
323 381 0
294 353 3
305 364 3
316 374 3
319 378 3
322 381 3
345 404 3
346 404 3
291 350 3
303 361 3
305 363 3
306 364 3
374 375 3
323 382 0
324 382 0
325 383 0
337 395 3
292 350 3
324 383 0
336 395 3
344 402 3
347 404 3
363 364 3
300 358 3
301 358 3
301 360 3
302 360 3
307 365 3
336 393 3
343 402 3
299 357 3
304 362 3
305 362 3
306 365 3
307 366 3
308 366 3
318 377 3
319 377 3
381 382 3
383 384 1
328 386 3
329 387 3
330 389 3
331 389 3
332 391 3
333 391 3
334 393 3
294 352 3
296 354 3
302 361 3
362 363 3
365 366 3
309 367 3
317 376 3
318 376 3
327 385 3
328 387 3
330 387 3
331 390 3
332 390 3
334 391 1
337 396 3
338 396 3
340 399 3
342 400 3
290 348 3
293 352 3
352 353 3
295 354 3
357 358 3
301 359 3
303 362 3
308 367 3
310 368 3
315 374 3
377 378 3
378 379 3
327 386 3
330 388 3
339 397 3
340 398 3
341 399 3
341 400 3
343 400 3
343 401 3
345 402 3
347 405 3
349 350 3
293 350 3
297 354 3
298 357 3
358 359 3
359 360 3
360 361 3
367 368 3
376 377 3
382 383 3
385 386 3
387 388 3
389 390 3
336 394 3
396 397 3
397 398 3
400 401 3
404 405 3
348 349 3
353 354 3
394 395 3
395 396 3
345 460 3
366 367 3
368 369 3
312 430 3
384 385 3
402 460 3
354 356 3
361 362 3
375 376 3
386 387 3
334 392 3
399 400 3
401 402 3
312 428 3
428 430 3
322 380 3
388 389 3
390 391 3
392 393 3
315 430 3
379 380 3
380 381 3
391 392 3
370 428 3
398 399 3
404 460 3
350 408 3
293 408 3
293 409 3
315 431 3
393 394 3
298 414 3
364 365 3
430 431 3
376 434 3
408 409 3
356 414 3
357 414 3
349 408 3
352 409 3
428 429 3
375 434 3
389 446 3
354 412 3
388 446 3
357 415 3
429 430 3
376 435 3
377 435 3
356 412 3
414 415 3
374 431 3
434 435 3
349 407 3
359 417 3
361 419 3
362 419 3
377 436 3
378 436 3
394 452 3
395 452 3
395 453 3
348 407 3
358 415 3
364 423 3
365 423 3
391 449 3
401 459 3
407 408 3
362 420 3
363 420 3
423 481 3
435 436 3
379 437 3
393 451 3
394 451 3
400 459 3
369 428 3
374 432 3
375 432 3
380 437 3
384 442 0
389 448 3
390 448 3
392 450 0
392 451 3
452 453 3
396 453 3
397 455 3
398 455 3
398 457 3
399 457 3
399 458 3
400 458 3
353 411 3
354 411 3
358 417 3
359 418 3
360 418 3
360 419 3
366 424 3
368 427 3
369 427 3
379 436 3
380 438 3
383 442 3
450 451 3
405 463 3
348 406 3
409 410 3
352 410 3
353 410 3
418 419 3
419 420 3
363 421 3
364 481 3
365 424 3
367 424 3
375 433 3
437 438 3
382 440 3
383 440 3
383 441 3
391 448 3
392 449 3
398 456 3
402 459 3
404 462 3
404 463 3
406 407 3
411 412 3
356 413 3
420 421 3
432 433 3
433 434 3
381 438 3
441 442 3
386 444 0
387 445 0
387 446 3
449 450 0
451 452 3
396 454 3
396 455 3
455 456 3
458 459 3
410 411 3
358 416 3
417 418 3
364 421 3
431 432 3
436 437 3
381 440 3
440 441 3
385 442 0
448 449 3
453 454 3
459 460 3
460 461 3
404 461 3
462 463 3
413 414 3
367 425 3
368 425 3
385 443 0
386 443 0
444 445 3
445 446 3
454 455 3
457 458 3
412 413 3
416 417 3
423 424 3
424 425 3
442 443 3
446 447 3
389 447 3
456 457 3
461 462 3
415 416 3
421 481 3
438 497 3
381 497 3
447 448 3
444 502 3
445 502 3
451 509 3
427 428 3
443 444 3
450 509 3
440 497 3
425 427 3
408 466 3
407 466 3
451 510 3
452 510 3
419 478 3
453 511 3
420 478 3
425 483 3
438 496 3
496 497 3
440 498 3
450 508 3
415 473 3
427 483 3
508 509 3
452 511 3
414 473 3
417 475 3
421 479 3
497 498 3
509 510 3
457 515 3
409 466 3
418 475 3
479 481 3
429 487 3
455 514 3
456 514 3
458 515 3
461 519 3
462 519 3
463 521 3
411 469 3
416 473 3
416 474 3
418 476 3
419 476 3
483 484 3
427 484 3
448 506 3
454 511 3
454 512 3
456 515 3
460 518 3
462 521 3
407 465 3
465 466 3
410 469 3
412 469 3
417 474 3
420 479 3
424 482 3
425 482 3
427 485 3
437 496 3
447 506 3
449 507 3
455 512 3
461 518 3
462 520 3
406 464 3
406 465 3
410 468 3
412 470 3
414 472 3
475 476 3
419 477 3
484 485 3
428 486 2
428 487 2
435 493 3
436 494 3
437 495 3
442 500 3
443 500 3
448 507 3
458 516 3
459 517 3
519 520 3
464 465 3
409 467 3
409 468 3
469 470 3
413 472 3
413 471 3
472 473 3
473 474 3
474 475 3
476 477 3
486 487 3
435 494 3
495 496 3
441 499 3
441 500 3
447 505 3
510 511 3
514 515 3
515 516 3
459 516 3
517 518 3
468 469 3
471 472 3
477 478 3
478 479 3
423 482 3
432 490 2
493 494 3
494 495 3
440 499 3
443 501 3
443 502 3
445 503 3
445 447 3
505 506 3
450 507 1
466 467 3
467 468 3
413 470 3
482 483 3
431 490 2
433 490 2
433 491 2
434 491 2
499 500 3
500 501 3
447 503 3
455 513 3
481 482 0
428 485 3
431 489 3
507 508 0
512 513 3
513 514 3
516 517 3
467 525 3
430 487 2
430 489 3
502 503 3
506 507 3
520 521 3
428 544 2
486 544 3
489 490 3
490 491 3
435 491 2
518 519 3
485 544 3
503 505 3
511 512 3
470 471 3
491 493 3
501 502 3
487 489 3
487 546 3
491 550 3
497 555 3
489 546 3
493 550 2
496 555 3
520 578 3
465 523 3
466 524 3
467 524 3
481 538 3
498 499 3
521 578 3
470 528 3
470 529 3
479 538 3
481 539 3
482 539 1
501 559 3
502 559 3
509 567 3
510 567 3
524 525 3
471 529 3
476 533 3
476 534 3
498 555 3
508 565 3
475 533 3
538 539 3
500 558 3
505 562 0
507 565 3
469 527 3
479 537 3
482 541 3
483 541 3
495 554 3
496 554 3
503 562 3
469 528 3
478 536 3
484 541 3
494 552 2
495 552 2
499 557 3
499 558 3
502 560 3
516 574 3
518 576 3
519 576 3
519 577 3
520 577 3
464 523 3
467 526 3
468 526 3
474 532 3
475 532 3
477 536 3
537 538 3
487 545 3
493 552 2
498 557 3
559 560 3
503 560 3
508 566 3
509 566 3
511 569 3
512 570 3
513 572 3
514 572 3
515 572 3
515 573 3
515 574 3
517 574 3
464 522 3
473 531 3
477 535 3
482 540 3
484 542 3
486 545 3
545 546 3
490 549 3
491 549 3
493 551 2
498 556 3
500 559 3
505 563 0
510 568 3
569 570 3
512 571 3
513 571 3
572 573 3
517 575 3
577 578 3
521 579 3
522 523 3
526 527 3
528 529 3
472 529 3
472 531 3
531 532 3
533 534 3
534 535 3
535 536 3
536 537 3
489 547 3
490 547 3
549 550 3
551 552 3
555 556 3
503 561 3
562 563 3
506 565 0
567 568 3
568 569 3
570 571 3
574 575 3
575 576 3
472 530 3
547 549 3
550 551 3
557 558 3
560 561 3
561 562 3
566 567 3
571 572 3
573 574 3
578 579 3
527 528 3
485 542 3
544 545 3
554 555 3
556 557 3
558 559 3
505 564 3
466 523 3
525 526 3
529 530 3
546 547 3
563 564 3
506 564 3
564 565 3
576 577 3
530 531 3
539 540 0
540 541 3
485 543 3
543 544 3
552 554 3
532 533 3
541 542 3
547 606 3
549 606 3
552 611 3
554 611 3
565 566 3
542 543 3
542 600 3
466 525 3
523 525 3
532 591 3
533 591 3
541 600 1
534 591 3
578 636 3
525 582 3
535 594 3
536 594 3
536 595 3
537 595 3
579 636 3
545 603 3
546 603 3
551 610 3
552 610 3
557 616 3
558 616 3
563 622 3
564 622 2
529 587 3
594 595 3
538 595 3
539 541 0
546 605 3
547 605 3
559 618 3
560 618 3
560 619 3
561 619 3
570 628 3
576 633 3
577 635 3
525 583 3
528 587 3
530 587 3
543 600 3
544 601 3
544 603 3
605 606 3
550 608 3
551 608 3
554 612 3
555 614 3
556 614 3
556 615 3
557 615 3
563 621 3
571 628 3
575 633 3
576 635 3
578 635 3
579 637 3
522 580 3
523 581 3
523 582 3
525 584 3
526 584 3
527 585 3
527 586 3
528 586 3
530 588 3
532 590 3
538 596 3
539 600 2
543 601 3
549 607 3
611 612 3
555 613 3
559 617 3
562 620 3
563 620 3
621 622 3
565 622 3
565 623 3
566 623 3
566 624 3
567 625 3
568 626 3
569 627 3
571 629 3
572 630 3
573 631 3
574 632 3
636 637 3
580 581 3
581 582 3
583 584 3
526 585 3
585 586 3
531 588 3
531 589 3
531 590 3
539 596 3
539 599 2
599 600 3
606 607 3
607 608 3
612 613 3
616 617 3
617 618 3
618 619 3
619 620 3
624 625 3
625 626 3
626 627 3
627 628 3
629 630 3
630 631 3
631 632 3
632 633 3
582 583 3
586 587 3
590 591 3
534 592 3
539 598 2
613 614 3
628 629 3
576 634 3
584 585 3
587 588 3
588 589 3
589 590 3
591 592 3
535 592 3
595 596 3
600 601 3
615 616 3
622 623 3
623 624 3
634 635 3
598 599 3
544 602 3
620 621 3
633 634 3
539 597 2
610 611 3
614 615 3
635 636 3
597 598 3
608 610 3
601 602 3
602 603 3
546 604 3
596 597 3
604 605 3
603 604 3
608 667 3
610 667 3
535 651 2
592 651 2
594 651 2
585 643 3
596 654 2
597 654 3
594 653 2
595 653 2
635 693 3
636 693 3
584 643 3
595 654 2
653 654 3
600 658 3
600 659 3
601 659 3
611 669 3
612 670 3
620 678 3
621 678 3
583 641 3
584 641 3
586 643 3
587 645 3
587 646 2
588 646 3
592 650 2
650 651 3
599 658 3
604 662 3
605 662 3
607 665 3
608 665 3
610 669 3
611 670 3
619 678 3
628 687 3
629 687 3
581 639 3
582 639 3
582 640 3
586 645 3
594 652 2
597 655 3
599 657 3
602 659 3
603 661 3
604 661 3
606 664 3
606 665 3
613 670 3
633 691 3
634 691 3
636 694 3
580 638 3
584 642 3
586 644 3
588 647 3
589 647 2
589 648 2
590 648 2
591 648 2
591 649 2
592 649 2
652 653 3
598 655 3
598 657 3
658 659 3
664 665 3
610 668 3
616 674 3
617 675 3
618 676 3
619 677 3
622 680 3
623 681 3
624 682 3
625 683 3
626 684 3
627 685 3
628 686 3
630 688 3
631 689 3
632 690 3
693 694 3
637 694 3
638 639 3
639 640 3
642 643 3
644 645 3
645 646 3
648 649 3
598 656 3
602 661 3
661 662 3
605 663 3
668 669 3
669 670 3
615 673 3
615 674 3
674 675 3
675 676 3
619 676 3
677 678 3
621 679 3
621 680 3
680 681 3
681 682 3
682 683 3
683 684 3
684 685 3
685 686 3
687 688 3
688 689 3
689 690 3
690 691 3
634 693 3
583 640 3
641 642 3
656 657 3
657 658 3
663 664 3
665 667 3
667 668 3
614 673 3
673 674 3
686 687 3
637 695 3
640 641 3
646 647 3
647 648 3
649 650 3
662 663 3
613 673 3
678 679 3
679 680 3
694 695 3
643 644 3
654 655 3
602 660 3
660 661 3
676 677 3
655 656 3
634 750 3
659 660 3
691 750 3
651 652 3
693 750 3
670 673 3
670 729 3
673 729 3
673 730 3
729 730 3
665 724 3
664 723 3
665 723 3
667 724 3
649 708 3
650 708 3
651 708 3
673 731 3
649 707 3
655 714 3
656 714 3
662 720 3
663 720 3
723 724 3
667 725 3
668 725 3
668 727 3
669 727 3
674 731 3
707 708 3
670 728 3
728 729 3
639 698 3
640 698 3
643 702 2
651 709 3
652 710 3
655 713 3
661 720 3
663 721 3
664 722 3
669 728 3
730 731 3
674 733 3
675 733 3
676 735 3
677 735 3
644 702 2
645 703 2
647 705 3
648 705 3
652 709 3
653 710 3
654 712 3
654 713 3
657 714 3
661 719 3
720 721 3
721 722 3
722 723 3
693 751 3
694 751 3
638 696 3
639 697 3
641 698 3
641 699 3
642 700 3
643 701 2
644 703 2
646 703 3
653 711 3
657 716 3
658 716 3
659 716 3
660 719 3
719 720 3
674 732 3
676 734 3
678 736 3
679 737 3
680 738 3
681 739 3
682 740 3
683 741 3
684 742 3
685 743 3
686 744 3
687 745 3
688 746 3
689 747 3
690 748 3
691 749 3
694 752 3
695 753 3
696 697 3
697 698 3
699 700 3
643 700 3
701 702 3
646 704 3
646 705 3
648 706 3
708 709 3
653 712 3
712 713 3
657 715 3
724 725 3
731 732 3
732 733 3
733 734 3
735 736 3
736 737 3
679 738 3
738 739 3
739 740 3
740 741 3
741 742 3
742 743 3
743 744 3
744 745 3
745 746 3
746 747 3
747 748 3
748 749 3
750 751 3
752 753 3
703 704 3
704 705 3
706 707 3
709 710 3
715 716 3
749 750 3
698 699 3
705 706 3
713 714 3
751 752 3
714 715 3
659 717 3
660 717 3
737 738 3
700 701 3
717 719 3
727 728 3
734 735 3
702 703 3
711 712 3
710 711 3
716 717 3
725 727 3
727 784 3
716 775 3
725 784 3
698 756 2
717 775 3
697 755 3
703 761 3
719 777 3
697 756 3
702 761 3
716 774 3
720 777 3
713 771 3
714 771 3
714 773 3
715 773 3
774 775 3
719 776 3
728 786 3
755 756 3
698 757 2
700 758 2
704 762 3
705 762 3
715 774 3
775 776 3
727 786 3
730 788 3
731 788 3
699 757 2
699 758 2
704 761 3
709 768 3
711 769 3
712 769 3
712 770 3
713 770 3
736 795 3
737 795 3
741 799 3
696 755 3
756 757 3
706 765 3
707 765 3
708 765 3
710 768 3
773 774 3
721 779 3
731 791 3
732 791 3
734 793 3
735 793 3
738 797 3
739 797 3
742 799 3
743 801 3
748 807 3
749 807 3
752 810 3
753 810 3
696 754 3
761 762 3
710 769 3
770 771 3
776 777 3
720 779 3
722 780 3
723 781 3
724 782 3
725 783 3
727 785 3
729 787 3
733 791 3
736 793 3
738 796 3
740 798 3
742 801 3
744 801 3
744 802 3
745 803 3
746 804 3
747 805 3
748 806 3
750 807 3
750 808 3
751 809 3
752 809 3
754 755 3
702 760 3
771 773 3
779 780 3
780 781 3
781 782 3
782 783 3
783 784 3
784 785 3
785 786 3
786 787 3
787 788 3
736 794 3
795 796 3
797 798 3
798 799 3
802 803 3
803 804 3
804 805 3
805 806 3
806 807 3
807 808 3
808 809 3
701 758 3
760 761 3
706 764 3
708 767 3
709 767 3
769 770 3
742 800 3
757 758 3
701 760 3
764 765 3
708 766 3
767 768 3
768 769 3
793 794 3
801 802 3
809 810 3
753 811 3
766 767 3
734 791 3
794 795 3
796 797 3
800 801 3
810 811 3
705 764 3
799 800 3
701 759 3
765 766 3
758 759 3
705 763 3
788 791 3
759 760 3
762 763 3
791 792 3
734 792 3
763 764 3
777 779 3
792 793 3
777 836 3
779 836 3
773 830 3
771 830 3
788 847 3
791 847 3
762 820 3
763 820 3
769 827 3
770 827 3
768 826 3
773 831 3
774 831 3
776 835 3
777 835 3
826 827 3
758 816 3
759 816 3
793 851 3
755 813 3
759 817 3
761 819 3
764 822 3
765 822 3
767 826 3
776 834 3
780 838 3
783 841 3
786 845 3
787 845 3
792 851 3
754 813 3
756 813 3
816 817 3
760 817 3
762 819 3
767 825 3
775 834 3
779 838 3
782 841 3
788 846 3
809 867 3
811 869 3
754 812 3
756 814 3
757 814 3
825 826 3
827 828 3
770 828 3
771 829 3
774 832 3
775 833 3
834 835 3
779 837 3
781 838 3
781 839 3
782 840 3
784 842 3
785 843 3
786 844 3
846 847 3
792 849 3
794 852 3
794 853 3
795 853 3
796 853 3
796 854 3
797 855 3
798 856 3
799 857 3
800 858 3
801 859 3
802 860 3
803 861 3
804 862 3
805 863 3
806 864 3
807 865 3
808 866 3
810 868 3
810 869 3
812 813 3
819 820 3
828 829 3
829 830 3
831 832 3
832 833 3
833 834 3
835 836 3
836 837 3
837 838 3
838 839 3
839 840 3
840 841 3
841 842 3
842 843 3
843 844 3
844 845 3
788 845 3
793 852 3
853 854 3
854 855 3
855 856 3
856 857 3
857 858 3
858 859 3
859 860 3
860 861 3
861 862 3
862 863 3
863 864 3
864 865 3
807 866 3
866 867 3
867 868 3
868 869 3
757 815 3
758 815 3
764 820 3
765 823 3
766 823 3
830 831 3
845 846 3
791 906 3
792 906 3
851 852 3
813 814 3
815 816 3
820 822 3
822 823 3
766 824 3
767 824 3
847 906 3
849 906 3
792 909 3
865 866 3
760 819 3
849 909 3
852 853 3
814 815 3
760 818 3
824 825 3
851 909 3
823 824 3
817 818 3
818 819 3
849 907 3
907 909 3
908 909 3
820 879 3
822 879 3
907 908 3
814 872 3
815 872 3
816 875 3
817 875 3
827 885 3
820 878 3
826 885 3
828 885 3
906 907 3
852 911 3
853 911 3
855 913 3
818 875 3
878 879 3
854 913 3
867 925 3
868 925 3
868 926 3
869 926 3
816 874 3
824 882 3
828 886 3
829 886 3
845 903 3
847 905 3
852 909 3
853 912 3
854 912 3
856 915 3
857 915 3
812 870 3
813 871 3
814 871 3
874 875 3
818 876 3
819 878 3
822 880 3
823 881 3
823 882 3
825 883 3
826 884 3
829 887 3
830 888 3
831 889 3
832 890 3
833 891 3
833 892 3
834 892 3
835 893 3
836 894 3
837 895 3
838 896 3
839 897 3
840 898 3
841 899 3
842 899 3
842 900 3
843 901 3
844 902 3
846 903 3
846 905 3
855 914 3
856 914 3
858 916 3
859 917 3
860 918 3
861 919 3
862 920 3
863 921 3
864 922 3
865 923 3
870 871 3
819 876 3
879 880 3
880 881 3
881 882 3
882 883 3
883 884 3
884 885 3
887 888 3
888 889 3
889 890 3
890 891 3
892 893 3
893 894 3
894 895 3
895 896 3
896 897 3
897 898 3
898 899 3
900 901 3
901 902 3
902 903 3
846 904 3
909 911 3
912 913 3
915 916 3
916 917 3
917 918 3
918 919 3
919 920 3
920 921 3
921 922 3
922 923 3
866 923 3
866 925 3
925 926 3
815 874 3
819 877 3
885 886 3
886 887 3
891 892 3
899 900 3
903 904 3
905 906 3
877 878 3
911 912 3
904 905 3
913 914 3
871 872 3
875 876 3
876 877 3
914 915 3
923 925 3
872 874 3
911 968 3
872 930 3
909 968 3
925 982 3
874 930 3
923 982 3
874 931 3
926 985 3
930 931 3
870 928 3
871 928 3
871 929 3
874 932 3
878 937 3
879 937 3
907 965 3
914 972 3
872 929 3
875 932 3
876 934 3
877 934 3
905 964 3
906 964 3
906 965 3
911 969 3
913 971 3
915 972 3
877 936 3
896 954 3
908 965 3
968 969 3
912 971 3
878 936 3
895 953 3
897 954 3
909 967 3
915 974 3
916 974 3
917 974 3
917 975 3
875 933 3
880 938 3
881 939 3
882 939 3
882 940 3
883 941 3
884 942 3
885 943 3
886 944 3
887 945 3
888 946 3
889 947 3
890 948 3
891 949 3
892 950 3
893 951 3
894 952 3
896 953 3
897 955 3
898 956 3
899 957 3
900 958 3
901 959 3
902 960 3
903 961 3
904 962 3
905 963 3
908 966 3
908 967 3
967 968 3
912 969 3
912 970 3
918 975 3
919 977 3
920 978 3
921 979 3
922 980 3
923 981 3
925 983 3
926 984 3
928 929 3
936 937 3
937 938 3
938 939 3
940 941 3
941 942 3
942 943 3
943 944 3
944 945 3
945 946 3
946 947 3
947 948 3
948 949 3
949 950 3
950 951 3
951 952 3
952 953 3
954 955 3
955 956 3
956 957 3
957 958 3
958 959 3
959 960 3
960 961 3
961 962 3
962 963 3
964 965 3
965 966 3
966 967 3
970 971 3
971 972 3
918 977 3
977 978 3
978 979 3
979 980 3
980 981 3
981 982 3
982 983 3
983 984 3
984 985 3
875 934 3
963 964 3
931 932 3
933 934 3
939 940 3
969 970 3
974 975 3
932 933 3
929 930 3
953 954 3
972 974 3
934 936 3
918 1034 3
975 1034 3
977 1034 3
934 993 3
936 993 3
974 1031 3
929 988 3
930 988 3
931 989 3
972 1031 3
932 989 3
936 994 3
974 1032 3
937 994 3
963 1022 3
964 1022 3
965 1023 3
975 1032 3
937 996 3
938 996 3
952 1010 3
953 1010 3
953 1012 3
964 1023 3
980 1038 3
930 989 3
951 1009 3
954 1012 3
956 1014 3
957 1014 3
957 1015 3
958 1015 3
961 1019 3
962 1020 3
967 1026 3
968 1026 3
981 1038 3
988 989 3
937 995 3
939 997 3
943 1001 3
950 1009 3
959 1018 3
960 1018 3
960 1019 3
963 1020 3
1022 1023 3
969 1026 3
970 1028 3
971 1029 3
972 1029 3
975 1033 3
977 1036 3
978 1036 3
978 1037 3
979 1037 3
985 1043 3
928 986 3
928 987 3
929 987 3
932 990 3
933 991 3
934 992 3
995 996 3
938 997 3
940 998 3
941 999 3
942 1000 3
944 1001 3
945 1003 3
946 1004 3
947 1005 3
948 1006 3
949 1007 3
950 1008 3
953 1011 3
955 1013 3
958 1016 3
959 1017 3
963 1021 3
965 1024 3
966 1024 3
967 1025 3
969 1027 3
1028 1029 3
1031 1032 3
1032 1033 3
1033 1034 3
977 1035 3
981 1039 3
982 1040 3
983 1041 3
984 1042 3
984 1043 3
986 987 3
987 988 3
990 991 3
934 991 3
992 993 3
994 995 3
996 997 3
997 998 3
998 999 3
999 1000 3
1000 1001 3
1003 1004 3
1004 1005 3
1005 1006 3
1006 1007 3
1007 1008 3
1008 1009 3
1009 1010 3
1010 1011 3
1011 1012 3
954 1013 3
1013 1014 3
1014 1015 3
1015 1016 3
1016 1017 3
1018 1019 3
1019 1020 3
1020 1021 3
1021 1022 3
1024 1025 3
1026 1027 3
1027 1028 3
1034 1035 3
1035 1036 3
1036 1037 3
1038 1039 3
1039 1040 3
1040 1041 3
1041 1042 3
1042 1043 3
989 990 3
1017 1018 3
1025 1026 3
979 1038 3
991 992 3
1012 1013 3
1023 1024 3
993 994 3
945 1001 3
1037 1038 3
