0 1 3
1 2 3
2 3 1
3 4 3
4 5 3
5 7 0
7 8 2
8 9 2
9 10 3
10 11 3
11 12 3
12 13 3
13 14 3
14 73 3
16 73 3
16 17 3
17 18 3
18 19 3
19 20 3
20 21 3
21 22 3
22 23 3
23 24 3
24 25 3
25 26 3
26 28 3
28 29 3
29 30 3
30 31 3
31 32 3
32 33 3
33 34 3
34 35 3
35 36 2
36 37 1
37 38 0
38 39 3
39 40 3
40 41 3
41 42 0
42 43 3
43 44 3
44 45 3
45 46 3
46 47 3
47 48 3
48 49 3
49 50 3
50 51 3
51 52 3
52 53 3
53 55 0
55 57 3
46 104 3
18 75 3
29 87 3
30 87 3
53 403 0
55 403 3
57 230 3
5 64 3
7 64 1
17 75 3
55 230 3
3 61 0
2 61 3
7 65 2
16 74 3
19 77 3
17 74 3
18 77 3
44 103 3
38 97 3
39 97 3
45 103 3
8 67 2
9 67 3
11 69 0
21 79 3
33 91 3
3 62 3
4 62 3
20 79 3
32 91 3
40 97 3
51 108 3
55 113 3
0 58 3
1 58 3
42 100 3
43 101 3
50 108 3
113 230 3
61 62 1
12 69 2
14 72 3
73 74 3
26 84 3
33 92 3
34 92 3
41 100 0
44 101 3
51 110 3
52 110 3
53 111 3
55 229 3
7 66 2
13 72 3
22 80 3
23 80 3
25 83 3
28 84 3
28 85 3
30 88 3
34 93 3
35 93 3
36 94 1
52 111 3
229 403 3
1 59 3
1 60 3
2 60 3
4 63 3
5 63 3
65 66 2
10 68 3
11 68 2
12 70 3
13 70 3
23 82 3
24 82 3
25 82 3
26 83 3
31 88 3
31 90 3
32 90 3
35 94 3
38 96 3
96 97 3
58 59 3
68 69 0
18 76 3
20 77 3
20 78 3
22 79 3
29 85 3
31 89 3
90 91 3
37 95 3
37 96 0
40 98 3
41 99 3
42 101 3
48 107 3
111 403 0
113 229 3
62 63 3
63 64 3
76 77 3
88 89 3
36 95 1
95 96 0
97 98 3
98 99 3
8 66 2
74 75 3
77 78 3
84 85 3
92 93 3
93 94 3
99 100 0
100 101 3
49 107 3
49 108 3
60 61 3
66 67 3
10 67 2
75 76 3
78 79 3
82 83 3
83 84 3
89 90 3
46 103 3
47 107 3
110 111 3
59 60 3
91 92 3
101 103 3
67 68 2
69 70 3
72 73 3
79 80 3
87 88 3
103 104 3
47 104 3
70 72 3
85 87 3
94 95 1
104 107 3
108 110 3
80 82 3
64 65 0
85 144 3
87 144 3
76 134 3
73 190 3
103 161 0
104 161 0
107 165 3
107 108 3
111 169 3
72 130 3
74 190 3
75 134 3
103 160 3
107 223 0
169 403 0
57 405 3
68 127 0
69 127 3
69 128 3
70 128 3
70 130 3
101 160 3
165 223 3
77 135 3
78 135 3
82 139 3
82 141 3
104 223 0
230 405 3
75 133 3
80 139 3
108 167 3
110 167 3
63 121 2
64 121 0
83 141 3
91 149 3
93 151 3
101 159 3
107 166 3
59 117 3
62 120 3
74 133 3
78 136 3
85 143 3
87 145 3
88 145 3
88 147 3
89 147 3
92 149 3
108 166 3
58 116 3
58 117 3
61 119 3
63 120 3
135 136 3
79 137 3
80 138 3
90 148 3
90 149 3
94 153 1
95 153 3
160 161 2
165 166 3
110 168 3
116 117 3
62 119 0
66 124 3
67 124 2
67 125 3
76 135 3
78 137 3
138 139 3
84 142 3
89 148 3
94 151 3
94 152 3
96 153 1
100 159 3
166 167 3
111 168 3
60 118 3
124 125 3
72 190 3
134 135 3
85 142 3
143 144 3
144 145 3
88 146 3
93 150 3
96 154 0
97 155 0
100 158 3
168 169 2
59 118 3
118 119 3
127 128 3
136 137 3
141 142 3
142 143 3
145 146 3
147 148 3
92 150 3
151 152 3
153 154 0
154 155 3
98 156 3
99 156 3
99 158 0
158 159 3
159 333 0
159 160 3
119 120 1
79 138 3
146 147 3
155 156 1
99 216 0
158 216 3
120 121 2
65 124 3
137 138 3
148 149 3
149 150 3
152 153 1
99 157 3
157 216 0
231 405 3
139 141 3
167 168 3
117 118 3
65 121 2
65 181 3
128 130 3
68 184 0
133 134 3
148 207 3
124 181 3
68 125 0
127 184 3
121 180 2
65 180 3
125 184 3
149 207 3
180 181 3
156 157 3
128 187 3
130 187 0
150 151 3
403 460 3
229 230 3
133 190 3
119 177 3
120 177 0
120 178 0
130 189 3
72 189 3
189 190 3
121 178 3
152 210 3
161 218 2
141 198 3
153 210 0
160 218 3
229 460 3
139 198 3
143 201 3
145 203 3
127 185 3
142 200 3
146 203 3
151 210 3
161 335 2
165 224 2
117 176 3
118 176 3
124 182 3
128 185 3
138 196 3
141 200 3
142 201 3
144 202 3
145 202 3
161 337 2
104 337 0
166 224 2
121 179 2
181 182 3
125 183 3
184 185 3
136 195 3
137 195 3
139 196 3
146 204 3
154 212 3
155 212 3
334 335 3
337 338 3
179 180 3
124 183 3
135 193 3
136 194 3
200 201 3
147 204 3
151 209 3
159 216 3
119 176 3
130 188 3
188 189 3
139 197 3
143 202 3
223 337 0
168 225 3
116 174 1
178 179 3
133 192 3
134 192 3
135 194 3
194 195 3
141 199 3
147 205 3
150 208 3
150 209 3
153 211 3
155 214 1
156 214 3
157 215 3
167 225 3
176 177 3
190 192 3
198 199 3
199 200 3
201 202 3
204 205 3
207 208 3
154 211 1
214 215 3
159 218 3
168 403 0
177 178 1
134 193 3
138 195 3
197 198 3
203 204 3
148 205 3
148 206 3
208 209 3
209 210 3
155 213 3
223 224 3
167 224 2
168 226 3
117 174 1
190 249 0
192 249 3
193 194 3
196 197 3
202 203 3
205 206 3
210 211 1
211 212 0
212 213 3
218 333 0
224 225 3
226 403 0
182 183 3
215 216 0
218 335 0
230 287 3
187 188 1
213 214 1
225 226 3
183 184 3
206 207 3
185 187 3
195 196 3
229 287 3
192 193 3
218 334 0
459 460 3
117 233 1
185 244 3
187 244 3
176 233 1
203 262 3
204 262 3
216 333 0
176 234 1
192 250 3
210 268 3
286 460 0
174 233 3
233 234 3
178 235 3
249 250 3
286 403 0
177 235 1
188 246 0
211 268 0
187 246 3
181 239 3
200 259 3
201 259 3
215 274 0
216 274 2
182 239 3
183 242 3
184 242 3
193 251 3
205 263 3
207 266 3
208 266 3
194 251 3
204 263 3
206 263 3
274 332 0
196 255 3
197 255 3
199 257 3
200 257 3
206 265 3
274 333 0
180 238 3
188 247 3
189 247 3
190 247 3
195 254 3
198 255 3
203 261 3
207 265 3
213 271 3
215 272 3
224 283 3
181 238 3
187 245 3
195 253 3
196 254 3
202 261 3
212 270 3
212 271 3
213 272 1
214 272 3
223 281 3
225 283 3
174 232 3
178 236 3
179 237 3
182 240 3
183 241 3
185 242 3
244 245 3
190 248 3
194 252 3
194 253 3
198 256 3
198 257 3
200 258 3
265 266 3
271 272 1
278 335 0
161 278 1
278 337 0
281 337 0
224 281 3
232 233 3
235 236 3
178 237 3
180 237 3
239 240 3
240 241 3
241 242 3
244 301 3
245 246 3
248 249 0
193 250 3
251 252 3
255 256 3
257 258 3
258 259 3
211 270 0
283 400 0
226 283 3
177 234 1
237 238 3
238 239 3
185 301 3
246 247 1
247 248 3
252 253 3
253 254 3
256 257 3
206 264 3
209 266 3
270 271 3
287 460 3
230 288 3
288 405 3
250 251 3
215 273 3
273 274 0
226 284 3
284 403 0
254 255 3
261 262 3
209 268 3
272 273 3
287 288 3
283 284 3
286 459 0
236 237 3
268 327 3
234 235 3
201 260 3
202 260 3
263 264 3
211 327 0
224 397 0
287 459 3
260 261 3
262 263 3
264 265 3
281 397 0
247 304 0
248 307 0
249 307 3
283 397 0
266 268 3
242 300 3
185 300 3
246 304 3
281 338 0
284 286 3
332 333 3
288 404 3
404 405 3
300 301 3
268 325 3
253 312 3
245 304 3
254 312 3
259 260 3
263 321 3
272 330 3
273 330 3
262 321 3
264 321 3
233 291 3
239 298 3
240 298 3
234 291 3
234 293 3
244 302 3
245 302 3
261 319 3
262 319 3
266 382 3
284 343 3
235 293 3
248 365 0
256 314 3
264 323 3
265 323 3
273 331 3
274 331 1
278 396 0
286 343 3
237 295 3
245 303 3
307 365 3
249 308 3
250 308 3
255 313 3
256 313 3
259 317 3
260 317 3
268 326 3
211 385 3
271 329 3
335 396 3
337 396 3
232 290 3
234 292 3
236 294 3
238 295 3
238 296 3
239 297 3
241 299 3
303 304 3
251 309 3
252 309 3
255 312 3
313 314 3
257 315 3
258 316 3
260 318 3
262 320 3
266 325 3
327 385 1
270 385 1
272 329 0
338 396 3
290 291 3
291 292 3
292 293 3
293 294 3
294 295 3
295 296 3
296 297 3
297 298 3
298 299 3
299 300 3
307 308 3
314 315 3
315 316 3
316 317 3
261 318 3
319 320 3
320 321 3
265 381 3
266 381 3
326 327 3
270 328 3
270 329 3
330 331 3
284 400 0
302 303 3
251 308 3
312 313 3
328 329 3
329 330 1
333 334 3
281 455 0
317 318 3
321 323 3
323 381 3
381 382 3
325 326 3
331 332 0
338 455 3
397 455 3
397 400 3
301 302 3
308 309 3
382 441 3
325 382 3
332 391 3
309 367 3
252 368 3
318 319 3
328 385 1
333 391 3
247 363 2
309 368 2
253 368 3
396 455 3
304 363 2
248 363 2
367 368 3
394 396 3
334 391 3
334 393 3
335 394 3
397 456 3
343 400 0
391 392 3
334 392 3
400 456 3
312 369 3
335 393 3
253 369 0
301 359 3
308 365 3
392 393 3
455 456 3
292 350 3
295 353 3
300 359 3
248 364 3
312 370 3
313 370 3
393 394 3
459 461 3
287 461 3
291 350 3
294 352 3
295 352 3
302 359 3
363 364 2
364 365 3
328 386 0
293 351 3
294 351 3
319 378 3
320 378 3
321 379 3
329 388 1
330 388 3
293 350 3
296 354 3
299 357 3
300 358 3
308 367 3
368 369 0
320 379 3
326 384 3
295 354 3
357 358 3
303 361 3
313 372 3
314 372 3
319 377 3
381 440 3
332 390 3
399 456 3
290 348 3
291 349 3
350 351 3
352 353 3
297 355 3
298 356 3
358 359 3
302 361 3
304 362 3
308 366 3
313 429 3
315 373 3
316 374 3
317 375 3
317 376 3
318 376 3
318 377 3
377 378 3
321 380 3
331 389 3
331 390 0
390 391 3
290 349 3
349 350 3
351 352 3
354 355 3
355 356 3
299 356 3
361 362 3
365 366 3
372 373 3
373 374 3
317 374 3
378 379 3
379 380 3
323 380 3
328 445 0
329 445 0
388 389 3
395 396 3
399 400 3
288 461 3
348 349 3
353 354 3
356 357 3
366 367 3
386 445 3
362 363 2
374 375 3
376 377 3
325 384 3
327 384 3
343 459 0
370 429 3
372 429 3
375 376 3
323 497 3
394 395 3
369 370 3
380 497 3
382 384 3
385 386 0
389 390 0
343 458 0
440 441 2
384 441 3
388 445 0
400 458 3
458 459 3
404 461 3
404 463 3
302 418 3
364 480 3
381 497 3
382 440 2
359 418 3
327 442 3
361 418 3
384 442 3
385 442 0
399 458 3
399 457 3
441 442 3
366 424 3
380 496 3
365 424 3
368 484 3
351 409 3
365 480 1
365 423 3
366 425 3
367 425 3
369 484 1
372 430 3
393 451 3
456 457 3
457 458 3
350 409 3
353 411 3
354 411 3
381 439 3
388 446 3
392 451 3
358 416 3
359 416 3
374 433 3
375 433 3
380 437 3
496 497 3
389 446 3
391 449 3
394 452 3
351 410 3
352 410 3
362 420 3
370 428 3
379 437 3
390 449 3
393 452 3
348 406 3
349 406 3
349 408 3
350 408 3
353 410 3
354 412 3
355 413 3
356 414 3
357 415 3
361 419 3
363 420 2
423 424 3
368 425 3
372 431 3
373 431 3
374 431 3
376 434 3
377 435 3
378 436 3
441 499 1
445 446 1
389 447 3
392 449 3
392 450 3
395 452 3
349 407 3
408 409 3
409 410 3
412 413 3
413 414 3
414 415 3
415 416 3
418 419 3
362 419 3
363 479 3
424 425 3
368 426 3
369 428 3
428 429 3
374 432 3
433 434 3
434 435 3
435 436 3
436 437 3
440 499 3
446 447 3
450 451 3
395 453 3
396 454 3
410 411 3
411 412 3
364 479 3
426 484 3
430 431 3
437 496 3
439 497 1
385 501 3
390 506 1
395 454 3
454 455 3
406 407 3
407 408 3
416 417 3
359 417 3
419 420 3
431 432 3
386 501 1
447 506 0
449 506 1
449 450 3
451 452 3
461 463 3
425 426 3
432 433 3
452 453 3
453 454 3
365 481 3
445 503 3
480 481 0
429 430 3
442 501 1
420 479 3
479 480 3
423 481 3
417 418 3
386 503 3
501 503 0
449 507 1
437 495 3
446 503 0
454 513 3
455 513 2
459 518 3
461 518 3
461 519 3
416 474 3
502 503 3
414 472 3
415 472 3
415 474 3
416 475 3
417 475 3
501 502 0
456 513 3
518 519 3
431 489 3
461 520 2
463 520 3
407 465 3
408 465 3
410 468 3
411 468 3
415 473 3
417 476 3
418 476 3
424 482 3
430 489 3
456 515 3
413 471 3
472 473 3
419 476 3
423 482 3
432 489 3
453 512 3
454 512 3
513 515 3
406 465 3
408 466 3
408 467 3
409 467 3
412 471 3
419 477 3
420 477 3
420 478 3
425 483 3
432 490 3
434 493 2
435 493 2
446 504 3
506 507 3
458 516 3
519 520 3
406 464 3
465 466 3
409 468 3
411 469 3
412 470 3
413 472 3
475 476 3
477 478 3
478 479 3
369 485 3
436 495 3
440 498 3
503 504 1
446 505 3
447 505 3
450 508 2
451 508 2
451 509 1
452 510 1
453 510 1
512 513 3
457 515 3
468 469 3
469 470 3
470 471 3
474 475 3
425 482 3
426 483 3
484 485 3
428 486 3
489 490 3
433 490 3
433 491 2
434 491 2
436 493 2
381 498 3
498 499 3
504 505 3
505 506 0
449 508 2
509 510 3
459 516 3
464 465 3
466 467 3
467 468 3
481 482 3
369 486 3
428 487 3
429 487 3
430 488 3
507 508 0
457 516 3
459 575 1
486 487 3
488 489 3
434 492 3
491 492 3
492 493 3
436 494 2
494 495 3
510 512 0
515 516 3
516 575 1
518 575 1
463 521 3
476 477 3
482 483 3
485 486 3
429 488 3
490 491 3
493 494 3
471 472 3
487 488 3
495 496 3
439 498 3
508 509 1
473 474 3
520 521 3
442 499 1
496 554 2
518 576 3
478 536 3
479 536 3
497 554 2
519 576 3
442 558 1
508 565 2
507 565 3
508 566 2
512 570 3
519 577 3
536 537 3
479 537 3
480 539 0
481 539 2
495 554 3
439 554 2
439 555 2
498 555 2
565 566 3
509 566 3
513 571 3
575 576 0
576 577 3
467 525 3
554 555 3
570 571 3
513 572 3
515 572 3
516 574 3
520 577 3
474 532 3
483 540 2
504 562 3
510 569 0
510 570 0
571 572 3
574 575 1
468 525 3
475 532 3
482 540 2
490 548 3
491 548 3
569 570 3
515 573 3
472 530 3
483 484 3
505 564 0
506 564 3
572 573 3
515 574 3
473 530 3
473 532 3
495 553 3
501 559 3
509 568 3
510 568 3
468 526 3
471 530 3
476 534 3
477 534 3
477 536 3
480 537 3
487 545 3
489 547 2
489 548 2
494 553 3
442 559 1
503 562 1
504 563 3
505 563 3
506 565 3
568 569 0
573 574 3
520 578 3
464 522 3
465 523 3
466 525 3
469 526 3
470 528 3
471 528 3
475 533 3
476 533 3
486 545 3
488 547 2
547 548 3
491 549 3
492 550 3
493 551 3
494 552 3
553 554 3
498 556 2
502 559 1
503 561 2
509 567 3
577 578 3
521 579 3
522 523 3
465 524 3
525 526 3
473 531 3
548 549 3
550 551 3
551 552 3
552 553 3
561 562 1
563 564 0
566 567 3
567 568 3
576 634 3
521 578 3
466 524 3
469 527 3
471 529 3
530 531 3
531 532 3
483 541 3
502 561 2
564 565 3
575 634 0
523 524 3
470 527 3
529 530 3
533 534 3
481 540 2
540 541 3
549 550 3
555 556 3
499 556 2
562 563 3
527 528 3
539 540 3
484 541 2
488 545 3
442 556 1
526 527 3
528 529 3
532 533 3
534 536 2
578 579 3
524 525 3
485 541 3
502 618 2
559 618 0
486 544 3
561 618 3
485 543 3
485 544 3
544 545 3
541 543 3
543 544 3
545 547 3
569 685 1
564 622 1
568 685 2
480 595 2
563 622 3
578 636 3
536 593 2
537 595 3
540 599 3
541 599 3
577 636 3
539 595 3
543 599 3
540 598 3
598 599 3
547 604 3
523 582 3
524 582 3
526 584 3
549 608 3
550 608 3
442 615 1
558 559 1
522 580 3
523 580 3
531 589 3
545 604 3
556 615 3
577 635 3
635 636 3
530 589 3
539 596 3
540 596 3
543 600 3
551 608 3
552 610 3
555 614 3
556 614 3
527 586 3
528 586 3
533 591 3
536 595 3
596 598 3
599 600 3
553 610 3
558 616 3
561 619 3
562 619 0
577 634 3
523 581 3
581 582 3
524 583 3
525 583 3
526 585 3
527 585 3
529 587 3
530 587 3
530 588 3
588 589 3
532 590 3
534 593 3
595 596 3
544 601 3
547 606 3
548 606 3
549 606 3
551 609 3
551 610 3
553 611 3
554 612 3
555 613 3
442 616 1
574 632 1
579 637 3
529 586 3
533 590 3
593 595 3
543 601 3
549 607 3
607 608 3
610 611 3
611 612 3
612 613 3
618 619 3
562 620 3
567 625 2
568 625 2
575 632 3
634 635 3
580 581 3
582 583 3
526 583 3
534 591 3
534 592 3
544 602 3
545 603 3
547 605 3
606 607 3
608 609 3
609 610 3
613 614 3
585 586 3
601 602 3
544 603 3
603 604 3
604 605 3
605 606 3
559 616 0
559 675 3
618 675 1
563 620 3
565 622 1
566 625 2
573 632 1
584 585 3
586 587 3
587 588 3
591 592 3
615 616 3
563 679 2
565 625 2
570 685 1
579 636 3
583 584 3
590 591 3
592 593 3
619 620 3
532 589 3
600 601 3
602 603 3
614 615 3
571 630 1
622 625 3
571 685 1
636 637 3
625 681 3
571 686 1
572 630 1
573 630 1
593 652 3
620 679 3
622 679 3
622 681 3
625 685 3
685 686 3
630 632 3
595 652 3
630 686 3
596 655 3
625 683 3
589 590 3
595 655 3
598 655 3
616 675 1
630 690 3
632 690 2
616 673 2
615 673 3
683 685 3
630 687 3
595 654 3
654 655 3
598 657 3
599 657 3
622 680 3
680 681 3
686 687 3
632 691 2
575 691 2
634 691 1
589 648 3
590 648 3
600 657 3
582 584 3
595 653 3
679 680 3
655 656 3
598 656 3
630 689 3
689 690 3
690 691 3
587 644 2
588 644 3
588 646 2
589 647 3
592 651 3
593 651 3
651 652 3
652 653 3
656 657 3
634 692 1
634 693 1
635 693 1
636 693 1
586 644 2
644 646 3
646 647 3
647 648 3
600 658 3
608 666 3
609 667 3
616 674 3
620 677 3
687 689 3
691 692 3
692 693 3
637 695 1
601 658 3
602 660 3
607 666 3
608 667 3
610 668 3
610 669 3
611 669 3
612 670 3
673 674 3
619 677 3
677 679 3
636 694 1
585 643 2
586 643 2
592 650 3
653 654 3
657 658 3
601 659 3
666 667 3
609 668 3
669 670 3
681 682 3
625 682 3
584 642 3
585 642 3
591 649 3
592 649 3
650 651 3
602 659 3
682 683 3
642 643 3
643 644 3
591 648 3
649 650 3
658 659 3
659 660 3
603 660 3
667 668 3
668 669 3
693 694 3
580 638 2
581 638 2
581 640 2
582 640 2
584 640 3
648 649 3
603 662 3
604 662 3
674 675 1
618 676 3
619 676 3
637 694 1
694 695 3
640 642 3
605 662 3
675 676 0
680 682 3
638 640 3
605 663 3
606 664 3
607 664 3
614 673 3
676 677 3
662 663 3
663 664 3
614 672 3
660 662 3
664 666 3
613 670 3
672 673 3
677 680 3
638 697 3
640 699 3
613 672 3
640 697 3
642 699 3
670 672 3
686 744 3
662 719 3
685 744 3
660 719 3
685 742 3
683 742 3
687 746 3
687 744 3
689 746 3
644 703 3
685 743 3
689 691 3
646 703 3
652 710 3
682 740 3
743 744 3
687 745 3
689 748 3
651 710 3
666 723 3
666 724 3
667 726 3
668 726 3
670 729 3
672 729 3
680 739 3
683 741 3
742 743 3
745 746 3
691 748 2
640 698 3
698 699 3
699 700 3
642 700 3
643 702 3
648 706 3
655 713 3
659 718 3
660 718 3
664 723 3
723 724 3
667 725 3
668 727 3
669 727 3
670 728 3
680 740 3
683 740 3
741 742 3
644 702 3
649 706 3
654 712 3
655 712 3
656 713 3
658 717 3
659 717 3
724 725 3
725 726 3
670 727 3
728 729 3
675 733 2
680 738 3
739 740 3
689 747 3
691 749 2
638 696 3
646 704 3
647 706 3
651 709 3
653 710 3
718 719 3
726 727 3
676 735 3
676 736 3
677 736 3
677 795 1
677 738 3
740 741 3
744 745 3
746 747 3
747 748 3
692 749 2
696 697 3
643 700 3
643 701 3
703 704 3
646 705 3
647 705 3
649 707 3
650 708 3
650 709 3
709 710 3
653 712 3
656 714 3
657 715 3
658 716 3
662 720 3
662 721 3
663 721 3
676 733 1
735 736 3
736 795 1
738 739 3
704 705 3
707 708 3
708 709 3
712 713 3
714 715 3
715 716 3
719 720 3
727 728 3
676 734 3
738 795 1
748 749 3
695 752 3
705 706 3
706 707 3
713 714 3
716 717 3
720 721 3
673 729 3
674 733 3
733 734 3
692 750 2
693 750 3
694 752 3
697 698 3
700 701 3
702 703 3
717 718 3
664 721 3
734 735 3
701 702 3
749 750 3
674 729 3
674 731 3
710 712 3
729 731 3
731 733 3
693 752 3
721 723 3
731 788 3
750 752 3
729 788 3
710 769 3
712 769 3
723 780 3
721 780 3
733 791 3
748 807 3
749 807 3
752 810 3
752 811 3
716 774 3
721 779 3
734 792 3
810 811 3
715 774 3
720 778 3
720 779 3
733 792 3
747 805 3
748 806 3
715 773 3
718 777 3
719 777 3
719 778 3
731 790 3
733 790 3
739 797 3
740 797 3
744 802 3
745 802 3
745 803 3
746 803 3
746 805 3
713 771 3
714 772 3
715 772 3
779 780 3
727 785 3
728 786 3
729 786 3
731 789 3
790 791 3
735 793 3
802 803 3
748 805 3
749 808 3
750 808 3
708 766 3
709 766 3
712 771 3
772 773 3
717 775 3
723 781 3
724 782 3
725 783 3
726 784 3
728 785 3
791 792 3
734 793 3
736 793 3
736 794 3
746 804 3
806 807 3
807 808 3
697 757 3
698 757 3
702 760 3
707 766 3
709 767 3
710 767 3
710 768 3
714 771 3
774 775 3
718 775 3
777 778 3
780 781 3
781 782 3
782 783 3
783 784 3
784 785 3
788 789 3
793 794 3
794 795 1
750 809 3
752 809 3
696 754 3
697 754 3
768 769 3
712 770 3
773 774 3
778 779 3
785 786 3
792 793 3
803 804 3
804 805 3
805 806 3
808 809 3
754 757 3
704 761 3
704 763 3
705 763 3
706 763 3
769 770 3
770 771 3
771 772 3
738 796 3
740 799 3
741 799 3
742 799 3
742 800 3
743 802 3
809 810 3
699 757 3
701 760 3
766 767 3
767 768 3
739 796 3
743 800 3
703 761 3
761 763 3
775 777 3
786 788 3
797 799 3
799 800 3
743 860 3
700 757 3
703 760 3
795 796 0
796 797 3
800 860 3
802 860 3
700 760 3
760 761 3
706 764 3
707 823 3
789 790 3
797 856 3
757 813 3
757 814 3
763 764 3
764 823 3
766 823 3
754 813 3
700 817 3
813 814 3
757 816 3
700 816 3
760 817 3
816 817 3
789 847 3
799 856 3
790 847 3
808 867 3
809 867 3
777 834 3
786 844 3
786 845 3
788 845 3
793 850 3
797 855 3
855 856 3
761 819 3
763 819 3
775 834 3
785 844 3
844 845 3
792 850 3
799 857 3
788 846 3
793 852 3
794 852 3
856 857 3
800 857 3
800 858 3
858 860 3
757 815 3
845 846 3
796 854 3
797 854 3
805 863 3
806 865 3
807 865 3
814 815 3
815 816 3
819 820 3
782 841 3
783 841 3
854 855 3
806 863 3
763 820 3
771 829 3
779 837 3
784 842 3
785 842 3
795 854 0
804 863 3
808 865 3
760 819 3
768 827 3
769 827 3
770 829 3
772 830 3
773 830 3
778 837 3
784 841 3
785 843 3
843 844 3
788 847 3
790 848 3
791 848 3
792 849 3
803 861 3
810 867 3
754 812 3
766 824 3
767 825 3
768 826 3
770 828 3
773 831 3
774 832 3
775 833 3
777 836 3
778 836 3
780 837 3
780 838 3
781 839 3
782 839 3
782 840 3
841 842 3
842 843 3
791 849 3
795 853 3
804 861 3
804 862 3
810 868 3
812 813 3
823 824 3
824 825 3
825 826 3
826 827 3
827 828 3
828 829 3
829 830 3
830 831 3
831 832 3
832 833 3
837 838 3
838 839 3
840 841 3
846 847 3
847 848 3
852 853 3
853 854 0
803 860 3
811 868 3
763 821 3
764 821 3
833 834 3
839 840 3
857 858 3
860 861 3
861 862 3
863 865 3
836 837 3
848 849 3
862 863 3
867 868 3
811 869 3
849 850 3
858 859 3
859 860 3
868 869 3
817 819 3
820 821 3
850 852 3
865 867 3
834 836 3
817 876 3
819 876 3
867 925 3
821 880 3
821 823 3
823 880 3
865 922 3
865 924 3
867 924 3
836 893 3
854 912 3
855 912 3
860 918 3
924 925 3
834 893 3
816 874 3
819 877 3
853 912 3
815 874 3
876 877 3
820 877 3
838 896 3
859 917 3
859 918 3
830 889 3
831 889 3
839 896 3
856 914 3
858 917 3
861 920 3
862 920 3
863 920 3
863 922 3
836 894 3
842 900 3
844 903 3
845 903 3
847 905 3
848 906 3
849 906 3
852 910 3
893 894 3
846 903 3
846 905 3
855 913 3
855 914 3
857 916 3
858 916 3
814 872 3
815 873 3
817 874 3
827 885 3
830 888 3
832 889 3
839 898 3
840 898 3
841 900 3
850 909 3
853 910 2
912 913 3
861 918 3
863 921 3
868 925 3
872 873 3
873 874 3
817 875 3
820 878 3
821 879 3
823 881 3
824 882 3
825 883 3
826 884 3
827 884 3
828 886 3
829 887 3
888 889 3
832 890 3
833 891 3
834 892 3
837 895 3
896 897 3
839 897 3
841 899 3
843 901 3
843 902 3
844 902 3
846 904 3
849 907 3
852 909 3
917 918 3
920 921 3
868 926 3
869 927 3
812 870 3
813 871 3
813 872 3
874 875 3
875 876 3
877 878 3
878 879 3
879 880 3
881 882 3
882 883 3
883 884 3
827 886 3
886 887 3
887 888 3
889 890 3
890 891 3
891 892 3
892 893 3
895 896 3
897 898 3
898 899 3
899 900 3
842 901 3
902 903 3
904 905 3
848 905 3
906 907 3
850 907 3
918 920 3
868 927 3
870 871 3
871 872 3
836 895 3
901 902 3
850 908 3
880 881 3
884 885 3
885 886 3
903 904 3
908 909 3
853 911 2
916 917 3
922 924 3
905 906 3
907 908 3
909 910 3
911 912 3
913 914 3
856 973 3
857 973 3
921 922 3
926 927 3
894 895 3
900 901 3
910 911 3
914 973 3
916 973 3
919 920 3
925 926 3
918 919 3
924 981 1
912 970 3
922 981 1
906 964 3
913 970 3
905 964 3
916 974 3
917 974 3
907 964 3
921 979 3
922 979 3
924 982 3
925 982 3
873 931 3
974 975 3
917 975 3
918 975 3
925 983 3
926 983 3
872 931 3
882 940 3
907 966 3
908 966 3
913 971 3
914 971 3
918 1035 3
874 932 3
875 934 3
876 934 3
877 934 3
877 935 3
879 937 3
881 940 3
891 950 3
892 950 3
897 956 3
898 956 3
899 957 3
900 957 3
920 978 3
981 982 0
875 932 3
878 935 3
878 937 3
891 949 3
894 952 3
895 952 3
899 956 3
911 969 3
911 970 3
971 973 3
919 1035 3
919 978 3
870 928 3
871 929 3
872 930 3
873 932 3
875 933 3
880 938 3
881 939 3
883 941 3
884 942 3
885 942 3
888 946 3
889 947 3
890 949 3
949 950 3
892 951 3
893 951 3
894 951 3
895 953 3
896 953 3
896 954 3
897 955 3
900 958 3
905 963 3
907 965 3
909 967 3
910 968 3
973 974 3
982 983 3
928 929 3
929 930 3
930 931 3
931 932 3
937 938 3
938 939 3
939 940 3
940 941 3
941 942 3
946 947 3
950 951 3
954 955 3
901 958 3
901 959 3
904 963 3
963 964 3
964 965 3
967 968 3
910 969 3
971 972 3
920 979 3
927 984 3
927 985 3
932 933 3
933 934 3
878 936 3
952 953 3
953 954 3
955 956 3
956 957 3
957 958 3
902 959 3
902 960 3
902 961 3
903 961 3
904 961 3
904 962 3
965 966 3
968 969 3
972 973 3
975 976 3
975 1035 3
978 979 3
926 984 3
984 985 3
934 935 3
935 936 3
936 937 3
885 943 3
886 943 3
886 944 3
887 944 3
887 945 3
887 946 3
890 947 3
958 959 3
959 960 3
960 961 3
908 967 3
976 1035 3
983 984 3
942 943 3
943 944 3
945 946 3
962 963 3
970 971 3
951 952 3
966 967 3
969 970 3
947 949 3
944 945 3
961 962 3
960 1018 3
961 1018 3
978 1035 3
979 981 1
979 1038 1
981 1038 3
947 1006 3
963 1021 3
949 1006 3
962 1021 3
975 1034 3
967 1025 3
971 1029 3
972 1029 3
976 1034 3
966 1025 3
932 990 3
951 1010 3
952 1010 3
959 1017 3
964 1022 3
966 1024 3
974 1032 3
1034 1035 3
983 1041 3
931 990 3
947 1005 3
955 1013 3
956 1014 3
958 1017 3
961 1019 3
962 1020 3
963 1022 3
975 1032 3
982 1040 3
984 1043 3
985 1043 3
935 994 3
936 994 3
939 998 3
940 998 3
944 1002 3
945 1003 3
949 1007 3
954 1013 3
955 1014 3
957 1015 3
962 1019 3
1020 1021 3
965 1022 3
981 1040 0
983 1040 3
944 1003 3
1005 1006 3
950 1007 3
952 1011 3
953 1011 3
956 1015 3
958 1015 3
958 1016 3
960 1017 3
965 1023 3
968 1025 3
968 1026 3
969 1028 3
970 1028 3
973 1031 3
973 1032 3
978 1036 3
984 1041 3
928 986 3
929 987 3
930 988 3
931 989 3
933 991 3
934 991 3
934 992 3
935 993 3
937 995 3
938 996 3
939 997 3
941 999 3
942 1000 3
943 1001 3
943 1002 3
1001 1002 3
945 1004 3
946 1004 3
950 1008 3
951 1009 3
1010 1011 3
954 1011 3
954 1012 3
1013 1014 3
1016 1017 3
1021 1022 3
1023 1024 3
969 1026 3
969 1027 3
971 1028 3
972 1031 3
1031 1032 3
975 1033 3
1035 1036 3
979 1037 3
981 1039 3
1040 1041 3
986 987 3
987 988 3
988 989 3
989 990 3
990 991 3
992 993 3
994 995 3
995 996 3
996 997 3
940 999 3
942 999 3
1000 1001 3
1002 1003 3
1004 1005 3
1006 1007 3
1008 1009 3
1009 1010 3
1014 1015 3
1018 1019 3
1022 1023 3
1027 1028 3
1032 1033 3
1033 1034 3
1036 1037 3
1037 1038 1
1039 1040 0
993 994 3
998 999 3
1003 1004 3
1007 1008 3
1012 1013 3
1015 1016 3
1019 1020 3
1024 1025 3
1026 1027 3
1028 1029 3
1038 1039 3
991 992 3
997 998 3
1011 1012 3
984 1042 3
999 1000 3
1017 1018 3
1025 1026 3
1042 1043 3
1041 1042 3
