-0.00488615 -0.0088229 6.30794
0.00436548 -0.010133 6.1267
-0.00332257 0.0335728 21.3525
-0.00560041 0.0195495 21.8716
0.064098 -0.106548 16.364
-0.0268745 -0.0270166 24.7688
0.00995802 -0.0702282 20.3854
0.0282575 -0.301928 21.3986
0.017448 -0.176562 22.774
-0.040769 -0.0459835 32.0232
-0.0502146 -0.0289552 33.6622
-0.0550494 -0.0180816 34.7471
0.0170432 0.0187297 6.59578
0.0720661 -0.0826195 -2.96259
0.0118812 0.12718 7.01984
-0.00692312 0.103193 13.5587
0.0189263 0.0285318 6.54012
0.0164702 -0.0222487 8.78106
-0.0100573 -0.0890621 20.6678
0.022529 -0.142682 7.62947
0.0288711 -0.150314 4.96268
0.0217065 -0.144148 8.12288
-0.0858252 -0.266654 69.656
0.0920619 0.0666127 -33.0038
-0.00996109 0.0446841 20.9171
0.16431 -0.172121 -78.6845
0.255794 -0.0487305 -138.577
0.0277141 0.0699726 -10.7908
-0.112937 0.0615691 88.0101
-0.11161 0.333157 81.6527
-0.0973409 0.242338 73.3391
-0.0196501 0.00636415 23.8681
-0.00139259 -0.000979225 10.9281
0.0165914 -0.0166551 -1.63818
0.00998575 -0.0383869 3.65564
0.0114699 -0.0219976 2.15904
0.0361147 0.0035217 -17.4962
0.941648 0.019692 -756.006
0.0839974 -0.107196 -60.0462
0.0572254 -0.10803 -37.4649
0.0338381 -0.0905541 -17.6481
0.026093 -0.0869833 -10.9137
0.0254614 -0.0865342 -10.3566
-0.00180326 0.0113805 64.2348
0.00250444 -0.00829922 60.0186
-0.0150175 -0.011613 77.7979
0.00349804 -0.00226986 58.3652
0.0298117 -0.176607 33.8183
-0.00512217 -0.183533 69.9551
0.00838217 -0.0905139 55.0936
0.00841866 -0.189997 55.4472
0.0152026 -0.184125 47.5742
0.083263 0.0349597 -29.8142
0.0819018 0.0349559 -28.2715
0.0819046 0.0350124 -28.2779
0.00671609 -0.0449891 -1.75207
-2.9409e-07 -0.0803466 64.0207
-0.0353443 -0.0818839 107.773
0.00247781 -0.00936807 6.17221
0.00735152 -0.0140751 6.1203
0.0014994 -0.0202186 7.03112
-0.00303891 0.00150891 22.4595
0.00839744 -0.0427513 22.4066
-0.0319362 -0.0363997 25.3516
-0.0202239 -0.0310403 23.3284
-0.0493622 0.0389211 26.3736
-0.0287242 0.0403131 22.6999
0.192035 -0.718055 -0.396067
0.0942849 -0.425134 11.8246
-0.0467308 -0.0201379 32.1164
0.150803 -0.0192311 -28.6577
0.11651 -0.311041 -8.52275
0.00330176 -0.137037 19.5259
-0.0218888 0.0362345 20.6541
-0.120923 -0.0277759 55.454
0.00171385 -0.0451754 14.748
-0.0349343 -0.0815915 29.5154
0.0221796 -0.120426 6.90398
-0.0332451 0.118171 16.2558
0.0200441 0.0722798 -7.07185
-0.0877401 -0.23933 69.8499
-0.0650977 -0.321522 60.6574
-0.0643937 0.0650194 41.789
-0.0275236 0.0572062 17.6474
0.0280924 0.0988146 -11.4519
0.0187987 0.0693536 -4.92098
0.0358623 -0.0112453 -15.1292
0.0129916 0.0361169 -0.920585
0.0159364 -0.0356078 0.861222
0.0235086 -0.0248247 -4.73715
-0.0254604 0.0570379 27.0061
-0.0150552 0.0103386 20.6282
0.00713713 -0.024186 5.55125
0.021783 -0.0300027 -5.86531
-0.0640108 0.298511 51.6679
-0.3028 0.552296 236.001
0.0733592 -0.045723 -52.6097
0.140037 0.686343 -125.835
0.0320857 -0.0810003 -16.3891
0.0263409 -0.0818486 -11.3006
0.0260289 -0.085576 -10.8978
-0.0128362 0.00875392 74.4524
-0.0080126 0.00809072 69.7363
-0.00122655 0.0146727 63.2626
0.000827829 0.00971113 60.6198
0.00493215 -0.0664103 58.7165
0.00631753 -0.0581853 57.1735
-0.00330548 -0.0458423 66.8542
-0.0157758 0.0744722 75.342
-0.000495277 0.0595281 59.1449
0.000769413 0.0595589 57.7264
-0.0226664 -0.101486 93.7141
-0.0809723 -0.214865 165.994
-0.0705933 0.0540541 139.443
0.0565842 0.0303731 -13.6136
0 0.0399808 54.8691
-0.00829347 -0.0102322 6.4016
-0.0127586 -0.0311725 7.47429
-0.0211507 -0.0616595 9.93819
-0.0104343 -0.0133598 5.99493
-0.00659917 0.00187875 4.81969
-0.00360575 0.00826446 4.12134
-0.00330789 0.00382085 4.33556
0.000962455 -0.00277738 4.06011
0.0223714 -0.0118551 0.731902
0.0506988 -0.0744588 -0.963241
0.0704367 -0.0693042 -6.05267
0.0712199 -0.0667524 -6.12423
0.0802612 -0.0364075 -9.32591
0.0258632 -0.280214 16.8793
0.0389952 -0.277147 13.3594
-0.0247043 -0.0057274 13.8837
-0.00679993 0.00777187 7.14662
0.237772 -0.0642168 -78.5538
-0.0271058 -0.0288049 23.4458
-0.0102025 -0.0877063 19.8698
0.0240146 -0.122461 7.13188
-0.000537636 0.0580047 3.80274
-0.0165427 -0.17764 33.8686
-0.0822049 -0.280212 67.9954
-0.0257963 -0.107407 28.5603
0.00967871 -0.0426623 5.45773
0.00369313 -0.0228343 7.27081
0.00040517 -0.0359669 9.7452
0.0085631 -0.0511445 5.38637
0.0195448 -0.0272433 -2.66778
0.0601793 -0.0176074 -28.2181
0.00388245 -0.0370477 8.54282
0.0295437 0.0540845 -16.5648
0.0534009 -0.0169834 -29.0275
-0.00920241 -0.056991 19.1381
0.0155643 -0.0721401 0.930709
0.0642351 -0.0776897 -36.2012
0.0683388 -0.185502 -30.1278
0.0235502 -0.0125648 -12.6915
0.0210291 -0.0266441 -9.65749
0.0228385 -0.0632041 -9.08783
0.0174662 -0.0683349 -4.0033
-0.00421141 0.00829589 66.342
-0.00235578 0.0132726 64.2705
0.000972475 0.0157204 60.7711
-0.0162121 0.00209565 78.9074
-0.00940545 0.00531381 71.5806
-0.0273713 0.0104346 89.4043
-6.78669e-07 0.0750338 58.4478
0.571289 -0.0403646 -544.838
-0.0117116 0.534706 42.0601
0.090203 -0.068459 -31.3553
-0.11179 -0.0432884 194.704
1.3234e-06 0.181189 55.3708
0.00636606 -0.0160504 56.6824
0.00876234 -0.31114 72.3473
1.3234e-06 -0.312341 82.9739
0 0.181189 55.3724
-0.0114265 0.000432596 5.82037
-0.0213452 0.00466127 5.60131
-0.0224923 0.0085648 5.27027
-0.00597942 0.0232115 3.23254
-0.00474511 0.0258729 3.03624
-0.0125297 0.0190688 4.53575
-0.00207985 0.00645542 3.99039
0.00250278 -0.0046946 4.0514
0.00410892 -0.00814814 3.98606
0.00917403 -0.0168283 3.56782
0.0334741 -0.00605188 -2.35198
0.105011 0.00546049 -20.2516
0.129203 -0.0259861 -22.6745
-0.020581 0.00188997 12.017
-0.0419337 -0.047905 22.6559
-0.0123723 0.0121918 8.7296
-0.00303523 0.00932925 5.69019
0.0542261 -0.0411698 -11.7417
0.0687442 -0.0637494 -14.5459
0.0193297 -0.0825284 6.81907
-0.034295 -0.0961447 29.4771
0.00250566 -0.0340874 7.76568
0.0643328 -0.0594553 -19.4332
-0.00641597 -0.0516558 15.1187
-0.0103183 -0.0327433 14.9334
-1.3536e-05 -0.048545 11.0266
-0.00155971 -0.0480542 11.6218
0.00414231 -0.0587957 9.22635
0.0218737 -0.0458854 -2.98083
0.00508069 -0.0563578 8.93014
0.0201072 -0.0513711 -1.3305
0.0102916 -0.058779 5.63724
0.0100263 -0.065899 6.40142
0.00743582 -0.0416663 5.65868
-0.00901484 -0.0757884 20.438
0.0276901 -0.0806559 -8.10395
0.0219559 -0.092597 -1.83425
0.068355 -0.149961 -33.8161
0.0148968 -0.0261318 -4.44889
0.0391586 -0.025138 -24.8227
-0.0227227 -0.233087 48.8715
0.0493879 -0.189038 -18.3422
-0.00484189 -0.0018402 67.5719
0.0840404 -0.0125239 -15.2053
-0.0026796 0.0150592 64.3304
-0.0038907 0.00730189 66.1239
-0.0184388 -0.00192648 81.3988
-0.0387844 0.00165404 101.447
0.146378 0.0897953 -104.437
0.0455479 0.0498197 6.23958
0 0.0519003 54.626
0.125 -0.595833 -10.9901
31.7168 0.105469 -36163.9
-0.0702809 0.0766124 137.697
-0.00702084 0.060334 65.8162
0.00619642 0.034815 52.1241
2.00516e-06 -0.0155982 63.8389
-0.0024758 0.02823 63.1334
-0.0127115 0.00357277 5.63839
-0.0317934 -0.001334 6.63187
-0.0109671 0.00465835 5.08304
-0.00419007 0.0146797 3.90247
-0.00740348 0.0134277 4.46002
-0.0210479 0.000994083 7.24503
-0.0211184 0.00160407 7.1816
-0.00674453 0.00197538 4.96887
0.0143712 0.00934236 0.385053
0.0583416 0.0321398 -10.4964
0.0714423 0.0448556 -14.3619
0.0725176 0.0330444 -13.6159
0.111191 -0.00395475 -19.3417
-0.0155961 0.0161898 9.43261
-0.0190229 0.00948519 11.1444
-0.00843376 0.00662229 7.98361
-0.0111965 0.00539337 9.07479
3.49519e-06 -0.00166724 5.46004
0.0314896 0.00671583 -7.05518
-0.016615 -0.0440464 18.8856
-0.0265665 -0.0797102 22.387
0.0182741 -0.090167 4.71617
0.0424125 -0.0554216 -9.16758
0.00731156 -0.0233885 5.82561
-0.0305821 -0.0439133 26.4295
0.00672994 -0.0682007 8.69786
0.00738314 -0.0820014 9.91025
-0.00132497 -0.0627815 13.0965
0.00406935 -0.0584271 8.66014
0.00989499 -0.0844001 7.82896
0.0266287 -0.0712766 -4.03372
0.0118457 -0.0870607 6.13458
0.015414 -0.0880212 4.02576
-0.0110761 -0.0524993 19.7004
0.00178558 -0.0499614 9.72496
0.0170691 -0.068016 -0.720293
-0.0040629 -0.182406 27.6774
-0.00875663 -0.0565361 17.8172
-0.0167031 -0.0895371 28.3221
-0.012013 -0.0618271 21.8682
-0.00305601 -0.0669051 14.1979
-0.00527676 0.03458 3.75641
0.00838816 -0.0496483 2.81867
0.00201776 0.0184243 59.7526
-0.00504649 0.025524 65.9425
-0.0166923 -0.000314995 79.3035
-0.0101969 -0.0017782 72.9912
-0.0559188 -0.00690412 119.39
-0.0032911 -0.0407688 11.3971
0.0648438 0.166406 -14.6633
0 0.0301237 59.0609
0.0809613 0.00855089 -15.7081
0.496823 -0.0699738 -557.635
0.0431439 -0.0124816 7.22799
0.0355155 -0.0248994 17.2376
0.00425168 0.0498608 46.3623
-0.00279821 0.0518784 54.6886
0 0.0541935 51.0599
0.00196662 0.0212273 3.4291
-0.0125052 0.0277305 2.6769
0.0100346 0.0495695 -0.955354
0.00235787 0.0497408 -0.525717
-0.0296184 0.0415974 3.20418
-0.0323489 0.026179 5.3533
-0.0142954 0.0337662 2.26084
0.0012483 0.0190792 1.70381
0.0233632 0.0642592 -7.43035
0.0648305 0.0352776 -12.4092
0.0445148 0.02842 -6.10381
0.0652921 0.00437622 -8.5791
-0.00153931 0.00177495 10.374
-0.0554368 0.0317427 19.4767
-0.0251022 0.0126207 12.6784
-0.0125251 0.00371731 9.71308
-0.00263827 0.00509594 5.94972
0.00926039 -0.0142034 3.48681
0.0213592 0.0415452 9.84486
0.00412032 0.0217948 19.5174
2.34191e-05 0.0204814 21.5422
-0.0317691 0.0291175 35.0918
-0.0450993 0.0248436 42.1714
-0.165198 -0.00247997 104.147
-0.776968 -0.0886549 433.028
0.005785 -0.0666948 9.17864
-0.00255508 -0.0669941 13.3799
0.0164102 -0.0681576 2.47046
0.00251218 -0.0624278 10.5253
-0.00878559 -0.0664163 17.7809
-0.00181472 -0.0703299 13.3983
-0.0222593 -0.0640924 27.2281
0.0101898 -0.0744938 5.32602
0.0229012 -0.0694038 -4.0345
0.0118547 -0.0673727 3.7425
0.00142575 -0.0614605 11.084
-0.00592806 -0.0666378 17.6789
-0.00163174 -0.0740469 14.4408
-0.00935213 -0.0741425 20.9615
-0.00642543 -0.0741785 18.2906
0.00164877 -0.0371101 6.13932
0.0129499 -0.0465808 -2.92012
0.00263262 -0.0472072 6.63813
-0.00930415 -0.0350516 76.8114
-0.0114262 0.00993769 73.5397
0.115081 0.00639019 -50.3817
0.0225847 0.0205973 37.7105
0.397468 -0.117013 -328.278
0.175325 0.101454 -190.549
0.155866 0.157457 -180.859
0 -0.0133929 41.2857
0 0.0686103 -2.28308
0 0.0712035 -2.57205
0 0.0712035 -2.57205
-0.000388481 0.0649766 -1.41564
-0.603176 -0.0696726 777.13
-0.609518 -0.0698721 784.835
0 -0.322523 99.3054
-0.0104936 0.0650002 -1.92115
0.0103838 0.063712 -2.73749
0.0560515 -0.0175477 16.8555
-0.00989575 0.0591573 -0.091696
-0.0405337 0.0605291 1.96971
-0.0220928 0.0614421 -0.548414
-0.000182561 0.0779899 -5.55498
0.00158362 0.0775215 -4.89217
0.026637 0.0783573 -9.38385
0.0277168 0.0413994 -4.1814
0.0216845 0.0217592 -0.231695
0.0499865 0.00560296 -4.96169
0.00919863 -0.0155986 9.39175
-0.0586697 0.00939639 23.1933
-0.0263 0.00939387 13.6402
-0.0189952 0.00950784 11.1191
-0.0135633 0.00581319 9.93044
0.00401446 0.0321804 18.0092
0 0 -1
0 0 -1
0.0725185 0.0824974 -19.1187
-0.012278 0.0128408 28.4082
-0.0374435 0.0240412 38.4404
-0.233189 0.00527555 137.604
-0.0354166 -0.0645512 31.0108
-0.013636 -0.060805 18.9303
-0.00219766 -0.0518988 11.3246
0.0108243 -0.0560504 4.3748
0.0141117 -0.093552 7.40742
-0.00637569 -0.0769264 17.893
-0.00971138 -0.0671233 18.7587
-0.00233084 -0.0725787 14.5204
0.0133091 -0.0607751 1.72817
0.0145502 -0.0431805 -2.00171
0.0125671 -0.0356677 -1.26568
-0.00849488 -0.021726 13.1996
-0.00913769 -0.0311629 14.3694
-0.0125837 -0.0582171 21.4046
0.00213791 -0.052251 7.90427
-0.00271608 -0.0513896 12.308
-0.00604967 -0.0135938 9.70875
-0.273641 -0.335878 299.258
-0.0040525 0.113675 -10.5538
-0.0727955 -0.194897 157.519
-0.00832466 -0.0302213 75.2842
0.00215064 -0.0042471 61.4203
0.0886241 0.226438 -55.251
-0.00197513 -0.0125148 5.47925
-0.00331793 -0.0404711 11.29
0.00618142 -0.00471192 -3.57278
-0.00910967 -0.00854252 13.192
-0.00557341 -0.0324279 12.5823
-0.00400882 -0.020285 8.66028
0.00140237 -0.686321 94.7691
-0.000746527 -0.15555 24.9074
-0.0195312 0.0429688 57.5352
-0.383205 -0.017887 505.068
0 -0.15016 23.3378
0.0290162 0.106714 -8.77314
0.0740214 0.13198 -13.8714
0.0806544 -0.0470689 20.0466
-0.0475235 0.098299 -2.74225
-0.0580784 0.108103 -3.48336
-0.0266506 0.0888827 -3.50057
0.00783306 0.0874145 -7.43261
-0.00531674 0.0782793 -4.04552
0.012636 0.0481855 -2.34369
0.00652017 0.0288951 1.91672
0.00824796 0.0187617 3.09466
0.0396875 -0.00423942 -0.783988
-0.00963733 0.00758172 10.5779
-0.0589048 0.00327014 24.2441
-0.0249374 -0.00897796 15.9655
-0.0145976 0.00201098 10.9125
-0.0116663 0.00154026 9.85569
-0.0292954 0.0338788 30.2377
0.00349038 0.0184481 19.9037
-0.00449184 0.01396 24.5604
0.00922626 0.00168118 20.1696
-0.00812961 0.0154243 26.1158
-0.0367994 0.00602017 40.9737
-0.221011 -0.00848259 133.725
-0.0857585 -0.0934149 62.3323
0.0122988 -0.00558303 -3.9918
-0.0054184 -0.0179716 8.60316
-0.00588372 0.0018225 4.45708
-0.00111107 -0.0387011 8.68105
-0.00631317 -0.0687437 16.3364
0.00378472 -0.0773347 11.1973
-0.00266916 -0.0751932 15.0134
0.00973353 -0.0538033 3.34789
0.00354949 -0.0215454 2.30732
0.0303843 -0.00727809 -19.0024
0.160025 -0.0322926 -113.707
-0.0189681 -0.0274477 21.6351
0.0390625 0.640625 -128.322
-0.0141536 0.000130027 13.0536
-0.0142207 0.0242593 10.4418
0.0391108 -0.285666 11.9868
0.00497753 0.00365404 -3.47875
0.347613 0.0216995 -316.313
-0.00111629 -0.0395592 9.05099
0.0333846 -0.00341073 30.7523
0.039999 0.108872 6.91395
-0.00890254 -0.0420159 17.3931
-0.00269771 -0.00331318 4.00771
-0.0127968 -0.03737 21.5854
0.00566027 0.000413461 -5.35645
-0.00214798 0.00599317 1.94049
-0.00671331 -0.0326014 13.9834
-0.0055381 -0.0303812 12.2941
-0.0121796 -0.0317949 20.2248
0.107065 0.279153 -166.43
0.178993 0.178756 -234.394
-0.00719675 -0.0307291 14.2542
-0.00636591 -0.0275697 12.9651
0.0429523 0.0397279 3.216
0.0427961 0.0426018 2.50172
0.270407 -0.00029576 0.406014
-0.0403335 0.0596524 3.33685
-0.0403 0.0721885 1.10415
-0.0223128 0.0777285 -1.66084
-0.0141425 0.0431195 3.77955
-0.0211745 0.0440962 4.70435
-0.0130877 0.0401717 3.86592
-0.00869238 0.0392937 3.05922
-0.0116953 0.0309113 5.16933
0.0235193 -0.00533196 3.42717
-0.0100422 0.0222541 7.78557
-0.0593232 -0.0189499 27.9003
-0.0247051 -0.0182745 17.3607
-0.00743033 -0.0132953 10.9595
-0.0015799 0.0414107 -1.00833
0.00425619 0.0276904 18.8247
0.00419041 0.0360216 17.3469
-0.00330975 0.0334253 20.9072
-0.0095275 0.0265881 24.8595
-0.0217171 0.0227213 31.1458
-0.125025 0.002406 83.8875
-0.171719 -0.00447445 107.88
0.111131 0.148249 -83.1955
-0.00374452 0.0907508 -9.15071
-0.0223408 0.100424 -1.29019
0.028301 0.0174156 -8.9902
0.0218394 0.0425144 -18.5505
0.00749475 0.283789 -54.042
-0.00770988 0.27252 -42.1702
-0.0153333 0.311764 -44.6418
-0.0128449 0.315998 -46.823
-0.0289457 0.33657 -39.1497
0.00516813 -0.013678 0.911093
-0.044446 0.0223516 33.8111
-0.0011553 0.0262604 -1.58676
-0.0177296 0.0903955 1.01316
-0.00327803 -0.0421278 11.0476
0.0066466 -0.0187171 -1.30359
-0.0353064 0.226227 -9.59392
-0.00621515 -0.012257 9.11151
0.0261609 0.0364244 -28.1223
-0.00313897 -0.0271739 8.85531
-0.036009 0.169315 4.02859
0.0342419 -0.0023892 29.7204
-0.0104223 -0.026529 16.3364
-0.00443248 -0.040677 12.434
-0.00185409 -0.0356248 9.1065
-0.00351936 -0.0349624 10.837
-0.0260199 0.103113 10.2577
-0.00224697 0.0437801 -4.38043
-0.0124202 0.0418484 7.38613
-0.00367028 -0.0296471 10.0353
-0.00351555 0.0487273 -3.99363
0.00198963 -0.0173977 1.26667
-0.00462342 -0.0276725 10.8481
-0.004292 -0.0259222 10.2452
0.0293415 0.0401657 2.87463
0.0176357 0.0432878 2.61644
0.357364 -0.0128243 -1.7774
-0.0414891 0.0135143 11.9715
-0.0218819 0.025064 7.9273
-0.0190082 0.0309635 6.55096
-0.0190263 0.0259385 7.52167
-0.011978 0.0329358 5.12313
0.00665469 0.114258 -15.1217
-0.00227817 0.102956 -11.0631
0.00919768 0.167118 -27.3066
-0.000299981 0.104931 -12.5117
-0.00105878 0.199931 -31.2005
-0.0462809 0.191141 -16.6532
-0.0206771 0.249494 -36.3447
0.00144809 0.293142 -52.5022
0.017873 0.251809 -49.3173
0.00119587 -0.00582295 26.6246
-0.000708173 0.00677909 24.8709
-0.0032917 0.00312251 26.7235
-0.00755136 0.00204133 28.8125
-0.0513629 0.00544946 48.0993
-0.149325 -0.00865696 97.6671
-0.186119 -0.0187895 117.769
0.0266718 0.281432 -63.4912
0.00288294 0.252893 -44.9257
0.0147962 0.274331 -55.8274
0.0510387 0.025658 -24.0314
0.0149305 0.00524694 1.57929
0.0204857 0.321782 -70.1035
0.00568336 0.319639 -60.0194
-0.00719147 0.331005 -53.9088
-0.0109509 0.331525 -51.3925
-0.0220114 0.36176 -49.3545
-0.0120663 0.357474 -55.5648
0.0058696 0.335954 -64.5963
-0.0136785 0.316964 -45.7791
-0.0347385 0.389144 -43.2583
-0.0109043 0.372979 -59.9113
-0.014907 0.376656 -57.3992
-0.0327131 0.398354 -46.1597
-0.0214181 0.400663 -56.3831
-0.0243824 0.408849 -55.2806
-0.018682 0.387539 -56.0408
0.00603552 0.373476 -76.543
-0.022076 0.362631 -46.6687
-0.0241731 0.381301 -49.3188
-0.0297259 0.413159 -49.7096
-0.027316 0.364356 -42.2025
-0.0116159 0.327124 -50.2772
-0.00522712 0.239195 -39.7027
-0.0134705 0.245374 -32.0374
-0.0237512 0.28884 -29.5156
-0.0139873 0.242381 -30.7712
-0.0101769 0.238092 -34.2691
-0.0121105 0.225927 -29.2722
-0.0112988 0.19631 -23.8078
-0.0313 0.13751 13.213
0.0480164 0.121256 -15.0816
0.0600262 0.144523 -21.2138
0.1288 0.022544 4.13779
-0.00306028 0.169041 -24.5016
-0.0010442 0.274657 -48.8375
0.00466283 0.289544 -52.5163
0.00320638 0.299877 -55.2157
0.0217351 0.281329 -53.7094
0.00639099 0.242412 -42.197
0.00773794 0.238079 -41.8333
0.0113934 0.236306 -42.3535
0.00648428 0.281172 -51.5298
-0.002586 0.263263 -45.0088
-0.00528642 0.249476 -41.037
-0.00733366 0.327884 -57.7355
0.00608369 0.348551 -66.3497
0.0287759 0.315067 -66.7829
0.0123789 -0.0238561 26.2234
-0.000766846 -0.0130613 29.0881
-0.00347527 -0.0135644 30.3969
-0.0203165 -0.00422979 35.9167
-0.067997 0.00215895 56.5998
-0.163455 -0.0268722 108.636
-0.177962 0.0299944 102.751
-0.0341501 0.298119 -34.1511
-0.00613266 0.313894 -52.5261
0.00596698 0.333424 -63.7151
0.0103567 0.324815 -64.414
-0.00268782 0.316016 -54.3879
0.0114212 0.320202 -64.2142
0.0262766 0.311299 -71.6473
-0.00788821 0.318668 -49.9264
-0.0220556 0.346247 -46.2246
-0.0222207 0.358243 -48.7134
-0.0215063 0.34449 -46.42
0.0115218 0.338328 -69.7898
-0.016687 0.317208 -42.5652
-0.0208431 0.320767 -40.1344
-0.014644 0.327744 -46.7131
-0.00630729 0.340133 -56.6379
-0.0165964 0.354859 -50.5614
-0.00382381 0.341914 -58.9994
-0.00444088 0.37285 -65.6595
0.0091158 0.373759 -78.4754
0.00554523 0.381065 -76.9338
0.0184206 0.358523 -84.5808
-0.0394732 0.412217 -39.0132
-0.0272529 0.448984 -59.3563
-0.0299924 0.424316 -50.8971
-0.0119913 0.413888 -67.4163
-0.0323306 0.431563 -50.526
-0.025658 0.465284 -65.2396
-0.0202789 0.405309 -58.2113
-0.0188582 0.258574 -28.3383
-0.00479376 0.265037 -46.3544
-0.00559206 0.214692 -34.0495
-0.0283401 0.187746 -0.725682
-0.0239649 0.18428 -5.54843
0.0701874 0.233857 -41.4712
0.0475057 0.235021 -40.6226
0.0221631 0.247959 -43.1138
-0.00994613 0.252535 -42.154
0.00139113 0.27211 -48.144
0.0110551 0.283966 -52.3283
0.00315245 0.287087 -52.1765
0.00428736 0.276409 -49.8359
-0.000635825 0.278886 -49.7315
-0.00163415 0.350121 -67.2434
-0.00902856 0.322307 -57.9357
0.0111369 0.37699 -75.0642
0.014647 0.393098 -79.9663
0.0300649 0.389936 -83.3792
0.000294771 0.35438 -65.1202
-0.00493509 0.324197 -56.1397
0.0267032 0.307536 -62.757
0.0357039 0.0218298 5.46206
0.0130417 -0.021706 25.1821
0.00704381 -0.0222843 27.7474
-0.0239361 -0.0309564 43.4123
-0.0455602 -0.00591628 47.2418
-0.0536852 0.0463611 38.4661
-0.0470035 0.271633 -20.8199
0.00469783 0.332615 -62.5876
-0.00329142 0.334262 -58.624
-0.0048628 0.329348 -56.5409
0.0052306 0.331839 -62.8957
0.00801847 0.333599 -65.0249
0.00562948 0.326978 -62.2183
0.0179265 0.313991 -66.9321
0.0296724 0.298535 -70.8024
-0.00171483 0.335916 -58.0075
-0.0112376 0.343996 -53.3084
-0.0226222 0.338657 -43.3871
-0.0134745 0.352351 -53.9394
-0.0162921 0.343319 -49.2407
-0.0264061 0.333038 -38.9263
-0.0181961 0.327702 -44.403
-0.0103144 0.320324 -49.0192
-0.00231274 0.304362 -51.7426
0.00889051 0.296903 -59.6176
0.0043021 0.328053 -63.1259
0.0375237 0.329008 -94.2907
0.015109 0.341644 -75.518
0.00895229 0.329996 -68.0106
0.0242928 0.325579 -82.2206
-0.00747158 0.334515 -51.2333
-0.0143496 0.292964 -34.4278
-0.0252873 0.397765 -49.8291
-0.00896535 0.355708 -55.9795
-0.0231419 0.396675 -51.5679
0.0107548 0.355696 -80.0932
0.0181214 0.364444 -91.0274
-0.0112931 0.296624 -39.6442
0.00080524 0.340739 -65.3682
0.021302 0.318485 -84.8744
0.0175776 0.266505 -66.8496
0.0648901 0.267252 -49.4613
0.0417164 0.249551 -43.8788
0.0125061 0.255343 -44.4885
0.000345161 0.253799 -43.0618
0.00536892 0.275146 -49.3654
0.0355519 0.365523 -76.671
0.0217894 0.363245 -75.1955
0.0415003 0.450444 -101.152
0.030066 0.434759 -94.055
0.0173424 0.423 -88.4131
0.019442 0.401393 -83.4081
-0.00367282 0.308301 -52.05
-0.00841649 0.286878 -44.9762
-0.0106383 0.318879 -52.8804
-0.0138549 0.291597 -44.9629
-0.0137735 0.31178 -50.4321
-0.0117043 0.325795 -54.7042
0.00270638 0.343224 -64.5561
0.00643043 0.343309 -65.9709
-0.00856317 0.311121 -51.029
-0.00702354 0.335237 -58.0984
0.0127313 0.341044 -68.4801
0.00793724 0.326002 -62.2181
0.000394004 0.331326 -59.9604
0.000351174 0.339132 -62.1726
0.011085 0.33735 -67.3932
0.00335799 0.339617 -63.8153
-0.00255127 0.336065 -59.4117
-0.00663101 0.328426 -54.7685
-0.00304318 0.331327 -57.756
0.00631683 0.323711 -61.6633
0.0130983 0.309494 -62.4362
0.0134485 0.308951 -62.3016
0.0170214 0.330198 -70.2394
-0.0168678 0.347084 -49.354
-0.0233075 0.356737 -46.9673
-0.0242819 0.342688 -42.6707
-0.0272012 0.328166 -36.8252
-0.0175867 0.354964 -51.5959
-0.00149042 0.34451 -62.9723
-0.00963346 0.323713 -50.5235
0.00670119 0.318975 -63.3461
0.00804872 0.31014 -62.4357
0.0165935 0.286649 -63.9317
-0.00666808 0.273354 -38.2269
0 0 -1
0.0187829 0.303406 -71.5433
0.00334076 0.271775 -47.4058
-0.00151317 0.271782 -42.2571
-0.0171411 0.30307 -34.2602
-0.00198051 0.292906 -48.0419
-0.00409471 0.343987 -59.5844
0.0016274 0.291286 -51.0938
-0.0074811 0.342672 -55.0906
-0.0216888 0.344257 -39.5782
-0.0140125 0.345558 -49.1854
-0.0061121 0.331865 -55.3482
0.0072527 0.304264 -64.5783
0.0416287 0.274651 -51.1068
0.0246711 0.254398 -44.6605
0.0106646 0.238191 -39.4326
0.00732142 0.23731 -39.3056
0.0893903 0.681033 -173.253
0.0531848 0.576953 -138.445
0.0151203 0.45243 -97.084
0.0435403 0.474668 -107.689
0.0196084 0.389789 -79.7022
-0.00332448 0.298045 -48.6587
-0.0194659 0.300386 -46.2769
-0.00453025 0.295048 -48.6166
0.00122279 0.303973 -52.7315
0.000386079 0.310135 -54.4069
-0.00234532 0.328976 -58.8706
0.00351587 0.333141 -62.0385
0.000831322 0.337877 -62.3999
0.00160346 0.336191 -62.1443
0.00151948 0.336087 -62.0422
0.00152861 0.332368 -60.9796
0.00465146 0.338693 -64.1022
0.0058878 0.338095 -64.4349
0.00430525 0.339676 -64.1438
0.00108272 0.330431 -59.7267
0.000347819 0.333973 -60.5872
0.00253047 0.333094 -61.6008
0.00184908 0.334842 -61.5276
0.00599035 0.332561 -63.4672
0.000276097 0.338233 -61.6987
0.00114766 0.332186 -60.6236
-0.00171525 0.332316 -58.7713
0.00345967 0.32728 -60.6878
0.0133353 0.324128 -66.5807
0.027022 0.316318 -73.921
0.025933 0.304135 -69.4131
-0.00600575 0.340729 -55.6582
0.0038533 0.352112 -67.0916
-0.00867242 0.390738 -68.9044
-0.0329662 0.372349 -43.6554
-0.020343 0.359527 -50.9429
-0.026452 0.358667 -44.9833
-0.00324738 0.311658 -52.6308
0.000140528 0.317636 -56.9831
-0.000526608 0.304391 -52.834
0.0571277 0.00836637 21.7641
0.056663 -0.00741347 26.7542
-0.00254089 0.278286 -43.1937
-0.00408667 0.277038 -41.3351
0.00351778 0.274793 -48.2889
0.00444295 0.275374 -49.6182
0.00230694 0.290056 -51.6553
0.00740664 0.300427 -60.4305
-0.0257521 0.281187 -17.0445
-0.00547616 0.289048 -42.7411
0.00350228 0.317969 -61.5383
-0.016798 0.312875 -36.3623
-0.00881434 0.338862 -53.8745
0.0142512 0.317067 -75.6043
0.592524 2.09873 -675.991
0.110532 0.649979 -165.677
0.0787396 0.519747 -122.947
0.0425614 0.475277 -106.583
0.010649 0.304218 -51.0136
-0.0260152 0.225688 -22.3586
-0.0394752 0.205848 -14.0928
-0.0168179 0.272755 -38.6619
-0.00549992 0.291351 -46.7997
-0.00403535 0.292504 -47.7446
0.00229983 0.303504 -52.4813
0.0114225 0.316958 -59.075
0.00794696 0.328126 -61.6124
0.00636302 0.328519 -61.389
0.0074064 0.333321 -63.1004
-0.000396872 0.330799 -59.8534
-0.000172376 0.329802 -59.5857
0.00115049 0.324036 -58.2726
-0.000460546 0.326321 -58.312
0.00235777 0.322219 -58.2451
0.00519096 0.322728 -59.4731
-0.000630091 0.32894 -58.7694
0.00607484 0.326921 -61.2372
-0.00535047 0.317745 -52.8365
0.00398031 0.31905 -57.9667
0.0032878 0.318766 -57.4398
0.00205369 0.323679 -58.3901
0.0031944 0.322131 -58.5563
0.00201682 0.327494 -59.4971
-0.00287035 0.327978 -56.5824
-0.00253721 0.330409 -57.5481
0.00637115 0.323598 -61.4256
0.00803137 0.32366 -62.7116
0.0182916 0.311863 -66.4028
0.0282682 0.303418 -71.2713
0.0356489 0.304749 -77.0574
0.0648561 0.363572 -118.519
0.0590593 0.433003 -135.857
0.077816 0.242149 -89.3096
0.065143 0.256204 -84.1003
0.00748808 0.244655 -30.9485
0.013908 0.250312 -38.5172
0.00920419 0.315874 -64.8432
0 -0.0117188 55.1352
0.0585952 0.00453958 21.6186
0.0517483 0.00930616 26.682
0.00222224 0.303661 -56.0756
-0.00823226 0.277199 -36.9955
-0.0519833 0.12935 66.837
-0.0359561 0.0910698 61.8995
0.0245055 0.0574616 7.28825
-0.0272003 0.009088 80.5562
0.0193782 0.271064 -65.2693
0.00228837 0.267369 -45.0052
-0.0087454 0.275394 -34.4109
0.0028498 0.295903 -55.0292
0.0126112 0.3123 -71.8394
-0.0117349 0.303941 -39.7312
0.592524 2.09873 -675.991
0 0 -1
-0.0159865 0.187786 -10.2021
-0.0314954 0.19904 -12.9615
-0.0161887 0.24642 -30.3799
-0.00877601 0.272086 -39.8614
-0.00743856 0.285281 -44.706
0.00452576 0.295149 -49.6905
0.00499449 0.311507 -55.4013
0.00896037 0.31994 -59.0586
0.0120292 0.330791 -63.3675
0.00356146 0.328605 -60.605
0.0082415 0.330037 -62.1916
0.00343654 0.323897 -58.9275
0.000806097 0.326746 -58.9724
0.00164098 0.325971 -59.0255
-0.000772227 0.323238 -57.2859
-0.000613681 0.324805 -57.8403
0.00392014 0.324248 -59.4044
-0.00123148 0.324446 -57.4084
0.00430396 0.327739 -60.8931
0.00619936 0.320855 -59.3979
-0.000294985 0.316349 -54.6877
0.00251219 0.316582 -56.3425
0.00308547 0.320952 -57.9755
-0.0017983 0.320209 -55.0544
-0.00429785 0.31969 -53.4799
0.00450915 0.327543 -61.2458
0.0025125 0.322794 -58.4154
0.00541912 0.325125 -61.1026
-0.00505188 0.319407 -52.3329
0.000890366 0.31596 -55.1768
0.00434937 0.324558 -60.4622
0.00883013 0.313984 -60.2038
0.0182842 0.304728 -64.0861
0.0326083 0.297221 -72.5445
0.0615916 0.269163 -85.5078
0.0602994 0.245351 -76.5994
0.0535772 0.247455 -71.5257
0.0348986 0.232976 -50.7895
0.0210218 0.229277 -37.5366
0.0457218 0.225624 -57.9864
0.0583215 0.177331 -52.7431
0.0583215 0.177331 -52.7431
0.0934364 -0.013799 -5.99334
0 0 -1
-0.00691275 0.31678 -50.7564
0.232937 0.0963887 -216.218
-0.0613455 0.117498 80.8268
-0.0519305 0.113004 72.0014
0.0140358 0.0594998 18.1685
-0.00352146 0.0136095 52.8294
-0.0181128 0.252484 -16.5817
-0.0284128 0.250508 -3.47763
0.00203331 0.242494 -36.9209
0.00525924 0.25348 -44.3627
0.0366171 0.267538 -86.7656
0.00506426 0.307694 -61.4268
0.00250634 0.260472 -36.5548
-0.000809686 2.13455 -713.995
-0.00501928 0.227565 -24.5546
-0.00742024 0.254056 -33.6464
8.42081e-05 0.273462 -41.0004
0.00713367 0.290091 -47.7077
0.000657107 0.305977 -52.5819
0.00779117 0.301004 -51.9535
0.0090148 0.318373 -58.335
0.0106761 0.33417 -64.2111
0.00986335 0.332105 -63.3258
-0.000611539 0.32811 -59.3706
0.00353451 0.3203 -57.6642
0.00407617 0.308558 -53.7236
0.0070569 0.317803 -57.8601
0.000631168 0.312052 -53.6254
0.00284205 0.316758 -56.2094
-0.00155909 0.317814 -54.9964
0.00202283 0.319191 -56.8415
4.74024e-05 0.319244 -56.0926
0.00691357 0.311697 -56.3857
0.00435048 0.314588 -56.2972
0.000785009 0.311198 -53.3945
-0.000824751 0.322762 -56.7987
0.00733468 0.315729 -58.4634
0.0069578 0.317156 -58.7248
0.00247228 0.322588 -58.2422
0.00132076 0.319156 -56.4127
0.000352813 0.317652 -55.2075
-0.000351606 0.320011 -55.6414
-0.00392866 0.317774 -52.5534
0.0116558 0.309813 -60.2515
0.00800938 0.318105 -60.7215
0.00151625 0.31483 -55.038
0.00727159 0.307993 -56.8405
0.0166809 0.30485 -62.805
0.0349278 0.277698 -67.5074
0.0637982 0.253794 -81.948
0.0412318 0.274982 -70.8223
0.0402734 0.244602 -59.3555
0.0300177 0.243966 -50.9913
0.0466743 0.209491 -53.8552
0.142351 -0.0321895 -45.9267
0.133536 -0.00590892 -46.929
0.103238 0.0132273 -24.7271
0.0505036 0.0118421 27.0232
0.0730626 0.281309 -117.516
0.0576898 0.159464 -58.5529
0.0192537 0.107444 0.543507
-0.0484664 0.231369 26.8217
-0.00960718 0.120364 22.4292
-0.0536161 0.232065 31.5979
-0.0337172 0.260549 -1.20726
-0.0461918 0.253757 15.8711
-0.00996422 0.21145 -11.8582
0.0331522 0.236691 -71.8777
0.0424062 0.200857 -70.6496
0.0649686 0.195105 -95.9129
0.002525 0.260502 -36.5665
0.00259405 0.262387 -37.2672
0.00282451 0.264091 -37.9092
-0.00136284 0.262922 -37.052
-0.00545035 0.256028 -34.1042
0.00674012 0.261068 -37.2463
0.00721068 0.288936 -47.4047
0.00329578 0.30107 -51.1912
0.00236766 0.28439 -45.0529
0.0158608 0.299801 -53.0533
0.0148631 0.306045 -55.1896
-0.00201814 0.299444 -48.7717
-0.000706211 0.279177 -41.7992
0.0106181 0.288996 -48.6041
0.000680786 0.299149 -49.185
-0.00270164 0.279211 -40.8509
0.000917901 0.269672 -38.6824
0.00354658 0.291165 -47.3911
0.00278326 0.299997 -50.3277
0.000460577 0.296565 -48.1644
0.00791278 0.297367 -51.6483
0.00610103 0.302799 -52.8717
0.00175786 0.307066 -52.3829
4.68613e-05 0.302951 -50.084
0.00291558 0.287172 -45.9408
0.00573409 0.291377 -48.8503
0.00989998 0.294719 -52.5163
0.00481274 0.317039 -57.6285
-0.0017028 0.316619 -53.6406
-0.00297893 0.30534 -48.7624
-0.00399765 0.287412 -41.6819
0.00321234 0.287111 -46.3295
0.00345943 0.297347 -50.1749
0.004883 0.292539 -49.5306
0.00762164 0.291088 -51.0369
0.011758 0.284766 -51.9005
0.0284258 0.260822 -56.1763
0.0605051 0.257256 -80.4486
0.0537312 0.27194 -80.0766
0.0428286 0.26391 -68.2229
0.034761 0.283131 -68.4638
0.135344 0.137009 -102.919
0.153134 -0.0306995 -56.6341
0.140893 0.0234882 -64.2936
0.0867742 0.0146702 -9.31803
0.0811333 0.0139429 -3.60954
0.0539616 0.209977 -73.0734
0.0470104 0.175522 -53.2982
0.024106 0.165457 -25.7225
-0.0492803 0.228338 28.8932
-0.0584747 0.267255 24.4515
-0.050303 0.217753 33.0109
-0.0183279 0.28795 -28.3024
-0.0443847 0.247797 15.8874
-0.0272876 0.220661 5.72756
0.00283015 0.175282 -13.8947
0.0296147 0.153038 -38.0648
0.0419865 0.136977 -47.4508
