0 1 3
1 2 3
2 3 1
3 4 3
4 5 3
5 6 2
6 7 3
7 8 3
8 9 3
9 68 3
11 68 3
11 12 3
12 13 3
13 14 3
14 15 3
15 16 3
16 18 3
18 19 3
19 20 3
20 21 3
21 22 0
22 27 3
27 84 3
31 84 0
31 32 3
32 33 3
33 34 3
34 35 0
35 36 3
36 37 3
37 38 1
38 39 3
39 42 0
42 43 3
43 44 3
44 45 3
45 46 3
46 47 1
47 48 0
48 49 0
49 50 3
50 51 3
51 52 1
52 53 3
53 54 0
54 55 2
55 57 2
39 40 3
40 42 0
82 84 3
55 113 1
18 75 3
84 88 1
55 114 1
16 75 3
40 99 0
113 114 1
57 114 1
42 99 1
84 373 3
82 373 3
31 88 3
258 373 3
9 67 3
27 373 3
38 97 3
39 97 3
99 100 0
42 100 3
47 104 3
18 77 3
31 90 3
32 90 3
42 101 3
43 101 3
46 104 1
54 113 1
2 60 3
6 63 2
67 68 3
12 70 3
19 77 3
40 97 3
49 107 1
50 107 1
1 60 3
5 63 3
14 72 3
15 72 3
51 109 1
54 112 1
13 70 3
20 77 3
20 78 3
33 90 3
33 92 3
34 92 3
45 103 3
46 103 3
51 110 1
52 110 3
53 112 3
112 113 0
0 58 3
1 59 1
3 61 3
4 61 3
8 66 3
13 71 3
15 73 3
18 76 3
21 78 3
35 93 3
36 94 3
37 95 3
38 96 0
44 102 3
47 105 3
48 106 1
50 109 1
109 110 0
58 59 1
3 60 0
4 63 3
66 67 3
14 71 3
16 73 3
76 77 3
33 91 3
93 94 3
94 95 3
95 96 3
96 97 1
102 103 3
105 106 3
48 107 0
53 110 3
57 115 1
59 60 2
60 61 1
7 64 3
7 65 3
8 65 3
72 73 3
75 76 3
21 79 3
31 89 3
89 90 3
91 92 3
34 150 0
35 150 3
100 101 3
104 105 3
106 107 0
53 111 3
7 63 2
71 72 3
16 74 3
22 79 1
201 373 3
84 201 3
90 91 3
92 150 0
40 98 3
43 102 3
103 104 1
110 111 3
114 115 3
4 62 3
63 64 3
70 71 3
88 89 3
93 150 3
97 98 3
61 62 3
64 65 3
65 66 3
77 78 3
111 112 3
73 74 3
74 75 3
78 79 3
62 63 3
107 109 1
71 129 3
99 157 1
88 201 0
40 157 3
11 128 0
12 128 3
27 198 3
68 128 3
70 128 3
98 157 3
63 120 3
111 169 3
112 169 3
63 121 3
110 168 3
64 122 3
120 121 3
64 121 3
65 122 3
70 129 3
101 102 3
67 126 3
109 168 3
113 172 1
114 172 3
66 124 3
66 126 3
78 136 3
98 156 3
106 164 3
107 166 1
109 166 0
65 124 3
68 126 3
79 198 0
22 198 3
201 205 1
90 148 3
91 148 3
96 154 1
97 154 3
105 164 3
121 122 3
202 205 1
100 159 3
101 159 3
103 161 1
104 161 3
104 162 3
107 165 1
111 168 2
60 118 1
62 120 3
126 128 3
72 130 3
78 137 3
91 149 3
92 149 3
95 154 1
102 159 3
105 162 3
165 166 0
109 167 0
112 170 0
115 172 3
58 116 1
59 117 1
65 123 3
124 126 3
71 130 3
73 131 3
74 131 3
75 191 3
136 137 3
79 137 3
89 147 3
93 151 3
93 152 3
94 152 3
95 153 3
102 160 3
105 163 3
166 167 1
167 168 2
113 170 3
116 117 3
60 117 1
60 119 1
123 124 3
73 130 3
89 148 3
150 151 3
152 153 3
153 154 1
159 160 3
160 161 1
163 164 3
107 164 1
168 169 2
115 173 3
61 119 3
122 123 3
129 130 3
88 147 3
148 149 3
97 213 3
100 158 3
162 163 3
164 165 3
169 170 3
172 173 3
62 119 3
128 129 3
74 191 3
76 135 3
77 135 3
79 196 0
196 198 3
151 152 3
154 213 3
98 213 3
156 157 3
99 158 0
161 162 3
118 119 3
119 120 3
137 196 0
147 201 0
158 159 3
113 171 3
117 118 0
149 150 0
99 273 3
171 172 3
126 184 3
130 131 3
76 192 3
77 136 3
147 148 3
158 273 1
170 171 3
135 192 3
135 136 3
156 213 3
126 182 3
124 182 3
182 184 3
128 184 3
157 273 0
198 373 3
256 258 3
201 202 3
122 179 3
256 373 3
202 259 3
129 187 3
191 192 3
201 256 3
121 179 3
128 185 3
149 207 0
118 176 0
184 185 3
74 190 3
153 212 3
154 212 0
168 227 2
117 176 0
190 191 3
169 227 3
173 230 3
119 176 0
130 188 3
136 194 2
150 207 3
152 210 3
172 230 3
129 188 3
130 189 3
131 189 3
135 194 2
201 259 3
148 206 0
164 222 3
230 231 3
173 231 3
183 184 3
129 186 3
131 190 3
256 259 3
147 205 2
148 207 0
163 222 3
165 222 3
171 230 3
119 177 3
120 177 3
123 182 3
128 186 3
206 207 3
207 208 3
150 208 3
151 210 3
160 218 1
161 218 0
116 174 0
117 175 3
122 180 3
123 181 3
187 188 3
188 189 3
189 190 3
137 194 2
151 208 3
151 209 3
153 210 3
156 214 3
161 219 3
162 220 3
163 221 3
174 175 1
179 180 3
122 181 3
181 182 3
182 183 3
186 187 3
189 246 3
209 210 3
153 211 3
212 213 1
157 214 3
159 218 1
161 220 3
220 221 3
221 222 3
222 223 2
165 223 2
167 225 3
175 176 0
180 181 3
188 246 3
192 194 2
198 258 3
142 258 3
142 256 3
210 211 3
213 214 3
216 273 1
158 216 1
218 219 1
219 220 3
166 223 1
166 225 1
208 209 3
159 216 1
159 217 1
170 228 3
147 206 0
217 218 3
171 228 3
185 186 3
194 253 0
137 253 0
211 212 3
216 217 3
166 224 1
169 228 3
176 177 1
192 250 3
194 250 1
205 259 0
205 206 0
223 224 2
224 225 0
227 228 3
196 253 3
157 272 3
214 272 3
272 273 0
167 227 0
121 177 3
167 283 3
179 237 3
225 283 3
228 230 3
177 237 3
121 237 3
185 242 3
259 263 3
205 263 2
227 283 3
175 234 0
176 234 3
228 287 3
230 287 3
184 242 3
218 277 1
219 277 0
182 239 3
187 246 3
191 250 3
212 271 1
213 271 3
217 275 3
218 275 3
223 281 2
180 237 3
181 239 3
218 276 1
190 248 3
191 248 3
250 251 0
194 251 2
216 275 3
230 288 3
231 288 3
182 240 0
183 242 3
186 245 3
187 245 3
196 258 3
210 268 3
211 268 3
222 281 0
239 240 0
183 240 0
191 249 3
249 250 3
206 264 3
207 264 3
208 266 3
209 266 3
214 271 3
219 278 3
220 278 3
221 278 3
222 279 3
287 288 3
174 232 1
175 233 3
233 234 0
177 235 0
185 244 3
186 244 3
245 246 3
189 247 3
190 247 3
259 260 3
259 320 3
263 320 3
263 264 3
207 265 3
207 266 3
211 270 3
212 270 3
221 279 3
279 281 0
224 281 3
231 289 3
232 233 3
176 235 3
246 247 3
196 312 3
256 260 3
264 265 3
270 271 1
276 277 3
228 286 3
288 289 3
235 237 1
180 239 3
265 266 3
266 267 3
209 267 3
209 268 3
275 276 1
277 278 1
224 282 3
227 286 3
234 235 3
240 242 1
247 248 3
248 249 3
271 272 3
278 279 3
280 281 3
281 282 3
225 282 1
227 342 3
242 244 3
194 309 2
258 312 3
279 280 0
237 239 3
251 309 3
253 309 3
211 327 3
227 285 3
285 286 3
286 287 3
270 327 3
285 342 3
244 245 3
268 327 3
282 283 3
237 295 0
267 268 3
242 299 0
273 275 0
283 342 3
237 296 0
240 299 3
242 243 0
243 244 1
263 321 3
272 331 0
295 296 3
243 299 3
259 375 3
239 296 0
244 302 0
309 310 3
253 310 3
260 375 3
267 325 1
275 332 3
239 297 0
245 303 3
320 321 3
240 297 3
246 303 3
243 302 3
272 330 3
273 331 3
278 337 3
279 337 3
235 294 3
320 375 3
330 331 0
237 294 0
243 301 3
263 322 3
264 322 3
273 332 3
280 338 1
283 341 3
233 291 3
312 371 3
268 326 3
279 338 3
282 341 3
289 347 3
234 291 1
294 295 3
301 302 3
258 371 3
326 327 3
270 328 1
271 329 3
275 334 3
276 334 3
288 347 3
234 292 3
245 302 0
260 374 3
264 323 3
271 328 0
272 329 3
278 336 3
287 345 3
232 290 3
291 292 0
234 293 3
235 293 3
240 298 3
298 299 3
246 304 3
253 312 3
322 323 3
265 323 3
275 333 3
276 335 3
277 335 3
336 337 3
338 397 3
286 344 3
286 345 3
287 346 3
288 346 3
290 291 3
292 293 3
296 297 3
297 298 3
247 304 3
250 308 0
266 323 3
268 325 1
328 329 1
331 332 2
335 336 1
285 344 3
344 345 3
346 347 3
293 294 3
302 303 1
303 304 3
251 308 3
321 322 3
327 328 1
329 330 3
333 334 3
281 398 3
282 398 3
249 308 0
337 338 3
341 342 3
249 307 0
253 370 3
371 429 3
280 398 2
282 340 3
340 341 3
285 343 3
343 344 3
345 346 3
307 308 3
310 370 3
325 326 3
338 398 3
340 398 3
247 305 0
312 370 3
266 325 1
304 305 0
247 307 0
248 307 0
332 333 2
397 398 3
342 343 3
305 307 3
260 371 3
256 371 3
371 374 3
266 382 3
334 335 3
308 309 3
374 375 3
323 382 3
325 382 0
346 404 3
299 357 3
243 357 3
345 404 3
347 404 3
337 397 3
301 360 3
302 360 3
375 379 3
291 349 3
298 357 3
307 364 3
309 367 3
320 379 3
292 349 1
305 364 3
308 367 3
379 437 3
323 381 3
341 399 3
301 357 3
303 362 0
304 362 0
305 362 3
308 424 3
322 381 3
327 385 3
332 391 2
333 391 3
395 397 3
340 399 3
343 402 3
344 402 3
294 352 3
295 352 3
297 356 3
298 356 3
301 359 3
307 424 3
328 386 3
330 389 0
331 389 3
342 399 3
342 400 3
303 360 0
310 368 3
381 382 3
335 394 2
336 394 0
337 395 3
399 400 3
343 400 3
290 348 3
290 349 3
292 350 3
293 351 3
295 353 3
296 354 3
297 355 3
303 361 3
309 368 3
321 379 3
326 385 3
327 386 1
328 387 2
329 387 0
332 390 3
390 391 3
334 392 3
396 397 3
344 403 3
345 403 3
347 405 3
348 349 3
349 350 0
350 351 3
351 352 3
353 354 3
354 355 3
355 356 3
357 359 3
361 362 0
386 387 2
334 391 3
395 396 3
343 401 3
404 405 3
352 353 3
356 357 3
359 360 3
360 361 1
367 424 3
367 368 3
332 389 3
391 392 3
398 399 3
400 401 3
401 402 3
403 404 3
366 424 3
322 379 3
385 386 1
330 387 2
337 394 2
402 403 3
307 366 3
429 430 3
389 390 3
305 363 3
368 370 3
325 441 3
326 441 3
335 392 3
362 363 3
363 364 3
359 416 3
370 371 3
385 441 3
394 395 2
357 416 3
364 366 3
441 443 3
385 443 3
322 438 3
382 440 3
370 427 3
325 440 0
330 446 3
368 427 3
371 430 3
379 438 3
381 438 3
387 446 2
398 456 3
371 431 3
392 451 1
335 451 1
394 451 2
397 456 3
364 423 3
366 423 3
374 431 3
440 441 3
330 447 0
389 447 3
437 438 3
397 455 3
430 431 3
446 447 0
396 455 3
403 461 3
404 461 3
351 409 3
399 456 3
402 461 3
352 409 3
357 415 3
364 422 3
367 425 3
374 432 3
354 412 3
356 414 3
415 416 3
363 422 3
368 425 3
370 428 3
387 445 3
400 458 3
404 462 3
405 462 3
353 412 3
357 414 3
362 420 3
371 428 3
431 432 3
381 496 3
385 444 1
386 444 3
390 447 3
392 450 3
394 453 2
395 453 3
455 456 3
461 462 3
348 406 3
349 407 3
350 408 3
350 409 3
352 410 3
353 411 3
355 413 3
359 417 3
360 418 3
360 419 1
361 419 3
361 420 0
423 424 3
368 426 3
381 440 3
387 444 2
390 448 3
391 449 3
450 451 1
399 458 3
401 458 3
401 459 3
406 407 3
350 407 1
350 465 1
408 409 3
410 411 3
411 412 3
412 413 3
413 414 3
416 417 3
417 418 3
418 419 1
422 423 3
426 427 3
374 379 3
438 496 3
440 499 3
441 499 3
443 444 1
447 448 3
448 449 3
449 450 3
394 452 3
396 454 3
399 457 3
402 459 3
405 463 3
407 465 3
408 465 1
409 410 3
419 420 0
363 420 3
451 452 3
395 454 3
454 455 3
458 459 3
402 460 3
462 463 3
414 415 3
425 426 3
427 428 3
445 446 2
456 457 3
457 458 3
424 425 3
379 432 3
459 460 3
428 429 3
379 435 3
435 437 3
444 445 2
452 453 1
460 461 3
379 434 3
453 454 3
434 435 3
440 496 3
428 486 3
432 434 3
363 479 3
422 479 3
423 482 3
424 482 3
427 486 3
363 478 3
420 478 3
478 479 3
422 480 3
423 480 3
496 497 3
462 520 3
463 520 3
437 495 2
440 497 3
446 504 3
450 509 1
451 509 3
460 518 3
443 501 3
459 518 3
416 474 3
425 484 3
426 484 3
438 495 2
440 498 3
453 511 3
411 469 3
412 470 3
415 474 3
425 483 3
429 431 3
498 499 3
456 514 3
457 514 3
413 470 3
416 475 3
417 475 3
424 483 3
427 485 3
432 490 3
441 500 3
443 500 3
461 518 3
465 466 0
408 466 3
483 484 3
426 485 3
434 490 3
437 494 2
500 501 3
444 503 3
445 503 0
447 505 3
449 507 3
454 512 3
455 512 3
458 516 3
406 464 3
409 467 3
410 468 3
414 472 3
415 473 3
418 476 3
419 477 3
479 480 3
494 495 3
446 503 0
446 505 0
448 505 3
448 507 3
450 508 3
452 510 3
457 515 3
457 516 3
464 465 3
466 467 3
467 468 3
411 470 3
413 472 3
472 473 3
473 474 3
475 476 3
419 476 0
480 481 3
423 481 3
484 485 3
485 486 3
448 506 3
507 508 3
451 510 3
510 511 1
453 512 3
515 516 3
459 516 3
463 521 3
411 468 3
474 475 3
477 478 0
431 490 3
497 498 3
506 507 3
455 571 3
455 514 3
461 520 3
520 521 3
469 470 3
413 471 3
482 483 3
429 490 3
495 496 3
514 571 3
514 515 3
459 517 3
471 472 3
504 505 0
505 506 3
511 512 3
512 571 3
470 471 3
435 493 2
435 494 2
508 509 1
517 518 3
468 469 3
429 488 3
488 490 3
493 494 3
499 500 3
444 501 3
476 477 1
516 517 3
518 519 3
481 482 3
488 546 3
434 493 2
509 510 3
519 520 3
434 550 2
501 503 3
428 544 2
496 554 3
429 544 2
493 550 3
495 554 3
486 544 2
490 549 2
434 549 2
488 544 3
501 560 3
511 569 3
470 528 3
549 550 3
503 560 3
510 569 1
469 528 3
490 548 3
512 569 3
514 572 3
518 577 3
519 577 3
476 534 1
477 534 3
548 549 3
503 561 0
507 565 3
508 566 3
500 557 3
500 558 3
500 559 3
501 559 3
446 562 3
504 562 3
506 565 3
512 570 3
571 572 3
518 576 3
468 526 2
469 526 3
482 539 3
483 541 3
484 541 3
544 546 3
497 554 3
499 557 3
557 558 3
510 568 3
569 570 3
517 576 3
467 525 3
468 525 3
472 530 1
473 530 1
478 535 1
481 539 3
493 551 3
494 551 3
494 553 3
495 553 3
503 562 1
505 562 1
506 564 3
507 566 3
464 522 3
465 523 3
466 523 1
466 525 3
471 530 1
473 531 2
474 531 2
477 535 3
479 538 3
480 538 3
480 539 3
482 540 3
483 540 3
488 548 3
559 560 3
505 564 3
509 567 3
510 567 3
515 573 3
516 574 3
522 523 3
530 531 0
475 531 2
475 533 1
478 536 3
479 536 3
540 541 3
494 552 3
553 554 3
560 561 2
564 565 3
568 569 1
515 572 3
573 574 3
517 574 3
517 575 3
576 577 3
534 535 3
535 536 3
551 552 3
552 553 3
565 566 3
566 567 3
567 568 3
525 526 3
471 528 3
539 540 3
550 551 3
505 563 3
574 575 3
520 578 1
521 579 1
476 533 1
536 538 3
538 539 3
484 542 2
485 542 2
561 562 1
575 576 3
519 578 1
521 578 1
523 525 0
533 534 3
541 542 3
485 543 2
498 557 3
558 559 3
563 564 3
572 573 3
577 578 1
486 543 2
578 579 3
531 533 1
542 543 3
531 590 1
531 591 1
590 591 3
533 591 3
497 613 2
562 563 0
570 571 3
538 594 3
488 605 3
498 614 2
469 586 1
528 586 1
528 530 1
536 594 3
543 544 3
546 605 3
548 605 3
554 613 3
497 614 2
557 614 2
530 586 3
544 603 3
546 603 3
566 625 3
526 586 1
531 589 2
541 598 2
541 599 2
546 604 3
553 612 3
554 612 3
613 614 3
567 625 3
589 590 3
540 598 2
598 599 3
542 599 3
603 604 3
604 605 3
570 628 3
530 587 3
536 593 3
593 594 3
542 600 3
548 606 3
553 610 3
612 613 3
571 628 3
576 633 3
586 587 3
530 589 3
538 595 3
539 598 2
599 600 3
543 602 3
544 602 3
549 606 3
552 610 3
575 633 3
523 581 3
535 593 3
543 600 3
557 615 2
558 615 2
568 625 3
525 581 1
533 592 3
534 592 3
538 596 3
539 597 2
551 610 3
610 612 3
591 592 3
594 595 3
595 596 3
539 596 3
597 598 3
614 615 3
562 620 3
563 620 1
565 623 3
522 580 3
526 584 1
526 585 1
530 588 3
534 593 3
596 597 3
543 601 3
605 606 3
549 607 3
550 608 3
551 609 3
560 618 3
561 618 2
561 619 1
568 626 3
576 634 3
577 635 3
578 635 0
578 636 3
578 637 3
579 637 3
580 581 3
525 582 1
525 584 1
585 586 3
600 601 3
601 602 3
606 607 3
607 608 3
608 609 3
609 610 3
619 620 1
563 621 3
564 621 3
625 626 3
569 626 0
569 627 3
570 627 3
571 629 3
572 629 3
572 630 3
635 636 1
581 582 3
587 588 3
602 603 3
627 628 3
629 630 3
573 630 3
573 575 3
633 634 3
634 635 3
559 617 3
618 619 3
565 622 3
626 627 3
628 629 3
584 585 3
588 589 3
592 593 3
615 674 1
558 617 3
564 622 3
566 624 3
624 625 3
630 689 3
573 689 3
636 637 3
582 584 3
558 674 1
559 618 3
620 621 0
621 622 3
622 623 3
573 633 3
565 624 3
617 674 1
617 618 3
623 624 3
627 686 3
584 641 1
586 644 3
582 641 2
584 642 1
587 644 3
573 690 3
633 690 3
641 642 2
612 669 3
585 644 3
610 669 3
633 691 3
612 670 3
625 683 3
689 690 3
690 691 3
635 693 3
600 658 3
613 670 3
628 686 3
634 693 3
601 658 3
603 661 3
609 666 3
609 668 3
610 668 3
626 683 3
630 688 3
688 689 3
581 639 3
582 640 3
640 641 2
602 661 3
608 666 3
617 675 3
617 676 3
618 676 3
582 639 3
590 648 3
591 649 3
605 663 3
606 663 3
607 665 3
608 665 3
674 675 0
589 648 3
592 649 3
592 651 3
593 651 3
598 657 3
599 657 3
600 657 3
601 660 3
602 660 3
604 663 3
622 680 3
623 681 3
627 685 3
685 686 3
634 691 3
637 695 3
580 638 3
639 640 3
585 643 3
587 645 3
588 645 3
588 646 3
589 647 3
591 648 3
592 650 3
595 654 3
596 654 3
598 656 3
601 659 3
604 662 3
606 664 3
606 665 3
669 670 3
613 671 3
619 677 3
620 678 3
621 679 3
622 681 3
623 682 3
624 682 3
625 682 3
626 685 3
636 693 3
636 695 3
638 639 3
584 643 3
646 647 3
648 649 3
650 651 3
594 651 3
597 654 3
656 657 3
657 658 3
659 660 3
661 662 3
662 663 3
664 665 3
670 671 3
614 671 3
676 677 3
677 678 1
620 679 0
621 680 3
643 644 3
644 645 3
645 646 3
647 648 3
594 652 3
597 656 3
658 659 3
660 661 3
663 664 3
665 666 3
614 672 3
626 684 3
651 652 3
597 655 3
666 725 3
609 725 3
668 669 3
671 672 3
615 672 3
615 673 3
681 682 3
683 684 3
594 653 3
654 655 3
655 656 3
673 674 1
675 676 3
679 680 3
680 681 3
682 683 3
636 752 3
595 653 3
668 725 3
672 673 3
629 688 3
693 752 3
649 650 3
653 654 3
652 653 3
678 679 0
684 685 3
634 692 3
628 688 3
691 692 3
692 693 3
695 752 3
686 744 3
628 744 2
676 735 3
677 735 3
688 744 3
672 731 3
673 731 3
690 748 3
642 699 2
653 711 3
685 744 3
744 745 3
688 745 3
689 748 3
695 753 3
641 699 3
643 701 3
644 702 3
646 705 3
647 705 3
654 711 3
657 715 3
659 717 3
752 753 3
584 701 3
643 702 3
644 703 3
645 703 3
654 712 3
655 713 3
656 715 3
658 717 3
660 718 3
661 718 3
661 720 3
662 720 3
663 721 3
665 724 3
666 724 3
674 733 0
675 733 3
676 734 3
691 748 3
638 696 3
639 697 3
640 698 3
641 698 2
648 705 3
654 713 3
656 714 3
658 715 3
658 716 3
659 718 3
664 721 3
665 723 3
724 725 3
668 726 3
669 727 3
670 728 3
671 730 3
672 730 3
674 732 3
678 736 3
679 737 1
681 739 3
684 743 3
685 743 3
688 746 3
689 747 3
696 697 3
640 697 3
642 700 3
648 706 3
649 706 3
652 711 3
713 714 3
715 716 3
717 718 3
662 721 3
664 722 3
723 724 3
725 726 3
726 727 3
727 728 3
671 728 3
675 734 3
734 735 3
735 736 1
680 737 1
682 739 3
682 741 3
683 741 3
743 744 3
747 748 3
698 699 2
699 700 2
584 700 1
701 702 3
702 703 3
646 703 3
705 706 3
649 707 3
651 709 3
711 712 3
712 713 3
716 717 3
721 722 3
722 723 3
730 731 3
674 731 0
733 734 3
684 741 3
745 746 3
689 746 3
693 751 3
697 698 3
700 701 0
650 707 3
650 708 3
714 715 3
739 741 3
684 742 3
692 751 3
703 705 3
707 708 3
650 709 3
652 709 3
731 732 1
680 739 3
741 742 3
742 743 3
692 748 3
751 752 3
706 707 3
708 709 3
718 720 3
720 721 3
732 733 0
680 796 3
746 747 3
709 711 3
678 737 3
739 796 3
736 737 3
692 750 3
692 807 3
728 730 3
750 807 3
737 796 3
748 807 3
709 768 3
711 768 3
750 751 3
699 757 3
739 798 3
741 798 3
698 757 3
701 759 3
730 787 3
742 801 3
700 759 3
728 787 3
743 801 3
703 762 3
705 762 3
720 777 3
718 777 3
737 795 3
747 805 3
709 767 3
720 778 3
736 795 3
744 801 3
767 768 3
715 773 3
721 778 3
745 803 3
746 803 3
746 804 3
703 761 3
705 763 3
708 767 3
716 773 3
722 780 3
723 780 3
747 804 3
698 756 3
700 758 3
702 759 3
761 762 3
706 763 3
707 765 3
708 765 3
712 770 3
713 770 3
713 771 3
726 784 3
730 788 3
733 791 1
741 799 3
742 799 3
752 810 3
696 754 3
697 755 3
697 756 3
699 758 2
702 760 3
706 764 3
707 764 3
711 769 3
714 771 3
714 772 3
714 773 3
772 773 3
716 774 3
717 775 3
718 776 3
777 778 3
721 779 3
723 781 3
723 782 3
724 782 3
725 783 3
727 784 3
727 785 3
728 786 3
787 788 3
731 790 2
732 790 3
734 792 1
736 794 3
739 797 3
744 802 3
745 802 3
803 804 3
748 806 3
750 808 3
751 809 3
753 810 3
753 811 3
754 755 3
756 757 3
758 759 3
703 760 3
762 763 3
770 771 3
773 774 3
774 775 3
775 776 3
778 779 3
779 780 3
782 783 3
783 784 3
784 785 3
785 786 3
731 788 3
732 791 3
791 792 3
735 794 1
802 803 3
747 806 3
809 810 3
810 811 3
755 756 3
759 760 3
760 761 3
768 769 3
769 770 3
771 772 3
776 777 3
780 781 3
798 799 3
801 802 3
806 807 3
757 758 2
763 764 3
708 824 3
781 782 3
735 792 1
796 797 3
750 809 3
764 765 3
765 824 3
786 787 3
797 798 3
799 801 3
767 824 3
790 791 3
792 794 3
805 806 3
808 809 3
788 790 3
794 795 3
795 796 3
807 808 3
804 805 3
801 858 3
799 858 3
806 865 3
802 860 3
801 860 3
805 865 3
798 856 3
758 816 2
759 816 3
762 820 3
797 856 3
804 862 3
760 818 3
763 820 3
768 827 3
769 827 3
794 852 3
796 854 3
799 856 3
858 860 3
803 861 3
809 868 3
810 868 3
757 815 3
761 818 3
764 822 3
765 822 3
778 836 3
790 848 3
792 851 3
792 852 3
795 852 3
795 854 3
802 861 3
807 865 3
756 815 3
758 815 3
786 845 3
787 845 3
790 847 2
791 848 2
803 862 3
805 863 3
761 820 3
770 827 3
771 829 3
777 836 3
785 843 3
786 843 3
788 847 3
851 852 3
809 867 3
754 812 3
755 813 3
756 813 3
756 814 3
759 817 3
760 817 3
765 823 3
767 825 3
768 826 3
826 827 3
770 828 3
772 829 3
772 830 3
773 831 3
774 832 3
775 833 3
776 834 3
777 835 3
779 837 3
780 838 3
781 839 3
782 840 3
783 840 3
783 841 3
784 842 3
791 849 2
792 850 3
799 857 3
863 865 3
808 867 3
867 868 3
812 813 3
816 817 3
763 821 3
763 822 3
822 823 3
823 824 3
825 826 3
827 828 3
828 829 3
830 831 3
831 832 3
832 833 3
833 834 3
834 835 3
835 836 3
836 837 3
837 838 3
838 839 3
782 839 3
841 842 3
842 843 3
849 850 3
857 858 3
862 863 3
864 865 3
811 868 3
811 869 3
813 814 3
814 815 3
820 821 3
821 822 3
824 825 3
829 830 3
840 841 3
848 849 3
850 851 3
863 864 3
868 869 3
815 816 3
839 840 3
787 904 3
788 904 3
852 854 3
804 863 3
808 865 3
808 866 3
847 848 3
860 861 3
865 866 3
866 867 3
817 818 3
845 904 3
856 857 3
818 820 3
847 904 3
797 913 3
861 862 3
796 913 3
856 913 3
786 902 3
845 902 3
854 913 3
843 902 3
854 911 3
852 911 3
820 877 3
860 917 3
818 877 3
856 914 3
858 917 3
816 874 3
913 914 3
815 874 3
817 875 3
818 875 3
861 919 3
862 919 3
865 922 3
824 882 3
825 882 3
863 922 3
864 922 3
867 925 3
860 918 3
868 925 3
815 873 3
817 874 3
823 882 3
826 884 3
834 892 3
861 918 3
862 920 3
873 874 3
875 876 3
818 876 3
827 884 3
831 889 3
832 890 3
833 890 3
835 892 3
847 906 3
848 906 3
857 914 3
858 916 3
917 918 3
863 920 3
866 924 3
867 924 3
812 870 3
814 873 3
820 878 3
821 879 3
822 880 3
823 881 3
825 883 3
827 885 3
828 886 3
829 887 3
830 888 3
832 889 3
833 891 3
835 893 3
836 894 3
837 895 3
838 896 3
839 897 3
840 898 3
841 899 3
842 900 3
843 901 3
845 903 3
849 906 3
849 907 3
850 908 3
851 909 3
852 909 3
857 915 3
857 916 3
919 920 3
863 921 3
813 870 3
813 871 3
874 875 3
877 878 3
878 879 3
879 880 3
880 881 3
881 882 3
883 884 3
884 885 3
885 886 3
886 887 3
887 888 3
888 889 3
890 891 3
891 892 3
892 893 3
893 894 3
894 895 3
895 896 3
838 897 3
897 898 3
898 899 3
899 900 3
900 901 3
903 904 3
907 908 3
852 910 3
914 915 3
920 921 3
868 926 3
869 926 1
870 871 3
814 871 3
876 877 3
889 890 3
896 897 3
901 902 3
902 903 3
909 910 3
854 912 3
918 919 3
882 883 3
906 907 3
910 911 3
912 913 3
921 922 3
925 926 3
850 909 3
911 912 3
915 916 3
865 923 3
866 923 3
871 873 3
916 917 3
922 923 3
924 925 3
923 924 3
908 909 3
904 906 3
873 930 3
906 963 3
871 930 3
904 963 3
918 976 3
919 976 3
911 969 3
912 969 3
876 934 3
877 934 3
921 980 3
922 980 3
923 980 3
877 935 3
902 960 3
903 960 3
910 969 3
915 974 3
916 974 3
923 982 3
924 982 3
874 932 3
875 933 3
934 935 3
894 952 3
901 960 3
906 964 3
907 964 3
917 974 3
873 931 3
874 931 3
875 932 3
876 933 3
878 935 3
885 943 3
887 945 3
895 952 3
963 964 3
912 971 3
913 971 3
920 978 3
926 985 3
870 928 3
871 929 3
930 931 3
878 936 3
879 937 3
880 938 3
881 939 3
882 940 3
883 941 3
884 942 3
884 943 3
886 944 3
886 945 3
888 946 3
889 947 3
890 948 3
891 949 3
892 950 3
893 951 3
895 953 3
896 954 3
897 955 3
898 956 3
899 956 3
899 957 3
900 958 3
901 959 3
903 961 3
904 962 3
907 965 3
908 965 3
908 966 3
910 968 3
914 972 3
915 973 3
919 978 3
921 978 3
928 929 3
929 930 3
931 932 3
935 936 3
936 937 3
937 938 3
938 939 3
939 940 3
940 941 3
941 942 3
942 943 3
943 944 3
945 946 3
946 947 3
947 948 3
948 949 3
949 950 3
950 951 3
951 952 3
952 953 3
953 954 3
954 955 3
955 956 3
957 958 3
958 959 3
959 960 3
960 961 3
961 962 3
965 966 3
909 966 3
914 971 3
932 933 3
956 957 3
962 963 3
964 965 3
909 967 3
909 968 3
968 969 3
925 982 3
944 945 3
966 967 3
971 972 3
925 983 3
926 984 3
933 934 3
973 974 3
919 1035 3
980 982 3
967 968 3
915 972 3
976 1035 3
982 983 3
925 984 3
978 1035 3
984 985 3
917 976 3
972 973 3
921 1038 3
921 1037 3
980 1038 3
978 1037 3
1037 1038 3
980 1039 3
982 1039 3
912 1029 3
971 1029 3
983 984 3
972 1030 3
973 1030 3
965 1024 3
966 1024 3
969 1029 3
969 1028 3
1028 1029 3
931 989 3
935 993 3
974 1033 3
917 1033 3
983 1041 3
930 988 3
931 988 3
932 989 3
933 991 3
934 993 3
976 1033 3
978 1036 3
982 1040 3
984 1041 3
984 1042 3
934 991 3
965 1023 3
968 1027 3
969 1027 3
1036 1037 3
985 1042 3
929 988 3
932 991 3
938 997 3
939 997 3
943 1001 3
945 1003 3
949 1008 3
950 1008 3
954 1012 3
955 1012 3
959 1017 3
964 1023 3
1038 1039 3
983 1040 3
1041 1042 3
985 1043 3
928 986 3
929 987 3
988 989 3
932 990 3
934 992 3
936 993 3
936 994 3
937 995 3
940 998 3
941 999 3
942 1000 3
944 1001 3
944 1003 3
946 1003 3
946 1004 3
947 1004 3
947 1005 3
948 1006 3
949 1007 3
951 1009 3
952 1010 3
953 1011 3
955 1013 3
956 1014 3
957 1015 3
958 1016 3
960 1017 3
960 1018 3
961 1018 3
962 1020 3
963 1021 3
964 1021 3
964 1022 3
1023 1024 3
974 1032 3
1039 1040 3
1042 1043 3
986 987 3
987 988 3
990 991 3
992 993 3
994 995 3
938 995 3
997 998 3
998 999 3
999 1000 3
1000 1001 3
1003 1004 3
1004 1005 3
947 1006 3
1006 1007 3
1007 1008 3
1008 1009 3
1009 1010 3
1010 1011 3
1011 1012 3
1012 1013 3
1013 1014 3
1014 1015 3
1015 1016 3
1016 1017 3
1020 1021 3
967 1024 3
1027 1028 3
972 1029 3
973 1032 3
1040 1041 3
993 994 3
1005 1006 3
961 1020 3
1021 1022 3
989 990 3
967 1027 3
1032 1033 3
991 992 3
1022 1023 3
1030 1032 3
1035 1036 3
1017 1018 3
1029 1030 3
1001 1003 3
