0.0108151 0.0215621 6.18646
-0.00532491 0.0194998 6.59996
-0.00393961 -0.00201866 6.75102
0.0150112 -0.00331098 5.36927
0.00754875 -0.0194211 6.31513
-0.00559905 0.00679065 7.41863
-0.010583 -0.00195242 8.3336
-0.0146105 0.0386049 8.28613
-0.0111268 0.0681887 6.94885
0.0204371 0.0478141 1.21401
0.0140997 0.00879021 3.59265
0.00192621 -0.0166304 6.86011
0.281379 -0.0230318 -59.3539
-0.0396073 -0.0772244 30.8209
-0.0642821 -0.130055 38.7554
-0.0719612 -0.0048513 39.0509
-0.0765981 -0.000145625 40.5381
-0.0743339 -0.017241 41.6413
-0.0654134 -0.0189831 36.793
-0.0468758 -0.00677107 29.1294
0.0382238 -0.0423127 -8.05937
0.016177 -0.00361294 2.09528
0.013938 -0.0402295 3.47033
0.0415457 -0.0752733 -10.1867
0.0785285 -0.0481196 -29.4545
0.0239691 0.127151 -2.2413
0.0138346 0.167178 3.22235
-0.0316279 0.0415071 30.3344
-0.0257175 0.0341969 26.9485
-0.0481576 -0.0197822 42.0077
-0.0140298 -0.00487015 19.1314
0.00919373 -0.0384704 4.9647
-0.0101625 -0.00714284 16.8872
-0.00124534 -0.0574104 11.8236
-0.0023175 -0.00910365 20.1382
0.0177263 0.00223423 4.59668
0.0516625 -0.0141902 -21.6735
0.0251133 -0.0193224 0.10617
0.00864026 0.0143329 12.5028
-0.0150506 0.0108308 32.9071
-0.00710343 -0.00374939 26.1243
-0.0129461 0.0417881 29.6154
-0.00731181 0.0459639 24.0864
0.309624 0.116628 -275.073
0.0407992 0.0973505 -14.8834
-0.00514016 0.0191863 31.3156
0.025447 -0.0332347 2.39883
-0.0459914 -0.0686239 74.9517
-0.0612954 -0.0611333 89.7633
0.0184974 -0.0591699 4.68522
0.0572264 -0.111364 -35.7473
0.010806 -0.0444927 13.2997
-0.00650303 -0.0099368 32.7544
0.00177819 -0.0381773 23.6418
0.064773 0.00728741 -56.8318
0.0894402 0.0884631 -88.0802
0.159146 0.0811491 -171.373
0.181189 0.038352 -197.19
-0.00501989 0.00798629 6.86844
-0.0110672 0.0140236 6.71376
-0.0243566 -0.00440029 7.87415
0.0101932 0.0015824 5.35864
0.0192988 -0.00272597 4.69332
0.0135435 0.0113314 4.90476
-0.00558465 0.0163239 7.26257
0.0058682 0.0267698 5.22912
-0.00367972 0.0382788 6.51389
0.0121352 0.0338213 3.50563
0.00459872 0.0113384 5.72955
0.00841106 -0.00429386 5.12077
0.0508614 -0.034948 -5.06463
0.112127 -0.178996 -17.5778
0.0692372 -0.175723 -3.97392
0.0293797 -0.0938953 6.44907
-0.0622491 -0.0110838 35.657
-0.0261102 -0.0245442 18.9522
-0.044471 -0.00520951 27.8641
-0.0241541 0.01991 18.9903
0.00210166 0.0547571 6.13595
0.00832346 0.017224 5.07613
-0.0378624 -0.0544787 28.4834
0.015223 -0.0382714 1.31542
0.0205148 -0.0504864 -0.266622
-0.03085 -0.0496157 27.4811
-0.0626895 -0.0423315 45.4205
0.156094 -0.189208 -77.6402
-0.0538638 0.0125093 44.5703
-0.0548248 -0.0211023 46.175
-0.0113371 -0.14705 21.3437
-0.00710795 -0.0931319 16.6331
0.0154363 -0.0384007 -0.265184
-0.0120869 -0.0973003 20.1787
0.0313642 -0.0295447 -4.75458
0.0167438 -0.0138152 5.69966
0.0393125 -0.019574 -11.7489
0.00822645 -0.0359633 14.134
0.0343069 -0.0312228 -7.79251
0.00501618 -0.0191734 16.9756
-0.000865708 -0.0204512 21.3438
0.0114037 -0.0296906 10.7834
0.00559252 0.0620784 11.7164
0.284563 0.0021071 -243.881
0.00288172 0.0228057 23.7218
-0.0240593 0.00432119 50.158
-0.0255852 -0.0260834 52.5645
-0.0757568 -0.076709 105.345
-0.0674991 -0.0883795 95.5809
0.0217531 -0.076624 1.40051
0.0465621 -0.0773855 -25.5542
0.0561244 -0.0663182 -36.8295
0.030888 -0.0189672 -9.43064
-0.0359423 -0.00809305 66.6056
-0.0394062 -0.00880956 69.9713
0.0645183 0.0746081 -56.9214
0.124286 0.0550121 -127.942
0.106607 0.000535509 -104.372
0.0120024 0.00565424 6.74395
-0.00747145 0.0205333 6.47361
-0.0201212 0.0269695 6.83815
-0.00268243 0.0242226 5.54919
0.0211647 0.0171652 3.77174
0.0195593 0.0252748 3.73125
0.000146404 0.0223677 6.40228
-0.00211822 0.0194867 6.91229
-0.00601247 0.0150586 7.7817
-0.00274306 0.0152244 7.04312
-0.0054576 0.0101821 7.93284
-0.00142869 0.00656002 7.10107
0.00572277 0.00169363 5.46448
0.0264902 -0.00524518 -0.255118
0.0486075 -0.0923801 -2.05064
0.0470393 -0.0790184 -0.294646
0.00580883 -0.064364 12.3262
-0.0103515 -0.0490915 18.3243
-0.00801531 -0.0280429 16.0636
-0.0211588 -0.0797975 24.7792
-0.0279298 0.0327893 21.6162
-0.0601946 -0.0418138 38.7786
-0.0441838 -0.0307264 29.9967
-0.0377786 -0.0244679 26.4368
0.0186131 -0.0511902 0.166335
-0.0262605 -0.0432675 24.2662
-0.0799342 -0.0349332 53.7784
-0.0672107 -0.0448345 47.0305
-0.151196 -0.020309 105.994
0.0303479 -0.0254958 -12.9857
0.0188557 -0.0866508 -1.97805
0.00944384 -0.0854716 4.64286
-0.00699948 -0.0951158 16.639
-0.00546724 -0.0397509 12.0926
0.0239819 -0.0106081 0.0959929
0.029226 -0.0032617 -4.31292
0.011351 -0.00700436 9.68374
-0.00235333 -0.0350518 22.2118
0.00632524 -0.0562013 16.2281
0.000867184 -0.0508973 20.7757
0.00231049 -0.0571109 20.1881
-0.00272362 -0.092619 26.119
0.0447038 -0.0711942 -18.6765
0.164835 -0.0326614 -132.128
0.0279372 -0.0169312 1.4162
-0.0329127 -0.00286352 59.5536
-0.100508 -0.0947966 130.609
-0.0903049 -0.0536734 118.986
-0.019534 -0.0936932 46.0728
-0.0243427 -0.0570133 49.5667
0.0387563 -0.082025 -16.9932
0.0939799 -0.0396813 -79.2823
0.0566125 -0.0101291 -38.2549
-0.0255236 -0.00289506 54.4459
-0.0215218 -0.0023702 48.7149
0.0583405 0.0187088 -47.1292
0.0847691 0.0236148 -78.7485
0.0120477 -0.0309882 12.7141
0.00929287 0.00499003 6.67612
0.00645747 0.0035642 7.01351
-0.00687887 0.0125863 7.03597
0.00506835 0.0212245 5.28539
0.0131984 0.0218014 4.40495
0.0112835 0.00808446 5.86175
0.0060407 0.0102917 6.48264
-0.00576407 0.0152971 7.69943
-0.0101301 0.0126838 8.76725
-0.00958572 0.0137053 8.61172
-0.0104044 0.00894368 9.1312
0.0031013 0.00646931 6.08773
-0.00895519 0.00339406 9.48048
0.00988391 -0.0152979 5.33628
0.0546984 -0.0670774 -4.62922
0.0679138 -0.0616578 -8.88984
0.03044 -0.0648621 4.05023
0.00260647 -0.0376647 11.8481
-0.00792522 -0.0392014 16.3674
-0.0415435 -0.0282666 29.3589
-0.0463986 -0.00660177 30.4952
-0.0563264 -0.0276621 36.5461
-0.0393968 -0.0155432 27.2475
-0.015172 -0.0270765 15.6981
0.0198757 -0.0322485 -1.84747
0.000359418 -0.0594538 11.2941
-0.0268269 -0.0295269 24.0095
-0.0407848 -0.0401693 31.0087
-0.036014 -0.0944097 39.6493
0.0094154 -0.045068 0.905938
0.0134731 -0.0542599 -1.38366
0.0408728 -0.0203567 -21.338
0.0212231 -0.0292091 -7.25508
0.0169427 -0.00759137 -5.85898
0.0309829 -0.0178588 -4.57594
0.0163807 -0.0160676 6.42322
0.0297359 -0.0288749 -3.32835
-0.00614105 -0.024649 24.7053
0.00346172 -0.0290907 16.9413
0.00874684 -0.0546021 14.233
-0.00808595 -0.0821054 31.3816
-0.0115214 -0.0768624 32.6947
0.044192 -0.0855128 -17.8408
0.475478 -0.0190243 -423.693
0.117204 -0.0363837 -83.2413
0.0406562 -0.016295 -11.1167
-0.287881 -0.171704 321.482
0.0548045 -0.029088 -36.8456
0.0158908 -0.0391966 5.50531
-0.0195463 -0.0246696 41.3289
0.0657074 -0.0350236 -49.8548
0.105334 -0.0155215 -94.4457
0.0612656 -0.0228295 -42.602
-0.0283078 -0.000277585 57.5749
-0.0164957 0.0146022 41.9256
0.0558886 0.0282087 -44.5786
-0.0108014 0.0922623 9.07912
0.259932 -0.184251 -283.881
0.0161219 0.0230747 5.1426
0.00134917 0.0225658 5.47295
-0.00385569 0.0157964 6.31941
0.00168303 0.0138304 6.08649
0.0118573 0.0164588 5.105
0.00232003 0.00854288 6.89878
0.00575447 0.00414113 6.9681
-0.0032867 0.0185688 7.03345
0 0 -1
-0.0128484 0.00735705 9.82262
-0.00880547 0.00651824 9.07878
-0.0121453 0.0171209 8.81259
-0.0107097 0.000517262 10.03
-0.0121548 -0.0100119 11.5044
0.0187306 -0.0725613 7.90102
0.0103205 -0.125488 15.7155
0.035638 -0.0542189 2.28133
0.00642432 -0.0366238 10.6976
-0.0447586 -0.0677411 33.8009
-0.0291234 -0.079222 28.8155
0.0281551 0.00891475 -3.09404
-0.068486 -0.0279922 42.5505
-0.0565345 -0.0373581 37.244
-0.00864777 -0.0508089 14.8176
0.0104403 -0.0674119 6.66989
-0.0279207 -0.0757051 28.9715
-0.0449818 -0.0388072 34.821
-0.0395004 -0.0329646 30.0888
0.00783403 -0.173825 19.0961
0.00759733 -0.0156518 -0.880217
0.0240297 -0.0160296 -11.3073
0.0627498 -0.0150508 -37.2917
0.0228421 -0.00399958 -10.289
0.0160184 -0.00264202 -5.61895
0.0124072 -0.00734171 -2.67839
0.015493 -0.0226998 7.63734
0.0250372 -0.0134439 -0.56004
-0.0259435 -0.0377926 42.2731
-0.000319158 -0.0366138 20.9291
0.0080809 -0.0372158 13.6995
-0.0221325 -0.0455709 40.4411
-0.00509797 -0.0651936 26.2848
0.0503309 -0.0568021 -24.3405
0.183315 -0.0319806 -148.994
0.186284 -0.0540899 -149.006
0.111079 -0.0360366 -77.9477
-0.00101268 -0.0555293 22.1028
0.0605759 -0.00182684 -45.2847
0.0454496 0.000737594 -28.8592
-0.0022661 0.00943823 19.9899
0.0820078 0.0248092 -73.2457
0.116721 0.0231963 -110.048
0.0605471 -0.00579373 -43.8933
-0.00977501 0.0125926 34.9251
0.015043 0.0231754 4.65437
-0.031813 0.0644876 36.3171
0.036961 0.103062 -50.3096
-0.00220046 0.119011 -3.57752
0.00469874 0.0490089 2.32741
0.0026441 0.0594864 1.17625
-0.000164015 0.0337959 3.78591
0.0128085 0.0240637 4.1148
0.00348904 0.0222064 5.15985
-0.000765781 0.0165485 6.25819
0.00396577 0.0115776 6.2621
0.00824162 0.0092031 5.90201
-0.00416903 0.0100531 12.9144
-0.0208738 0.000270671 12.0051
0.00459491 0.00212146 6.5959
-0.0177769 0.0143672 10.6356
-0.0339579 -0.00921661 17.6401
-0.0394586 -0.0259889 20.5227
-0.022431 -0.0486949 18.8497
-0.0300381 -0.0680736 23.0687
-0.0193225 -0.0684013 19.0316
0.0917088 -0.0832714 -18.0828
0.0212555 -0.0585616 7.32539
0.0423059 -0.275554 20.1307
-0.00875 -0.167984 29.0141
-0.0436178 -0.170184 45.8716
0.0451721 -0.0751085 -8.97766
-0.0181218 -0.0724101 22.7228
0.00158838 -0.0610547 10.192
-0.0142279 -0.068098 20.0163
-0.0404681 -0.0490724 32.536
-0.0112644 -0.0219059 12.2884
-0.00389686 -0.0466771 10.5285
0 0 -1
0.0250569 0.0162259 -15.73
0.0794027 0.0115174 -51.2901
0.0389881 -0.0070503 -21.1229
0.0163407 -0.00649657 -5.27356
0.0113732 -0.00371609 -2.28312
0.0152996 0.00109638 -5.87464
0.00660585 -0.0149868 14.2149
-0.0335096 -0.0134029 44.9858
0.0527414 -0.000698788 -27.9338
-0.0232712 -0.0643047 44.2989
0.00509404 -0.114653 25.0375
0.0205862 -0.0441882 2.10469
0.13867 -0.0293577 -108.598
0.203397 -0.0410587 -166.894
0.185006 -0.0657831 -145.969
0.171435 -0.0639278 -133.394
0.0259558 -0.0370119 -6.18307
0.0594607 0.0100845 -46.3387
0.00624631 0.00870531 11.6525
0.0732731 0.029548 -63.2535
0.113789 0.0704551 -111.627
0.0802382 0.0346881 -70.2492
0.0340642 0.0150457 -16.3589
0.0114583 -0.0152381 12.9407
-0.0743982 0.0827083 86.055
0.028107 0.0783303 -37.1087
0.0776016 0.110392 -99.0585
0.0373213 0.131812 -53.1547
0.0228835 0.076022 -0.800031
0.0152551 0.0640397 1.35276
-0.0288988 0.0772573 0.531945
-0.000868835 0.0622473 0.219398
-0.000186161 0.0511631 1.86741
-0.00783008 0.0511555 2.53961
-0.0129693 0.0404079 4.9211
0.00163702 0.0285018 4.26608
-0.012636 0.0322248 6.48715
-0.0285322 0.0160172 11.5885
0.00128803 0.00675548 6.51163
-0.00310359 0.0047117 8.12848
-0.0273807 0.00220667 14.7959
-0.0524226 0.00755228 20.8607
-0.00215467 -0.0076133 6.5569
-0.0358476 -0.0126146 17.5564
0.0113984 0.0142666 -3.54521
0.0163096 0.00724094 -3.16332
0.0342885 -0.110007 2.89166
0.0113545 0.0152258 -4.32238
-0.0137937 0.0593602 -0.174556
-0.00598092 -0.0151181 7.24154
0.0142702 -0.0220307 -1.56096
-0.00781084 -0.0489475 13.5032
-0.0171066 -0.05136 19.085
-0.0311806 -0.0471975 27.0102
-0.0150753 -0.0528334 18.4936
-0.0215177 -0.0285395 19.4801
-0.00741736 -0.0444434 12.8344
0.0237761 -0.00660341 -12.0263
0.0726935 -0.00605787 -43.3214
0.0586253 0.00319339 -35.5597
0.0341739 -0.0241574 -15.4237
0.0281409 -0.0136045 -12.9192
0.025406 0.00499412 -13.8837
0.0214419 0.0117536 -12.0866
0.0102528 -0.00103757 7.95276
-0.0345353 0.00789926 41.9458
0.0757016 0.0166805 -48.9528
0.0554802 0.00663956 -30.8138
-0.00521542 -0.09777 30.6418
0.256812 0.00166998 -214.69
0.159954 -0.0473458 -126.285
0.152564 -0.0887994 -113.151
0.152789 -0.2225 -95.4491
-0.0330897 -0.0539805 54.7465
0.0539691 -0.0340436 -35.5965
0.0876074 -0.0240765 -70.7626
0.113125 -0.00305392 -99.3042
0.0240665 0.011665 -7.3726
0.0951297 0.0314752 -85.962
0.0438166 0.0158485 -26.3225
0.0209481 0.0259949 -2.72007
-0.00831929 0.0107784 32.3339
-0.0315897 0.0874669 34.2164
0.0489119 0.086587 -61.5791
0.0699033 0.0926054 -87.1928
0.0420543 0.070127 -50.5289
0.0188386 0.040765 4.45922
0.005536 0.0298094 6.54936
-0.0219887 0.0318161 7.20916
-0.0157967 0.0471052 4.13752
-0.00855308 0.0423254 4.44789
-0.0138033 0.0427817 4.92396
-0.0160318 0.0349038 6.36406
-0.0105443 0.0390891 4.73193
-0.0225746 0.027881 8.84926
-0.0288835 0.025061 10.1266
0.00601022 0.0194141 3.45355
-0.0144487 0.00765782 10.3757
-0.0281844 0.00126013 15.0066
-0.044047 0.0316076 14.3657
-0.0304315 0.0424087 8.30313
-0.0179928 0.0660862 0.00847271
0.00137615 0.0879558 -10.4587
0.0332973 0.0136615 -9.66001
-0.0456606 0.0390382 16.5102
-0.00371249 0.0314966 0.399169
-0.00256256 0.0302001 -0.989342
-0.0142387 0.0524463 1.21604
-0.0318835 0.0267917 13.2499
-0.00634522 0.0148703 3.03265
-0.0194578 0.0396172 7.17875
-0.0441442 -0.0728946 38.385
-0.00843621 -0.0641205 16.3451
-0.00897702 -0.0230467 10.4767
0.00601289 -0.0316516 2.6885
0.0337773 -0.0304587 -14.8015
0.0481972 -0.0272942 -24.524
0.0136833 -0.0562284 3.25073
0.0303056 -0.0350329 -12.3175
0.0853727 -0.0298116 -52.4229
0.031897 0.00771021 -19.2224
0.0388945 -0.0180187 -20.5097
0.0278246 0.00522365 -15.257
0.0310755 0.0102075 -18.6201
0.0867502 0.0215252 -59.6189
0.0717791 0.0200009 -46.6495
0.052543 -0.00165632 -33.8756
0.335802 0.0115125 -286.318
0.0659947 -0.083503 -33.8233
0.0293315 -0.0841353 1.075
-0.0388119 -0.0501083 60.7847
0.00238315 0.0421663 3.61008
0.00823424 -0.0136659 6.55212
0.0716696 -0.0330724 -52.7697
0.117247 -0.0129706 -101.973
0.0538367 0.000281819 -37.2805
-0.0421438 0.0763273 42.9798
0.018793 0.0239895 -0.141186
0.00500479 0.0127272 17.0415
-0.0287234 0.00743304 56.2661
-0.0278436 0.0335076 38.4838
0.031953 0.0693378 -38.1887
0.0540072 0.0376114 -52.161
0.0704392 0.0383392 -72.3522
0.0113953 0.0431074 3.79668
-0.00344358 0.0422674 4.36965
-0.0210189 0.0534135 2.87362
-0.0245075 0.0456456 4.55512
-0.00530425 0.0417342 3.6487
-0.00463284 0.0444933 3.07
-0.005788 0.0592341 0.444319
-0.0106668 0.0573769 1.60059
-0.0222068 0.0643245 2.36411
-0.0185994 0.0552079 2.37044
0.00490984 0.0237123 3.17412
-0.0235856 0.0088989 12.715
-0.0212469 0.0156519 10.557
-0.026292 0.0319619 9.14923
-0.0273065 0.0971427 -2.52995
-0.0330592 0.108969 -2.50458
0.0162473 0.0816831 -13.5189
-0.00181617 0.113149 -12.9657
-0.0160138 0.223034 -28.2523
0.00397391 0.0986159 -14.3696
-0.00517703 0.190799 -27.1013
-0.0171532 0.182912 -20.5291
-0.0105768 0.276897 -41.1091
0.014315 0.262985 -50.7368
-0.0399998 0.188813 -8.33538
-0.0235663 0.255648 -29.693
-0.00430384 0.296728 -47.7527
0.00967504 0.0209062 7.13615
0.0153579 0.0182537 3.96185
-0.00787308 0.0113768 19.4737
0.00193474 0.305409 -52.2997
0.000179858 0.309606 -51.9297
0.0147152 0.284763 -57.3225
0.00732635 0.214835 -38.8493
0.0299836 0.0843713 -31.2461
0.0263929 0.0741289 -27.1461
0.0471816 0.0246434 -33.8843
0.117159 0.0296104 -91.2859
0.0805467 0.0306488 -55.7346
0.0633398 0.000275304 -35.9012
0.0261024 0.0172672 -14.2467
0.022685 0.0191154 -11.4376
0.0083027 -0.0097018 6.82005
0.0394941 -0.0232467 -20.4391
0.012272 0.00874767 0.710074
-0.0052331 0.0231898 14.7858
0.0208795 0.0253256 -11.4893
-0.0023753 0.0310981 10.389
0.334055 -0.0186831 -329.098
-0.0399721 0.0190721 59.3025
-0.0258686 0.0621295 27.6298
-0.0220624 -0.00633102 35.3635
0.0421647 0.22906 -78.8659
0.0378589 0.499333 -122.378
0.0449219 0.0226457 -37.5372
0.0231448 0.0478707 -17.0586
0.0572066 0.0207968 -53.013
0.0715789 0.0378673 -73.6804
0.00230499 0.123481 -12.379
0.0253038 0.134584 -15.2948
0.00760851 0.148471 -18.2536
-0.00597758 0.1598 -19.2032
-0.00924261 0.109192 -9.62807
-0.013207 0.122771 -11.4801
-0.00409982 0.200353 -28.148
0.00421315 0.117554 -12.8232
-0.0192625 0.172509 -19.3329
-0.0125505 -0.0314578 16.6393
-0.0149021 0.297905 -45.7973
-0.00615595 0.311083 -50.6737
-0.0140285 0.320136 -50.5771
-0.00791562 0.314784 -51.087
-0.0155122 0.207369 -26.5594
0.00438385 0.337855 -59.749
0.00554776 0.312149 -54.8153
0.0151786 0.272958 -50.402
-0.00206326 0.315008 -52.4989
0.00666576 0.315658 -56.339
0.000661178 0.271197 -44.292
-0.0114704 0.282042 -41.4238
-0.00396649 0.288458 -46.3703
-0.00327658 0.291671 -47.4769
-0.0044922 0.308637 -50.3194
0.00341205 0.31033 -54.9374
0.010357 0.31242 -59.1424
0.026322 0.0279935 -4.29705
-0.00955005 0.0113426 20.6553
-0.006892 0.0136768 18.6022
0.0303375 0.307649 -71.2526
0.0159433 0.328905 -66.0596
0.0329417 0.478235 -108.195
0.0607429 0.594979 -151.926
0.0172742 0.148031 -33.0977
0.377023 0.139274 -302.114
0.0374825 0.53157 -125.073
0.0527929 0.00850671 -35.3342
0.0615267 0.0392294 -48.8048
0.032197 0.0153323 -19.1276
0.0206346 0.0456237 -15.1814
0.0288714 0.0495314 -23.1196
0.0160483 0.0474447 -11.2982
0.0181762 0.0407191 -12.4906
0.0403574 0.0550044 -35.5501
0.0129073 0.0761586 -13.6567
0.0347034 0.0126401 -22.9897
0.0235733 0.0493989 -19.1789
0.253327 0.0139391 -250.496
-0.04417 0.0443549 58.2117
-0.0933358 0.0785201 103.911
-0.0138018 0.0584887 21.1755
0.025504 0.0598732 -22.4406
0.0332935 0.0642902 -32.3731
0.0280204 0.03723 -20.723
0.0257829 0.0441881 -20.1816
0.0494917 0.0490135 -49.7491
0.0981775 0.0545021 -109.916
0.0358793 0.231808 -35.8736
0.0364861 0.251514 -40.1089
0.0119234 0.256696 -40.3659
-0.000862252 0.282365 -45.5174
-0.00355655 0.280514 -45.3393
-0.00551918 0.263436 -41.0394
0.0011097 0.317838 -54.4803
0.00645672 0.262295 -42.9656
-0.00707434 0.275699 -43.4919
0.0107038 -0.00360754 32.6423
0.000959947 0.336939 -58.4763
-0.000919797 0.336728 -57.7932
0.00365185 0.343776 -60.916
-0.0064625 0.267498 -41.8907
0.0162845 0.354487 -66.5509
0.00481609 0.339646 -59.6143
0.006327 0.312348 -54.3191
0.00427344 0.308391 -52.9038
-0.00594853 0.302235 -47.887
-0.00923215 0.300558 -46.6314
-0.00704032 0.293745 -45.9787
0.00164598 0.312111 -54.0719
0.0047807 0.31755 -56.639
-0.00589986 0.316539 -51.1289
0.00689086 0.323743 -59.4251
0.00777629 0.313766 -57.7907
0.00750933 0.294372 -52.952
0.062144 0.196395 -62.5707
-0.0076349 0.237638 -30.6387
-0.00370304 0.294056 -46.4285
0.0261523 0.296365 -66.3982
0.0646609 0.273625 -86.8049
0.0702134 0.231353 -80.6654
0.0531946 0.240474 -70.6174
0.0711443 0.248585 -85.9082
0.0488977 -0.0181685 -2.8166
0.0120816 0.450391 -87.984
0.0091782 0.295235 -50.4236
0.00425179 0.318346 -52.9047
0.00338645 0.347233 -58.3593
-0.00787338 0.294187 -35.9522
-0.0116969 0.213436 -14.0638
-0.00840696 0.196449 -13.3089
0.0305549 0.0988179 -35.3416
0.0403129 0.177009 -61.7181
0.0353756 0.172721 -56.1053
-0.0232678 0.334865 -34.8047
0.0173175 0.259623 -58.9482
0.0644643 0.0957267 -70.3533
0.0262886 0.0572032 -20.2614
-0.0189585 0.0994553 18.8754
-0.00878783 0.092278 8.26565
0.0101522 0.13156 -20.9886
0.00625667 0.136824 -17.1669
-0.00622219 0.0989186 5.75659
0.0288119 0.108879 -38.1437
0.0656275 0.108095 -81.746
0.0507895 0.0893427 -59.5548
0.0385026 0.274821 -45.8488
0.0293937 0.273236 -45.1217
0.0166781 0.275657 -45.18
0.0183864 0.319119 -56.0568
-0.00298399 0.345293 -60.9442
0.0117188 0.361558 -65.8691
0.0203784 0.368923 -69.4398
0.0125556 0.356779 -65.7129
0.0144302 0.368879 -67.7934
-0.012573 0.0048821 35.6852
-0.0202275 0.32883 -50.2059
-0.00413171 0.32868 -53.8824
0.00271781 0.327741 -55.6113
-0.00784257 0.313784 -49.2619
-0.0207525 0.288992 -39.3847
-0.0113356 0.301667 -45.4445
-0.0116881 0.292186 -43.5245
-0.00767927 0.290168 -44.5588
-0.00244071 0.315099 -52.7295
-0.00467509 0.329317 -55.6738
0.00646975 0.320547 -58.0158
0.00180119 0.327284 -57.5925
-0.000388648 0.317827 -54.0598
-0.00190962 0.321794 -54.5396
-0.000677775 0.327625 -56.4606
0.0124767 0.320319 -61.7061
0.0029771 0.320621 -56.4871
-0.00352096 0.324748 -53.8091
-0.00560435 0.307346 -48.4352
-0.0034008 0.315415 -51.5092
0.00154732 0.314211 -54.4382
0.0332253 0.281553 -67.6717
0.0698054 0.242837 -83.2991
0.0759193 0.238973 -86.6631
0.089026 0.235621 -95.6074
0.0597352 0.277093 -83.7719
-0.0100821 0.328618 -42.146
0.00494507 0.347759 -58.6931
-0.0239992 0.355548 -36.8813
0.0117192 0.315196 -57.2878
-0.0145262 0.320805 -35.6544
-0.0156227 0.30384 -30.9665
-0.0270672 0.324402 -27.1129
-0.0144031 0.282977 -29.4303
-0.0192611 0.304273 -29.1499
0.02138 0.42133 -98.359
0.0576452 0.429014 -136.456
0.0404115 0.306154 -87.4886
0.00200564 0.0231089 13.02
-0.0358261 0.492382 -58.8027
-0.0103233 0.119468 4.92316
0.00723864 0.141168 -19.8589
0.0104217 0.144425 -23.7872
0.0135263 0.150172 -29.0458
0.00771381 0.150483 -21.9302
0.0185219 0.154355 -35.1827
0.0390723 0.157372 -61.0513
-0.0316037 0.176795 20.8191
0.0343535 0.279981 -46.9822
0.0234555 0.274499 -45.0779
0.0514159 0.417556 -83.3741
0.0161798 0.547738 -115.906
0.0113369 0.378321 -69.202
0.0199073 0.374508 -69.3729
0.0147276 0.348335 -61.861
0.0199578 0.334792 -59.5484
0.0272896 0.315866 -56.324
-0.0160632 0.278258 -37.9144
-0.0175996 0.27116 -35.7954
-0.0154988 0.27761 -38.0536
-0.0231062 0.257319 -30.8994
-0.00856414 0.273432 -39.4727
-0.00792648 0.284996 -43.005
-0.00997411 0.299597 -46.0329
-0.00686286 0.318411 -52.1053
-0.00396156 0.310561 -51.004
0.00153486 0.320823 -55.7944
-0.000856631 0.32433 -55.6876
0.000335378 0.331693 -58.1817
0.00662905 0.328903 -60.2695
0.00329621 0.324771 -57.5372
-0.00649733 0.324325 -52.485
-0.00389857 0.321409 -53.0829
0.00610297 0.324318 -59.4188
0.00186601 0.320502 -55.8688
-0.00770815 0.315817 -48.9494
-0.000316369 0.315807 -53.4615
0.000489941 0.322728 -55.7958
-0.00504889 0.323225 -52.4272
0.00321254 0.313877 -55.5784
0.0407534 0.283067 -73.4238
0.0591481 0.250458 -77.7145
0.074641 0.245165 -87.546
0.100855 0.236747 -105.463
0.049195 0.189515 -51.7179
0.0521182 0.236254 -66.0797
-0.00379678 0.318819 -43.7764
-0.0159828 0.276783 -23.1778
-0.0145367 0.293057 -29.401
-0.0149475 0.300418 -31.3991
0.0253713 -0.123164 50.1235
0.0102201 -0.0856236 54.412
-0.00404553 0.325482 -48.9391
0.00918544 0.331187 -62.9505
0.0167991 0.325853 -68.6394
0.000451218 0.303069 -45.8573
-0.00902633 0.310791 -37.6773
-0.0137627 0.342745 -41.7028
-0.0422349 0.35363 -14.1503
-0.0269316 0.375719 -37.153
-6.10288e-08 0.375502 -66.5199
-0.0188653 0.405597 -53.7897
0.0111468 0.151651 -26.3784
0.0238627 0.14466 -39.5268
-0.028116 0.458714 -57.1227
-0.0998413 0.236473 89.4457
-0.0210016 0.236097 -25.7068
-0.0236691 0.255007 -31.1723
-0.0179054 0.278527 -38.3504
-0.01048 0.336812 -55.8582
-0.00369318 0.294523 -44.076
-0.00615278 0.302471 -46.3274
-0.0136103 0.278408 -38.4805
-0.0237197 0.27279 -35.3542
-0.0237019 0.263363 -32.5966
-0.018162 0.253277 -30.9968
-0.0113376 0.263192 -35.4514
-0.0118271 0.275536 -39.1507
-0.000747654 0.297231 -48.5479
0.00410124 0.315142 -55.0365
0.00217982 0.311253 -53.1512
-0.00221615 0.322952 -55.0608
0.00106609 0.327794 -57.5193
-0.00260638 0.32001 -54.0378
0.00749644 0.32855 -60.3583
0.00399573 0.329135 -59.0129
0.00279346 0.335373 -60.2649
-0.00161892 0.321943 -54.3883
-0.00203913 0.32129 -54.0671
-0.00285446 0.320149 -53.3318
-0.00145274 0.328736 -56.6341
-0.00146535 0.324308 -55.2136
-0.00275077 0.315936 -51.8919
-0.00236093 0.319354 -53.1544
0.00357602 0.331894 -60.422
-0.00618495 0.333091 -54.7185
-0.00198521 0.327616 -55.8635
0.00125251 0.330134 -58.7053
0.00801148 0.319864 -60.576
0.0377159 0.296593 -75.1137
0.0765975 0.257375 -92.4712
0.0893111 0.216609 -89.8145
0.0685498 0.23176 -78.5503
0.0512445 0.217306 -60.2715
-0.011963 0.257656 -21.0075
-0.0240702 0.305986 -24.8489
-0.0144214 0.348973 -45.3889
0.0066302 0.347478 -64.1699
-0.00934544 0.3512 -51.0509
-0.00308038 0.359678 -59.8941
0.0131241 0.354498 -73.6121
0.0175005 0.341504 -74.6875
0.00965457 0.33296 -64.2029
0.0107978 0.343764 -67.4777
-0.00257682 0.334476 -51.4232
0.00196724 0.348094 -60.4771
-0.0197778 0.361961 -40.9251
-0.00868791 0.363161 -53.4057
0.0118758 0.339392 -69.3671
0.0340583 0.365473 -102.699
0.00602497 0.373807 -73.2198
-0.000509871 0.41233 -76.4634
0.0574446 0.399773 -142.569
0.0411833 0.306356 -94.3679
-0.004441 0.22888 -23.6757
-0.00258698 0.2408 -27.4296
-0.00780803 0.277437 -38.4939
-0.012064 0.266473 -34.7871
-0.0183889 0.241913 -26.6663
-0.0223478 0.244464 -27.1825
-0.0212909 0.243464 -27.319
-0.0234412 0.250427 -29.1445
-0.0169439 0.276757 -38.5624
-0.000304805 0.315088 -53.7686
-0.00447084 0.312967 -52.3055
0.00209824 0.322604 -56.6091
-0.000340333 0.319667 -54.9832
0.0111612 0.323124 -59.3789
0.0124014 0.318767 -58.4933
0.0127097 0.328139 -61.5043
-0.00393286 0.325628 -54.9728
-0.00354405 0.321778 -53.9572
0.0035717 0.323434 -57.2827
0.00785666 0.325058 -59.4518
0.00124966 0.318562 -54.5342
-0.00718319 0.31726 -50.3294
0.000288966 0.320789 -55.0564
-0.00191628 0.322434 -54.4208
-0.000494303 0.323184 -55.4573
-0.00276277 0.322586 -54.008
0.00801962 0.322342 -60.0855
0.009607 0.332425 -64.2354
0.00128147 0.325852 -57.1531
-0.00279881 0.327452 -55.1492
0.00228242 0.328991 -58.9227
0.00108797 0.327228 -57.5172
-0.000754027 0.330406 -57.3912
0.00944073 0.319025 -61.2511
0.0577788 0.270936 -82.1904
0.0709185 0.248203 -85.1873
0.0724128 0.250857 -87.2389
0.0530758 0.270375 -77.9479
0.01036 0.329226 -61.0831
0.0239171 0.344588 -76.6343
0.00979659 0.364323 -70.2676
-0.0030568 0.390521 -67.0825
-0.0248002 0.395609 -49.629
-0.0260922 0.413418 -54.2664
-0.00527346 0.397453 -69.2054
-0.00758942 0.37087 -58.0954
0.00543279 0.336253 -59.9626
0.0204793 0.326376 -72.4401
0.00299946 0.313606 -50.032
-0.00129389 0.344268 -55.3205
-0.00217494 0.329754 -50.3771
-0.0150463 0.330545 -35.7451
-0.0078651 0.327586 -43.278
0.0132323 0.324454 -66.8643
0.0120604 0.33837 -69.694
0.0131947 0.334297 -69.7721
0.00933566 0.321417 -60.7271
0.0276898 0.302431 -77.0588
-0.000188718 0.216855 -19.8121
-0.00056254 0.211911 -18.1067
-0.00497239 0.227623 -22.8981
-0.0219196 0.211528 -16.6056
-0.0200875 0.222759 -20.9066
-0.00927137 0.260435 -34.7089
-0.00255491 0.307212 -51.4099
0.00648413 0.327316 -58.8968
0.00338017 0.343059 -63.5266
0.00413837 0.336356 -61.4564
0.00233236 0.330396 -59.0371
0.00100077 0.330435 -58.7326
0.00598399 0.325125 -58.2766
0.000605599 0.332726 -59.4287
0.00722673 0.324612 -58.6163
0.0051698 0.32429 -57.808
-0.00290863 0.307564 -49.3964
-0.00233804 0.313852 -51.7921
0.00537096 0.320919 -57.129
-0.00099371 0.314348 -52.3584
0.00598667 0.323516 -58.4022
-0.00236033 0.32151 -54.0664
-0.00183541 0.324068 -55.2638
0.00353223 0.326179 -58.5214
-0.00196246 0.321229 -54.0913
0.00260527 0.329395 -59.2379
0.00208546 0.324281 -57.1612
0.00981129 0.322785 -61.2182
-0.00213666 0.316983 -52.1499
-0.00137617 0.323942 -54.9617
-0.00270854 0.323784 -53.9332
0.00043978 0.323066 -55.8295
-0.000415128 0.323142 -55.2474
0.000941718 0.328043 -57.9258
0.0108881 0.320159 -62.6347
0.0366091 0.294736 -73.7251
0.056164 0.299442 -90.774
0.0717904 0.252613 -87.0734
0.0565809 0.292015 -87.4046
0.0529873 0.297672 -86.0298
0.0443112 0.320759 -85.7601
-0.00811914 0.335115 -44.2496
-0.0153018 0.366414 -48.0593
-0.0141503 0.387997 -56.6658
-0.0172764 0.38516 -53.1948
-0.0206579 0.35571 -39.9728
-0.0226853 0.368606 -42.9179
0.0138679 0.355541 -75.2418
0.00263006 0.335555 -56.7616
-0.00829349 0.320674 -40.0503
-0.00805756 0.324251 -41.5609
-0.0144273 0.327793 -35.4904
-0.00219188 0.3458 -56.1493
0.0162776 0.339363 -74.8037
0.0225258 0.326909 -77.6778
-0.00954375 0.312169 -34.7813
-0.00806763 0.35323 -50.6517
-0.00760942 0.320966 -40.7619
-0.00447371 0.206994 -16.3843
-0.00652164 0.199819 -13.8175
-0.00536266 0.202885 -14.9069
0.0126438 0.237755 -28.6699
0.0185029 0.287234 -46.5284
0.0114531 0.330593 -60.7925
0.0199881 0.346625 -67.5028
0.00285196 0.331096 -59.1926
0.00280144 0.312044 -52.4794
-0.000154509 0.314852 -53.0549
0.00686823 0.315897 -54.9451
0.00298195 0.318866 -55.0579
0.000677958 0.325127 -56.7003
-0.00400114 0.32471 -55.1636
-0.00354535 0.31376 -51.4051
0.000297669 0.313621 -52.6899
0.0030171 0.312695 -53.2675
0.00392117 0.315988 -54.8369
0.00171772 0.324299 -56.8662
-0.00351643 0.32217 -54.0473
-0.00066362 0.313401 -52.0045
0.00135379 0.309459 -51.609
0.00257892 0.313816 -53.7618
0.00375169 0.320307 -56.6012
0.00989946 0.327694 -62.5215
0.00229565 0.330029 -59.2638
0.00096572 0.319904 -54.8651
-0.0053301 0.316043 -49.7657
-0.00306292 0.309384 -48.7932
-0.000881134 0.317666 -53.0521
-0.00188543 0.318387 -52.6471
-0.00309596 0.317487 -51.5731
0.00397085 0.323767 -58.6298
0.0017104 0.3225 -56.5067
0.00388501 0.320109 -57.3153
0.0134042 0.308063 -60.3216
0.0411043 0.277842 -71.4884
0.0481754 0.256107 -69.4951
0.078776 0.245955 -90.5727
0.0871665 0.258254 -101.411
0.0431656 0.289074 -74.549
0.0347116 0.262676 -57.9966
0.000423377 0.309479 -43.5275
-0.0037768 0.321099 -43.835
-0.0146796 0.347204 -42.2299
-0.0264227 0.358318 -35.4999
0.0132239 0.378544 -81.9763
0.0152982 0.359753 -77.0979
-0.0200689 0.374506 -46.1824
-0.0144938 0.338874 -39.9805
0.00311396 0.337936 -58.8195
0.00751211 0.376179 -76.8864
-0.0146273 0.354264 -44.3664
0.00706282 0.358908 -70.6757
0.00267915 0.278821 -37.1405
0.00185891 0.331857 -54.7206
-0.0274457 0.360919 -29.6728
-0.00264755 0.336828 -51.5431
-0.00936981 0.200478 -14.0262
-0.00805773 0.19457 -11.9003
0.000283275 0.189758 -10.5965
0.0523448 0.269956 -42.9095
0.0363688 0.313537 -57.2215
0.0190701 0.3464 -67.1979
6.62469e-06 0.315535 -53.4862
-0.000559755 0.280435 -40.6392
-3.20676e-05 0.283746 -41.8488
0.00248195 0.293892 -46.0916
0.00497469 0.295694 -47.3102
0.0032044 0.296977 -47.3642
0.00182361 0.302659 -49.0315
-0.00465602 0.29513 -44.4361
0.00511315 0.285479 -43.9491
0.00744515 0.29113 -46.9165
-0.00134866 0.309139 -50.3604
-0.000505442 0.300713 -47.6298
-0.000983778 0.305226 -49.0287
-0.00271522 0.298969 -46.0615
-0.0020646 0.293036 -44.0678
-0.00238206 0.285559 -41.2926
0.00678708 0.289096 -46.9512
0.00809586 0.294886 -49.7249
0.00370027 0.30166 -49.9424
0.0016822 0.293592 -45.8733
0.00264056 0.306812 -51.1718
-0.00824714 0.293305 -39.8703
-0.00106534 0.297245 -45.6248
-0.00210241 0.29159 -42.9217
0.00134561 0.304015 -49.6146
0.00145484 0.30408 -49.7994
0.00191107 0.301442 -49.1763
0.00835856 0.307013 -55.7269
0.00256851 0.321786 -56.8736
0.00395555 0.303907 -51.528
0.0125588 0.292515 -54.0488
0.0162264 0.26624 -47.4846
0.0682964 0.240154 -80.1692
0.0895409 0.232079 -94.4578
0.04934 0.2542 -67.8495
0.0198227 0.235472 -35.058
0.0118771 0.262051 -37.4053
-0.000461661 0.301815 -40.5529
0.00776374 0.292205 -44.7062
-0.00943399 0.311639 -35.0399
0.00439339 0.344695 -61.1203
-0.000453103 0.318922 -46.6185
-0.00498771 0.352472 -54.181
0.0505856 -0.0502992 46.8118
-0.0162084 0.392749 -56.2274
-0.0177529 0.377454 -49.1947
-0.00882347 0.364618 -54.4392
-0.00212483 0.339189 -53.0176
0.00103992 0.310841 -46.3795
-0.00479127 0.293833 -33.1983
-0.0182498 0.312369 -23.7669
-0.0339687 0.310768 -3.923
