0 1 3
1 2 3
2 61 3
4 61 3
4 5 3
5 6 1
6 7 3
7 8 3
8 9 3
9 10 3
10 11 3
11 13 3
13 14 3
14 15 3
15 16 3
16 17 3
17 18 3
18 19 3
19 20 3
20 21 3
21 22 3
22 23 3
23 25 0
25 26 3
26 27 2
27 28 2
28 29 3
29 30 3
30 31 3
31 32 3
32 33 3
33 34 3
34 35 3
35 36 3
36 37 3
37 38 3
38 39 3
39 40 3
40 42 3
42 43 3
43 44 3
44 45 3
45 46 3
46 47 3
47 49 3
49 51 3
51 52 3
52 53 1
53 54 0
54 55 3
55 56 3
56 57 3
49 106 3
49 107 3
47 106 3
27 85 0
32 90 3
33 90 3
40 98 3
28 85 3
106 107 3
51 107 3
55 113 1
56 114 1
57 114 1
57 115 1
11 69 3
13 69 3
55 114 1
13 71 3
17 74 3
25 82 3
27 84 0
51 109 3
113 114 3
114 115 3
10 69 3
69 71 3
16 74 3
19 77 3
21 79 3
22 79 3
23 81 3
23 82 0
26 84 3
107 109 3
54 112 1
2 60 3
15 73 3
18 77 3
25 83 3
55 112 1
60 61 3
6 64 3
7 64 3
8 66 3
16 73 3
36 94 3
37 94 3
44 102 3
7 66 3
9 66 3
22 81 3
82 83 3
39 98 3
40 100 3
42 100 3
45 102 3
47 105 3
0 58 3
1 58 3
4 63 3
5 63 3
81 82 0
26 83 3
37 95 3
98 157 3
43 101 3
45 103 3
1 59 3
18 76 3
33 92 3
34 92 3
35 152 3
36 152 3
38 95 3
38 153 3
39 97 3
98 100 3
46 103 3
46 105 3
53 112 3
58 59 3
6 63 0
9 67 3
17 76 3
22 80 2
35 92 3
35 93 3
94 152 3
94 95 3
95 153 3
43 102 3
105 106 3
106 165 3
107 165 3
52 109 0
2 59 3
10 67 3
14 72 3
14 73 3
76 77 3
20 77 3
20 79 3
80 81 1
92 93 3
93 152 3
112 113 3
64 66 3
14 71 2
72 73 3
79 80 0
90 92 3
38 97 3
43 100 3
102 103 3
66 67 3
67 69 3
71 72 3
29 87 3
30 87 3
97 98 3
100 157 3
46 104 3
53 110 3
63 64 1
30 88 3
31 88 3
103 104 3
52 110 2
59 60 3
73 74 3
74 76 3
104 105 3
4 120 3
77 79 3
84 85 3
87 88 3
31 147 3
101 102 3
61 120 3
63 120 3
88 147 3
32 147 3
66 124 0
109 110 1
100 101 3
110 112 3
83 84 3
28 87 3
90 147 3
97 153 3
98 156 3
110 169 3
85 87 3
156 157 3
109 166 3
112 169 3
77 136 0
79 136 0
79 137 0
80 137 2
90 149 3
107 166 3
61 119 3
67 128 3
69 128 3
73 131 3
136 137 3
102 160 3
103 160 3
119 120 3
71 128 3
72 131 3
74 132 3
97 155 3
110 168 3
60 118 3
61 118 3
64 123 0
67 125 0
153 155 3
63 122 3
64 122 0
66 123 0
66 125 0
73 132 3
85 143 3
87 145 3
92 149 3
168 169 3
113 171 3
118 119 3
123 124 3
71 130 2
81 139 0
87 143 3
88 145 3
105 163 3
106 163 3
59 117 3
60 117 3
63 121 3
124 125 3
72 130 3
130 131 3
82 139 3
84 143 3
160 161 3
103 161 3
114 172 3
115 172 3
120 121 3
121 122 3
126 128 1
76 134 3
80 139 2
98 155 3
101 160 3
106 164 3
169 170 3
112 170 3
113 172 3
58 116 3
117 118 3
127 128 1
131 132 3
77 134 3
92 150 3
93 150 3
163 164 3
164 165 3
171 172 3
115 231 3
59 116 3
122 123 3
126 127 3
76 132 3
83 142 3
84 142 3
90 148 3
100 158 3
101 158 3
104 163 3
112 171 3
128 129 2
71 129 2
132 134 3
82 140 3
155 156 3
104 161 3
67 126 0
137 139 3
149 150 3
95 152 3
110 166 0
116 117 3
125 126 3
77 193 0
145 204 3
88 204 3
148 149 3
152 153 3
157 158 3
170 171 3
129 130 1
145 203 3
136 193 3
203 204 3
147 148 3
158 160 3
172 231 3
82 142 3
142 143 3
147 204 3
93 209 3
150 209 3
152 209 3
139 140 3
140 142 3
104 220 1
134 191 0
134 193 0
137 196 3
139 196 3
157 215 1
160 217 1
161 220 1
166 225 3
110 225 0
132 191 0
134 192 0
158 216 1
163 220 1
169 228 3
170 228 3
192 193 3
142 258 3
143 258 3
143 145 3
158 217 1
168 225 0
168 226 3
199 258 3
155 212 3
158 215 1
160 218 1
172 230 3
122 181 3
123 181 3
147 205 3
152 210 3
153 212 3
156 215 1
215 216 3
217 218 3
164 222 3
166 224 3
118 176 3
191 192 1
143 203 3
225 226 2
230 231 3
119 176 3
121 179 3
148 205 3
150 207 3
209 210 3
116 175 3
117 175 3
120 179 3
122 179 3
128 186 0
143 202 3
202 203 3
148 206 3
149 207 3
156 214 1
163 221 1
165 223 3
165 166 3
117 176 3
124 182 3
125 182 3
153 211 3
214 215 3
216 217 3
221 222 0
166 223 3
224 225 3
116 174 3
120 178 3
123 182 3
125 183 3
126 184 3
127 185 3
127 186 3
129 186 2
129 188 1
130 188 3
131 188 3
136 194 3
137 195 3
150 208 3
210 211 3
211 212 3
155 214 1
164 223 3
174 175 3
119 178 3
178 179 3
182 183 3
183 184 3
184 185 3
131 189 3
132 189 3
190 191 3
193 194 3
194 195 3
195 196 3
204 205 3
207 208 3
220 221 3
169 226 2
169 285 3
171 228 3
171 230 3
175 176 3
196 197 3
139 197 3
202 258 3
148 207 3
161 218 1
223 224 3
226 285 3
205 206 3
228 285 3
208 209 3
212 214 1
185 186 3
188 189 3
206 207 3
161 277 1
220 277 3
179 238 3
122 238 3
181 182 3
132 190 0
197 255 3
226 284 0
228 230 3
181 238 3
189 190 0
218 277 3
176 234 3
225 284 3
222 223 3
176 178 3
142 199 3
175 234 3
140 199 3
222 280 1
225 283 3
176 235 3
178 235 3
186 245 3
129 245 1
196 255 3
283 284 3
203 261 3
223 280 1
179 237 3
204 261 3
214 272 3
221 280 3
228 286 3
230 287 3
237 238 3
191 250 1
140 197 3
214 271 3
215 273 3
216 273 3
230 286 3
192 250 3
204 262 3
205 262 3
231 289 3
178 236 3
181 239 3
182 239 3
197 199 3
220 278 3
221 278 3
224 283 3
285 286 3
286 287 3
235 236 3
205 263 3
206 263 3
211 270 2
212 270 1
277 278 3
178 237 3
182 241 3
183 241 3
185 243 3
189 247 3
224 282 3
175 233 3
236 237 3
184 242 3
184 243 3
199 255 3
212 271 1
223 282 3
230 289 3
174 232 3
175 232 3
234 235 3
182 240 3
183 242 3
242 243 3
186 244 3
129 246 1
188 247 3
190 249 3
191 249 3
193 251 3
194 252 3
195 253 3
196 254 3
202 261 3
206 264 3
207 265 3
270 271 2
216 274 3
217 275 3
218 276 3
221 279 3
223 281 1
282 283 3
230 288 3
233 234 3
238 239 3
239 240 3
240 241 3
243 244 3
244 245 3
249 250 3
250 251 3
251 252 3
252 253 3
253 254 3
254 255 3
261 262 3
262 263 3
263 264 3
207 264 3
208 265 3
273 274 3
274 275 3
275 276 3
276 277 3
278 279 3
279 280 3
280 281 3
287 288 3
232 233 3
241 242 3
258 259 3
202 259 3
210 268 3
211 268 3
271 272 3
272 273 3
281 282 0
288 289 3
245 246 3
129 247 1
264 265 3
208 266 3
209 267 3
210 267 3
189 249 0
209 266 3
267 268 3
211 327 3
265 266 3
266 267 3
268 327 3
246 247 1
247 249 0
247 306 0
249 306 3
259 261 3
281 340 3
282 340 1
258 316 3
268 325 3
259 316 3
261 318 3
267 325 3
235 294 3
236 294 3
259 318 3
285 343 3
199 315 3
286 343 3
247 305 3
255 315 3
305 306 0
255 313 3
313 315 3
199 316 3
263 321 3
264 321 3
271 329 3
277 335 3
234 292 3
270 327 2
272 329 3
278 335 3
283 341 3
226 343 3
233 292 3
241 299 3
279 337 3
282 341 3
283 342 3
284 342 3
284 343 1
289 346 3
235 292 3
242 299 3
244 302 3
245 302 3
245 303 3
246 303 3
249 307 3
250 309 3
251 309 3
253 311 3
254 311 3
254 313 3
315 316 3
263 320 3
278 337 3
280 337 3
280 339 3
281 339 3
288 346 3
232 290 3
235 293 3
238 296 3
239 297 3
240 298 3
242 300 3
246 304 3
306 307 3
252 310 3
253 310 3
254 312 3
259 317 3
262 320 3
264 322 3
265 323 3
272 330 3
273 331 3
274 332 3
275 333 3
276 334 3
278 336 3
280 338 3
340 341 0
233 290 3
292 293 3
293 294 3
237 296 3
296 297 3
297 298 3
298 299 3
243 302 3
247 304 0
250 307 3
309 310 3
312 313 3
317 318 3
261 320 3
321 322 3
264 323 3
266 323 3
270 328 3
329 330 3
330 331 3
331 332 3
332 333 3
333 334 3
277 334 3
335 336 3
337 338 3
338 339 3
339 340 3
341 342 3
287 346 3
233 349 3
237 294 3
303 304 3
322 323 3
327 328 2
336 337 3
286 344 3
287 344 3
346 347 3
302 303 3
310 311 3
311 312 3
316 317 3
318 320 3
266 325 3
270 329 2
334 335 3
342 343 1
287 345 3
292 349 3
299 300 3
243 300 3
243 359 3
328 329 2
343 344 3
344 345 3
345 346 3
300 359 3
320 321 3
290 349 3
304 305 1
325 327 3
320 377 3
318 377 3
266 382 3
327 384 3
302 359 3
325 382 3
325 384 3
294 353 3
237 353 3
296 353 3
323 382 3
340 398 3
328 385 0
341 398 1
327 385 3
335 393 3
307 366 3
317 375 3
318 375 3
321 379 3
334 393 3
250 366 3
320 379 3
321 380 3
322 380 3
296 354 3
297 354 3
309 366 3
313 373 3
315 373 3
375 376 3
322 381 3
323 381 3
345 404 3
346 404 3
305 363 3
318 376 3
325 383 3
342 400 3
343 400 0
292 350 3
293 350 3
297 356 3
298 356 3
302 360 3
304 362 3
305 362 0
310 368 3
311 368 3
316 373 3
317 374 3
383 384 3
336 393 3
347 404 3
290 348 3
300 358 3
303 360 3
303 362 3
362 363 1
307 365 3
365 366 3
309 368 3
311 369 3
312 369 3
312 371 3
313 371 3
313 372 3
328 387 2
329 387 3
330 388 3
331 389 3
332 390 3
333 391 3
334 392 3
336 394 3
337 395 3
338 396 3
339 397 3
340 397 3
341 400 3
348 349 3
293 351 3
299 357 3
358 359 3
303 361 3
368 369 3
372 373 3
380 381 3
381 382 3
328 386 1
387 388 3
388 389 3
389 390 3
390 391 3
391 392 3
392 393 3
393 394 3
394 395 3
395 396 3
396 397 3
397 398 3
349 350 3
294 351 3
297 355 3
356 357 3
300 357 3
359 360 3
361 362 3
306 365 3
379 380 3
385 386 1
341 399 3
344 403 2
345 403 2
353 354 3
354 355 3
355 356 3
306 363 1
374 375 3
398 399 0
399 400 3
350 351 3
309 367 3
369 371 3
371 372 3
404 405 0
360 361 3
366 367 3
317 373 3
403 404 2
367 368 3
376 377 3
402 403 3
351 352 3
294 352 3
357 358 3
382 383 3
384 385 3
344 402 0
363 365 0
366 424 3
328 445 2
343 459 0
343 402 0
402 460 3
404 462 0
352 353 3
386 445 3
400 459 3
405 462 3
402 459 3
403 460 2
387 445 3
353 411 3
369 428 3
377 379 3
403 462 2
354 411 3
371 428 3
373 374 3
350 408 3
349 407 3
352 411 3
367 424 3
350 407 3
365 422 3
379 436 3
380 438 3
459 460 3
351 408 3
377 436 3
379 438 3
397 456 3
398 456 3
363 422 0
368 424 3
368 427 3
369 427 3
373 431 3
375 433 3
399 457 3
400 457 3
362 420 3
372 431 2
374 431 3
374 433 3
348 406 3
355 413 3
358 416 3
361 420 3
362 421 1
363 421 3
365 423 3
377 435 3
435 436 3
398 457 0
403 461 2
462 463 3
405 463 3
349 406 3
352 410 3
354 413 3
356 413 3
356 415 3
357 415 3
358 415 3
422 423 3
366 423 3
371 429 3
431 433 3
381 438 3
456 457 0
406 407 3
351 409 3
351 410 3
354 412 3
359 416 3
428 429 3
372 429 3
372 430 3
379 437 3
381 439 3
388 446 3
389 447 3
390 448 3
391 449 3
392 450 3
393 451 3
394 452 3
395 453 3
396 454 3
397 455 3
460 461 3
408 409 3
410 411 3
356 414 3
368 426 1
427 428 3
430 431 3
376 434 3
436 437 3
437 438 3
382 439 3
385 443 1
386 443 0
387 446 3
446 447 3
447 448 3
448 449 3
449 450 3
450 451 3
451 452 3
452 453 3
453 454 3
454 455 3
407 408 3
414 415 3
415 416 3
420 421 1
363 479 3
424 426 1
377 434 3
443 501 3
409 410 3
412 413 3
422 479 1
382 441 3
383 441 3
384 441 3
384 500 1
384 443 1
443 445 3
455 456 3
461 462 3
411 412 3
413 414 3
359 417 3
360 417 3
421 479 3
426 427 3
375 434 3
443 500 3
445 446 3
360 418 3
360 420 3
438 439 3
416 417 3
417 418 3
429 430 3
434 435 3
382 498 3
441 500 1
439 498 3
424 425 1
426 485 2
427 485 3
485 543 3
441 498 3
457 459 3
418 420 3
420 477 3
425 426 3
460 517 1
433 434 3
441 499 1
459 517 1
418 477 3
423 424 3
431 490 3
433 490 3
499 500 1
407 465 3
434 491 3
408 465 3
415 474 3
416 474 3
433 491 3
456 514 0
457 514 3
406 465 3
414 472 3
457 515 3
408 467 3
411 469 3
415 472 3
447 506 3
448 506 3
459 515 3
459 516 3
461 517 1
462 521 3
463 521 3
409 467 3
412 469 3
490 491 3
434 493 3
435 493 3
436 494 3
438 497 3
439 497 3
501 560 3
453 511 3
454 511 3
516 517 3
461 518 1
461 519 3
462 519 3
406 464 3
410 468 3
412 471 3
413 471 3
413 472 3
472 473 3
415 473 3
420 478 3
424 482 3
428 486 3
429 486 3
435 494 3
437 494 3
437 495 3
438 495 3
438 496 3
443 560 3
446 504 3
447 504 3
449 507 3
450 508 3
451 510 3
452 510 3
453 510 3
515 516 3
517 518 3
464 465 3
467 468 3
468 469 3
471 472 3
421 478 0
425 482 3
426 483 3
485 486 2
434 492 3
496 497 3
500 501 3
445 504 3
447 505 3
506 507 3
507 508 3
451 508 3
456 513 2
514 515 3
519 577 3
412 470 3
473 474 3
416 475 3
417 475 3
477 478 3
425 483 3
492 493 3
497 498 3
498 499 1
505 506 3
451 509 3
454 512 2
455 513 2
418 476 3
491 492 3
493 494 3
495 496 3
508 509 3
511 512 3
454 513 2
513 514 0
519 521 3
474 475 3
418 475 3
479 595 0
422 424 3
431 489 3
443 504 3
504 505 3
510 511 3
470 471 3
478 479 1
479 537 3
424 595 1
509 510 3
518 519 0
469 470 3
475 476 3
537 595 3
424 480 3
489 490 3
476 477 3
480 595 1
480 482 3
429 545 2
430 545 2
430 489 3
486 545 2
512 513 3
494 495 3
498 557 1
504 560 0
504 561 0
482 483 3
483 484 3
426 484 3
484 485 2
484 543 2
465 523 3
430 546 2
560 561 3
465 524 1
408 524 1
545 546 3
499 557 3
464 523 3
408 525 1
467 525 1
467 526 1
468 526 1
469 526 1
473 531 3
474 531 3
474 532 3
475 532 3
489 546 3
490 548 2
496 555 3
497 555 3
524 525 3
531 532 3
489 548 3
493 551 3
494 551 3
501 559 3
513 571 2
525 526 3
471 530 1
472 530 1
478 536 3
491 548 2
559 560 3
512 571 2
469 527 1
470 528 1
471 528 1
471 529 1
472 531 1
500 559 3
504 562 0
505 562 0
507 565 3
519 578 3
526 527 3
529 530 3
475 533 3
477 536 3
536 537 1
482 539 3
515 573 3
516 573 3
577 578 3
521 578 3
470 527 1
530 531 3
476 533 3
476 534 3
480 539 3
491 549 2
492 550 3
498 555 3
505 564 2
506 564 2
507 564 2
513 572 2
514 572 3
514 573 3
521 579 3
528 529 3
486 544 2
548 549 3
491 550 3
493 550 2
494 553 3
495 553 3
498 614 2
557 614 3
500 558 3
561 562 3
564 565 1
508 565 3
510 569 0
511 569 0
512 569 0
512 570 2
480 538 3
485 544 2
544 545 3
551 552 3
494 552 3
496 554 3
499 558 1
558 559 3
505 563 0
510 568 0
570 571 3
571 572 3
516 574 3
517 575 3
519 576 3
523 524 1
527 528 3
532 533 3
533 534 3
483 539 3
483 541 3
484 541 3
484 542 3
549 550 3
552 553 3
555 614 3
509 566 3
509 568 0
516 575 3
517 576 3
518 576 3
538 539 3
539 597 3
539 541 3
541 542 3
542 543 2
550 551 3
563 564 1
508 566 3
568 569 3
572 573 3
573 574 3
575 576 3
576 577 3
464 522 3
495 554 3
557 558 1
522 523 3
543 544 2
489 547 3
578 579 3
546 547 3
547 548 3
574 575 3
477 534 3
538 595 1
541 597 3
562 563 3
569 570 3
554 555 3
565 566 3
553 554 3
533 591 3
509 625 3
534 591 3
566 625 3
568 625 1
541 599 3
542 599 2
477 593 3
568 626 1
534 592 3
534 593 3
558 616 3
591 592 3
592 593 3
550 609 3
551 609 2
557 616 1
625 626 3
570 628 3
571 628 3
572 630 3
526 585 3
527 585 3
590 591 3
536 593 3
597 599 3
548 606 3
549 606 3
550 608 3
573 630 3
530 589 3
531 589 3
532 589 3
533 590 3
536 594 3
538 597 3
599 600 3
542 600 2
544 602 3
545 603 3
549 608 3
552 609 2
561 619 3
565 624 3
566 624 3
568 627 3
569 627 3
573 631 3
574 631 3
576 634 3
522 580 3
524 583 3
525 583 3
530 588 3
537 594 0
543 601 2
544 603 3
546 604 3
547 605 3
608 609 3
552 610 2
555 613 3
559 617 3
560 617 3
560 619 3
562 620 3
563 621 3
564 622 2
569 628 3
631 632 3
575 633 3
576 633 3
577 634 3
579 637 3
523 580 3
525 584 3
526 584 3
588 589 3
532 590 3
543 600 2
603 604 3
546 605 3
605 606 3
606 607 3
549 607 3
609 610 3
553 610 2
553 611 2
553 612 2
554 612 2
555 612 3
613 614 3
557 615 3
616 617 3
619 620 3
562 621 3
563 622 3
565 622 0
571 629 3
571 630 3
630 631 3
574 632 3
578 637 3
524 582 3
584 585 3
528 586 3
529 588 3
589 590 3
601 602 3
611 612 3
614 615 3
615 616 3
560 618 3
565 623 0
628 629 3
632 633 3
582 583 3
583 584 3
585 586 3
529 586 3
529 587 3
597 598 3
600 601 3
602 603 3
604 605 3
607 608 3
612 613 3
617 618 3
618 619 3
620 621 3
621 622 3
627 628 3
629 630 3
587 588 3
610 611 3
622 623 3
623 624 1
624 625 3
626 627 0
523 582 1
586 587 3
594 595 1
633 634 3
598 599 3
577 693 3
578 693 3
578 694 3
634 693 3
693 694 3
624 739 3
623 739 1
595 653 3
594 653 1
637 694 3
538 655 3
597 655 3
580 582 3
595 655 3
598 655 3
622 680 3
629 688 3
630 688 3
598 656 3
599 656 3
608 666 3
616 675 3
623 680 3
582 639 3
582 640 3
586 643 3
654 655 3
607 666 3
632 749 3
580 639 3
583 640 3
585 643 3
595 654 3
609 666 3
614 672 3
629 687 3
633 749 3
585 642 3
591 593 3
593 594 3
613 672 3
615 673 3
617 675 3
634 750 3
584 642 3
589 647 3
609 668 3
612 671 3
613 671 3
614 673 3
625 683 3
626 683 3
627 685 1
628 685 1
628 687 1
631 749 3
583 641 3
584 641 3
586 644 3
587 645 3
588 647 3
590 647 3
594 651 3
594 652 1
655 656 3
603 661 3
610 668 3
580 638 3
587 644 3
588 646 3
590 648 3
591 648 3
651 652 3
600 658 3
601 659 3
602 660 3
603 660 3
604 661 3
604 662 3
605 663 3
605 664 3
606 664 3
609 667 3
611 668 3
611 670 3
612 670 3
616 674 3
618 675 3
619 678 3
620 678 3
621 679 3
624 683 3
626 684 3
630 689 3
631 689 3
689 749 3
691 749 3
693 750 3
640 641 3
643 644 3
587 646 3
593 651 3
652 653 3
658 659 3
659 660 3
662 663 3
607 664 3
607 665 3
666 667 3
667 668 3
615 674 2
618 677 3
619 677 3
620 679 3
679 680 3
627 684 1
685 687 3
688 689 3
633 691 3
638 639 3
644 645 3
646 647 3
599 657 3
661 662 3
663 664 3
664 665 3
665 666 3
671 672 3
672 673 3
683 684 3
641 642 3
642 643 3
591 651 3
653 654 3
656 657 3
657 658 3
660 661 3
674 675 3
678 679 3
688 746 3
634 691 3
639 640 3
645 646 3
677 678 3
684 685 3
629 746 2
691 750 3
687 746 3
689 747 3
747 749 3
647 648 3
670 671 3
673 674 3
618 676 3
675 676 3
676 677 3
591 708 3
668 727 3
611 727 3
623 738 1
651 708 3
670 727 3
680 738 1
738 739 3
648 708 3
674 732 2
648 707 3
673 732 3
707 708 3
666 724 3
637 753 3
667 724 3
667 726 3
668 726 3
678 736 3
748 749 3
694 753 3
662 720 3
652 710 3
653 710 3
663 720 3
664 722 3
665 722 3
726 727 3
673 731 3
687 744 3
747 748 3
644 701 3
648 706 3
656 714 3
671 730 3
672 730 3
672 731 3
679 738 1
685 744 3
749 750 3
642 701 3
643 701 3
644 702 3
706 707 3
655 714 2
661 720 3
693 751 3
638 696 3
639 697 3
640 698 3
641 699 3
701 702 3
645 702 3
647 706 3
653 711 3
657 716 3
658 716 3
659 717 3
660 718 3
661 719 3
663 721 3
665 723 3
665 724 3
667 725 3
727 728 3
670 728 3
671 729 3
675 732 2
677 736 3
678 737 3
679 737 3
683 741 3
684 742 3
688 747 3
694 751 3
696 697 3
697 698 3
640 699 3
642 699 3
647 705 3
651 710 3
654 711 3
655 713 3
657 714 3
657 715 3
716 717 3
717 718 3
718 719 3
719 720 3
720 721 3
721 722 3
722 723 3
723 724 3
724 725 3
725 726 3
729 730 3
731 732 3
736 737 3
624 798 3
683 742 3
685 742 3
685 743 3
705 706 3
713 714 3
715 716 3
730 731 3
737 738 1
739 798 3
624 741 3
746 747 3
750 751 3
694 752 3
698 699 3
714 715 3
671 728 3
741 742 3
742 743 3
646 705 3
710 711 3
654 713 3
675 733 2
645 703 3
646 704 3
651 709 3
709 710 3
654 712 3
728 729 3
732 733 3
743 744 3
751 752 3
646 703 3
704 705 3
708 709 3
711 712 3
712 713 3
741 798 3
702 703 3
676 733 2
676 736 3
752 753 3
703 704 3
676 792 2
733 792 3
699 758 2
642 758 2
701 758 3
750 808 3
676 793 2
736 793 3
744 746 3
749 808 3
792 793 3
744 803 3
709 768 3
710 768 3
746 803 3
748 806 3
716 775 3
717 775 3
736 794 3
737 794 3
749 806 3
701 759 3
711 768 3
724 783 3
725 783 3
743 802 3
744 802 3
758 759 3
702 759 3
713 771 3
698 757 2
699 757 2
708 766 3
709 766 3
714 771 3
718 776 3
719 776 3
729 787 3
738 796 2
739 796 3
697 756 2
698 756 2
702 760 3
707 765 3
707 766 3
712 770 3
713 770 3
720 779 3
721 779 3
726 783 3
726 784 3
727 784 3
728 787 3
733 791 3
793 794 3
737 796 3
752 810 3
753 810 3
756 757 3
703 760 3
704 763 3
705 763 3
706 763 3
706 765 3
766 768 3
768 769 3
711 769 3
716 774 3
719 777 3
720 778 3
723 782 3
724 782 3
732 791 3
791 792 3
737 795 3
739 797 3
696 754 2
697 755 2
757 758 3
759 760 3
703 761 3
704 762 3
706 764 3
714 773 3
715 773 3
716 773 3
774 775 3
717 776 3
720 777 3
778 779 3
722 779 3
722 780 3
723 781 3
727 785 3
728 786 3
730 788 3
731 789 3
732 790 3
797 798 3
741 799 3
742 800 3
743 800 3
743 801 3
747 806 3
750 809 3
751 809 3
751 810 3
754 755 3
755 756 3
761 762 3
764 765 3
711 770 2
770 771 3
714 772 3
775 776 3
776 777 3
780 781 3
781 782 3
782 783 3
784 785 3
785 786 3
786 787 3
787 788 3
788 789 3
789 790 3
790 791 3
799 800 3
801 802 3
808 809 3
762 763 3
765 766 3
769 770 3
772 773 3
773 774 3
777 778 3
779 780 3
783 784 3
794 795 3
795 796 3
798 799 3
802 803 3
749 807 3
809 810 3
763 764 3
796 797 3
807 808 3
753 811 0
760 761 3
771 772 3
746 805 3
810 811 0
800 801 3
747 805 3
805 806 3
768 825 3
806 807 0
807 865 3
746 862 3
810 868 3
766 825 3
811 868 1
792 850 3
803 862 3
805 862 3
791 850 3
793 851 3
792 851 3
805 863 3
805 807 0
807 864 2
809 868 3
757 815 3
768 826 3
769 826 3
780 839 3
781 839 3
794 852 3
797 856 3
798 856 3
802 860 3
803 860 3
756 814 3
756 815 3
825 826 3
769 827 3
773 831 3
774 831 3
774 832 3
783 841 3
785 843 3
793 852 3
805 864 0
808 866 3
809 866 3
763 821 3
770 827 3
772 831 3
775 832 3
782 839 3
784 841 3
786 843 3
850 851 3
799 856 3
801 859 3
864 865 3
814 815 3
758 815 3
758 817 3
759 817 3
760 817 3
764 821 3
771 829 3
772 829 3
831 832 3
782 841 3
800 859 3
802 859 3
754 812 3
755 813 3
756 813 3
758 816 3
760 818 3
761 818 3
762 820 3
766 824 3
770 829 3
772 830 3
775 833 3
776 834 3
777 835 3
778 836 3
779 837 3
780 838 3
782 840 3
784 842 3
784 843 3
786 844 3
787 845 3
788 845 3
789 848 3
790 848 3
791 849 3
851 852 3
796 855 3
797 855 3
799 857 3
800 858 3
803 861 3
811 869 2
812 813 3
816 817 3
817 818 3
761 820 3
820 821 3
765 823 3
766 823 3
770 828 3
833 834 3
834 835 3
835 836 3
836 837 3
837 838 3
839 840 3
840 841 3
841 842 3
843 844 3
844 845 3
788 846 3
789 846 3
789 847 3
848 849 3
849 850 3
857 858 3
858 859 3
859 860 3
861 862 3
807 866 3
809 867 3
867 868 3
815 816 3
761 819 3
764 822 3
765 822 3
826 827 3
827 828 3
828 829 3
829 830 3
830 831 3
838 839 3
846 847 3
795 855 3
863 864 3
813 814 3
818 819 3
822 823 3
847 848 3
795 852 3
860 861 3
865 866 3
819 820 3
821 822 3
823 824 3
824 825 3
832 833 3
842 843 3
845 846 3
866 867 3
856 857 3
868 869 0
855 856 3
869 926 3
795 912 2
855 912 2
856 913 2
862 863 3
868 926 3
826 884 3
827 884 3
852 912 3
855 913 2
849 907 3
912 913 3
856 914 2
823 882 3
824 882 3
850 907 3
852 911 3
911 912 3
913 914 3
857 914 2
857 915 2
865 923 3
825 882 3
825 884 3
843 901 3
844 901 3
848 907 3
914 915 3
858 916 2
816 874 3
819 877 3
821 879 3
822 879 3
822 881 3
823 881 3
829 887 3
830 888 3
831 888 3
842 901 3
851 910 3
852 910 3
915 916 3
859 916 2
815 874 3
817 875 3
820 877 3
820 879 3
830 887 3
840 898 3
844 903 3
845 903 3
859 917 2
860 917 2
814 872 3
815 873 3
817 874 3
818 875 3
818 877 3
833 891 3
834 891 3
839 897 3
839 898 3
845 904 3
846 904 3
847 905 3
848 905 3
916 917 3
860 918 2
812 870 3
813 871 3
815 872 3
873 874 3
818 876 3
822 880 3
881 882 3
825 883 3
828 886 3
829 886 3
887 888 3
832 890 3
834 892 3
835 893 3
836 894 3
837 895 3
838 896 3
839 896 3
841 898 3
841 899 3
842 899 3
850 908 3
851 909 3
860 919 2
861 919 2
861 920 2
862 920 2
865 924 3
866 924 2
870 871 3
871 872 3
874 875 3
875 876 3
876 877 3
879 880 3
880 881 3
882 883 3
827 885 3
827 886 3
831 890 3
890 891 3
892 893 3
893 894 3
894 895 3
895 896 3
896 897 3
898 899 3
846 905 3
907 908 3
908 909 3
909 910 3
910 911 3
917 918 3
918 919 3
863 865 3
923 924 3
872 873 3
820 878 3
883 884 3
884 885 3
885 886 3
886 887 3
831 889 3
891 892 3
897 898 3
844 902 3
903 904 3
919 920 3
863 920 2
863 921 2
877 878 3
878 879 3
888 889 3
901 902 3
902 903 3
904 905 3
848 964 3
920 921 3
842 900 3
905 964 3
867 924 2
867 925 3
889 890 3
899 900 3
924 925 3
869 984 3
907 964 3
863 980 2
867 926 3
926 984 3
900 901 3
921 980 3
863 923 3
923 980 3
925 926 3
890 948 3
889 948 3
891 948 3
891 949 3
892 949 3
893 951 3
879 937 3
884 942 3
885 942 3
892 951 3
898 957 3
899 957 3
900 958 3
925 983 2
878 937 3
880 937 3
882 940 3
896 954 3
899 958 3
914 972 3
920 978 3
926 983 2
872 930 3
873 930 3
874 932 3
881 940 3
883 940 3
888 946 3
893 952 3
894 952 3
895 954 3
897 954 3
901 959 3
902 959 3
909 968 3
910 968 3
913 972 3
919 977 3
921 978 3
923 981 3
924 981 3
925 982 2
870 928 3
871 929 3
873 931 3
875 932 3
875 933 3
876 934 3
877 935 3
878 935 3
878 936 3
880 938 3
881 939 3
883 941 3
887 946 3
892 950 3
895 953 3
897 955 3
898 956 3
957 958 3
902 960 3
903 960 3
903 961 3
904 962 3
905 963 3
963 964 3
964 965 3
907 965 3
908 966 3
909 967 3
911 968 3
911 969 3
912 970 3
913 971 3
915 973 3
916 975 3
917 975 3
918 976 3
919 976 3
921 979 3
924 982 3
928 929 3
929 930 3
930 931 3
931 932 3
932 933 3
875 934 3
877 934 3
936 937 3
881 938 3
939 940 3
941 942 3
889 946 3
952 953 3
953 954 3
955 956 3
956 957 3
958 959 3
959 960 3
960 961 3
961 962 3
962 963 3
907 966 3
966 967 3
967 968 3
968 969 3
969 970 3
970 971 3
971 972 3
915 972 3
916 973 3
975 976 3
977 978 3
978 979 3
979 980 3
982 983 3
938 939 3
885 944 3
886 944 3
887 945 3
950 951 3
980 981 3
983 984 3
933 934 3
935 936 3
937 938 3
940 941 3
887 944 3
945 946 3
949 950 3
951 952 3
954 955 3
965 966 3
976 977 3
981 982 3
934 935 3
885 943 3
944 945 3
889 947 3
947 948 3
972 973 3
942 943 3
943 944 3
946 947 3
973 975 3
948 949 3
975 1032 3
965 1022 3
973 1032 3
941 999 3
944 1003 3
945 1003 3
964 1022 3
942 999 3
935 993 3
943 1001 3
944 1001 3
949 1007 3
973 1031 3
936 993 3
939 998 3
940 998 3
947 1005 3
967 1025 3
972 1031 3
983 1042 1
984 1043 1
933 991 3
937 995 3
938 995 3
946 1005 3
948 1006 3
949 1006 3
954 1012 3
955 1012 3
958 1016 3
966 1025 3
972 1030 3
982 1040 3
983 1040 3
984 1042 1
932 991 3
934 991 3
938 996 2
939 997 2
942 1001 3
944 1002 3
1002 1003 3
948 1005 3
950 1008 3
951 1009 3
952 1009 3
952 1010 3
953 1011 3
956 1014 3
957 1016 3
959 1016 3
959 1018 3
960 1018 3
962 1020 3
963 1021 3
964 1021 3
1022 1023 3
965 1023 3
968 1025 3
969 1028 3
970 1028 3
971 1030 3
1030 1031 3
975 1033 3
976 1034 3
977 1034 3
977 1036 3
978 1036 3
978 1037 3
979 1037 3
981 1040 3
928 986 3
929 987 3
930 988 3
931 989 3
932 990 3
934 992 3
936 994 3
942 1000 3
945 1004 3
946 1004 3
1006 1007 3
949 1008 3
951 1008 3
1010 1011 3
953 1012 3
955 1013 3
955 1014 3
957 1015 3
959 1017 3
961 1018 3
961 1019 3
963 1020 3
1021 1022 3
966 1024 3
968 1026 3
970 1029 3
971 1029 3
1031 1032 3
1032 1033 3
977 1035 3
980 1037 3
980 1038 3
981 1039 3
983 1041 3
986 987 3
987 988 3
931 988 3
989 990 3
990 991 3
991 992 3
992 993 3
937 994 3
995 996 3
996 997 3
941 998 3
1001 1002 3
1004 1005 3
1012 1013 3
1014 1015 3
1015 1016 3
1017 1018 3
1018 1019 3
1019 1020 3
1023 1024 3
1025 1026 3
969 1026 3
975 1034 3
1034 1035 3
1035 1036 3
1036 1037 3
1037 1038 3
1038 1039 3
1039 1040 3
1040 1041 3
1041 1042 1
1042 1043 3
997 998 3
999 1000 3
1008 1009 3
1011 1012 3
1016 1017 3
1024 1025 3
1029 1030 3
988 989 3
993 994 3
994 995 3
1000 1001 3
1003 1004 3
1013 1014 3
1009 1010 3
1033 1034 3
1007 1008 3
1020 1021 3
998 999 3
1005 1006 3
1028 1029 3
