0.0071581 0.0260688 9.09352
0.010369 0.0434374 8.8278
0.0074657 0.0283639 9.40098
-0.0130054 0.0102103 10.7431
-0.000725192 0.0128759 9.71103
-0.0133474 -0.00140707 11.3504
-0.0294256 -0.000688837 13.6412
-0.0292127 0.0290405 12.6244
-0.0194885 0.023593 11.0287
-0.00743394 0.000962136 22.6273
0.0071557 0.00148202 6.04536
-0.00740014 0.00290918 9.52915
-0.0124591 -0.00470825 10.963
-0.0106741 -0.0103369 10.5499
0.0220451 -0.000326577 0.233079
0.0557877 -0.0151696 -10.3038
0.0231236 -0.0357477 1.023
0.00301694 -0.0350121 7.85072
-0.000753214 -0.0349486 9.31376
-0.00370113 0.00226988 9.77153
0.0494687 -0.0239681 -13.1592
0.0301095 -0.0553189 -3.75472
-0.00347146 -0.0483224 12.2446
-0.0228568 -0.0348233 21.0974
0.278909 0.0329563 -135.358
-0.0133045 -0.0090461 16.0462
0.00379007 -0.0237298 6.57354
0.00869679 -0.0229837 3.95208
-0.00972467 -0.034291 14.8522
0.00662639 -0.02229 4.44519
-0.000330971 0.0183838 8.60259
-0.0043541 -0.0311153 12.0179
-0.0109298 -0.0264059 16.421
0.414406 -0.0504428 -286.634
0.0844309 -0.0668353 -43.6182
0.0171208 -0.0673412 6.90616
0.0611501 -0.212963 -19.292
0.047851 -0.0984582 -9.1806
-0.00631087 -0.117456 35.3759
0.0138823 -0.0350154 15.31
0.0196958 -0.0390065 11.6239
-0.360427 0.174637 349.547
-0.0227338 -0.0286014 50.7308
-0.0537122 -0.0548037 79.9505
-0.0102789 -0.0571491 38.841
-0.0246418 -0.0516129 52.9208
-0.0290143 -0.0498254 57.2729
-0.108279 -0.0776008 138.709
-0.146454 -0.148161 176.958
0.0252295 0.0554741 0.979698
-0.0214163 0.007747 52.0799
-0.0418824 0.0685399 72.9059
-0.037036 0.0901435 68.0109
-0.25593 0.108648 316.717
-0.0705382 -0.0798322 102.49
-0.00428823 -0.0832781 24.6858
0.00459096 -0.083992 13.4493
0.0365261 -0.0577673 -26.6249
0.00887385 0.0228816 9.2857
0.00788059 0.00884358 9.7195
-0.00464546 0.0107911 10.3948
-0.0125257 0.00962101 10.8868
-0.0129854 -0.00237272 11.3481
-0.0101476 0.00721628 10.7723
-0.0193175 0.0158631 11.8392
-0.0135362 0.0388436 10.1566
-0.0339748 0.0374714 13.8532
0.000261564 -0.0025121 21.1071
0.00391636 0.00043852 6.70308
0.00149591 0.0022665 7.36776
-0.0152764 -0.004925 11.908
-0.0160994 -0.0127453 12.1493
0.0114361 -0.00884564 3.74731
0.0107886 -0.037652 5.22522
0.00147526 -0.0593562 8.85762
0.00144958 -0.0641413 8.95635
0.0172352 -0.0525453 2.41739
0.00758756 -0.0285192 5.53632
0.0327912 -0.0383601 -5.37856
0.0198946 -0.0426473 0.748168
-0.00420458 -0.0402567 12.3434
0.0567432 0.0971191 -22.9599
0.290577 0.0542191 -142.16
0.00381458 0.0868157 11.5268
-0.00161133 -0.0274522 9.72243
-0.00542107 -0.0362459 12.171
-0.00114074 -0.0338004 9.42994
0.0826455 0.161708 -41.7213
0.88326 -0.0485888 -566.464
0.00141954 -0.032043 16.1491
0.00964875 -0.0465582 2.64887
0.395954 -0.0660839 -272.75
-0.00834752 -0.0479202 25.4778
0.0244787 -0.0529254 1.3492
0.0775391 0.0156219 -36.5266
0.0145244 -0.0628211 17.1104
-0.0125087 -0.0603871 39.2964
0.00543246 6.95536e-05 21.8245
0.047739 -0.0112331 -13.8806
0.0325215 -0.0118258 0.0760021
-0.0230814 -0.0209216 50.9298
-0.043297 0.0238316 67.6155
-0.0268973 0.0123093 52.2245
8.87294e-06 -0.0111846 27.5147
0.0201832 0.00778251 6.12901
0.0347145 0.0787659 -10.3366
0.036963 0.0878262 -21.2209
-0.0340521 0.00656683 65.9631
-0.055886 -0.00319369 90.3754
-0.0399805 0.0227612 71.9704
-0.0519057 0.0626207 84.4588
-0.159641 -0.396295 215.596
-0.0685839 -0.144196 101.671
-0.00546609 -0.121477 25.9636
0.00613649 -0.0990227 10.8735
0.0319825 -0.0859342 -20.4436
-0.0125995 -0.00911798 10.9499
-0.00779879 -0.0221912 11.6603
0.00622023 -0.0296495 11.4514
-0.0233237 -0.0358344 13.9404
-0.000639321 -0.02783 11.4677
-0.00231098 -0.00863808 10.6077
-0.00727352 -0.0115567 11.4807
-0.0135363 -0.0146558 12.5978
-0.00893283 -0.0125027 11.5923
-0.0150833 -0.00928384 24.4992
-0.00429344 0.00346862 8.55244
-0.00659327 -0.00455306 9.66172
-0.0237042 -0.00453933 13.9862
-0.00507058 0.000597724 8.40074
-0.00760417 0.00202682 9.18005
-0.00419356 -0.0307587 9.67831
-0.00450766 -0.026012 9.09522
0.0132166 -0.0477608 3.15534
0.0322575 -0.0286729 -4.54303
0.00412921 -0.0247934 6.83428
0.0119911 -0.0228618 3.29848
0.00220745 -0.0449393 8.55087
-0.00494053 -0.0360057 12.026
0.00266066 -0.0379323 8.26021
-0.0139547 -0.0228293 15.8906
-0.00469366 -0.0314962 11.6992
-0.00755114 -0.0332828 13.3985
-0.0161495 -0.0380722 18.3336
0.00211416 -0.033289 7.00974
0.0220234 -0.0368411 -5.14086
-0.00743131 -0.041547 14.2985
-0.00469769 -0.0511537 12.6063
-0.00202731 -0.0467501 10.6902
0.00792877 -0.0616055 4.3758
0.0097742 -0.02676 0.731706
0.0491712 0.0348388 -14.6318
0.0149815 -0.0348518 15.26
0.00619858 -0.0840984 24.5526
0.0398553 -0.0123926 -6.74111
0.0278668 -0.00900524 3.12624
0.0478305 0.0124614 -14.6801
0.0188039 0.00178081 11.8879
-0.0249718 -0.0285972 53.5585
-0.0390283 -0.00101744 65.1741
-0.0184304 0.0133679 44.6293
0.0123485 0.0150752 14.3721
0.0377638 0.0442578 -11.9857
0.0608331 0.0546756 -35.8304
-0.0232739 0.0178797 54.058
-0.044181 -0.0191236 77.7238
-0.0301739 -0.0269662 63.207
-0.0492169 -0.022666 83.814
-0.0740871 -0.0960367 104.818
-0.0693206 -0.0668439 97.2395
-0.0244271 -0.076847 45.833
0.0117656 -0.0588415 2.45158
0.0298219 -0.0360093 -20.4806
0.0420913 -0.0632951 -33.7389
-0.0165615 -0.0480648 13.9522
-0.0136691 -0.0640373 14.4081
0.0125901 -0.0423903 12.0298
-0.0251132 -0.0458249 14.67
-0.000742145 -0.0451674 12.1792
0.0169044 -0.0485831 11.0546
-0.0017151 -0.0463888 13.4105
-0.0357662 -0.04806 18.5956
-0.0195552 -0.0533894 16.321
-0.00670258 0.00193822 22.0914
-0.00969079 -0.00886318 10.5153
-0.00175031 -0.0237038 9.7301
-0.00744951 -0.00486148 9.71985
0.00195198 -0.001852 6.87137
-0.00396256 -0.00491527 8.74602
-0.0195945 -0.0128313 13.6534
-0.00599582 -0.00637637 8.47305
0.0263195 -0.004249 -4.30409
0.0445627 -0.0195063 -10.2029
0.000951534 -0.00288522 6.44244
-0.00199034 -0.0245483 9.43442
-0.0102889 -0.0365413 13.8304
0.00242999 -0.0409384 8.23394
0.00253791 -0.03537 8.0515
0.000605813 -0.0299737 8.68754
-0.00267527 -0.0335793 10.7987
-0.0103445 -0.028886 14.5753
-0.0114229 -0.015908 14.0208
-0.00297276 -0.0126757 8.70308
0.010865 -0.0176027 0.615548
-0.00404728 -0.0269254 11.2636
-0.0163053 -0.0201994 18.3098
-0.00110253 -0.0219997 8.3364
0.0112609 -0.0199088 -0.743056
0.0101694 -0.0129794 -0.42648
0.0376567 -0.51361 31.0312
-0.0566794 -0.111235 77.5042
0.00487057 -0.0732866 24.9827
0.0444892 0.0126877 -12.3389
0.102453 0.0119577 -62.0155
0.0536295 -0.00177657 -18.4454
0.013773 0.0035761 16.1325
0.0238258 -0.0829414 12.9695
-0.025722 0.0138698 51.0807
0.00889925 -0.00509431 18.9391
0.0228383 0.00651824 4.47718
0.0363739 0.0162198 -8.57548
0.0311613 0.00815756 -3.17421
-0.0250899 -0.0619265 61.0806
-0.0296256 -0.0315631 62.7864
-0.0219303 -0.0327893 54.4554
-0.0942228 0.109292 114.023
-0.0789711 -0.0152235 105.394
-0.0467514 -0.0451677 70.2083
-0.0189939 -0.0279441 36.9156
0.00910567 0.0075411 1.09462
0.011985 0.00150614 -1.02743
-0.0199365 -0.0351943 40.5383
-0.00129311 -0.0906611 16.4413
-0.00712899 -0.0851701 16.0866
0.0264039 -0.0700527 13.2244
-0.00577225 -0.0464158 13.2748
-0.0167755 -0.0658483 15.553
0.00670554 -0.0737738 13.926
-0.00447122 -0.0940742 17.3914
-0.0217008 -0.0879413 19.2128
-0.017798 -0.0529448 15.2464
-0.00566724 -0.00813057 22.9005
-0.0267163 -0.0362208 16.7847
-0.00151666 -0.0342918 10.5852
0.00233439 -0.0171919 8.06175
-0.00138371 -0.0150675 9.05792
-0.0293484 -0.0202683 17.8444
-0.00684663 -0.0054745 8.60968
-0.00301422 -0.00311716 7.15024
0.00432111 -0.00264409 4.30882
0.0167608 -0.0070045 -0.0444806
-0.0072715 -0.00524505 10.1758
0.000337646 -0.0192891 7.92856
-0.00478451 -0.0175578 9.92801
-0.00246977 -0.00942767 8.07796
-0.00547653 -0.0106475 9.65312
0.00297103 -0.0202284 6.34881
-0.00639817 -0.0161346 11.3063
-0.00805843 -0.0130562 11.8843
-0.0020779 -0.00544365 7.66392
-0.00092441 -0.00333145 6.78566
0.00458396 -0.0103011 4.02345
-0.00473288 -0.00553773 9.94242
-0.00607207 -0.00919262 10.6522
0.00495134 -0.010369 3.19304
0.00177048 -0.00963484 5.37688
0.0108167 -0.0209479 0.370273
0.0489254 -0.0380789 -18.7231
0.0662944 -0.0642068 -29.6322
0.0261389 -0.282118 24.7959
-0.112255 -0.394239 153.089
0.0356337 -0.0316002 -1.39077
-0.0061553 -0.132776 44.8832
-0.0174846 -0.273356 66.7831
-0.0479769 -0.268016 93.2572
0.0657877 -0.456392 3.27886
-0.057083 -0.0772673 81.1537
0.0463353 -0.00232255 -16.8901
0.0211728 -0.055672 13.4752
0.00952094 -0.0289952 22.447
-0.0265689 -0.0742004 63.434
-0.0346877 -0.0498444 69.8369
0.0404719 -0.0286366 -22.7489
0.0246476 -0.00351091 -7.62926
-0.00234976 0.0230004 19.1353
-0.0381752 -0.00205056 57.5947
-0.000225769 0.00037503 12.6983
0.0119916 -0.000802452 -1.22949
-0.0103754 -0.0275225 28.4236
-0.0376384 -0.0343832 62.3449
0.00720941 -0.0561259 12.3541
0.00254518 -0.0595817 12.7917
0.0307005 -0.0611459 11.6462
-0.139424 0.028309 15.1906
-0.00123914 -0.0489969 11.4104
-0.00158618 -0.0818055 15.5313
-0.00308589 -0.0857295 16.1346
0.0073662 -0.0480633 9.9839
0.0141743 -0.0313359 7.11376
-0.026579 -0.0156053 12.5886
-0.00107435 -0.0139081 7.90969
-0.00987712 -0.0180628 10.2852
0.0238058 -0.0349915 4.19324
-0.0113881 -0.0191352 12.2331
-0.0266408 -0.0180049 16.4652
-0.00838424 -0.00246492 8.71423
0.000708749 -0.0059062 6.1242
0.00223885 -0.00171074 5.11815
0.0148499 -0.00621623 0.656741
-0.0213759 -0.0175667 16.6198
0.00934523 -0.0322129 5.30838
0.00911312 -0.0130315 3.168
-0.00217157 -0.0172297 8.88871
-0.00222434 -0.00939976 8.02856
0.0019016 -0.0037434 5.16021
-0.00656991 -0.0021427 9.55541
-9.56476e-05 -0.0123463 7.30298
0.00214228 -0.00776979 5.51166
-0.00152071 -0.00946646 7.99812
-0.00391074 -0.0112937 9.59713
-0.00490272 -0.0152357 10.8185
0.010218 0.00170345 -1.89048
0.0101712 -0.00614709 -0.880443
0.00874438 -0.000430439 -0.518549
-0.00391582 -0.00967244 10.1258
-0.0193021 -0.00867308 21.4784
0.0169084 -0.0350918 6.05078
0.0161829 -0.0171371 4.42519
0.0222005 -0.0263099 1.08759
0.0184347 -0.0198459 3.69029
0.0427579 -0.00319691 -19.5323
0.00432544 -0.0637578 21.5918
0.0181896 -0.0316239 4.13324
0.0174772 -0.0178562 2.66792
-0.0381119 -0.0127104 55.0332
-0.658172 0.00742817 655.819
0.0445699 -0.10717 -4.83636
0.00384103 -0.0495204 30.0277
-0.00238378 0.0270273 18.0301
-0.226909 0.118706 243.93
0.0215665 -0.0138286 -3.75889
-0.0741176 -0.136919 115.202
-0.0799008 -0.115427 119.318
0.00363114 -0.0159935 10.6835
0.00485461 -0.00231472 6.93985
0.0126226 -0.00012316 -2.12998
-0.0165122 -0.00497898 33.3868
-0.141926 -0.0137337 188.545
0.0236983 -0.0377544 9.2892
0.0136093 -0.0487339 11.1618
0.0277409 -0.0559127 11.5375
-0.149026 0.0200467 16.2283
-0.0382765 -0.0282894 12.424
-0.00613056 -0.05757 13.2204
0.000849375 -0.0992755 17.5036
0.0286302 -0.0843714 11.3057
0.0100683 -0.0271759 7.01458
-0.00835715 -0.00948712 8.24816
-0.0227042 0.00963082 10.0937
-0.014427 -0.0210588 11.782
0.0144187 -0.0320116 6.16085
-0.0113897 0.0438089 4.11313
-0.0210183 0.0276702 8.77927
0.00153368 0.0132033 3.19801
-0.00800533 0.0161616 6.08969
0.011388 0.00749639 0.367122
-0.00410533 0.002547 6.81028
-0.0258485 -0.00412794 17.0339
0.00831283 -0.0112387 2.43963
0.0110475 -0.0139803 2.11323
-0.0186266 -0.00910502 15.0974
-0.00263003 -0.00610465 7.38459
0.0483799 0.0472432 -26.3839
-0.065452 -0.0213303 51.0003
-0.00699085 0.000210169 9.4864
-0.0106482 -0.00101476 11.9836
-0.00320711 -0.0176425 9.85261
-0.00416738 -0.00833834 9.15462
-0.00332308 -0.000702437 7.57516
0.00873865 0.00151983 -0.942397
0.0618443 0.0440071 -43.2847
0.00962452 -0.00691726 5.83378
-0.00562095 0.0136256 8.30395
-0.0149859 -0.000946169 16.8006
0.00338446 0.0409523 -3.48546
0.0216653 -0.014132 0.125796
0.026701 -0.00953384 -5.08816
0.021807 -0.0131105 0.10719
0.0116881 -0.0201896 9.59958
-0.0123982 -0.0299585 32.5959
0.0106058 -0.0186366 10.0134
0.00382411 -0.0107391 15.1765
-0.0201235 -0.0215164 39.7181
-0.0292679 -0.0668541 55.7325
0.315803 -0.192316 -266.632
-0.0292821 -0.0697155 66.7929
-0.03627 0.0215858 54.6446
-0.018765 0.0502291 31.2635
0.00985183 -0.00203603 7.63825
-0.0341623 -0.093874 63.3313
0.0114488 -0.0146782 1.68773
-0.00766398 -0.00229924 21.9497
-0.00365695 -0.00701162 18.0356
0.00491451 -0.00229559 7.52393
-0.0304728 0.00815238 48.6575
-0.0796232 -0.0106389 111.224
0.0113944 0.0683848 1.85251
0.000133541 0.0625358 2.99357
-0.00976824 0.0874531 -0.452251
0.00882566 0.0981743 -3.51968
0.00199566 0.0707167 1.34212
0.039737 0.101506 -8.07373
0.045079 0.0723098 -3.87525
0.0951949 0.0614317 -8.94811
0.0910081 0.0266416 -2.01714
0.019514 -0.0121979 17.9822
-0.0406547 -0.0118368 31.1111
-0.0659817 0.0320485 29.4632
-0.0641803 0.0752338 21.8112
-0.113359 0.0212282 38.3426
-0.0237996 0.021548 9.516
0.0328341 0.0166656 -7.65555
0.0179748 0.0372789 -5.63633
0.00705222 0.0309536 -1.76867
-0.0201179 0.0621047 3.48445
-0.0252715 0.0162555 13.5224
-0.0115101 0.0219223 6.55603
0.00204672 0.0207316 0.855996
0.00444276 0.028416 -1.32618
0.0557491 0.0730405 -34.1118
0.283449 0.0715361 -152.841
-0.0519288 -0.067904 50.6131
-0.0119557 0.0281882 8.27124
-0.0159917 0.0125315 13.1649
-0.00820575 0.0062449 9.28982
0.00999903 0.0138586 -3.38951
-0.00118932 0.0169851 3.45626
-0.000290667 0.00964181 4.0896
0.345505 -0.0193545 -231.369
0.0306183 0.0183251 -19.8711
0.381651 0.133701 -295.904
0.0917694 0.000668205 -54.9983
0.0502151 -0.00517371 -21.6174
-0.00902957 0.036134 18.6676
-0.00130319 0.0216019 14.3263
-0.0118293 -0.0119924 28.4253
-0.000237925 -0.0345548 22.8831
-0.00664213 -0.015724 24.9707
0.00933226 -0.034422 13.1658
-0.0105821 -0.0234651 30.9396
-0.0349387 -0.0557838 59.1289
-0.0427361 -0.0400308 63.7583
0.252854 -0.257017 -194.22
-0.0139615 0.161358 16.5965
-0.040204 0.0151188 59.6517
-0.113878 0.03173 134.613
0.059558 0.0199067 -63.1116
-0.0265164 0.112434 23.633
-0.0111738 0.0276566 20.8157
-0.00146638 0.0407278 7.72219
-0.0171889 0.0229008 29.2234
-0.000611263 0.0207413 10.1145
-0.0260626 0.0212579 41.3014
-0.297869 0.0105004 377.136
-0.00273817 0.0767961 0.44358
0.00121175 0.0890196 -1.97239
0.00956326 0.0935393 -3.01217
0.0040019 0.0998758 -3.74849
0.00780564 0.102023 -4.66256
0.0413215 0.110914 -9.87775
0.052213 0.105438 -10.5899
0.0124665 0.079777 1.8067
0.0669024 0.0673884 -4.72369
0.0173093 0.00627737 15.4585
-0.0464264 -0.0104207 32.1253
-0.0432043 0.000214652 29.5739
-0.0427391 -0.0173621 32.9198
-0.138234 0.0016273 47.7666
-0.0418808 0.0163032 15.5091
0.048926 0.025243 -14.6281
0.0272999 0.111487 -21.8931
0.0138403 0.143301 -23.4606
0.025222 0.00245171 -5.11685
-0.0377985 0.0802333 7.71291
-0.0035508 0.0520159 -2.05957
0.0041331 0.0703527 -8.19865
0.00866323 0.0301526 -3.35127
0.0246529 -0.00688126 -4.75002
0.175097 -0.0723183 -70.741
-0.226046 0.0804679 118.872
-0.0524937 0.0256535 32.8767
-0.0258416 0.0202935 17.6088
0.00699916 0.0402977 -6.12008
0.0321247 0.119162 -35.8009
0.0129623 0.0469525 -10.5164
0.024849 0.0411982 -17.5118
-0.0385659 0.0240978 35.4033
0.0847269 0.0513437 -64.5273
0.0926898 0.0238813 -60.0661
0.0863084 0.00530898 -51.6495
0.0615134 0.0048236 -32.0805
0.0161129 0.0120742 2.56622
-0.0339586 0.0282815 40.3016
-0.0072536 0.048344 12.6474
-0.0103942 0.131989 0.219475
0.00237401 0.0488304 5.34438
0.0115137 0.013145 3.6059
-0.00736191 0.0298308 17.769
-0.0309166 0.0206014 41.3596
-0.00526259 0.0781335 5.63485
0.0214863 0.0837991 -21.3975
-0.00588398 -0.032152 41.2193
-0.0248273 0.0312319 40.1681
-0.0762615 0.0438857 92.1756
-0.0471176 0.0917085 49.9722
-0.0382707 0.12457 34.554
-0.00214883 0.111629 -4.34318
0.0159597 0.17501 -37.2721
0.0035351 0.0855163 -5.90188
0.0169608 0.0858056 -22.1722
-0.0217278 0.096927 22.6736
-0.0913249 0.0956711 108.122
0.0125664 0.0602542 3.5766
0.00800438 0.0720377 1.56555
0.00368863 0.0660792 3.38349
0.0190859 0.0726855 0.856923
0.0168018 0.0836151 -1.53568
0.0348132 0.0708063 -0.972694
0.0285554 0.05424 3.82962
0.0126859 0.0693916 2.71431
0.0199717 0.0549358 5.29303
0.0122822 0.00520651 16.6188
-0.0437007 -0.00242496 30.0709
-0.04429 -0.0132939 32.6625
-0.136489 -0.0647774 66.3755
-0.134737 0.0326119 42.1583
0.0274657 0.324466 -67.1736
0.0274508 0.293752 -60.3721
0.0341817 0.103904 -23.5791
-0.0407822 0.00718055 25.6223
-0.0165329 0.0961771 -2.45804
-0.047248 0.24542 -20.6948
0.0140991 0.330451 -64.7553
0.022789 0.0794585 -13.1237
-0.0112919 0.0537608 8.34733
-0.0186261 0.274429 -36.2627
0.034684 0.232558 -54.8754
-0.0102545 0.253275 -34.6472
-0.0340508 0.281985 -27.6355
-0.0162154 0.329283 -47.6968
0.00308895 0.345762 -62.5602
0.00685032 0.319346 -59.4222
0.00611169 0.308728 -56.9708
0.0240214 0.296413 -66.3055
-0.00812921 0.0724453 3.26937
0.0109014 0.291717 -56.4225
0.10306 0.0598048 -75.0498
0.0842374 0.0126473 -51.4589
0.0498997 0.00442675 -22.9557
0.0440019 0.0508851 -28.1595
0.00429958 0.113414 -8.53619
0.00195659 0.132002 -9.99568
-0.00233752 0.157984 -11.7415
-0.00174949 0.145679 -9.89157
-0.000501632 0.109846 -3.65981
-0.0152457 0.138998 3.6066
-0.0207844 0.118055 12.9888
0.00632938 0.146629 -18.9186
-0.0225005 0.160553 7.25725
0.0322447 -0.00426855 -3.25865
-0.0529772 0.116855 52.0791
-0.0785277 0.113717 80.3018
-0.033852 0.1637 21.8741
-0.0374587 0.167188 25.6738
-0.012456 0.218393 -13.3409
0.00879957 0.183302 -29.8799
0.00256057 0.183962 -22.8375
-0.00274728 0.153389 -9.98814
-0.0181018 0.179969 2.90576
-0.026109 0.181231 12.2173
0.0237293 0.0281888 10.055
0.0460724 0.0407101 6.83408
0.0109084 0.0351908 9.67954
0.00955339 0.0391821 8.60769
0.00886332 0.04711 6.88716
0.0516193 0.0331372 4.93335
0.0221442 0.0674421 1.34315
0.00692221 0.0691833 2.80152
0.0146313 -0.004696 17.809
0.0124294 0.00400646 16.6318
-0.0481352 0.0448386 20.5019
-0.0530547 0.00466802 30.387
-0.0336554 0.222723 -23.8529
-0.0426868 0.233342 -23.7338
-0.0169039 0.325106 -52.6372
0.00642824 0.33173 -61.5632
2.27097e-05 0.326057 -58.3957
0.0116643 0.293348 -55.07
0.0020978 0.313014 -55.9015
0.0136571 0.332638 -65.1805
0.0593714 0.287396 -75.2047
0.0193015 0.323031 -65.2104
0.00579756 0.320575 -58.1984
-0.00877721 0.310196 -48.4581
0.0073194 0.298137 -54.0516
0.00395197 0.3056 -53.952
-0.012626 0.30957 -45.6128
0.00300508 0.319524 -56.7461
0.00184018 0.327532 -57.853
0.000839467 0.330211 -57.7895
0.00177962 0.316947 -55.6301
0.0010455 0.320752 -56.0804
0.0127264 0.316758 -63.1646
0.0085338 0.30821 -58.2302
0.0113349 0.316959 -62.229
0.0240925 0.300519 -68.0905
0.0273446 0.258203 -60.8971
0.0173238 0.250378 -51.186
0.0229947 0.184304 -40.2136
0.0243284 0.167549 -36.8302
0.0143951 0.201963 -35.7329
-0.0058865 0.224971 -23.0422
-0.0161973 0.21006 -10.7886
0.00161806 0.180424 -20.9852
0.0160449 0.267973 -53.9495
0.0127574 0.257141 -48.464
0.00364697 0.285899 -44.9491
-0.0149231 0.0228235 38.708
-0.0864893 0.194266 72.0255
-0.0342965 0.208304 12.9904
-0.0141255 0.239871 -15.2425
-0.0211411 0.250764 -10.6623
-0.00942415 0.291215 -32.4929
-0.00268728 0.245367 -30.095
-0.010571 0.245251 -21.1755
0.00982705 0.232523 -42.7123
-0.0141503 0.233663 -13.5422
-0.0533533 0.23551 33.557
0.0490013 0.0331013 8.44685
-0.00532457 0.360155 -67.6243
-0.00307981 0.342308 -63.6739
-0.0039171 0.33254 -60.536
0.00938393 0.304581 -54.9729
0.0210231 0.289565 -52.1962
0.0282425 0.215723 -34.9288
0.0203282 0.274242 -48.8184
0.0158661 0.274483 -48.1155
-0.00971803 0.233755 -33.0119
-0.00493255 0.297522 -49.8932
0.00403775 0.283155 -48.322
-0.00867743 0.275486 -43.1071
-0.0228268 0.285676 -41.4105
-0.00799169 0.32596 -55.7945
-0.00115444 0.333533 -59.684
0.00674548 0.339963 -63.8472
0.010174 0.329124 -62.4233
0.00307892 0.338465 -61.8288
0.00201567 0.343988 -62.7363
0.0156459 0.329227 -64.9115
0.00880323 0.331147 -62.3176
0.00116664 0.327856 -57.6912
0.000846264 0.325124 -56.8634
0.0039775 0.319938 -57.2711
0.00396369 0.3176 -56.7133
0.000181725 0.326763 -56.7858
0.00603079 0.330132 -61.0011
-0.000308601 0.322354 -55.2718
0.00108287 0.322898 -56.281
-0.00238895 0.325639 -54.8084
0.000542994 0.327664 -57.1178
-0.000148368 0.328967 -56.9698
-0.00511268 0.333303 -54.5328
0.00528424 0.310092 -56.3189
0.00960727 0.316061 -60.8947
0.0120139 0.311097 -61.5012
0.0204075 0.298978 -65.2456
0.0097397 0.286084 -53.2184
0.0362648 0.252828 -67.2112
0.0278923 0.249327 -59.4737
0.0120764 0.266785 -48.8717
-0.00365181 0.260099 -33.3242
-0.000926488 0.267336 -37.8382
0.031766 0.280942 -71.8537
0.0165494 0.258184 -51.2048
0.039173 0.20993 -61.4942
0.0186763 0.221364 -43.4021
-0.0150796 0.264911 -19.8479
-0.00113002 0.262377 -33.9895
-0.00723011 0.257275 -26.1085
-0.0181646 0.271389 -17.4172
-0.0071207 0.29447 -35.9256
-0.0246059 0.266118 -8.37804
-0.0260754 0.302556 -16.1724
-0.0313577 0.28581 -5.50131
0.000290642 0.254157 -35.8008
0.16759 -0.0187973 -185.952
-0.00402295 0.302739 -52.7717
-0.00126657 0.311739 -55.3827
-0.00294811 0.320906 -57.7749
0.00127229 0.314947 -56.1934
0.00355311 0.322984 -58.7498
0.00539646 0.300168 -52.6322
0.00627348 0.294088 -51.3816
0.00569574 0.288036 -49.8075
0.0197828 0.280775 -50.2519
0.00196277 0.287687 -49.0037
0.0079096 0.306289 -55.3031
0.00603536 0.306228 -54.9046
0.00623442 0.314816 -57.203
0.00197897 0.319518 -57.117
0.00771804 0.331682 -61.9738
0.00568513 0.334098 -61.9549
0.00556438 0.330553 -60.9006
0.00989934 0.337164 -64.1663
0.00808283 0.332059 -62.0515
0.00282631 0.336537 -61.0485
0.0039094 0.334383 -61.0066
0.00611925 0.331074 -61.0643
0.00588793 0.328278 -60.2292
-0.00255326 0.323937 -54.8828
0.00307832 0.329572 -59.4127
0.00661351 0.324355 -59.8108
0.000374513 0.324746 -56.3956
-0.000944451 0.32275 -55.0041
0.00136897 0.31851 -55.3671
0.00210325 0.332275 -59.6011
0.00207538 0.324492 -57.3112
0.00141322 0.327761 -57.8602
0.00339042 0.326098 -58.8072
0.00309895 0.327513 -58.9928
0.00596185 0.327702 -61.1199
0.000556061 0.321377 -55.3121
0.021323 0.311707 -68.8482
0.0183605 0.283385 -58.7971
0.00411208 0.308403 -54.3119
0.00873677 0.28057 -50.6033
0.0298612 0.280247 -68.5311
0.0161822 0.276232 -55.5415
0.00562303 0.273031 -45.4568
0.0295035 0.287099 -71.7572
0.0341458 0.289268 -76.4961
0.0237085 0.279308 -63.7501
0.014657 0.273906 -53.5398
0.00633753 0.299638 -51.2614
0.00320313 0.300377 -48.4806
0.00554669 0.281819 -46.4519
-0.00433466 0.303771 -41.7285
-0.0131175 0.315918 -34.9821
-0.00317029 0.315949 -46.4694
-0.016075 0.334765 -36.3947
-0.00515842 0.376724 -60.3385
-0.0729502 0.28732 43.7539
-0.0567391 0.231864 39.1238
-0.064839 0.0142747 99.6722
0.00476791 0.304951 -53.6398
0.00836635 0.30826 -54.6987
0.00507424 0.308164 -54.7187
-0.000794845 0.3081 -54.3922
0.00210807 0.297738 -51.7016
-1.53094e-07 0.289986 -49.3314
0.0079636 0.305325 -54.8626
0.00912092 0.32106 -59.6889
0.00894148 0.302383 -54.3505
0.0064538 0.314865 -57.4113
0.00594913 0.315388 -57.3104
0.0100858 0.317634 -58.951
0.0100618 0.315535 -58.1847
0.00433647 0.321628 -58.3279
0.011895 0.31276 -58.0446
0.0126957 0.331026 -63.6162
0.00859228 0.3283 -61.3296
0.0120329 0.319094 -59.9316
0.00639504 0.325783 -59.7709
0.00648068 0.320995 -58.3382
0.00685141 0.328746 -60.7966
0.00184227 0.32635 -57.7734
-0.00151854 0.318982 -53.9968
0.00269386 0.319006 -56.2677
0.00807163 0.322399 -59.9596
0.00722451 0.322835 -59.6681
-0.000658166 0.321381 -54.8399
-0.00354943 0.312385 -50.5135
0.00211952 0.317797 -55.5601
0.00367086 0.32383 -58.2745
0.00530342 0.329285 -60.9653
0.00442701 0.328579 -60.2124
0.00337306 0.32693 -58.9724
0.00475463 0.325545 -59.5516
0.00550836 0.329686 -61.2616
0.00117041 0.325729 -57.031
0.0090993 0.317504 -60.9039
0.00217443 0.316567 -55.1584
0.0114435 0.301669 -58.4643
0.0247679 0.303956 -70.2739
0.028309 0.299405 -71.928
0.00865377 0.323895 -62.0191
0.0138768 0.303137 -59.8479
0.0137738 0.295808 -59.1315
0.0116637 0.298966 -57.4805
0.0316302 0.293751 -75.3023
0.0411977 0.294484 -84.902
0.00968922 0.28689 -51.0677
-0.00209355 0.305382 -44.5988
0.00667074 0.308917 -54.6927
0.0139709 0.325417 -67.0217
0.00877213 0.360357 -70.715
-0.0206483 0.354342 -36.6343
0.0186112 0.375281 -87.4565
0.0121041 0.385105 -82.1657
0.0309617 0.405947 -110.626
0.0567819 0.334478 -121.059
0.0578127 0.28972 -108.756
0.00422661 0.301607 -52.6622
0.00187103 0.301244 -52.563
-0.00514152 0.293081 -49.6687
0.0108924 0.317455 -58.5258
-4.04869e-05 0.315195 -56.8796
0.00491858 0.328135 -61.3864
0.00616343 0.320803 -59.2124
0.0137716 0.325279 -61.6558
0.00262371 0.322471 -58.9442
0.00968769 0.326087 -61.358
0.0176243 0.319861 -61.0841
0.0273272 0.331208 -67.1992
0.00888597 0.330704 -62.1978
-0.0123322 0.328068 -55.3611
0.0109467 0.32605 -61.6326
0.0169189 0.329531 -64.6302
0.0120033 0.326428 -61.7703
0.00333174 0.319017 -56.3365
0.0117168 0.330876 -63.1454
0.00951689 0.326981 -61.4026
0.00568503 0.327932 -59.9501
-0.00101999 0.322878 -55.4294
-0.00229981 0.323114 -54.9032
0.00163147 0.322052 -56.5193
0.0127836 0.315116 -60.2828
0.00430008 0.32041 -57.2851
-0.00190402 0.318188 -53.22
0.00358801 0.322978 -57.9502
-0.00250391 0.315001 -51.7093
0.0088007 0.313602 -58.4034
0.00737697 0.319992 -59.4405
0.00754451 0.322946 -60.6146
0.00187239 0.319284 -55.5233
0.00517126 0.326012 -60.016
0.00705237 0.321118 -60.0175
0.00367002 0.328351 -59.825
-0.00639859 0.333166 -53.3523
-0.00286444 0.321799 -52.5934
0.00566552 0.322628 -59.8456
0.0052303 0.322628 -59.3439
0.0242235 0.29886 -68.3609
0.0202837 0.278807 -58.6719
0.0183269 0.27447 -55.4604
0.00965974 0.282072 -49.834
0.00874646 0.29369 -52.5915
0.0222536 0.293404 -65.4641
-0.00296296 0.271644 -33.4493
0.0176806 0.283596 -58.0257
0.0211591 0.297923 -66.2881
0.0334384 0.313614 -84.2077
0.0262023 0.307733 -74.655
0.0246659 0.300557 -70.5153
0.00874155 0.327215 -61.3155
0.00820599 0.346927 -66.7765
-0.00770251 0.32824 -41.2232
0.0166506 0.308338 -64.0444
0.00810677 0.270587 -41.5446
0.0438333 0.290648 -91.8635
0.00239293 0.303261 -53.2175
0.0031091 0.309263 -55.2737
0.0103721 0.32202 -59.9183
0.0152945 0.322318 -60.3122
0.00820943 0.331274 -62.6187
0.00776895 0.324017 -60.0958
0.0129299 0.33745 -65.3805
0.0133158 0.326912 -61.9379
0.0074303 0.336174 -64.2929
0.0127857 0.345871 -68.5973
0.00718665 0.337305 -64.6842
0.0142217 0.328897 -63.1386
0.0130838 0.328289 -62.5414
0.0064956 0.333346 -62.4307
0.0158688 0.333615 -65.4989
0.0113744 0.328797 -62.5711
0.00727161 0.331536 -61.883
0.0154919 0.328764 -64.0377
0.0114634 0.317558 -58.6412
0.00176768 0.327016 -57.9182
0.00828108 0.323029 -59.4655
-0.00239042 0.325619 -55.6002
0.00142157 0.327326 -58.1744
0.00407024 0.328455 -59.9122
0.00288252 0.323068 -57.4765
0.00595227 0.322011 -58.7219
0.00319985 0.327839 -59.2658
0.00051157 0.334264 -59.8105
-0.0055328 0.324241 -52.8425
-0.00147084 0.330888 -57.5561
0.0086609 0.319412 -60.1471
0.0139155 0.319389 -63.9185
0.0114835 0.323208 -63.5071
-0.00119981 0.326726 -55.5812
0.0106383 0.319847 -61.949
0.00683308 0.333929 -63.7941
-0.00082568 0.330695 -56.9561
0.000398002 0.332817 -58.7075
0.00750953 0.328839 -63.2599
0.00620614 0.325414 -60.9495
0.00477851 0.32276 -58.9115
-9.78396e-05 0.319163 -53.524
0.0117069 0.303497 -58.9356
0.00850355 0.287906 -50.6619
0.0180364 0.294219 -61.841
0.0177593 0.28966 -60.2537
0.0211307 0.278135 -59.6322
0.0273503 0.284909 -68.2931
0.0247684 0.287357 -66.401
0.0241045 0.292295 -67.2957
0.0114361 0.290725 -53.4217
0.0268659 0.276328 -66.0174
0.0215282 0.293137 -65.7199
0.0154775 0.298524 -60.1591
0.028896 0.285899 -71.521
-0.0209475 0.259647 -3.32167
-0.00925061 0.239674 -10.7583
0.0146979 0.252257 -44.0219
0.00876504 0.305957 -54.2201
0.00994375 0.315857 -57.7839
0.015238 0.322922 -60.5987
0.0164934 0.326463 -61.5796
0.00960383 0.330739 -62.4444
0.00559732 0.324309 -60.0099
0.00619766 0.32943 -61.9088
0.0153565 0.3132 -57.6045
0.0105242 0.344252 -67.6392
0.00595479 0.350735 -68.9947
0.0341937 0.346495 -74.0375
0.0144893 0.34211 -67.652
0.00847164 0.327872 -60.8664
0.00541452 0.335007 -62.5613
0.0112185 0.345935 -68.2113
0.0114877 0.337475 -65.509
0.00952205 0.335486 -64.0168
0.000611023 0.321795 -55.9762
0.00267273 0.31726 -55.0144
0 0 -1
0.000485411 0.315881 -53.465
-0.00225335 0.323819 -55.209
0.00240818 0.32447 -57.6906
0.00619689 0.326573 -60.3365
0.0067284 0.32842 -61.2396
0.0026568 0.327046 -58.6984
0.00755548 0.326998 -61.3713
-5.46354e-05 0.326074 -56.6016
-0.0114956 0.326498 -49.8595
-0.00798989 0.324641 -51.4783
0.00293862 0.317115 -55.6389
0.00666601 0.318825 -58.6932
0.00561433 0.318106 -57.5423
0.00156525 0.31715 -54.4389
0.00036555 0.326397 -56.6378
0.00352317 0.317988 -55.9863
0.00143895 0.324726 -56.763
0.00375763 0.326793 -59.3479
0.00276136 0.327571 -58.8243
0.00269942 0.313639 -53.7271
0.00482116 0.323664 -59.1857
-0.00128042 0.323479 -53.7541
1.56372e-05 0.318127 -53.0137
0.000453605 0.307938 -49.8002
-0.00251537 0.297984 -43.4315
0.00899525 0.295901 -53.7001
0.0158359 0.281642 -55.4605
0.0253742 0.280952 -64.8588
0.0199319 0.277785 -58.0964
0.0265346 0.275135 -64.1286
0.023546 0.271434 -59.7379
0.0253616 0.286996 -67.4928
0.0410504 0.312431 -94.0566
0.0254702 0.302287 -72.9169
0.00789519 0.283158 -45.7658
-0.016793 0.271426 -12.181
0.00567702 0.237773 -27.8255
0.0276498 0.247434 -58.0117
0.0134038 0.307318 -54.7535
0.0142291 0.315378 -57.7533
0.0155036 0.3136 -57.1476
0.00943685 0.289795 -48.1291
0.0152798 0.293534 -49.9141
0.00687299 0.297526 -50.5587
0.014842 0.315953 -58.352
0.00438288 0.330179 -61.8023
0.0202934 0.315035 -59.0104
0.014536 0.348501 -69.8487
0.00520463 0.340315 -64.9887
0.0176815 0.321305 -61.1865
0.0140653 0.31628 -58.3325
0.00903814 0.32133 -58.8199
0.00780142 0.308781 -53.9311
0.00716319 0.324751 -59.5004
-0.00499229 0.305518 -48.1647
-0.00100708 0.295524 -46.008
-0.00430777 0.273386 -36.4366
0.00734372 0.313818 -55.7819
0.00268942 0.300697 -49.0234
0.0031283 0.308012 -51.9825
0.00312116 0.314385 -54.3954
0.00425923 0.311946 -54.1154
0.00579647 0.308968 -53.836
0.00641036 0.326612 -60.5252
-0.000247372 0.31541 -52.7532
-0.000190645 0.307551 -49.8662
-0.0145437 0.300701 -38.6952
-0.00469293 0.317072 -50.9574
0.00817287 0.300493 -53.1787
0.0101726 0.309326 -57.625
0.0125422 0.290127 -52.4298
0.00689667 0.311189 -56.0086
0.00119771 0.307797 -50.6081
0.00519194 0.301372 -51.3406
0.00772405 0.315431 -58.3111
0.00378534 0.32737 -59.5815
-0.00865462 0.319431 -46.4076
-0.0112815 0.277061 -28.7203
0.00598508 0.293973 -49.6187
-0.00237776 0.302035 -45.0798
-0.00161787 0.297469 -44.1323
-0.00264815 0.296824 -42.8979
0.00574846 0.300797 -52.2964
0.000578679 0.297695 -46.0878
0.00870318 0.285782 -49.7716
0.0151978 0.258716 -46.5319
0.0187659 0.26047 -50.7348
0.0116582 0.239479 -35.6033
0.0255759 0.246835 -53.226
0.0185882 0.270887 -54.1122
0.0257951 0.269449 -61.6044
0.0122748 0.26452 -44.2229
-0.00108694 0.247377 -22.5348
-0.0119248 0.252267 -11.439
-0.0128863 0.240366 -5.9974
0.00472542 0.200225 -13.2187
