0 1 3
1 2 3
2 3 3
3 4 1
4 5 3
5 6 3
6 7 3
7 8 3
8 9 3
9 10 3
10 11 2
11 12 2
12 13 3
13 14 3
14 15 3
15 16 3
16 17 0
17 18 3
18 19 3
19 20 3
20 21 3
21 22 3
22 23 3
23 24 3
24 25 3
25 27 3
27 28 3
28 30 3
30 31 3
31 32 3
32 33 3
33 34 3
34 35 3
35 36 3
36 37 3
37 39 1
39 40 1
40 41 3
41 42 3
42 43 3
43 44 3
44 45 3
45 46 3
46 47 3
47 48 3
48 49 3
49 50 0
50 51 3
51 52 3
52 53 3
53 54 3
54 55 3
55 56 3
56 57 3
49 108 0
50 108 3
48 106 3
49 106 3
25 84 3
27 84 3
30 87 3
28 87 3
3 61 3
2 61 0
15 73 3
39 97 3
39 98 2
40 98 0
54 113 3
55 113 3
23 81 3
37 95 3
97 98 2
47 105 3
48 105 3
51 108 3
13 72 3
14 72 3
20 77 3
22 81 3
24 83 3
25 83 3
43 101 3
4 63 3
5 63 3
19 77 3
39 96 3
42 101 3
49 107 3
51 110 3
52 110 3
56 113 3
56 115 3
57 115 3
2 60 3
4 61 0
10 68 3
11 69 3
12 69 2
17 75 3
18 77 3
34 93 3
35 93 3
44 102 3
45 102 3
105 106 3
106 107 3
107 108 0
1 59 3
1 60 3
7 65 3
9 68 3
12 70 3
16 73 3
16 75 3
21 80 3
22 80 3
36 94 3
37 96 1
96 97 3
43 102 3
46 104 3
53 110 3
53 112 3
54 112 3
0 58 3
4 62 3
6 64 2
7 64 3
13 70 3
15 72 3
18 76 3
20 78 3
24 81 3
84 85 3
27 85 3
30 88 3
30 89 3
31 89 3
32 90 3
33 91 3
34 92 3
37 94 3
41 99 3
42 99 3
42 100 3
45 103 3
45 104 3
51 109 3
53 111 3
58 59 3
59 60 3
61 62 1
62 63 3
5 64 0
8 65 3
10 69 2
13 71 3
17 76 3
28 144 2
87 88 3
89 90 3
90 91 3
91 92 3
93 94 3
40 99 3
100 101 3
101 102 3
104 105 3
111 112 3
112 113 3
113 115 3
60 61 0
63 64 0
64 65 3
70 71 3
76 77 3
77 78 3
21 78 3
87 144 3
94 95 3
99 100 3
103 104 3
108 109 3
109 110 3
68 69 2
80 81 3
88 89 3
92 93 3
102 103 3
110 111 3
83 84 3
95 96 1
75 76 3
27 144 3
98 99 2
65 124 3
8 124 3
8 67 0
9 67 0
71 72 3
67 68 1
70 129 3
72 73 3
73 75 3
63 121 0
81 83 3
60 119 0
61 119 3
62 119 0
67 124 3
64 121 3
69 70 2
123 124 3
81 140 3
83 140 3
115 172 3
65 122 3
113 172 3
64 122 3
65 123 3
97 156 3
72 130 3
85 144 3
98 156 0
122 123 3
78 137 3
21 137 3
80 137 3
60 118 3
75 133 3
76 133 3
80 138 3
95 154 1
96 154 3
99 156 0
108 166 3
59 118 3
73 130 3
77 135 3
137 138 3
81 139 3
83 141 3
84 141 3
88 147 3
94 152 3
106 165 3
107 165 3
113 170 3
118 119 0
67 125 3
76 135 3
81 138 3
89 147 3
91 150 3
92 150 3
95 152 3
101 159 3
102 160 3
105 163 3
106 164 3
109 166 3
112 170 3
59 117 3
68 125 0
68 126 3
69 126 2
75 132 3
78 135 3
84 142 3
85 143 3
87 145 3
95 153 3
96 155 3
97 155 3
100 159 3
103 160 3
106 163 3
111 169 3
58 116 3
117 118 3
62 120 0
69 127 0
73 132 3
78 136 3
138 139 3
141 142 3
142 143 3
143 144 3
144 145 3
87 146 3
88 146 3
90 148 3
91 149 3
93 151 3
153 154 1
102 159 3
103 161 3
103 162 3
104 162 3
164 165 3
109 167 3
110 168 3
111 168 3
169 170 3
113 171 3
115 173 3
116 117 3
120 121 3
71 129 3
72 129 3
129 130 3
139 140 3
145 146 3
146 147 3
147 148 3
148 149 3
149 150 3
150 151 3
151 152 3
152 153 3
155 156 3
159 160 3
160 161 3
162 163 3
163 164 3
167 168 3
171 172 3
172 173 3
119 120 3
73 131 3
132 133 3
136 137 3
140 141 3
154 155 3
99 157 3
168 169 3
170 171 3
126 127 0
70 127 3
129 185 3
130 131 3
156 157 1
161 162 3
108 165 1
166 167 3
124 125 3
70 185 3
135 136 3
131 132 3
99 159 3
125 126 1
165 166 0
121 122 3
127 185 3
157 159 3
159 216 3
118 176 3
157 216 3
117 176 3
160 219 3
155 213 3
156 213 3
161 219 3
124 182 3
125 182 3
157 215 3
163 221 3
164 221 3
129 187 3
76 192 3
135 192 3
156 215 1
121 179 3
143 202 3
144 202 3
162 220 3
163 220 3
166 223 1
166 225 3
167 225 3
120 179 3
122 181 3
123 181 3
130 187 3
153 211 3
171 229 3
133 192 3
136 194 3
137 194 3
140 198 3
147 205 3
147 206 3
148 206 3
149 208 3
150 208 3
152 211 3
159 217 3
160 218 3
218 219 3
165 223 3
170 229 3
172 229 3
123 182 3
139 198 3
141 198 3
145 202 3
145 203 3
146 205 3
153 212 1
154 212 3
213 214 2
156 214 2
215 216 3
159 218 3
167 226 3
168 226 3
169 226 3
116 174 3
117 174 3
117 175 3
122 180 3
125 183 3
126 183 0
126 184 3
126 185 0
129 186 3
130 188 3
132 190 3
133 191 3
135 193 3
137 195 3
137 196 3
138 196 3
139 197 3
146 203 3
146 204 3
205 206 3
149 206 3
150 209 3
151 209 3
152 210 3
211 269 0
153 269 0
214 215 1
216 217 3
172 230 3
172 231 3
173 231 3
175 176 3
118 177 3
119 177 1
120 177 1
122 179 3
180 181 3
181 182 3
183 184 1
185 186 3
186 187 3
131 189 3
190 191 3
193 194 3
194 195 3
195 196 3
196 197 3
197 198 3
141 200 3
142 200 3
149 207 3
209 210 3
210 211 3
212 269 0
212 213 3
217 218 3
219 220 3
164 222 3
169 227 3
229 230 3
177 179 0
184 185 0
187 188 3
130 189 3
143 201 3
202 203 3
203 204 3
206 207 3
220 221 3
165 222 3
169 228 3
170 228 3
179 180 3
182 183 3
188 189 3
131 190 3
192 193 3
201 202 3
204 205 3
207 208 3
208 209 3
226 227 3
230 231 3
174 175 3
176 177 3
198 200 3
221 222 3
166 281 3
227 228 3
228 229 3
142 201 3
223 281 0
191 192 3
225 226 3
222 223 3
225 281 3
189 190 3
200 201 3
177 236 0
215 273 3
179 236 3
194 252 3
197 255 3
198 255 3
213 272 3
214 272 0
184 243 0
185 243 3
188 246 3
192 250 3
193 250 3
193 251 3
193 252 3
214 273 2
229 287 3
187 246 3
251 252 3
196 254 3
197 254 3
198 257 3
200 257 3
223 280 0
228 287 3
230 288 3
184 242 3
194 253 3
195 253 3
222 280 0
281 282 3
225 282 3
226 285 3
227 285 3
228 285 3
231 288 3
176 234 3
183 242 1
189 247 3
191 250 3
206 263 3
207 265 3
215 274 3
216 274 3
174 232 3
186 243 3
187 245 3
190 247 3
250 251 3
254 255 3
198 256 3
202 260 3
203 260 3
205 263 3
206 265 3
219 278 3
220 278 3
221 279 3
222 279 3
175 232 3
177 234 3
179 237 3
180 238 3
181 239 3
182 240 3
183 241 3
245 246 3
191 249 3
195 254 3
256 257 3
201 259 3
202 259 3
203 261 3
204 261 3
208 266 0
209 267 3
210 268 3
211 268 3
212 270 3
213 271 3
217 274 3
217 275 3
218 276 3
225 283 3
226 284 3
230 287 3
231 289 3
175 233 3
237 238 3
238 239 3
239 240 3
240 241 3
188 247 3
249 250 3
207 266 0
208 267 3
267 268 3
268 269 0
270 271 3
271 272 3
273 274 3
275 276 3
219 276 3
220 279 3
280 281 3
282 283 3
283 284 3
284 285 3
228 286 3
286 287 3
288 289 3
232 233 3
241 242 1
242 243 0
186 245 3
247 248 3
190 248 3
190 249 3
200 258 3
265 266 0
274 275 3
285 286 3
236 237 3
248 249 3
252 253 3
255 256 3
201 258 3
259 260 3
269 270 1
279 280 0
253 254 3
257 258 3
260 261 3
204 262 3
205 262 3
266 267 1
246 247 3
263 265 3
278 279 3
287 288 3
234 236 3
186 302 3
245 302 3
261 262 3
262 263 3
272 273 1
276 278 3
176 233 3
279 337 0
233 234 3
276 335 3
278 335 3
269 327 3
280 337 3
286 345 3
287 345 3
268 327 0
258 259 3
274 333 3
275 333 3
263 322 3
265 322 3
243 302 3
249 307 3
250 307 3
275 334 3
276 334 3
287 346 3
288 346 3
258 315 3
267 325 3
345 346 3
238 296 3
255 314 3
256 314 3
257 315 3
280 339 3
281 339 3
282 341 3
285 343 3
286 343 3
237 296 3
247 363 3
322 323 3
265 323 3
265 324 0
270 328 3
274 332 3
281 340 3
282 340 3
283 341 3
237 295 3
241 299 3
248 363 3
252 310 3
255 313 3
266 324 3
269 328 1
272 331 0
273 331 0
273 332 3
332 333 3
283 342 3
284 342 3
289 346 3
289 347 3
232 290 3
233 292 3
234 292 3
236 294 3
236 295 3
239 297 3
240 298 3
242 299 0
243 301 3
245 303 3
246 363 3
248 307 3
251 310 3
254 313 3
258 375 3
259 375 3
263 321 3
271 329 3
272 329 3
278 336 3
279 336 3
280 338 3
340 341 3
233 290 3
295 296 3
296 297 3
297 298 3
298 299 3
242 300 3
242 301 0
301 302 3
302 303 3
307 308 3
257 314 3
261 435 3
262 435 3
262 321 3
328 329 3
331 332 1
333 334 3
338 339 3
339 340 3
285 342 3
236 292 3
236 293 3
294 295 3
299 300 1
300 301 0
246 304 3
250 308 3
313 314 3
435 436 3
267 324 0
268 325 3
327 328 1
334 335 3
341 342 3
346 347 3
246 303 3
254 312 3
314 315 3
323 324 0
335 336 3
337 338 3
286 344 3
292 293 3
303 304 3
251 309 3
253 310 3
312 313 3
258 374 3
259 318 3
260 318 3
261 318 3
324 325 1
342 343 3
343 344 3
344 345 3
251 308 3
309 310 3
374 375 3
268 384 3
336 337 0
293 294 3
307 363 3
253 311 3
254 311 3
311 312 3
321 322 3
327 384 3
233 349 3
292 349 3
307 364 3
308 366 3
310 311 3
315 374 3
290 349 3
363 364 3
325 384 3
329 331 0
304 363 3
308 309 3
327 386 1
328 386 3
318 376 3
261 376 3
331 388 3
294 352 3
295 352 3
307 366 0
309 366 3
376 435 3
323 381 3
331 389 3
318 375 3
322 381 3
388 389 3
331 390 3
332 390 0
315 373 3
322 438 0
340 398 3
345 403 3
346 404 3
290 348 3
348 349 3
321 435 3
381 438 0
334 391 0
339 398 3
341 398 3
344 403 3
403 404 3
302 360 3
303 360 3
329 387 3
333 390 0
333 391 0
342 399 3
293 350 3
301 359 3
302 359 3
373 374 3
331 387 1
389 390 3
337 395 3
338 395 3
341 399 3
303 362 3
304 362 3
307 365 3
313 371 3
314 371 3
314 373 3
436 438 3
327 385 3
390 391 3
335 393 3
339 397 3
343 401 3
344 402 3
347 405 3
293 352 3
295 353 3
296 354 3
297 354 3
297 355 3
298 356 3
298 357 3
299 357 3
300 358 3
300 359 0
364 365 3
310 368 3
312 370 3
313 370 3
321 436 0
324 381 1
324 382 1
385 386 1
387 388 0
334 392 3
334 393 3
397 398 3
342 401 3
343 402 3
402 403 3
347 404 3
293 349 3
352 353 3
298 355 3
300 357 0
309 368 3
311 368 3
321 438 0
325 382 3
386 387 3
391 392 1
392 393 3
338 397 3
404 405 3
296 353 3
355 356 3
356 357 3
358 359 0
359 360 3
311 370 3
338 396 3
365 366 0
366 368 3
314 372 3
396 397 3
401 402 3
350 352 2
354 355 3
357 358 1
336 393 3
398 399 3
342 459 3
362 363 3
336 452 3
395 396 3
399 459 3
401 459 3
353 354 3
371 372 3
372 373 3
373 431 3
381 382 3
337 452 1
365 423 3
368 427 3
311 427 3
370 371 3
376 436 3
349 350 3
364 423 3
426 427 3
370 427 3
370 429 3
350 409 1
352 409 1
368 426 3
371 429 3
401 460 3
402 460 3
360 362 3
437 438 3
384 385 3
360 418 3
368 425 3
436 437 3
336 451 3
451 452 3
362 418 3
365 424 0
366 425 3
393 451 3
366 424 3
374 431 3
438 496 3
382 441 3
385 442 3
392 451 3
362 421 3
363 421 3
363 422 3
372 429 3
325 441 3
384 442 3
418 419 3
362 419 3
364 422 3
382 440 3
348 407 1
349 407 1
349 408 1
350 408 1
352 410 1
352 411 1
353 411 1
356 414 3
357 415 3
362 420 3
440 441 3
389 447 3
390 447 3
398 456 3
404 462 3
408 409 3
356 415 3
359 418 3
421 422 3
399 456 3
458 459 3
405 462 3
407 408 3
409 410 3
410 411 3
414 415 3
423 424 0
372 431 3
318 434 3
391 449 3
392 449 0
397 455 3
399 457 3
399 458 3
459 460 3
403 460 3
348 406 1
356 413 3
413 414 3
422 423 1
425 426 3
426 484 1
372 430 3
376 434 3
386 445 3
337 453 3
395 453 3
396 453 3
396 455 3
457 458 3
405 463 3
406 407 3
355 413 3
419 420 3
424 425 3
370 428 3
430 431 3
385 445 3
387 445 3
398 455 3
456 457 3
403 462 3
358 415 0
420 421 3
427 428 3
428 429 3
429 430 3
374 432 2
375 434 3
325 442 3
385 443 3
452 453 3
403 461 3
354 411 1
358 416 3
382 498 3
388 447 3
391 447 3
392 509 3
460 461 3
462 463 3
415 416 1
359 416 1
443 445 3
388 445 1
447 448 3
391 448 3
449 509 1
451 509 3
455 456 3
354 412 1
382 438 0
441 499 3
448 449 3
396 512 3
411 412 3
354 413 3
375 432 2
440 498 3
455 512 3
453 512 3
461 462 3
412 413 3
416 418 3
440 499 3
442 443 3
413 471 3
431 432 3
412 471 3
416 474 3
457 515 3
432 434 3
512 513 3
456 515 3
418 474 3
455 513 3
419 478 3
420 478 3
430 489 3
431 489 3
456 514 3
449 508 3
508 509 3
474 475 3
418 475 3
421 479 3
422 479 1
426 485 3
427 485 3
412 470 3
421 478 3
428 487 3
434 436 3
437 494 2
437 496 3
445 447 2
470 471 3
414 473 3
415 473 3
423 481 3
429 487 3
436 494 2
494 496 3
459 517 3
411 469 3
419 477 3
428 485 3
432 491 3
441 442 3
449 507 3
458 517 3
409 467 3
410 467 3
410 468 3
410 469 3
412 469 3
416 473 3
418 477 3
422 481 1
442 500 3
448 507 3
452 509 3
453 511 3
456 513 3
461 519 3
462 520 3
463 520 3
406 464 3
408 467 3
467 468 3
414 472 3
418 476 3
424 482 2
485 487 3
430 488 3
434 491 3
443 500 3
445 503 3
507 508 3
511 512 3
513 514 3
457 516 3
460 517 3
460 519 3
407 464 3
407 465 3
408 465 3
408 466 3
466 467 3
469 470 3
413 472 3
472 473 3
473 474 3
475 476 3
476 477 3
422 480 1
424 481 1
425 482 2
425 483 2
484 485 3
487 488 3
432 489 3
432 490 3
434 492 3
447 563 3
515 516 3
458 516 3
461 520 3
479 480 3
482 483 3
426 483 2
489 490 3
382 496 0
498 499 3
443 501 3
452 511 3
465 466 3
471 472 3
477 478 3
436 492 3
442 499 3
443 503 3
463 521 3
468 469 3
480 481 3
488 489 3
491 492 3
495 496 3
447 503 2
448 563 3
519 520 3
520 521 3
464 465 3
478 479 3
481 482 0
483 484 1
503 563 3
490 491 3
494 495 3
563 564 3
448 564 3
452 568 3
511 568 3
500 501 3
507 564 3
509 568 3
514 515 3
516 517 3
501 503 3
487 543 3
436 551 2
485 543 3
492 551 3
494 551 3
495 552 3
512 570 3
494 552 3
519 577 3
499 500 3
511 570 3
460 577 3
484 543 3
501 561 3
503 561 3
520 577 3
503 562 3
562 563 3
513 572 3
517 577 3
477 535 3
501 560 3
512 572 3
476 535 3
478 537 3
479 537 3
483 541 2
500 559 3
501 559 3
560 561 3
517 576 3
520 579 3
521 579 3
467 525 3
480 537 3
482 541 2
487 544 3
487 546 3
488 546 3
490 548 2
492 550 3
564 565 3
507 565 3
514 572 3
576 577 3
466 525 3
472 530 3
475 533 3
476 533 3
543 544 3
489 547 2
491 548 3
550 551 3
499 557 3
508 565 3
512 571 3
468 525 3
469 527 3
471 530 3
478 535 3
482 540 2
498 556 2
499 556 2
500 557 3
509 567 3
571 572 3
516 574 3
517 574 3
517 575 3
464 522 3
464 523 3
465 523 3
466 524 3
470 527 3
470 528 3
470 529 3
471 529 3
473 531 3
474 532 3
474 533 3
476 534 3
478 536 3
536 537 3
480 538 3
481 540 3
484 541 3
484 542 3
489 546 3
547 548 3
496 554 3
382 556 2
500 558 3
559 560 3
567 568 3
511 569 3
575 576 3
577 578 3
520 578 3
522 523 3
523 524 3
524 525 3
468 527 3
529 530 3
530 531 3
531 532 3
533 534 3
534 535 3
535 536 3
537 538 3
481 538 3
540 541 3
542 543 3
546 547 3
551 552 3
495 554 3
382 554 2
556 557 3
558 559 3
561 562 3
568 569 3
578 579 3
468 526 3
528 529 3
541 542 3
552 611 3
495 611 3
557 558 3
508 566 3
509 566 3
525 526 3
527 528 3
532 533 3
491 607 2
554 611 3
566 567 3
569 570 3
514 516 3
544 546 3
491 550 3
570 571 3
526 527 3
548 607 3
550 607 3
481 539 3
554 556 3
514 574 3
574 575 3
538 539 3
539 540 3
514 631 3
574 631 3
561 619 3
572 631 3
527 585 3
546 605 3
547 605 3
554 613 3
556 613 3
562 619 3
563 621 3
565 566 3
539 598 3
540 598 3
560 618 3
528 585 3
546 603 3
550 608 3
551 608 3
559 618 3
568 626 3
568 627 3
569 627 3
523 582 3
524 582 3
525 583 3
526 584 3
527 584 3
544 603 3
556 615 3
557 615 3
564 622 3
567 626 3
525 582 3
526 583 3
584 585 3
536 594 3
537 594 3
558 616 3
559 616 3
562 620 3
563 620 3
621 622 3
565 622 3
577 635 3
578 637 3
579 637 3
538 596 3
539 596 3
556 614 3
559 617 3
620 621 3
566 624 3
567 624 3
572 630 3
576 635 3
583 584 3
535 594 3
542 600 3
543 600 3
543 601 2
544 601 3
544 602 3
546 604 3
552 610 3
611 612 3
554 612 3
616 617 3
565 623 3
566 623 3
571 629 3
630 631 3
575 633 3
522 580 3
528 586 3
529 587 3
530 588 3
531 589 3
532 590 3
533 591 3
534 592 3
535 593 3
537 595 3
602 603 3
548 606 3
551 610 3
610 611 3
613 614 3
614 615 3
615 616 3
617 618 3
560 619 3
567 625 3
625 626 3
569 628 3
570 628 3
570 629 3
571 630 3
574 632 3
578 635 3
523 580 3
582 583 3
528 587 3
587 588 3
588 589 3
589 590 3
533 590 3
591 592 3
592 593 3
593 594 3
594 595 3
538 595 3
541 598 3
600 601 3
601 602 3
603 604 3
605 606 3
606 607 3
608 610 3
619 620 3
624 625 3
627 628 3
628 629 3
574 633 3
523 581 3
585 586 3
541 600 3
604 605 3
612 613 3
626 627 3
631 632 3
581 582 3
586 587 3
607 608 3
618 619 3
623 624 3
632 633 3
576 633 3
580 581 3
595 596 3
622 623 3
633 635 3
590 591 3
578 694 3
637 694 3
635 694 3
598 600 3
539 655 2
629 630 3
633 692 3
635 692 3
596 655 3
598 657 3
600 657 3
591 650 3
598 655 3
610 667 3
592 650 3
608 667 3
605 663 3
635 693 3
604 663 3
693 694 3
626 685 3
627 685 3
631 689 3
584 643 3
585 643 3
598 656 3
601 660 3
602 660 3
607 666 3
608 666 3
610 668 3
611 668 3
616 675 3
617 675 3
629 686 3
630 689 3
656 657 3
600 658 3
614 672 3
615 672 3
620 679 3
621 679 3
628 686 3
629 688 3
584 642 3
586 643 3
589 647 3
590 647 3
655 656 3
657 658 3
601 658 3
606 663 3
628 685 3
629 687 3
630 688 3
632 690 3
633 690 3
637 695 3
580 638 3
581 639 3
581 640 3
582 640 3
583 640 3
583 641 3
642 643 3
586 644 3
587 645 3
588 646 3
590 648 3
593 651 3
594 652 3
595 653 3
601 659 3
603 660 3
606 664 3
607 664 3
607 665 3
611 669 3
612 669 3
612 671 3
613 671 3
613 672 3
616 674 3
620 678 3
622 680 3
623 680 3
623 681 3
623 682 3
624 682 3
625 683 3
626 684 3
687 688 3
633 691 3
638 639 3
640 641 3
641 642 3
644 645 3
645 646 3
646 647 3
591 648 3
593 650 3
651 652 3
595 652 3
596 653 3
659 660 3
603 661 3
663 664 3
664 665 3
668 669 3
612 670 3
615 674 3
674 675 3
618 675 3
618 677 3
619 677 3
619 678 3
678 679 3
621 680 3
682 683 3
683 684 3
685 686 3
686 687 3
688 689 3
631 690 3
691 692 3
694 695 3
591 649 3
652 653 3
658 659 3
660 661 3
604 661 3
666 667 3
669 670 3
681 682 3
684 685 3
690 691 3
648 649 3
649 650 3
596 654 3
654 655 3
665 666 3
667 668 3
677 678 3
680 681 3
689 690 3
647 648 3
650 651 3
604 720 3
671 672 3
639 640 3
653 654 3
663 720 3
670 671 3
672 674 3
675 677 3
643 644 3
661 720 3
679 680 3
692 693 3
674 731 3
675 734 3
672 731 3
677 734 3
654 712 3
655 712 3
653 711 3
655 713 3
657 715 3
720 721 3
663 721 3
677 735 3
678 737 3
679 737 3
679 738 3
680 738 3
692 750 3
693 750 3
654 711 3
712 713 3
656 715 3
680 739 3
681 739 3
686 744 3
689 748 3
690 748 3
693 752 3
694 752 3
660 719 3
661 719 3
667 725 3
668 725 3
671 729 3
734 735 3
678 736 3
685 744 3
686 745 3
687 745 3
639 697 3
640 697 3
641 700 3
642 700 3
658 715 3
659 717 3
660 717 3
665 723 3
670 729 3
674 732 3
675 732 3
677 736 3
683 741 3
684 742 3
688 746 3
688 747 3
689 747 3
695 752 3
638 696 3
640 698 3
641 699 3
643 701 3
644 701 3
647 706 3
648 706 3
649 706 3
649 708 3
650 708 3
651 708 3
656 714 3
658 716 3
660 718 3
664 722 3
666 723 3
666 724 3
666 725 3
668 726 3
669 727 3
672 730 3
731 732 3
682 741 3
684 741 3
685 742 3
687 746 3
691 749 3
696 697 3
698 699 3
699 700 3
700 701 3
647 705 3
649 707 3
652 711 3
711 712 3
656 713 3
714 715 3
715 716 3
716 717 3
717 718 3
718 719 3
721 722 3
722 723 3
726 727 3
670 727 3
671 730 3
741 742 3
685 743 3
690 749 3
749 750 3
695 753 3
697 698 3
646 704 3
647 704 3
651 709 3
652 710 3
719 720 3
724 725 3
730 731 3
735 736 3
736 737 3
737 738 3
682 739 3
742 743 3
743 744 3
744 745 3
748 749 3
645 704 3
707 708 3
651 710 3
713 714 3
723 724 3
725 726 3
738 739 3
745 746 3
746 747 3
747 748 3
752 753 3
706 707 3
709 710 3
710 711 3
682 740 3
693 751 3
704 705 3
705 706 3
751 752 3
644 702 3
645 702 3
732 734 3
708 709 3
727 729 3
739 740 3
701 702 3
729 730 3
740 741 3
750 751 3
702 703 3
645 703 3
703 704 3
732 791 3
734 791 3
727 786 3
729 786 3
749 807 3
748 807 3
734 792 3
740 798 3
706 764 3
707 764 3
708 766 3
791 792 3
736 794 3
739 798 3
709 766 3
735 794 3
741 798 3
751 809 3
702 761 3
703 761 3
750 808 3
750 809 3
700 758 3
704 762 3
710 769 3
711 769 3
719 777 3
730 788 3
749 808 3
699 757 3
701 758 3
704 761 3
705 762 3
707 766 3
709 768 3
710 768 3
720 777 3
721 779 3
726 785 3
727 785 3
729 788 3
741 800 3
742 800 3
743 801 3
744 801 3
744 803 3
745 803 3
696 754 3
697 755 3
698 755 3
698 756 3
701 759 3
702 759 3
702 760 3
705 763 3
711 770 3
712 770 3
713 771 3
714 772 3
715 773 3
716 774 3
717 775 3
718 776 3
718 777 3
720 778 3
720 779 3
722 780 3
723 781 3
724 781 3
724 782 3
725 783 3
726 784 3
729 787 3
731 789 3
731 790 3
732 790 3
735 792 3
737 795 3
738 795 3
739 797 3
741 799 3
746 804 3
747 805 3
748 805 3
748 806 3
806 807 3
752 809 3
752 810 3
754 755 3
756 757 3
699 758 3
760 761 3
761 762 3
762 763 3
763 764 3
707 823 3
768 769 3
712 771 3
771 772 3
772 773 3
773 774 3
774 775 3
717 776 3
776 777 3
777 778 3
778 779 3
779 780 3
780 781 3
782 783 3
783 784 3
786 787 3
787 788 3
788 789 3
789 790 3
737 794 3
738 796 3
739 796 3
797 798 3
798 799 3
799 800 3
800 801 3
803 804 3
804 805 3
805 806 3
807 808 3
752 811 3
753 811 3
757 758 3
769 770 3
790 791 3
794 795 3
744 860 2
809 810 3
755 756 3
764 823 3
766 823 3
770 771 3
775 776 3
781 782 3
784 785 3
795 796 3
796 797 3
808 809 3
810 811 3
803 860 3
758 759 3
759 760 3
785 786 3
801 860 3
735 851 3
792 851 3
794 851 3
806 864 3
709 825 3
768 825 3
800 858 3
794 852 3
807 864 3
851 852 3
804 862 3
807 865 3
805 862 3
766 825 3
781 840 3
787 846 3
788 846 3
797 856 3
798 856 3
799 856 3
801 858 3
809 867 3
810 867 3
761 819 3
782 840 3
788 847 3
789 847 3
791 849 3
808 865 3
808 867 3
756 814 3
757 814 3
762 819 3
762 820 3
763 820 3
771 829 3
772 829 3
790 849 3
795 853 3
796 854 3
797 854 3
801 859 3
803 861 3
758 816 3
760 819 3
769 827 3
781 839 3
786 844 3
790 848 3
792 849 3
792 850 3
795 854 3
858 859 3
859 860 3
804 861 3
805 864 3
864 865 3
811 869 3
754 812 3
755 813 3
756 813 3
757 815 3
759 816 3
759 818 3
760 818 3
819 820 3
763 821 3
764 822 3
766 824 3
768 827 3
770 828 3
772 830 3
773 831 3
774 832 3
775 833 3
776 834 3
777 835 3
778 836 3
779 837 3
780 837 3
780 839 3
839 840 3
783 841 3
784 842 3
785 843 3
785 844 3
787 845 3
794 853 3
799 857 3
800 857 3
861 862 3
808 866 3
810 869 3
812 813 3
814 815 3
815 816 3
759 817 3
818 819 3
820 821 3
821 822 3
822 823 3
823 824 3
824 825 3
827 828 3
828 829 3
830 831 3
831 832 3
832 833 3
833 834 3
834 835 3
835 836 3
836 837 3
840 841 3
841 842 3
842 843 3
844 845 3
789 848 3
849 850 3
850 851 3
797 855 3
856 857 3
867 868 3
810 868 3
813 814 3
816 817 3
817 818 3
845 846 3
846 847 3
853 854 3
854 855 3
857 858 3
860 861 3
768 884 3
829 830 3
843 844 3
847 848 3
848 849 3
855 856 3
865 866 3
866 867 3
868 869 3
825 884 3
852 853 3
827 884 3
780 896 3
837 896 3
839 896 3
862 864 3
862 921 3
864 921 3
856 914 3
855 914 3
867 925 3
822 881 3
823 881 3
824 881 3
847 905 3
852 911 3
853 911 3
861 919 3
866 925 3
846 905 3
850 908 3
851 908 3
862 919 3
868 926 3
869 926 3
817 875 3
818 875 3
818 877 3
819 877 3
847 906 3
848 906 3
854 911 3
859 917 3
867 926 3
815 873 3
816 873 3
914 915 3
856 915 3
857 915 3
858 917 3
816 874 3
830 888 3
844 902 3
845 902 3
849 907 3
851 909 3
852 910 3
864 923 3
865 923 3
866 924 3
925 926 3
814 872 3
815 872 3
817 874 3
818 876 3
820 878 3
821 879 3
822 880 3
824 882 3
825 883 3
827 885 3
828 886 3
829 887 3
829 888 3
830 889 3
831 889 3
832 890 3
833 891 3
834 892 3
835 893 3
836 894 3
837 895 3
840 898 3
841 899 3
842 900 3
843 901 3
845 903 3
846 903 3
848 907 3
908 909 3
851 910 3
911 912 3
858 916 3
860 918 3
862 920 3
864 922 3
865 924 3
812 870 3
873 874 3
876 877 3
877 878 3
878 879 3
879 880 3
880 881 3
882 883 3
884 885 3
885 886 3
886 887 3
888 889 3
889 890 3
890 891 3
891 892 3
892 893 3
893 894 3
894 895 3
839 898 3
898 899 3
899 900 3
900 901 3
901 902 3
850 907 3
910 911 3
854 912 3
915 916 3
917 918 3
860 919 3
919 920 3
920 921 3
921 922 3
813 870 3
813 872 3
875 876 3
881 882 3
883 884 3
887 888 3
872 873 3
874 875 3
895 896 3
909 910 3
916 917 3
922 923 3
924 925 3
905 906 3
918 919 3
902 903 3
907 908 3
923 924 3
906 907 3
855 912 3
813 871 3
870 871 3
871 872 3
855 972 3
896 955 3
839 955 3
903 905 3
869 985 3
898 955 3
903 962 3
905 962 3
912 972 3
926 984 3
926 985 3
914 972 3
926 983 3
915 974 3
919 978 3
920 978 3
925 983 3
883 942 3
884 942 3
911 969 3
912 971 3
971 972 3
885 942 3
895 954 3
896 954 3
910 969 3
916 974 3
919 977 3
983 984 3
873 931 3
874 931 3
903 961 3
907 966 3
908 966 3
909 966 3
914 974 3
918 977 3
924 983 3
871 929 3
872 929 3
875 933 3
876 933 3
882 941 3
883 941 3
885 944 3
886 944 3
886 945 3
887 945 3
888 946 3
902 961 3
906 964 3
907 965 3
984 985 3
877 935 3
881 939 3
882 939 3
889 946 3
954 955 3
905 963 3
905 964 3
906 965 3
912 969 3
916 975 3
917 975 3
918 976 3
921 979 3
870 928 3
873 929 3
874 932 3
876 934 3
876 935 3
878 936 3
879 937 3
880 938 3
889 947 3
890 948 3
891 949 3
892 950 3
893 951 3
894 952 3
895 953 3
898 956 3
899 957 3
900 958 3
901 959 3
902 959 3
962 963 3
909 967 3
910 968 3
912 970 3
972 974 3
976 977 3
920 979 3
922 979 3
922 980 3
928 929 3
931 932 3
932 933 3
933 934 3
934 935 3
935 936 3
936 937 3
937 938 3
880 939 3
885 943 3
945 946 3
947 948 3
948 949 3
949 950 3
950 951 3
951 952 3
952 953 3
953 954 3
955 956 3
956 957 3
957 958 3
958 959 3
902 960 3
966 967 3
967 968 3
968 969 3
969 970 3
973 974 3
918 975 3
979 980 3
923 980 3
923 981 3
938 939 3
941 942 3
943 944 3
944 945 3
946 947 3
959 960 3
961 962 3
964 965 3
977 978 3
924 981 3
882 998 3
942 943 3
963 964 3
970 971 3
972 973 3
924 982 3
939 998 3
960 961 3
965 966 3
974 975 3
978 979 3
982 983 3
929 931 3
941 998 3
975 976 3
980 981 3
981 982 3
929 988 3
931 988 3
984 1042 3
972 1030 3
971 1030 3
977 1035 1
966 1024 3
974 1032 3
965 1024 3
969 1027 3
973 1032 3
978 1035 1
978 1036 1
983 1041 3
983 1042 3
985 1042 3
933 991 3
941 999 3
942 999 3
970 1027 3
978 1037 3
979 1037 3
982 1041 3
985 1043 3
932 991 3
934 991 3
946 1004 3
956 1014 3
957 1016 3
958 1016 3
967 1026 3
968 1026 3
973 1030 3
1035 1036 2
1042 1043 3
931 989 3
932 989 3
935 993 3
945 1004 3
947 1005 3
948 1006 3
950 1008 3
952 1010 3
953 1010 3
953 1011 3
957 1014 3
960 1018 3
965 1023 3
970 1028 3
971 1029 3
975 1034 3
976 1034 3
980 1037 3
982 1040 3
928 986 3
929 987 3
934 992 3
934 993 3
936 993 3
936 994 3
937 996 3
938 996 3
942 1000 3
943 1001 3
944 1002 3
945 1003 3
946 1005 3
949 1006 3
949 1008 3
951 1009 3
954 1012 3
955 1013 3
957 1015 3
959 1017 3
961 1018 3
961 1019 3
962 1020 3
963 1021 3
964 1022 3
964 1023 3
1023 1024 3
967 1025 3
971 1028 3
1029 1030 3
973 1031 3
974 1033 3
975 1033 3
980 1038 3
981 1039 3
981 1040 3
986 987 3
987 988 3
988 989 3
932 990 3
991 992 3
992 993 3
937 994 3
939 996 3
1000 1001 3
1001 1002 3
1002 1003 3
1003 1004 3
1005 1006 3
1008 1009 3
1009 1010 3
953 1012 3
1012 1013 3
1013 1014 3
1015 1016 3
1016 1017 3
1017 1018 3
1019 1020 3
1020 1021 3
1021 1022 3
966 1025 3
1025 1026 3
1026 1027 3
1028 1029 3
1030 1031 3
1031 1032 3
977 1034 3
1038 1039 3
1040 1041 3
1041 1042 3
990 991 3
939 997 3
999 1000 3
1004 1005 3
1010 1011 3
1014 1015 3
1022 1023 3
1037 1038 3
1039 1040 3
993 994 3
996 997 3
997 998 3
998 999 3
1011 1012 3
1018 1019 3
1027 1028 3
989 990 3
994 996 3
1024 1025 3
1033 1034 3
1034 1035 3
1032 1033 3
1036 1037 2
1006 1008 3
