0.00875103 -0.0119223 15.5707
0.00435607 -0.00692037 15.6345
-0.00943437 -0.0264864 16.6501
-0.0318043 -0.0425544 18.2614
-0.030973 -0.0128531 17.3559
-0.0455611 -0.0239651 19.2778
-0.0354293 -0.0156554 18.1575
-0.0300944 0.024294 16.5243
-0.0203582 0.0248102 15.2536
-0.0454536 0.0227697 20.4734
-0.0941505 0.0464939 30.4869
-0.0676943 0.0458135 23.9527
-0.0479578 0.0229446 19.5966
-0.0195847 0.0196808 11.4243
0.00143395 0.0044557 5.52607
0.00200781 -0.00516844 5.52265
-0.0181227 -0.102515 24.5683
-0.0290563 -0.110784 28.4661
0.0104454 -0.13679 13.5501
0.0147922 -0.105154 11.2158
-0.0235027 -0.110666 27.4508
-0.0120091 -0.0752336 21.2944
-0.023667 -0.0797475 26.7469
-0.0154027 -0.706217 23.2019
-0.00698443 -0.720287 19.0339
0.0252796 -0.0910268 3.69351
0.0225724 -0.388162 2.7563
0.0221492 0.001428 -5.1248
0.0311945 -0.00365185 -10.4628
0.0376326 -0.0318221 -13.6512
0.0240396 -0.0427766 -4.98043
0.0135172 -0.043862 1.96883
0.458789 -0.217545 -297.658
0.0437395 -0.00542208 -7.61601
0.0610325 -0.0176855 -20.0752
0.0434155 -0.0259024 -5.9408
0.00365924 0.0223845 23.9748
0.0143565 0.0211154 15.5934
-0.0256022 0.00175908 48.7698
-0.0162027 -0.0150975 41.0041
-0.0158365 -0.0454074 41.239
-0.0281028 -0.0711873 52.6562
-0.0643897 -0.0908348 85.8371
-0.0252571 -0.0221768 47.7624
-0.00412654 0.0141896 18.882
-0.00142456 0.0267444 16.119
0.023678 0.0302037 -8.58311
0.012623 0.0068504 3.03251
0.0215924 -0.0083032 -6.3182
0.0252304 0.0173573 -11.0495
0.0403261 -0.0371341 -12.2043
0.0530806 -0.0184273 -26.555
0.0520248 0.0693132 -26.974
0.0616259 0.0960287 -38.657
0.0639201 0.109566 -41.4718
0.15167 0.0409581 -144.463
0.127082 -0.0374999 -113.244
0.0246523 0.265527 4.90235
0.00700747 -0.0299159 15.8512
0.0102797 -0.0265963 15.7295
-0.0283212 -0.0371427 17.7735
-0.0255414 -0.0322613 17.0819
-0.0323423 -0.0191082 17.7079
-0.0150009 -0.0143579 15.9289
-0.0281622 -0.000421341 16.8608
-0.0202676 0.00539955 15.4879
-0.0283529 0.00962077 16.7763
-0.0173599 0.00116461 15.1533
-0.0482797 0.0266402 21.0161
-0.0890994 0.057861 29.3665
-0.059773 0.0238186 22.4523
-0.0326349 0.0217974 15.0051
-0.00273323 0.00192019 6.81412
0.000324496 -0.00221154 6.025
0.00250559 -0.00882692 5.52409
-0.0097809 -0.187412 23.0839
0.0048993 -0.160055 16.4768
0.0223205 -0.137709 8.67791
-0.0247314 -0.109131 27.7494
-0.0110747 -0.11198 21.4605
0.00635716 -0.10766 13.2537
0.708544 -0.0817686 -349.614
-0.00842626 -0.0107342 13.0346
-0.00845728 0.0027236 12.3252
0.00114573 0.00247822 7.07467
0.025282 -0.00544968 -6.70161
0.024371 -0.00749618 -6.25318
0.0265967 -0.0224852 -7.21703
0.0137071 -0.032068 1.50466
0.0856943 0.0127874 -48.2757
0.0926495 -0.00520645 -51.8067
0.06513 -0.00595951 -23.0537
0.0607624 -0.0143195 -19.8346
0.0500742 -0.0367136 -10.7042
0.0208193 -0.00999046 11.3479
0.00558693 -0.0103636 23.4839
-0.0297266 -0.0323766 52.9511
-0.0171867 -0.035122 42.3338
-0.0116862 -0.0302839 37.632
-0.0128919 -0.0283728 37.7226
-0.052357 -0.0323444 73.6982
-0.029975 -0.0138778 51.728
0.00914484 0.0209238 5.90952
0.0129841 0.0203257 2.28697
0.0156887 0.0148235 -0.231603
0.00867541 0.00682489 7.30801
0.00959804 0.00388555 6.26529
0.0136099 0.0151266 1.72897
0.075968 -0.0105324 -51.8961
0.0936166 0.0888494 -73.9115
0.0664219 0.0868997 -42.6051
0.0483833 0.084123 -22.0464
0.0574337 0.0700734 -32.0643
0.0909012 -0.00283372 -70.2771
0.0459256 -0.0499795 -14.2372
0.00656349 -0.088781 34.9564
0.00134793 -0.00349773 14.3331
0.0112148 -0.00476422 14.4466
-0.0231963 -0.0140594 16.6195
-0.031816 -0.0255177 17.6569
-0.0185982 -0.0247412 16.2947
0.00689664 -0.00947678 12.6276
-0.0173652 -0.00560473 15.5116
-0.0200208 0.002235 15.428
-0.0138157 0.00113542 14.3686
-0.0206751 0.0153582 15.3449
-0.0454675 0.0180489 20.6938
-0.0663009 0.0270879 24.9715
-0.0674573 0.0248607 24.8385
-0.048823 0.0156755 20.1812
-0.0137762 0.00353325 10.2104
0.00144112 0.0023317 5.43965
-0.000115292 -0.00103933 6.10705
0.0336492 -0.0442101 -4.07378
0.0372542 -0.162141 2.17764
0.0436339 -0.144223 -0.40525
0.00835743 -0.111945 13.715
-0.0241566 -0.0788744 26.2931
-0.0225907 -0.100782 26.815
-0.0361044 -0.0754479 32.216
-0.016113 -0.0662072 20.7725
0.00306195 -0.0355564 9.03571
-0.00729821 -0.00548232 12.7604
0.015685 -0.0059565 -0.671213
0.0151691 -0.0151462 0.0134632
0.0310506 -0.00493879 -10.6371
0.0781245 0.00283892 -42.3077
0.10442 0.0189172 -61.2302
0.0707789 -0.00966765 -35.9849
0.500156 0.0429103 -345.141
0.0793855 -0.0641333 -30.6238
0.051341 -0.0213682 -12.0492
0.0360076 -0.0216002 -0.431474
-0.0100783 -0.0506041 38.1539
-0.0337605 -0.0533742 56.5046
-0.0148363 -0.0729725 42.1768
-0.0186902 -0.0334282 43.7306
-0.0230347 -0.0214738 47.2776
-0.0276951 -0.0304252 51.4046
-0.0318323 -0.0166204 54.296
0.00667195 0.0156874 8.41918
0.0144952 0.0106227 1.22741
0.0102372 0.0165577 5.1702
0.00913034 0.00318954 6.90438
0.0102124 -0.00424079 6.04711
0.0175948 -0.00305532 -1.7998
0.0227849 0.0111508 -8.1449
0.0703181 0.0737585 -46.2692
0.0331922 0.0253012 -1.74653
0.0106851 -0.0409074 27.821
-0.00239432 -0.0593513 43.1496
0.0934888 -0.0406229 -72.8959
0.0486719 -0.0356001 -19.0231
0.0038004 -0.007351 33.6531
0.00892514 -0.000358197 14.3437
-0.00790133 -0.00363844 15.2794
-0.0298879 -0.00405211 16.5581
-0.0439025 -0.0158948 18.1537
-0.00315849 -0.0349403 15.4364
0.00942498 -0.0149133 12.8981
-0.0199849 -0.0119654 16.8177
-0.0128276 -0.0126865 15.5798
-0.011598 -0.0240599 16.0096
-0.0129843 -0.00578484 15.304
-0.0515887 -0.025975 25.1613
-0.0604919 -0.0202115 26.9796
-0.0944404 -0.0234684 35.7433
-0.0509951 -0.000383731 21.6316
-0.0216206 -0.00276718 13.22
5.75806e-05 -0.00705988 6.68487
-0.00473042 -0.00250097 8.03883
0.000404516 -0.00791171 6.28393
0.0331438 -0.0538949 -3.00895
0.0453209 -0.124572 -2.28751
-0.0118508 -0.0808466 21.1866
-0.0303519 -0.122853 32.6206
-0.0219003 -0.132755 28.5117
-0.0121838 -0.120173 22.8163
0.0111889 -0.0831286 7.20003
0.0343547 -0.0692523 -6.45965
0.00451225 -0.0660487 10.3947
0.0130551 -0.0343189 2.79252
0.0088587 -0.0321092 5.08624
0.0456775 -0.0285425 -18.1384
0.0401364 -0.00954527 -16.0984
0.0894073 0.00540723 -50.2782
0.061175 0.00224951 -29.6603
0.0345665 -0.0114646 -10.1923
0.149088 -0.139025 -79.183
0.0695756 -0.0370509 -25.093
0.0174705 -0.066335 16.9416
-0.0309756 -0.10009 57.4169
-0.0338509 -0.0720616 57.9374
-0.0108911 -0.120814 40.7752
0.00576137 -0.0745499 24.4788
-0.020865 -0.0748968 47.7582
0.0125535 -0.0116409 4.16643
0.0149335 0.00144474 0.861904
0.0195671 -0.0137629 -2.26809
0.020397 -0.0202256 -2.51372
0.0181637 -0.00957454 -0.963815
-0.00134912 -0.00200241 18.081
0.0395648 0.0213047 -26.7261
0.0465878 0.0801305 -30.3481
0.0498467 0.0676967 -32.6232
0.035103 -0.061287 1.10222
0.0228486 -0.0792904 15.9295
0.00070918 -0.0910545 42.2156
0.000481117 -0.0589329 39.5518
0.0898219 -0.0771342 -66.1756
0.0788279 -0.0246135 -55.8948
0.0373848 0.00398831 -7.79415
-0.00244497 -0.023035 16.3598
-0.00906794 -0.0286032 16.9407
-0.036866 -0.024209 18.0897
-0.0281115 -0.0421553 19.4876
-0.0118219 -0.0240386 15.4967
-0.00111473 -0.0281711 14.9624
0.000947561 -0.0336431 15.8926
-0.0124271 -0.0273853 16.645
-0.0136546 -0.0291318 16.7471
-0.0398704 -0.0496072 24.7108
-0.0628985 -0.0739177 31.2304
-0.0510446 -0.0496987 26.7812
-0.0587632 -0.0219026 25.8156
-0.0333423 -0.00259723 16.8978
-0.00641405 -0.00412967 8.48617
0.00204227 0.00248834 5.23141
-0.00323872 0.00255462 6.89732
0.000808598 0.0113196 4.33343
0.000668849 -0.00779545 6.33643
-0.0061637 -0.046866 12.6949
0.00135023 -0.09762 14.169
-0.0129547 -0.120737 22.7208
-0.0229195 -0.140791 29.278
-0.0109166 -0.0898413 18.1136
0.0114784 -0.0958531 8.16399
0.0215662 -0.0862643 2.1527
0.00770936 -0.113261 12.435
0.0275421 -0.0777654 -2.93793
0.0340277 -0.0815984 -6.40719
0.0587623 -0.0868639 -21.128
0.0663409 -0.0599304 -28.559
0.0670017 -0.0282554 -32.1032
0.0421203 -0.018635 -14.6882
0.0179735 -0.0308222 3.66577
0.00498997 -0.0385784 13.8403
-0.00131595 -0.0689698 21.4835
-0.0344489 -0.0644831 47.0031
0.00114781 -0.0510562 27.2112
-0.0110293 -0.0419228 36.5093
-0.00236986 0.0153268 7.87905
-0.00671905 0.0138099 11.8723
0.405201 0.0205424 -354.346
0.0202067 -0.0017831 -3.6915
0.0153246 0.00756732 -0.0576132
0.00913258 0.00336668 6.16983
0.0201761 0.00435479 -4.71013
0.0122316 -0.0298217 6.54259
0.0257706 -0.00278884 -9.7313
0.0237097 0.0267682 -10.4743
0.0249685 0.0250794 -11.7587
0.085795 0.0795455 -72.3171
0.0402702 -0.0649729 -5.39424
0.0296689 -0.0608803 5.96593
0.00155052 -0.0423401 35.7585
0.0513834 -0.0446119 -21.9762
0.0737501 -0.0655833 -47.5343
0.0923495 -0.0530451 -70.7187
0.0460051 -0.0370003 -15.0833
-0.0248182 0.00904973 12.7396
-0.0061928 -0.0119347 15.1746
-0.0617494 -0.0399582 21.4522
-0.0513031 -0.0809903 25.5232
-0.0202782 -0.0513209 19.8739
0.00675196 -0.0454853 16.2085
-0.000197945 -0.0301946 15.4606
-0.00461794 -0.0246556 15.6081
-0.0390586 -0.0251321 21.4525
-0.0435269 -0.042625 24.2729
-0.0606179 -0.0655416 30.1139
-0.0273277 -0.0387341 19.1916
-0.0289338 -0.0490871 20.9782
-0.0211696 -0.0138139 14.3167
-0.00772524 -0.0110283 9.75494
0.00375451 -0.0134287 6.55719
0.00214538 -0.00448632 5.80183
-0.0157111 -0.000357708 12.1467
-0.0176724 -0.00207595 13.0055
-0.0125958 -0.00272051 11.1176
-0.0340057 -0.0140069 21.0591
-0.0200901 -0.00961066 14.0655
-0.0069041 -0.0101383 7.79972
-0.00638822 -0.0181502 8.54416
-0.00331915 -0.0679381 13.8622
0.00914294 -0.0779874 7.4405
0.00343617 -0.0701531 9.34317
0.0406223 -0.107219 -7.75347
0.0364274 -0.063835 -9.97228
0.0697538 -0.114241 -24.5766
0.0576132 -0.0783341 -20.2333
0.0685769 -0.1098 -23.7274
0.0696772 -0.0958679 -26.7716
0.0518095 -0.0699831 -16.6806
0.00999418 -0.0455292 10.7644
7.77667e-05 -0.00717923 7.57368
0.0138924 0.010412 -5.4584
1.29563 -0.129145 -1017.67
0.017978 -0.0220164 10.6943
0.0124664 -0.00431623 -2.7229
0.00249845 0.0132458 3.72157
0.319603 0.018844 -277.767
0.0474096 -0.0212652 -26.3213
0.0163813 0.00284764 -0.443388
0.0151336 0.00588333 0.181483
0.0141453 0.0103287 0.725514
0.0225159 0.0143983 -8.19736
0.034251 0.00910877 -19.3834
0.0389653 0.0187858 -25.4974
0.0205163 0.0238768 4.82577
0.0520099 0.0562059 -32.973
0.0728115 0.00441519 -49.8096
0.0219708 -0.0213633 10.6425
-0.0124961 -0.00917506 48.7061
0.027791 -0.0130753 1.50224
0.064665 -0.0264334 -40.6518
0.0932244 -0.0375814 -73.377
0.0847613 -0.0461124 -62.2169
-0.0308885 0.0200445 11.6178
-0.0263624 0.00212614 14.1128
-0.071902 -0.0242746 20.1008
-0.0768917 -0.0265657 20.9312
-0.0118113 -0.0554077 19.2795
0.0109431 -0.0428023 15.4857
0.00801699 -0.0260547 14.0778
-0.02521 -0.0316379 20.1529
-0.0484668 -0.0317444 24.0095
-0.0595677 -0.0229153 24.8762
-0.0390971 -0.032704 21.2248
-0.0243529 -0.0312355 17.5467
-0.0278959 -0.0275244 17.7614
-0.00663982 -0.0250297 11.5769
-0.00423352 -0.012403 8.9593
0.0171536 -0.00737356 1.35166
-0.00176862 -0.0014594 7.01473
-0.00707267 0.00449112 8.13054
-0.0237096 -0.0122433 16.9805
-0.0353221 -0.0183536 22.8064
-0.0412662 -0.0182163 24.9902
-0.0160107 -0.00966782 12.4289
-0.0157628 -0.00396359 11.5034
-0.0112549 -0.0140288 10.6796
-0.0186676 -0.019025 15.0775
-0.00972788 -0.0237492 10.76
-0.0116553 -0.0021277 8.63458
0.0135975 -0.0280283 -1.30898
0.0507611 -0.121358 -12.2562
0.0347634 -0.0690136 -9.60026
0.0961833 -0.124191 -40.9436
0.0785936 -0.126357 -28.6684
0.0957744 -0.0632576 -49.1562
0.115824 -0.0242389 -68.9243
-0.0180305 -0.024452 23.4352
0.00874231 0.000284891 -0.0785167
0.00959746 0.00916598 -2.04577
0.028107 -0.00249979 0.190885
0.00497069 0.000637063 2.88075
0.0196214 0.00932901 -10.7616
0.086435 0.0707474 -77.9589
0.155597 0.0531658 -134.634
0.0554047 0.0189254 -39.0852
0.0359594 0.014889 -20.6165
0.020669 0.0155307 -6.25133
0.0223955 0.0104943 -7.29416
0.0190082 0.00563699 -3.19376
0.0247966 -0.00395921 -7.82941
0.0432696 -0.00411954 -26.8874
0.0844457 -0.0319677 -57.4354
0.0688524 -0.0388542 -39.7917
0.0760536 -0.0473956 -47.1553
0.0542938 -0.0294497 -24.9448
0.0187936 -0.00868513 12.5192
0.0280772 0.0115678 -1.33283
0.033118 0.0060024 -6.96376
0.058434 -0.0157859 -34.2023
0.0671047 -0.0179531 -43.9387
-0.0463448 -0.0100714 16.6213
-0.0425221 -0.0123258 17.1764
-0.0504135 0.0011009 15.483
-0.0631397 -0.0111459 17.0258
-0.0201445 -0.0343054 16.8445
0.011497 -0.0327951 13.9016
0.0120507 -0.0263216 13.0473
-0.0186008 -0.0351227 19.6512
-0.0428954 -0.0113038 19.6769
-0.0581694 0.00235343 20.822
-0.0544277 0.00432604 19.4217
-0.042665 -0.0145727 19.7041
-0.0295009 -0.0139791 16.0522
-0.0103868 -0.0146598 10.96
-0.00220172 -0.0161848 8.92526
0.00811367 -0.0237996 6.75374
0.00289053 -0.0119193 7.06411
-0.0180969 -0.00780076 14.3028
-0.0398941 -0.0126377 23.5195
-0.0355792 -0.0276585 23.7046
-0.0292922 -0.0124459 18.6251
-0.0180715 -0.00129274 12.0426
-0.00664162 0.0129705 4.1619
-0.0211515 0.0222997 9.92001
-0.0246844 0.0276014 10.8236
-0.0118697 0.0275933 3.98692
0.00623614 0.0189586 -4.8621
0.116934 0.0588851 -74.3909
0.0015866 -0.00336668 7.20959
-0.0311713 -0.0148539 29.3088
0.0566227 -0.138686 -13.0339
0.206987 -0.00791894 -135.624
0.178733 -0.0106156 -115.496
0.155089 -0.00530835 -99.8655
0.0166521 0.0118507 -7.93992
0.0211067 0.0324069 -14.4423
0.000511037 0.0375988 0.423007
0.0296437 0.000246731 -1.40832
0.00785657 -0.00266586 1.02498
0.0493651 0.0870183 -48.127
0.118414 0.118738 -113.475
0.117248 0.0572543 -101.059
0.0505663 0.0260394 -35.6239
0.0263159 0.0219575 -12.7103
0.00594427 0.0118401 8.36317
0.00855241 -0.0122056 9.7644
0.00474729 -0.0281066 16.2007
0.0479922 -0.024838 -28.5788
0.510577 -0.0554192 -504.191
0.0809318 -0.0515381 -51.6785
0.0869198 -0.0182604 -64.1248
0.0712904 -0.066983 -38.6339
0.0800594 -0.0690907 -48.2296
0.038621 -0.0326965 -6.85949
0.0516983 -0.024706 -23.3718
0.0412811 0.0127314 -17.0752
0.0587874 -0.00259259 -35.8844
0.0553625 -0.0227897 -28.6699
-0.0518278 -0.0836869 29.5679
-0.0409807 -0.0677314 27.0108
-0.0376269 -0.0164743 17.8096
-0.0742865 -0.00493931 17.3055
-0.00625906 0.00704091 8.11172
0.0401578 0.00927779 3.14043
0.00540801 -0.000762298 9.88054
-0.0329626 -0.00493308 16.7838
-0.041885 0.0132307 15.0531
-0.028117 0.00533598 14.0841
-0.0510471 0.0230336 15.3374
-0.054895 0.0268036 15.5893
-0.030447 0.0555955 4.11323
-0.033808 0.0280844 10.1319
-0.00410513 -0.0123603 8.74144
0.00729555 -0.0126953 5.18631
0.00858085 0.00826061 1.31495
-0.00897008 -0.00480742 9.6762
-0.0192666 -0.0201739 16.5592
-0.0276954 0.00536701 14.9363
-0.016273 0.0709128 -1.56237
-0.00963738 0.050185 -0.747135
0.00160978 0.116472 -18.135
-0.0245688 0.106149 -3.06648
-0.0198598 0.187077 -20.0282
-0.0128639 0.270645 -39.2127
-0.000264788 0.0852772 -12.3356
0.0613696 0.0398314 -39.0265
0.0390321 0.0218855 -20.995
-0.0735566 0.0256657 48.5526
0.0257609 0.261523 -61.2526
0.100562 0.185586 -96.3265
0.141098 0.0246368 -95.0522
0.142115 -0.0100654 -89.6921
0.0176613 0.0468545 -14.7026
0.022366 0.0666625 -21.6562
0.0504971 0.132345 -55.6497
0.0317655 0.0021835 -3.5126
0.066847 0.142078 -71.6814
0.08765 0.178107 -96.16
0.0556476 0.143304 -61.7315
0.0513778 0.121109 -54.0922
0.0455431 0.0554076 -36.5647
0.0357453 0.0628511 -29.0882
-0.0333879 0.0429549 40.3284
-0.00147141 -0.0267358 22.2431
-0.00354334 -0.0205392 23.2061
0.0378734 -0.0402496 -14.8221
0.174058 0.0159995 -162.078
0.0888216 -0.0347702 -62.4712
0.0631831 -0.0274501 -36.5574
0.0668232 -0.0241333 -41.1797
0.065661 -0.0123426 -43.0996
0.0638666 -0.0429687 -34.8044
0.0662962 -0.0494931 -36.2681
0.044536 -0.0386504 -12.1444
0.0592327 -0.0491004 -28.3592
0.0506355 -0.0278661 -21.7654
-0.0620314 -0.1108 34.7247
-0.0366945 -0.141656 40.3229
-0.0758766 -0.00475767 18.071
-0.0913458 -0.00565518 18.1486
-0.0399005 0.0296592 6.86519
0.0448124 0.0571277 -7.06898
0.0236284 0.0394432 -0.073428
-0.0291987 0.0350551 8.46166
-0.0131527 0.0197996 7.82103
-0.00901968 0.0231016 6.70218
-0.053042 0.0471261 10.9738
-0.0132165 0.0609048 -1.4521
0.00183702 0.208241 -34.2784
0.0156966 0.316712 -61.262
0.0109347 0.334699 -63.4309
-0.00345097 0.336637 -59.2375
0.00834414 0.330579 -61.947
0.00776926 0.337803 -63.2462
0.0179717 0.369108 -73.9795
0.0178327 0.352727 -70.3796
0.0134495 0.203716 -39.1896
0.00649211 0.365776 -68.3479
-0.00897527 0.28735 -44.9166
-0.0159603 0.278451 -38.5442
-0.0186275 0.266374 -34.8063
-0.0196644 0.289893 -39.3796
-0.00619756 0.3054 -50.0148
0.0125219 0.30591 -61.034
0.0109662 0.306013 -60.319
-0.00271311 0.246535 -39.2124
0.0368784 0.297994 -75.241
0.043815 0.277802 -75.462
0.049018 0.261032 -75.4842
0.0332815 0.269544 -65.7289
-0.0200263 0.396697 -53.3037
0.013937 0.367898 -73.0799
0.000673475 0.300308 -48.8951
0.0394575 0.011518 -11.7247
0.0245177 0.00938732 0.877327
0.0640246 0.234874 -87.3871
0.0440464 0.203654 -64.0265
0.0110136 0.213767 -36.7279
0.043074 0.127224 -48.9535
0.0535762 0.150914 -62.7905
0.015891 0.164373 -29.9662
0.029826 0.282289 -67.6841
0.0113095 0.279079 -49.8495
0.0588386 0.205679 -81.3963
0.0681318 0.0067139 -48.8518
0.0651147 -0.00726403 -43.0991
0.0841462 -0.00886044 -63.3711
0.0587371 0.00328939 -37.0383
0.0306766 0.0513928 -15.4756
0.223234 0.102563 -249.979
0.0212577 0.0191587 2.3387
0.0300949 -0.0115452 -1.89221
0.0611098 -0.0548227 -30.3087
0.0602903 -0.0629145 -27.0569
-5.52187 -0.2 170.102
0.00439251 0.34647 -66.8037
0.00365523 0.295447 -53.884
0.0232974 0.367603 -71.9907
0.031871 0.372129 -74.3761
0.0269129 0.385821 -77.3942
0.0287366 0.146981 -23.857
0.0418742 0.33923 -69.1973
0.0288941 0.269905 -50.3427
-0.0125224 0.286366 -46.3072
-0.0160548 0.267796 -41.4007
0.00332049 0.286787 -50.4957
0.0198737 0.313669 -61.3502
0.0244116 0.339062 -68.2659
0.0112469 0.324763 -61.0845
0.00348843 0.305947 -54.4895
0.00672867 0.277746 -49.6597
0.0277618 0.357343 -75.0691
0.0258282 0.366078 -76.3922
0.0224175 0.34193 -69.3984
-0.0125834 0.289414 -41.7681
-0.0322067 0.286351 -32.194
-0.0267571 0.274355 -32.4735
-0.0118824 0.282228 -41.8599
0.00114588 0.310324 -55.0885
0.000838335 0.309167 -54.6468
0.00973397 0.31794 -61.7425
0.0030494 0.321889 -58.7259
0.00365858 0.327689 -60.5285
0.0132326 0.315002 -63.7614
0.0519846 0.291118 -83.3985
0.0378757 0.293555 -74.3191
0.0357106 0.299489 -74.5275
0.0366375 0.288687 -72.7773
0.021422 0.301894 -64.2964
0.0223927 0.315895 -68.2887
0.0372856 0.328263 -82.5876
0.0622453 0.0504488 -38.7717
0.0287581 0.122725 -28.0047
0.00347913 0.364545 -63.1337
0.0144964 0.345805 -69.0433
-0.00352383 0.254394 -32.9896
0.0162634 0.328334 -65.9265
0.0470877 0.286195 -85.5371
0.0314348 0.288923 -71.245
0.0266387 0.275581 -63.8446
0.0283115 0.272948 -64.5352
0.0186516 0.271248 -55.1638
0.0287282 0.258195 -62.3118
0.0303379 0.262831 -65.0594
0.0423585 0.0401207 -28.6492
0.112801 0.0241588 -102.654
0.05386 0.0739433 -46.8576
0.028442 0.106834 -25.3835
-0.012279 0.0923402 25.5595
-0.00777209 0.0688094 25.6922
0.0427633 0.00206549 -20.3472
0.0728619 -0.045082 -46.2265
0.00955047 0.356026 -67.6049
0.00988153 0.368205 -70.6502
0.00453523 0.35463 -67.4031
0.0186449 0.366384 -71.0534
0.0250586 0.392813 -78.7449
0.0142525 0.376742 -72.9887
0.0188407 0.337749 -64.2106
0.0373814 0.370824 -75.3958
0.027849 0.349363 -68.8911
-0.017626 0.345805 -59.6794
-0.0204541 0.322967 -53.5622
0.00974111 0.291803 -52.9504
0.0441424 0.373391 -81.8667
0.0241555 0.381526 -78.4339
0.0156745 0.341844 -65.9963
-0.0295203 0.195658 -9.68479
-0.0480541 0.161936 5.53583
-0.0901607 0.141998 26.3207
-0.0191681 0.311619 -44.8832
-0.0238463 0.263231 -31.1721
-0.027804 0.257604 -28.0796
-0.0287438 0.265747 -29.7534
-0.00510668 0.303679 -50.2866
0.00415522 0.320607 -58.9481
0.0067513 0.323933 -61.0164
0.00261454 0.325026 -59.1163
0.00222997 0.326193 -59.2583
0.00246467 0.328231 -59.9281
0.00268114 0.32464 -59.1467
0.00681151 0.328778 -62.9407
0.0259544 0.304757 -69.4437
0.0510727 0.298575 -84.5211
0.0386888 0.310167 -78.4614
0.0204536 0.313505 -66.7834
0.0388665 0.319658 -82.0356
0.0358367 0.324607 -81.111
0.0393258 0.303826 -78.8578
0.0399582 0.299051 -78.0707
0.0162056 0.333075 -66.5427
0.0196785 0.355752 -75.0968
0.030506 0.357151 -84.9062
0.030044 0.362172 -86.2647
0.0364307 0.334188 -84.7954
-0.00163052 0.282914 -37.7174
0.0122388 0.373888 -73.6475
0.0281226 0.3344 -78.4713
-0.00889936 0.422521 -63.8148
0.0220422 0.365268 -81.2218
0.0389274 0.305429 -84.4002
0.0416332 0.284551 -82.377
0.0405277 0.134315 -44.1941
0.043534 0.12464 -44.8974
0.0127536 0.200702 -29.5279
0.0262634 0.173379 -37.8813
0.00699577 0.180109 -16.6875
-0.0118608 0.291727 -22.7712
-0.00665584 0.251376 -18.7404
-0.00977297 0.331462 -34.7867
0.00679468 0.353337 -66.8709
0.00606264 0.355308 -67.3943
0.0109741 0.345252 -65.3107
0.00591435 0.328791 -60.4919
0.0241484 0.354548 -68.9311
0.0270368 0.395731 -80.4736
0.0107775 0.385823 -76.0607
0.0264603 0.372786 -74.8401
0.0240044 0.413133 -85.0757
0.0102408 0.411216 -81.4856
0.0758872 0.390966 -88.4858
-0.00460962 0.293685 -42.1364
-0.0591623 0.282853 -26.7118
0.0213024 0.358496 -70.2542
0.0175206 0.185443 -21.4596
-0.0443881 0.203942 -7.06974
-0.051739 0.188998 -0.51103
-0.0574105 0.195261 -0.00772248
-0.0286786 0.254005 -26.9604
-0.01668 0.291955 -42.1109
-0.00875806 0.303925 -48.6876
-0.00168027 0.307201 -52.6725
0.00935363 0.327018 -63.2688
0.0118548 0.32482 -63.8472
0.00989057 0.331443 -64.7175
-0.00051863 0.324651 -57.2438
0.00371434 0.33491 -62.4796
9.64626e-05 0.334536 -60.1773
-0.00273902 0.334198 -58.3068
0.00435623 0.331143 -62.0396
0.0155125 0.330636 -69.2111
0.0392128 0.298519 -76.7047
0.0588544 0.295022 -88.8351
-0.0223216 0.220156 -6.34686
-0.0160551 0.353078 -48.8371
-0.0108484 0.35017 -51.7819
0.0116319 0.346938 -68.1248
0.023726 0.329945 -73.0931
0.0471154 0.303798 -85.0029
0.0485293 0.306012 -86.67
0.048825 0.307834 -87.7061
0.0949938 0.271561 -118.688
0.0771862 0.0821994 -47.1866
0.0210233 0.116901 -5.23796
0.00751686 0.433489 -83.4844
0.0188448 0.419305 -90.4251
0.0177126 0.398455 -84.2402
-0.0549938 0.464786 -28.2154
0.000685101 0.402859 -68.6639
-0.00343162 0.424107 -70.2739
-0.00807996 0.455758 -74.1449
-0.000481655 0.436984 -77.2292
-0.00961849 0.337954 -39.8868
0.0161436 0.182311 -28.5993
0.0361679 0.155587 -44.7983
0.026976 0.194598 -44.0952
0.0214074 0.317892 -69.0196
0.0059009 0.301114 -45.8075
0 0 -1
0.00231593 0.362875 -69.5847
0.00176078 0.343798 -63.8977
0.0305533 0.332509 -62.7347
0.0276564 0.408262 -83.9767
0.0220824 0.424795 -87.4851
0.0127479 0.434533 -89.095
0.0103697 0.403962 -79.6119
0.0342095 0.385247 -78.4682
0.0501553 0.385065 -81.1228
-0.018841 0.280183 -34.2473
-0.0962228 0.235938 -3.0091
-0.0547555 0.256169 -19.6793
-0.0326415 0.26508 -28.4687
-0.0371965 0.209294 -10.8809
-0.0375355 0.207421 -10.6843
-0.010456 0.265774 -37.2476
-0.00514211 0.275837 -42.3078
0.00348684 0.315193 -57.0597
0.0063404 0.327642 -61.7797
0.00343908 0.325221 -59.886
0.00582769 0.331071 -62.7095
0.0109818 0.334878 -66.2324
0.00826663 0.336889 -65.5255
0.00248295 0.334623 -61.7247
0.00267586 0.336357 -62.3324
0.00790757 0.338856 -66.1007
0.0096799 0.333009 -65.477
0.00426536 0.334384 -62.6679
0.00719655 0.341941 -66.7407
0.00518404 0.331588 -62.4156
0.0104668 0.326076 -64.5294
0.0376154 0.306807 -77.9238
0.0887407 0.258782 -99.3107
0.00135887 0.316382 -51.2221
0.013283 0.346187 -68.9432
0.0151764 0.352458 -72.3098
0.0167172 0.346295 -71.7821
0.0252932 0.327745 -73.5441
0.0257649 0.326666 -73.4264
0.0448683 0.308453 -84.9549
0.0937516 0.280126 -120.032
0.0939509 0.112957 -71.2859
0.0518361 0.183348 -53.3279
0.0245002 0.209253 -35.3283
0.029424 0.285518 -62.3605
0.0186924 0.352932 -71.4794
0.0270526 0.367681 -84.2018
0.0058725 0.422475 -78.9994
-0.0046869 0.439017 -73.1528
-0.00677951 0.472043 -80.2139
-0.0047615 0.456899 -77.7242
-0.015968 0.407768 -50.6607
-0.00101722 0.0417984 43.3526
-0.00489599 0.172591 8.89951
0.0840046 0.130387 -82.6667
0.0448969 0.169781 -47.117
0.0390618 0.117961 -24.616
0.0485861 0.430098 -91.1651
0.0417876 0.430309 -91.0812
0.0628674 0.611756 -149.003
0.0594725 0.663346 -164.993
0.0256875 0.442553 -93.3908
-0.00334213 0.333716 -55.8651
-0.0133315 0.368431 -64.9531
0.00244774 0.344358 -61.0176
0.0275568 0.373546 -74.1659
-0.00989466 0.27266 -35.1425
-0.0367895 0.192233 -4.52396
-0.0568438 0.201456 -3.01963
-0.0479746 0.218176 -10.5638
-0.026164 0.239738 -23.6622
-0.0173367 0.262294 -33.5182
-0.0273613 0.275467 -34.3207
0.00447764 0.32148 -59.4294
0.00785096 0.321253 -60.4686
0.00894529 0.334012 -64.7826
0.00822474 0.32751 -62.408
0.00401774 0.329021 -61.0961
0.00674076 0.331658 -63.1411
0.0072262 0.33677 -64.9835
0.00679409 0.339877 -65.731
0.00435406 0.332499 -62.1221
0.00554598 0.328168 -61.3662
0.0069575 0.332259 -63.5257
0.00911331 0.335551 -65.8135
0.0098159 0.334131 -65.817
-0.00160299 0.338184 -60.0066
0.00158047 0.329935 -59.5741
0.00116157 0.329825 -59.3326
0.0169006 0.324681 -68.6771
0.0672201 0.274789 -89.0842
0.082438 0.280711 -101.312
0.0606033 0.283632 -85.2477
0.0173776 0.342895 -70.9364
0.0148317 0.344255 -69.5313
0.0202766 0.340587 -72.8856
0.0163153 0.342052 -69.8802
0.023494 0.33937 -75.3843
0.0347581 0.318749 -79.1316
0.0486993 0.284918 -81.513
0.0513305 0.257978 -75.802
0.0460245 0.249107 -67.4596
0.0469441 0.273549 -76.0348
0.0737904 0.297652 -110.432
0.0651756 0.355472 -118.954
0.0210564 0.416235 -93.47
0.0344299 0.418042 -108.6
0.00555784 0.416404 -76.6591
-0.000725651 0.396722 -64.4639
0.0026537 0.41549 -73.7411
0.0321709 0.349779 -87.0496
0.0477466 0.419128 -127.027
0.0547517 0.217854 -73.6895
0.0334176 0.208191 -43.7937
0.0130856 0.185632 -12.5043
0.0716918 0.43077 -91.6437
0.0933032 0.413647 -86.5021
0.0973609 0.345814 -63.6817
0.0339558 0.252744 -27.6435
-0.0588074 0.210887 -6.35962
-0.0719195 0.174674 7.76839
-0.0329316 0.266404 -29.2856
-0.0271706 0.272747 -31.7931
-0.025664 0.247386 -24.2218
-0.0356152 0.213489 -11.705
-0.043582 0.197677 -5.08675
-0.0176342 0.247366 -28.4284
-0.0143944 0.27124 -37.2724
-0.00198075 0.295393 -48.6904
-0.00785237 0.307088 -50.6122
0.00329295 0.31543 -56.8859
0.0121359 0.328795 -64.2717
0.0127254 0.323863 -62.8448
0.00496405 0.321671 -59.0446
0.00473842 0.330646 -61.9724
0.00757058 0.327393 -62.112
0.00793651 0.330049 -63.2032
0.00604304 0.330527 -62.4554
0.000857106 0.325063 -57.9726
0.0083856 0.324831 -61.8268
0.012532 0.330933 -66.1434
0.012373 0.332394 -66.5501
0.00613395 0.330916 -62.5086
0.00309642 0.331868 -61.0021
0.00393377 0.333241 -61.922
0.000371473 0.329481 -58.5399
0.00440219 0.331122 -61.8505
0.00723985 0.330657 -63.6167
0.0205619 0.313086 -67.4692
0.0832582 0.256815 -94.9552
0.108112 0.241079 -107.689
0.0596898 0.292344 -86.9344
0.0170845 0.347084 -72.1711
0.0148494 0.348026 -70.773
0.0170406 0.35116 -73.6041
0.0192135 0.344106 -73.073
0.0166301 0.348156 -72.1113
0.0213873 0.334271 -71.8294
0.0260447 0.331041 -75.1979
0.033598 0.305758 -74.0877
0.0459744 0.279498 -77.377
0.083548 0.251258 -105.447
0.109996 0.237401 -127.334
0.0519896 0.230361 -65.1477
0.106979 0.336311 -158.527
-0.0752844 0.377746 23.7966
0.334931 -0.142628 -267.091
0.0577576 0.0361717 3.1688
0.111879 0.382945 -189.462
0.14284 0.435418 -243.408
0.112241 0.192077 -124.903
0.0658618 0.176954 -64.3192
0.0564808 0.177586 -53.0509
0.0409255 0.430337 -91.0834
0.0415823 0.388284 -76.1128
0.0352894 0.2947 -42.4843
-0.0380115 0.197999 -3.08947
-0.0620656 0.189382 1.05343
-0.0628277 0.190739 0.839936
-0.0506165 0.209421 -7.45575
-0.0454877 0.208565 -7.7916
-0.0389746 0.185907 -1.61153
-0.0180175 0.212145 -15.2076
-0.0168541 0.241032 -25.6493
-0.00358891 0.288293 -45.5951
-0.00218413 0.305864 -52.1406
0.0055602 0.309556 -55.4656
0.00923693 0.311764 -57.1572
0.0071098 0.325429 -61.4289
0.00918384 0.324675 -61.7554
0.0163403 0.317846 -61.9095
0.00648994 0.327144 -61.4947
0.00654454 0.320749 -59.3113
0.00488109 0.317495 -57.4497
0.00283367 0.323633 -58.5855
0.00639341 0.317769 -58.2284
0.00352286 0.318171 -56.8974
0.0084785 0.326719 -62.4744
0.0124508 0.33029 -65.8716
0.00143559 0.325075 -57.7631
0.0033686 0.320885 -57.3692
0.00362475 0.327268 -59.7568
-0.000308063 0.319088 -54.3476
-0.00199344 0.318117 -52.9596
0.00125346 0.31654 -54.5785
0.0045005 0.319342 -57.7856
0.00859414 0.323598 -62.1573
0.0202806 0.30203 -63.4605
0.100769 0.231521 -99.2605
0.0509819 0.277236 -74.1674
0.0404556 0.319292 -80.9526
0.0176874 0.349909 -73.6305
0.0182712 0.340294 -70.7634
0.0207156 0.34674 -75.2347
0.016186 0.342479 -69.6571
0.0171587 0.342281 -70.4893
0.0142953 0.337892 -66.2258
0.0181537 0.331101 -67.581
0.0248006 0.318092 -69.5585
0.0611179 0.264552 -87.3378
0.0632536 0.236021 -79.6385
0.0968415 0.195394 -100.111
0.131125 0.165559 -126.142
0.146707 0.0668331 -106.991
0.128348 0.0721143 -88.4688
0.0685964 0.0529113 -14.2018
-0.00732976 0.0946628 57.1902
-0.0180637 0.360864 -28.4483
0.0257647 0.206261 -25.8468
0.0548757 0.201227 -59.0217
0.0396276 0.19664 -38.7926
0.00232333 0.433721 -91.8429
-0.0107681 0.371313 -68.3956
-0.0377124 0.269827 -29.6912
-0.0706174 0.168324 9.83261
-0.0697151 0.168841 9.38696
-0.0621558 0.182772 3.5567
-0.0702608 0.166925 10.3209
-0.054154 0.164936 8.78434
-0.0239717 0.169709 1.42542
-0.0101955 0.237541 -25.7878
-0.00182129 0.254577 -33.7833
0.00314095 0.280346 -44.3085
0.00924508 0.300907 -53.2948
0.0148632 0.309176 -57.9023
0.0116429 0.302042 -54.4731
0.00968993 0.310861 -57.0469
0.0086972 0.296607 -51.5475
0.0128221 0.316681 -60.1778
0.00240966 0.316031 -55.8882
0.0031028 0.307907 -53.3006
0.0032157 0.296062 -49.0187
0.00796255 0.296995 -51.4896
0.00568012 0.307426 -54.1732
0.00422633 0.302797 -51.7779
0.0119023 0.312975 -59.3782
0.00825914 0.31207 -57.0648
-0.000958315 0.297147 -46.4106
0.00277535 0.291059 -46.3486
0.0014961 0.303927 -50.1126
-0.00594132 0.301554 -44.4777
-0.00801863 0.286119 -37.6371
0.00270626 0.29089 -46.3785
0.0108432 0.299687 -55.1431
0.0026545 0.305768 -51.5905
0.0179028 0.30126 -61.2357
0.0536497 0.243935 -67.5844
0.12342 0.234475 -117.26
0.0715144 0.299238 -98.9398
0.0187831 0.361148 -78.3783
0.00675571 0.337587 -59.8617
0.0148048 0.333251 -65.196
0.0159065 0.330765 -65.2032
0.0115253 0.332921 -61.9164
0.00608839 0.319149 -51.7681
0.0178586 0.320902 -63.6006
0.0139771 0.32 -59.5094
0.0187323 0.290279 -53.4894
0.0498501 0.246416 -69.2004
0.0565852 0.195688 -57.9945
0.109087 0.0944207 -77.1059
0.146165 0.0441402 -98.4666
0.12227 0.056488 -76.3037
0.0757192 0.04043 -17.8899
0.00797078 0.0881141 41.9975
-0.0201784 0.138976 56.0459
-0.0526591 0.258304 49.951
0.0245709 0.223112 -29.7829
0.0150711 0.187623 -5.23254
