-0.0620812 -0.00980511 17.9923
-0.0754555 0.0322076 17.7393
-0.109169 0.137517 15.9439
-0.0716498 0.0360403 14.5527
-0.0251472 0.0159057 11.2827
-0.0507788 0.0232205 14.3701
-0.082213 0.089846 17.1661
-0.0444836 0.0554945 11.872
-0.0121132 0.0107827 7.54027
0.0269967 -0.362552 8.83583
-0.0133024 -0.127383 14.4809
-0.0249554 -0.0813736 16.6754
-0.0205562 -0.0558158 14.5196
0.182315 -0.398797 -31.718
-0.0374107 -0.0717161 34.4
-0.0477923 -0.0995579 38.4932
-0.0812414 -0.057248 49.1009
-0.0757091 -0.0593253 46.9884
-0.0308168 -0.0228957 28.5942
-0.0554676 -0.0217727 38.9458
-0.0264248 -0.0257935 26.3671
-0.0119871 -0.0686142 20.3213
0.0207813 -0.101753 5.37819
0.0138756 -0.10577 9.34201
0.027829 -0.0809075 2.51512
-0.0658098 -0.108058 54.1526
-0.0741273 -0.0194006 56.2436
0.112427 -0.123381 -60.7827
0.0424257 -0.0510857 -18.5819
0.0326757 -0.0354648 -12.6568
0.0295675 -0.0154066 -11.1046
0.020773 0.00624008 -5.08569
0.0457573 0.0372115 -23.5261
0.166717 0.0406734 -108.967
0.0310938 -0.00297308 -6.97452
0.00871838 -0.008224 9.92378
-0.0144956 0.0227069 27.3636
0.00669469 -0.00895861 26.1045
0.00356124 -0.0364996 28.9675
0.00344779 -0.051475 28.9829
0.0510264 0.0690855 -13.1762
0.0293935 0.0355855 7.04877
0.0604299 0.0502275 -22.2433
0.0326054 0.02656 5.13077
0.00535664 0.0388091 29.5998
0.0288153 0.0131278 7.65451
-0.00262707 -0.0545363 27.2558
-0.00317066 -0.00616253 26.6715
0.0408507 0.0467244 -20.9529
0.0160979 -0.0229658 7.18269
0.017118 -0.068191 6.30174
-0.0109358 -0.00532759 36.4605
0.0242737 0.0481237 -4.14025
0.0514876 0.0216224 -35.1808
-0.0434856 -0.0162806 83.5484
0.014602 -0.0904923 15.8076
0.0534677 -0.0786627 -31.0274
0.0665773 -0.0486665 -47.6299
-0.0394522 -0.0177677 17.9378
-0.058795 0.0128029 17.1747
-0.083298 0.065428 16.9051
-0.130604 0.0662954 19.3378
-0.0329498 0.015934 11.8413
-0.0177912 0.0151602 10.6522
-0.0568307 0.0519362 14.8539
-0.0554042 0.0517696 13.618
0.0116645 -0.01221 3.86285
0.113387 -0.589296 8.33882
0.089524 -0.525774 10.7378
-0.00823554 -0.0686866 11.7396
-0.0308127 -0.0262921 16.5968
-0.0145255 -0.0214744 11.9201
0.00560964 -0.0236874 6.24961
0.12225 -0.630381 -5.84869
-0.0776555 -0.0489919 47.6972
-0.0751638 -0.0394323 46.2773
-0.047026 -0.0621573 35.7485
-0.0450294 -0.0389814 34.8482
-0.0492558 -0.0463353 36.6613
-0.0139886 -0.0754805 22.1679
0.00656125 -0.057083 10.5635
0.041496 -0.0855994 -5.18437
0.0347466 -0.0801789 -0.85862
-0.0259578 -0.124284 32.7278
-0.0631229 -0.0640652 51.1852
-0.0318336 -0.0698404 33.2097
0.147334 0.190285 -87.6007
-0.318461 -0.123892 217.588
0.0347358 -0.0250245 -13.9612
0.0286133 -0.00340891 -10.6142
0.0553309 0.0363946 -30.2136
0.295912 0.0846774 -204.293
0.0539259 -0.0122252 -23.3357
0.0144294 -0.00214527 5.65824
0.003931 0.0131668 13.23
0.0133782 0.0310339 4.85299
0.0328741 0.0186466 -10.3777
0.0275885 0.00170661 -5.16102
0.00357111 0.0376618 13.826
0.010127 0.0100277 8.99376
0.0273256 0.0508686 8.68663
0.0258236 0.0384626 10.69
-0.015569 0.0083737 50.7273
0.0131995 -0.00109973 10.3154
-0.0066855 -0.00147124 29.7026
0.0311338 0.0480942 -10.4384
0.0172059 0.0242448 5.17292
0.00393856 -0.00061558 19.9825
-0.0150926 -0.00742507 40.7824
0.012856 0.0238282 8.72902
0.048135 0.0255401 -30.7844
0.0813478 0.0136163 -68.5911
0.117941 0.00706121 -111.707
0.07194 -0.0419089 -54.2619
0.0705883 -0.0191482 -53.8666
0.113388 -0.0212619 -105.943
-0.0102531 -0.0740525 20.2296
-0.0250258 -0.011483 17.4726
-0.0300402 -0.0207238 18.7869
-0.153878 -0.0407072 25.8548
-0.0409314 0.00827194 12.8608
-0.0118389 0.0139455 9.86261
-0.0346154 0.0238828 12.7665
-0.0654767 0.0686696 14.6802
-0.0533641 0.0628877 12.8995
-0.0372344 0.0567018 9.98469
0.0174312 0.00459782 2.40192
0.0148857 -0.00618157 3.73704
-0.0231569 -0.00478766 13.8684
-0.0230489 -0.00221802 13.5996
-0.029465 0.00659307 15.0184
0.0922094 -0.0867432 -21.2933
-0.0144505 -0.0297493 12.7736
-0.00720585 0.0110589 7.74318
-0.00522468 -0.00832989 8.13712
-0.0565898 -0.0291683 39.324
-0.067477 -0.0563505 45.1311
0.00527967 -0.114338 14.433
-0.00102696 -0.0755917 14.5825
0.0175481 -0.0978296 7.95189
-0.0158012 -0.144116 28.0381
-0.026228 -0.109103 31.1777
-0.0206017 -0.108608 28.2724
-0.0383108 -0.0560847 35.2183
-0.0113374 -0.0821494 20.046
-0.0373856 -0.0722157 35.8925
0.042415 -0.00467504 -20.0338
0.0712539 0.0129068 -40.5127
0.0350013 0.00339296 -14.0579
0.141026 0.0396555 -90.7417
0.0687073 -0.00506426 -34.4401
0.0129739 -0.00384309 6.88452
0.0107083 -0.0068195 8.72064
0.00472556 -0.0125399 13.841
0.0324548 0.00117125 -9.44985
0.0216196 -0.0103156 0.298445
0.0228412 -0.00352311 -1.32944
-0.00153497 -0.00736744 20.0266
0.00756693 0.0224359 28.2034
-0.0078776 -0.00505974 43.7305
0.108993 0.00260497 -84.1869
0.0563191 -0.0146961 -31.4636
0.0231009 0.0177206 -0.459647
0.018264 0.0238449 4.72351
0.00126872 -0.000449311 23.354
-0.0138466 -0.00352927 39.4085
-0.0140381 -0.0148544 39.3583
0.0547082 0.0130402 -37.2398
0.0401006 0.0207961 -21.6975
0.0473299 0.00951961 -29.4825
0.100231 -0.0186922 -89.7391
0.083576 -0.017821 -69.0873
0.0911273 0.00211806 -79.3729
0.111729 -0.0153784 -104.11
0.00439846 -0.117476 22.4951
-0.0255827 -0.0752157 20.864
-0.0751266 -0.0656404 22.5607
-0.0303844 0.00483597 12.2948
-0.0223152 0.00283355 11.8467
-0.00730662 -0.00822456 11.1985
-0.00807821 0.00723594 9.93176
-0.0250096 0.0205507 11.7457
-0.0383134 0.0462273 11.6029
-0.0235767 0.0188545 10.5627
-0.0113873 0.0148409 8.36015
0.0116495 0.00465168 3.85073
-0.0225593 0.00537428 13.1018
-0.0219887 0.00247609 13.1558
-0.0195694 0.0118288 11.7377
-0.0153989 0.0132807 10.2653
-0.00719421 -0.00698985 8.90816
-0.000846407 0.0038279 5.85421
-0.0113876 0.0136457 9.27072
-0.0341757 0.00899881 19.093
-0.00881532 0.00754871 6.94119
0.180131 -0.115313 -68.2127
0.0175762 -0.0648168 5.57439
-0.0208811 -0.127871 30.2321
-0.0188169 -0.140136 29.6885
0.00394882 -0.103661 14.1928
-0.0150953 -0.0873311 23.9093
-0.0151744 -0.0733692 22.9664
-0.0260134 -0.0408366 26.8718
-0.00736323 -0.0169715 13.1388
0.0490398 -0.0105514 -24.0694
0.0844502 0.00034797 -48.4395
0.086741 0.0200941 -51.3657
0.0855214 -0.0372093 -44.4316
0.0341896 -0.0180161 -7.99525
0.0201752 -0.0115556 1.92768
-0.00818418 -0.0269082 25.2889
-0.00726629 -0.0563757 26.514
0.0463839 -0.0413346 -18.7891
0.0127962 -0.0264806 8.59053
0.0331104 -0.0128771 -10.1677
0.0295388 -0.00961305 -7.63184
0.676854 -0.0351872 -591.34
0.0508243 -0.0367865 -9.51011
0.0937513 -0.00812173 -68.8395
0.0844565 -0.00599978 -60.8289
0.0331969 -0.00689703 -8.94856
0.0113504 -0.00925513 13.118
0.0159231 0.000416112 7.3396
0.0101934 0.014789 12.4852
0.0189768 0.0158027 0.94706
0.0452879 -0.0265624 -23.4839
0.00942958 -0.00469233 15.3749
0.0146553 -0.0199128 9.61704
0.0977508 -0.0329629 -85.6507
0.0875089 -0.0456486 -71.9085
0.105123 -0.0521859 -93.2661
0.182114 -0.0207307 -189.557
0.0153829 -0.0996666 20.4614
-0.00167996 -0.0873203 19.67
-0.0340408 -0.0691176 19.3213
-0.0370037 -0.027375 15.4739
-0.0268524 -0.0287452 14.7483
0.00723971 -0.0127182 9.64284
-0.00602512 -0.0131231 11.3496
-0.00657427 -0.00762225 11.1138
-0.0318108 0.0235104 12.2393
-0.0314256 0.0281257 11.9019
-0.0266821 0.00598843 12.6012
0.00496975 0.00113713 5.6571
0.00214168 0.00107954 6.89213
-0.0115165 -0.00189884 10.5245
-0.0168489 0.00129809 11.8798
-0.0167537 0.00799119 11.0712
-0.00572526 0.00324654 7.70463
3.52364e-05 0.0031712 5.65007
-0.00775391 0.000988856 8.94468
-0.0237938 0.00129567 15.5879
-0.0444665 0.0119369 23.0864
0.0144174 -0.0346085 0.656423
-0.0442088 -0.0909359 38.974
-0.0358891 -0.122544 37.1173
-0.0328549 -0.11002 34.6376
0.0124522 -0.120189 11.184
0.00386504 -0.10644 15.0952
0.00607452 -0.10495 13.7584
0.0109815 -0.0658374 6.60539
0.00998974 -0.0269617 3.58455
0.0554515 -0.0128305 -28.028
0.0839607 -0.00627208 -47.399
0.0664306 -0.0264058 -33.418
0.0793829 -0.0783031 -37.1454
0.091698 -0.0715385 -46.4025
0.0275564 -0.0273314 -1.97788
-0.0349525 -0.0992555 52.5737
0.0360492 -0.0677199 -8.53008
0.0718214 -0.0460291 -39.833
0.0479454 -0.0276839 -21.0107
0.0447137 -0.0266694 -18.7507
0.081551 -0.0552845 -48.9431
0.779863 -0.0264346 -686.44
0.0165002 -0.00500582 20.3294
0.0789883 0.009125 -56.2211
0.0647334 0.00581243 -41.4453
0.0342853 -0.0170158 -9.11998
0.013474 -0.00581397 10.9033
-0.00123827 -0.0185714 27.3503
0.00769495 0.00480183 15.8039
-0.0146602 0.0128124 39.0137
0.0202138 -0.00857476 2.03956
-0.0015356 -0.032263 29.2553
-0.00410515 -0.0645047 34.8289
0.112949 -0.0364126 -103.158
0.0941084 0.0156354 -85.2219
0.315103 -0.0753397 -347.681
0.229208 -0.0421366 -246.187
0.00771786 -0.0307171 13.66
-0.0104044 -0.0231772 13.1314
-0.0249792 -0.0260028 13.9979
-0.0219381 -0.0393294 15.5398
-0.010241 -0.019727 12.168
-0.00760692 -0.0105378 10.9707
-0.0049391 -0.0112744 10.6078
-0.00567809 -0.0131921 11.0714
-0.0104094 -0.0079198 11.5969
-0.0193542 -0.0121397 13.5474
-0.0330733 -0.00834708 15.8264
-0.00818265 -0.0123924 10.3167
-0.00780331 0.00166863 9.07238
-0.0143131 -0.0015024 11.1742
-0.0205735 -0.0206153 15.3659
-0.0138854 -0.0150685 12.6337
-0.00891205 -0.00818656 10.1951
-0.00916552 -0.0175371 11.3907
-0.0100735 -0.0252858 12.7056
-0.0294594 -0.020975 20.1821
-0.0541368 -0.0203207 31.1034
-0.0226455 -0.0109289 15.4878
-0.0071213 -0.0262891 9.84098
-0.00699936 -0.0272955 9.67684
-0.00891428 -0.128638 22.9992
0.0142079 -0.0851989 5.05052
0.0269953 -0.123003 3.13211
0.0337266 -0.0967895 -4.49221
0.0956597 -0.0576646 -46.0764
0.0522828 -0.0522324 -20.2512
0.0517159 -0.0342774 -23.333
0.0823452 -0.0212476 -44.8412
0.0475152 -0.0318801 -19.31
0.0861283 -0.0853822 -41.7953
0.0278232 -0.154081 8.37271
0.0597157 -0.0372292 -25.5562
0.0658758 -0.121899 -25.4016
0.0503532 -0.0633129 -20.5368
0.05761 -0.0672179 -26.0718
0.0607027 -0.0778157 -27.2071
0.0545821 -0.058921 -24.0817
0.0505538 -0.0453206 -21.9453
0.696584 -0.0280495 -608.987
0.0149119 -0.0012272 21.0666
0.0627074 -0.00852255 -38.5378
0.0509204 -0.0203234 -25.6333
0.0394455 -0.00041816 -16.4573
0.0260476 -0.0149563 -0.81269
0.0219224 0.00526342 0.935051
-0.00568122 -0.0127922 32.6123
-0.0284133 -0.0332746 58.8438
0.0108876 0.00648516 10.3291
0.00510715 0.0301998 13.9023
-0.0746004 -0.001645 109.925
-0.0830505 -0.00559484 119.163
0.0673752 0.0396591 -54.9859
0.07539 -0.098616 -48.0844
0.148243 -0.0103766 -148.763
-0.00948884 -0.00839219 11.1188
-0.0145347 -0.0120795 11.9963
-0.0257496 -0.00724967 11.6067
-0.018215 -0.00923112 11.4795
-0.00416775 -0.0113119 10.4907
6.15409e-05 -0.00489929 9.55159
-0.0134994 -0.00938737 11.8386
-0.0135092 -0.0193249 13.2426
-0.0151158 -0.0168076 13.1348
-0.0291577 -0.0362448 18.6653
-0.0286753 -0.0138339 15.0868
0.0120938 -0.00225242 3.87739
0.0108722 0.00123398 4.10733
-0.0241069 -0.00714913 14.739
-0.0226856 -0.00729144 14.0221
-0.00581621 -0.0154514 9.60811
-0.00167091 -0.0205895 9.09594
-0.0134652 -0.0208263 13.4074
-0.0234489 -0.0197053 16.943
-0.0149221 -0.0236604 13.9872
-0.0295475 -0.0195252 19.7929
-0.0249766 -0.00945227 16.3796
-0.0175898 -0.011089 13.0161
-0.0146562 -0.0134321 11.6986
-0.00839782 -0.0302123 10.6996
-0.0115032 -0.0177358 10.4973
0.00126639 -0.0518036 8.12916
0.0565786 -0.0981744 -17.6623
0.116933 0.00413275 -64.2903
-0.00687962 0.0383181 7.15121
-0.0257327 0.0409025 18.7885
0.138708 -0.0392109 -87.6347
0.157423 -0.0488911 -99.6067
0.17795 -0.0588124 -112.119
-0.0697448 -0.0808686 71.2822
0.465513 -0.00225224 -344.32
0.0921456 -0.0671697 -53.5078
0.0697352 -0.0507864 -37.8682
0.0481583 -0.0478244 -20.5579
0.0541802 -0.0390534 -26.9669
0.0778738 -0.0518375 -45.5544
0.078128 -0.033732 -48.2008
0.834644 -0.031371 -735.511
0.0752121 0.00729294 -36.5207
0.050653 -0.022901 -24.9843
0.0519762 -0.0227517 -26.2745
0.0443265 -0.00493842 -21.0997
0.0475562 0.0127549 -27.1031
0.0239517 0.0179093 -2.6992
-0.034159 0.0112214 59.7111
-0.00463959 -0.00277168 28.7513
0.0319312 0.0396043 -17.0548
0.0147632 0.046327 1.83285
-0.0973172 -0.0032566 136.069
-0.0897489 -0.021275 129.024
-0.0642716 0.0183631 93.8448
0.595272 -0.0957284 -687.963
0.0255587 -0.0561015 7.30759
0.00140844 -0.00776765 11.1454
-0.0153467 -0.0033382 10.5353
-0.0175622 0.0153743 7.67671
-0.0140853 0.00594626 8.87349
-0.00042428 0.00849221 7.23901
-0.0141834 -0.00203357 10.7495
-0.0182679 -0.000920259 10.9965
-0.0142231 0.00261648 9.72795
-0.0180954 -0.00446894 11.5246
-0.0146767 -0.00349618 10.6703
-0.0112524 0.0100861 7.70283
0.0151177 0.0237752 -1.05864
-0.025033 0.0116103 12.2112
-0.0282333 -0.00963726 16.0582
-0.0078463 0.0214945 4.50448
-0.00081056 0.0490639 -2.56149
-0.0183846 0.03607 5.90359
-0.00600697 0.00729621 5.87761
-0.0245635 0.0329077 8.89284
-0.0261049 0.0132388 12.7817
-0.0241936 0.0354007 8.69354
-0.0248981 0.0525113 6.29755
-0.0315797 0.0239277 14.2835
-0.0290459 -0.0165691 19.4484
-0.00878572 -0.00927155 8.07413
-0.0130524 -0.00528812 9.69679
-0.00930689 -0.0180355 9.61143
0.000391524 -0.044074 7.92392
0.370344 0.0195343 -224.627
0.00508451 0.00225107 5.41316
-0.027895 0.0153499 24.727
0.123856 -0.0363695 -77.8836
0.155565 -0.0621684 -96.3074
0.23401 -0.0447926 -153.992
0.124082 -0.0311211 -81.1448
0.464405 0.00478429 -344.242
0.0665362 -0.0415955 -37.0711
0.080772 -0.0197913 -51.4567
0.0610679 -0.0192578 -35.4067
0.0595829 -0.00365606 -36.8805
0.0642053 -0.0102233 -40.1919
0.0728186 -0.00809293 -47.5823
0.8232 0.00657689 -730.765
0.0240193 0.00252388 12.3673
0.0688119 -0.0163367 -43.7401
0.0578528 -0.0142874 -33.2572
0.06006 -0.0144176 -35.4422
0.0538839 -0.00428935 -30.887
0.0550143 -0.00386688 -31.7981
-0.017893 0.032765 39.4962
0.00667686 0.0530394 9.23892
0.0270326 0.0566177 -13.7595
0.0524508 0.0600755 -42.5062
0.0453377 0.0605997 -34.2591
0.0309948 0.0464592 -15.1533
0.034679 0.056684 -21.4108
0.0450957 0.0235286 -28.9703
0.0323742 0.00558439 -10.4878
0.0154932 0.0152162 6.49331
0.0081055 0.0212052 5.53605
-0.00219104 0.0399666 2.46412
-0.0148017 0.0410263 2.912
-0.0118276 0.0588536 -0.420277
-0.0180095 0.0277445 5.90338
-0.0090779 0.068944 -2.9431
-0.00928117 0.060867 -1.43293
-0.0185459 0.0558353 0.975596
-0.0119283 0.0194684 6.45547
-0.0174046 0.0633507 -0.29398
-0.00171003 0.0967289 -9.82085
-0.00486883 0.0688845 -3.63716
-0.0186731 0.017425 8.80516
-0.00710968 0.124002 -13.6563
-0.0188124 0.0891109 -3.24431
-0.0150564 0.123747 -11.1139
-0.0097672 0.125736 -13.2693
-0.00351628 0.153448 -20.9213
-0.00588587 0.115881 -13.3131
-0.00860339 0.152729 -18.8127
-0.00438589 0.169588 -23.8563
-0.00266475 0.274005 -43.9837
0.00638735 0.260664 -45.5956
-0.0343263 0.263661 -25.4896
-0.0168575 0.315536 -44.3461
0.00506136 0.303342 -54.2526
0.0170732 0.26379 -53.9718
0.10512 0.0378356 -64.3444
-0.00497763 0.00979696 10.245
-0.0374532 0.0346518 27.0539
0.058818 0.324216 -95.0743
0.0680604 0.285214 -94.1362
0.0728736 0.226197 -85.7022
0.219147 -0.0157619 -154.405
0.286874 0.0245868 -211.444
0.0502874 0.040062 -38.2873
0.068322 0.0052328 -45.7511
0.0651031 -0.00554839 -41.2027
0.0878294 0.0196022 -65.2809
0.0748587 0.0300617 -56.2197
0.0758282 0.0288599 -56.5057
0.0641639 0.00669999 -41.9066
0.0536505 0.00833182 -16.6532
0.0815169 0.0128615 -61.0856
0.0554702 0.0194517 -36.7549
0.0554821 0.00900555 -35.2368
0.0672394 -0.00216506 -45.2406
0.0690095 0.00579805 -48.4155
0.0280083 0.0181308 -7.22893
0.00940838 0.0186302 12.6099
0.0330312 0.0342049 -16.53
0.0561262 0.0449274 -44.1117
0.0304224 0.0271529 -10.9262
0.0271798 0.020293 -6.33626
0.0847593 0.0172232 -74.4896
0.0433718 0.06658 -33.2445
0.0221981 0.0699181 -8.73556
0.0178611 0.0523352 -0.899701
0.00438874 0.0520468 -0.253098
0.0237416 0.154055 -22.3623
-0.00668213 0.108503 -11.051
-0.0127486 0.139573 -16.9609
-0.0128245 0.107758 -10.417
-0.00205465 0.142894 -18.1335
0.0085718 0.16387 -24.8374
0.000211896 0.187232 -28.038
0.00603777 0.274788 -47.0076
0.0160096 0.222927 -38.5208
-0.00835026 0.278908 -43.75
-0.0354139 0.212974 -23.4613
-0.0196938 0.257568 -36.7892
0.00845215 0.262357 -45.7674
0.00318673 0.253743 -42.3689
-0.00100503 0.236888 -37.4861
-0.00744111 0.241172 -36.1477
-0.00372798 0.26223 -41.6626
-0.00159862 0.242228 -38.726
-0.00395285 0.267536 -42.6162
0.011197 0.368818 -69.7924
-0.00946854 0.317488 -49.3948
0.00159848 0.298345 -50.357
-0.0253387 0.273697 -31.1105
-0.0136428 0.296415 -42.3452
-0.00786327 0.311135 -48.6789
0.0114668 0.298131 -57.3374
0.0349356 0.260747 -64.2205
-0.000206861 0.309336 -52.6556
0.0234435 0.331271 -72.5354
0.0465865 0.325035 -86.5765
0.0393612 0.322993 -81.0152
0.0414708 0.292883 -76.366
0.0117539 0.30779 -57.2597
0.0180812 0.296316 -58.3146
-0.0154943 0.415989 -58.3365
0.0281062 0.412292 -92.2715
0.00800712 0.423083 -77.8948
-0.00285292 0.371708 -58.4595
0.0389356 0.125217 -43.1302
0.0411805 0.0199756 -23.8906
0.887282 -0.035464 -780.551
0.0239538 0.00957159 10.6704
0.0989649 0.0531563 -86.4764
0.0807091 0.0486804 -67.5711
0.0349088 0.069546 -26.3165
0.0490916 0.0669156 -40.7348
0.065746 0.0213723 -48.0248
0.0576366 0.0678837 -49.2214
0.018304 0.0490076 -3.2327
0.0283825 0.0966131 -24.2995
0.0468015 0.0256593 -29.9281
0.0104569 0.0183558 13.2349
0.0293521 0.0413606 -14.2626
0.0669021 0.0681228 -62.8644
0.0704572 0.0764172 -68.742
0.0420134 0.0867022 -36.3704
0.0540291 0.114086 -14.488
0.0807168 0.279495 -52.5905
0.0316848 0.280561 -50.853
-0.0123553 0.254689 -41.6369
0.00426312 0.303056 -54.2133
-0.00123206 0.198195 -30.8903
0.0372994 0.282964 -54.3807
0.024234 0.302179 -56.2123
0.0244117 0.296976 -55.0927
0.0104344 0.292671 -51.2076
0.00927366 0.286016 -49.7285
0.00382672 0.302949 -52.4078
-0.000822263 0.303945 -51.605
0.0115403 0.311721 -56.9832
0.00149664 0.30568 -52.6615
0.0141314 0.350524 -66.5039
0.013741 0.364744 -70.2662
0.0236823 0.358837 -72.5699
0.01288 0.370405 -70.7675
0.00584724 0.354516 -64.3566
-0.0193245 0.30726 -41.4281
-0.0159814 0.295255 -40.8685
-0.0219723 0.283545 -35.3779
-0.00795588 0.283034 -42.4625
0.000931405 0.30842 -53.0028
0.00194647 0.315106 -55.153
0.00241816 0.309498 -54.2124
0.00659528 0.317161 -58.2686
0.00340213 0.318108 -56.6305
0.00598398 0.32497 -59.7193
0.0177942 0.318638 -65.974
0.0473787 0.307495 -83.0279
0.0275313 0.329356 -74.0301
0.0337567 0.32075 -76.9047
0.0303221 0.307915 -71.6393
0.0306456 0.294364 -68.4367
0.0188105 0.327469 -66.5138
0.0540083 0.350782 -98.8242
-0.00286906 0.415179 -66.6238
-0.0294291 0.585289 -81.6099
-0.0235576 0.454714 -58.476
0.0176383 0.409821 -85.1078
0.0363793 0.0844988 -17.7022
0.00155441 0.0616007 19.8668
0.00131441 0.157859 -2.00896
0.0654983 0.133378 -69.9762
0.0415255 0.144505 -48.722
0.0494715 0.152 -58.1751
0.0643303 0.12033 -66.9571
0.0392232 0.157772 -49.0403
0.0394416 0.153056 -48.6707
0.038075 0.17599 -52.5912
0.024197 0.0920372 -18.3971
0.0354438 0.115609 -36.9031
0.0659467 0.13821 -77.368
0.0622956 0.139109 -72.3073
0.0380707 0.113634 -37.6692
0.0286597 0.101901 -23.4702
0.00373178 0.256498 -40.4958
-0.00794674 0.25021 -38.4936
0.0216655 0.324967 -59.5526
0.00444592 0.294938 -51.1557
-0.00155391 0.329802 -59.6976
0.00547777 0.246872 -38.7866
6.71891e-05 0.271928 -44.5232
0.018381 0.310056 -56.5229
0.0110437 0.308941 -54.9456
0.0232072 0.334386 -64.2029
0.0343531 0.335827 -67.4518
0.0303408 0.347869 -69.9767
0.0354738 0.447334 -95.9244
0.0312584 0.379291 -78.7608
0.0389115 0.436514 -95.3143
0.0433316 0.430033 -95.2136
0.0112294 0.391809 -74.7757
0.0195084 0.357596 -69.5874
0.00121403 0.307588 -50.4773
-0.0216172 0.253753 -28.221
-0.0209173 0.272933 -33.3549
-0.0252325 0.274946 -32.2282
-0.00790457 0.310022 -49.19
0.00963845 0.316363 -59.4146
0.00834396 0.315122 -58.4268
0.00375877 0.323359 -58.0121
0.00421247 0.320925 -57.7836
-0.00403989 0.317828 -52.0589
0.0074363 0.32926 -61.8081
0.0113047 0.327921 -63.8867
0.0102322 0.320487 -61.5451
0.0358041 0.300093 -73.7681
0.043532 0.310979 -81.1186
0.0349984 0.344043 -82.7551
0.022509 0.329947 -70.6818
0.016737 0.335705 -67.8637
0.0274426 0.311189 -70.1176
0.0687808 0.28234 -95.8574
0.0907027 0.113395 -71.995
0.104951 0.198158 -104.892
0.0905009 0.168174 -85.6687
0.0614722 0.18052 -62.3372
0.0285389 0.199239 -37.3093
0.0260583 0.212768 -38.6017
-0.000860523 0.264879 -26.0578
0.165264 0.186917 -175.047
-0.0482145 0.111847 54.7708
0.0137295 0.0400934 16.5738
-0.0607767 0.887079 -119.474
0.0413622 0.18745 -58.6388
0.0422538 0.193626 -61.0772
0.0425767 0.177792 -57.6778
0.0430827 0.174805 -57.6496
0.0297149 0.157856 -38.0902
0.0452456 0.158041 -56.8665
0.0330009 0.151584 -40.671
0.056922 0.160664 -71.8276
0.0283944 0.155513 -35.3457
-0.00109217 0.272109 -44.6874
0.00501969 0.296407 -51.5547
0.0161974 0.310298 -55.8322
0.017032 0.311701 -56.1764
0.00309566 0.296181 -50.4917
-0.00162182 0.290258 -48.5432
-0.00392376 0.287882 -47.902
0.00429053 0.287008 -48.8381
0.0485925 0.330281 -67.9496
0.0480591 0.402277 -86.9233
0.0609021 0.400343 -89.6617
0.0561983 0.416569 -92.6868
0.0671433 0.411047 -93.9064
0.0107854 0.427293 -83.3861
-0.0233449 0.23845 -21.9815
0.0122956 0.311105 -53.1577
-0.0357157 0.265664 -25.3188
-0.036451 0.256183 -22.9102
-0.0250332 0.260666 -28.9796
-0.00867661 0.281942 -41.5596
-0.00275414 0.301032 -49.0721
-0.0044813 0.306632 -49.6015
-0.00652037 0.3209 -52.47
0.00817722 0.325818 -60.9863
0.0067724 0.320892 -58.9677
0.0035747 0.320378 -57.0944
0.00338507 0.327173 -58.9749
0.0122329 0.331303 -65.1415
0.000496108 0.323477 -55.8607
5.27784e-05 0.327048 -56.5698
0.00802823 0.331232 -62.949
0.0184537 0.318563 -66.6007
0.0504447 0.284772 -79.9169
0.0544644 0.277924 -79.647
0.0448976 0.261081 -66.782
0.00564436 0.345953 -61.768
0.0227038 0.339627 -73.7593
0.0183392 0.341285 -70.6676
0.0338521 0.317334 -76.866
0.0731701 0.239504 -89.2343
0.0822013 0.190694 -84.2673
0.116498 0.105896 -91.6678
0.0704714 0.175414 -68.3353
0.0449405 0.22559 -58.1756
0.0165849 0.281999 -45.9113
-0.00398209 0.324551 -37.5941
0.0645573 0.127914 -47.3264
0.0327226 0.122256 -14.6114
0.0335919 0.120249 -14.7787
0.0239749 0.187089 -23.3507
0.0369608 0.175394 -33.9751
0.0446439 0.159831 -47.169
0.0641616 0.0638408 -43.1667
0.0663649 0.0455433 -40.6226
0.0339685 0.180169 -48.8891
0.0343516 0.187617 -51.324
0.0356903 0.198272 -55.5618
0.0370073 0.147163 -43.6149
0.02241 0.292435 -50.6512
0.0426212 0.28189 -47.9579
0.0248694 0.292956 -50.8133
0.00572126 0.28756 -48.2128
-0.0114286 0.297552 -49.5635
0.0324919 0.346965 -69.0915
0.0610363 0.662502 -163.019
0.0469358 0.653209 -158.332
0.0512294 0.521867 -120.905
0.0330101 0.439767 -94.215
0.0305101 0.402579 -82.2699
0.0261028 0.32541 -58.6517
-0.000989168 0.263346 -33.5334
-0.052322 0.204128 -2.77495
-0.0334925 0.212494 -11.7654
-0.0325476 0.226797 -16.032
-0.0279417 0.253868 -25.779
-0.0180781 0.279382 -36.831
-0.00691037 0.308054 -49.5451
0.00835394 0.32447 -60.3911
0.00401067 0.321505 -57.6113
0.00402956 0.318521 -56.7679
0.00260266 0.327321 -58.6397
0.00282674 0.321185 -56.8636
0.00412914 0.323499 -58.2806
0.00577601 0.323833 -59.1988
0.00491239 0.327239 -59.6102
0.0101136 0.32712 -62.623
-0.00463079 0.328877 -54.1133
-0.00508237 0.328614 -53.907
0.00371633 0.324513 -58.1695
0.00229345 0.326039 -57.6661
0.0102761 0.318526 -61.0808
0.0547108 0.272001 -79.4445
0.101416 0.239049 -103.377
0.024813 0.318704 -68.629
0.0247026 0.344301 -76.2223
0.0134192 0.350556 -69.1458
0.01752 0.343955 -70.4883
0.0251912 0.333142 -73.9199
0.0221957 0.321305 -67.9386
0.0327223 0.322682 -77.725
0.063834 0.201486 -70.4662
0.0596592 0.197398 -65.4695
0.0926127 0.137724 -78.834
0.105191 0.152753 -95.3604
0.0614818 0.15252 -52.3332
0.0394989 0.157263 -31.8541
0.0347917 0.127201 -17.0951
0.0473722 0.133059 -32.2803
0.079162 0.149908 -72.0298
0.113603 0.0771137 -88.1398
0.0807199 0.0356548 -38.2777
-0.249305 -0.0674396 369.338
0.0301511 0.0710404 1.5467
-0.0172644 0.0772876 56.2231
-0.0497178 0.106314 86.9519
-0.0401614 0.00269309 105.553
0 0 -1
0.0261418 0.286608 -48.9228
0.0653384 0.687992 -172.831
0.0145963 0.409774 -80.7957
0.0231635 0.398025 -78.3885
0.010632 0.345518 -60.0178
-0.00124944 0.323933 -51.5534
0.0660685 0.290048 -50.0244
-0.0315789 0.137302 16.0516
-0.0687182 0.111388 31.2216
-0.080782 0.200618 4.57995
-0.0392516 0.211098 -8.5508
-0.0394687 0.205955 -7.12021
-0.0399713 0.220388 -11.7
-0.0279699 0.265652 -29.7009
-0.0177962 0.281451 -37.7207
0.00131015 0.299845 -49.8878
0.00610437 0.321887 -58.4655
0.00506923 0.325893 -59.3916
0.000270582 0.327666 -57.9333
0.00778219 0.324994 -60.3858
0.00328599 0.319961 -56.7402
0.00241165 0.32703 -58.4517
0.000421111 0.329005 -58.0946
0.0106096 0.328246 -63.1509
0.00558033 0.328954 -60.5651
0.00486808 0.322165 -58.1254
0.0124127 0.321384 -62.2294
0.0017085 0.320911 -55.5986
-0.000123627 0.327671 -56.6744
-0.00164025 0.327006 -55.4684
0.0039874 0.324659 -58.597
0.00796682 0.328268 -62.486
0.0176268 0.312836 -64.6629
0.078287 0.272208 -96.8836
0.11139 0.242595 -112.166
0.0805466 0.275691 -98.508
0.0311627 0.347517 -82.3487
0.0186821 0.348455 -72.7371
0.0230229 0.345265 -75.3277
0.0172999 0.346263 -70.7999
0.0183109 0.349236 -72.7373
0.0247195 0.33246 -73.5222
0.0213606 0.308567 -63.1509
0.0406902 0.298528 -78.3033
0.0713285 0.207078 -79.505
0.0481072 0.222553 -61.0272
0.0497545 0.18911 -52.3113
0.0464925 0.153198 -37.7719
0.0392515 0.170352 -35.4496
0.0645822 0.181706 -66.5529
0.0712448 0.123159 -55.5332
0.0686982 0.0615024 -33.249
0.0362581 0.0220654 15.9439
-0.000438539 0.297606 -30.1249
-0.0425821 0.295368 20.7841
-0.0759948 0.158042 103.023
-0.0671759 0.196128 80.5051
0.645893 1.7213 -544.4
-0.0213863 0.363064 -63.0163
-0.0159678 0.377329 -68.1034
-0.022271 0.364041 -62.6824
0.0146746 0.371849 -68.6738
0.0194567 0.329103 -55.1807
0.0216043 0.323324 -54.5314
0.00481756 0.212216 -14.8613
-0.0472431 0.141572 17.2259
-0.0543955 0.156854 13.3198
-0.0485878 0.199495 -2.75701
-0.0315018 0.228333 -16.88
-0.0103956 0.276632 -38.3526
-0.0259543 0.276559 -33.9781
0.00013032 0.314794 -54.2939
0.00906529 0.324563 -60.3234
0.00787346 0.323197 -59.5309
0.00753513 0.329411 -61.4666
0.000678417 0.326843 -57.9805
0.00437817 0.329746 -60.4611
0.00430312 0.325565 -58.9521
0.00606089 0.327272 -60.302
0.00207855 0.325459 -57.718
0.00684333 0.324106 -59.753
0.00768695 0.319758 -58.7149
0.00345095 0.325087 -58.1832
0.00843676 0.326975 -61.6539
0.00639753 0.330187 -61.5076
0.00497515 0.331888 -61.2282
0.000250359 0.327014 -56.5889
-0.000976717 0.321976 -54.0882
-0.000750947 0.3327 -57.8964
0.00114141 0.324919 -56.6419
0.00865547 0.326982 -62.5669
0.017805 0.315728 -65.7022
0.0604718 0.285353 -87.8181
0.11804 0.241329 -116.922
0.0864738 0.27341 -101.717
0.0153431 0.352284 -71.0005
0.0125428 0.352334 -68.6653
0.0159135 0.347191 -69.8581
0.0141374 0.34687 -68.0773
0.0170748 0.341655 -69.0157
0.0111729 0.345233 -64.928
0.00869292 0.343468 -61.899
0.0263924 0.308434 -67.5422
0.0236598 0.309368 -65.2372
0.0271291 0.286239 -60.8019
0.0460451 0.225593 -60.128
0.0536319 0.25219 -76.9401
0.0504993 0.265172 -77.8371
0.034291 0.256385 -57.9089
0.0471549 0.299927 -86.4226
0.0316209 0.290962 -64.9422
0.0326492 0.311177 -73.5471
-0.0037313 0.313136 -30.8203
0.299552 0.335326 -404.656
-0.0671759 0.196128 80.5051
-0.0268579 0.365198 -63.6391
-0.0235816 0.359893 -61.8411
-0.0169361 0.353258 -59.7471
-0.0176782 0.319752 -47.938
-0.039475 0.262364 -25.2671
-0.056187 0.2542 -20.5654
-0.0622451 0.160182 13.4234
-0.0500132 0.142189 17.6043
-0.0358296 0.158028 8.9888
-0.0294812 0.188969 -3.18577
-0.0287193 0.210257 -10.5605
-0.00835293 0.275695 -38.4886
0.00700435 0.309334 -54.0607
0.00284316 0.31196 -53.9711
0.00843322 0.327252 -61.0809
0.00515703 0.307707 -53.0499
0.00635028 0.310217 -54.459
0.0166788 0.317088 -60.5777
0.00304394 0.319232 -56.1107
0.000633231 0.322119 -56.1629
0.00652996 0.32798 -60.8058
0.00550728 0.326192 -59.6581
0.00262615 0.315048 -54.511
0.00734913 0.321069 -59.1119
0.00782224 0.320919 -59.2078
0.0105083 0.321627 -60.9654
0.00568145 0.326268 -59.9648
0.00535069 0.321099 -57.7193
0.0087144 0.322553 -60.3592
0.00399973 0.320099 -56.5153
-0.000205997 0.317594 -53.0221
-0.00585612 0.319737 -49.938
0.00223431 0.311919 -52.9285
0.0120331 0.312885 -60.0462
0.010755 0.307161 -57.1777
0.0265399 0.297139 -65.9213
0.116669 0.222856 -109.777
0.124597 0.215514 -112.912
0.0321635 0.331206 -77.1616
0.0157287 0.335557 -65.4384
0.0199801 0.344571 -72.4655
0.021759 0.333334 -70.1198
0.017929 0.337997 -68.3967
0.0084889 0.336168 -58.9899
0.0120563 0.336745 -62.5765
0.0126348 0.34011 -64.3574
0.0116826 0.32418 -57.857
0.0170951 0.323688 -63.1431
0.0333478 0.278419 -64.3922
0.0381064 0.2776 -69.2023
0.0600214 0.239045 -78.9239
0.0476373 0.278832 -79.5215
0.0524933 0.302198 -93.0754
0.0594033 0.297183 -99.4105
0.0334776 0.316908 -76.1656
0.0124535 0.320773 -52.3698
0.283211 0.349851 -389.677
0.288388 0.332404 -389.852
-0.0346593 0.366898 -64.1514
-0.0377987 0.354009 -59.292
-0.0450311 0.3246 -48.0994
-0.0474413 0.245645 -18.9019
-0.0568165 0.201426 -1.91443
-0.0704591 0.188708 4.17399
-0.0611633 0.130316 23.5414
-0.0453326 0.1299 20.9517
-0.0145146 0.180108 -2.7273
-0.0076264 0.192664 -8.59371
-0.00245009 0.262797 -35.1162
0.00882099 0.287264 -46.6392
0.00711348 0.292881 -48.1366
0.0028628 0.30508 -51.4322
0.000462845 0.301016 -49.1648
0.00272672 0.278207 -41.6407
0.0129817 0.29163 -50.1656
0.0161002 0.288372 -50.1121
0.00826149 0.289847 -47.7057
0.0106384 0.307177 -55.0447
0.0120418 0.314423 -58.3239
-0.00500262 0.308212 -48.4171
-0.000178655 0.30107 -48.2304
0.00973787 0.304809 -54.4796
0.00729395 0.296997 -50.4067
0.0110131 0.308313 -56.489
0.00475172 0.303505 -51.2196
0.00944962 0.292019 -49.8772
0.00874816 0.301966 -53.0646
0.00865942 0.293444 -49.9472
-0.00048048 0.310253 -50.2128
-0.0042565 0.304731 -45.6562
-0.000820072 0.306064 -48.5538
0.00593676 0.295038 -49.3592
0.00369818 0.278979 -41.8996
0.0145789 0.276102 -49.0524
0.0499435 0.236953 -62.4203
0.142837 0.173987 -113.17
0.0923647 0.243319 -96.3818
0.0376938 0.243424 -50.8414
0.0240932 0.29627 -58.7063
0.0197175 0.290941 -53.1261
0.0159218 0.310127 -56.6319
0.0277148 0.121928 2.1556
0.0137192 0.314411 -56.185
0.0129119 0.324338 -59.0304
0.0101298 0.326577 -57.0236
0.012441 0.315551 -55.4551
0.0119319 0.318803 -55.9687
0.0185669 0.29344 -53.8861
0.0440453 0.248227 -64.8842
0.0647747 0.245792 -86.812
0.0676715 0.26923 -98.4665
0.0579137 0.318377 -105.1
0.0353635 0.307518 -75.0577
0.042126 0.294724 -78.5103
0.28289 0.31975 -378.607
0.279341 0.305406 -369.095
