0 1 3
1 2 3
2 3 3
3 4 3
4 5 3
5 6 3
6 7 3
7 9 3
9 10 3
10 11 3
11 12 3
12 13 3
13 14 3
14 15 3
15 16 3
16 17 3
17 18 3
18 19 3
19 20 3
20 21 3
21 22 3
22 23 3
23 25 3
25 26 3
26 28 3
28 29 3
29 30 3
30 31 3
31 32 3
32 33 3
33 34 3
34 35 3
35 36 3
36 37 3
37 38 3
38 39 3
39 40 3
40 41 3
41 42 3
42 43 2
43 44 2
44 45 2
45 103 3
46 103 1
46 47 3
47 48 3
48 49 1
49 50 3
50 51 3
51 52 3
52 53 3
53 54 3
54 55 3
55 56 3
56 57 3
7 66 3
9 66 3
26 85 3
28 85 3
32 90 3
33 90 3
43 101 3
13 70 3
42 101 2
12 70 3
40 99 3
41 99 3
42 100 3
48 106 3
51 109 3
55 114 3
10 127 3
16 74 3
31 89 3
40 98 3
100 101 2
56 114 3
2 61 3
3 61 3
7 65 3
11 127 3
15 74 3
23 81 3
25 81 3
25 84 3
26 84 3
28 86 3
29 86 3
32 89 3
98 99 3
0 59 3
1 59 3
9 67 3
18 77 3
19 77 3
20 78 3
39 97 3
44 101 2
44 102 3
52 110 3
53 112 3
54 112 3
65 66 3
10 67 3
12 127 3
19 78 3
20 79 3
21 79 3
89 90 3
35 93 3
36 93 3
40 97 3
41 100 3
49 107 3
51 110 2
57 115 3
0 58 3
2 60 3
10 68 3
13 71 3
14 72 3
15 73 3
17 75 3
22 80 3
84 85 3
33 91 3
34 92 3
34 93 3
36 94 3
37 95 3
38 96 3
44 103 2
46 104 3
47 105 3
50 109 2
53 111 3
55 113 3
56 115 3
60 61 3
66 67 3
71 72 3
72 73 3
73 74 3
74 75 3
18 75 3
81 84 3
85 86 3
90 91 3
91 92 3
92 93 3
94 95 3
38 95 3
39 96 3
101 102 2
104 105 3
105 106 3
48 107 1
50 107 3
50 108 3
109 110 2
111 112 3
112 113 3
58 59 3
1 60 3
4 61 3
67 68 3
68 127 3
70 71 3
78 79 3
22 79 3
30 89 3
99 100 3
103 104 0
106 107 1
107 108 3
108 109 2
52 111 3
113 114 3
59 60 3
5 63 3
6 63 3
75 77 3
80 81 3
29 88 3
30 88 3
95 96 3
96 97 3
97 98 3
102 103 2
114 115 3
77 78 3
79 80 3
93 94 3
110 111 3
6 65 3
4 63 3
70 127 3
29 145 3
88 89 3
4 120 3
86 145 3
61 120 3
79 196 3
80 196 3
85 142 3
88 145 3
63 120 3
63 65 3
89 147 3
77 134 3
84 142 3
90 147 3
75 134 3
88 146 3
89 146 3
103 220 3
104 220 1
65 123 3
84 140 3
146 147 3
77 135 3
78 135 3
81 140 3
84 141 3
104 162 3
105 162 3
109 167 0
99 157 3
110 167 0
75 133 3
78 136 3
79 136 3
140 141 3
86 144 3
98 157 3
107 165 3
108 167 3
63 121 3
74 133 3
81 139 3
85 144 3
144 145 3
96 154 3
100 158 3
110 168 0
115 173 3
120 121 3
63 123 3
97 154 3
98 156 3
101 158 2
102 160 3
103 161 3
107 166 3
108 166 3
111 168 2
114 173 3
58 116 3
59 117 3
60 118 3
61 119 3
66 124 3
67 125 3
68 126 3
70 128 3
71 129 3
72 130 3
73 131 3
74 132 3
133 134 3
139 140 3
90 148 3
91 149 3
92 150 3
93 151 3
94 152 3
95 153 3
97 155 3
156 157 3
101 160 2
102 161 2
106 164 1
107 164 3
166 167 3
167 168 2
111 169 3
112 170 3
113 171 3
114 172 3
116 117 3
117 118 3
118 119 3
65 124 3
124 125 3
125 126 3
128 129 3
129 130 3
130 131 3
131 132 3
80 139 3
141 142 3
147 148 3
148 149 3
149 150 3
150 151 3
151 152 3
152 153 3
153 154 3
154 155 3
155 156 3
157 158 3
160 161 2
161 220 3
169 170 3
170 171 3
113 172 3
172 173 3
126 127 3
127 128 3
134 135 3
135 136 3
139 196 3
101 159 1
162 220 1
164 165 3
79 195 3
165 166 3
171 172 3
119 120 3
132 133 3
195 196 3
158 159 3
106 162 3
168 169 2
123 124 3
136 195 3
162 163 1
106 163 1
121 123 3
163 164 3
140 199 3
141 199 3
159 160 0
170 227 3
163 220 2
169 227 3
127 185 3
141 200 3
142 200 3
145 203 3
126 185 3
128 185 3
85 201 3
166 224 3
133 191 3
142 201 3
144 201 3
145 202 3
158 216 3
160 218 3
165 224 3
167 224 3
121 179 3
132 191 3
139 197 3
144 202 3
165 223 3
169 226 3
120 178 3
121 178 3
123 179 3
124 182 3
134 192 3
140 197 3
202 203 3
145 146 3
151 210 3
152 210 3
153 211 3
159 216 3
164 223 3
168 226 2
171 229 3
133 192 3
135 192 3
147 205 3
148 205 3
148 206 3
149 208 3
150 208 3
152 211 3
154 211 3
157 216 3
167 225 3
167 226 1
171 230 3
172 230 3
116 174 3
117 175 3
118 176 3
119 177 3
125 182 3
125 183 3
126 184 3
128 186 3
129 187 3
130 188 3
131 189 3
132 190 3
135 193 3
197 198 3
140 198 3
146 205 3
149 206 3
149 207 3
151 209 3
154 212 3
155 213 3
156 214 3
157 215 3
159 217 3
161 219 3
170 228 3
170 229 3
174 175 3
175 176 3
176 177 3
120 177 3
178 179 3
123 181 3
124 181 3
183 184 3
186 187 3
187 188 3
188 189 3
189 190 3
191 192 3
192 193 3
136 193 3
136 194 3
196 197 3
205 206 3
207 208 3
208 209 3
209 210 3
211 212 3
212 213 3
213 214 3
214 215 3
215 216 3
216 217 3
159 218 3
219 220 3
227 228 3
228 229 3
173 230 3
123 238 3
182 183 3
184 185 3
193 194 3
194 195 3
146 203 3
210 211 3
160 219 2
224 225 3
225 226 1
229 230 3
177 178 3
179 238 3
185 186 3
190 191 3
198 199 3
199 200 3
217 218 3
218 219 2
223 224 3
181 238 3
200 201 3
201 202 3
226 227 3
206 207 3
220 221 2
163 221 3
173 231 3
181 182 3
230 231 3
203 205 3
163 223 3
203 262 3
221 223 3
223 280 3
205 262 3
221 280 3
176 235 3
177 235 3
178 236 3
179 236 3
195 253 3
208 266 3
212 270 3
223 281 3
194 253 3
196 254 3
199 257 3
205 264 3
206 264 3
207 266 3
211 270 3
280 281 3
195 254 3
197 254 3
198 257 3
201 259 3
220 278 3
221 279 3
229 287 3
185 244 3
186 244 3
190 248 3
191 248 3
197 255 3
200 259 3
202 261 3
220 279 2
198 255 3
198 256 3
200 258 3
202 259 3
203 261 3
207 264 3
217 276 3
218 276 3
219 277 3
278 279 1
224 281 3
224 283 3
225 283 3
225 284 1
226 284 3
227 284 3
228 286 3
229 288 3
230 288 3
185 243 3
254 255 3
257 258 3
208 267 3
209 267 3
213 271 3
219 278 2
229 286 3
174 232 3
175 233 3
176 234 3
181 239 3
182 240 3
183 241 3
184 242 3
184 243 3
243 244 3
187 245 3
188 246 3
189 247 3
192 250 3
194 252 3
253 254 3
255 256 3
258 259 3
207 265 3
210 267 3
210 268 3
211 269 3
214 271 3
214 272 3
215 274 3
216 274 3
217 275 3
219 276 2
224 282 3
231 289 3
232 233 3
233 234 3
238 239 3
239 240 3
240 241 3
241 242 3
244 245 3
245 246 3
246 247 3
247 248 3
191 307 3
191 250 3
193 252 3
256 257 3
261 262 3
264 265 3
265 266 3
268 269 3
269 270 3
270 271 3
215 272 3
274 275 3
275 276 3
276 277 2
277 278 2
281 282 3
286 287 3
287 288 3
288 289 3
234 235 3
178 235 3
242 243 3
266 267 3
271 272 3
215 273 3
227 286 3
179 237 3
248 307 3
193 250 3
267 268 3
272 273 3
282 283 3
283 284 1
227 285 3
236 237 3
252 253 3
235 236 3
237 238 3
285 286 3
193 310 3
279 280 3
284 285 3
273 274 3
252 310 3
250 307 3
250 310 3
262 264 3
282 340 2
276 334 3
282 339 3
283 340 2
286 344 0
287 344 0
287 346 3
277 334 2
281 339 3
285 344 0
345 346 2
288 346 3
202 318 3
264 321 0
278 336 3
279 336 0
261 318 3
262 321 3
234 292 3
250 308 3
258 317 3
259 317 3
270 328 3
271 328 3
287 345 0
233 292 3
235 293 3
257 315 3
258 315 3
234 293 3
236 294 3
264 323 3
266 325 1
267 325 1
235 294 3
237 294 3
237 295 3
307 308 3
256 315 3
265 323 3
265 324 3
266 324 3
269 327 3
270 327 3
328 329 3
271 329 3
273 331 3
274 331 3
274 332 3
280 338 3
284 342 3
232 290 3
233 291 3
238 295 3
238 296 3
239 297 3
240 298 3
241 299 3
242 300 3
243 301 3
243 302 3
244 302 3
245 303 3
246 304 3
247 305 3
248 306 3
253 311 3
318 319 3
261 319 3
323 324 3
268 326 3
271 330 3
272 330 3
275 333 3
277 335 3
277 336 2
279 338 3
280 339 3
283 342 1
285 342 3
344 345 2
288 347 3
289 347 3
233 290 3
293 294 3
296 297 3
297 298 3
298 299 3
299 300 3
300 301 3
301 302 3
302 303 3
303 304 3
304 305 3
305 306 3
306 307 3
252 311 3
254 311 3
202 317 3
262 320 3
324 325 1
267 326 3
326 327 3
272 331 3
331 332 3
332 333 3
276 333 3
335 336 2
283 341 2
294 295 3
295 296 3
254 370 3
254 314 3
255 314 3
256 314 3
261 320 3
320 321 3
329 330 3
334 335 2
339 340 3
340 341 3
346 347 3
290 291 3
292 293 3
311 370 3
319 320 3
325 326 0
327 328 3
330 331 3
279 337 0
310 311 3
314 315 3
321 323 1
336 337 0
285 343 3
343 344 0
291 292 3
314 370 3
317 318 3
337 338 1
338 339 3
342 343 3
250 367 3
308 424 3
308 367 3
310 367 3
314 371 3
333 334 3
370 371 3
323 380 0
341 342 2
321 380 3
333 392 3
334 392 3
315 373 3
338 397 3
339 397 3
315 317 3
318 376 3
321 378 3
339 398 2
340 398 2
344 401 1
319 376 3
319 378 3
320 378 3
323 381 3
335 393 3
307 365 3
367 424 3
314 373 3
317 375 3
325 383 3
308 365 3
310 368 3
311 368 3
380 381 1
324 383 1
343 401 3
327 385 3
328 385 3
342 400 3
343 400 3
347 405 3
321 379 3
292 351 3
293 351 3
302 361 3
303 361 3
311 369 3
318 375 3
378 379 3
324 382 3
330 388 3
331 388 3
345 404 2
346 404 3
346 405 3
290 348 3
291 348 3
291 349 3
292 350 3
294 352 3
295 353 3
296 354 3
297 355 3
298 356 3
299 357 3
300 358 3
301 359 3
302 359 3
302 360 3
304 361 3
304 363 3
305 363 3
306 364 3
314 372 3
375 376 3
323 382 3
326 384 3
326 385 3
328 386 3
329 388 3
331 389 3
332 390 3
333 391 3
335 392 2
335 394 2
336 394 3
337 395 3
338 395 0
338 396 3
341 399 2
345 403 3
349 350 3
350 351 3
293 352 3
352 353 3
353 354 3
354 355 3
355 356 3
356 357 3
357 358 3
358 359 3
363 364 3
364 365 3
367 368 3
368 369 3
369 370 3
372 373 3
379 380 3
326 383 1
329 445 3
389 390 3
390 391 3
391 392 3
392 393 2
396 397 3
340 399 2
342 399 3
344 402 3
344 403 2
403 404 2
404 405 3
348 349 3
304 420 3
382 383 1
383 384 0
384 385 3
388 389 3
393 394 2
401 402 0
359 360 3
360 361 3
371 372 3
319 377 3
381 382 3
385 386 3
328 445 3
395 396 1
399 400 3
376 377 3
377 378 3
385 443 3
329 447 3
397 398 3
398 399 2
351 352 3
361 420 3
384 443 3
386 445 3
445 447 3
388 447 3
400 401 3
317 373 3
337 394 1
402 403 2
363 420 3
394 395 0
373 375 3
403 461 1
379 437 3
378 437 3
389 447 3
375 432 3
399 457 3
368 425 3
373 432 3
378 436 3
379 438 3
380 438 3
384 500 3
391 449 3
400 457 3
365 424 3
382 440 3
383 440 0
383 499 0
443 500 3
392 449 3
400 458 3
369 427 3
436 437 3
499 500 3
457 458 3
404 461 3
352 410 3
353 410 3
360 418 3
367 425 3
369 428 3
370 428 3
373 431 3
375 433 3
401 458 3
401 459 3
354 412 3
359 418 3
431 432 3
376 433 3
381 438 0
398 457 2
404 463 3
405 463 3
353 412 3
355 412 3
368 426 3
368 427 3
390 449 3
458 459 3
404 462 3
348 406 3
349 407 3
350 408 3
351 408 3
351 409 3
355 413 3
356 414 3
357 414 3
357 415 3
358 416 3
359 417 3
361 418 3
361 419 3
363 421 3
364 422 3
365 423 3
424 425 3
426 427 3
427 428 3
371 429 3
372 431 3
376 434 3
437 438 3
390 448 3
392 450 3
393 451 3
394 452 3
395 453 3
396 454 0
397 455 3
398 456 3
402 460 3
461 462 3
406 407 3
407 408 3
408 409 3
352 409 3
410 411 3
353 411 3
412 413 3
413 414 3
415 416 3
416 417 3
417 418 3
419 420 3
420 421 3
421 422 3
422 423 3
371 428 3
372 429 3
448 449 3
393 450 2
451 452 1
453 454 3
454 455 1
398 455 3
456 457 2
401 460 0
460 461 1
418 419 3
423 424 3
425 426 3
432 433 3
449 450 3
395 452 1
395 511 3
462 463 3
409 410 3
414 415 3
377 434 3
450 451 2
452 511 0
411 412 3
429 431 3
433 434 3
386 443 3
455 456 3
428 429 3
378 434 3
381 440 3
390 447 3
453 511 3
386 444 3
444 445 3
447 448 3
445 503 3
459 460 0
462 521 0
444 503 3
447 503 3
463 521 0
443 444 3
429 487 3
429 488 3
434 493 3
378 493 0
437 495 3
431 488 3
436 493 3
436 494 3
436 495 3
438 496 3
438 497 3
447 504 3
460 518 1
420 478 3
487 488 3
494 495 3
438 495 3
451 510 1
452 510 3
459 517 3
459 518 3
419 478 3
421 478 3
426 484 3
432 490 3
493 494 3
443 501 3
447 506 3
448 506 3
450 508 3
451 508 2
510 511 0
458 517 3
461 518 3
410 468 3
411 468 3
427 484 3
428 486 3
431 490 3
433 490 3
495 496 3
381 497 3
500 501 3
444 501 3
503 504 3
406 464 3
406 465 3
407 465 3
408 466 3
408 467 3
409 467 3
409 468 3
411 470 3
412 470 3
413 471 3
414 472 3
415 473 3
416 474 3
417 475 3
418 476 3
419 477 3
421 479 3
422 480 3
423 481 3
424 481 3
424 482 3
425 482 3
425 483 3
427 486 3
433 491 3
434 492 3
454 512 1
455 513 3
456 514 3
457 515 3
458 516 3
461 519 3
465 466 3
467 468 3
470 471 3
471 472 3
472 473 3
473 474 3
474 475 3
475 476 3
476 477 3
479 480 3
480 481 3
483 484 3
429 486 3
431 489 3
434 491 3
492 493 3
496 497 3
449 506 3
449 507 3
449 508 3
451 509 3
511 512 2
512 513 1
513 514 3
514 515 2
515 516 3
516 517 3
517 518 3
462 519 3
411 469 3
477 478 3
478 479 3
482 483 3
427 485 3
488 489 3
489 490 3
440 498 3
444 502 3
506 507 3
508 509 3
466 467 3
468 469 3
481 482 3
484 485 3
490 491 3
491 492 3
502 503 3
507 508 3
509 510 1
485 486 3
486 487 3
440 499 3
501 502 3
518 519 3
381 498 3
464 465 3
469 470 3
497 498 3
504 506 3
481 540 2
491 549 1
491 550 1
492 550 1
498 499 3
519 521 0
490 548 1
491 548 1
500 558 3
482 540 2
517 576 3
518 576 3
549 550 3
500 559 3
514 572 3
515 572 2
467 525 3
476 534 3
477 534 3
477 535 3
478 535 3
479 537 1
479 538 1
480 538 1
481 539 1
548 549 2
495 553 3
496 553 3
558 559 3
501 559 3
468 525 3
478 536 2
481 538 1
474 532 3
536 537 3
537 538 3
538 539 3
483 542 1
484 542 1
487 545 3
488 546 3
489 547 2
489 548 2
499 557 3
501 560 3
502 560 3
504 563 2
506 563 2
513 571 3
474 533 3
475 533 3
482 541 1
482 542 1
488 545 3
488 547 2
498 557 3
499 558 3
514 571 3
532 533 3
534 535 3
484 543 1
547 548 2
493 552 3
494 552 2
498 556 3
503 560 3
512 571 1
516 574 3
517 574 3
464 522 3
465 522 3
465 523 3
466 524 3
473 532 3
541 542 3
542 543 3
546 547 3
494 553 3
497 556 3
503 561 3
504 561 3
504 562 3
506 564 2
507 564 2
508 566 2
508 567 2
509 567 2
510 567 0
510 568 0
511 568 2
511 569 2
512 569 2
512 570 0
515 573 3
517 575 3
521 579 3
523 524 3
467 524 3
471 529 1
472 530 1
472 531 1
473 531 1
475 534 3
485 543 1
485 487 3
493 551 3
497 555 3
557 558 3
562 563 3
507 565 2
508 565 2
570 571 1
571 572 3
572 573 3
573 574 3
574 575 3
519 576 3
519 577 3
529 530 3
533 534 3
535 536 1
487 543 3
545 546 3
493 550 1
551 552 3
496 555 3
559 560 3
563 564 3
564 565 3
565 566 3
566 567 3
510 626 3
568 569 3
575 576 3
521 577 1
524 525 3
469 527 1
470 527 1
470 529 1
530 531 3
531 532 0
550 551 2
552 553 3
553 554 3
496 554 3
556 557 3
560 561 3
567 626 1
568 626 1
569 570 3
522 523 3
527 529 3
554 555 3
561 562 3
577 579 0
468 527 1
540 541 3
576 577 3
468 583 1
539 540 0
543 545 3
525 583 1
527 583 3
555 556 3
539 597 3
540 597 1
577 636 3
579 636 1
583 585 3
527 585 3
576 634 3
529 585 3
529 587 3
530 587 3
532 590 1
534 592 2
538 596 3
543 602 3
572 630 3
522 580 3
531 590 3
535 592 3
537 596 3
545 602 3
574 576 3
577 634 3
529 586 3
530 589 3
533 590 1
531 589 3
535 593 3
545 603 3
546 604 3
563 621 3
564 621 3
570 628 3
579 637 1
585 586 3
533 592 2
536 595 2
602 603 3
547 604 3
547 606 3
548 606 2
561 620 2
562 620 2
566 624 3
567 624 3
571 628 0
636 637 3
533 591 2
536 593 0
537 595 3
541 600 3
542 600 3
545 604 3
550 608 2
557 614 2
557 616 2
560 618 2
561 618 2
561 619 2
563 620 3
565 623 3
565 624 3
573 631 3
574 631 3
574 632 3
522 581 3
523 581 3
524 582 1
524 583 1
590 591 0
592 593 3
538 597 3
542 601 3
543 601 3
603 604 3
551 608 3
556 614 2
558 616 2
559 616 2
559 618 2
619 620 3
564 622 3
564 623 3
569 627 3
571 629 3
571 630 3
572 631 3
576 632 3
577 635 3
581 582 1
582 583 3
591 592 3
595 596 3
596 597 3
549 606 2
618 619 3
620 621 3
621 622 3
623 624 3
568 627 3
627 628 3
628 629 1
634 635 3
586 587 3
540 599 3
541 599 3
601 602 3
614 616 3
559 617 2
622 623 3
624 626 2
629 630 3
630 631 2
589 590 3
599 600 3
616 617 3
617 618 3
626 627 0
631 632 3
635 636 3
591 650 1
592 650 1
547 605 3
580 581 3
587 589 3
536 652 2
597 599 3
600 601 3
604 605 3
605 606 3
551 609 3
555 614 2
593 652 1
595 652 3
608 609 3
552 609 3
549 608 2
549 665 2
552 610 3
553 610 3
553 611 3
554 611 3
554 612 3
555 612 2
606 665 3
609 610 3
610 611 3
614 673 3
616 673 3
608 665 3
611 612 3
612 614 3
632 634 3
585 643 3
614 671 3
621 679 3
586 643 3
587 645 3
612 671 3
634 693 3
589 645 1
589 646 3
620 679 3
624 683 3
626 683 2
583 643 3
597 655 3
599 655 3
635 693 3
636 694 3
645 646 3
635 694 3
665 666 3
608 666 3
622 679 3
634 692 3
589 647 3
590 647 3
652 653 3
609 666 3
616 674 3
617 674 3
622 680 3
623 681 3
692 693 3
582 639 3
602 660 3
603 660 3
604 663 3
605 663 3
609 668 3
610 668 3
679 680 3
622 681 3
626 684 2
627 684 3
630 688 3
630 689 3
631 689 3
632 691 3
581 639 1
582 640 3
586 645 3
646 647 3
606 663 3
611 669 3
612 669 3
623 682 3
624 682 3
629 688 3
634 691 3
637 695 3
580 638 1
583 640 3
583 641 3
586 644 3
644 645 3
593 651 2
596 654 3
597 654 3
600 658 3
601 659 3
603 661 3
610 669 3
614 672 3
617 675 3
618 675 3
618 677 3
619 677 3
620 678 3
683 684 3
628 687 1
629 687 3
632 689 3
632 690 3
694 695 3
638 639 3
592 651 2
651 652 1
595 653 3
595 654 3
654 655 3
599 658 3
658 659 3
659 660 3
604 661 3
671 672 3
672 673 3
619 678 3
678 679 3
682 683 3
627 685 3
687 688 3
639 640 3
641 643 3
643 644 3
590 648 3
660 661 3
606 664 3
609 667 3
667 668 3
612 670 3
673 674 3
680 681 3
681 682 3
684 685 3
690 691 3
691 692 3
692 750 3
693 694 3
640 641 3
642 643 3
590 649 3
650 651 0
663 664 3
668 669 3
670 671 3
628 686 3
688 689 3
647 648 3
648 649 3
591 649 1
669 670 3
675 677 3
677 678 3
686 687 2
689 690 3
653 654 3
599 715 3
664 665 3
666 667 3
674 675 3
628 685 3
641 642 3
658 715 3
685 686 3
649 650 3
655 715 3
661 663 3
663 720 3
655 714 3
661 720 3
714 715 3
684 742 3
687 745 2
683 742 3
685 742 3
685 743 3
688 745 2
742 743 3
686 743 3
691 750 3
693 751 3
665 724 3
680 739 3
681 739 3
643 701 3
644 701 3
666 724 3
640 698 3
641 698 3
642 700 3
651 709 2
663 721 3
664 721 3
681 740 3
682 740 3
686 745 3
688 746 3
643 700 3
647 704 3
652 709 3
653 711 3
654 712 3
655 712 3
674 732 3
675 733 3
677 735 3
678 736 3
679 736 3
683 740 3
686 744 3
639 698 3
641 700 3
648 704 3
652 710 3
653 710 3
654 711 3
667 724 3
668 725 3
732 733 3
739 740 3
744 745 3
745 746 3
689 746 3
693 750 3
639 697 3
646 704 3
709 710 3
655 713 3
713 714 3
658 716 3
658 717 3
659 717 3
661 718 3
661 719 3
720 721 3
664 723 3
665 723 3
667 725 3
668 727 3
669 727 3
673 732 3
678 735 3
679 737 3
680 737 3
683 741 3
689 748 3
690 748 3
751 752 3
693 752 2
694 752 2
638 696 3
638 697 3
641 699 3
712 713 3
716 717 3
660 717 3
660 718 3
718 719 3
664 722 3
670 727 3
733 735 3
735 736 3
736 737 3
740 741 3
743 744 3
689 747 3
695 753 3
696 697 3
719 720 3
721 722 3
722 723 3
723 724 3
673 731 3
746 747 3
747 748 3
694 753 3
697 698 3
698 699 3
699 700 3
644 702 3
650 708 2
710 711 3
671 729 3
672 731 3
731 732 3
680 738 3
738 739 3
691 748 3
691 749 3
752 753 3
700 701 3
701 702 3
651 708 2
711 712 3
715 716 3
724 725 3
733 734 3
734 735 3
737 738 3
741 742 3
749 750 3
717 718 3
670 729 3
672 729 3
748 749 3
708 709 3
644 704 3
649 708 3
668 784 3
648 764 2
725 784 3
727 784 3
645 704 2
727 729 3
729 731 3
750 751 3
702 704 3
649 764 2
729 787 3
649 765 2
764 765 3
700 758 1
701 758 1
731 787 3
748 807 3
704 761 3
708 765 3
749 807 3
702 761 2
745 804 3
746 804 3
748 806 3
750 807 3
704 764 3
724 782 3
732 790 3
733 792 3
734 792 3
747 806 3
806 807 3
752 810 3
711 769 3
716 774 3
717 774 3
725 782 3
733 790 3
702 760 2
710 768 3
714 772 3
715 772 3
727 786 3
729 786 3
787 788 3
731 788 3
735 792 3
697 756 2
698 756 1
699 756 1
699 757 1
700 757 1
758 759 0
701 760 2
704 763 3
763 764 3
711 768 3
713 772 3
717 775 3
718 775 3
723 782 3
731 790 3
736 794 3
744 802 3
750 809 2
751 809 3
701 759 3
712 769 3
712 770 3
718 776 3
721 779 3
735 794 3
743 802 3
746 805 3
747 805 3
807 808 3
750 808 3
752 809 3
696 754 3
696 755 3
697 755 3
756 757 0
709 767 3
769 770 3
713 770 3
715 773 3
774 775 3
719 776 3
719 777 3
719 778 3
720 778 3
720 779 3
722 780 3
723 780 3
723 781 3
782 783 3
725 783 3
727 785 3
731 789 3
733 791 3
736 795 3
737 795 3
738 796 3
739 796 3
744 803 3
745 803 3
755 756 1
704 762 3
767 768 3
768 769 3
772 773 3
715 774 3
775 776 3
778 779 3
779 780 3
781 782 3
783 784 3
784 785 3
785 786 3
789 790 3
790 791 3
795 796 3
740 796 3
741 800 3
742 800 3
743 800 3
759 760 3
773 774 3
777 778 3
794 795 3
740 797 3
740 798 3
741 798 3
802 803 3
803 804 3
805 806 3
808 809 3
754 755 3
757 758 3
760 761 3
708 767 3
776 777 3
780 781 3
786 787 3
791 792 3
796 797 3
797 798 3
752 811 3
753 811 3
761 762 3
708 766 3
804 805 3
809 810 3
810 811 3
766 767 3
788 789 3
765 766 3
770 772 3
762 763 3
800 802 3
792 851 3
735 851 3
741 799 3
799 800 3
759 817 1
794 851 3
798 799 3
800 859 3
802 859 3
756 815 0
758 817 2
760 817 3
760 818 3
772 829 3
810 869 3
761 818 3
770 829 3
804 862 3
811 869 3
805 862 2
758 816 2
816 817 3
765 823 3
766 823 3
792 850 3
764 823 3
786 845 3
787 845 3
790 848 3
791 850 3
806 864 3
807 864 3
766 824 3
768 826 3
775 833 3
787 846 3
788 846 3
791 848 3
800 858 3
858 859 3
802 861 3
803 861 3
804 861 3
757 816 2
817 818 3
763 821 3
764 821 3
764 822 3
767 824 3
767 826 3
774 833 3
780 838 3
782 840 3
785 844 3
786 844 3
794 852 3
795 852 3
795 853 3
797 855 3
798 857 3
799 857 3
799 858 3
805 863 3
807 865 3
807 866 3
808 866 3
755 813 3
757 815 2
761 819 3
762 819 3
762 821 3
822 823 3
767 825 3
769 827 3
770 828 3
772 830 3
773 831 3
774 832 3
776 834 3
777 835 3
778 836 3
779 838 3
781 839 3
783 840 3
783 841 3
784 842 3
785 843 3
788 847 3
789 847 3
791 849 3
851 852 3
796 853 3
796 854 3
798 856 3
802 860 3
861 862 3
862 863 3
864 865 3
809 867 3
810 868 3
756 813 0
818 819 3
825 826 3
826 827 3
827 828 3
828 829 3
829 830 3
830 831 3
831 832 3
832 833 3
833 834 3
834 835 3
835 836 3
779 836 3
779 837 3
838 839 3
839 840 3
840 841 3
841 842 3
842 843 3
844 845 3
845 846 3
790 847 3
849 850 3
853 854 3
854 855 3
855 856 3
859 860 3
860 861 3
805 864 3
866 867 3
809 868 3
754 813 3
815 816 3
824 825 3
843 844 3
850 851 3
852 853 3
856 857 3
868 869 3
813 815 3
821 822 3
823 824 3
836 837 3
837 838 3
847 848 3
848 849 3
863 864 3
867 868 3
754 812 3
846 847 3
857 858 3
865 866 3
812 813 3
819 821 3
815 873 3
816 873 3
819 878 3
821 878 3
863 922 3
864 922 3
813 872 3
815 872 3
872 873 3
859 917 3
860 917 3
867 926 3
821 879 3
838 896 3
865 923 3
866 924 3
868 926 3
819 877 3
878 879 3
822 880 3
828 886 3
839 896 3
850 909 3
851 909 3
852 909 3
856 914 3
857 916 3
858 916 3
864 923 3
865 924 3
821 880 3
823 880 3
826 884 3
829 886 3
832 891 3
833 891 3
841 899 3
848 906 3
855 914 3
858 917 3
877 878 3
827 884 3
836 895 3
837 895 3
840 899 3
843 901 3
844 902 3
845 902 3
846 904 3
847 904 3
847 906 3
848 907 3
849 907 3
860 918 3
861 918 3
862 920 3
867 924 3
869 926 3
812 870 3
813 871 3
816 874 2
818 876 3
823 881 3
824 882 3
825 883 3
827 885 3
829 887 3
830 888 3
831 889 3
834 892 3
835 893 3
836 894 3
838 895 3
839 897 3
840 898 3
842 900 3
844 901 3
845 903 3
850 907 3
850 908 3
852 910 3
853 911 3
854 912 3
855 912 3
857 914 3
916 917 3
861 919 3
862 921 3
863 921 3
867 925 3
870 871 3
871 872 3
873 874 3
817 874 3
817 876 3
819 876 3
879 880 3
880 881 3
823 882 3
882 883 3
883 884 3
884 885 3
885 886 3
886 887 3
887 888 3
888 889 3
832 889 3
832 890 3
891 892 3
892 893 3
893 894 3
897 898 3
899 900 3
900 901 3
902 903 3
903 904 3
909 910 3
910 911 3
911 912 3
918 919 3
861 920 3
922 923 3
924 925 3
889 890 3
890 891 3
894 895 3
895 896 3
901 902 3
907 908 3
908 909 3
917 918 3
921 922 3
881 882 3
898 899 3
906 907 3
919 920 3
920 921 3
925 926 3
876 877 3
896 897 3
857 915 3
904 906 3
914 915 3
915 916 3
874 876 3
923 924 3
926 927 3
855 971 3
912 971 3
914 971 3
874 933 3
876 933 3
906 964 3
922 980 3
904 964 3
921 980 3
870 929 3
871 929 3
904 963 3
963 964 3
906 965 3
916 975 3
917 975 3
872 929 3
877 936 3
878 936 3
884 942 3
907 965 3
919 977 3
874 932 3
882 940 3
883 942 3
885 943 3
891 949 3
892 949 3
902 960 3
918 977 3
919 978 3
920 978 3
925 984 3
926 984 3
873 931 3
874 931 3
932 933 3
883 940 3
884 943 3
903 960 3
916 974 3
922 981 3
923 981 3
924 983 3
925 983 3
870 928 3
876 934 3
877 935 3
879 937 3
880 938 3
881 939 3
886 944 3
887 945 3
888 946 3
889 947 3
890 948 3
892 950 3
893 951 3
894 952 3
895 953 3
896 954 3
897 955 3
897 956 3
898 956 3
899 957 3
900 958 3
901 959 3
903 961 3
904 962 3
908 966 3
909 967 3
910 968 3
911 970 3
912 970 3
914 972 3
915 973 3
918 976 3
980 981 3
923 982 3
924 982 3
928 929 3
933 934 3
877 934 3
878 937 3
937 938 3
938 939 3
939 940 3
943 944 3
944 945 3
945 946 3
946 947 3
947 948 3
948 949 3
949 950 3
950 951 3
951 952 3
952 953 3
953 954 3
954 955 3
956 957 3
957 958 3
958 959 3
959 960 3
904 961 3
962 963 3
966 967 3
967 968 3
911 968 3
911 969 3
972 973 3
973 974 3
974 975 3
917 976 3
976 977 3
921 979 3
872 988 3
934 935 3
935 936 3
955 956 3
960 961 3
908 965 3
968 969 3
969 970 3
971 972 3
975 976 3
920 979 3
979 980 3
981 982 3
982 983 3
983 984 3
927 984 3
929 988 3
931 932 3
936 937 3
961 962 3
970 971 3
977 978 3
927 985 3
872 931 3
965 966 3
978 979 3
984 985 3
942 943 3
931 988 3
964 965 3
940 942 3
983 1042 3
984 1042 3
940 999 3
933 991 3
942 999 3
942 1000 3
969 1026 3
971 1029 3
974 1033 3
975 1033 3
985 1042 3
934 991 3
943 1000 3
965 1023 3
968 1026 3
970 1029 3
976 1033 3
977 1035 3
981 1039 3
982 1039 3
964 1023 3
969 1027 3
976 1035 3
982 1040 3
932 990 3
940 998 3
950 1008 3
957 1015 3
963 1022 3
964 1022 3
1026 1027 3
971 1030 3
973 1031 3
974 1031 3
974 1032 3
980 1038 3
981 1038 3
1039 1040 3
931 989 3
933 990 3
934 992 3
934 993 3
935 993 3
938 996 3
939 997 3
998 999 3
949 1008 3
952 1010 3
956 1015 3
958 1015 3
962 1020 3
963 1021 3
1022 1023 3
967 1025 3
970 1028 3
1029 1030 3
972 1030 3
1031 1032 3
1032 1033 3
977 1036 3
978 1036 3
983 1041 3
928 986 3
929 987 3
988 989 3
931 990 3
991 992 3
936 994 3
937 995 3
939 996 3
940 997 3
943 1001 3
944 1002 3
945 1003 3
946 1003 3
946 1004 3
947 1005 3
948 1006 3
949 1007 3
950 1009 3
951 1009 3
951 1010 3
953 1010 3
953 1011 3
954 1012 3
955 1013 3
956 1014 3
958 1017 3
959 1017 3
960 1018 3
961 1019 3
962 1021 3
966 1023 3
966 1024 3
968 1025 3
970 1027 3
1028 1029 3
972 1031 3
976 1034 3
1035 1036 3
979 1037 3
979 1038 3
1038 1039 3
1041 1042 3
1042 1043 3
985 1043 3
986 987 3
990 991 3
935 994 3
994 995 3
995 996 3
996 997 3
999 1000 3
1000 1001 3
944 1001 3
1002 1003 3
1004 1005 3
1005 1006 3
1006 1007 3
1007 1008 3
1008 1009 3
954 1011 3
1012 1013 3
1013 1014 3
1014 1015 3
1017 1018 3
1018 1019 3
1019 1020 3
1023 1024 3
1024 1025 3
1030 1031 3
1033 1034 3
1036 1037 3
1037 1038 3
1040 1041 3
992 993 3
993 994 3
1003 1004 3
1009 1010 3
1010 1011 3
1025 1026 3
987 988 3
989 990 3
1001 1002 3
1011 1012 3
1020 1021 3
997 998 3
1021 1022 3
1027 1028 3
1034 1035 3
1015 1017 3
