0 1 3
1 2 1
2 3 3
3 5 3
5 6 3
6 8 3
8 9 3
9 10 3
10 11 3
11 12 0
12 13 1
13 14 0
14 15 3
15 16 3
16 17 3
17 18 3
18 19 3
19 79 0
24 79 0
24 84 0
27 84 3
27 86 3
29 86 0
29 30 3
30 31 3
31 32 3
32 33 3
33 34 3
34 94 0
38 94 0
38 39 3
39 40 3
40 41 3
41 42 3
42 43 1
43 44 3
44 45 3
45 46 3
46 104 3
52 104 2
52 53 3
53 54 3
36 94 0
34 36 3
79 84 3
79 80 1
79 81 1
80 81 3
8 67 2
81 84 0
5 62 3
6 65 3
8 65 0
3 62 3
65 67 0
32 89 3
94 96 2
38 96 3
3 61 3
9 67 2
11 69 3
77 79 0
2 61 3
10 69 3
19 77 3
31 89 3
12 69 1
85 86 3
34 92 3
44 103 3
45 103 3
14 72 1
15 72 1
27 85 3
33 92 3
34 93 3
5 63 3
13 72 3
36 93 3
0 58 3
1 59 3
62 63 3
6 63 3
6 64 3
12 70 3
17 75 3
29 87 0
30 88 0
39 97 2
1 58 3
2 59 0
13 70 3
18 75 3
30 87 0
40 98 3
41 99 3
42 100 3
61 62 3
69 70 0
15 73 3
16 73 3
16 75 3
93 94 2
39 98 3
98 99 3
99 100 3
43 100 0
46 103 3
63 64 3
10 68 2
68 69 2
72 73 3
18 77 3
81 83 0
83 84 3
87 88 3
39 96 3
97 98 0
79 137 3
84 85 3
31 88 3
92 93 3
58 59 3
9 68 2
88 89 3
2 60 0
64 65 3
18 135 3
86 87 3
96 97 1
59 60 3
60 61 1
67 68 3
73 75 3
75 135 3
32 92 3
94 154 0
96 154 3
43 101 3
44 101 3
79 136 1
32 147 3
77 135 3
77 136 3
80 137 0
83 141 1
92 147 3
89 147 3
92 150 3
84 142 2
81 139 3
83 139 1
85 87 3
100 101 1
101 103 3
84 141 2
85 142 3
147 150 3
58 116 3
59 116 3
70 128 3
70 129 2
73 132 0
75 132 0
75 133 0
13 129 2
128 129 3
132 133 2
136 137 0
65 123 0
65 124 0
13 130 2
72 130 3
94 152 2
103 161 3
65 125 0
129 130 3
93 152 3
152 154 0
59 117 3
123 124 3
124 125 3
67 125 2
141 142 3
85 143 3
85 145 3
101 160 3
103 160 3
116 117 3
60 117 3
61 119 0
62 119 0
134 135 3
143 145 3
96 155 3
97 155 0
46 162 3
60 119 3
68 125 0
69 127 0
73 130 2
133 135 2
80 138 3
160 161 3
104 162 3
62 120 0
62 121 0
68 127 0
69 128 0
133 134 2
135 136 3
137 138 1
98 156 3
99 157 3
100 158 1
46 161 3
119 120 3
120 121 3
63 121 0
127 128 3
80 139 3
87 145 3
88 145 3
93 151 3
155 156 3
156 157 3
157 158 1
101 158 3
64 121 0
73 131 0
131 132 3
135 194 3
138 139 0
151 152 3
64 123 0
136 194 3
142 143 3
92 151 3
121 123 3
125 127 3
130 131 0
154 155 3
104 452 0
52 452 0
88 205 3
89 205 3
150 151 3
88 204 3
145 204 3
161 162 3
117 119 3
121 180 3
125 184 3
83 198 2
147 205 3
161 219 3
119 176 3
121 179 3
123 180 3
127 184 3
160 219 3
143 202 3
204 205 3
154 211 1
161 220 3
53 462 0
54 462 0
54 463 0
117 176 3
179 180 3
145 202 3
158 159 3
101 159 3
52 462 0
117 175 3
125 183 3
129 131 2
141 198 3
150 208 3
152 211 3
162 220 3
162 452 0
116 175 3
120 178 3
141 199 3
151 208 3
159 160 3
52 459 0
124 183 3
198 199 3
143 200 3
145 203 3
147 206 3
160 218 3
459 462 3
462 463 3
121 178 3
139 198 2
142 200 3
150 206 3
155 212 3
218 219 3
123 182 3
124 182 3
184 185 3
127 185 3
129 187 2
133 191 3
137 196 3
138 196 0
203 204 3
205 206 3
154 212 3
119 178 3
131 189 3
132 189 3
139 196 3
139 197 2
202 203 3
159 276 3
160 276 3
219 220 3
119 177 3
178 179 3
128 244 3
134 191 0
137 195 3
196 197 3
142 199 3
116 174 3
123 181 3
132 190 3
132 191 3
134 194 3
137 194 2
195 196 3
206 208 3
174 175 3
177 178 3
181 182 3
128 187 0
189 190 3
194 195 3
199 200 3
452 459 3
182 183 3
183 184 3
197 198 3
143 259 3
157 274 3
175 176 3
180 181 3
131 187 3
190 191 3
202 259 3
151 209 3
211 212 0
156 274 3
158 274 0
285 452 0
285 459 0
208 209 3
152 209 3
152 210 3
155 274 3
218 276 3
176 177 3
128 185 3
200 259 3
209 210 3
210 211 3
185 244 3
212 274 3
187 244 1
162 280 0
220 280 0
280 452 3
131 246 3
187 246 3
199 258 3
200 258 3
194 253 3
195 253 3
271 274 3
159 274 0
212 271 3
134 250 0
198 256 3
202 260 3
206 265 3
134 251 3
199 256 3
203 260 3
205 263 3
206 263 3
176 234 3
189 246 3
191 250 3
252 253 3
204 262 3
206 264 3
208 265 3
208 266 3
175 234 3
177 234 3
203 262 3
263 264 3
250 251 3
197 256 3
264 265 3
179 238 3
180 238 3
185 243 3
194 252 3
205 262 3
272 274 3
184 242 3
185 242 3
159 272 0
220 277 3
220 336 3
242 243 3
243 244 3
191 249 3
194 251 3
258 259 3
262 263 3
280 336 1
174 232 3
175 233 3
177 235 3
178 236 3
179 237 3
181 239 3
182 240 3
187 245 3
189 247 3
190 248 3
190 249 3
249 250 3
195 254 3
196 254 3
197 255 3
256 257 3
199 257 3
271 272 3
219 277 3
285 462 0
232 233 3
233 234 3
234 235 3
235 236 3
236 237 3
237 238 3
238 239 3
239 240 3
183 240 3
245 246 3
246 247 3
247 248 3
197 254 3
203 319 3
262 319 3
265 266 3
212 270 3
244 245 0
257 258 3
253 254 3
254 255 3
255 256 3
259 260 3
209 266 3
211 270 3
159 334 3
276 334 3
218 277 3
248 249 3
251 252 0
270 271 3
272 331 3
276 277 3
259 317 3
260 317 3
210 270 3
184 240 3
260 319 3
159 332 0
396 452 3
462 520 3
272 332 3
332 334 1
280 396 3
285 396 0
463 520 3
242 300 3
243 300 3
242 299 3
210 326 3
210 269 3
277 336 3
184 299 3
269 270 3
240 299 3
299 300 3
258 316 3
259 316 3
269 326 3
285 399 0
271 331 3
256 314 1
209 325 3
210 325 3
270 328 3
232 291 3
233 291 3
243 301 3
245 303 3
248 306 3
249 306 3
255 314 1
266 325 3
271 328 3
399 462 3
235 294 3
236 294 3
244 301 3
244 303 0
247 305 3
248 305 3
260 318 3
262 320 3
264 322 3
234 292 3
235 292 3
237 295 3
238 296 3
239 297 3
246 304 3
256 315 3
257 315 3
258 315 3
263 322 3
265 324 3
266 324 3
325 326 3
271 387 3
331 387 3
232 290 3
291 292 3
235 293 3
294 295 3
295 296 3
296 297 3
240 297 3
300 301 3
244 302 3
303 304 3
304 305 3
250 306 3
314 431 0
318 319 3
319 320 3
277 334 3
277 393 3
399 520 3
290 291 3
292 293 3
293 294 3
301 302 3
253 311 1
254 311 1
254 312 1
255 312 1
314 315 2
317 318 3
263 320 3
264 324 3
334 393 3
302 303 3
315 316 3
396 399 3
240 298 3
250 252 0
250 308 1
252 308 1
252 310 1
255 371 1
336 393 3
298 299 3
305 306 3
306 365 1
306 308 1
252 309 1
252 311 1
311 312 3
312 371 2
297 298 3
308 365 3
309 310 3
310 311 3
314 371 0
316 317 3
269 328 3
331 332 3
308 309 3
328 387 3
320 322 3
322 324 3
324 325 3
299 357 3
334 392 3
293 351 3
294 351 3
300 357 3
463 521 3
320 379 3
322 379 3
332 392 1
520 521 3
324 383 3
325 383 3
315 431 3
292 351 3
296 354 3
297 354 3
319 378 3
269 444 3
392 393 3
305 364 3
320 378 3
306 364 3
431 487 1
371 431 0
316 375 3
317 375 3
318 378 3
295 353 3
300 358 3
301 359 3
312 370 3
371 487 3
324 498 3
328 386 3
386 387 3
291 349 3
292 349 3
294 353 3
296 353 3
357 358 3
302 359 3
303 361 3
304 362 3
305 363 3
370 371 2
383 498 3
290 349 3
358 359 3
302 361 3
361 362 3
362 363 3
311 370 3
318 375 3
336 511 0
364 365 1
322 380 3
324 380 3
280 511 3
396 454 3
399 454 3
353 354 3
392 449 0
298 354 3
363 364 3
372 431 3
315 375 3
269 325 3
269 386 3
290 348 3
349 351 3
350 351 0
372 487 1
375 431 3
332 449 3
393 511 0
396 511 3
310 370 3
298 355 3
298 357 3
309 365 3
269 383 3
351 353 3
354 355 3
298 414 3
375 433 3
318 435 3
378 435 3
378 379 3
348 349 3
355 414 3
309 424 3
309 425 3
309 426 3
310 426 3
310 427 3
318 434 3
380 498 3
330 331 3
357 414 3
424 425 3
425 426 3
426 427 3
370 427 3
375 434 3
434 435 3
383 444 3
349 350 1
365 424 3
433 434 3
354 412 3
355 412 3
431 433 3
399 517 3
517 520 3
353 412 3
330 332 3
454 457 3
399 457 3
399 458 3
351 408 1
371 429 3
350 408 3
429 487 3
458 517 3
365 423 3
370 428 3
330 387 3
364 423 1
423 424 3
349 408 1
363 421 3
364 421 3
348 406 3
355 413 3
357 416 3
358 416 3
359 417 3
361 420 3
362 420 3
457 458 3
413 414 3
357 415 3
416 417 3
302 417 3
420 421 3
370 429 2
414 415 3
361 477 3
364 422 3
378 436 3
349 407 3
412 413 3
302 477 3
421 422 3
422 423 1
427 428 3
435 436 3
379 380 3
393 449 0
428 429 2
379 436 3
330 449 3
349 406 3
407 408 1
380 438 3
439 498 3
454 513 3
415 416 3
420 477 3
380 439 3
330 386 3
396 513 3
457 513 3
519 520 3
379 438 3
517 519 3
519 521 3
351 467 3
351 468 3
353 468 3
383 499 3
386 502 3
396 512 3
408 467 0
498 499 3
444 499 3
330 502 3
511 512 3
467 468 3
408 466 3
512 513 3
406 407 3
407 466 3
436 438 3
269 502 3
406 465 3
407 465 3
438 439 3
449 507 3
406 464 3
417 475 3
444 502 3
393 507 0
464 465 3
353 469 3
412 470 3
302 475 3
468 469 3
412 469 3
425 483 3
426 483 3
469 470 3
415 473 3
416 473 3
420 479 3
421 479 3
427 485 3
330 507 3
393 509 3
509 511 0
510 511 3
414 473 3
422 479 3
428 485 3
431 547 2
507 509 1
413 471 3
414 472 3
416 474 3
420 478 3
424 483 3
428 486 3
429 486 3
487 547 0
470 471 3
471 472 3
474 475 3
477 478 3
478 479 3
435 493 2
435 494 2
436 494 2
438 494 2
465 466 2
472 473 3
473 474 3
424 482 3
426 485 3
434 493 2
493 494 3
330 505 3
509 510 0
483 485 3
485 486 3
486 487 3
494 495 3
438 495 2
423 482 3
438 496 2
439 496 2
502 503 3
466 467 0
433 490 3
444 558 2
330 503 3
431 489 3
431 490 3
499 558 2
457 517 3
495 496 3
482 483 3
489 547 3
489 490 3
490 549 1
433 549 1
493 551 3
479 480 3
422 480 3
503 505 3
466 582 3
467 582 1
482 540 3
483 540 3
434 549 1
434 551 2
439 555 2
423 480 0
496 555 3
505 507 3
418 475 3
302 418 3
480 482 1
483 542 3
434 550 1
550 551 0
502 560 2
503 560 2
485 542 3
498 556 2
444 560 2
519 579 3
466 524 3
418 477 3
549 550 3
498 555 2
503 561 2
510 512 3
465 523 3
560 561 3
513 517 3
475 533 3
555 556 3
505 563 2
507 566 2
524 582 3
474 533 3
505 561 2
505 565 2
507 565 2
509 566 0
510 567 2
512 567 2
469 527 3
470 527 3
482 539 3
485 543 3
486 543 3
444 501 3
505 562 2
509 567 0
512 571 2
513 571 2
513 572 2
513 573 2
517 573 2
496 553 3
561 562 3
563 565 3
565 566 3
512 570 2
571 572 3
572 573 3
519 578 2
578 579 3
471 529 3
472 529 3
480 538 3
480 539 1
542 543 3
493 552 3
494 552 3
495 553 3
499 556 2
501 558 3
562 563 3
567 570 3
570 571 3
517 575 2
519 575 2
519 576 2
464 522 3
464 523 3
466 523 2
467 525 3
468 526 3
470 528 3
472 530 3
473 530 3
479 538 2
540 542 3
486 544 3
487 544 3
551 552 3
499 557 2
557 558 3
501 560 2
573 575 3
575 576 3
519 577 2
525 582 1
525 526 3
468 527 3
528 529 3
418 533 3
477 536 2
478 536 2
479 536 2
543 544 3
487 545 3
552 553 3
496 554 3
556 557 3
501 559 2
567 568 3
573 574 3
576 577 3
577 578 3
523 524 2
527 528 3
529 530 3
479 537 2
537 538 3
538 539 1
539 540 3
490 548 3
553 554 3
554 555 3
558 559 3
574 575 3
526 527 3
536 537 3
490 547 3
548 549 2
564 565 3
563 564 3
473 531 3
474 531 3
418 536 3
544 545 3
531 533 3
540 598 3
559 560 3
568 570 3
522 523 3
530 531 3
542 598 3
547 548 3
543 600 3
545 547 0
533 534 3
418 534 3
534 536 3
539 598 3
542 599 3
542 600 3
544 600 2
545 603 3
545 604 0
547 604 3
598 599 3
599 600 3
544 602 3
545 602 3
558 616 3
524 581 2
602 603 3
557 616 3
523 581 3
536 593 3
547 605 3
564 623 3
534 593 3
604 605 3
559 616 3
509 626 0
567 626 3
568 626 3
538 596 3
548 605 3
551 608 3
551 609 3
565 623 3
566 624 3
529 587 2
530 587 3
537 596 3
539 596 0
548 606 3
550 608 2
552 611 3
553 611 3
554 612 3
560 619 3
561 619 3
509 624 0
577 635 3
528 587 2
549 606 2
555 612 3
556 614 3
565 624 3
572 630 2
578 635 3
533 591 2
536 594 3
537 594 3
539 597 3
597 598 3
555 614 3
560 618 3
575 633 3
534 591 3
611 612 3
555 613 3
559 618 3
561 620 3
562 620 3
563 621 3
623 624 3
625 626 3
571 630 3
570 630 3
573 630 2
573 632 3
574 632 3
574 633 3
579 637 3
522 580 3
525 584 2
526 584 2
526 585 2
527 585 2
528 585 2
533 589 3
533 590 3
537 595 3
600 601 3
549 607 2
550 607 2
551 610 3
552 610 3
613 614 3
557 615 3
563 620 3
564 622 3
509 625 0
630 632 3
576 633 3
578 637 3
523 580 3
531 589 3
589 590 3
590 591 3
594 595 3
595 596 3
544 601 3
605 606 3
606 607 3
607 608 3
608 609 3
614 615 3
618 619 3
563 622 3
622 623 3
576 634 3
577 634 3
580 581 3
534 592 3
596 597 1
612 613 3
615 616 3
619 620 3
620 621 3
570 626 3
570 628 3
633 634 3
585 587 3
592 593 3
593 594 3
603 604 2
609 610 3
610 611 3
632 633 3
578 636 3
581 582 3
530 589 3
601 602 3
621 622 3
636 637 3
582 584 0
584 585 3
591 592 3
626 628 3
634 635 3
530 588 3
570 629 3
588 589 3
628 629 3
629 630 3
587 588 3
635 636 3
616 618 3
616 675 3
618 675 3
632 689 3
632 690 3
630 689 3
632 691 3
690 691 3
592 594 3
689 690 3
587 645 3
588 645 3
628 687 3
629 687 3
634 692 1
633 691 1
585 644 3
628 685 3
584 641 3
584 642 3
587 644 3
601 659 3
614 671 3
626 685 3
582 641 2
585 642 3
590 648 3
591 648 3
596 654 3
602 661 2
603 661 2
604 662 3
605 662 3
607 665 3
613 671 3
620 678 3
625 685 3
634 693 1
588 646 3
597 654 0
606 665 3
608 666 3
609 668 3
610 668 3
614 673 3
615 673 3
619 678 3
622 680 3
623 681 3
625 683 3
633 692 1
635 693 1
636 693 1
645 646 3
589 646 3
596 653 3
602 659 3
607 666 3
612 670 3
671 673 3
619 677 3
621 678 3
621 679 3
621 680 3
623 680 3
630 687 3
691 692 3
692 693 3
580 638 3
581 638 3
581 639 3
582 640 2
585 643 3
595 653 3
654 655 3
598 656 3
599 657 3
600 658 3
600 659 3
603 662 2
605 663 3
606 664 3
665 666 3
609 667 3
611 669 3
611 670 3
613 670 3
616 673 3
618 676 3
624 682 3
683 685 3
581 640 3
641 642 3
644 645 3
589 647 3
589 648 3
594 652 3
595 652 3
653 654 3
597 655 3
597 656 3
656 657 3
657 658 3
663 664 3
666 667 3
610 669 3
672 673 3
616 674 3
676 677 3
678 679 3
679 680 3
680 681 3
623 682 3
638 639 3
643 644 3
652 653 3
661 662 3
669 670 3
670 671 3
671 672 3
673 674 3
674 675 3
681 682 3
639 640 3
640 641 3
642 643 3
664 665 3
667 668 3
675 676 3
636 695 1
637 695 1
646 647 3
647 648 3
655 656 3
659 661 3
662 663 3
668 669 3
677 678 3
630 688 3
591 649 3
592 649 3
624 683 3
509 683 0
688 689 3
682 683 3
685 687 3
693 695 3
648 649 3
594 709 3
658 659 3
687 688 3
652 709 3
661 718 3
594 649 3
659 718 2
687 745 3
649 709 3
685 743 3
685 745 3
683 743 3
675 733 3
676 733 3
653 712 3
654 712 3
683 742 3
742 743 3
690 747 3
692 752 3
693 752 3
644 702 3
645 702 3
688 745 3
689 747 3
695 752 3
639 698 3
640 698 3
642 700 3
659 717 2
666 724 3
667 724 3
669 728 3
670 728 3
679 738 3
680 738 3
691 749 3
641 699 3
643 700 3
656 715 2
657 715 2
717 718 3
681 738 3
688 747 3
690 749 3
638 696 3
641 700 3
643 701 3
646 702 3
649 707 3
655 712 2
658 716 2
658 717 2
667 726 3
668 726 3
671 728 3
685 744 3
695 753 3
639 696 3
640 699 3
699 700 3
644 701 3
647 705 3
655 713 2
656 713 2
656 772 2
715 716 3
716 717 3
664 722 3
665 722 3
665 723 3
672 730 3
673 730 3
673 731 3
676 734 3
743 744 3
652 710 3
653 711 3
711 712 3
713 772 3
715 772 3
661 719 3
662 719 3
662 721 3
663 721 3
667 725 3
669 727 3
674 731 3
733 734 3
677 735 3
678 735 3
678 736 3
679 737 3
681 739 3
744 745 3
688 746 3
752 753 3
698 699 3
700 701 3
648 705 3
707 709 3
653 710 3
712 713 3
721 722 3
722 723 3
723 724 3
725 726 3
726 727 3
671 730 3
736 737 3
737 738 3
738 739 3
682 739 3
747 749 3
639 697 3
647 702 3
649 705 3
710 711 3
718 719 3
724 725 3
727 728 3
677 734 3
735 736 3
696 697 3
697 698 3
701 702 3
705 707 3
734 735 3
746 747 3
748 749 3
692 749 3
709 710 3
730 731 3
745 746 3
747 748 3
682 740 3
705 763 3
719 721 3
675 731 3
683 740 3
749 752 3
671 787 3
731 733 3
739 740 3
707 763 3
728 787 3
730 787 3
683 799 1
742 799 1
702 762 3
647 762 3
740 799 1
705 762 3
740 798 1
749 808 3
752 809 3
719 778 3
721 778 3
798 799 3
749 809 3
731 791 3
753 811 3
709 767 3
733 791 3
710 767 3
808 809 3
809 810 3
752 810 3
709 766 3
715 773 3
727 786 3
728 786 3
752 811 3
702 760 3
766 767 3
716 773 3
810 811 3
698 756 3
707 766 3
718 776 3
722 780 3
737 795 3
738 795 3
742 800 3
744 803 3
745 803 3
699 756 3
710 768 3
717 776 3
721 780 3
734 793 3
743 800 3
747 805 3
697 755 3
698 755 3
760 762 3
711 768 3
711 769 3
716 774 3
717 774 3
724 782 3
725 782 3
726 785 3
727 785 3
730 788 3
731 789 3
734 792 3
735 793 3
739 797 3
744 802 3
746 805 3
696 754 3
699 757 3
700 757 3
712 769 3
712 770 3
772 773 3
723 781 3
724 781 3
725 783 3
726 784 3
730 789 3
738 797 3
740 797 3
799 800 0
743 801 3
743 802 3
746 803 3
754 755 3
755 756 3
700 759 2
768 769 3
769 770 3
713 770 3
713 771 3
773 774 3
719 776 3
719 777 3
778 779 3
721 779 3
780 781 3
781 782 3
782 783 3
783 784 3
784 785 3
785 786 3
733 792 3
792 793 3
736 793 3
736 795 3
738 796 3
800 801 3
802 803 3
748 805 3
748 806 3
749 806 3
701 759 2
701 760 3
762 763 3
771 772 3
717 775 3
776 777 3
777 778 3
786 787 3
788 789 3
731 790 3
790 791 3
736 794 3
794 795 3
795 796 3
796 797 3
797 798 1
801 802 3
749 807 3
756 757 3
759 760 3
760 819 3
762 819 3
707 823 3
767 768 3
770 771 3
775 776 3
779 780 3
787 788 3
789 790 3
803 805 3
807 808 3
766 823 3
774 775 3
805 806 3
791 792 3
806 807 3
763 822 3
757 815 1
700 815 1
707 822 3
759 815 3
822 823 3
793 794 3
805 863 1
803 863 1
807 865 3
755 813 2
808 865 3
756 815 1
762 820 3
763 820 3
786 845 3
787 845 3
799 857 3
803 861 1
763 821 3
788 845 3
800 857 1
802 861 1
803 862 1
756 814 1
820 821 3
806 863 1
821 822 3
767 825 3
768 825 3
771 830 3
772 830 3
802 860 1
755 814 1
773 830 3
791 849 3
795 854 3
796 854 3
860 861 3
861 862 3
862 863 3
810 868 3
811 868 3
814 815 3
815 816 3
759 816 2
779 838 3
780 838 3
788 847 3
789 847 3
790 847 3
790 848 3
792 849 3
793 851 1
798 857 3
800 859 3
801 859 3
801 860 1
806 864 3
754 812 0
759 817 2
760 817 2
766 825 3
768 826 3
769 827 3
770 828 3
771 828 3
773 831 3
774 832 3
775 833 3
776 834 3
777 835 3
778 836 3
779 837 3
781 838 3
781 839 3
782 840 3
783 841 3
784 842 3
785 843 3
786 843 3
786 844 3
788 846 3
794 851 1
795 853 1
797 855 1
798 856 3
800 858 3
863 864 0
808 866 3
809 867 3
811 869 3
812 813 1
825 826 3
826 827 3
827 828 3
830 831 3
831 832 3
832 833 3
833 834 3
834 835 3
835 836 3
836 837 3
839 840 3
783 840 3
841 842 3
842 843 3
845 846 3
791 848 3
854 855 1
855 856 1
856 857 3
857 858 0
807 864 3
865 866 3
867 868 3
868 869 3
813 814 3
816 817 3
817 819 3
766 824 3
837 838 3
843 844 3
846 847 3
847 848 3
792 851 1
794 853 1
858 859 3
864 865 3
808 867 3
824 825 3
838 839 3
848 849 3
851 853 3
853 854 0
859 860 1
819 820 3
840 841 3
844 845 3
849 851 3
823 824 3
866 867 3
828 830 3
819 876 3
849 850 3
850 851 3
817 876 3
857 916 0
830 887 3
857 973 3
858 916 3
828 887 3
851 910 3
853 910 3
856 973 3
812 870 3
813 870 0
814 873 2
815 873 2
862 921 3
816 873 3
819 877 3
863 921 3
876 877 3
820 877 3
821 879 3
822 879 3
845 904 3
846 904 3
864 921 1
816 874 3
848 906 3
866 924 3
814 872 2
817 874 3
845 903 3
847 906 3
848 850 3
850 907 3
916 973 1
859 916 3
866 925 3
867 925 3
813 871 0
814 871 0
817 875 3
820 878 3
821 878 3
822 881 3
823 881 3
824 882 3
825 883 3
826 884 3
827 885 3
828 886 3
830 888 3
831 889 3
832 891 3
833 891 3
834 891 3
834 892 3
835 893 3
836 894 3
837 895 3
838 896 3
839 896 3
839 898 3
840 898 3
841 899 3
842 900 3
843 901 3
844 902 3
844 903 3
847 904 3
853 911 3
854 911 1
854 912 1
855 913 1
856 914 3
860 918 3
861 918 3
862 920 3
864 922 3
865 923 3
866 923 3
870 871 0
872 873 3
875 876 3
881 882 3
882 883 3
883 884 3
884 885 3
885 886 3
886 887 3
887 888 3
888 889 3
832 889 3
832 890 3
892 893 3
893 894 3
894 895 3
895 896 3
898 899 3
899 900 3
900 901 3
901 902 3
903 904 3
850 906 3
910 911 3
912 913 3
913 914 1
914 973 3
861 920 3
865 922 3
868 925 3
868 926 3
871 872 1
873 874 3
877 878 3
891 892 3
911 912 3
920 921 3
923 924 3
869 926 3
874 875 3
878 879 3
889 890 3
890 891 3
902 903 3
906 907 3
916 917 1
859 917 1
861 978 3
851 967 3
859 918 1
918 978 3
924 925 3
925 926 3
904 906 3
850 908 3
907 908 3
910 967 3
920 978 3
850 967 3
921 922 0
922 923 3
896 955 3
839 955 3
898 955 3
917 918 2
879 881 3
914 972 3
972 973 3
879 938 3
881 938 3
910 968 3
917 974 2
908 967 3
916 974 3
924 983 3
925 983 3
967 968 3
913 971 1
914 971 3
918 976 3
976 978 0
926 985 3
887 946 3
904 963 3
924 982 3
888 946 3
907 965 3
912 971 1
922 980 3
982 983 3
926 983 3
926 984 3
889 947 3
904 964 3
906 964 3
906 965 3
910 969 3
911 969 3
923 980 3
984 985 3
873 931 3
874 931 3
874 932 3
875 932 3
882 940 3
883 942 3
884 942 3
888 947 3
908 965 3
917 975 3
870 928 0
871 929 1
872 930 3
875 933 3
876 934 3
877 935 3
877 936 3
878 936 3
879 937 3
881 939 3
881 940 3
883 940 3
885 942 3
885 943 3
886 944 3
887 944 3
890 948 3
891 949 3
892 950 3
893 951 3
894 952 3
895 953 3
896 954 3
898 956 3
899 957 3
900 958 3
901 959 3
902 960 3
903 961 3
904 962 3
908 966 3
912 969 3
973 974 0
974 975 3
921 979 2
983 984 3
928 929 0
929 930 1
873 930 3
933 934 3
934 935 3
936 937 3
937 938 3
938 939 3
943 944 3
947 948 3
948 949 3
949 950 3
950 951 3
951 952 3
952 953 3
953 954 3
956 957 3
957 958 3
958 959 3
959 960 3
960 961 3
961 962 3
962 963 3
965 966 3
968 969 3
912 970 1
921 978 3
922 979 3
930 931 3
932 933 3
939 940 3
942 943 3
970 971 3
883 941 3
946 947 3
954 955 3
955 956 3
964 965 3
966 967 3
969 970 1
971 972 3
978 979 3
923 982 3
940 941 3
941 942 3
963 964 3
931 932 3
935 936 3
944 946 3
918 975 3
971 1029 3
980 1039 3
923 1039 3
972 1029 3
978 1035 3
975 976 3
979 980 3
976 1035 3
982 1039 3
944 1003 3
946 1003 3
985 1043 3
978 1036 3
980 1038 3
968 1026 3
1038 1039 3
984 1043 3
962 1021 3
963 1021 3
969 1026 3
963 1022 3
964 1022 3
965 1024 3
966 1024 3
972 1030 3
974 1032 3
1034 1035 3
1035 1036 3
979 1036 3
979 1037 3
980 1037 3
955 1013 3
965 1023 3
970 1028 3
971 1028 3
1029 1030 3
973 1032 0
976 1034 3
984 1041 3
936 995 3
937 995 3
942 1000 3
943 1001 3
950 1008 3
954 1013 3
956 1014 3
957 1015 3
1023 1024 3
975 1032 3
982 1040 3
930 988 3
931 988 3
931 989 3
934 992 3
936 994 3
941 1000 3
944 1001 3
944 1002 3
946 1004 3
947 1004 3
948 1006 3
949 1007 3
951 1008 3
951 1009 3
952 1009 3
955 1014 3
956 1015 3
958 1015 3
959 1017 3
961 1020 3
962 1020 3
967 1025 3
1036 1037 3
1039 1040 3
983 1040 3
983 1041 3
928 986 3
929 987 0
929 988 0
988 989 3
932 989 3
932 990 3
933 991 3
933 992 3
935 992 3
935 993 3
994 995 3
938 996 3
939 997 3
940 998 3
941 998 3
1002 1003 3
947 1006 3
1006 1007 3
1007 1008 3
952 1010 3
953 1011 3
954 1012 3
958 1017 3
960 1018 3
965 1022 3
966 1025 3
967 1026 3
969 1027 1
975 1033 3
975 1034 3
984 1042 3
986 987 3
987 988 3
989 990 3
990 991 3
935 994 3
995 996 3
996 997 3
997 998 3
943 1000 3
1008 1009 3
1010 1011 3
1011 1012 3
1013 1014 3
1014 1015 3
1017 1018 3
961 1018 3
1025 1026 3
1026 1027 3
1027 1028 3
973 1030 3
1032 1033 3
1037 1038 3
1042 1043 3
991 992 3
992 993 3
993 994 3
1001 1002 3
1003 1004 3
1009 1010 3
1012 1013 3
1022 1023 3
1041 1042 3
1020 1021 3
1024 1025 3
1040 1041 3
1000 1001 3
1015 1017 3
1018 1020 3
1028 1029 3
1004 1006 3
1021 1022 3
1033 1034 3
