0.484969 -0.016192 6.68252
0.00746048 -0.00591801 16.6958
0.0133814 0.00180576 16.4013
0.00936775 0.00838627 16.5542
0.00745241 0.0146697 16.7701
0.0105031 0.0158693 16.3982
0.00919453 -0.00248804 16.8677
-0.0090113 0.00599347 19.5713
-0.0104908 0.00232177 19.7942
-0.0160865 0.00938646 20.8123
-0.008683 0.0103293 19.1743
-0.0139576 -0.000102494 20.6568
-0.0364115 0.00991964 26.341
-0.0423406 0.0186999 27.8901
-0.0349097 0.0144619 25.6585
-0.011551 0.00163819 9.92358
-0.0281329 0.0141832 15.565
-0.0163766 0.0188439 11.1551
0.00032897 -0.00249067 4.83944
0.00034309 0.0150952 4.31692
0.0292279 -0.00320262 -7.85435
0.0521392 -0.0161534 -17.2386
0.0349607 -0.0137964 -9.25577
-0.00483313 -0.000494677 10.1945
-0.024065 0.038305 18.6261
-0.000530487 0.030475 6.29094
0.0104267 0.0309633 0.337766
0.00789225 0.0468349 1.38747
0.0106613 0.0201965 0.457085
0.00740239 0.00360248 2.76661
-0.011556 0.00132033 14.8578
0.0246417 0.00290672 -8.92163
0.0261421 0.00374189 -9.72738
0.0272205 0.005277 -10.6597
0.0598267 0.0361453 -34.8852
0.0258761 0.0146454 -8.83066
0.00462485 0.0316085 7.46226
0.00342642 0.00811226 8.87285
-0.00794076 0.0108454 18.036
0.0626859 0.0242171 -41.7243
0.0564008 -0.00319329 -35.6067
0.0484807 -0.0298307 -27.6015
0.0427079 -0.0159233 -23.0924
0.0314076 -0.00968493 -12.6213
0.0131457 -0.0383551 5.0414
0.00319083 -0.0938585 14.7165
0.0481098 0.00553726 -30.1662
0.0218607 -0.000755088 -3.63494
0.0368207 -0.00232893 -19.0658
0.0316332 0.002358 -13.9289
0.0490259 0.00185194 -32.2918
0.0632215 0.00456593 -48.3532
0.0697319 -0.0133952 -54.2816
0.000209291 0.0266828 24.2632
0.009278 0.0339541 13.3059
0.00714926 0.0215826 16.2859
0.204032 0.0119073 -221.8
0.0825471 -0.000205234 -72.0525
0.498748 -0.00841223 6.38138
0.0208293 0.00986084 15.7033
0.0236965 0.0140155 15.6041
0.0122358 0.0169434 16.1676
0.00510189 0.0078174 17.1505
0.00446274 0.00160728 17.3761
0.0115539 -0.00502227 16.6195
-0.0103985 0.00348107 19.6636
-0.0104449 0.00726351 19.5853
-0.0164881 0.0110174 20.7432
-0.0115897 0.016872 19.5297
-0.01209 0.0153586 19.7524
-0.0220721 0.0197679 22.2953
-0.0444956 0.025035 28.4414
-0.0573746 0.0224654 32.4769
-0.0509886 0.0442436 29.8223
-0.0235377 0.0129539 14.1071
-0.0229118 0.0142316 13.8875
-0.0129934 0.00748812 10.0304
-0.00234754 0.00350193 5.83147
0.00803509 -5.3142e-06 1.38972
0.0495788 -0.0107335 -16.5424
0.0434902 -0.0133533 -13.1
-0.00380197 -0.0234421 10.8927
-0.0213849 0.0207484 18.0225
-0.0153117 -0.00591911 15.8396
0.00308853 0.0166907 5.0631
0.0125736 0.0216712 -0.869871
0.015057 -0.000592928 -1.71114
0.00195197 -0.00830144 7.10041
-0.0174283 -0.0167613 19.01
0.0366115 -0.0111757 -16.859
0.039339 0.00412553 -19.0964
0.0519451 0.0220375 -28.7394
0.0405669 0.0104742 -19.5294
0.0161345 0.00505243 -0.91265
0.00549555 -0.000606369 7.45049
0.00269269 0.00140906 9.56414
-3.06286e-06 0.00670584 11.3067
0.0599489 0.0105012 -39.6887
0.0579987 0.00415241 -36.5733
0.0351035 -0.00797623 -16.5166
0.0404421 -0.0234994 -20.6502
0.0299945 -0.0160903 -11.2267
0.0383863 0.0265756 -21.2056
0.0284445 0.0236789 -11.9671
0.0520754 0.00847319 -34.1618
0.0164729 0.00784475 1.60503
0.0443237 0.00789953 -27.2793
0.0450176 0.0103737 -28.6243
0.0591299 0.00447127 -43.6733
0.0830587 0.00365114 -70.51
0.0761118 -0.00886644 -61.3821
0.0248134 0.00930278 -3.23908
0.0208364 0.0344457 -0.39804
0.0630619 0.0285522 -50.0703
0.113927 0.00229767 -110.552
0.0877021 0.00218938 -78.4281
0.0215535 -0.017033 17.3394
0.0241045 0.0115349 15.9571
0.0175751 0.0109255 16.1597
0.00673311 0.000921543 17.3968
0.00211279 0.00347058 17.6617
-0.000239535 0.00708071 17.6896
-0.00252264 0.0124344 17.6687
0.00631085 0.0146394 16.2874
0.000583577 0.0222882 16.9306
-6.01953e-05 0.0222317 17.1725
-0.015777 0.0287334 20.3333
-0.0168944 0.0197444 21.0251
-0.0244656 0.0259622 22.6934
-0.0307474 0.0226478 24.4624
-0.0416309 0.035367 27.187
-0.0643771 0.0318187 34.74
-0.0310003 0.0110353 16.825
-0.0320247 -0.00173048 17.9131
-0.0114395 0.00338227 9.54546
-0.002493 0.00329646 5.92962
0.00734276 -0.00426958 2.02189
0.0611232 -0.00545142 -22.0232
0.0215943 -0.0404282 -1.12092
-0.0225463 -0.0654127 22.2195
-0.0113689 -0.0546272 15.6368
0.0100908 -0.0685695 4.54593
0.0260424 -0.0344295 -5.97643
0.0109542 -0.0625334 4.34501
-0.000894522 -0.0546238 10.9204
-0.000195228 -0.0594623 10.6879
-0.00398332 -0.0420526 11.5197
0.0449829 -0.0282299 -21.35
0.0523063 -0.0179646 -26.7643
0.0507273 0.00114251 -26.7811
0.0278914 -0.0101877 -9.04476
0.0151682 -0.00672628 0.156732
0.000700653 -0.020605 12.0476
-0.00799058 -0.0117827 18.7744
0.0112675 -0.00744921 2.77151
0.0557905 -0.00122354 -35.1807
0.0439413 -0.0056418 -24.1494
0.0350362 0.0107208 -17.5748
0.0384481 0.00275055 -20.3796
0.0553689 -0.00204325 -35.9306
0.0654613 -0.00013233 -45.4291
0.0312112 0.0157077 -13.2896
0.0392347 0.00587132 -20.9828
0.0185932 0.00677658 -0.487358
0.0495685 0.00979569 -33.048
0.0615133 0.0288578 -46.9109
0.0658726 0.0330883 -52.2424
0.0866659 0.0372124 -75.6026
0.0449948 0.00501919 -26.4791
0.0429405 -0.00839453 -23.5817
0.0240992 0.0283254 -3.43472
0.0406606 -0.0054285 -21.66
0.0888657 -0.00400636 -79.699
0.0798483 -0.00171273 -68.6155
0.0443196 -0.0392426 18.6309
0.0381872 -0.0288867 18.1276
0.0220307 -0.0061658 17.0353
0.0106828 -0.0148956 18.2033
0.0103657 -0.00533441 17.482
0.0100703 0.0119816 16.2951
0.00678343 0.00912119 16.8047
0.0047895 0.0045034 17.4017
0.00413721 0.0106722 16.9976
0.00307125 0.00412299 17.7453
-0.0143338 0.00230195 21.7476
-0.0190277 0.000739077 22.7858
-0.0210514 -0.00510747 23.7512
-0.020573 0.0106917 22.4331
-0.0344098 0.0270216 25.5422
-0.0653629 0.0172215 36.1768
-0.0895267 0.0453254 41.6933
-0.0345099 0.00591255 18.4587
-0.0122511 0.00287179 9.95355
-0.00540952 -0.000596644 7.47929
0.00491304 -0.00965801 3.44852
0.0591464 -0.031128 -18.8892
-0.000711308 -0.072041 11.7399
-0.0227766 -0.0500075 20.8354
-0.0216029 -0.051713 20.068
0.000838951 -0.0415928 7.45293
0.0186732 -0.0512835 -1.67531
0.0202421 -0.0587704 -1.89154
-0.00158918 -0.0510522 10.3319
-0.00738967 -0.0554884 14.243
0.00870984 -0.0626424 4.46275
0.0571159 -0.0542143 -28.3975
0.100656 -0.0203664 -60.4147
0.0572698 -0.0112429 -30.3488
0.0245927 -0.00698388 -6.48345
-0.0116937 -0.0272249 22.291
-0.00678415 -0.0388138 19.2052
0.0138827 -0.0295889 1.84352
0.00623436 -0.0291853 8.11306
0.0828032 -0.0136306 -57.7985
0.0676347 -0.0116252 -44.8137
0.0403874 0.0049602 -21.8894
0.0395215 0.0141076 -22.1465
0.0481262 0.0190232 -30.5221
0.042232 -0.00328887 -23.0308
0.0231889 0.00371954 -5.22859
0.0341596 0.00754864 -16.2162
0.0254487 0.016719 -8.12032
0.0377807 0.00552125 -20.3637
0.080298 0.0149224 -66.4889
0.0768275 0.025368 -63.7777
0.0502513 0.0205105 -33.2158
0.0311707 -0.00261474 -10.0702
0.0222125 -0.0022912 -0.027561
0.0258355 -0.00649411 -3.74613
0.0208825 -0.0148052 2.17218
0.09032 -0.0300526 -80.3963
0.102322 -0.0222472 -95.2722
0.0462547 -0.0482768 19.2875
0.0476939 -0.0467933 19.253
0.0313934 -0.0379622 19.1573
0.0156333 -0.0369254 19.9976
0.0339708 -0.0229022 16.6871
0.0170869 0.00254185 16.1384
-0.00151121 0.00458012 18.0993
-0.00435501 0.00167632 18.784
0.00414831 -0.00167709 17.9288
-0.0019184 -0.00112615 19.0236
-0.00817572 -0.00976345 21.2074
-0.0189048 0.000250091 22.6055
-0.0169743 -0.00316057 22.5145
-0.0263589 -0.0136449 26.3616
-0.0343466 0.00332783 27.4588
-0.063835 0.00810138 36.1694
-0.0535301 0.0458188 28.6218
-0.0291064 0.0302167 21.2997
-0.017789 -0.0102303 13.3654
-0.00904115 -0.00887819 9.71202
0.00788055 -0.0161358 3.04721
-0.00586502 -0.0107948 8.59932
0.00452107 -0.0350789 5.76576
-0.00799741 -0.0164121 10.2839
-0.0191193 -0.0352311 17.3578
0.00687619 -0.0196764 2.37667
0.0204687 -0.0217274 -5.20672
0.0167005 -0.0332974 -1.9076
0.000631787 -0.0233799 6.74437
-0.00993977 -0.0255164 13.1708
0.0122855 -0.01394 -2.49418
0.0686891 -0.0435854 -37.6181
0.117746 -0.0279538 -71.9783
0.0377656 -0.0255725 -14.285
0.020209 -0.0142649 -2.47279
-0.0119022 -0.0233487 22.1113
-0.017736 -0.0177764 25.4631
0.00934318 -0.0121161 3.97848
0.0140819 -0.0152607 0.0785437
0.077084 -0.0032656 -53.7681
0.0677387 0.0144597 -46.8707
0.053693 0.0215261 -35.1961
0.0351256 0.0285657 -19.135
0.0379886 0.0194044 -21.2129
0.0417847 0.00256125 -22.5423
0.0375616 0.0117967 -19.8099
0.0269077 0.00238406 -8.34044
0.0239233 -0.00261545 -4.99956
0.0626094 -0.0147711 -44.339
0.0660397 -0.0110775 -48.2551
0.0679545 0.00582153 -51.9339
0.055348 -0.012125 -36.5982
0.0235244 0.000900032 -2.00256
0.0104369 0.00152016 12.8593
0.02571 0.0147997 -6.06124
0.0515879 0.0240972 -37.6885
0.0753232 0.0170335 -65.3863
0.0844014 0.0153415 -76.5125
0.0884322 -0.0760536 21.5997
0.0685212 -0.0655865 20.8412
0.0251949 -0.0501322 21.0039
0.0188788 -0.0475766 20.4463
0.0575542 -0.0403005 15.6629
0.0426477 0.0426095 8.20121
0.0201328 0.0433916 10.2841
-0.000328244 0.0320796 14.5517
0.00110576 0.00814747 17.334
-5.99007e-05 0.0682998 9.84508
-0.0177037 0.0355517 17.7689
-0.0389253 0.0531967 21.0219
-0.0309724 -0.0194006 27.9707
-0.0269832 -0.0329613 28.7088
-0.0398908 -0.0204385 31.3751
-0.0392785 -0.00767885 29.5146
-0.0285333 0.00944802 23.7351
-0.0138271 0.032856 15.5722
-0.0227223 -0.0245241 16.9445
0.00280284 -0.017967 5.71769
0.00909276 0.00462256 0.333688
0.00662541 0.0158143 -0.131088
-0.0240221 0.00827833 15.0931
-0.00623064 -0.0167402 9.25864
-0.00948681 -0.0102014 10.3762
-0.00440051 -0.0100048 7.68886
0.00565474 -0.011912 2.2496
0.0108485 -0.0146587 -0.395855
-0.00897199 -0.0151986 11.531
-0.00149767 -0.00834808 5.99023
0.00834798 -0.00218094 -1.19029
0.0673557 -0.0271414 -38.2983
0.10419 -0.0383111 -61.2564
0 0 -1
0.0215712 -0.0295311 -1.9736
0.00276379 -0.0196691 10.6519
-0.00350298 -0.0113069 14.4538
0.0134282 -0.0104548 0.445378
0.0145536 -0.0122064 -0.767638
0.0682424 0.0116351 -47.6684
0.081933 -0.00424164 -57.0856
0.0565707 0.0170591 -37.2168
0.0301669 0.00944886 -12.6815
0.0316381 0.00912688 -14.1012
0.0403032 -0.00416489 -20.8675
0.0438105 0.000418574 -24.7785
0.025151 0.00330784 -6.65974
0.00907095 -0.0108613 11.0959
0.0233258 -0.0192236 -2.57677
0.0598252 -0.0679308 -35.2202
0.0771465 -0.0559908 -55.2253
0.0756463 -0.0594263 -53.749
0.0567088 -0.0180201 -37.209
0.028456 -0.000648085 -7.60311
0.0386847 -0.0156857 -16.9835
0.0482563 -0.00324709 -30.4018
0.0862329 0.00973349 -77.7689
0.0931307 0.0190249 -87.3302
0.0613627 -0.0848092 22.1113
0.0922481 -0.084566 22.2435
0.0338696 -0.0426655 19.3355
0.0464448 -0.0297755 16.0166
0.0539139 0.12552 -3.93865
0.0203802 0.107534 2.36778
0.0149 0.080692 7.02926
-0.00393307 0.0881911 8.13223
-0.00291004 0.0894231 8.08364
-0.00373454 0.0938411 7.43957
-0.0217932 0.0944293 11.9945
-0.0503227 0.0856266 19.877
-0.0439461 0.0773476 19.6614
-0.0556737 0.0924767 20.2672
-0.0406588 0.015712 25.6861
-0.032169 0.0218686 23.0373
-0.0238505 0.0241288 20.0664
-0.0121367 0.00388466 18.7957
-0.0275158 -0.0252045 18.936
0.0113734 -0.0353109 3.62592
0.0219102 0.0322665 -9.66319
0.0138287 0.0321715 -4.4979
-0.0537399 0.0393497 25.0622
-0.0170638 -0.00195267 12.8621
-0.0135951 -0.00361764 11.4505
-0.00789484 -0.00604281 8.97724
0.0169565 -0.0118832 -4.3652
-0.00988439 -0.0265041 13.5259
4.32895e-05 0.0108488 2.27641
0.00638662 0.0130162 -1.89256
0.00137621 0.00264408 2.63503
0.0153892 -0.00489175 -5.73844
0.096092 -0.0547831 -54.2441
0.08741 -0.0473534 -49.0537
0.0192627 -0.0481049 2.20596
-0.0107522 -0.0293015 21.5898
0.0116877 -0.0377898 5.80914
0.0224021 -0.00813848 -6.79279
0.05384 0.014444 -36.3739
0.099591 -0.0124861 -71.4712
0.0754617 -0.00947633 -50.6951
0.0440137 -0.0281881 -20.1125
0.0326542 -0.0270652 -10.408
0.0460684 -0.0142809 -24.6087
0.0524986 0.000865072 -33.1725
0.0435562 -0.0125 -22.5723
0.0313673 -0.0134343 -10.3003
-0.00184965 0.0147386 18.6875
-0.00671338 -0.00549827 26.406
0.0269906 -0.0472258 -3.91339
0.0866114 -0.0442127 -68.1044
0.0657543 -0.0372279 -45.5437
0.0886093 -0.0144283 -73.6805
0.0476506 -0.0212067 -26.4274
0.0345498 -0.100835 -1.12117
0.0862786 -0.038288 -71.5796
0.117654 -0.0208759 -111.88
0.11523 -0.00668239 -111.225
0.0794429 -0.033752 14.6749
0.0269764 -0.100779 26.356
0.0610367 -0.062405 20.238
0.016295 0.0137392 18.2721
-0.00159094 0.0552934 12.9433
0.00609985 0.0563659 12.1529
0.00228782 0.0260611 17.4785
-0.00436021 0.0650423 11.9957
-0.0126756 0.0584206 14.8102
0.0108065 0.0524002 11.1854
-0.003769 0.052572 14.3331
-0.0256168 0.0628479 17.4438
-0.0399205 0.0388574 24.8016
-0.0464428 0.0540807 23.778
-0.0455149 0.0511496 23.5317
-0.0488351 0.0307349 27.8719
-0.0467396 0.0225359 28.4765
-0.0618489 0.00023852 37.7393
-0.0695797 0.00402625 40.0651
-0.0284127 0.2292 -18.3097
-0.00111329 0.12159 -12.1625
-0.031437 0.0864158 8.1593
-0.0770317 0.0623545 32.8524
-0.0639393 0.0272593 32.1347
0.0196824 0.00456952 -7.54012
-0.0102236 0.0260494 5.12316
-0.00399326 0.0173364 3.29464
0.0126445 0.0130446 -5.59376
0.00432284 0.0247455 -1.11
-0.0261507 0.040277 14.5922
-0.00596486 0.0623043 -2.13754
0.00385485 0.0251613 -2.61011
0.0597892 0.0106909 -39.0272
0.0589467 -0.0171743 -32.6719
0.023835 -0.0361937 -3.27758
-0.00639271 -0.0302213 18.3777
0.0128735 -0.0054764 -0.412447
0.0264049 -0.028469 -7.56973
0.0663162 -0.0244561 -41.3018
0.135424 -0.00595274 -103.647
0.0874711 -0.00679826 -61.6781
0.0512972 -0.00376719 -30.3156
0.0250159 -0.0450735 -0.613188
-0.0551092 0.00161381 59.005
0.0536653 0.000478345 -34.286
0.0418854 -0.00813578 -22.0774
0.0413878 -0.000857169 -22.9451
0.0254643 0.0127072 -9.11594
0.0225759 0.0274743 -8.26909
0.0690344 -0.289013 -12.6328
0.0878372 0.00196246 -75.6005
0.0821069 -0.00619266 -68.3516
0.0697352 -0.00284279 -53.9771
0.0683698 0.00507098 -53.9841
0.121021 -0.167919 -93.5104
0.138184 -0.0888776 -126.6
0.150705 -0.0493601 -147.961
0.147168 -0.0241322 -147.911
0.0711347 0.0185731 5.79721
0.0572331 -0.012305 11.3081
0.556181 -0.0090497 -11.816
0.00504542 -0.0151941 24.3699
0.0053601 0.0105289 19.6388
0.00634757 0.012072 19.2929
-0.00223124 0.00447786 21.7613
-0.00365489 0.0128199 20.4289
0.00183915 0.0230495 17.6861
0.00387972 0.0114202 19.3898
-0.0123473 0.0189431 21.6737
-0.038303 0.0131866 28.8286
-0.0579501 0.012337 33.9057
-0.0564875 0.0145267 33.1093
-0.0559438 0.0117955 33.4567
-0.0635085 0.00340064 37.4372
-0.0505866 0.00764403 32.2351
-0.063554 0.00832714 36.8994
-0.0851254 0.0262329 42.1292
0.00630059 0.0538262 5.07929
0.00180319 0.152535 -18.6188
-0.0837835 0.0419354 47.8272
-0.0691977 0.0342329 42.2082
0.0147075 0.206244 -39.9623
0 0 -1
0 0 -1
-0.00890889 0.0717498 -3.20134
0.0589567 0.0190527 -34.0431
0.00622297 0.0580676 -8.39054
-0.0077644 0.0851037 -4.9986
-0.00514218 0.168496 -21.7487
-0.0142423 0.155969 -12.7706
0.0395748 0.0677692 -33.487
0.331066 0.202915 -262.426
0.189827 0.0473649 -128.061
0.105886 0.0420218 -63.8317
0.0719172 0.108121 -50.744
0.0324246 -0.00960399 -15.2765
0.0609361 -0.00876293 -40.4936
0 0 -1
0.0892552 0.0340653 -70.0936
0.0182624 -0.011634 0.213974
0.0243936 -0.0529034 1.19469
0.0530625 -0.00314763 -33.3121
0.0515566 -0.0117541 -30.206
0.0400642 0.00610839 -22.559
0.047549 0.0041425 -29.7906
0.0297943 0.0288735 -16.4103
0.0369464 0.00234556 -19.0593
0.30771 -0.0460203 -296.713
0.0746539 0.0219998 -64.2539
0.0682396 0.0220793 -57.4321
0.0746616 0.0120264 -62.2792
0.0726265 0.0145899 -60.8169
0.157013 -0.125688 -144.118
0.204739 -0.066826 -210.763
0.214642 -0.0186319 -231.388
0.174078 0.00655674 -186.554
0.0555859 0.0685696 -3.60193
0.075242 0.0765633 -6.02082
0.416132 -0.0247611 -0.989078
0.0764591 -0.0621008 28.1803
0.0270384 -0.0198589 23.3057
0.00928869 -0.00777296 22.6594
-0.00185313 -0.0121179 24.8764
0.00203751 -0.0144338 24.7491
0.00538015 0.00134678 21.0033
0.00998466 0.000524155 20.3403
-0.00985551 0.00733958 23.1061
-0.0375723 0.00692375 29.7267
-0.0529733 0.0107091 32.8119
-0.0622735 0.0169763 34.0588
-0.0602713 0.0193525 33.091
-0.0536447 0.0169733 31.2238
-0.0449074 0.00429861 30.8024
-0.0464684 0.0543841 21.4037
0.217039 0.154904 -102.001
0.0165399 0.0350285 4.75251
-0.0175631 0.0260193 21.5063
-0.0798217 0.0321371 47.9363
-0.07395 0.0498461 41.1469
-0.158626 0.129921 66.7392
-0.0102993 0.196945 -24.8728
-0.00536624 0.286717 -45.8171
0.00169749 0.323942 -57.0893
0.0102423 0.304185 -58.122
0.0038212 0.316667 -56.9404
0.00993647 0.304803 -58.3453
0.0133067 0.266412 -52.7978
0.012444 0.251997 -49.4267
0.0687133 0.27921 -93.6463
0.236371 0.0915013 -171.233
0.160159 0.0549899 -107.444
0.121167 0.0827241 -83.8342
0.210597 0.145421 -166.791
0.190976 0.0712132 -134.648
0.149466 0.062664 -98.2038
0.0857588 0.0497715 -41.7225
0.011792 0.0513004 21.9418
0.0644421 0.0244768 -24.5628
0.0121466 0.066134 16.7856
0.0385814 0.00927781 4.24967
0.0324598 0.0101763 -16.3282
0.03952 0.00853752 -22.6278
0.0635524 -0.000922601 -44.8322
0.0623091 0.0416232 -51.96
0.0164215 0.0249012 -1.89545
0.289067 -0.0108951 -283.771
0.0673944 0.016009 -55.295
0.0813854 0.023395 -72.0783
0.0512226 0.00738145 -34.5613
0.0356757 0.00489237 -16.6318
-0.673032 -0.0750781 826.219
0.277241 -0.00435515 -310.032
0.246589 0.0174996 -277.133
0.1729 0.0154825 -186.893
0.0829614 0.10611 -11.7648
0.0776756 0.151782 -20.9553
0.0843839 0.12109 -14.4377
0.0835375 0.00545689 12.8208
0.0408243 -0.00749371 18.9946
0.0121265 -0.0177746 24.3768
-0.009397 -0.0272829 29.1462
0.00832139 -0.0334116 27.7461
0.0190223 -0.0100714 20.8236
0.0237549 -0.00745368 19.4137
-0.0159186 0.00157949 25.6094
-0.0199524 0.122719 -1.30233
-0.0408862 0.060218 18.369
-0.0411615 0.0927233 11.1528
-0.0224521 0.136979 -4.88124
-0.0150341 0.240398 -31.2992
0.000556628 0.240206 -36.5865
0.0589465 0.183697 -45.8364
0.051402 0.130688 -30.9306
0.0186284 0.0476178 1.30117
-0.00806209 0.0258155 17.3093
-0.0672142 0.0631227 35.4421
-0.0273147 0.249885 -25.588
-0.0730498 0.224181 3.02104
-0.0027567 0.299139 -49.4817
0.00773808 0.303572 -56.0419
0.00382988 0.316333 -56.6584
-0.00616953 0.305047 -48.486
0.00426127 0.311848 -55.9225
0.00488139 0.313768 -57.0222
0.0110298 0.301168 -58.1808
0.0200145 0.29408 -62.8803
0.0623299 0.276594 -88.2056
0.147895 0.123346 -113.8
0.172291 0.0593118 -117.274
0.160889 0.0743269 -112.501
0.195781 0.0701258 -137.831
0.173454 0.0689504 -119.583
0.167574 0.0571447 -112.159
0.0930633 0.0512634 -47.9457
0 0 -1
0 0 -1
0 0 -1
0 0 -1
0 0 -1
0.0235489 0.0486255 10.4776
0.139465 0.0275063 -75.3696
0.197778 0.217965 -176.471
0.188396 0.0559479 -129.087
0.164821 0.0134193 -94.9886
0.409062 -0.0344209 -347.631
0.0928169 -0.0562526 4.57825
0.16846 -0.00853196 -91.6494
0.238853 0.0543107 -186.43
0.277432 0.0666091 -233.791
-0.0331563 0.0377022 141.464
-0.0232982 0.0453062 127.607
0.0284251 0.034579 67.2886
-0.0461304 0.0475808 55.7548
0.76375 0.421875 -111.308
0.0494243 0.122223 -11.7646
0.051345 0.117533 -11.0518
0.0371216 0.254665 -44.0761
0.0312841 0.268968 -46.9751
0.0205085 0.263965 -44.7184
0.0148439 0.253095 -41.437
0.00750165 0.262687 -42.2655
0.0109802 0.246212 -38.9104
-0.00715877 0.237087 -32.7886
-0.0022142 0.213156 -28.0654
-0.0166661 0.177998 -15.6569
-0.0165096 0.211761 -24.0878
-0.00941764 0.239044 -32.987
-0.00592426 0.249479 -36.6322
-0.00218744 0.257997 -40.092
0.0047797 0.273912 -46.4243
0.00164681 0.282866 -47.2885
0.000611914 0.283472 -47.1337
-0.00330477 0.29798 -49.1559
0.0114028 0.320964 -61.697
0.016695 0.313385 -62.2949
0.00240721 0.29692 -51.0376
0.00432443 0.307104 -54.3576
0.00839547 0.326403 -61.5941
0.000147067 0.320058 -55.619
0.000869759 0.320717 -56.1347
-0.000223699 0.314408 -53.9163
0.001993 0.307929 -53.5295
-0.0024329 0.32201 -54.193
0.00624866 0.302218 -55.4409
0.0132496 0.30089 -60.0206
0.0528748 0.231615 -71.0323
0.104174 0.0558843 -65.9063
0.163506 0.0480703 -108.571
0.188231 0.046771 -126.771
0.171453 0.0616602 -116.48
0.134257 0.0429411 -80.8832
0.0741314 0.031493 -27.3073
0.042849 0.0358633 -1.50001
0.0182889 0.0253351 22.3206
-0.00606798 0.0492743 38.3246
0.0521029 0.0424269 6.83296
0 0 -1
0.0708966 0.0251888 -7.2923
0.111201 0.0201736 -46.249
0.124436 0.00502659 -50.4127
0.117902 0.00571021 -43.8872
0.0322351 0.0994814 22.1099
0.340129 0.178 -329.725
0.637076 0.0136184 -623.531
0.22139 0.0306155 -160.899
0.262979 0.046322 -212.055
0.258913 0.0522181 -208.504
-0.0339182 0.0400636 141.744
0.0106814 0.0596618 82.9429
0.0307345 0.0525878 60.2353
-0.0545141 0.0450232 56.931
-0.0562447 0.0454047 56.9085
-0.0592139 0.0540467 54.7414
-0.0858998 0.0151873 67.8962
-0.122763 0.0143892 71.3654
-0.12187 0.0356907 64.945
-0.142711 0.0334874 68.1648
-0.0961858 0.0353846 60.8213
-0.00256942 0.255378 -38.4535
-0.00202644 0.253993 -38.2884
-0.00430181 0.257058 -38.6421
-0.00782576 0.275968 -43.1079
-0.00464512 0.25046 -37.1315
-0.00129767 0.278824 -45.617
0.00801664 0.30294 -54.9133
0.00440492 0.300118 -53.2213
0.012357 0.304498 -56.8955
0.00735905 0.31339 -57.6058
0.00880092 0.304439 -55.6616
0.000364579 0.301756 -51.3285
0.014064 0.317829 -62.0413
0.0152306 0.318746 -63.0276
0.017168 0.31498 -62.69
0.010134 0.310646 -58.2172
0.00705131 0.316545 -58.0758
-0.00193601 0.322499 -54.7377
-0.00674285 0.320445 -51.7936
0.00874023 0.300543 -55.5727
0.00616012 0.318097 -58.7103
-0.000223098 0.319348 -55.1369
0.002233 0.315827 -55.677
0.0183721 0.3203 -67.9546
-0.0132547 0.311584 -43.7454
0.00945823 0.307659 -59.1486
0.0382549 0.282743 -73.9321
0.0850429 0.140043 -71.1565
0.105015 0.131843 -84.4157
0.171349 0.0560802 -115.61
0.162792 0.0356115 -103.047
0.0993136 0.00614718 -41.9964
0.083738 0.0433051 -38.8014
0.523962 0.184917 -465.67
0.287605 0.378517 -306.836
0.0152043 0.0154514 49.2287
0.0756122 0.047263 -17.098
0.104974 0.0587687 -49.7568
0.177934 0.0623668 -123.958
0.204732 0.0201598 -138.249
0.156682 0.0330698 -91.4559
0.147506 0.0707086 -92.4953
0.231178 0.151466 -204.038
0.222228 0.0850901 -175.939
0.228724 0.050314 -174.222
0.263034 0.0324378 -208.501
0.185522 0.0141008 -111.919
0.0441265 0.0229313 52.8601
0.0206775 0.0476771 73.9833
0.019146 0.0487831 75.4433
-0.0551716 0.0459556 56.6877
-0.0557795 0.0449038 57.0349
-0.0584413 0.0419039 58.0422
-0.0552846 0.0269448 62.2889
-0.10261 0.0236976 67.1373
-0.125973 0.0207193 70.0334
-0.139438 0.0244828 70.4986
-0.109296 0.0176758 67.9579
0.00318857 0.267425 -43.1633
-0.000791062 0.261303 -40.7484
0.0096562 0.293907 -52.5093
0.00807076 0.307616 -56.1728
0.00577248 0.307267 -55.5544
0.0123358 0.311309 -58.3714
0.00155376 0.314978 -56.1789
0.00365397 0.314552 -56.8129
0.00895719 0.310053 -57.1293
0.0124125 0.313567 -59.5086
0.00612638 0.311477 -56.2516
0.0039975 0.314524 -56.3349
0.00602017 0.331651 -62.2464
0.0156474 0.321983 -63.9929
0.00204589 0.306126 -52.7284
0.009245 0.315322 -58.8476
0.00323216 0.315286 -55.5543
-0.00705199 0.317942 -50.8657
0.00209326 0.323599 -57.8946
0.00479683 0.326396 -60.2063
0.00274662 0.330383 -60.0595
0.00152743 0.327562 -58.3764
-0.00333046 0.319872 -52.9895
-0.00363657 0.319769 -52.8062
-0.00523143 0.314018 -50.0911
0.00396778 0.320076 -58.53
0.00346414 0.308074 -54.7216
-0.00299374 0.31619 -52.208
0.0584609 0.231368 -75.0683
0.126039 0.0890919 -88.2573
0.119931 0.0197397 -63.2153
0.0858605 0.0027891 -30.2268
0.110648 -0.00216439 -49.9662
0.263431 0.0373568 -189.634
0.206364 -0.0033822 -125.268
0.141462 0.0228949 -72.567
0.151009 0.0652733 -94.0688
0.127839 0.277914 -133.271
0.114999 0.254739 -114.419
0.167541 0.0791951 -116.809
0.185886 0.0377505 -123.55
0.450989 0.0163484 -397.521
0.100137 -0.0660023 4.66604
0.119116 0.00853705 -39.0316
0.199078 0.0502304 -140.535
0.253218 -0.00154121 -187.555
0.243237 0.0160021 -180.846
0.0639657 0.0395912 24.35
0.0358945 0.0868607 44.2056
0.0048924 0.0815798 83.5907
-0.0573024 0.046258 56.6514
-0.0586117 0.0431612 57.6925
-0.0654755 0.0394781 59.189
-0.0691619 0.0363449 60.3374
-0.124306 0.0144946 72.2345
-0.139963 0.00866674 75.7062
-0.149696 -0.00596788 81.381
-0.12339 -0.00630378 77.5417
0.0094635 0.30621 -56.1143
0.00890895 0.309804 -57.0672
0.0119337 0.319005 -60.5528
0.00793696 0.311126 -57.0638
0.00939928 0.321174 -60.6141
0.0112883 0.304773 -56.0634
0.00989435 0.312104 -57.9978
0.00696697 0.31784 -58.821
0.00778687 0.312931 -57.5204
0.0229262 0.313879 -63.6098
0.00914038 0.306448 -55.9267
0.00808691 0.316656 -58.6127
0.00669421 0.319184 -58.7431
0.0120356 0.318836 -61.2548
0.014738 0.323114 -63.906
-0.00170633 0.324174 -56.0003
0.00720333 0.31925 -59.1062
0.0142368 0.317602 -62.5695
0.00173279 0.330735 -59.5823
0.0108266 0.321903 -62.0984
0.00129413 0.333121 -59.9468
0.00111552 0.327919 -58.4015
-0.0015033 0.326804 -56.3237
-0.010422 0.317017 -47.2723
-0.00483043 0.324223 -53.5152
0.000254283 0.31251 -53.4366
-0.00924212 0.306105 -44.5617
0.00188667 0.320425 -57.2796
0.00549565 0.310635 -57.2075
0.00134304 0.309498 -53.4159
0.00638276 0.302093 -55.1911
0.0156091 0.261019 -49.8726
0.0333176 0.125079 -22.0813
0.224704 0.0176194 -148.895
0.216006 -0.00273984 -134.596
0.172271 -0.00165993 -94.4962
0.185057 0.0219521 -114.181
0.0358229 0.622927 -162.49
0.0730538 0.679735 -217.753
0.116824 0.64704 -251.351
0.194204 -0.044628 -108.062
0.130662 -0.0653239 -28.978
0.0962004 -0.102778 20.2609
0.00767005 -0.081885 111.247
-0.0493397 -0.0498849 164.629
-0.0371849 -0.0384199 146.766
0.179644 0.0554819 -117.549
0.0990273 0.0376454 -16.9067
0.0797319 0.055519 0.747512
0.0773109 0.0934457 -8.22247
-0.0625708 0.0441495 57.4267
-0.0639567 0.0354578 60.4232
-0.0789315 0.0228724 65.4785
-0.109135 0.00893245 72.6431
-0.133496 -0.000967424 77.8365
-0.153597 -0.00844116 82.6246
-0.163988 -0.0211579 87.9104
-0.169591 -0.0284282 91.3652
-0.00421962 0.318524 -57.3569
0.00663463 0.323289 -60.9559
0.0128472 0.316156 -59.8758
0.0088063 0.312363 -57.4521
-0.00581346 0.306679 -51.8867
0.00395985 0.308471 -55.3316
0.00860022 0.323053 -61.4206
0.0115314 0.319629 -60.8938
-1.40667e-05 0.320193 -57.219
0.00829668 0.316549 -58.8137
0.010594 0.317489 -59.9908
0.0145874 0.320972 -62.894
0.0133111 0.315404 -60.4099
0.00179573 0.315418 -55.1598
0.0107539 0.323377 -62.1209
0.00810702 0.329651 -62.8535
0.0108035 0.321326 -61.5555
0.00361873 0.322445 -58.1443
0.00535165 0.320954 -58.5474
0.000824354 0.320553 -55.8116
0.00119938 0.3224 -56.6839
-0.00283312 0.317798 -52.5261
-0.00143056 0.315671 -52.7003
-0.00853761 0.319111 -49.0263
-0.00480846 0.32671 -54.226
-0.00390211 0.318171 -52.0469
-0.00156684 0.325028 -56.1622
0.000581203 0.328922 -59.0346
0.000167314 0.32641 -57.8383
-0.00544059 0.332103 -55.2821
0.00484971 0.316129 -58.4688
0.0184345 0.32851 -74.2314
0.0288798 0.283902 -68.8094
0.195978 0.0236605 -125.265
0.200012 0.0064171 -122.936
0.1917 0.00983999 -116.595
0.184682 0.0117951 -109.957
0.163966 0.048173 -101.59
0.0767809 -0.00568586 3.77227
0.0672548 0.0584199 -9.31811
0.121248 0.0491725 -62.5828
0.231848 0.00211253 -163.114
0.139023 -0.0968928 -28.7297
0.0454705 -0.0678813 64.5031
-0.0184259 -0.0561763 131.852
-0.027474 -0.0139251 127.769
0.0846825 0.0620284 -7.82412
0.0836657 0.0647977 -7.62054
0.0673857 0.0617351 13.3638
0.0767636 0.0439278 7.93696
-0.0752268 0.0419066 58.3559
-0.0788456 0.0280449 63.4273
-0.0913816 0.00681443 71.6151
-0.094708 -0.0030428 75.3707
-0.118694 -0.000997891 76.5169
-0.150497 -0.00171591 79.9364
-0.139493 0.0146345 72.0315
-0.0576701 0.206347 -8.3847
-0.02252 0.294794 -45.4844
0.00716134 0.297058 -51.7926
0.00740431 0.317714 -59.303
0.0131861 0.30258 -55.268
-0.0016596 0.313233 -54.9471
0.0074632 0.315314 -58.4441
0.0196108 0.326561 -66.0873
0.010955 0.32026 -60.8592
0.0120749 0.326176 -63.4378
0.0148137 0.328373 -65.2725
0.00282636 0.326206 -59.8301
0.00973655 0.321454 -60.997
0.0122198 0.322064 -62.2134
0.0136563 0.325297 -64.1279
0.0132707 0.309726 -58.3789
0.00920427 0.319227 -59.6854
0.00566421 0.320065 -58.2405
-8.52795e-05 0.316623 -54.0072
0.0030691 0.314698 -55.1309
-7.85211e-05 0.308677 -50.9602
-0.000921834 0.315601 -52.9994
0.00145031 0.320816 -56.2176
-0.00739713 0.324142 -51.6167
-0.0138375 0.301799 -39.3736
-0.00847233 0.315466 -47.9512
-0.00611467 0.31774 -50.2845
0.00165786 0.318116 -56.1057
0.00466336 0.329639 -62.4317
0.00583656 0.315668 -58.4528
-0.00120132 0.321949 -55.1305
-0.00389073 0.319978 -52.4001
0.00211577 0.312027 -54.4829
0.0259422 0.275628 -62.5279
0.133702 0.121354 -103.583
0.171824 0.0174322 -101.07
0.178913 -0.00649046 -98.856
0.203395 0.000489116 -124.094
0.188785 0.0115845 -113.229
0.0921258 0.0111472 -17.2206
0.0514112 0.0203104 20.2073
0.118244 0.0194204 -49.3705
0.190149 0.0147205 -123.032
0.100716 -0.0675253 10.5051
0.100427 -0.0639709 9.67091
0.100427 -0.0639709 9.67091
0.349414 -0.0219812 -285.479
0.0483712 0.0477246 40.5283
0.0753584 0.0568185 5.3952
0.0722613 0.0437554 13.5946
0.0852412 0.0406003 -1.57155
-0.0862902 0.0415954 58.5909
-0.0899016 0.0237945 65.289
-0.0985041 0.00476966 72.7148
-0.108539 -0.0010481 75.5252
-0.13407 -0.00105094 77.8479
-0.133279 0.024661 68.0923
-0.0702255 0.124268 23.4203
-0.0268174 0.22613 -20.2413
-0.000300578 0.264022 -38.5309
0.0100228 0.29673 -52.1739
0.00699027 0.304807 -54.4274
0.00521574 0.305699 -54.3008
0.0103772 0.3013 -54.1541
0.0147384 0.304039 -56.484
0.022046 0.312792 -61.897
0.0145192 0.322078 -62.6683
0.00678918 0.313746 -57.0758
0.00480816 0.307142 -53.8526
0.0108454 0.309104 -56.9797
0.00697436 0.317221 -58.25
0.00844164 0.307754 -55.479
0.0178318 0.314543 -62.1837
0.0155956 0.315348 -61.4502
0.00533359 0.316864 -56.8145
-0.00657748 0.302344 -45.4088
0.00181607 0.309834 -52.6132
0.000996295 0.314161 -53.6701
-0.00537279 0.294534 -42.7789
0.00134843 0.281792 -42.2592
0.00963757 0.30635 -56.3144
-0.00339197 0.315554 -51.2413
-0.00851237 0.311716 -46.4965
-0.00746991 0.305199 -44.843
-0.00479575 0.300915 -45.2091
-0.00117687 0.308415 -50.5458
0.00143981 0.297665 -48.606
0.00647955 0.299944 -53.2923
-0.000279181 0.304696 -49.7238
-0.0055335 0.308768 -46.9968
-0.000539786 0.302259 -48.7694
-0.00539918 0.293735 -41.5872
0.0414839 0.20096 -49.6608
0.132768 0.0765134 -86.471
0.181209 -0.0260259 -93.985
0.208907 -0.0190528 -122.358
0.180882 -0.0196269 -94.4709
0.110462 0.0386324 -45.9606
0.566569 0.00498511 -496.338
0.181691 -0.0111684 -104.934
0.106633 -0.0473113 -3.19212
0.102003 -0.0657695 8.49633
0.099995 -0.0708435 12.5981
-0.0727235 0.0148397 184.375
0.342563 -0.00482022 -283.704
0.0514516 0.0218 45.9147
0.0602145 0.000855919 42.9896
0.0733622 -0.023992 36.1374
0.0800182 -0.00348006 20.6377
