0.0547056 0.0336093 10.1104
0.0378839 -0.00997106 11.4886
0.0140443 0.0468676 11.6779
0.0250331 0.0411503 10.0877
0.0340046 0.0346517 9.15586
0.0334579 0.0332662 9.82706
0.0448248 0.0365159 8.20816
0.0157726 -0.00367451 13.083
0.0071296 0.00835461 14.061
0.00967985 -0.00202815 13.7096
-0.0129284 -0.00713062 18.6369
-0.0237173 0.0406602 20.1708
0.00506369 0.0273346 12.9208
0.00086897 -0.00428493 14.7526
-0.00892016 -0.025179 18.4146
-0.0249796 0.0182463 22.7958
-0.0327955 0.0782721 24.6778
-0.0255561 0.052929 22.2097
-0.0358043 0.0430512 26.2639
-0.0556255 0.052002 34.2299
-0.0433986 0.0283984 29.1159
-0.0251016 0.0140122 21.3151
-0.0319986 0.0310321 24.0837
-0.022961 0.0829948 16.8655
0.00486619 0.103078 2.12422
0.0216642 0.116702 -6.81548
0.00343293 0.053311 4.85951
-0.0137149 0.045087 14.6724
-0.0332263 -0.063477 25.7446
0.0896901 -0.107253 -48.8481
0.0867573 -0.117907 -46.8999
0.0616168 -0.0519459 -30.4173
0.0267294 0.0342911 -8.17101
0.0449974 0.027362 -20.8402
0.0411992 -0.019399 -24.8427
0.0395186 -0.0792004 -20.3346
-0.0418407 -0.0124288 40.0245
-0.0747832 0.000388502 65.4196
-0.0628362 0.0184587 54.2342
-0.109928 -0.262958 102.672
0.0228993 0.00162191 -15.1271
0.0228741 0.00795062 -15.2589
0.0280529 0.0414621 -20.6986
0.0722894 0.0506902 -61.7944
0.129807 0.0399914 -113.42
0.0466003 -0.0239096 -31.6589
0.0366659 -0.0538102 -21.8069
0.0347981 -0.0184097 -20.2862
0.0202558 -0.0154381 -5.45333
-0.0099776 -0.00256381 26.1118
-0.00970683 0.0429947 24.7174
0.0123171 0.0338069 1.21173
0.0176262 0.0131627 -4.22964
2.55802e-05 0.00351619 15.7728
-0.0136204 0.0162205 30.8813
0.018543 0.0157304 -6.60866
0.0356159 0.0438186 -27.7419
0.0113177 0.0399041 1.46484
0.0523894 0.0459677 10.3957
0.0476379 0.0341108 10.8722
0.0376525 0.0374171 11.3238
0.00895309 0.0513445 12.2427
0.00724563 0.046336 12.3312
0.0187354 0.0302591 11.5911
0.0173733 0.0077185 12.4557
-0.00362105 -0.0221572 16.6708
0.00226876 -0.018487 15.3583
0.00519189 -0.000929071 14.525
-0.0058253 0.0066627 16.6922
-0.0104065 0.0312353 16.7862
-0.00648712 0.0161595 16.6805
-0.0325668 0.000504879 24.4454
0.0141825 -0.0305127 11.0692
0.0079501 -0.00187015 12.1238
-0.0150203 0.0431839 18.9647
0.0001256 0.0337559 13.3392
-0.0323146 0.0671004 24.5422
-0.0626651 0.0694625 36.7992
-0.0762902 0.0386184 43.2688
-0.0374986 0.0229921 26.6179
-0.0478009 0.0244328 31.7067
-0.0357416 0.031066 24.5877
0.0115667 0.0207204 1.16787
-0.0504775 0.0389094 34.9344
-0.0265847 0.0362367 23.2563
0.0478886 0.0153915 -20.4673
0.0223983 0.00694951 -4.75146
0.0791187 -0.0930523 -43.189
0.0493817 -0.0832674 -23.4991
0.041953 0.0331294 -17.9852
0.0285147 0.0193677 -8.62647
-0.00221783 0.0483171 11.6107
0.0299334 -0.0545098 -16.0654
-0.0158388 -0.0455246 20.8703
-0.0485416 -0.0114155 45.3121
-0.0567908 -0.00149706 51.1461
-0.0588451 0.0131634 52.0184
0.031617 0.0501019 -24.536
0 0 -1
0.0370387 0.0229616 -28.1528
0.0482358 0.0587779 -39.4413
0.0808045 0.110163 -71.0719
0 0 -1
0.0651926 0.00268945 -50.4136
0.0379962 -0.0081138 -23.7724
0.0358197 -0.00158107 -21.6142
0.0162843 -0.0070296 -1.48605
0.0117335 -0.0135442 3.27225
0.0136889 0.00950122 0.223941
0.0320949 0.0515526 -21.1313
0.0189302 0.0333956 -6.37183
-0.00932565 0.0157839 26.0787
0.00475104 0.0280772 9.1751
0.046835 0.0596215 -41.1378
0.141156 -0.0212494 -145.218
0.0188741 0.0390452 -7.71683
0.0289843 0.054592 10.2909
0.0444027 0.0553366 9.71948
0.0273963 0.0178891 12.6708
0.0115406 0.0175525 13.6097
-0.0066201 0.0159308 14.8837
0.00527663 0.00298713 14.158
-0.00332809 -0.0138872 16.1243
-0.0104777 -0.0138886 17.002
0.0253181 -0.00105201 10.3257
0.00955511 -0.005534 13.8562
-0.00278837 0.00222192 16.133
-0.00730815 0.00397307 17.2515
-0.00796195 0.00175361 17.5047
-0.0225427 -2.02322e-05 21.5895
0.00315581 0.00511165 13.1425
0.032434 0.0201379 3.22904
-0.0174191 0.0165973 20.8584
-0.0166178 0.0164112 20.4372
-0.0215172 0.0235065 22.1877
-0.0725477 0.022624 42.959
-0.0574626 0.0293565 35.3338
-0.0484222 0.0135096 32.2742
-0.0384676 0.0193312 27.4799
-0.0526791 0.0390344 33.466
-0.0185269 0.0283706 16.0729
-0.053917 0.00157818 37.2407
0.00563637 -0.0180094 7.0626
0.0187457 -0.0213832 -1.29739
-0.0128405 -0.116058 22.7105
0.0375707 -0.0366457 -12.08
-0.00588253 -0.0416657 11.0123
0.0184835 -0.0667352 -3.29905
-0.0109143 -0.0310122 13.8809
0.00594394 -0.0405716 2.42547
0.0101797 -0.00821584 -3.04127
0.0152166 -0.0428807 -3.27205
-0.0356623 -0.0402247 35.805
-0.0155209 -0.01794 18.6375
-0.0112354 0.0174351 13.0326
0.0118019 0.0266787 -6.89421
0.056036 0.0280529 -44.967
0.0626204 0.0697722 -52.947
0.0921681 0.0901806 -79.5783
0.0760152 0.0599839 -63.5644
0.0662497 0.0203364 -52.1654
0.0530287 0.0034984 -38.7807
0.0476722 0.0113356 -34.0988
0.0266235 0.00911491 -12.6392
0.0071135 0.0040586 7.47329
0.0197454 0.000785565 -5.92307
0.0610931 0.0127458 -50.5638
0.0868341 0.0671234 -81.1133
0.094405 0.0825596 -91.5799
0.114761 0.0421197 -110.862
0.0694945 0.0378611 -58.6984
0.179553 0.397679 -211.302
0.166254 0.195238 -184.335
0.0241221 -0.11839 4.67622
0.0201599 0.0530266 10.7817
0.00728389 0.0323876 12.3149
0.0119312 0.0148159 13.5175
-1.09197e-05 -0.00573033 15.8555
-0.0273619 0.000316753 17.8179
-0.010551 -0.0106829 16.618
-0.00392265 0.00624578 14.6784
0.00822486 0.00343256 12.8612
0.0112499 0.00101615 13.0092
0.0108147 -0.00661876 13.6214
0.00319395 0.0182312 13.4777
-0.00416356 -0.0134092 17.3513
-0.00404549 -0.00331482 16.7197
-0.0203584 -0.014995 21.9637
0.000852045 -0.000545937 14.4939
0.0340293 0.00100395 3.96558
-0.00237767 -0.0216161 18.2073
-0.0142901 -0.0272725 22.788
-0.0370137 -0.0174075 30.8702
-0.0618743 -0.0166179 40.9868
-0.0646411 -0.00807723 41.0381
-0.055739 -0.00450786 36.7574
-0.0258802 0.00530009 22.1517
-0.0306208 0.017201 23.6819
-0.0210607 0.0161915 19.2181
-0.0536311 -0.00268152 37.6807
-0.0242553 -0.0654038 24.9114
-0.00758894 -0.107871 18.6351
-0.0159782 -0.0882281 22.4297
-0.0248621 -0.0591693 24.5219
0.00444069 -0.0241819 3.42944
0.003699 -0.0683997 6.68999
0.0093722 -0.0701183 3.07385
0.0210563 -0.0793642 -4.27503
-0.00782437 -0.0081068 9.6922
0.0295256 -0.0714673 -12.4834
0.0263503 -0.0355901 -12.7135
0.0118151 -0.0308673 -2.02469
-0.00229481 0.0167781 5.93052
-0.00517029 -0.0334285 11.1118
0.0638231 0.0639863 -53.8208
0.0695648 0.0554825 -57.505
0.0640049 0.0445905 -51.2945
0.0483542 0.0141171 -35.1059
0.053817 0.00920811 -39.9303
0.0546619 0.0059479 -40.4574
0.0503517 0.0239378 -37.0566
0.0214493 -0.009394 -5.86732
0.0112437 -0.000632804 3.71872
0.00912936 0.010362 4.91877
0.0728648 -0.00633406 -62.2421
0.103723 0.131128 -103.62
0.096565 0.141221 -97.0712
0.0814886 0.0869205 -75.7885
0.0450128 -0.0180663 -26.8807
0.0438149 -0.0469102 -23.3262
0.0147076 -0.13183 16.8689
0.00809242 -0.134001 24.9677
0.00491208 0.0250321 13.4699
-0.0126116 0.0177559 14.5061
-0.0131156 0.00207993 15.9193
-0.0193011 0.0169164 15.1645
-0.0129334 -0.00281803 16.5413
-0.00316294 0.00767009 14.649
0.00315549 0.0130037 13.2725
-0.00173258 0.0102701 14.2569
0.011341 0.000899408 12.9269
0.00480217 -0.000730694 14.164
-0.00322123 -0.00902124 16.7099
0.0140166 -0.0028989 11.8622
-0.00244081 -0.0138627 17.249
-0.0231942 -0.0135482 22.8343
-0.00675814 -0.041806 20.6029
-0.00280192 -0.0602296 21.6055
-0.0149385 -0.0635035 25.7151
0.00373491 -0.0566278 17.8468
-0.000946093 -0.0424935 19.0087
-0.0632334 -0.0409312 43.2212
-0.0475502 -0.0384864 36.1667
-0.035382 -0.0174887 28.5937
-0.0222157 -0.00716991 21.4897
-0.0159454 -0.0101429 18.6568
-0.0058752 -0.00325502 13.1887
-0.0806533 0.0209334 50.8009
-0.0817431 0.0022365 51.0551
-0.0128026 -0.038055 15.318
-0.0420439 -0.0313088 32.1926
-0.0307724 -0.0523275 27.3555
-0.0072406 -0.0445904 11.2487
0.00831259 -0.0316396 -0.414199
0.00162101 -0.0408606 6.44108
-0.000238331 -0.0612548 8.56748
0.0160344 -0.0164566 -8.10393
-0.00404493 -0.0546609 10.5033
0.0172229 -0.0363748 -6.20545
0.0531656 -0.00597651 -37.3657
0.0444391 0.0173355 -32.3164
0.0460508 0.0491256 -36.7594
0.0560958 0.0325938 -43.5737
0.0493512 0.0145271 -36.1453
0.0510799 0.0141184 -37.6041
0.038178 0.00680012 -25.2221
0.0479304 -0.00145506 -33.509
0.0474799 -0.00952801 -32.3469
0.0458869 -0.0101003 -30.3774
0.0279441 -0.0122387 -12.3138
0.0191286 0.000550776 -4.58997
0.000439552 -0.00257093 15.0848
0.00341392 0.00351623 11.3269
-0.0156007 -0.00536552 32.7024
0.0108509 0.0153959 1.36262
0.00369396 -0.0133869 12.3805
-0.00558596 0.0346938 18.1724
0.0253169 0.0466459 -19.1398
0.0501998 -0.0704792 -31.382
-0.0182575 -0.0821688 52.284
-0.0132675 -0.00468175 16.6438
-0.018113 -0.00407092 16.766
0.00542295 -0.00700484 15.9299
-0.0101046 -0.00604348 16.4835
-0.00401745 -0.0109322 16.4971
0.0150738 0.00790676 12.3811
-0.00152169 0.0016668 15.3659
-0.0057596 -0.0162887 17.9284
0.00748613 -0.00875502 14.3191
0.00173129 -0.00169099 14.9447
-0.00265567 -0.00614875 16.1724
-0.00270379 -0.00986338 16.7682
-0.0171122 -0.0138442 21.1351
-0.0350264 -0.0198436 26.915
-0.0215805 -0.0237854 22.7953
-0.0207595 -0.0849051 29.8199
-0.00466074 -0.0911444 25.3674
0.00100007 -0.0835458 22.3486
-0.0199026 -0.109215 33.6923
-0.0559259 -0.0743827 43.6278
-0.0299344 -0.0613894 30.7469
-0.0206044 -0.0507678 25.472
-0.0224788 -0.0389385 24.9233
0.00451593 -0.0363737 11.3113
0.0104783 -0.0245867 7.10129
-0.0888469 0.00425834 56.6676
-0.0977158 0.00985954 59.8592
-0.0485764 -0.0119768 33.9059
-0.0458002 -0.0117076 32.4349
-0.0301905 -0.0105557 22.2145
-0.00649558 0.0706538 -2.71859
0.00246964 -0.014367 1.59598
0.00185161 0.0402374 -4.50437
0.0157084 0.0113481 -10.7565
0.0332282 0.002338 -22.7232
0.0192462 0.0309031 -15.4171
0.0510458 0.0455775 -41.0467
0.0467154 0.00880438 -33.1932
0.0466274 0.00888299 -32.9332
0.0411448 0.015899 -29.1942
0.0327161 0.00410827 -20.6446
0.0288437 0.00406668 -17.2389
0.0456689 0.00865195 -32.8572
0.0421941 -0.00370836 -27.9334
0.0410204 0.000879055 -27.4663
0.0506136 -0.00137951 -36.4187
0.0498784 -0.0098028 -34.7232
0.0420692 -0.00477924 -27.5102
0.507596 0.0208281 -506.813
-0.069367 -0.0202863 98.2744
-0.0119039 0.0178939 26.1345
0.000103774 0.0219467 12.5198
0.0106443 0.019567 1.06054
0.0314736 0.0322123 -24.0009
0.0220919 0.047338 -15.2446
0.0845584 0.0779372 -91.7476
0.0803207 -0.0520185 -69.1814
0.0221021 -0.0325885 -1.38553
-0.00512237 -0.00794554 16.9285
-0.0098048 -0.00136332 16.2317
-0.0241829 -0.0175198 19.0394
-0.0243789 -0.0061419 17.5589
-0.00678073 -0.0212585 18.3182
-0.00606146 -0.0339525 19.7833
0.0201159 -0.0669917 20.5853
0.00983606 -0.0601336 21.3882
0.0140317 -0.0150823 14.0296
0.0164142 0.00442617 10.9147
-0.0197789 0.00979182 17.9642
-0.00843912 0.00514857 16.068
-0.00524844 0.00211471 15.857
-0.029776 -0.00415053 23.4852
-0.01405 -0.0536809 24.9691
0.0418332 -0.0163993 -4.95648
0.0320349 -0.12205 15.5613
0.0138227 -0.116283 20.5828
-0.0075829 -0.10643 28.5149
-0.0370359 -0.0769905 35.7186
-0.0100707 -0.079898 24.7274
-0.0323838 -0.0639815 32.6877
-0.00632728 -0.0418223 16.7629
0.0341335 -0.0208202 -6.13431
-0.0125663 -0.0225169 19.0197
-0.0877513 -0.00531438 57.2084
-0.0815779 -0.00115021 51.6847
-0.0514174 0.00230014 34.0248
-0.0484949 0.000831196 32.5873
-0.0276775 0.0109421 17.9846
-0.00964992 -0.0095737 9.15941
0.000114777 0.0114488 -0.0530111
0.0082493 0.00121988 -4.19009
0.0322657 0.0222627 -23.8771
0.0335417 0.0365227 -26.1395
0.0307437 0.0397128 -24.4749
0.0322311 0.0213897 -23.3881
0.0363144 0.0083646 -24.9232
0.0575899 -0.000688953 -40.7558
0.0423203 -0.00982963 -26.852
0.0385023 0.0149106 -27.1785
0.0383753 0.0163792 -27.272
0.045948 0.0215299 -34.6424
0.0402548 0.0203637 -29.3077
0.0389058 0.0177824 -27.6281
0.0430845 0.0282943 -33.0026
0.0413246 0.0160516 -29.5123
0.0596235 0.0225194 -48.8089
0.475069 0.0182255 -472.76
-0.103847 -0.0173449 133.96
-0.0530941 0.0498108 66.2433
-0.00857426 0.0185348 22.5841
0.0180159 0.0126416 -5.80128
0.012417 0.0107134 1.01927
0.0459335 0.00778555 -36.9952
0.0843613 0.0056309 -82.3083
0.104696 -0.0215005 -103.037
0.0753031 -0.0216946 -67.2867
0.00391311 -0.0182809 18.3054
-0.00313918 -0.0178135 18.5172
-0.0276838 -0.0164301 19.1542
-0.0187701 -0.0149703 17.5762
0.0161677 -0.0505526 20.5359
0.0413596 -0.0295231 8.67852
0.0366391 -0.0747046 18.5819
0.0186918 0.00664395 9.42721
0.0207455 -0.0185395 13.5373
0.0128938 -0.0285659 16.5547
0.00297447 -0.0200515 17.2862
0.000893713 -0.0345679 19.949
0.00513565 -0.0188778 16.4829
0.0164514 -0.0157921 12.4913
0.00221519 0.00267195 5.52222
-0.0115071 0.00825591 8.95126
0.0250841 -0.057246 7.62278
-0.00742068 -0.0818979 22.169
0.0890313 -0.0878105 -13.1574
-0.00274084 -0.0656979 20.1465
0.0283519 -0.058431 3.67136
0.00581419 -0.0173468 7.48585
0.0063475 0.0322429 -0.927901
0.0269233 -0.00489439 -5.26957
0.0225711 -0.00488417 -2.51617
-0.0556883 0.0021881 37.9776
-0.0698932 0.00558172 44.2402
-0.0446409 0.0208526 27.3496
-0.0433597 0.00869435 28.2033
-0.0386184 0.0313615 21.7221
-0.0201297 0.0336808 9.83548
-0.0143737 0.0327785 6.37016
0.0309025 0.0289949 -23.831
0.0435298 0.0467706 -35.0605
0.0463326 0.0700713 -40.7477
0.017652 0.0504953 -15.9573
0.0022746 0.030894 -1.37275
0.0167122 0.0178081 -10.7621
0.042791 -0.0101315 -27.3052
0.0583842 0.00275798 -42.3414
0.0416236 0.033483 -32.7047
0.0217633 0.0282851 -14.4766
0.0435488 0.0164333 -31.5455
0.0713289 0.16037 -69.7021
0.0332871 0.0104967 -20.838
0.0449583 0.0330494 -35.3673
0.0404465 0.0261459 -30.1855
0.0319465 0.0445303 -24.2492
0.0115048 0.000524209 3.76566
-0.374054 -0.0160813 416.257
-0.0479139 0.0411489 61.3071
-0.0103687 0.0140097 24.8665
0.0195036 0.00573603 -6.62882
0.0160073 -0.0116891 -0.100667
0.0451242 0.000758378 -35.1255
0.0689181 -0.00487084 -62.3964
0.0821106 -0.0167519 -76.6396
0.104334 -0.00428783 -104.988
0.219393 -0.592472 117.544
-0.00757675 -0.0287731 20.345
-0.028748 0.00374193 15.5885
-0.0172634 0.0503056 0.200951
-0.0068354 0.0654203 -3.79273
0.0320192 -0.0020302 5.19371
-0.0069064 -0.0342079 16.0309
-0.0195873 0.0543472 -0.0954211
0.0297157 -0.022397 12.1017
0.0225839 -0.0331908 15.3138
0.0109148 -0.031264 17.3165
0.383798 -0.240326 -40.0335
0.0262845 -0.0333146 12.5481
0.0131934 0.0446251 -5.8143
-0.00297233 0.0218553 3.67908
-0.0102823 0.0309786 4.55107
0.00671683 -0.0330304 9.0162
0.0128721 -0.0512827 9.39604
0.0653036 -0.0139116 -17.4359
0.0138879 0.0602205 -8.40959
0.01853 0.16383 -30.3594
0.0133096 0.0653473 -9.98479
0.0194932 0.0892923 -16.2148
0.00587156 0.0718931 -6.79168
0.00377872 0.0532069 -2.65759
-0.0524299 0.0128912 33.7948
-0.0795017 0.032795 45.1768
-0.044525 0.0144602 28.272
-0.0281895 0.0943518 4.48443
-0.00891164 0.128837 -12.9559
-0.035343 0.132416 2.88576
-0.0182025 0.0424267 15.4647
0.0271598 0.139755 -39.2491
0.0467024 0.118863 -50.1458
0.126431 0.168118 -115.614
0.144266 0.0399575 -104.081
0.0498904 0.0419371 -32.4142
0.015349 0.0504264 -7.16682
-0.020182 0.0645887 18.9011
-0.075878 0.219839 36.7015
0.00690202 0.139517 -20.1924
0.0553322 0.176574 -57.9567
0.0292124 0.142258 -28.1662
0.0980682 0.26735 -114.298
0.117353 0.307037 -139.758
0.12547 0.309724 -147.852
0.082904 0.468794 -135.797
0.021548 0.0283998 8.26138
0.00238769 0.019223 29.504
0.00877938 0.0257939 21.4322
-0.0389108 0.00177682 57.6879
-0.00202568 0.0141027 15.95
0.0218167 0.00121966 -8.44629
0.0241692 0.00327938 -11.3829
0.0242444 0.00770324 -11.9302
0.039601 -0.00290101 -28.086
0.0842874 0.00180813 -61.4884
0.073158 0.00367234 -48.5897
0.0473481 0.134948 -19.677
0.0256837 0.0191465 4.21381
0.0244861 0.0622756 -4.32037
-0.00629474 0.087375 -8.14378
-0.00534165 0.123357 -15.8945
0.0193849 0.041039 -1.58816
-0.0120735 0.0605548 -1.49998
-0.0279456 0.0602152 0.0433722
-0.00830193 0.136394 -18.1735
0.00875144 0.0793903 -10.2918
0.0309997 0.193917 -37.8756
0.0603832 0.245441 -54.0847
0.0121475 0.123893 -16.0782
-0.0304431 0.257819 -33.7618
-0.0217859 0.108165 -7.34339
-0.01067 0.308598 -50.2688
-0.0212627 0.167931 -17.3907
0.0189206 0.29934 -59.0831
0.163331 0.303389 -117.361
0.0249645 0.15935 -31.9583
0 0 -1
0.0136905 0.158425 -27.5915
0.0129672 0.135083 -22.4753
0.00897935 0.0591996 -5.73238
0.00782438 0.0570036 -5.02318
-0.0519711 0.0518496 27.8713
-0.0458844 0.195963 -4.34156
0.013786 0.276378 -55.3497
0.0165163 0.270009 -55.5036
0.0155195 0.3007 -61.414
0.043374 0.269138 -72.9197
0.0354883 0.0563893 -23.44
-0.0426014 0.070557 26.5672
0.0147261 0.245961 -50.5683
0.0569661 0.191237 -69.2672
0.0636656 0.0391218 -42.628
0.0380151 0.0632812 -27.5554
0.0205891 0.0692479 -14.794
0.0273357 0.046453 -16.3306
0.510676 0.090035 -428.651
0.0661191 0.0648386 -45.1332
0.0830509 0.168211 -80.6575
0.0977607 0.317762 -124.65
0.143007 0.279465 -157.72
0.101769 0.285644 -120.311
0.0400407 0.106709 -25.2703
0.0209276 0.0555633 3.88573
-0.00760572 0.0436803 34.9933
0.00919013 0.0578088 14.174
0.0141165 0.0331112 14.6125
0.00689787 0.0543843 17.6069
0.0219832 0.0292568 6.58111
-0.00111593 0.0279605 31.8549
0.0370476 0.0158228 -28.1892
0.0150301 0.0415232 11.1846
0.0960036 0.00699973 -76.7538
0.087428 0.00102525 -64.6318
0.0694172 0.0160602 -46.2899
0.0311179 0.423342 -82.7717
0.0530981 0.410121 -80.1435
0.0193841 0.409087 -78.8598
-0.00153116 0.162915 -23.5698
0.00943307 0.328602 -60.776
0.00586634 0.392761 -74.5317
0.0108337 0.374569 -70.7123
0.00289895 0.397109 -74.4833
-0.00152133 0.384393 -70.4489
0.006744 0.39159 -73.6526
0.0156368 0.320223 -60.0921
0 0 -1
0.012321 0.305294 -55.3999
-0.0121305 0.2854 -44.0472
-0.0136151 0.290749 -44.9521
-0.00768697 0.283641 -44.9889
-0.00331497 0.28971 -48.0065
-0.00680887 0.282405 -44.961
0.0165089 0.259858 -49.1463
-0.00643894 0.234588 -34.2326
-0.00266716 0.212491 -31.2289
-0.0051988 0.238939 -36.0514
-0.00897634 0.254924 -37.805
-0.00247195 0.269332 -44.3489
-0.00407398 0.270871 -43.9378
0.00374364 0.316639 -58.1568
0.00361081 0.305892 -55.2525
0.0161501 0.323253 -66.436
0.0161912 0.307575 -62.6829
0.00543221 0.31411 -57.6992
0.0145961 0.323795 -65.785
0.00159751 0.3233 -56.9144
0.00586347 0.318165 -59.3803
0.0117558 0.294877 -58.3378
0.00845527 0.279744 -52.5934
0.0110354 0.286939 -56.1607
0.00985301 0.285987 -54.9419
0.0135529 0.288226 -58.4549
0.0190512 0.278612 -60.8071
0.0496358 0.26179 -82.204
0.0705177 0.00328842 -36.2394
0.307359 0.0465191 -252.385
0.10715 0.0697042 -79.0603
0.0552842 0.0179048 -19.959
0.0368409 0.0116747 -0.994188
0.0149163 0.0456386 12.4497
0.0190442 0.0361415 9.94965
0.00516408 0.0336958 24.0321
-0.000239678 0.0481959 26.5274
0.0143438 0.0499924 10.7029
0.0169763 0.0625259 4.30168
0.0271691 0.0553026 -4.90622
0.00729722 0.0576986 15.6381
0.0165617 0.0421063 8.82454
-0.0132845 0.0347596 44.6967
0.0241932 0.0214701 4.0994
0.096947 -0.015257 -72.6708
0.086956 0.00645516 -65.5828
0.035031 0.433867 -85.2395
0.0287141 0.437579 -86.0337
0.0224848 0.440856 -86.7344
0.0098654 0.42518 -82.4054
0.000533977 0.34329 -61.5282
0.0038646 0.327117 -57.965
0.00524894 0.28436 -47.5093
0.00673119 0.313224 -54.679
-0.00548994 0.315241 -53.311
-0.0295537 0.227494 -26.3647
-0.0244437 0.231423 -28.1822
-0.00323399 0.303186 -50.8522
-0.00160127 0.274003 -44.489
-0.00780667 0.264078 -40.5253
-0.00701789 0.269979 -42.167
-0.00877788 0.272539 -42.1743
-0.00711594 0.273112 -42.9082
-0.00929085 0.271523 -41.7288
-0.00223437 0.267919 -43.5911
-0.00913366 0.265718 -40.2899
-0.0139222 0.260934 -37.1099
-0.00208779 0.281447 -47.2607
0.0102744 0.306407 -59.2403
0.00644242 0.306661 -57.3958
0.0103944 0.318642 -62.1243
0.0197775 0.340214 -72.1015
0.00697819 0.332015 -62.9948
0.0162468 0.32533 -66.7256
0.00578862 0.317537 -58.73
0.0118872 0.320286 -63.2095
0.0088859 0.335232 -64.554
0.00906611 0.330296 -63.8784
0.00954895 0.325645 -63.1595
-0.00418738 0.323659 -53.4824
-0.00084337 0.317807 -54.6245
0.00707222 0.311228 -58.8283
0.00210104 0.306686 -53.8663
0.00377624 0.297699 -53.0211
0.0256139 0.289206 -68.7388
0.039968 0.274524 -77.1287
0.074352 0.179572 -82.5731
0.19226 0.0327812 -147.267
0.114658 0.00421743 -71.0443
0.0461154 0.00813219 -9.12364
0.0315651 0.00301899 5.95569
0.0156618 0.0124324 18.4717
0.0139172 0.007071 21.451
0.00972414 0.0119367 24.384
0.0179166 0.0343954 10.5651
0.00611826 0.0605405 16.9654
0.0113993 0.0798887 5.6999
0.0432478 0.049694 -20.6559
0.017442 0.0420768 9.47858
-0.0110839 0.0214332 46.3446
-0.0267505 0.0204579 63.2864
0.0662124 -0.0406454 -31.2532
0.108925 -0.0478104 -80.0177
0.111427 -0.0176363 -89.7746
0.00272838 0.243409 -35.3654
0.00445982 0.240667 -34.6714
0.000878205 0.238153 -33.7687
-0.00827398 0.248561 -36.4837
-0.00263551 0.254978 -38.8981
-0.00736086 0.253991 -38.1496
-0.00602625 0.259511 -39.6871
-0.00494397 0.251104 -37.8085
-0.00590315 0.258124 -39.633
-0.00232478 0.247991 -37.615
-0.0136195 0.253574 -36.565
-0.0146949 0.263815 -38.8223
-0.00749271 0.268809 -41.8854
-0.00524696 0.266684 -41.9557
-0.000835197 0.266855 -43.2728
-0.00316964 0.269015 -43.2197
-0.00886815 0.276067 -43.134
-0.00977488 0.282888 -44.6602
0.000588621 0.292317 -51.1597
0.0135439 0.311291 -61.5251
0.00628353 0.314564 -59.2231
0.0140455 0.329559 -66.832
0.0235004 0.355989 -78.1651
0.0195707 0.347827 -74.0477
0.015062 0.339294 -69.328
0.00849212 0.337219 -65.2179
0.00664613 0.326116 -61.0587
0.00126929 0.321366 -56.9133
-0.00824021 0.321144 -50.9788
0.00724828 0.322084 -60.7882
0.00839401 0.324127 -61.703
-0.00373617 0.33917 -57.7665
-0.00236705 0.332566 -57.0885
0.00363549 0.336494 -62.5825
-0.00217286 0.334941 -57.9234
0.000646575 0.321283 -56.4925
0.00341557 0.320839 -58.4829
-0.0010721 0.323143 -55.6528
0.011208 0.314687 -63.3699
0.0128088 0.294344 -59.3577
0.0215732 0.282227 -63.4803
0.0302181 0.251159 -63.0184
0.0863796 0.0031896 -46.2268
0.0761022 0.0203913 -41.2512
0.0392391 -0.00101368 -0.46895
0.0118784 -0.0029254 25.9937
0.00440883 0.000635543 32.3215
0.0450337 0.023501 -14.5819
0.0265063 0.0295839 3.38615
0.0106274 0.0458635 15.5291
0.00688637 0.052337 17.7733
0.0140727 0.0516912 10.3864
-0.0295937 0.00594784 70.8897
-0.0275978 -0.00186979 70.8705
-0.0392969 0.0689456 65.0513
0.00398847 0.0244381 25.7035
0.120109 0.00749809 -107.831
0.18028 0.010787 -181.094
0.000317335 0.246378 -36.1873
-0.00638784 0.243139 -35.1635
-0.00859145 0.246498 -35.921
-0.00624552 0.2623 -40.8603
-0.00680578 0.257469 -39.4059
-0.000699256 0.265792 -42.265
-0.00941547 0.264458 -40.861
-0.00874836 0.271716 -43.099
-0.00454686 0.269171 -42.9782
-3.95612e-05 0.264318 -42.2522
-0.00450605 0.264896 -41.5243
-0.00634295 0.267016 -41.6507
-0.00441838 0.27411 -44.2145
-0.00720758 0.284615 -46.4142
-0.00833066 0.278959 -44.4873
0.00898013 0.30149 -56.5463
0.00586928 0.30915 -57.7
0.0037081 0.319826 -59.9751
0.00899492 0.322796 -62.7959
0.0163482 0.332312 -68.3674
0.0222431 0.356869 -77.8431
0.022427 0.356355 -77.542
0.0170058 0.342228 -70.9079
0.0160497 0.331767 -67.5767
0.0113045 0.33763 -66.9235
0.0103164 0.333747 -65.3094
0.00909326 0.325563 -62.2575
0.00868995 0.333796 -64.1581
-0.00595261 0.327395 -53.8738
0.00348961 0.31623 -56.3332
0.0101941 0.326551 -63.5068
-0.00123866 0.325089 -55.6639
-0.00411915 0.328496 -54.5555
-0.00606145 0.343063 -57.4237
-0.00377757 0.326051 -53.9923
-0.0131984 0.331712 -48.4259
-0.0112425 0.329569 -49.3176
-0.00654058 0.335868 -54.8904
0.000522663 0.321048 -56.1859
0.0104729 0.311634 -61.8195
0.0168675 0.304632 -65.3375
0.0120594 0.289664 -56.6687
0.0133142 0.304789 -62.2798
0.0149417 0.290193 -59.5102
0.0167779 0.313693 -68.1049
0.0186596 0.27858 -59.6125
0.0106275 0.264271 -47.4251
0.016831 0.240751 -46.6648
0.010037 0.146526 -12.61
-0.000581606 0.228449 -24.5338
0.00965895 0.190602 -25.0238
0.0345707 0.140743 -37.7954
0.00948655 0.247756 -41.12
0.0180779 0.235703 -47.4169
0.00840298 0.195498 -25.1206
0.0113462 0.28161 -53.3306
0.0285448 0.228364 -58.3499
0.0406451 0.0917298 -33.349
0.000612595 0.259308 -40.0305
0.00141029 0.264907 -41.8049
0.00164949 0.262117 -40.8568
-0.0107471 0.275672 -44.3427
-0.00678668 0.26641 -41.836
-0.00282591 0.26664 -42.2998
-0.00471189 0.270569 -43.2864
-0.00598477 0.280981 -46.291
-0.00767254 0.270388 -42.7152
0.00298125 0.271459 -45.1698
-0.00671157 0.276217 -44.46
0.000530483 0.277884 -46.7038
0.00859173 0.297123 -54.7493
0.00693956 0.306471 -57.2122
0.0116419 0.320582 -62.9948
0.0201986 0.329972 -68.6532
0.0168514 0.328331 -67.1346
0.0250934 0.347612 -76.14
0.0221696 0.349281 -75.5136
0.0171373 0.345677 -72.2881
0.0246829 0.355515 -78.6016
0.0229914 0.344381 -74.3354
0.00760781 0.33426 -63.9568
0.00416696 0.328166 -60.4335
0.0139435 0.33253 -66.6673
0.0107339 0.334823 -65.8644
0.00791158 0.332873 -63.5107
-0.00344067 0.327501 -55.3538
-0.0115384 0.329792 -51.3698
0.0111752 0.332535 -65.9646
0.012409 0.329056 -65.8128
0.0045862 0.323524 -58.9143
-0.00743912 0.321734 -50.1399
-0.00934764 0.324907 -49.7964
-0.00403492 0.327515 -54.5923
0.00650232 0.321437 -60.42
-0.0033287 0.3266 -54.5523
-0.0106277 0.33258 -50.5717
-0.00659404 0.332455 -53.866
-0.00202285 0.320283 -53.9677
0.0103553 0.306935 -60.4526
0.0174888 0.29943 -64.42
0.0151893 0.295613 -61.1546
0.0195463 0.299077 -66.2051
0.0145126 0.297187 -60.9413
0.00953924 0.294675 -55.478
0.0205347 0.289754 -64.8016
0.0184076 0.285639 -61.3528
0.00751876 0.277666 -47.8008
-0.00387332 0.269685 -33.3646
-0.00408329 0.270706 -33.396
0.0069224 0.255149 -40.5072
0.00273656 0.272417 -41.1277
0.0186135 0.273938 -59.3341
0.0169823 0.256477 -52.0754
0.0132185 0.255939 -47.3408
-0.00638093 0.276215 -30.4901
-0.0332646 0.2849 -1.01257
0.00432799 0.267855 -42.7601
0.00455542 0.270111 -43.4992
0.000443969 0.268213 -42.6308
-0.00335302 0.273004 -43.9784
-0.00946655 0.273691 -43.8474
-0.003029 0.266823 -42.3247
-0.00251582 0.277906 -46.1026
-0.00521923 0.276696 -45.1383
-0.00199421 0.285381 -48.5731
0.00945441 0.301483 -56.2289
0.00347038 0.304695 -56.0298
0.0216991 0.320202 -65.3844
0.0138057 0.323403 -64.3897
0.0148131 0.326442 -65.6458
0.0204642 0.338965 -71.4887
0.025395 0.33093 -70.5177
0.0161182 0.340156 -70.4319
0.0208742 0.348495 -74.8788
0.0250949 0.357588 -79.4715
0.0162191 0.343783 -71.3212
0.0143263 0.338474 -68.6589
0.0157412 0.334081 -67.9109
0.01057 0.332017 -64.7833
0.00860937 0.330371 -63.2805
0.0125071 0.336772 -67.4694
0.00548465 0.321947 -58.6578
0.00088941 0.32712 -57.8989
0.00275424 0.333954 -61.3238
-0.00475408 0.330824 -55.5842
0.00348398 0.317155 -56.1211
0.00110683 0.32599 -57.4949
0.000182747 0.322359 -55.5833
-0.00628248 0.323723 -51.7064
-0.00681188 0.325425 -51.8249
-0.000260601 0.323 -55.8562
0.0113207 0.316063 -62.074
0.0045414 0.318852 -58.0746
0.000787981 0.321498 -56.1124
-0.00878484 0.326787 -50.1092
-0.012464 0.332463 -48.9855
0.000181816 0.316144 -54.5323
-0.00133011 0.309828 -51.1553
0.00974307 0.294665 -56.0808
0.0175142 0.282327 -59.0511
0.0158356 0.278028 -56.1042
0.0173498 0.282871 -59.1852
0.0235144 0.291082 -67.8435
0.0127724 0.293771 -58.1456
0.0133997 0.289201 -57.3619
0.004053 0.295988 -49.8939
0.00484993 0.301593 -52.6392
0.0132759 0.289628 -57.8503
0.00731673 0.306277 -56.9751
0.00483043 0.312378 -56.24
0.0169463 0.276993 -58.7467
0.0423665 0.237692 -75.7294
0.0290482 0.256205 -65.7243
-0.0127396 0.31979 -36.4738
0.0046322 0.270533 -43.6441
0.00295987 0.270271 -43.4881
-0.00102686 0.277637 -45.9053
-0.00289416 0.271203 -43.4756
-0.00804786 0.284656 -47.8315
-0.00604255 0.276474 -45.0827
-0.00543013 0.271879 -43.5739
0.00732895 0.278558 -47.8437
0.0148604 0.317743 -62.7855
0.017195 0.329883 -67.3933
0.01809 0.333579 -68.9061
0.0123471 0.340531 -69.9409
0.0199269 0.3402 -71.7687
0.025727 0.349652 -76.6803
0.0215874 0.352319 -76.3482
0.020559 0.340195 -71.8987
0.031257 0.360145 -82.6123
0.0214562 0.357442 -77.9907
0.0140156 0.347302 -71.7106
0.0159435 0.332894 -67.6332
0.0154117 0.328313 -65.7518
0.0163934 0.332073 -67.4259
0.0146936 0.327309 -64.9728
0.0101187 0.322364 -61.0644
0.00411804 0.324759 -58.7622
0.00388936 0.320864 -57.3318
0.0051891 0.324683 -59.3534
0.0033093 0.336948 -62.7318
-0.00258931 0.33113 -57.0985
-0.000856963 0.323605 -55.4413
-0.00134321 0.327917 -56.6615
0.000864185 0.333339 -59.8835
-0.000469067 0.327085 -56.7807
-0.00405319 0.327462 -54.4717
-0.00890214 0.327466 -50.8665
-0.00808975 0.307331 -44.5029
0.00131559 0.295198 -47.3786
-0.000100859 0.324569 -56.4351
-0.00554591 0.327355 -52.8769
-0.0130949 0.333296 -48.643
-0.00820227 0.337206 -54.2142
-0.0154363 0.333763 -46.8516
-0.00766203 0.313761 -46.7747
0.00204772 0.284431 -45.5344
0.0119217 0.279117 -52.8074
0.0200837 0.277084 -59.8927
0.0241972 0.283433 -66.0047
0.0162386 0.289758 -60.3611
0.0129594 0.291765 -57.7369
0.0123374 0.29681 -58.8323
0.00772605 0.302973 -56.109
0.00453473 0.295313 -50.0051
0.00899438 0.29863 -56.1161
0.0125093 0.302378 -61.2919
-0.00693598 0.307917 -41.0852
0.00982447 0.274789 -49.4041
0.00113203 0.255675 -32.2185
-0.00764796 0.232581 -13.6106
0.00415379 0.271511 -43.9796
0.00354883 0.27043 -43.5636
0.00189671 0.271657 -43.9333
-0.0067401 0.266546 -41.4225
-0.00757351 0.262402 -39.956
-0.00647067 0.250695 -35.975
0.0148125 0.273836 -47.1864
0.0173119 0.306535 -59.1719
0.0154884 0.305599 -58.5939
0.0173588 0.300691 -57.0525
0.0165594 0.325449 -65.6712
0.0195859 0.301566 -57.9698
0.0290902 0.322952 -67.9201
0.0207347 0.347146 -74.3007
0.0219572 0.320134 -65.0546
0.0245973 0.348639 -76.0655
0.0237135 0.342944 -73.8148
0.0174704 0.338322 -69.8089
0.00902094 0.331341 -64.1618
0.0139281 0.332034 -66.3439
0.0113507 0.323747 -62.2881
0.0143385 0.323692 -63.532
0.00478546 0.302 -51.31
0.00669234 0.304033 -52.8904
0.00616972 0.304764 -52.8718
0.00460646 0.307153 -52.8942
0.00599038 0.309679 -54.5562
0.00762838 0.316096 -57.8235
0.00390685 0.335545 -62.5653
-0.00216351 0.32867 -56.3515
-7.86361e-05 0.321178 -55.0822
0.00174156 0.321354 -56.2682
-0.00502009 0.31398 -48.9609
-0.00529535 0.31233 -48.2307
-0.00371275 0.317174 -51.0481
-0.00294652 0.319312 -52.4946
0.00164106 0.321041 -56.5742
-0.00150684 0.312733 -51.149
-0.00367557 0.309972 -48.357
-0.00734963 0.323038 -49.9136
-0.0133507 0.314527 -41.7197
-0.019419 0.322565 -39.3081
-0.0162172 0.306094 -36.2372
-0.0069206 0.287119 -37.9399
0.00329631 0.283097 -46.1445
0.0120605 0.262258 -46.9082
0.0271445 0.256996 -59.6409
0.027604 0.280316 -68.522
0.0154468 0.292669 -60.5723
0.00343574 0.28623 -45.6362
0.0101454 0.283601 -51.9574
0.0113615 0.286061 -54.2898
0.015853 0.285379 -58.9554
0.0121127 0.286045 -55.0281
0.00011327 0.314711 -51.5864
-0.0022706 0.316953 -49.5567
-0.0114404 0.298543 -31.9594
-0.0120853 0.286968 -27.147
