0.0825689 -0.126678 6.53746
0.050609 -0.163244 8.72816
0.0350137 -0.148477 9.06218
0.0312619 -0.121079 8.46454
0.0778169 -0.0553575 2.90558
0.0463169 -0.0451076 5.95726
0.0700633 0.00107629 1.98329
0.0860828 0.0111359 -0.457452
0.0233207 -0.0359305 11.7128
0.0223515 -0.0324164 11.8252
0.00166957 -0.0411987 16.2927
-0.0305744 0.100497 16.2377
-0.00582645 0.130313 9.32401
0.00120633 0.167694 7.10038
-0.00206532 0.184736 8.19696
-0.0222668 0.131305 15.9613
0.00192844 0.0932017 8.12356
-0.0417987 -0.0749344 27.663
-0.0334375 -0.0237341 21.9477
-0.00363559 -0.0238824 10.5844
0.0172622 -0.0562806 3.25118
0.0299727 0.00486619 -5.90519
-0.00193434 0.00138902 9.71457
0.0150585 -0.000449696 1.07789
0.038663 -0.0351849 -10.1619
0.0390912 -0.00138455 -9.95347
-0.0161448 -0.0333886 20.9167
-0.0284059 -0.051884 28.3357
-0.023612 -0.0712952 25.2035
-0.0104691 -0.136679 18.0471
-0.0163969 -0.117014 20.9446
-0.0174669 -0.061105 20.3605
0.000431955 -0.00512289 7.0071
0.0353051 0.0122895 -17.8795
0.043976 0.0229649 -24.0519
0.0209365 -0.0325156 -5.70493
0.0194083 -0.0269105 -4.76543
0.216861 0.0259065 -162.632
0.0132161 -0.0370953 5.10197
0.0109593 -0.00724948 6.22833
0.0330759 0.0254001 -13.5507
0.0339274 0.0106296 -13.5317
0.0200417 -0.0395145 -0.340156
0.0113361 -0.0186588 8.0976
0.216075 0.0328197 -186.643
-0.0143734 -0.036457 37.7939
-0.00639328 -0.0357005 29.9527
-0.0246311 0.0407603 46.9362
0.0164147 -0.0878648 9.41914
0.044665 -0.0134683 -22.5942
0.0594028 -0.0512388 -37.3267
0.0193153 -0.0252184 6.7019
-0.0229738 0.0139299 53.1491
-0.0296078 0.0254512 59.9965
0.0243825 0.0432934 -3.1261
0.0445748 -0.00214733 -26.372
0.0693151 -0.069486 -55.4256
0.0389 -0.0307845 -18.9111
0.0365472 -0.0268985 4.68256
0.05026 -0.0972214 6.63008
0.0424122 -0.117759 7.30866
0.0708602 -0.0676204 3.01974
0.0929694 -0.0546921 1.13388
0.0782972 -0.0326324 1.77415
0.0672591 -0.0296316 3.7335
0.0710832 -0.00421186 2.72425
0.0240386 -0.0506471 12.0955
0.0110943 -0.0443945 14.5474
0.00378794 -0.0762444 16.5971
-0.0141774 -0.102766 21.5889
0.00790662 -0.342344 16.1485
0.0161513 -0.345581 14.1472
-0.0553951 -0.367184 38.9189
0.0246028 -0.219804 7.88708
0.00608137 -0.138369 11.4296
-0.0175919 -0.135377 20.3853
-0.0299825 -0.0645656 21.9305
0.00276682 -0.0486206 7.99838
0.0385208 -0.06006 -7.30566
0.00124419 -0.0301357 8.75163
-0.00322345 -0.0151512 10.5813
0.0205445 -0.022344 -1.30976
0.0329878 -0.0584021 -6.55017
0.00774138 -0.0674615 7.76834
0.260868 -0.0501473 -141.32
-0.0347825 -0.0451668 31.765
-0.0374895 -0.0534836 32.3609
-0.0152609 -0.0868448 19.2552
-0.0135747 -0.0624984 17.6462
0.018955 -0.0384679 -5.12456
0.0236898 -0.00913079 -8.99703
0.0422 0.0218369 -22.4656
0.00670854 -0.0148162 4.68707
0.00465094 -0.0285846 6.8096
0.0278885 0.00240014 -7.3966
0.0193252 0.048167 -2.28291
0.006681 -0.0241061 10.3404
0.0270756 -0.0199109 -7.04216
0.029631 -0.012399 -9.35239
0.00487449 -0.0201597 13.0367
0.00316178 -0.012859 13.9713
0.0534035 -0.0679398 -31.2456
0.0451376 0.0533194 -22.342
-0.0235973 -0.0915894 48.606
0.0546442 -0.0569841 -30.8629
0.0565542 -0.0216608 -34.1506
0.0509473 -0.0167595 -28.5168
0.057522 -0.0171751 -34.8315
0.0203954 -0.0514104 5.69578
0.0333007 -0.0423722 -8.32167
-0.0250666 -0.0363676 57.339
-0.0318732 -0.0346011 64.58
0.00214532 -0.0152703 24.4238
0.0372547 -0.02447 -16.52
0.0280788 -0.031198 -5.57149
0.0340899 -0.0382721 -12.4593
0.0187207 0.0174762 3.38738
0.00252213 0.0018788 4.38285
0.0259566 -0.0346006 4.95465
0.0659069 -0.0218054 1.40149
0.0980799 -0.0145563 -0.960284
0.0981901 -0.0218858 -0.75012
0.318171 -0.00768146 -30.8117
0.0444005 -0.0568952 8.99431
0.0390816 -0.0709685 10.8465
0.0425812 -0.0538921 7.53407
-0.348018 -0.321258 103.265
-0.00785641 -0.0331776 6.91266
0.0009663 -0.0171372 3.65678
0.00999565 -0.0549784 3.63452
0.0478028 -0.0962199 -6.0108
0.0294517 -0.131382 2.61689
0.0144907 -0.117462 6.86063
-0.00320066 -0.0917881 13.0049
0.00174229 -0.0753627 9.81641
0.0193376 -0.0660513 2.1513
0.038524 -0.0561812 -7.07113
0.0274382 -0.0193112 -3.62311
-0.006141 -0.0458626 13.9521
0.00113234 -0.0264102 8.94568
0.00692542 -0.0358264 6.38749
-0.00479653 -0.0438165 13.0328
0.00242436 -0.0515382 9.42663
-0.0239687 -0.0588415 25.1924
-0.0521546 -0.0567579 42.2002
-0.00395217 -0.0686853 11.9353
0.0301178 -0.0233893 -13.2629
0.072539 0.0132805 -43.7873
0.0420982 -0.00556452 -21.316
0.0187208 -0.00184326 -4.69792
0.00442127 -0.0243078 6.68241
0.0112738 -0.0220795 1.2286
0.0061082 -0.013431 4.77807
0.0611038 0.0195407 -40.8118
0.0800325 0.0552773 -57.9491
0.0604741 -0.0152631 -36.0788
0.0279891 -0.0212757 -7.8169
0.0265354 -0.028769 -6.5128
-0.010228 -0.0166349 26.4558
0.0130445 -0.042504 5.84433
0.0363564 -0.0501248 -16.0688
0.0559319 -0.110441 -31.1658
0.121378 -0.0881641 -97.3703
0.0984343 -0.0364331 -75.6328
0.0605802 -0.0341974 -37.5139
0.0277009 -0.0428042 -1.78955
0.0173842 -0.044364 9.02173
-0.0111191 -0.0622256 41.9726
-0.046843 -0.0741404 82.6342
-0.0428928 -0.0742279 77.8481
0.0157311 -0.0752448 10.616
0.0265041 -0.0597713 -3.2751
0.0702298 -0.0660133 -55.1321
0.0556182 -0.0377713 -39.066
0.0123069 0.0215545 3.23878
-0.00701909 0.0146186 4.20835
-0.0055025 0.00681085 4.43576
0.0545574 -0.00729857 1.20367
0.141084 -0.0301401 -4.13036
0.0968223 -0.0115681 -0.677289
0.0495762 -0.0718189 9.44915
0.0243071 -0.0642864 12.105
-0.0104193 -0.0126021 5.60427
-0.011573 0.00624181 5.08498
-0.00994433 -0.0229191 6.9853
-0.00113959 0.00270081 3.03992
0.00251141 -0.0116725 3.04359
-0.00223957 -0.0188517 4.88269
0.0129773 -0.0266711 0.680788
0.0228697 -0.0458487 -1.24206
0.0144695 -0.0462495 1.42369
0.0103457 -0.0781279 5.72379
0.0242036 -0.0931457 1.53541
0.0153985 -0.0693984 4.16152
0.0460536 -0.0779693 -9.25277
0.0304925 -0.0750348 -1.34387
0.0139189 -0.0799321 6.80897
-0.00713688 -0.073892 16.5155
-0.00882415 -0.044257 15.4092
-0.00355085 -0.0743452 14.5504
-0.00927761 -0.065439 17.2123
-0.0279404 -0.0398846 25.6257
-0.0462378 -0.0342945 36.6438
0.00852805 -0.0383735 1.62311
0.0686199 0.00540989 -40.5987
0.0580016 -0.00657583 -32.1013
0.0434528 -0.0143695 -21.816
0.0249907 -0.0291691 -7.66507
0.0147211 -0.0319108 -0.354498
0.0166918 -0.0127565 -3.45955
0.0403524 -0.00180024 -22.256
0.0863389 0.0292925 -61.3005
0.0871092 0.0206497 -59.5285
0.0422786 0.0374981 -23.7319
0.0108397 -0.00140754 6.03915
0.012847 -0.0142564 5.09824
0.000462281 -0.00983032 16.3036
-0.0143968 -0.0260817 30.5939
0.023559 -0.0441498 -4.19644
0.0279357 -0.0809463 -6.68126
0.0588979 -0.18909 -28.9359
-0.00761172 -0.00967674 23.2463
0.0538265 -0.0776633 -28.2385
0.0631805 -0.0422312 -40.2958
0.0407401 -0.0224331 -17.798
-0.0436395 -0.0196596 75.4094
-0.0485476 -0.0286798 81.0235
0.00269573 -0.015792 21.1139
0.00845018 -0.0220362 15.1079
0.00522818 -0.0427302 20.527
0.0321265 -0.0627013 -10.9461
0.0750633 -0.07709 -61.0033
0.0153051 0.0100851 4.21529
-0.0050611 0.0115463 4.46952
-0.00869947 0.0133853 4.27037
0.0143652 -0.00420268 4.0674
0.0950772 -0.0423116 0.944811
0.0418515 -0.0571663 9.52137
0.0387606 -0.0590457 10.0718
0.0537967 -0.0530965 6.76487
-0.22139 -0.281186 72.7212
0.00231759 6.18844e-05 2.20424
0.00837821 0.0027414 0.648223
0.0220187 0.00018055 -1.73927
-0.0126194 0.0107666 5.291
-0.0054371 0.00627145 3.65733
0.00371965 0.00771895 0.734346
0.00372618 -0.00533098 1.99842
-0.000462541 -0.00516502 3.3888
0.00343623 -0.0156655 3.05516
-0.00920428 -0.00230833 6.69391
0.0191741 -0.0558742 0.24201
0.0473602 -0.0745904 -10.2439
0.0686193 -0.0741617 -20.1754
0.012203 -0.0669731 6.09871
-0.0167476 -0.0769671 21.1809
-0.0194167 -0.0860128 23.7853
-0.00274648 -0.0810975 13.8303
0.00585659 -0.0735741 8.48563
-0.0106024 -0.07614 18.4589
0.0102322 -0.0139422 -0.967288
0 0 -1
0.0433291 0.0101952 -24.2708
0.045394 -0.00885609 -23.3135
0.0151619 -0.0302477 -0.589641
0.0121849 -0.0227487 0.596278
0.0193561 -0.0282911 -4.14766
0.0293538 -0.0327197 -11.1911
0.0597516 -0.0369758 -34.5087
0.0696854 -0.0624533 -40.0826
0.0191265 -0.0138857 -4.30288
0.0279813 0.000893594 -13.4645
0.0220258 -0.0283732 -1.28453
0.0116536 -0.0160387 6.76846
-0.0211849 -0.0273271 37.9316
-0.020996 -0.00751941 34.8252
-0.00927685 -0.00782018 23.439
0.000881415 -0.00444051 13.6911
-0.00801682 0.00478189 21.7563
0.00323194 -0.00886126 12.1297
0.0584081 -0.0379628 -37.031
0.0817815 -0.0869363 -56.7095
0.0787607 -0.0216385 -59.339
-0.0344969 0.0106336 62.5439
-0.0301567 0.029392 54.5357
-0.00910225 0.00504119 33.3173
0.0134263 0.040465 3.69226
0.0167374 0.0220235 1.01475
0.0293472 0.0214432 -14.7624
0.072161 -0.0462493 -59.942
0.00344959 0.0166381 3.46235
0.00102977 0.0176605 3.40389
-0.0169244 0.00809535 5.38524
-0.012464 0.00608825 5.22038
0.0492777 -0.0444906 5.53423
0.0819653 -0.0308931 1.28384
-0.0484414 -0.013495 15.7155
0.0289081 -0.0215276 -0.836232
0.0245596 -0.0182456 -0.261865
0.0199647 -0.00387047 -1.10769
0.0268206 -0.00475168 -2.73672
-0.00173067 0.0103455 3.0442
-0.00927554 0.00945434 4.4849
-0.000152826 0.0119083 1.59029
0.000124712 0.0162992 1.02514
-0.00181053 0.0106525 2.25694
0.0173791 0.0379333 -7.35087
-0.0215088 0.0266111 8.30883
-0.00556245 0.00301976 4.70339
-0.00601374 -0.000732647 5.35083
0.00600822 -0.022165 2.66066
0.023544 -0.0336902 -3.76819
0.00201633 -0.043946 8.29553
-0.0069092 -0.06015 14.1849
-0.00468398 -0.0511292 12.1398
-0.0215036 -0.046413 20.5688
-0.00764196 -0.0314453 11.0568
0.00922101 -0.0448139 3.39701
0.00189397 -0.00792753 3.50027
0.0429112 -0.0373025 -18.1942
0.03031 -0.0071603 -13.4991
0.0241696 -0.023918 -7.72
0.0251612 -0.0382253 -6.85754
0.0170918 -0.0326202 -1.75356
0.0204799 -0.0224332 -5.70429
0.0299247 -0.0208336 -13.2413
0.0433574 -0.0185926 -23.8026
0.0484842 -0.0266063 -26.8937
0.0419144 0.0160087 -26.7548
0.0310296 0.00327399 -16.3329
0.104792 -0.0810249 -69.1711
0.0096736 -0.0168471 8.44922
-0.0319025 -0.0323535 47.7812
-0.0108381 -0.0251545 27.2381
0.00334554 0.000167369 11.0386
0.0193294 0.0126399 -6.03852
0.057982 0.0411083 -47.8427
0.0647924 0.0399611 -54.4459
0.0284127 -0.0530963 -4.16681
0.0492829 -0.0809474 -22.9581
0.0187821 -0.00716587 5.95629
-0.0189474 0.0209388 43.8943
-0.0237309 0.044691 46.1224
0.00830504 0.00143725 14.2878
0.0189145 -0.0094336 3.8215
-0.00234075 0.0385284 22.6664
0.0264893 0.0211084 -10.6371
0.046808 0.00881651 -34.2436
0.0015919 0.0201347 3.11603
-0.0226878 0.0120115 17.7687
-0.0366762 0.0256283 16.2981
-0.0525112 0.0535469 13.3508
-0.017955 -0.00552841 7.16892
-0.0129735 0.0395839 11.6873
-0.0847961 0.0903089 14.6665
0.0243696 -0.0103294 -1.50391
0.032262 -0.0137766 -2.3052
0.0288412 -0.00891152 -2.19842
0.029811 0.00479236 -4.43434
0.0277614 0.00426633 -3.66659
-0.0101045 0.0124019 4.35822
-0.000349374 0.0112937 1.77491
0.00442204 0.0135083 0.0757377
0.0184457 0.016608 -5.22257
0.0762502 0.0220702 -26.1802
-0.0442458 0.00265531 20.0509
-0.013061 0.0090424 7.08759
-0.00307196 0.00556944 3.54785
-0.00620725 -0.00199913 5.84997
0.00541876 -0.00234851 0.756871
-0.012792 -0.0154223 11.1386
-0.0102525 -0.0437184 13.7583
0.00279225 -0.0412488 6.92584
-0.00327753 -0.046657 10.3537
-0.0012707 -0.0564631 10.6065
0.0201468 -0.0645032 -0.8798
0.0484688 -0.0424751 -19.7249
0.0284791 -0.0340683 -9.52558
0.0502453 -0.0370709 -22.2581
0.0150124 -0.0314691 -0.349624
0.0334641 -0.0384161 -12.714
0.0226796 -0.0217801 -7.4602
0.0363831 -0.00971487 -19.4144
0.0326218 -0.0137422 -16.1329
0.040501 0.0140915 -25.8551
0.0742112 0.0165604 -53.4836
0.0727513 0.0423498 -55.7541
0.0441987 0.0436983 -31.9499
0.344457 -0.0771122 -279.924
-0.0128788 0.00442512 25.489
-0.0185221 -0.00702471 31.8914
0.0196851 -0.011722 -3.12376
0.0220132 -0.00172329 -6.9679
0.0345212 0.00427651 -19.9655
0.0600768 -0.00706799 -43.4344
0.0214554 -0.0298971 -1.7707
-0.0236154 -0.0748795 51.1755
0.0611809 -0.138373 -29.3611
0.0251461 -0.0143259 -0.644013
0.00916934 -0.00274877 15.6901
-0.0204671 0.0213388 45.6099
-0.0028816 -0.0405827 32.6187
-0.00385966 -0.0295413 31.2997
0.0358997 -0.0194631 -16.498
0.00441793 -0.00443839 19.5905
0.0268159 0.0274461 -12.6209
-0.0100726 0.0230677 15.5388
-0.00322522 0.0244448 15.3989
-0.028597 0.0426523 13.4299
-0.0353709 0.0426143 13.9099
-0.032075 0.0649502 9.42299
-0.0239891 0.0588684 9.74586
-0.0379561 0.0335097 15.5132
0.0147634 0.00578459 -2.27772
0.0183005 -0.00201129 -1.67215
0.0283806 -0.0178309 -0.859105
0.0358431 -0.0028498 -4.79764
0.0197245 0.00668817 -1.79754
0.0102346 0.0175461 -1.76372
0.000893389 0.019014 -0.0151235
0.013114 0.015377 -3.13923
0.0203642 -0.00718946 -2.35396
-0.00567905 -0.00983564 8.84334
-0.0249027 -0.00829798 14.1431
-0.000411355 0.00408068 2.72998
0.00649185 0.014456 -2.09672
-0.0254801 -0.0289076 19.1191
-0.00140159 0.0282494 -0.993731
-0.0879145 0.0382958 39.0344
-0.0127776 0.00150466 8.14973
-0.0288445 -0.00433566 17.4719
-0.0252484 -0.0164577 17.6445
-0.00363384 -0.048078 10.5333
0.00965998 0.195525 -37.068
0.0247259 -0.0251891 -9.02031
0.0486262 -0.0374738 -22.4821
0.0410311 -0.0473191 -15.778
0.0174344 -0.0729703 4.04563
0.0307491 -0.00932575 -15.5355
0.0247346 -0.00346952 -11.9823
0.0311862 0.0162713 -19.3776
0.0661956 0.0283194 -47.8262
0.0489759 0.0498752 -37.5859
0.0642721 0.0421372 -48.9826
0.0713757 0.0331715 -52.7937
0.0591331 0.0362455 -43.306
0.045507 0.0553343 -34.9158
0.0226533 0.0421846 -12.2511
-0.00101015 0.0493323 7.19187
-0.00784438 0.0582262 12.5012
0.0560805 -0.00238101 -39.5242
0.0224952 0.0538594 -16.0196
0.0240638 0.0120073 -10.6071
-0.0310456 -0.0609024 57.8196
-0.0471621 -0.103678 80.45
0.0287631 -0.123562 2.5749
0.696395 -0.000701822 -738.632
0.0181894 0.00308332 4.65093
-0.00381178 0.00902809 28.1652
-0.0576972 -0.0227263 93.2054
0.0292523 -0.0382003 -6.23154
0.0730052 0.0652758 -74.1175
0.0540469 0.0969297 -56.5207
0.0364463 0.107039 -36.5983
-0.00225873 0.036282 13.1305
-0.00468306 0.0330223 14.0943
-0.0108326 0.0401505 12.904
-0.012015 0.0614606 8.68165
-0.0256039 0.0771191 6.71096
-0.034049 0.0949457 4.6966
0.0115536 0.00926805 -2.35528
0.0138273 0.01932 -4.59506
0.0154219 -0.0011048 -1.31524
0.0149876 -0.00444272 -0.644797
0.056466 -0.00606109 -9.13079
0.0145485 0.0249047 -3.67455
0.0248758 0.0501921 -11.7751
0.0215066 0.0236334 -6.64733
-0.0313258 0.00743996 17.9924
-0.0279754 0.0258083 8.33392
0.0187137 -0.020362 0.517958
-0.0281626 0.106523 -4.65604
0.0318374 0.046344 -17.6204
0.0576784 0.354564 -86.4148
-0.0167793 0.208155 -25.1536
0.00159003 0.171123 -27.9505
-0.0120558 0.0245601 3.95564
0.00685111 0.0504095 -9.94278
-0.0503897 0.195868 -6.05968
-0.00133055 0.23361 -38.7047
0.0232845 0.234627 -53.3169
0.0565583 0.154614 -56.8686
0.0259802 0.174126 -41.8888
0.0225068 0.186799 -44.0941
0.0375254 0.194418 -54.8037
0.0519385 0.222526 -69.6155
0.0241205 0.326544 -69.8458
0.0273906 0.0662682 -25.1274
0.0310891 0.117397 -32.3525
0.0501739 0.0292281 -35.3076
0.0514709 0.0264406 -35.3455
0.054194 0.0274583 -37.942
0.0653042 0.0198189 -45.5998
0.0469347 0.0202992 -29.9149
0.0442454 0.0138436 -26.4836
0.0369464 0.0251069 -22.0412
0.0295481 0.0364451 -17.4922
0.0335209 0.042014 -21.7224
0.0169474 0.0963952 -17.1225
0.02087 0.0938197 -20.8494
-8.56193e-05 0.0969318 -0.23712
-0.0871306 0.0287243 99.8298
-0.082305 -0.10237 117.017
0.0720707 -0.118314 -44.0722
0.168518 0.165231 -193.116
0.0940081 0.0434788 -87.0698
0.0627749 0.0824284 -58.5364
0.0015361 0.104322 7.50205
0.0762493 0.440275 -146.494
0.0940613 0.282347 -137.604
0.0416686 0.167426 -52.9258
0.00328899 0.179215 -7.78852
0.00642502 0.0481162 10.7648
-0.00142423 0.0454217 11.5469
0.0215895 0.060674 7.08645
0.022055 0.0836348 2.06316
-0.0315061 0.0739235 9.06559
-0.0448577 0.065356 12.4176
-0.038709 0.0594103 13.0318
-0.108381 0.0445272 25.8833
-0.0468739 0.0515427 12.3447
-0.0267126 0.0467124 9.18486
-0.0394695 0.0493074 11.4543
-0.0338792 0.0671787 5.7327
-0.0506724 0.00587367 23.431
-0.0166761 0.0152508 11.9122
-0.0267888 0.0268665 12.7772
-0.037979 0.054053 10.7557
0.00319717 0.154709 -24.1207
0.00390391 0.340843 -62.2115
0.0255313 0.367052 -76.2878
0.0189129 0.350907 -69.0795
-0.00690682 0.258396 -39.7191
-0.00729716 0.261166 -39.118
-0.0142932 0.252479 -34.3874
-0.022188 0.28451 -37.5338
-0.0103602 0.28597 -44.0973
-0.000129858 0.289783 -50.3445
0.00605571 0.286403 -53.0014
0.0303058 0.264323 -63.0071
0.0131733 0.236775 -47.2268
0.0152267 0.270787 -55.4693
0.0293437 0.259265 -62.0005
0.0457782 0.26295 -73.7536
0.0706974 0.230349 -84.0806
0.0807091 0.204512 -85.2508
0.0684209 0.19012 -73.2885
0.0943407 0.139018 -81.2568
0.045181 0.0236612 -30.2176
0.0511384 0.00930458 -32.1552
0.0680559 0.00961169 -46.1221
0.0545945 0.0108402 -34.9293
0.0641721 0.00699275 -42.8221
0.0375529 0.0172855 -21.2912
0.0405538 0.0224212 -25.0866
0.0231718 0.0244301 -9.15171
0.0274935 0.0661683 -21.7077
0.0206586 0.0738307 -16.8104
0.0217891 0.0963281 -22.2732
0.0467686 0.0644013 -39.8054
-0.00793211 0.0618887 17.5629
0.0314114 0.110439 -34.7671
0.134512 0.0927005 -141.977
0.12968 0.0954966 -137.012
0.0827437 0.0858046 -82.0508
0.0510936 0.0874506 -46.3125
0.03307 0.130342 -34.6272
0.0677547 0.123415 -73.748
0.074444 0.17468 -92.6466
0.0728993 0.144303 -84.7082
0.0112607 0.0683036 6.40303
0.0274638 0.0922874 0.587682
-0.000191658 0.0790126 5.02065
-0.00236471 0.0773689 5.54767
-0.0333936 0.0298868 18.3998
-0.0304024 0.0461672 14.6976
-0.059744 0.0479451 18.0905
-0.104361 0.063079 21.4358
-0.0813759 0.113324 4.42687
-0.0437791 0.0847304 4.25019
-0.0264934 0.129493 -9.59307
-0.0150328 0.120754 -10.4295
-0.0226015 0.308696 -50.4255
0.0324938 0.413536 -88.7934
0.0102268 0.435713 -87.0642
0.152334 -0.0342875 -21.5527
0.000619064 0.345741 -61.3358
-0.0207219 0.215713 -21.9383
0.00496947 0.318449 -56.6301
-0.0100349 0.27789 -41.3729
-0.0153279 0.266504 -36.6479
-0.00760992 0.279371 -43.5217
-0.00368988 0.28709 -47.323
-0.0123295 0.289008 -43.438
-0.00285093 0.30593 -52.0262
0.00730866 0.315334 -59.59
0.00311481 0.315962 -57.3161
0.00465573 0.313128 -57.6529
0.00814679 0.303579 -57.7672
0.00866045 0.290326 -55.1983
0.0345297 0.284063 -70.4916
0.0388866 0.286865 -73.8083
0.0454667 0.29127 -79.4977
0.0588471 0.246975 -79.1542
0.0511717 0.22657 -68.978
0.0631835 0.194062 -70.3883
0.110254 0.0785463 -80.3516
0.092813 0.109446 -72.7072
0.0955981 0.109822 -74.6599
0.092362 0.136127 -77.7249
0.0850108 0.269011 -101.573
0.0421658 0.394474 -92.5312
0.0444449 0.397526 -95.0226
0.048747 0.497524 -121.687
0.0284663 0.105363 -30.783
0.0248202 0.0888622 -23.9153
0.0239122 0.10505 -26.4543
0.0370672 0.173539 -54.8208
0.0267261 0.101254 -27.5894
0.0467505 0.150407 -60.3195
0.123677 0.0962219 -130.991
0.111957 0.0961522 -116.985
0.0675148 0.0700169 -61.1283
0.0524099 0.0688968 -43.8073
0.0623092 0.0624578 -53.816
0.0621947 0.0631216 -53.8931
0.0619485 0.0992459 -61.7323
0.0802172 0.114017 -87.3106
0.0166566 0.0817393 3.13909
0.00309304 0.0699945 6.42921
-0.00762889 0.0542678 11.0087
-0.0263768 0.03916 15.8171
-0.100175 0.0771923 12.2895
-0.085976 0.0553657 19.8043
-0.0390407 0.0421896 15.9619
-0.0606436 0.126861 -1.22003
-0.0321846 0.497546 -99.2668
-0.0385539 0.160047 -14.044
0.0194281 0.63021 -138.253
0.0161429 0.475971 -99.7533
0.010606 0.420838 -84.2006
-0.0113102 0.011068 27.7737
0.0157886 0.366306 -71.6517
0.00916501 0.327298 -59.7835
-0.00529165 0.301723 -48.3068
-0.00423531 0.299692 -48.4931
-0.0144835 0.275745 -39.2845
-0.0154285 0.274572 -38.7235
-0.00886296 0.293774 -46.4112
-0.00394646 0.308751 -52.1574
-0.00621392 0.309958 -51.2621
-0.0016976 0.309569 -53.3038
0.00149478 0.315921 -56.4172
0.009478 0.318324 -61.3641
0.00429151 0.324183 -59.9985
0.00534887 0.315484 -58.5551
0.000984929 0.317812 -56.5423
-0.000977488 0.315515 -54.8831
0.00851762 0.305505 -58.5433
0.0456764 0.27662 -76.1518
0.0486542 0.290115 -81.0989
0.029139 0.304417 -70.864
0.0306848 0.289288 -68.3513
0.0319205 0.281019 -67.3327
0.0370091 0.277205 -70.4752
0.0971659 0.114253 -77.9864
0.0998385 0.101998 -76.9174
0.114243 0.0862529 -84.9733
0.131688 0.0631828 -93.8857
0.118126 0.0627395 -81.7129
0.113103 0.0717944 -79.365
0.132401 0.142202 -115.305
0.112098 0.128316 -92.6489
0.080489 0.405303 -130.883
0.0772076 0.370201 -118.143
0.0361939 0.594815 -132.936
0.0131443 0.1579 -26.016
0.0322556 0.1648 -47.6791
0.0956166 0.121251 -105.949
0.0960497 0.0894292 -98.0108
0.0613477 0.0639081 -52.9795
0.0671845 0.0598286 -59.0884
0.0495559 0.0484558 -35.6482
0.0775547 0.0375607 -66.228
0.0672712 0.0344522 -53.1647
0.0974123 0.0659194 -97.7096
0.0196414 0.082308 2.97748
0.0130171 0.107986 -3.65798
-0.000371875 0.127246 -8.77536
-0.031061 0.207724 -27.4901
-0.0753584 0.133202 -4.0903
-0.0253511 -0.0226175 51.0728
0.0832894 0.648941 -158.6
0.0683707 0.583101 -138.87
0.024931 0.413738 -85.144
0.0257808 0.352164 -68.1308
-0.00197919 0.324548 -54.5295
0.0122385 0.370563 -70.6146
0.00463974 0.360542 -66.2717
0.00217447 0.2991 -49.3055
-0.0174138 0.297481 -42.8463
-0.0225633 0.26728 -33.5201
-0.0164471 0.274405 -37.8448
-0.0157396 0.282239 -40.5466
0.00165227 0.311322 -55.2697
-0.00322539 0.313215 -53.6642
-0.000614886 0.319657 -56.4873
0.00909842 0.323527 -61.9549
0.00215892 0.330153 -60.494
0.00662937 0.325942 -61.7449
0.00397172 0.318888 -58.3926
-0.00175027 0.321672 -56.0948
-0.00170564 0.316737 -54.8458
0.00570856 0.323383 -60.858
-0.00490873 0.32028 -53.5701
-0.00385588 0.329353 -56.6181
0.00946765 0.320161 -62.88
0.0221413 0.305526 -67.6207
0.0519284 0.284155 -82.4234
0.0433158 0.299367 -79.6007
0.0333597 0.310488 -75.2296
0.0251086 0.32568 -73.4455
0.0225008 0.324647 -71.197
0.0303966 0.32596 -78.0552
0.0442114 0.318478 -87.5108
0.0735331 0.147125 -66.155
0.111085 0.119981 -90.9297
0.106797 0.0492725 -68.0659
0.122938 0.0577615 -85.0707
0.116665 0.0731509 -83.4773
0.138036 0.0526649 -97.851
0.146706 0.0330767 -100.944
0.133617 0.026868 -86.3035
0.13866 0.0739477 -104.028
0.136422 0.115025 -113.517
0.124504 0.113586 -100.741
0.0976991 0.128965 -75.6012
0.0725404 0.378225 -116.201
0.0641637 0.60094 -167.461
0.0799496 0.133294 -55.944
-0.217936 0.43298 209.995
0.0451413 0.234396 -42.5332
0.0240316 0.272916 -27.8914
0.0895309 -0.0529475 -27.0318
0.0085613 0.679089 -163.218
0.0144917 0.70955 -172.303
0.0326886 0.676982 -164.185
0.0568886 0.571146 -133.877
0.0263896 -0.0324048 47.6651
-0.0852532 0.0331905 42.4247
-0.00863951 0.347676 -60.4916
0.0166393 0.370928 -71.3109
0.0191949 0.34769 -65.2714
0.00804096 0.320422 -55.4951
-0.00926094 0.3165 -50.4822
-0.0117913 0.3058 -46.7383
-0.0223348 0.26483 -32.4114
-0.0337293 0.249964 -25.2648
-0.0226735 0.253585 -29.8447
-0.0214565 0.27803 -37.1885
-0.005754 0.306241 -50.7115
-0.00970733 0.313897 -51.5087
0.00239123 0.328447 -60.2405
0.00468609 0.320121 -58.7376
0.00516408 0.322962 -59.8706
0.0103746 0.328225 -63.7656
4.9937e-05 0.327533 -58.6577
0.00503278 0.326648 -60.9333
-0.00180735 0.322741 -56.1995
-0.0022122 0.323643 -56.4244
0.00769955 0.32702 -62.8891
0.0045331 0.331621 -62.3933
0.00196792 0.334266 -61.6857
-0.000976041 0.336526 -60.4431
-0.0107031 0.338295 -54.6934
0.000867259 0.326693 -58.8027
0.0202613 0.316346 -69.2389
0.0543373 0.288521 -85.062
0.0671612 0.280322 -91.4991
0.0406894 0.321535 -83.7183
0.0256021 0.331251 -75.275
0.0191161 0.333229 -70.7439
0.0172979 0.336683 -70.1819
0.018788 0.340457 -72.3713
0.0303209 0.336341 -81.2735
0.059777 0.260914 -85.33
0.105986 0.116583 -85.7046
0.0980277 0.140156 -85.5033
0.139699 0.0573375 -101.226
0.141263 0.0336118 -96.1962
0.121874 0.0388782 -78.1747
0.130765 0.0376327 -86.6366
0.14612 0.04556 -104.433
0.162958 0.059151 -126.368
0.144804 0.0526506 -104.982
0.12942 0.0453297 -86.0237
0.0970607 0.0654007 -55.7662
0.114957 0.0677522 -76.9752
0.110119 0.123188 -87.9743
0.114185 0.215832 -120.378
0.0664709 0.253546 -73.7249
0.109573 -0.00448046 -43.821
-0.00570467 0.369769 -69.5141
-0.00299661 0.379181 -72.5808
0.016877 0.315071 -53.124
-0.0206584 0.314924 -50.5043
0.00212814 0.326497 -55.7248
-0.00871562 0.327843 -54.6369
-0.00934439 0.337042 -57.4868
-0.0046747 0.331131 -56.2126
-0.00811967 0.304243 -47.3803
-0.0156106 0.268561 -34.8242
-0.0166121 0.255779 -30.7754
-0.0369121 0.231819 -18.9379
-0.0260122 0.258256 -30.3019
-0.0172969 0.265698 -34.9453
-0.00416881 0.299915 -49.5157
0.00417807 0.313183 -56.2052
0.00762967 0.324533 -60.918
-0.00106818 0.323667 -57.4372
0.00478466 0.318554 -58.1218
0.00391586 0.317028 -57.4015
0.00819124 0.324317 -61.5206
0.00133701 0.330475 -60.3825
0.003951 0.325975 -60.1878
0.00129862 0.323858 -58.309
0.000361457 0.324726 -58.0881
0.00928362 0.331159 -65.0079
0.013856 0.335249 -68.7784
0.0075309 0.333765 -64.6841
0.00124389 0.337249 -62.0977
0.00278716 0.334085 -62.0436
-0.0165404 0.333596 -49.3357
-0.00638504 0.32409 -53.2385
0.0222255 0.316417 -70.4795
0.0213482 0.311228 -68.1497
0.0647681 0.270882 -87.4234
0.072018 0.264292 -90.3655
0.0465919 0.29729 -81.0164
0.0255681 0.329861 -74.8419
0.0164252 0.33876 -70.1514
0.0291636 0.328598 -77.7374
0.0252594 0.333014 -75.7188
0.0234022 0.3214 -70.5539
0.0272106 0.316466 -72.4913
0.037105 0.276705 -69.388
0.0333299 0.2769 -65.5747
0.0542087 0.213449 -65.4384
0.0833759 0.129279 -67.6327
0.109014 0.0972067 -83.0368
0.142635 0.0342614 -98.1304
0.124564 0.0193549 -73.9474
0.145009 6.05276e-05 -90.1292
0.136179 -0.00568635 -78.6626
0.119791 0.00325378 -63.373
0.127916 0.0288835 -80.8721
0.170133 0.0335971 -131.129
0.152792 0.096234 -129.55
0.16147 0.168332 -162.671
0.185669 0.00913456 -142.46
-0.00864388 0.364468 -67.7101
-0.0114432 0.352929 -63.7144
0.00197104 0.337955 -59.3794
-0.00679443 0.328651 -55.3067
-0.0161294 0.321949 -51.9374
-0.0290521 0.278759 -35.9725
-0.0197528 0.273338 -35.3282
-0.0313346 0.239472 -22.2421
-0.0399941 0.214458 -12.6563
-0.032011 0.223949 -17.5404
-0.0195248 0.256546 -31.2185
-0.0155497 0.282516 -40.9222
0.00627391 0.31767 -58.2528
0.00217703 0.31923 -57.4992
0.00776331 0.326909 -61.7183
0.00315383 0.321943 -58.5289
0.0036242 0.3207 -58.2833
5.58415e-05 0.31665 -55.597
0.00257574 0.316135 -56.4565
0.00659235 0.327692 -62.0446
0.00934266 0.33122 -64.368
0.00735836 0.318767 -59.1831
7.39614e-05 0.323297 -57.376
0.00476133 0.321892 -59.4204
0.00440328 0.3166 -57.4114
0.0149345 0.322293 -65.1835
0.0110325 0.327465 -64.5105
-0.00259216 0.327216 -56.658
0.00322941 0.325106 -59.4563
-0.00543726 0.319295 -52.0308
-0.00391265 0.327098 -55.6644
0.00175568 0.331856 -61.0573
0.00859662 0.323558 -62.9927
0.0118953 0.309601 -60.5728
0.016639 0.304097 -62.3727
0.071289 0.255529 -87.5992
0.0853468 0.245083 -94.4444
0.0541784 0.290782 -84.8906
0.0227555 0.336916 -74.7775
0.0188035 0.331239 -69.7381
0.0248743 0.326566 -73.3142
0.0196351 0.329427 -69.7044
0.0218406 0.331137 -72.293
0.0222771 0.319109 -68.6632
0.034247 0.296977 -72.7557
0.0494176 0.24401 -70.0557
0.0368153 0.248783 -59.1435
0.0690505 0.186634 -71.2665
0.0935498 0.124359 -76.084
0.0989421 0.0897903 -70.2236
0.112801 0.033851 -66.5564
0.131828 0.0195264 -82.1837
0.131027 0.0331996 -85.3005
0.115727 0.0460301 -72.7415
0.162563 0.0350389 -123.45
0.187226 -0.00034279 -140.321
0.173367 -0.0638646 -102.103
0.132223 -0.0251769 -64.9807
-0.0190963 0.359318 -65.832
-0.018043 0.344649 -60.63
-0.0201698 0.321839 -52.3241
-0.0368624 0.28018 -36.137
-0.0330274 0.264018 -30.7439
-0.0449247 0.222687 -14.9434
-0.041594 0.206248 -9.5407
-0.0300665 0.219316 -16.1732
-0.0155418 0.246779 -28.5102
-0.00130009 0.271033 -40.0129
0.00708133 0.283269 -46.3303
0.012002 0.320694 -60.675
0.00928224 0.326658 -61.9902
0.00641425 0.318894 -58.4601
0.00110321 0.319302 -57.0175
-0.000101054 0.308993 -52.8815
0.00294174 0.311205 -54.7549
0.00453567 0.313875 -56.3048
0.0119812 0.325227 -63.2687
0.0141383 0.326064 -64.5324
0.00585444 0.323639 -60.0611
-0.000456595 0.315089 -54.2556
-0.00287002 0.320574 -55.058
0.00211855 0.318539 -56.8995
0.000964259 0.314084 -54.7652
0.0164922 0.313246 -62.7776
0.0107387 0.309153 -57.9651
0.00195996 0.306809 -52.2427
-0.000171862 0.314706 -53.7038
-0.00265076 0.309286 -50.2019
0.00107374 0.307013 -51.9096
-0.00150647 0.311742 -51.8556
0.00342795 0.292818 -48.6695
0.011871 0.315353 -62.5766
0.00331828 0.307942 -53.7226
0.0168912 0.288972 -57.3962
0.0795567 0.24116 -89.1296
0.0925684 0.248678 -101.436
0.0391202 0.33215 -86.8992
0.0224134 0.337635 -74.9623
0.0262594 0.335508 -77.7085
0.0240494 0.338691 -76.8234
0.0193036 0.330321 -69.5251
0.0205929 0.320937 -67.3837
0.0134094 0.328751 -63.4143
0.0261311 0.297265 -64.9227
0.0225982 0.300727 -62.541
0.0100017 0.290641 -46.125
0.019888 0.236195 -36.8944
0.0621743 0.186696 -63.9644
0.0918941 0.0834734 -60.2062
0.115199 0.117599 -97.6344
0.121652 0.0695487 -87.53
0.107795 0.0410857 -61.5629
0.124636 0.00407395 -67.7184
0.136604 -0.0484038 -63.6285
0.152839 -0.0910257 -68.2694
0.163054 -0.0386615 -98.6002
-0.0337552 0.357413 -64.9929
-0.0374682 0.333522 -56.0573
-0.0426996 0.289986 -39.7599
-0.0452491 0.260895 -29.0689
-0.0404492 0.230684 -18.4967
-0.044218 0.176577 1.44704
-0.034291 0.196036 -7.04764
-0.0180909 0.235101 -23.7534
-0.00769882 0.237884 -26.6663
0.0144706 0.276249 -44.9884
0.0108567 0.294724 -50.99
0.0105901 0.307717 -55.5894
0.00563998 0.304301 -53.0128
0.00368121 0.29406 -48.8196
0.00249123 0.292764 -47.9834
0.000780472 0.295015 -48.1893
0.00288556 0.307757 -53.401
9.05385e-05 0.294513 -47.6462
0.00736212 0.302695 -53.4142
0.0148217 0.291981 -52.5996
0.00511006 0.300701 -51.6011
-0.00161581 0.303981 -49.6896
-0.0053623 0.301519 -47.0465
-0.00546819 0.299761 -46.341
0.00607793 0.2873 -47.8692
0.0067397 0.276637 -44.4002
0.0091536 0.280062 -46.8606
0.0078587 0.282543 -47.0542
0.00558053 0.295374 -50.3069
-0.0110544 0.288193 -37.2749
-0.00432839 0.255542 -29.9159
0.00895851 0.269 -43.6691
0.00718214 0.302437 -54.458
0.0110325 0.308247 -59.3333
0.00519578 0.31787 -58.5185
0.00172121 0.304582 -51.2478
0.0396315 0.223679 -51.3339
0.0983971 0.241509 -103.767
0.0584844 0.32903 -102.269
0.0378849 0.331594 -85.8173
0.0173992 0.340407 -71.7172
0.0170204 0.32546 -65.9224
0.0173567 0.295806 -55.3297
0.0127336 0.304142 -53.905
0.0256443 0.300117 -64.8079
0.0192608 0.329706 -69.415
0.0164676 0.333669 -68.0347
0.00350302 0.294313 -40.4799
0.0109278 0.200761 -14.1829
0.0317273 0.208961 -39.0891
0.067845 0.141344 -53.7692
0.09432 0.103933 -69.3307
0.106371 0.0823392 -74.6762
0.10758 0.0497226 -64.1075
0.0941675 -0.0444369 -14.366
0.129771 -0.0350526 -60.2018
0.179113 -0.0333235 -120.499
0.200493 -0.0264286 -149.046
