0.00942227 -0.0551781 21.4164
0.00711627 -0.0740414 21.77
-0.0344612 -0.059553 22.6797
-0.0529344 0.000687337 22.3118
-0.0604203 -0.0373281 24.3881
-0.0457163 0.00306042 21.8102
-0.0196698 0.00665378 18.5841
-0.0324216 -0.0119461 20.6188
-0.0245384 -0.00540554 18.6867
-0.0111986 0.0217581 15.8962
-0.432504 -0.0300409 118.754
0.0258933 0.0518992 11.1937
0.0268168 0.0250745 11.1651
0.00750547 -0.0192069 17.2652
-0.0150331 -0.0014716 23.4294
-0.0288163 -0.0202571 28.4385
-0.0170752 -0.00830104 23.9197
0.0288868 0.0246833 6.56026
0.037421 -0.00717694 4.16654
0.00143314 -0.0157278 19.1296
-0.0172436 -0.020196 26.7674
-0.0292736 -0.0176462 32.4275
-0.0720116 -0.0275099 52.3373
-0.109929 -0.0134415 71.0443
-0.0983862 0.0169679 63.8727
-0.000780842 -0.0125277 12.8604
0.0724764 -0.389135 -27.3191
-0.00403276 0.0183637 6.7716
-0.010931 0.0273119 10.7198
0.00174771 -0.00725264 3.39612
0.0699823 -0.00740361 -40.4937
0.0705048 -0.00499147 -40.9876
0.292191 -0.058405 -190.983
0.0851639 0.0110877 -51.4639
0.127061 0.0964406 -83.1602
0.162403 0.132496 -109.813
0.113873 0.0702712 -71.4163
0.0145019 0.00117619 7.27812
-0.0152361 -0.026472 31.0105
9.01716e-05 -0.0097746 18.4664
0.142977 -0.237773 -81.025
0.11035 -0.0218099 -50.3651
0.0878144 -0.0155902 -30.4064
0.00929921 -0.00620511 41.4094
-0.00310359 0.0219618 52.3011
-0.0305542 0.0221093 78.5482
-0.00359249 0.006383 52.1895
-0.00175632 0.0354413 50.3767
0.000241766 -0.0244604 49.3227
-0.00866412 0.0115973 52.8778
-0.000774699 0.044684 43.855
0.0599163 0.0426631 -21.8087
0.144303 0.00636039 -114.364
0.125968 -0.000487379 -92.773
0.101243 0.00711418 -64.5445
0.085924 0.00183318 -46.4018
0.0558372 0.0138224 -10.9519
0.0436605 0.023867 3.43812
0.0145391 -0.0504183 21.3061
-0.00993516 -0.0562855 22.3172
-0.00867039 -0.0314277 20.642
-0.0510369 -0.0114904 22.3368
-0.0453371 -0.00558316 22.1912
-0.0476452 0.0117683 22.0436
-0.0257706 -0.00584175 19.5108
-0.033691 -0.0139663 20.716
-0.0314478 -0.00245469 19.9854
-0.0237208 0.0622737 4.78824
-0.0233659 0.0727384 4.34387
0.0332921 0.00690036 9.94633
0.0158984 -0.00882744 14.908
0.00122577 -0.0226529 19.2192
-0.0201502 -0.0134343 25.2295
-0.0160989 -0.028856 24.0887
-0.00245059 -0.00266939 18.4558
0.0227039 0.000999572 9.30197
0.0314403 -0.0157791 6.93594
-0.00591072 -0.0218463 22.4144
-0.0182218 -0.0189167 27.3826
-0.0420405 -0.0288774 38.6346
-0.0696495 -0.0341561 52.3433
-0.105464 -0.0189823 69.2094
-0.107193 -0.00484339 69.2757
-0.0957312 -0.0063415 63.2419
-0.142557 -0.0610768 90.4116
0.0115648 -0.0168151 -1.34767
0.0445663 0.0229111 -22.3924
0.014058 -0.00939725 -4.36743
0.0604367 -0.0158595 -34.2776
0.0900106 -0.0184031 -54.0934
0.0991408 0.0323745 -60.9095
0.136324 0.100311 -90.253
0.151885 0.118195 -101.17
0.121846 0.0764346 -77.1152
0.0436055 0.0214977 -15.7715
0.0279984 0.0253278 -3.85687
0.0888812 -0.0726619 -29.3038
0.0651241 -0.0568194 -10.0382
0.0904894 -0.0380874 -33.2875
0.111262 -0.0471238 -50.7956
0.0923192 -0.0452936 -33.5492
0.0465284 -0.0284285 7.56301
0.00161548 -0.0199198 49.0607
-0.0335296 -0.0084506 82.2245
-0.0245964 -0.0168078 73.7719
0.00314869 -0.0223876 46.3741
-0.0227569 0.0226012 67.2781
0.0362481 0.0845692 23.0977
0.0372986 0.19154 18.2112
-0.00815132 0.0746762 71.6239
-0.0092991 0.0637621 73.247
0.11606 0.0158153 -82.1317
0.112057 0.0181907 -77.6331
0.0843191 0.0120472 -44.7626
0.0773553 0.0340476 -37.1566
0.0524132 0.0369324 -7.57367
-0.00271487 -0.0233292 20.2757
-0.00940533 -0.0126353 19.9739
-0.0205319 0.00138456 19.9074
-0.0469913 -0.00657732 21.9699
-0.0552771 -0.01818 23.8281
-0.0373639 -0.0144512 21.8838
-0.0341115 -0.00379373 20.7244
-0.0352162 0.00952593 20.025
-0.0480751 0.00566012 22.5276
-0.540806 -0.00865641 120.34
-0.0342152 0.113188 5.27004
0.0160125 -0.00703248 14.6927
-0.0116718 -0.0434351 23.9109
-0.00669544 -0.0411434 22.3714
0.00870477 -0.0393868 17.6361
-0.0204774 -0.0170733 25.4017
0.00470674 -0.0137577 16.5441
0.0305971 -0.0192759 7.72985
0.0152162 -0.0176977 13.4312
-0.0047111 -0.0248083 22.0749
-0.0346626 -0.056274 36.7886
-0.0519763 -0.116085 47.5035
-0.0454064 -0.0809476 43.0167
-0.0306725 -0.0568993 34.2505
-0.0777585 -0.0044607 53.5928
-0.093379 0.0360232 60.1955
-0.0946222 -0.0923689 63.7988
-0.00716916 -0.0375969 9.77758
0.0153721 -0.0305355 -4.01607
0.0475146 -0.0123656 -26.204
0.018712 0.00659196 -7.6115
0.0880361 0.0139907 -52.9935
0.13013 0.0746976 -84.5089
0.111624 0.0628187 -70.8766
0.117421 0.0698763 -74.1273
0.0641111 0.0170308 -31.6036
0.0563331 0.013194 -25.7111
0.0637841 0.0269214 -32.2856
0.0667651 -0.0297806 -13.5075
0.0832623 -0.0769539 -24.769
0.0700074 -0.0468943 -14.6066
0.10494 -0.0496068 -45.2663
0.0887709 -0.0450252 -31.2807
0.0479652 -0.0463788 6.83123
0.0156609 -0.0458768 36.7216
-0.0106137 -0.0148404 59.8937
-0.0435061 0.0204959 90.3649
-0.0729371 -0.0109053 121.432
0.0780395 0.0345532 -17.9556
0.0389159 0.0567345 21.7183
0.0144458 0.080484 46.9069
-0.0103889 0.0632343 74.8649
-0.0179993 0.0395003 84.1464
-0.00190861 0.0083373 67.3664
0 0 -1
-0.0308442 -0.00176315 101.674
-0.209961 -0.0650846 318.337
0.035445 0.05976 12.3025
0.00630893 -1.87175e-05 18.736
0.00695857 0.00538463 18.2517
-0.0111598 0.0160665 18.3396
-0.0434578 0.0126676 20.5812
-0.0531552 -0.00376892 22.9506
-0.0458181 -0.0053628 22.0601
-0.0189171 0.0108608 17.6334
-0.036534 0.0168934 20.108
-0.0856223 -0.0168486 31.1097
-0.301472 0.002227 72.0942
-0.0380424 0.133273 4.7375
-0.0455742 0.136708 6.27797
0.34804 -0.158743 -68.6519
0.0281411 -0.0665831 13.7499
0.00476264 -0.0165169 17.374
0.00742651 -0.0959028 21.3097
0.00714401 -0.0728436 19.8661
0.00939588 -0.0583725 18.2222
-0.0110592 -0.053313 25.7315
-0.0225135 -0.0598921 30.809
-0.0330267 -0.0850023 36.7551
-0.0559881 -0.121206 49.1445
-0.0236995 -0.11961 33.2681
-0.00482058 -0.0903837 21.8319
-0.0223796 -0.0463038 27.5705
-0.0483891 -0.00250055 38.2004
-0.0115613 -0.0474046 13.3231
0.00191095 -0.0428979 4.7801
0.0259839 -0.01853 -12.1555
0.0743025 0.00726799 -43.4872
0.118488 0.035818 -74.7635
0.10733 0.0377593 -66.1815
0.108911 0.0448537 -67.8045
0.117297 0.0225426 -71.6856
0.0777436 0.00532361 -41.6633
0.0771362 0.00270474 -41.2054
0.0744695 -0.000837129 -38.8498
0.102572 0.00632928 -61.6667
0.0621908 -0.00109549 -11.5272
0.0664506 -0.0343928 -12.8786
0.0887596 -0.0241781 -33.2161
0.103593 -0.0383349 -44.2558
0.0816247 -0.0166526 -26.3391
0.0469072 -0.0378337 6.9002
0.0325186 0.0134619 16.3333
0.0300214 0.0538094 16.1639
0.0070688 0.0182119 41.0903
0.0967497 0.00240765 -35.2248
0.0820334 0.0031432 -19.5713
0.0414111 0.00912401 22.2882
0.0157314 0.0273935 48.6574
-0.0197229 -0.00512873 89.4278
-0.0242455 -0.00846514 94.1792
-0.0209305 0.000406624 89.5655
-0.031058 0.00247369 101.314
-0.0866123 -0.0129161 167.813
-0.165239 -0.00800367 260.794
0.0117172 0.0114748 43.8117
0.0232961 0.0209931 16.8359
0.0257916 0.0488583 14.0836
-0.00484779 0.0637359 13.9932
-0.0384631 0.0693422 15.4266
-0.0627167 0.0407854 19.5398
-0.0218755 0.048147 14.4637
-0.0428846 0.0340289 18.6592
-0.048973 0.00459525 22.9061
-0.0910709 -0.0165915 32.7787
-0.14268 0.00658316 39.1869
-0.0439161 0.10793 8.51035
-0.0532761 0.0675129 15.3844
0.0200478 -0.0056858 3.56937
0.0559294 0.0186589 -9.01055
0.0483078 -0.126908 10.5709
0.0489413 -0.126223 9.55017
0.0900144 -0.0892805 -8.51096
0.0368901 -0.0661876 8.68509
-0.0103135 -0.0340824 23.4252
-0.0367597 -0.0568879 36.5255
-0.090344 -0.0929006 62.1214
-0.0638701 -0.104012 51.2112
-0.0423675 -0.102639 41.1141
-0.03658 -0.137339 41.4406
0.0026278 -0.0675618 16.3897
-0.0107141 -0.0201932 19.1211
-0.036107 0.00313998 23.2193
-0.0105477 -0.00152118 8.89369
0.0351542 0.042191 -23.4054
0.103135 0.0790995 -68.5203
0.0961268 0.0328736 -59.3274
0.116256 0.0333118 -71.6961
0.111008 0.021583 -66.9575
0.0838974 0.017659 -47.5065
0.0768612 0.00722405 -41.3602
0.0767432 -0.00284879 -40.5282
0.0804129 0.00221246 -43.9252
0.000783945 -0.00441946 19.1776
0.067379 0.00125353 -15.8219
0.0668485 -0.00134177 -15.4212
0.109359 0.00820041 -52.1091
0.11833 0.0301356 -62.053
0.0806513 0.0526647 -30.6679
0.0481884 0.0455783 -0.983911
0.0382203 0.0451795 7.91671
0.0245519 0.0404692 22.1247
-0.00287368 0.0298585 48.8766
0.0933688 -0.0125466 -30.2888
0.0783286 -0.0358211 -12.5308
0.0498618 -0.0308968 16.5405
0.0194354 -0.0322109 49.0823
-0.0257823 -0.0350415 98.1969
-0.00793655 -0.0322286 77.8484
-0.0165061 -0.0143897 86.0721
-0.0200225 -0.0093786 89.7881
-0.0353862 -0.00504295 107.366
-0.0579988 -0.0736704 135.499
-0.0865194 -0.0891422 172.013
0.0425869 0.0223433 16.6025
0.0459676 0.026443 16.0828
0.0431625 0.0230354 16.7842
-0.0359243 0.0984791 12.6526
-0.0600455 0.273538 -5.30309
-0.000751484 -0.0197323 42.6556
-0.0584875 0.1345 10.6475
-0.0679577 0.0438675 21.7116
-0.0778994 0.0123939 26.4741
-0.106424 0.0384882 28.4962
0.0381024 -0.00904363 15.1145
-0.0384488 0.0109124 17.0828
0.0141293 0.0153734 2.62878
0.0588345 0.0134067 -9.08986
0.0187249 -0.0275546 8.18794
0.0488587 -0.0834845 4.54714
0.161043 -0.0561399 -36.3711
-0.0131516 -0.00231418 21.4158
-0.0237615 -0.0119212 26.8194
-0.0826828 -0.0379759 53.6045
-0.0828511 -0.062145 54.9686
-0.0642981 -0.047801 45.114
-0.0808139 -0.0921672 58.0279
-0.05947 -0.0728468 44.7311
-0.0488414 -0.054463 37.5914
-0.0567923 -0.0167396 37.1802
-0.022711 0.00443276 15.5991
0.0348095 0.0263296 -20.9774
0.072235 0.0522456 -46.6745
0.0799038 0.0483739 -50.382
0.0948924 0.0449141 -59.6577
0.105669 0.0406769 -65.9257
0.112757 0.0111901 -67.2083
0.0802084 0.0152287 -44.7116
0.0678106 0.0127646 -35.3986
0.0688678 0.00829536 -35.9027
0.0838931 0.000110391 -46.2577
0.105254 0.00865794 -64.0229
0.0665379 -0.00561111 -14.519
0.0906608 -0.0139347 -33.9138
0.116994 -0.00536428 -56.7852
0.121605 0.00428338 -62.0891
0.0969476 0.0124784 -40.3112
0.0375397 0.0583082 8.16036
0.0302938 0.0547346 15.2918
-0.0132877 0.0541329 56.7019
0.00544858 0.0300367 40.9239
0.0679504 -0.0361782 -2.03976
0.0606752 -0.0523515 7.43798
0.0409356 -0.0302589 25.4719
0.0148959 -0.0352991 53.8715
-0.0280852 -0.0413918 101.194
-0.00593776 -0.0372162 75.9595
-0.0025626 -0.043612 73.1128
-0.0169618 -0.0375068 89.0464
-0.0104438 -0.0348311 81.0358
0.0387923 -0.0353159 14.2085
0.00694372 -0.0265787 51.9211
0.0409357 0.00907467 18.4005
0.0325727 -0.00129004 20.1447
0.0346207 -0.00488598 20.542
0.0233959 0.0252362 17.1431
0.00591584 0.00403057 38.7515
0.00204604 0.010625 38.0126
0.00966492 0.0174565 35.9848
0.0360186 0.0339615 29.8245
0.048853 0.0503719 26.1145
-0.0297338 0.0214848 44.0819
-0.0085156 0.0164413 39.7347
-0.0101433 0.0130306 40.6985
-0.0583769 -0.0179619 57.1014
0.0628454 0.00494036 -9.30634
0.0322328 0.00337547 0.397082
-0.010593 -0.0212305 16.7394
-0.0417757 -0.0360565 28.4452
-0.0485036 -0.0468705 32.9499
-0.069415 -0.0177151 45.9575
0.0188706 0.0970948 -5.03336
-0.0245414 -0.0927089 33.3466
-0.0587161 -0.046109 42.1609
-0.062413 -0.0315363 40.0511
-0.0302405 -0.0408821 26.0916
-0.0329259 -0.029614 25.4988
-0.0365567 -0.0291053 27.5272
-0.00606757 0.00648732 5.54973
0.0133695 0.024392 -8.18866
0.0811034 0.0465293 -51.5571
0.0835203 0.0302152 -50.4178
0.0998304 0.0465752 -62.8805
0.0966859 0.0640701 -63.1578
0.0992732 0.0301349 -60.4818
0.085553 0.0157331 -48.3717
0.0581044 0.0184621 -29.1305
0.0693721 0.0116581 -36.7494
0 0 -1
0.0105767 0.0441185 13.9326
0.0449164 0.188888 -34.5995
0.00747689 0.0376677 17.2708
0.141033 -0.0120478 -77.1288
0.143345 -0.0179294 -78.4724
0.126874 -0.00498293 -65.4554
0.0581151 0.0151067 -5.35118
0.01321 0.035383 34.0094
-0.016706 0.0519799 60.5939
-0.0191438 0.0501047 63.0195
-0.00880621 0.0496959 52.2229
0.0876975 -0.039484 -22.3058
0.0508998 -0.0173995 13.373
0.00844653 -0.0274166 59.8657
-0.0199112 -0.0370436 91.6061
-0.00353587 -0.0313156 72.6151
-0.000376031 -0.0295151 68.7864
-0.0194649 -0.0414695 92.1799
0.0926809 -8.12637e-05 -55.4909
0.0807593 -0.0177088 -38.62
0.0479612 -0.00628835 -0.365159
0.0381946 -0.00428891 20.378
0.0425349 0.00405341 18.888
0.0328478 0.0074327 18.5067
0.0420212 0.0120403 17.3643
0.00408343 0.00784179 38.2786
0.004833 0.0163597 36.6847
0.0133389 0.0120232 36.349
0.0374658 0.0194269 31.502
0.0209895 0.0123715 36.5464
-0.0198091 0.0131085 44.0093
-0.0257924 0.0138269 44.0522
-0.0386133 0.00142652 49.5051
-0.0855013 0.00710661 60.5516
-0.102595 -0.0149245 68.1746
0.0175344 0.0307961 0.452457
-0.0477912 0.044874 18.6334
-0.0474619 0.0914106 10.7138
-0.00383716 0.0334954 4.45335
0.0956031 0.0787874 -40.2795
0.0276481 -0.0082523 -1.86027
0.0075106 0.00606725 4.27864
-0.0419355 -0.00834344 28.1291
-0.0639829 0.02175 33.1279
-0.0473049 0.0191815 25.4377
-0.0299776 0.0492117 11.8179
-0.0179689 0.0345918 7.70336
0.0039877 0.0729515 -10.5761
0.0172043 0.0686297 -17.5149
0.0831431 0.0416976 -52.0793
0.107706 0.034075 -66.3979
0.119328 0.0487348 -75.16
0.0793922 0.0594752 -50.7504
0.0923648 0.0716459 -62.3171
0.0743788 0.0512447 -45.8434
0.0510895 0.0499242 -28.5714
0.0531653 0.0549087 -30.8114
0.0441263 0.0157657 -8.02466
0.0139288 0.0230771 14.9741
0.00644077 0.0269987 20.2576
-0.00141995 0.029107 25.9108
0.133004 -0.0316848 -67.7012
0.156633 -0.0282737 -89.144
0.137953 -0.0223264 -72.6367
0.0804253 -0.0077732 -22.6222
0.0350286 0.00597608 17.642
0.0111257 0.0274863 36.8234
-0.0138539 0.0316094 60.7087
-0.0323216 0.0500005 75.81
0.0636413 -0.0177692 -0.402163
0.048095 -0.00983459 14.806
-0.00962207 -0.0165052 77.2744
-0.0174866 -0.0168022 85.6004
-0.00726688 -0.0174347 74.3577
-0.00277327 -0.0133666 68.9541
0.0901369 0.00196647 -52.5799
0.0978634 0.00134799 -61.6535
0.0774643 0.00338212 -37.7867
0.0760384 0.00380042 -35.8677
0.0324712 -0.018731 22.918
0.0293287 -0.0393321 26.8069
0.0507415 -0.0248004 23.6945
0.0110372 -0.0354028 28.2822
-0.00233887 0.0075304 39.0142
0.0175497 0.00452418 37.3059
0.0137243 0.0125379 36.1362
0.0313099 0.00154028 35.9794
-0.0132911 -0.016221 47.5132
-0.00291814 -0.0101301 44.1101
-0.04266 0.0231453 46.4197
-0.0382784 0.0250149 45.1379
-0.0844924 0.0251005 57.3922
-0.136271 0.00368487 74.6546
-0.175214 -0.037741 94.2312
-0.0332012 0.122445 2.32388
-0.0456486 0.14149 2.14737
-0.0030608 0.0987289 -5.5834
0.150476 0.0502897 -55.2212
-0.0235291 0.0874421 3.45944
0.0273568 0.0623318 -14.5154
-0.0516408 0.0631109 21.1021
-0.0476718 0.112911 9.42631
-0.0664578 0.0965134 21.5392
-0.031939 0.0852323 6.43498
0.00538093 0.233251 -39.8602
0.0158425 0.134104 -27.0661
0.0289038 0.191204 -45.8297
0.0717238 0.0908979 -53.3042
0.0993468 0.0807061 -68.6945
0.133048 0.0754968 -88.9956
0.117748 0.0861142 -80.4139
0.081116 0.0817426 -54.7225
0.0790909 0.0655468 -50.6891
0.0575173 0.0586742 -34.4795
0.119811 0.0199344 -67.5225
0.110761 0.0281039 -61.9731
0.0772702 0.0544675 -40.7317
-0.000664312 0.0276531 25.7489
-0.0263798 0.00759664 50.2397
0.134964 -0.00754578 -73.6573
0.167803 -0.0133612 -102.333
0.163768 -0.0382418 -93.3879
0.0973693 -0.00473439 -39.1604
0.0749892 -0.00141029 -19.2011
0.0275754 0.0340523 19.7601
0.0145931 0.03823 31.8001
-0.00273671 0.0533774 45.644
0.0696646 0.000282128 -9.65644
0.0243964 0.0142903 35.6514
-0.00422436 0.016808 65.8998
-0.00640243 0.0153475 68.0986
-0.00944412 0.0142469 71.7676
0.00277232 -0.0095154 62.0783
0.0937956 0.00237535 -57.0644
0.0833596 0.00372925 -44.8506
0.00586834 -0.0221755 85.7879
-0.0192275 0.0221737 107.236
0.0243248 -0.0255781 24.2564
0.026172 -0.0363119 26.3275
0.0300644 -0.0552436 29.8497
0.042041 -0.0712883 32.2342
-0.00859951 -0.00349998 41.8163
0.00449657 -0.00534394 40.5788
0.0165385 -0.00457498 38.9974
0.0260371 -0.0233194 41.368
0.0257542 -0.0239875 41.6564
-0.0683533 0.138841 29.4161
-0.0420799 0.0665524 37.8759
-0.0602027 0.0422214 47.1538
-0.10807 0.0178661 64.4345
-0.141477 -0.00194506 77.0536
-0.195394 -0.00587544 93.4274
-0.135332 0.0182143 68.5152
-0.116103 0.0395444 57.8453
-0.00706426 0.166379 -16.8808
-0.0349881 0.141946 -0.309284
-0.0852409 0.168313 14.8334
-0.0515882 0.153783 3.49429
-0.0588733 0.162415 5.44078
-0.0194974 0.254403 -31.6039
0.00658553 0.324761 -58.8335
0.0302376 0.33758 -73.4727
0.0039025 0.326069 -57.0122
-0.00111967 0.324402 -53.9023
-0.00515984 0.273342 -41.1422
-0.00874922 0.295848 -43.3217
0.0422234 0.229842 -61.2901
0.110511 0.0982895 -78.92
0.108513 0.0914542 -75.7361
0.0762201 0.0856214 -52.4211
0.0505495 0.0625719 -30.133
0.0428797 0.0450505 -21.1802
0.140533 0.0104495 -81.7733
0.135793 0.017628 -79.4839
0.12892 0.0222578 -75.0419
0.142002 0.0232703 -85.8046
0.142874 -0.00623279 -80.3333
0.136079 -0.00271199 -75.3172
0.134071 0.00500545 -75.1323
0.147784 0.0199598 -90.5289
0.132688 0.0109295 -74.7163
0.0814212 0.0543539 -35.676
0.0845239 0.116938 -52.0545
0.0247648 0.0376116 21.5412
0.0456459 0.0555778 -2.99169
0.0840983 0.0211077 -28.8426
0.0572981 0.0268374 -1.78184
0.0311949 0.0472629 21.9649
-0.0113923 0.0527686 66.533
-0.0168679 0.0153029 79.7958
-0.0193436 0.0157625 82.5694
0.0102428 -0.0105639 53.4566
0.0138444 -0.0156866 51.1022
0.0591837 -0.0161698 20.365
0.0476831 0.00349441 29.8669
-0.0418628 -0.0855185 86.5957
-0.0430106 -0.0750243 84.2583
-0.044125 -0.0561755 80.0346
-0.0616285 -0.0181911 72.1808
-0.0972961 -0.00782709 72.9468
-0.139757 -0.0259513 81.4484
-0.136436 -0.0399152 84.4684
-0.137077 -0.0232275 80.8735
-0.124551 0.0097682 71.1621
-0.135096 -0.000567819 75.3621
-0.133369 0.0475219 63.9474
-0.11566 0.00998626 68.0347
-0.147015 -0.00794404 80.1107
-0.143483 -0.0081467 78.8634
-0.167799 0.00892428 82.2334
-0.147227 0.00871671 74.5227
-0.123828 0.0164791 65.3818
-0.124014 0.0402897 60.2655
-0.00619745 0.214735 -27.7102
-0.026092 0.222027 -21.5109
0.00554987 0.279523 -48.2831
-0.002026 0.284236 -45.922
0.0186474 0.327622 -65.3112
0.0289573 0.334774 -71.9552
0.0152661 0.33066 -63.9006
0.00195008 0.328656 -56.506
-0.00297691 0.323348 -52.7029
0.00427563 0.324906 -57.1099
0.00261822 0.306089 -51.6662
0.00314137 0.318678 -55.1738
0.0176239 0.310133 -62.2203
0.0295613 0.287791 -65.1244
0.0618678 0.19236 -65.7872
0.0519839 0.247363 -71.8547
0.100618 0.137031 -82.5167
0.168149 0.0499986 -111.328
0.13857 0.0277833 -83.6121
0.129136 0.0253853 -75.9044
0.137591 0.025186 -82.6907
0.137736 0.0198998 -81.7743
0.137049 0.00422212 -77.6733
0.139162 0.0099478 -80.75
0.137474 0.000923369 -77.1622
0.138519 -0.00108579 -77.65
0.135007 0.0124712 -77.3088
0.0829217 0.0787983 -42.2115
0.139975 0.0302106 -86.2694
0.113576 0.0445279 -63.0668
0.0766831 0.0661249 -30.0121
0.0530314 0.0589377 -3.37504
0.0363501 0.0771296 9.95508
0.109344 0.0896694 -71.4422
0.00855308 0.0139842 51.7561
-0.0145366 0.0301008 74.2212
-0.00620551 4.99623e-05 70.5382
-0.0669962 0.740989 -12.616
0.145 -0.0263368 -80.7468
0.0565588 0.00931418 18.057
-0.0320923 -0.0890308 87.3642
-0.0308482 -0.079636 84.9981
-0.018185 -0.0740116 83.1076
-0.0491081 -0.0436335 77.7022
-0.096613 -0.0152211 74.7824
-0.134711 -0.0438111 85.3458
-0.130881 -0.0431566 84.5102
-0.124909 -0.0444423 83.8172
-0.128351 -0.0427407 83.7696
-0.126014 -0.0293484 80.1037
-0.140561 -0.020546 80.7934
-0.122983 -0.0167876 75.1799
-0.124685 -0.0215287 77.1302
-0.118187 0.00222544 69.0764
-0.167431 -0.017846 88.3656
-0.138894 -0.00420378 75.2566
-0.08321 0.0324874 46.9418
-0.0668226 0.0633389 33.6082
-0.00983788 0.271117 -39.6866
-1.45808e-05 0.291066 -48.2182
0.00987632 0.323158 -60.1924
0.0180875 0.33518 -66.7524
0.0167358 0.337672 -66.5476
0.0180222 0.322232 -63.4184
0.0065297 0.323871 -57.78
0.00259374 0.327087 -56.4407
-0.00284713 0.326456 -53.3096
0.00386814 0.324864 -56.6033
-0.000375647 0.312988 -51.3494
-0.00650721 0.326416 -51.0003
0.00424746 0.310428 -53.9206
0.0290526 0.291031 -65.5969
0.0289521 0.28482 -64.0494
0.0424449 0.253986 -66.3874
0.0533009 0.236823 -70.3084
0.0741373 0.179421 -71.4878
0.124676 0.0355303 -74.8608
0.135161 0.0204541 -79.385
0.137363 0.0258343 -82.4573
0.135411 0.031916 -82.3328
0.129902 0.0427338 -80.4253
0.127967 0.0310529 -75.9587
0.132018 0.0219417 -77.3286
0.133719 0.0116892 -76.3661
0.143329 0.0080317 -84.436
0.136574 0.0185689 -80.4166
0.136342 0.0132493 -78.8451
0.125762 0.0193523 -69.2256
0.0900521 0.0131462 -30.9275
0.0319132 0.0207944 28.3009
0.0654071 0.0225899 -8.53871
0.125222 0.0086848 -69.8881
0.146862 -0.00659648 -90.2652
0.155181 -0.0224516 -95.6629
0.188451 -0.0868053 -117.676
0.157493 -0.0467768 -91.679
0.187242 -0.0322358 -130.381
0.107897 -0.0103432 -39.5955
0.000729858 -0.116543 94.0295
-0.00065458 -0.144479 101.391
0.00864275 -0.0962315 87.3894
-0.0571939 -0.0613957 82.7748
-0.129636 -0.0512805 86.6091
-0.139554 -0.065156 90.7182
-0.107476 -0.0248566 76.0579
-0.138937 -0.0208725 79.7157
-0.0944383 0.00457075 65.2165
-0.13111 -0.00538459 74.6948
-0.135709 -0.00906787 76.3474
-0.127097 0.00527194 70.3515
-0.11214 0.0212724 62.445
-0.11852 0.0350563 60.4748
-0.0883665 0.139921 22.9824
-0.079387 0.233311 -5.40826
-0.0490847 0.267959 -25.0573
0.0162614 0.342445 -68.0494
0.0198136 0.324714 -64.7817
0.0141188 0.335405 -65.1609
0.0176229 0.32679 -64.4062
0.0226884 0.334541 -68.4665
0.0156697 0.330539 -64.1305
0.00430456 0.324431 -56.9227
0.00180712 0.316348 -53.4035
0.00462512 0.312619 -53.9838
0.000153014 0.310917 -51.0152
0.00753625 0.318291 -57.1255
-0.002732 0.319639 -51.5438
-0.00383396 0.323252 -51.7977
0.00511288 0.319643 -56.7483
0.00892305 0.308773 -56.4449
0.0128488 0.304778 -58.1201
0.0206986 0.285746 -58.5254
0.0308935 0.272393 -62.5921
0.0330957 0.262205 -61.6001
0.0356148 0.252836 -60.9402
0.0626327 0.215467 -72.2157
0.107097 0.0525557 -64.7222
0.144324 0.0259109 -88.5176
0.138569 0.0321422 -85.1048
0.131502 0.0443337 -82.1032
0.130726 0.0458637 -81.9692
0.116662 0.0484566 -69.7577
0.138898 0.0266993 -84.9203
0.138154 0.0228844 -83.1746
0.140389 0.0307892 -87.675
0.122626 0.0270885 -68.6998
0.102624 0.00963264 -43.2982
0.0599084 0.0074518 2.23186
0.0477226 -0.000538761 16.605
0.102235 0.000249908 -42.7153
0.13425 -0.00321061 -76.9768
0.15841 -0.0151092 -101.094
0.163704 -0.029563 -103.343
0.18445 -0.0245901 -129.486
0.197413 -0.0145424 -146.808
0.154647 -0.0148182 -95.2258
0 0 -1
-0.0260145 -0.10312 91.0533
0.00972368 -0.138266 98.9275
-0.017571 -0.0986999 90.0502
-0.0670414 -0.0699818 86.0133
-0.11666 -0.0638538 87.2681
-0.0511799 -0.0321222 70.4046
-0.100034 -0.000649547 68.9083
-0.0970299 0.022429 61.5767
-0.11385 0.0182051 65.412
-0.126998 0.0475449 58.4391
-0.096594 0.0745712 43.4826
-0.0776745 0.0968786 32.2776
-0.0617415 0.111108 22.9142
-0.0222738 0.230674 -22.7984
-0.0234999 0.259884 -30.6465
-0.0210167 0.30381 -43.5787
0.00556854 0.329843 -60.4582
0.0191494 0.330445 -65.9321
0.020136 0.331551 -66.5765
0.0165463 0.325678 -63.3765
0.0156641 0.325176 -62.6924
0.0163957 0.320046 -61.6403
0.00603093 0.3256 -58.0695
0.00329115 0.319195 -55.0132
0.00283518 0.321214 -55.3623
0.00338462 0.316864 -54.4297
0.0109347 0.321985 -60.176
-0.00715205 0.314861 -47.4596
-0.00071232 0.311209 -50.4453
0.000652294 0.324973 -55.3587
0.0034706 0.323266 -56.6517
0.0092321 0.312358 -57.5117
0.00364549 0.310169 -53.075
0.00891962 0.294817 -52.5175
0.0247534 0.282574 -60.6627
0.0279657 0.283916 -63.577
0.0280605 0.27448 -60.9435
0.0323942 0.264086 -61.4824
0.0519779 0.251448 -73.9701
0.0963037 0.111067 -71.1112
0.133724 0.0404644 -83.2484
0.113293 0.0633814 -71.4163
0.134812 0.0345495 -82.4866
0.128779 0.0393229 -78.2356
0.131706 0.049726 -84.0814
0.13516 0.0465846 -86.4498
0.106419 0.0624259 -62.1208
0.0964366 0.0416559 -45.9221
0.053817 0.0180836 5.41814
0.0468253 0.0135379 13.4353
0.0951433 -0.0030031 -34.1121
0.142955 -0.0214731 -81.49
0.149877 -0.0170526 -90.6402
0.154888 -0.0126134 -97.6984
0.175449 -0.00548999 -124.152
0.211645 -0.00910889 -165.679
0.161632 -0.011799 -104.459
-0.0393673 -0.103337 91.2277
-0.0526965 -0.102655 91.1851
-0.0298569 -0.149122 104.037
0.0048323 -0.356749 163.546
-0.0103342 -0.293287 146.903
-0.00972192 -0.0291236 63.2849
-0.0132523 -0.00935917 57.9735
-0.0649408 0.00504452 61.4535
-0.0845335 0.0245528 58.3618
-0.113131 0.0828088 45.7985
-0.0748172 0.0626372 42.7203
-0.0710486 0.146895 15.1813
-0.0501984 0.189151 -3.01036
0.00111373 0.236932 -31.919
0.0269204 0.296957 -57.5065
-0.000336972 0.302743 -50.577
0.00961605 0.319173 -58.8938
0.0195591 0.33273 -66.6474
0.0140894 0.327075 -62.78
0.0130777 0.326009 -61.9277
0.00516546 0.331137 -60.0397
0.0121851 0.325278 -61.3257
0.0106297 0.314895 -57.3337
0.00475957 0.315732 -54.6109
0.0086631 0.332232 -61.7549
-0.00198947 0.335363 -57.3367
0.0141384 0.318809 -61.1215
0.00434547 0.320259 -55.8203
-0.012858 0.317727 -44.8278
-0.00333853 0.3209 -51.6707
0.00396741 0.32307 -57.0109
0.00817863 0.322514 -59.5118
-0.00459534 0.327008 -52.2181
-0.00573839 0.318056 -48.6294
-0.00935703 0.317537 -46.038
0.0143618 0.292085 -55.7339
0.0267966 0.288183 -63.8014
0.018383 0.296102 -59.5276
0.0258022 0.290683 -64.0481
0.0409327 0.278335 -72.81
0.0370358 0.252928 -61.6625
0.0489341 0.25598 -72.7246
0.0688752 0.172591 -64.6469
0.121065 0.0590219 -77.412
0.128871 0.0538492 -82.9616
0.147488 0.0337716 -94.7181
0.128517 0.0402419 -78.2737
0.122628 0.0390941 -71.7537
0.07764 0.0442401 -26.8927
0.0283423 0.0315853 28.3921
0.0396923 0.0216671 19.1114
0.0585193 0.0229184 -1.98864
0.110153 -0.00634974 -49.9559
0.153797 -0.00306079 -99.5647
0.169232 -0.00123664 -118.045
0.204056 0.00407336 -160.752
0.206218 0.00971216 -164.662
0.126659 -0.0151804 -60.9478
-0.0430977 -0.0865378 85.9958
-0.0572779 -0.0685225 80.4729
-0.0836643 -0.0691398 81.6546
-0.0577743 -0.0156558 62.1533
-0.106297 0.349383 -55.1079
0.00905697 0.0685648 29.0074
0.0161478 0.0415191 36.8719
-0.0346962 0.0484945 42.0528
-0.0286226 0.0829115 29.1273
-0.0824578 0.102508 33.2269
-0.0729927 0.148611 15.6929
-0.0178151 0.259347 -33.3217
0.0154581 0.308824 -57.7315
0.0404391 0.333944 -73.212
0.0229021 0.323743 -64.6161
0.0153093 0.323136 -61.9651
0.0132634 0.325526 -62.0622
0.013332 0.325241 -61.9606
0.00927518 0.33181 -62.7478
0.0212591 0.323234 -64.5736
0.0102526 0.321949 -59.4264
0.0100276 0.321357 -59.1171
0.0124016 0.329269 -62.9149
0.00700822 0.322896 -58.1622
0.00626295 0.318906 -56.5547
0.00425335 0.329693 -58.6449
0.00695629 0.332664 -61.2957
0.00258516 0.331003 -58.2271
-0.00918024 0.314606 -45.907
0.00280337 0.323812 -56.4845
0.00755741 0.328045 -61.0932
0.00874306 0.313726 -56.9796
-0.00577243 0.327382 -51.5763
0.00347889 0.334032 -60.3536
0.0100937 0.34653 -69.4793
-0.00239419 0.335376 -55.8353
0.00827279 0.314663 -57.8188
0.0135227 0.310416 -60.2817
0.0143303 0.305381 -59.2637
0.0230122 0.305948 -66.7101
0.0338117 0.285456 -68.9308
0.0341704 0.273664 -65.6721
0.03792 0.251903 -61.8832
0.0397543 0.260348 -66.2799
0.0454985 0.176732 -43.4285
0.0742244 0.138499 -57.5139
0.113674 0.073065 -74.3475
0.125626 0.0400222 -75.3848
0.117163 0.0331689 -64.275
0.0348024 0.0287378 22.6271
0.0307455 0.025043 27.7168
0.0596708 0.0485183 -11.6862
0.117301 0.0334205 -70.4134
0.149815 0.0126573 -100.507
0.0375822 0.291186 -70.0026
0.204816 -0.00283678 -159.477
0.220895 -0.00180418 -178.394
-0.0620283 -0.0114347 168.085
-0.0095898 -0.0700681 80.1391
-0.00473822 -0.0218171 63.018
-0.0224037 0.0196821 49.0511
0.00217166 0.0683613 30.7244
-0.0105865 0.0800291 27.9556
-0.000404643 0.136769 7.15198
-0.00752833 0.124513 12.3367
-0.00890121 0.133798 9.41605
-0.00173448 0.213456 -20.2181
-0.0275402 0.178687 -3.03295
0.0022675 0.259068 -37.0823
0.0137248 0.305966 -55.9229
0.0220807 0.331481 -67.1421
0.0335576 0.342706 -74.1034
0.0168868 0.333682 -66.0952
0.0269986 0.298414 -57.5053
0.0154682 0.327472 -63.5457
0.0146887 0.32396 -62.091
0.0246872 0.37208 -82.6671
0.0161103 0.360319 -75.3427
0.0169716 0.325168 -63.35
0.00885199 0.324456 -59.4738
0.00689363 0.328606 -60.0354
0.0184821 0.33892 -69.5577
0.0123232 0.307155 -55.1523
0.00906522 0.307672 -53.9243
0.0029885 0.330651 -58.4454
0.00513448 0.323649 -57.0222
0.00448136 0.323739 -57.1686
-0.000242854 0.309259 -49.0149
-0.0107549 0.332125 -50.3388
-0.00434843 0.3165 -49.3619
0.00845743 0.324711 -60.4934
0.0155718 0.311761 -61.1786
0.0149604 0.336398 -69.2197
-0.0164283 0.310227 -36.9668
-0.00410306 0.321592 -50.5799
0.00399614 0.306874 -51.5135
0.0138819 0.299679 -56.843
0.028879 0.296328 -68.0665
0.0291068 0.287149 -64.9933
0.015396 0.296688 -56.5906
0.0319889 0.279556 -65.584
0.0306644 0.251908 -54.6981
0.0434133 0.22216 -56.3568
0.0495051 0.225317 -63.3885
0.0759159 0.159027 -66.4136
0.0752194 0.117201 -50.8836
0.0670199 0.0572536 -20.9274
0.0350382 0.0335848 20.4852
0.044361 0.0396452 8.12988
0.105046 0.0500386 -61.6182
0.108275 0.0837712 -76.5913
0.0954105 0.0896461 -64.3756
0.124483 0.0532399 -85.0549
0.170038 0.0228304 -127.315
0.226392 -0.0156145 -180.702
-0.0653643 -0.0245093 176.659
0.0186038 -0.0527448 73.7852
0.019548 -0.00264133 55.5242
0.00679527 0.0524618 36.2318
0.0151757 0.0847786 24.0648
0.00883262 0.146139 3.00095
0.0122064 0.15875 -1.68604
-0.00709547 0.167073 -2.55988
0.00662455 0.171987 -6.40142
-0.00419135 0.212398 -19.0617
0.00418389 0.245179 -32.3691
0.0207011 0.278652 -47.7273
0.0221633 0.290458 -52.482
0.024267 0.310057 -60.057
0.0255183 0.324199 -65.3699
0.0218006 0.320708 -63.0233
0.0156612 0.333037 -65.4999
0.015895 0.329897 -64.52
0.0197371 0.336197 -68.187
0.0213837 0.339935 -70.1663
0.0169571 0.351646 -72.6083
0.00625684 0.333122 -61.4503
0.00724954 0.330934 -61.0343
0.00332722 0.308095 -51.1473
0.0107242 0.309942 -55.3618
0.0157705 0.306234 -56.7008
0.00581404 0.321593 -56.8223
0.00436587 0.324513 -57.0602
-0.00168072 0.324034 -53.3959
0.00541094 0.333841 -61.2146
-0.00393323 0.329581 -53.7944
-0.0160597 0.325779 -44.6681
-0.000780734 0.329236 -56.2159
0.0095555 0.321937 -60.4363
0.00665565 0.324254 -59.1901
0.00101164 0.316857 -52.3547
-0.0110878 0.315604 -42.9453
-0.00516897 0.320094 -49.0291
-0.0116969 0.291211 -33.4592
0.014497 0.268495 -46.4307
0.0246483 0.261635 -52.2678
0.0308615 0.244092 -51.3377
0.0203608 0.272896 -52.6315
0.0173686 0.258771 -44.9351
0.0140412 0.244768 -36.7104
0.0363386 0.21733 -47.7985
0.0499822 0.225998 -63.9327
0.0541341 0.19966 -58.66
0.054414 0.131462 -34.2574
0.036472 0.0791908 2.96758
0.0367616 0.0716063 5.34241
0.0556391 0.0840197 -19.3557
0.0799056 0.0640137 -38.641
0.111771 0.06691 -74.8399
0.13444 0.0802569 -105.048
0.119325 0.081247 -88.2897
0.147003 0.0384497 -105.465
0.187188 -0.000656482 -138.759
-0.0476655 -0.0279676 156.281
