0 1 3
1 2 3
2 3 1
3 4 3
4 5 3
5 6 3
6 65 3
8 65 3
8 9 3
9 10 3
10 68 3
11 68 1
11 12 3
12 13 3
13 14 3
14 15 3
15 16 3
16 18 3
18 19 0
19 20 3
20 21 1
21 22 3
22 23 3
23 24 3
24 25 3
25 26 3
26 27 0
27 28 1
28 29 0
29 30 1
30 31 3
31 32 3
32 33 3
33 34 3
34 35 0
35 36 1
36 37 3
37 38 3
38 39 3
39 40 3
40 41 2
41 42 1
42 43 0
43 44 3
44 45 3
45 46 3
46 47 3
47 48 1
48 49 3
49 50 3
50 51 1
51 52 3
52 53 3
53 54 1
54 55 3
55 56 3
56 57 3
38 96 3
39 96 3
28 86 0
29 86 3
42 99 0
27 86 3
33 92 3
40 98 3
41 98 2
41 99 0
4 63 3
5 63 3
8 66 3
34 92 3
48 106 3
54 113 3
55 113 3
3 61 3
44 102 3
49 106 3
0 58 3
2 61 1
65 66 3
31 89 3
31 90 3
52 110 3
57 115 3
1 58 3
16 75 3
22 80 0
23 81 0
30 87 3
30 88 3
30 89 3
32 90 2
56 115 3
4 62 3
62 63 3
6 64 3
9 68 3
12 70 3
18 75 3
23 80 0
23 82 0
29 87 3
87 88 3
52 111 3
13 70 3
16 74 3
80 81 3
24 82 0
25 83 0
26 83 0
91 92 3
39 98 3
98 99 2
46 104 3
51 110 3
110 111 3
53 111 2
1 59 3
2 59 3
5 64 3
9 67 3
15 73 3
16 73 3
81 82 3
32 91 3
33 91 3
34 93 3
36 94 3
39 97 3
42 100 3
45 104 3
2 60 3
3 62 3
9 66 3
11 69 3
12 69 3
14 72 3
73 74 3
19 77 3
20 77 3
26 84 0
27 84 3
27 85 3
88 89 3
35 93 1
35 94 1
37 95 3
96 97 3
99 100 1
45 103 3
47 105 3
50 108 3
51 109 3
58 59 3
59 60 3
67 68 3
13 72 3
15 72 3
74 75 3
20 79 3
21 79 0
85 86 3
90 91 3
92 93 3
94 95 3
37 96 3
43 100 1
103 104 3
104 105 3
105 106 1
108 109 1
109 110 3
54 111 3
54 112 3
56 114 3
114 115 3
60 61 1
63 64 3
66 67 3
18 77 0
24 83 0
83 84 3
84 85 3
97 98 3
43 101 3
44 101 3
44 103 3
50 107 3
55 114 3
69 70 3
20 78 3
22 79 0
93 94 1
95 96 3
102 103 3
49 107 3
107 108 3
68 69 0
72 73 3
77 78 3
79 80 3
82 83 1
86 87 3
101 102 3
106 107 3
64 65 3
113 114 3
61 62 3
89 90 3
111 112 3
75 77 3
78 79 3
100 101 0
112 113 3
13 128 3
77 135 3
70 128 3
72 128 3
80 138 3
79 138 3
75 135 3
85 144 3
87 145 3
95 153 3
69 127 3
96 153 3
111 169 3
74 133 3
75 133 3
85 142 3
91 150 3
92 150 3
110 169 3
133 134 3
78 136 3
84 142 3
107 165 3
115 173 3
61 119 0
63 122 3
67 125 3
72 130 3
89 148 3
90 148 3
153 154 3
96 154 3
97 156 3
98 156 3
108 165 3
59 117 3
60 119 3
62 119 0
64 122 3
65 123 3
68 125 3
83 141 3
86 144 3
89 147 3
102 160 3
112 170 3
58 117 3
63 121 3
66 123 3
68 127 0
73 131 3
74 131 3
75 134 3
77 136 3
79 137 3
82 141 1
144 145 3
87 144 3
88 145 3
90 149 2
91 149 3
92 151 3
93 151 3
94 152 3
98 157 3
99 157 2
101 160 3
106 165 3
58 116 3
60 118 3
62 120 3
63 120 3
64 123 3
66 124 3
69 128 3
131 133 3
137 138 3
81 138 3
81 139 3
82 140 3
147 148 3
149 150 1
95 152 3
97 155 3
100 158 3
103 161 3
104 162 3
105 163 3
106 164 3
109 167 3
113 170 3
114 172 3
114 173 3
117 118 3
119 120 1
121 122 3
67 124 3
128 130 1
73 130 3
134 135 3
82 139 3
84 141 3
148 149 3
150 151 3
151 152 1
154 155 3
156 157 3
100 157 3
101 158 1
160 161 3
161 162 3
162 163 3
163 164 1
108 166 1
108 167 1
110 167 3
110 168 3
116 117 3
123 124 3
79 136 3
138 139 3
139 140 3
141 142 3
89 145 3
101 159 0
164 165 3
166 167 2
118 119 3
130 131 3
135 136 3
142 144 3
155 156 3
158 159 0
165 166 2
112 169 3
172 173 3
136 137 3
152 153 3
157 158 3
120 121 3
127 128 3
140 141 1
145 147 3
124 125 3
125 127 0
147 204 3
167 168 3
169 170 3
113 172 3
147 205 3
170 172 3
122 123 3
131 190 0
159 160 1
133 190 3
166 224 1
204 205 3
149 208 0
150 208 0
170 229 3
172 229 3
125 184 0
131 189 0
145 203 3
166 225 2
127 184 0
147 203 3
224 225 3
168 169 3
128 187 0
128 188 0
130 188 0
142 200 3
142 201 3
169 227 3
122 180 3
123 180 3
187 188 3
137 195 3
141 200 3
144 201 3
203 204 3
151 208 0
156 214 3
157 214 3
160 219 3
161 219 3
167 225 3
168 227 3
170 228 3
119 177 3
123 181 3
124 181 3
130 189 0
136 193 3
138 195 3
157 216 2
158 216 3
162 220 3
163 220 3
228 229 3
173 231 3
120 177 0
124 182 3
125 182 3
127 185 0
128 186 3
190 191 3
133 191 3
135 193 3
136 195 3
141 199 3
200 201 3
144 202 3
148 206 3
153 211 3
154 212 3
160 218 3
168 225 3
169 228 3
172 231 3
118 177 3
121 180 3
128 185 0
139 197 3
140 199 1
152 210 3
155 213 3
158 217 0
218 219 3
116 174 3
117 175 3
120 178 3
121 179 3
184 185 3
185 186 1
188 189 3
134 191 3
134 192 3
134 193 3
136 194 3
138 197 3
140 197 3
140 198 3
199 200 3
202 203 3
148 207 1
149 207 3
207 208 0
208 209 3
151 209 0
153 210 3
211 212 3
156 213 3
157 215 3
159 217 2
160 217 3
161 220 3
163 221 1
164 222 3
165 223 3
227 228 3
174 175 3
118 175 3
178 179 3
194 195 3
198 199 1
206 207 3
209 210 1
154 213 3
216 217 0
217 218 3
219 220 3
221 222 1
222 223 3
166 223 2
168 226 3
179 180 3
191 192 3
197 198 3
147 206 2
212 213 3
213 214 3
220 221 1
225 226 3
177 178 1
186 187 0
193 194 3
215 216 3
189 190 3
195 254 3
138 254 3
210 211 3
214 215 3
226 227 3
180 181 3
205 206 3
229 230 3
182 184 0
197 254 3
201 202 3
223 224 1
172 230 3
230 231 3
181 182 3
192 193 3
182 241 0
184 241 3
215 273 3
175 177 3
205 263 3
213 271 3
193 252 3
212 271 3
189 248 3
193 251 3
194 252 3
204 263 2
186 244 3
190 248 3
192 251 3
251 252 3
205 264 3
177 235 3
185 244 1
191 248 3
206 264 3
227 285 3
178 235 0
179 237 3
200 258 3
263 264 3
207 264 3
216 275 3
217 275 1
180 237 3
181 240 3
185 243 3
199 258 3
218 275 1
220 278 1
225 283 3
227 286 3
178 236 0
182 240 3
243 244 1
188 246 3
219 277 1
224 283 3
226 284 3
227 284 3
229 287 3
235 236 3
179 236 0
181 239 3
187 246 3
202 260 3
204 261 3
204 262 3
222 280 3
285 286 3
228 286 3
175 234 3
180 239 3
189 246 3
191 249 3
203 260 3
203 261 3
207 265 3
216 274 2
218 276 1
230 287 3
230 289 3
231 289 3
175 233 3
177 234 3
192 249 3
195 252 3
253 254 3
197 255 3
197 256 3
198 256 3
198 257 1
199 257 3
264 265 3
215 274 3
274 275 3
219 276 1
219 278 1
221 278 3
223 281 1
224 281 3
224 282 3
174 232 3
174 233 3
180 238 3
184 242 3
195 253 3
255 256 3
201 258 3
260 261 3
262 263 3
207 266 3
208 266 1
209 267 1
210 268 3
214 272 3
214 273 3
223 280 3
282 283 3
225 284 3
230 288 3
232 233 3
233 234 3
236 237 1
237 238 3
238 239 3
239 240 3
242 243 3
192 308 3
202 259 3
265 266 3
266 267 3
267 268 1
211 268 3
212 270 3
271 272 3
272 273 3
228 287 3
241 242 3
187 303 3
189 247 3
248 249 3
249 308 3
257 258 3
276 277 1
283 284 3
246 303 3
252 253 3
254 255 3
211 269 3
212 269 3
270 271 3
273 274 3
277 278 3
280 281 1
284 285 3
286 287 3
287 288 3
234 235 3
240 241 0
244 303 0
246 247 3
275 276 2
221 279 3
288 289 3
247 248 3
278 279 3
281 282 3
251 308 3
259 260 3
222 279 0
201 259 3
269 270 3
279 280 1
269 326 3
258 259 3
268 269 3
261 262 3
263 321 3
251 309 3
251 310 3
252 310 3
256 257 1
264 321 3
308 309 3
254 313 3
255 313 3
272 331 3
242 301 3
273 331 3
281 340 3
239 297 3
243 301 3
268 326 3
282 340 3
240 297 3
309 310 3
276 334 1
240 299 0
241 299 3
246 304 3
253 311 3
274 331 2
275 333 1
284 341 3
247 304 3
248 306 3
254 311 3
264 323 3
265 323 3
274 333 1
276 333 1
283 341 3
236 294 3
242 299 3
303 304 3
247 306 3
253 310 3
256 313 3
259 376 0
262 320 3
270 329 3
271 329 3
274 332 1
332 333 3
277 335 3
279 338 1
280 338 3
232 290 3
233 290 3
233 292 3
234 292 3
235 294 3
237 294 0
238 296 3
239 296 3
303 361 3
306 364 3
256 314 3
257 315 0
258 315 0
258 316 0
258 317 0
259 317 0
261 320 3
321 322 3
267 325 3
333 334 0
276 335 2
278 336 2
284 342 3
285 342 3
285 344 3
286 344 3
288 346 3
289 347 3
233 291 3
235 293 3
237 295 3
237 296 3
244 302 3
310 311 3
254 312 3
313 314 3
256 315 3
315 316 3
316 317 3
317 376 3
262 321 3
321 323 3
266 324 3
266 325 3
267 326 1
278 335 3
279 336 0
281 339 0
289 346 3
292 293 3
293 294 3
294 295 1
295 296 3
296 297 3
243 302 1
244 361 0
249 306 3
312 313 3
266 323 3
324 325 3
280 339 2
283 340 3
341 342 3
287 346 3
290 291 3
309 368 3
314 315 3
272 329 3
272 330 3
334 335 2
335 336 0
346 347 3
291 292 3
260 376 0
322 323 3
323 324 3
325 326 1
330 331 3
331 332 3
335 393 1
338 339 3
339 340 1
287 344 3
301 302 1
261 376 0
269 329 3
334 393 1
336 337 1
279 337 1
340 341 3
342 344 3
297 299 0
302 361 0
311 312 3
329 330 3
375 376 3
337 338 3
299 357 3
242 357 3
317 375 3
269 386 3
342 401 3
344 401 3
247 364 3
308 366 3
329 387 3
344 345 3
249 366 3
301 357 3
320 376 3
287 345 3
301 359 3
326 386 0
345 346 3
357 359 3
306 366 3
309 366 3
310 368 3
320 321 3
322 380 3
345 401 3
291 350 3
292 350 3
312 370 3
321 379 3
321 380 3
340 398 1
341 398 3
297 356 0
299 356 3
304 361 3
311 370 3
320 379 3
269 387 3
336 394 1
337 394 3
291 349 3
363 364 3
323 380 3
290 349 3
247 363 3
324 382 0
330 387 3
295 353 3
297 355 3
315 373 3
316 373 3
323 382 0
326 385 0
294 353 1
296 355 3
304 363 3
376 377 3
320 378 3
326 384 0
386 387 3
339 398 1
345 403 3
346 403 3
292 351 3
293 351 3
295 354 3
296 354 3
320 377 3
378 379 3
325 384 1
385 386 3
333 391 3
333 392 2
334 392 1
294 351 3
355 356 0
304 362 3
306 365 3
379 380 3
323 381 3
331 388 3
391 392 3
398 399 3
341 399 3
346 405 3
347 405 3
290 348 3
356 357 3
302 360 3
361 362 3
362 363 3
365 366 3
311 369 3
313 371 3
314 372 3
377 378 3
381 382 0
325 382 0
325 383 3
331 389 3
337 395 3
338 396 3
339 397 3
349 350 3
294 352 3
301 360 1
360 361 0
311 368 3
369 370 3
312 371 3
371 372 3
372 373 3
383 384 1
330 388 3
394 395 3
338 395 3
396 397 1
342 400 3
348 349 3
352 353 1
359 360 1
368 369 3
388 389 3
336 393 1
397 398 1
341 400 3
400 401 3
351 352 3
354 355 3
364 365 3
382 383 1
384 385 3
332 390 3
333 390 3
392 393 3
395 396 3
399 400 3
350 351 3
389 447 3
331 390 3
403 405 3
353 354 3
387 388 3
389 390 3
390 391 3
393 394 3
366 368 1
370 371 3
364 422 3
316 375 3
363 422 3
380 381 3
373 375 3
366 425 1
368 425 3
369 427 3
370 427 3
387 445 3
390 447 3
386 445 3
356 415 3
377 436 3
357 415 3
373 432 3
378 436 3
399 458 3
400 458 3
345 460 3
368 426 3
369 426 3
375 432 3
398 456 3
399 456 3
401 460 3
403 462 3
405 462 3
381 439 3
382 439 1
363 421 3
365 422 3
370 429 3
390 449 3
391 449 3
356 414 3
362 421 3
371 429 3
414 415 3
366 424 3
426 427 3
376 434 3
386 444 3
393 451 1
403 461 3
348 406 3
353 412 3
354 412 3
357 416 3
359 416 3
362 420 3
365 424 3
375 434 3
377 434 3
379 437 3
444 445 3
395 453 3
396 453 3
349 406 3
361 420 3
384 442 3
385 443 3
394 451 1
396 455 3
397 455 0
354 413 3
355 413 3
361 419 3
424 425 1
427 429 3
372 431 3
373 431 3
375 433 3
380 438 3
383 442 1
388 445 3
390 448 3
394 453 3
397 456 2
461 462 3
349 407 3
350 408 3
350 409 3
351 409 3
352 409 3
353 411 3
356 413 1
360 418 3
360 419 0
420 421 3
365 423 3
425 482 0
425 426 3
372 430 3
432 433 3
379 436 3
379 438 3
382 440 1
382 442 1
384 443 3
392 449 3
392 450 3
392 451 1
396 454 3
403 460 3
406 407 3
350 407 3
408 409 3
352 410 3
411 412 3
359 417 3
418 419 0
419 420 3
423 424 3
371 430 3
430 431 3
381 438 3
439 440 3
386 443 3
448 449 3
449 450 3
455 456 1
460 461 3
410 411 1
413 414 0
360 417 0
421 422 3
436 437 3
438 439 3
440 442 2
454 455 3
405 463 3
412 413 3
415 416 3
429 430 3
431 432 3
437 438 3
443 444 3
450 451 3
456 515 3
399 515 3
400 459 3
401 459 3
459 460 3
462 463 3
409 410 3
416 417 3
417 418 1
440 441 3
442 443 3
451 453 0
453 454 3
407 408 3
441 442 3
458 515 3
447 448 3
422 423 3
389 446 3
446 447 3
458 459 3
388 446 3
409 467 3
445 446 3
449 507 3
418 534 3
419 534 1
421 479 3
422 479 3
451 511 3
453 511 3
414 529 3
418 475 0
429 487 3
430 487 3
375 491 3
450 507 3
407 464 3
413 529 0
417 475 3
434 491 3
453 512 1
454 512 1
455 513 1
406 464 3
434 493 3
377 493 3
410 467 3
430 488 3
433 491 3
456 513 3
456 514 3
460 518 3
461 518 3
411 469 3
412 469 3
420 478 3
421 478 3
443 501 3
439 498 3
511 512 3
513 514 3
416 474 3
417 474 3
424 482 3
440 498 3
444 501 3
444 502 3
459 517 3
459 518 3
461 519 3
412 470 3
415 473 3
416 473 3
445 502 3
454 513 1
514 515 3
458 517 3
462 519 3
408 466 3
410 468 3
411 468 0
413 470 3
414 473 3
419 477 3
423 481 3
423 482 3
426 483 3
487 488 3
432 490 3
432 491 3
436 493 3
436 552 2
436 495 3
437 495 3
438 495 3
438 497 3
439 497 3
441 499 3
442 500 3
501 502 3
451 509 3
512 513 3
518 519 3
462 520 3
407 466 3
409 466 3
477 478 3
422 481 3
425 483 3
427 487 3
431 488 3
495 552 3
497 498 3
441 500 3
443 500 3
446 505 3
450 509 3
478 479 3
481 482 3
427 483 3
431 489 3
431 490 3
490 491 3
447 505 3
448 507 3
463 520 3
468 469 1
477 534 1
422 480 3
489 490 3
446 504 3
448 505 3
517 518 3
519 520 3
466 467 3
473 474 3
474 475 3
479 480 3
499 500 3
445 504 3
451 510 3
464 466 3
467 468 3
469 470 3
480 481 3
504 505 3
448 564 3
509 510 3
510 511 3
493 552 3
514 572 3
515 517 3
488 489 3
493 551 3
438 496 3
507 564 3
513 572 3
491 549 1
491 550 1
434 550 1
496 497 3
507 509 3
470 529 0
500 501 3
505 564 3
467 525 3
490 549 1
549 550 3
441 498 3
498 499 3
515 516 3
563 564 3
516 517 3
519 577 3
520 578 3
482 483 1
551 552 3
495 496 3
509 566 3
520 577 3
464 523 3
473 529 3
507 566 3
517 575 3
466 523 3
483 542 3
427 542 3
509 567 3
482 540 3
427 543 2
427 544 2
495 553 3
516 575 3
516 574 3
574 575 3
520 579 3
467 526 3
473 530 3
483 540 3
542 543 3
487 544 2
496 553 3
445 561 3
505 563 3
514 573 3
525 526 3
468 526 3
529 530 3
475 534 1
479 538 2
480 538 2
488 547 2
489 547 3
489 548 3
490 548 2
434 551 3
504 561 3
566 567 3
510 567 3
515 573 3
474 532 3
478 537 2
479 537 2
543 544 3
550 551 3
502 560 3
502 561 3
512 570 3
475 532 3
537 538 3
497 555 3
513 570 3
518 576 3
470 528 3
473 532 3
477 536 2
478 536 2
487 545 2
488 545 2
488 546 2
498 555 3
501 559 3
510 569 3
517 576 3
519 576 3
578 579 3
464 522 3
522 523 3
468 527 1
469 527 3
473 531 3
536 537 3
483 541 3
544 545 3
546 547 3
498 556 3
499 557 3
500 559 3
560 561 3
561 562 3
504 562 3
567 569 3
511 569 3
513 571 3
526 527 1
527 528 3
528 529 0
481 538 2
541 542 3
552 553 3
556 557 3
500 557 3
501 560 3
505 562 3
564 565 3
507 565 3
576 577 3
475 591 1
534 536 0
545 546 3
562 563 3
565 566 3
511 570 3
571 572 3
572 573 3
577 578 3
466 524 3
530 531 3
532 591 1
534 591 2
481 540 3
540 541 3
553 611 3
555 556 3
500 615 3
500 558 3
570 571 3
573 631 3
516 573 3
467 524 3
547 548 3
496 611 3
496 555 3
557 615 3
558 559 3
572 631 3
524 525 3
531 532 3
548 549 1
567 626 3
569 626 3
569 570 3
538 540 3
558 615 3
559 560 3
575 576 3
523 524 3
591 592 3
563 621 3
565 624 3
534 592 2
566 624 3
573 574 3
569 628 3
538 597 3
540 597 3
542 600 3
564 621 3
577 634 3
528 587 3
540 598 3
541 600 3
551 609 3
552 609 2
570 628 3
576 634 3
578 636 3
532 590 1
534 593 2
536 593 3
538 596 3
549 606 2
550 608 2
496 613 3
577 636 3
537 596 3
541 598 3
548 606 3
549 608 2
555 613 3
556 615 3
526 584 1
529 587 1
543 600 3
543 601 3
544 603 3
545 603 3
559 617 3
527 584 3
527 586 3
528 586 3
531 588 2
590 591 3
537 595 3
544 601 3
550 609 2
558 617 3
562 621 3
530 588 2
531 589 1
531 590 1
595 596 3
596 597 3
544 602 3
546 604 3
547 604 3
608 609 3
552 610 3
553 610 3
567 624 3
571 628 3
571 630 3
572 630 3
530 587 1
589 590 3
600 601 3
602 603 3
609 610 3
611 613 3
560 618 3
562 620 3
524 582 1
527 585 3
588 589 3
536 594 3
601 602 3
603 604 3
547 605 3
547 606 3
560 617 3
561 618 3
620 621 3
564 622 3
565 622 3
565 623 3
623 624 3
573 632 3
525 582 1
584 585 3
537 594 3
597 598 3
605 606 3
549 607 2
610 611 3
621 622 3
574 632 3
575 634 3
523 580 3
525 583 1
526 583 1
583 584 3
587 588 0
592 593 3
593 594 3
541 599 3
606 607 3
607 608 3
556 613 3
628 630 3
579 637 3
582 583 1
594 595 3
598 599 3
604 605 3
561 620 3
567 625 3
630 631 3
634 636 3
578 637 3
522 580 3
585 586 3
586 587 3
599 600 3
615 617 3
624 625 3
613 614 3
556 614 3
617 618 3
622 623 3
625 626 3
631 632 3
614 615 3
628 629 3
575 632 3
523 581 1
629 630 3
580 581 1
524 581 1
612 613 3
569 685 3
636 637 3
611 612 3
628 685 3
581 582 3
632 634 3
626 685 3
587 589 0
618 620 3
636 694 3
589 646 2
592 650 3
615 673 3
617 675 3
618 675 3
634 692 3
634 693 3
587 646 2
611 669 3
618 677 3
624 682 3
632 692 3
593 650 3
609 667 3
610 669 3
614 672 3
615 674 3
620 677 3
628 686 3
632 691 3
586 644 3
590 648 3
591 649 3
591 650 3
608 667 3
615 672 3
685 686 3
630 746 3
691 692 3
634 694 3
585 644 3
587 645 3
589 648 2
590 649 3
605 663 3
606 663 3
673 674 3
623 682 3
631 746 3
692 693 3
583 640 2
583 641 2
584 641 3
584 643 3
585 643 3
586 645 3
648 649 3
649 650 3
598 656 3
601 659 3
603 661 3
604 661 3
617 674 3
624 683 3
693 694 3
636 695 0
637 695 0
582 640 3
640 641 3
595 653 3
596 654 3
599 656 3
602 659 3
602 660 3
607 665 3
608 665 3
613 671 3
672 673 3
622 680 3
623 680 3
623 681 3
625 683 3
581 639 3
581 640 3
584 642 3
589 647 2
650 651 3
593 651 3
594 651 3
594 652 3
594 653 3
597 654 3
599 658 3
600 658 3
604 662 3
606 665 3
610 668 3
668 669 3
612 671 3
621 680 3
682 683 3
639 640 3
641 642 3
643 644 3
644 645 3
646 647 3
647 648 3
652 653 3
597 656 3
600 659 3
661 662 3
662 663 3
608 666 3
610 667 3
620 679 3
621 679 3
680 681 3
631 691 3
580 638 1
581 638 3
642 643 3
651 652 3
595 654 3
597 655 3
659 660 3
603 660 3
665 666 3
612 670 3
614 671 3
618 676 3
676 677 3
681 682 3
626 683 3
694 695 0
654 655 3
667 668 3
670 671 3
674 675 3
675 676 3
679 680 3
629 686 3
686 687 3
629 687 3
629 746 3
655 656 3
658 659 3
666 667 3
612 669 3
631 690 3
638 639 3
645 646 3
653 654 3
669 670 3
671 672 3
663 665 3
660 661 3
626 741 3
683 741 3
687 746 3
690 691 3
685 741 3
599 715 3
663 722 3
656 715 3
658 715 3
665 722 3
671 729 2
672 729 2
686 744 3
674 732 3
675 732 3
677 736 3
620 736 3
685 744 3
690 746 3
639 698 3
640 698 3
659 717 3
654 712 3
656 714 3
658 716 3
682 740 3
655 712 3
655 714 3
660 717 3
676 734 3
677 734 3
679 736 3
681 740 3
746 747 3
650 708 3
653 712 3
715 716 3
658 717 3
690 747 3
645 703 3
646 703 3
651 708 3
651 709 3
653 711 3
711 712 3
667 726 3
670 729 3
675 733 3
676 733 3
694 752 3
695 753 3
646 704 3
647 704 3
652 709 3
712 713 3
655 713 3
661 719 3
662 719 3
668 726 3
669 727 3
670 728 3
673 732 3
679 737 3
680 737 3
693 752 3
642 700 3
643 701 3
644 703 3
648 706 3
649 707 3
708 709 3
652 711 3
662 720 3
662 721 3
663 721 3
665 723 3
666 723 3
667 725 3
668 727 3
669 728 3
683 740 3
686 745 3
687 745 3
695 752 1
638 696 3
639 697 3
641 698 3
641 699 3
700 701 3
647 706 3
650 707 3
652 710 3
716 717 3
660 718 3
660 719 3
666 724 3
667 724 3
725 726 3
673 731 3
680 738 3
692 750 3
693 750 3
693 751 3
696 697 3
697 698 3
698 699 3
641 700 3
644 702 3
703 704 3
706 707 3
710 711 3
713 714 3
720 721 3
721 722 3
726 727 3
672 731 3
733 734 3
737 738 3
691 750 3
751 752 3
699 700 3
701 702 3
709 710 3
714 715 3
717 718 3
718 719 3
723 724 3
724 725 3
727 728 3
744 745 3
745 746 3
702 703 3
719 720 3
731 732 3
732 733 3
740 741 3
747 748 3
690 748 3
750 751 3
647 705 3
707 708 3
728 729 3
672 730 2
752 753 3
705 706 3
714 771 3
722 723 3
730 731 3
734 736 3
690 750 3
704 705 3
713 771 3
736 737 3
729 730 3
685 743 3
743 744 3
681 738 3
746 803 3
750 807 3
738 740 3
803 862 3
745 803 3
741 800 3
731 789 3
740 798 3
685 800 3
730 789 3
685 801 3
743 801 3
747 803 3
702 760 3
709 767 3
731 790 3
732 790 3
800 801 3
690 807 3
701 760 3
710 767 3
723 782 3
724 782 3
728 786 3
734 851 3
703 760 3
725 782 3
727 786 3
736 851 3
736 794 3
696 754 3
715 773 3
729 786 3
734 792 3
737 794 3
748 806 3
697 754 3
710 768 3
712 770 3
714 773 3
716 774 3
718 776 3
719 776 3
723 781 3
792 851 3
711 768 3
715 774 3
716 775 3
717 775 3
722 781 3
781 782 3
729 787 3
803 805 3
747 805 3
698 756 3
701 759 3
704 762 3
705 763 3
706 763 3
706 764 3
707 764 3
707 765 3
711 770 3
721 779 3
727 785 3
786 787 3
730 787 3
789 790 3
794 851 3
744 802 3
805 862 3
690 806 3
752 810 3
697 756 3
699 757 3
703 761 3
704 761 3
762 763 3
708 765 3
708 766 3
773 774 3
719 778 3
720 778 3
722 780 3
725 783 3
726 784 3
785 786 3
730 788 3
737 795 3
743 802 3
806 807 3
751 809 3
751 810 3
753 869 3
756 757 3
700 759 3
760 761 3
764 765 3
766 767 3
712 771 3
774 775 3
775 776 3
719 777 3
778 779 3
779 780 3
780 781 3
782 783 3
725 784 3
784 785 3
787 788 3
741 798 3
741 799 3
745 802 3
752 869 3
697 755 3
759 760 3
770 771 3
776 777 3
777 778 3
788 789 3
733 792 3
799 800 3
807 808 3
750 808 3
750 809 3
809 810 3
755 756 3
700 757 3
765 766 3
783 784 3
738 795 3
738 798 3
761 762 3
767 768 3
714 772 3
794 795 3
798 799 3
802 803 3
700 758 3
771 772 3
772 773 3
733 790 3
801 802 3
748 805 3
758 759 3
805 806 3
754 755 3
763 764 3
738 854 3
808 809 3
810 869 3
795 854 3
757 758 3
711 827 3
759 817 3
760 817 3
768 827 3
773 831 3
758 816 3
758 817 3
770 827 3
772 831 3
816 817 3
763 821 3
798 855 3
806 865 3
807 865 3
869 926 3
756 815 3
757 815 3
758 815 3
765 823 3
770 828 3
771 828 3
733 849 2
738 855 3
815 816 3
764 821 3
776 835 3
777 835 3
785 843 3
790 849 3
799 857 3
764 823 3
766 824 3
771 829 3
778 836 3
779 836 3
783 841 3
784 841 3
786 843 3
788 846 3
854 855 3
800 858 3
801 860 3
803 860 3
806 864 3
760 819 3
761 819 3
764 822 3
765 824 3
772 829 3
772 830 3
830 831 3
775 833 3
776 833 3
786 844 3
787 846 3
790 848 3
792 849 2
794 852 3
798 856 3
798 857 3
799 858 3
801 859 3
803 861 3
864 865 3
808 865 3
809 868 3
810 868 3
762 819 3
822 823 3
828 829 3
777 836 3
779 838 3
780 838 3
780 839 3
781 839 3
787 844 3
789 848 3
795 852 3
855 856 3
859 860 3
802 860 3
860 861 3
861 862 3
754 812 3
755 813 3
756 814 3
760 818 3
762 821 3
821 822 3
768 826 3
827 828 3
773 832 3
774 832 3
776 834 3
779 837 3
784 842 3
784 843 3
843 844 3
787 845 3
789 846 3
789 847 3
848 849 3
792 850 2
850 851 3
851 852 3
808 866 3
809 866 3
809 867 3
812 813 3
813 814 3
817 818 3
818 819 3
823 824 3
767 824 3
767 826 3
832 833 3
835 836 3
836 837 3
837 838 3
838 839 3
841 842 3
844 845 3
845 846 3
846 847 3
847 848 3
857 858 3
865 866 3
866 867 3
814 815 3
762 820 3
829 830 3
831 832 3
833 834 3
834 835 3
782 839 3
782 840 3
782 841 3
842 843 3
849 850 3
856 857 3
805 864 3
819 820 3
767 825 3
826 827 3
839 840 3
795 853 3
867 868 3
824 825 3
825 826 3
840 841 3
852 853 3
820 821 3
868 869 3
853 854 3
801 858 3
854 912 3
858 859 3
853 912 1
862 864 3
841 900 3
860 918 3
862 921 3
859 918 3
864 921 3
818 876 3
819 877 3
823 881 3
824 883 3
837 895 3
842 900 3
861 918 3
868 926 3
820 877 3
822 881 3
825 883 3
831 889 3
832 889 3
846 904 3
849 907 3
851 908 2
851 910 3
855 912 3
855 913 3
856 914 3
859 917 3
866 925 3
867 925 3
821 879 3
822 879 3
827 886 3
828 886 3
835 893 3
839 897 3
840 897 3
844 902 3
845 904 3
850 907 3
850 908 3
852 910 3
912 913 3
857 914 3
861 977 3
864 923 3
865 923 3
824 881 3
826 883 3
834 893 3
853 910 2
857 915 3
858 915 3
858 916 3
812 870 3
813 871 3
814 871 3
815 873 3
816 874 3
817 875 3
818 875 3
819 876 3
820 878 3
822 880 3
826 884 3
829 887 3
830 887 3
830 888 3
832 890 3
833 891 3
834 892 3
836 893 3
836 894 3
837 894 3
837 896 3
838 896 3
838 897 3
840 899 3
841 899 3
842 901 3
843 901 3
844 901 3
845 902 3
845 903 3
847 905 3
908 910 3
853 911 3
856 913 3
859 916 3
861 920 3
920 921 3
866 924 3
870 871 3
814 872 3
873 874 3
817 874 3
876 877 3
879 880 3
880 881 3
883 884 3
827 884 3
886 887 3
888 889 3
889 890 3
890 891 3
891 892 3
892 893 3
899 900 3
902 903 3
903 904 3
904 905 3
848 905 3
917 918 3
862 920 3
866 923 3
872 873 3
875 876 3
881 883 3
827 885 3
887 888 3
894 895 3
896 897 3
840 898 3
910 911 3
911 912 1
913 914 3
918 977 3
920 977 3
923 924 3
871 872 3
877 878 3
884 885 3
893 894 3
895 896 3
897 898 3
898 899 3
901 902 3
848 907 3
907 908 3
915 916 3
924 925 3
867 926 3
874 875 3
820 879 3
885 886 3
914 915 3
923 980 3
925 926 3
878 879 3
900 901 3
864 980 3
916 917 3
881 940 3
883 940 3
905 907 3
926 985 3
921 980 3
877 935 3
873 931 3
878 935 3
907 965 3
908 965 3
908 966 3
874 931 3
965 966 3
908 967 3
910 967 3
921 979 3
923 982 3
924 982 3
885 943 3
890 947 3
910 968 3
886 943 3
886 944 3
889 947 3
892 951 3
893 951 3
979 980 3
925 984 3
926 984 3
874 932 3
875 932 3
887 944 3
888 947 3
904 963 3
905 963 3
920 979 3
872 931 3
878 937 3
879 937 3
880 937 3
900 958 3
902 960 3
903 960 3
904 962 3
907 964 3
966 967 3
967 968 3
912 970 3
914 973 3
915 973 3
917 976 3
918 976 3
876 934 3
884 942 3
884 943 3
943 944 3
891 950 3
892 950 3
894 952 3
895 952 3
896 954 3
897 955 3
898 955 3
901 958 3
905 964 3
911 968 3
911 969 3
912 969 0
916 975 3
917 975 3
920 978 3
870 928 3
871 929 3
872 930 3
876 935 3
883 941 3
942 943 3
887 945 3
888 945 3
950 951 3
895 953 3
895 954 3
896 955 3
898 957 3
899 957 3
901 959 3
902 959 3
903 961 3
903 962 3
962 963 3
912 971 3
913 971 3
914 971 3
915 974 3
916 974 3
975 976 3
978 979 3
925 983 3
928 929 3
929 930 3
934 935 3
940 941 3
941 942 3
947 948 3
890 948 3
891 948 3
891 949 3
949 950 3
893 952 3
957 958 3
958 959 3
959 960 3
960 961 3
963 964 3
968 969 3
969 970 3
931 932 3
875 933 3
876 933 3
880 939 3
881 939 3
952 953 3
954 955 3
984 985 3
930 931 3
932 933 3
939 940 3
944 945 3
948 949 3
961 962 3
970 971 3
974 975 3
977 978 3
983 984 3
935 937 3
953 954 3
971 973 3
973 974 3
976 977 3
924 983 3
933 934 3
937 939 3
964 965 3
923 1039 3
951 952 3
955 956 3
898 956 3
980 1039 3
982 1039 3
982 983 3
956 957 3
945 947 3
975 1033 3
980 1038 3
935 994 3
937 994 3
971 1029 3
971 1030 3
947 1004 3
950 1008 3
970 1029 3
973 1030 3
979 1038 3
935 993 3
945 1004 3
951 1008 3
976 1035 3
977 1035 3
984 1042 3
934 993 3
993 994 3
973 1032 3
974 1032 3
985 1042 3
939 996 3
974 1033 3
983 1041 3
984 1041 3
940 998 3
960 1018 3
978 1036 3
985 1043 3
932 990 3
937 996 3
939 998 3
941 999 3
947 1006 3
959 1018 3
973 1031 3
1038 1039 3
982 1040 3
931 990 3
942 999 3
1004 1006 3
948 1006 3
962 1021 3
963 1021 3
965 1023 3
1030 1031 3
977 1036 3
1039 1040 3
930 988 3
931 988 3
933 991 3
934 991 3
934 992 3
945 1003 3
950 1007 3
955 1014 3
956 1014 3
959 1017 3
964 1022 3
964 1023 3
968 1026 3
931 989 3
989 990 3
932 991 3
992 993 3
939 997 3
944 1002 3
945 1002 3
1003 1004 3
949 1007 3
951 1009 3
952 1009 3
954 1012 3
955 1012 3
955 1013 3
957 1016 3
958 1016 3
958 1017 3
1017 1018 3
963 1022 3
969 1026 3
970 1028 3
1031 1032 3
983 1040 3
1041 1042 3
928 986 3
929 987 3
937 995 3
996 997 3
942 1000 3
943 1001 3
1002 1003 3
953 1011 3
1013 1014 3
957 1014 3
961 1019 3
962 1019 3
966 1025 3
967 1025 3
968 1025 3
969 1027 3
969 1028 3
1028 1029 3
1037 1038 3
986 987 3
987 988 3
988 989 3
990 991 3
994 995 3
997 998 3
998 999 3
999 1000 3
1000 1001 3
943 1002 3
1007 1008 3
952 1011 3
1011 1012 3
1012 1013 3
1016 1017 3
961 1018 3
962 1020 3
1022 1023 3
1025 1026 3
1026 1027 3
979 1036 3
979 1037 3
991 992 3
995 996 3
1008 1009 3
1027 1028 3
1032 1033 3
1018 1019 3
1019 1020 3
1021 1022 3
966 1023 3
1001 1002 3
1020 1021 3
1023 1025 3
976 1033 3
1036 1037 3
1040 1041 3
1042 1043 3
948 1007 3
1009 1011 3
1006 1007 3
1029 1030 3
