0 1 3
1 2 3
2 3 3
3 4 3
4 5 3
5 6 3
6 7 3
7 8 3
8 10 3
10 11 3
11 12 3
12 14 1
14 15 3
15 16 3
16 17 3
17 18 3
18 19 3
19 20 3
20 22 3
22 23 3
23 24 3
24 25 3
25 26 3
26 28 3
28 29 3
29 30 3
30 31 3
31 32 3
32 33 1
33 34 3
34 35 3
35 36 3
36 37 3
37 38 3
38 39 3
39 40 3
40 98 3
42 98 3
42 43 1
43 44 3
44 45 0
45 46 2
46 47 2
47 48 3
48 49 0
49 50 3
50 51 3
51 52 3
52 53 3
53 54 0
54 55 3
55 57 3
26 85 3
42 100 1
43 100 2
53 111 3
52 111 3
28 85 3
14 71 2
14 73 2
15 73 2
8 67 3
10 67 3
42 99 3
48 107 0
49 107 3
98 99 3
23 82 3
55 114 3
57 114 3
19 78 3
25 84 2
26 84 3
32 90 3
10 68 3
16 73 0
16 74 0
20 78 3
85 86 3
28 86 3
31 90 3
34 93 3
35 93 3
39 98 3
45 103 0
47 104 0
67 68 3
11 69 3
12 69 3
12 71 3
73 74 3
33 91 0
38 96 3
46 104 0
52 110 3
29 88 3
30 88 3
32 91 3
37 95 3
39 96 3
47 105 0
48 105 0
51 109 3
57 115 3
1 59 3
5 64 3
6 64 3
11 68 3
12 70 3
24 82 3
34 91 0
35 94 3
36 94 2
38 95 3
39 97 3
46 103 0
104 105 3
105 107 3
50 108 3
109 110 3
54 111 1
0 58 3
2 60 3
4 62 3
4 63 3
5 63 3
7 64 3
8 66 3
14 72 2
20 137 3
22 137 3
29 86 3
31 88 3
31 89 3
34 92 3
36 95 3
97 98 3
44 160 3
44 103 0
106 107 3
110 111 3
54 113 3
55 113 3
114 115 3
1 58 3
2 59 3
3 61 3
3 62 3
62 63 3
7 66 3
66 67 3
70 71 3
71 72 3
72 73 3
18 76 3
86 145 3
29 145 3
90 91 3
91 92 1
95 96 3
96 97 3
103 160 1
103 104 3
105 106 3
107 108 3
59 60 3
3 60 3
7 65 3
17 74 0
17 76 3
19 76 3
78 137 3
24 84 2
92 93 3
94 95 3
43 101 3
111 113 0
61 62 3
63 64 3
64 65 3
65 66 3
68 69 3
84 85 3
88 89 3
93 94 3
100 101 2
44 101 3
51 108 3
29 146 3
113 114 3
58 59 3
69 70 3
22 139 3
23 139 2
145 146 3
88 146 3
89 90 3
60 61 3
82 84 2
108 109 3
76 78 3
22 79 3
99 100 2
79 137 3
79 139 3
101 160 3
111 170 3
17 133 1
82 139 1
90 148 3
113 170 3
74 133 1
76 133 1
89 148 3
92 150 0
93 151 0
98 156 3
113 171 3
84 141 3
150 151 3
97 156 3
170 171 3
72 131 3
73 131 3
91 150 3
82 140 0
82 141 2
84 143 3
94 151 0
111 169 3
62 120 3
68 126 3
69 126 3
85 143 3
95 154 3
96 154 3
109 166 3
61 120 3
73 132 3
74 132 3
99 156 3
99 157 0
105 163 3
108 166 3
109 167 3
69 127 3
71 129 3
140 141 3
100 158 0
106 163 3
166 167 3
169 170 3
58 117 3
59 117 3
66 124 3
126 127 3
70 129 3
76 136 3
91 149 3
101 158 2
114 173 3
115 173 3
63 121 3
64 121 3
65 124 3
67 124 3
67 126 3
78 136 3
156 157 0
100 157 0
63 120 3
70 127 3
131 132 3
76 134 2
90 149 3
94 152 0
157 158 2
103 161 3
104 161 3
106 164 3
110 167 3
110 168 3
110 169 3
58 116 3
60 117 3
61 119 3
120 121 3
65 123 3
70 128 3
72 130 3
130 131 3
86 144 3
89 147 3
151 152 3
97 154 3
97 155 3
104 162 3
107 164 3
107 165 3
114 172 3
116 117 3
60 118 3
64 122 3
64 123 3
127 128 3
128 129 3
129 130 3
136 137 3
139 140 0
144 145 3
88 147 3
149 150 3
105 162 3
163 164 3
167 168 3
168 169 3
60 119 3
119 120 3
121 122 3
134 136 2
141 143 3
85 144 3
146 147 3
153 154 1
101 217 3
160 161 0
161 162 3
164 165 3
108 165 3
113 172 3
118 119 3
123 124 3
133 134 3
147 148 3
148 149 3
95 153 0
155 156 3
158 217 2
160 217 3
117 118 3
122 123 3
95 152 0
154 155 3
162 163 3
171 172 3
172 173 3
132 133 1
143 144 3
152 153 3
124 183 3
67 183 3
126 184 3
127 184 3
183 184 3
140 197 1
145 204 3
146 204 3
165 166 3
217 218 3
160 218 3
172 230 3
120 178 3
137 195 3
79 195 3
144 201 3
147 205 3
148 205 3
153 212 3
173 230 3
143 200 3
154 212 0
165 223 3
139 195 3
164 223 3
166 223 3
136 194 0
140 199 2
141 199 3
143 201 3
158 216 0
169 227 3
170 227 3
171 229 3
123 181 3
124 182 3
132 190 3
136 193 0
139 197 3
143 199 3
148 206 3
149 207 3
155 212 0
157 216 3
166 224 3
169 226 3
172 229 3
117 175 3
121 180 3
122 180 3
122 181 3
123 182 3
182 183 3
128 186 3
134 193 2
193 194 3
205 206 3
148 207 3
153 211 3
155 213 3
156 213 3
157 215 3
164 222 3
223 224 3
167 224 3
168 226 3
116 174 0
116 175 3
117 176 3
118 176 3
119 178 3
127 186 3
129 187 3
130 188 3
131 189 3
134 192 2
136 195 3
144 203 3
145 203 3
150 207 3
150 208 3
151 209 3
151 210 3
152 210 3
211 212 3
156 271 3
163 222 3
222 223 3
167 226 3
170 229 3
173 231 3
119 177 3
121 179 3
180 181 3
181 182 3
127 185 3
186 187 3
187 188 3
188 189 3
199 200 3
207 208 3
208 209 3
153 210 3
157 271 1
215 216 3
158 274 3
161 219 3
162 220 3
227 229 0
230 231 3
174 175 1
118 177 3
177 178 3
179 180 3
185 186 3
132 189 3
210 211 3
212 213 1
216 274 1
217 274 2
160 219 0
161 220 3
162 221 3
163 221 3
229 230 3
120 179 3
184 185 3
192 193 3
215 271 1
219 220 3
226 227 3
132 192 3
133 192 2
139 254 3
200 201 3
214 271 1
219 276 1
176 177 3
190 192 3
195 254 3
201 203 3
209 210 3
214 215 3
160 276 3
225 226 3
178 179 3
189 190 3
194 195 1
197 254 3
197 199 3
206 207 3
213 271 3
218 276 3
220 221 3
221 222 3
167 225 3
147 204 3
204 205 3
204 263 3
205 263 3
197 256 3
199 256 3
203 204 3
190 249 3
192 249 3
193 251 3
254 255 3
197 255 3
204 261 3
227 287 0
192 251 3
195 253 3
203 261 3
224 225 3
229 287 3
194 253 3
210 268 3
211 268 3
227 286 3
286 287 0
176 234 3
177 234 3
193 252 3
194 252 3
253 254 3
200 258 3
226 284 3
184 242 3
185 242 3
188 246 3
199 258 3
221 278 3
227 284 3
229 288 3
230 288 3
183 241 3
184 241 3
189 246 3
251 252 3
201 260 3
203 260 3
208 266 3
217 275 3
218 275 3
220 278 3
225 284 3
231 288 3
174 232 3
175 232 0
175 233 0
181 239 3
182 240 3
206 322 3
207 265 3
207 266 3
209 266 3
211 269 3
212 269 3
212 271 1
215 273 3
274 275 2
221 279 3
222 279 3
180 239 3
181 240 3
183 240 3
185 243 3
186 244 3
187 245 3
189 247 3
190 248 3
201 258 3
201 259 3
205 322 3
206 265 3
209 267 3
210 267 3
212 270 3
214 272 3
216 273 3
219 277 3
220 277 3
222 280 3
223 281 3
224 281 3
231 289 3
232 233 3
175 176 3
177 236 3
178 236 3
180 238 3
241 242 3
242 243 3
243 244 3
244 245 3
245 246 3
246 247 3
247 248 3
248 249 3
266 267 3
269 270 3
214 273 3
273 274 2
278 279 3
279 280 3
280 281 3
224 282 3
227 285 3
288 289 3
177 235 3
179 236 3
179 237 3
180 237 3
239 240 3
259 260 3
261 263 3
267 268 3
268 269 3
271 272 0
276 277 0
224 283 3
225 283 3
284 285 3
175 234 3
234 235 3
238 239 3
199 315 3
270 271 1
277 278 3
281 282 3
285 286 3
287 288 3
233 234 3
258 315 3
265 266 3
282 283 3
235 236 3
236 237 3
237 238 3
256 315 3
258 259 3
275 276 3
283 284 3
265 322 3
282 340 3
283 340 3
285 342 3
236 295 3
237 295 3
263 322 3
284 342 3
249 251 3
271 387 3
272 387 1
260 261 3
261 320 3
272 273 3
263 320 3
240 241 3
252 253 3
249 308 3
251 308 3
242 300 3
253 311 3
197 314 3
265 323 3
271 329 3
243 300 3
252 311 3
255 314 3
261 319 3
274 332 0
277 335 3
288 345 3
258 316 3
260 319 3
266 324 3
267 324 3
270 328 3
271 328 0
275 332 0
276 335 0
286 345 0
287 345 3
240 299 3
251 309 3
259 316 3
268 326 3
273 332 3
275 334 3
276 334 3
281 339 3
239 299 3
241 300 3
244 302 3
265 324 3
269 326 3
272 331 3
273 331 3
280 339 3
282 339 3
286 344 0
235 293 3
238 297 3
239 297 3
243 302 3
245 302 3
247 305 3
308 309 3
272 330 3
278 335 3
344 345 3
233 291 3
234 291 3
237 296 3
238 296 3
241 299 3
245 303 3
246 304 3
246 305 3
248 306 3
249 307 3
252 310 3
256 314 3
314 315 3
263 321 3
322 323 3
267 326 3
269 327 3
330 387 1
278 336 3
279 337 3
339 340 3
288 346 3
289 347 3
232 290 3
234 293 3
236 293 3
297 299 3
243 301 3
302 303 3
303 304 3
304 305 3
305 306 3
306 307 3
307 308 3
252 309 3
310 311 3
253 255 3
315 316 3
259 317 3
320 321 3
321 322 3
323 324 3
326 327 3
270 327 3
330 331 3
331 332 3
276 450 3
336 337 3
280 337 3
283 342 3
345 346 3
346 347 3
233 290 3
236 294 3
294 295 3
295 296 3
296 297 3
299 300 3
300 301 3
316 317 3
260 317 3
319 320 3
324 326 3
328 329 1
275 391 3
335 450 1
335 336 3
280 338 3
301 302 3
309 310 3
325 326 2
327 328 3
329 387 3
332 391 1
334 450 3
337 338 3
291 293 3
293 294 3
338 339 3
324 325 0
334 391 3
285 343 0
286 343 0
342 343 0
343 344 3
299 358 3
300 358 3
255 311 3
314 371 3
340 399 3
340 342 3
342 399 3
290 291 3
297 357 3
299 357 3
255 371 3
260 375 3
311 370 3
317 375 3
319 375 3
255 370 3
327 386 0
328 386 1
338 397 3
339 397 3
357 358 3
332 390 3
296 354 3
297 354 3
310 368 3
390 391 1
307 365 3
309 368 3
371 372 3
314 372 3
340 398 3
398 399 3
295 354 3
303 361 3
316 374 3
324 382 3
326 384 3
331 390 3
339 398 3
342 401 3
343 401 1
346 404 3
354 355 3
297 355 3
302 361 3
375 377 3
319 377 3
320 378 3
323 381 3
323 382 3
337 395 3
338 395 3
338 396 3
347 405 3
293 350 3
293 351 3
294 351 3
355 357 3
301 358 3
304 362 3
305 363 3
306 363 3
306 364 3
310 369 3
311 369 3
321 378 3
324 383 0
325 383 3
327 384 3
329 386 2
391 392 3
334 392 3
336 394 3
397 398 3
342 400 3
400 401 3
346 405 3
290 348 3
291 350 3
295 353 3
356 357 3
301 359 3
303 362 3
362 363 3
307 364 3
308 366 3
309 366 3
309 367 3
368 369 3
369 370 3
316 375 3
319 378 3
381 382 1
330 388 3
330 389 3
331 389 3
335 393 3
337 394 3
396 397 3
399 400 3
345 403 3
350 351 3
353 354 3
358 359 3
361 362 3
363 364 3
366 367 3
367 368 3
382 383 0
327 385 3
385 386 2
387 388 0
389 390 3
393 450 1
393 394 3
395 396 3
344 401 1
344 403 3
346 403 3
404 405 3
290 349 3
291 349 3
355 356 3
370 371 3
315 374 3
374 375 3
377 378 3
322 380 3
325 384 3
386 387 2
392 450 3
394 395 3
302 360 3
364 365 3
314 374 3
383 384 3
388 389 3
294 352 3
372 374 3
321 380 3
380 381 3
384 385 3
351 352 3
356 413 3
308 365 3
321 379 3
321 438 3
349 350 3
352 353 3
302 359 3
365 366 3
378 379 3
380 438 3
344 402 1
348 349 3
355 413 3
359 360 3
381 439 3
402 403 0
360 361 3
401 402 3
403 404 3
379 438 3
374 431 3
372 431 3
380 439 3
349 407 3
350 407 3
390 448 3
391 448 0
375 432 3
405 462 3
365 423 3
374 432 3
438 496 3
398 456 3
399 456 3
399 457 3
404 462 3
366 423 3
391 449 3
392 449 3
456 457 3
400 458 1
401 458 1
357 415 3
358 415 3
361 419 3
368 426 3
369 426 3
385 444 2
386 444 3
389 448 3
397 456 3
400 457 3
351 409 3
354 413 3
357 414 3
360 419 3
362 420 3
371 429 3
372 429 3
378 436 3
379 496 3
385 443 3
394 452 3
403 460 1
350 408 3
350 409 3
352 410 3
356 414 3
358 416 3
359 417 3
364 423 3
370 429 3
377 436 3
443 444 2
387 444 2
388 447 3
389 447 3
393 452 3
457 458 3
402 460 3
407 408 3
353 410 3
353 413 3
415 416 3
416 417 3
360 417 3
363 420 3
375 434 1
377 434 3
401 459 3
348 407 3
351 410 3
353 411 3
413 414 3
414 415 3
360 418 3
361 420 3
363 421 3
364 422 3
366 424 3
367 425 3
369 427 3
370 428 3
431 432 3
432 434 1
382 440 3
384 443 3
387 445 3
388 446 3
447 448 3
395 453 3
396 453 3
459 460 3
348 406 3
410 411 3
417 418 3
420 421 3
421 422 3
422 423 3
423 424 3
424 425 3
425 426 3
426 427 3
427 428 3
428 429 3
439 440 1
444 445 2
445 446 0
393 451 3
452 453 3
396 454 3
458 459 0
403 462 3
408 409 3
409 410 3
418 419 3
419 420 3
438 439 3
383 440 1
384 441 3
384 442 3
448 449 1
450 451 0
451 452 3
397 455 3
455 456 3
406 407 3
379 436 3
379 437 3
437 496 3
383 441 3
411 413 3
446 447 3
460 462 0
384 500 3
396 455 3
436 494 0
440 441 0
441 500 3
442 500 3
442 443 3
453 454 3
462 520 3
411 469 3
413 469 3
372 430 3
436 437 3
449 450 3
457 516 3
458 516 3
429 430 3
430 431 3
454 511 3
460 520 0
434 436 3
455 513 3
462 521 3
450 508 3
456 513 3
435 494 3
449 508 3
454 455 3
459 517 1
407 465 3
437 494 3
453 511 3
458 517 3
408 465 3
413 471 3
418 476 3
434 494 0
457 515 3
419 476 3
449 507 3
456 515 3
516 517 3
419 477 3
432 490 3
434 490 0
447 506 3
448 506 3
448 507 1
520 521 3
406 465 3
420 477 3
506 507 1
515 516 3
460 518 0
414 471 3
420 478 3
431 489 3
441 499 3
518 520 3
410 468 3
430 489 3
499 500 3
443 502 2
511 512 3
454 512 3
406 464 3
408 466 3
409 466 3
411 468 3
417 475 3
422 481 3
423 481 3
426 484 3
427 484 3
432 489 3
437 495 3
495 496 3
444 502 3
445 503 3
464 465 3
409 467 3
409 468 3
469 471 3
414 472 3
415 473 3
416 475 3
418 475 3
420 479 3
421 479 3
422 480 3
424 482 3
425 483 3
425 484 3
427 485 3
428 486 3
429 487 3
489 490 3
434 492 3
439 497 3
440 498 3
443 501 3
501 502 2
446 503 1
446 504 3
447 505 3
451 510 3
452 510 3
471 472 3
472 473 3
416 474 3
476 477 3
478 479 3
479 480 3
423 482 3
482 483 3
483 484 3
485 486 3
486 487 3
430 487 3
492 494 0
497 498 1
441 498 1
442 501 3
444 503 2
504 505 3
505 506 3
451 509 3
453 510 3
454 513 3
460 517 1
465 466 3
466 467 3
468 469 3
416 473 3
474 475 3
475 476 3
481 482 3
484 485 3
430 488 3
494 495 3
502 503 2
503 504 0
450 509 0
509 510 3
477 478 3
488 489 3
438 497 3
498 499 0
500 501 3
450 683 3
467 468 3
480 481 3
487 488 3
508 683 3
509 683 1
512 513 3
513 515 3
473 474 3
507 508 3
510 511 3
513 514 3
514 515 3
476 534 3
477 534 3
490 492 1
492 551 2
494 551 3
496 554 2
438 554 2
517 518 0
518 576 3
467 526 3
468 526 3
478 537 3
490 549 2
506 564 2
507 564 0
517 576 0
518 577 3
520 577 3
479 537 3
490 548 2
492 549 2
499 557 2
499 558 2
500 558 2
514 573 3
515 573 3
466 525 3
467 525 3
469 526 3
469 527 3
471 527 3
472 530 3
473 532 3
474 532 3
489 547 2
494 553 3
495 553 2
497 555 2
498 555 0
517 575 3
521 579 3
471 528 3
471 530 3
473 530 3
486 544 2
487 544 2
490 547 3
548 549 3
496 553 2
497 554 2
498 557 0
505 564 2
507 566 3
508 566 3
514 572 3
516 573 3
464 522 3
466 524 3
526 527 3
527 528 3
483 541 2
484 543 2
485 543 2
486 543 2
487 546 2
547 548 3
514 571 3
572 573 3
465 522 3
465 523 3
475 533 3
476 533 3
477 535 3
482 540 2
484 541 2
484 542 2
544 546 3
554 555 3
498 556 2
556 557 3
557 558 3
500 559 2
501 559 2
505 563 2
566 683 3
513 571 3
571 572 3
520 579 3
465 524 3
525 526 3
471 529 3
473 531 3
533 534 3
534 535 3
480 537 3
481 540 2
540 541 3
488 546 2
488 547 3
553 554 3
558 559 3
563 564 3
512 571 3
520 578 3
524 525 3
529 530 3
530 531 3
475 532 3
478 535 3
480 539 2
481 539 2
541 542 3
542 543 3
543 544 3
504 562 2
504 563 2
510 568 3
511 568 3
511 570 3
512 570 3
575 576 0
576 577 3
577 578 3
578 579 3
522 523 3
528 529 3
531 532 3
532 533 3
539 540 3
546 547 3
494 552 3
568 569 3
516 574 3
544 545 3
545 546 3
551 552 3
555 556 3
511 569 3
574 575 3
523 524 3
537 539 3
502 559 2
568 683 1
509 568 3
569 570 3
570 571 3
573 574 3
492 550 2
503 561 3
504 561 1
549 550 3
550 551 3
552 553 3
559 560 2
502 560 2
564 623 1
503 560 0
561 562 0
562 563 3
544 602 3
560 561 2
507 623 3
543 602 2
545 602 3
566 623 3
531 588 2
534 593 2
571 630 3
530 588 2
535 593 2
572 630 3
478 594 2
535 594 2
571 628 3
533 592 2
534 592 2
546 604 3
558 616 3
564 622 3
570 628 3
478 595 2
537 595 2
537 596 2
547 604 3
554 612 3
559 616 3
622 623 1
592 593 3
594 595 3
595 596 3
539 596 3
547 605 3
548 605 3
553 612 3
556 613 3
573 630 3
522 580 3
548 606 3
549 606 3
550 608 3
551 609 3
552 610 3
555 612 3
555 613 3
562 620 1
574 630 3
575 633 3
576 633 1
523 580 3
526 584 3
532 590 2
533 591 2
596 597 3
539 597 3
539 599 3
540 599 3
541 599 3
549 608 3
550 609 3
551 610 3
563 620 1
524 582 2
524 583 2
525 583 2
525 584 3
527 585 2
528 586 3
588 589 3
531 589 2
531 590 2
590 591 3
591 592 3
593 594 3
597 599 3
542 599 3
549 607 3
623 624 3
566 624 3
568 626 3
574 633 3
576 634 1
579 637 1
524 581 2
526 585 2
528 585 3
529 588 2
589 590 3
545 603 3
606 607 3
607 608 3
608 609 3
609 610 3
553 610 3
553 611 3
612 613 3
561 620 3
624 683 3
626 683 1
578 636 1
579 636 1
523 581 2
581 582 3
582 583 3
583 584 3
586 587 3
529 586 3
529 587 2
543 601 2
602 603 3
604 605 3
610 611 3
611 612 3
557 615 3
557 616 3
560 619 2
561 619 3
636 637 3
584 585 3
601 602 3
605 606 3
560 618 2
569 626 3
576 635 1
577 635 1
578 635 1
587 588 3
598 599 3
599 600 3
542 600 2
603 604 3
556 672 3
615 616 3
560 616 2
580 581 3
585 586 3
597 598 3
542 601 2
613 672 3
619 620 3
564 620 3
570 626 3
571 629 3
629 630 3
633 634 1
635 636 3
600 601 3
556 615 3
616 618 3
618 619 3
620 679 3
626 628 3
628 629 3
634 635 3
620 622 3
626 684 2
615 672 3
683 684 0
574 632 3
620 678 3
678 679 3
574 631 3
616 675 3
622 679 3
632 633 3
618 675 3
630 631 3
631 632 3
619 678 3
602 660 3
636 694 3
637 694 3
603 660 3
622 680 3
624 682 3
626 686 3
633 691 1
594 652 3
601 660 3
679 680 3
623 681 3
682 683 3
628 686 3
630 688 3
634 691 3
586 644 3
595 652 3
622 681 1
632 691 3
587 644 3
684 686 3
628 687 3
629 687 3
630 687 3
635 692 3
581 638 3
581 639 3
582 639 3
598 656 3
687 688 3
634 692 3
635 694 3
580 638 1
593 651 3
594 651 3
604 662 3
605 662 3
608 666 3
609 666 3
612 671 3
613 671 3
672 673 3
615 673 3
589 648 3
590 648 3
599 656 3
600 658 3
686 687 3
631 688 3
582 640 3
583 641 3
587 646 3
588 646 3
588 647 3
589 647 3
591 649 3
592 649 3
599 657 2
600 657 3
601 658 3
601 659 3
659 660 3
603 661 3
605 663 3
606 664 3
607 665 3
607 666 3
609 667 3
610 668 3
691 692 3
635 693 3
639 640 3
584 642 1
585 642 3
585 643 3
591 648 3
592 650 3
593 650 3
595 654 3
596 654 3
597 654 3
597 713 2
598 713 3
661 662 3
663 664 3
664 665 3
665 666 3
666 667 3
667 668 3
611 670 3
612 670 3
671 672 3
615 732 3
616 732 3
618 677 3
619 677 3
631 689 3
632 690 3
640 641 3
584 641 1
585 644 3
648 649 3
658 659 3
660 661 3
662 663 3
670 671 3
618 676 3
677 678 3
680 681 1
688 689 3
631 690 3
690 691 3
693 694 3
641 642 3
642 643 3
646 647 3
647 648 3
649 650 3
650 651 3
595 653 3
656 713 3
675 732 3
676 677 3
689 690 3
692 693 3
638 639 3
643 644 3
644 646 3
651 652 3
652 653 3
653 654 3
611 668 3
673 732 3
675 676 3
624 681 3
654 713 3
657 658 3
685 686 0
656 657 3
668 670 3
681 682 3
684 685 3
638 640 3
679 737 3
647 705 3
648 705 3
668 727 3
670 727 3
675 733 3
694 752 3
732 733 3
686 745 1
687 745 1
644 703 3
646 703 3
650 709 3
651 709 3
694 753 3
652 709 3
653 711 3
678 737 3
752 753 3
646 705 3
654 711 3
656 714 3
680 738 3
690 749 3
691 749 3
693 752 3
643 702 3
644 702 3
657 714 3
659 717 3
681 738 2
688 745 1
641 699 3
642 699 3
646 704 3
704 705 3
648 706 3
649 706 3
660 717 3
667 725 3
668 725 3
670 729 3
671 729 3
677 735 3
677 736 3
678 736 3
680 737 3
738 797 3
685 743 3
689 749 3
638 697 3
640 697 3
643 701 3
649 707 1
654 712 3
657 716 3
658 716 3
665 723 3
668 726 3
672 729 3
684 743 3
685 744 3
686 744 1
744 745 3
638 696 3
640 698 3
641 698 3
642 700 3
642 701 3
701 702 3
705 706 3
652 711 2
711 712 3
657 715 3
659 716 3
660 718 3
661 719 3
662 720 3
663 720 3
664 722 3
666 724 3
725 726 3
672 730 3
676 733 3
688 746 1
689 747 1
692 749 3
696 697 3
698 699 3
700 701 3
650 707 1
712 713 3
715 716 3
716 717 3
661 718 3
719 720 3
663 721 3
664 721 3
722 723 3
723 724 3
724 725 3
726 727 3
729 730 3
673 730 3
676 735 3
735 736 3
683 741 2
684 741 3
743 744 3
747 749 0
702 703 3
703 704 3
717 718 3
736 737 3
682 740 2
682 741 2
689 746 1
699 700 3
709 711 3
718 719 3
720 721 3
721 722 3
740 741 3
745 746 3
697 698 3
709 710 3
710 711 3
713 714 3
737 738 3
681 740 2
741 743 3
693 749 3
714 715 3
746 747 3
676 792 3
735 792 3
738 740 3
706 707 2
727 729 3
733 792 3
738 798 3
650 708 1
729 786 3
673 789 3
732 789 3
727 786 3
740 798 3
797 798 3
749 808 1
749 809 1
693 809 1
707 708 2
752 809 1
708 709 0
808 809 3
729 788 3
730 788 3
730 789 3
716 774 3
732 790 3
743 800 3
709 767 2
717 774 3
733 790 3
735 793 3
736 794 3
807 808 3
708 767 3
789 790 3
792 793 3
735 794 3
749 806 1
749 807 1
706 765 3
707 765 3
707 766 2
708 766 3
745 804 3
746 804 3
747 806 3
698 756 3
699 756 3
713 771 3
715 774 3
741 800 3
746 805 3
747 805 3
697 755 3
698 755 3
711 769 3
712 769 3
714 771 3
722 780 3
793 794 3
744 803 1
745 803 1
806 807 3
753 809 1
753 810 2
696 755 3
703 761 1
704 761 1
710 768 3
711 768 3
712 770 3
714 772 3
715 772 3
715 773 3
773 774 3
721 780 3
723 780 3
723 782 3
724 782 3
733 791 3
809 810 0
753 811 3
696 754 3
699 757 3
700 757 3
702 759 3
702 760 3
702 761 1
706 763 3
706 764 3
710 767 3
713 770 3
717 775 3
718 776 3
719 777 3
720 778 3
721 779 3
723 781 3
725 783 3
726 784 3
726 785 3
727 785 3
791 792 3
744 800 3
804 805 3
810 811 1
754 755 3
755 756 3
700 759 3
701 759 3
759 760 3
763 764 3
767 768 3
771 772 3
774 775 3
775 776 3
776 777 3
720 777 3
778 779 3
782 783 3
783 784 3
784 785 3
785 786 3
790 791 3
744 802 3
805 806 3
756 757 3
760 761 1
704 763 3
705 763 3
772 773 3
777 778 3
779 780 3
780 781 3
781 782 3
800 802 3
803 804 0
765 766 3
766 767 3
768 769 3
769 770 3
764 765 3
786 788 3
737 794 3
741 799 3
704 762 1
770 771 3
738 794 3
740 799 3
762 763 0
802 803 3
757 759 3
788 789 3
798 799 3
799 800 3
761 762 3
789 847 3
794 853 3
738 854 3
800 859 3
794 854 3
802 859 3
788 847 3
797 854 3
759 816 3
786 845 3
788 845 3
853 854 3
808 866 3
807 866 3
756 814 3
769 828 3
784 842 3
785 844 3
786 844 3
755 814 3
757 816 3
759 817 3
760 817 3
766 824 3
770 828 3
774 832 3
775 832 3
785 842 3
790 847 3
792 850 3
793 850 3
757 814 3
762 820 3
762 821 3
763 821 2
767 824 3
768 827 3
769 827 3
771 829 3
791 850 3
804 862 3
806 864 1
809 867 2
757 815 3
816 817 3
820 821 3
765 823 3
770 829 3
794 852 3
808 867 2
761 820 3
766 823 3
767 825 3
768 825 3
793 852 3
799 857 3
800 858 3
802 861 3
803 862 3
807 864 1
810 867 1
810 869 1
811 869 1
754 812 3
755 813 3
815 816 3
760 818 2
761 819 3
824 825 3
827 828 3
772 830 3
773 830 3
773 831 3
775 833 3
776 834 3
778 836 3
779 837 3
780 838 3
781 839 3
782 840 3
783 841 3
785 843 3
790 848 3
791 849 3
852 853 3
797 913 3
798 913 3
803 861 3
807 865 1
810 868 1
812 813 3
813 814 3
818 819 3
823 824 3
829 830 3
830 831 3
831 832 3
833 834 3
777 834 3
777 835 3
836 837 3
837 838 3
838 839 3
839 840 3
840 841 3
841 842 3
843 844 3
844 845 3
847 848 3
848 849 3
793 851 3
800 857 3
861 862 3
864 865 3
865 866 0
866 867 1
867 868 1
868 869 3
814 815 3
764 822 3
828 829 3
832 833 3
835 836 3
788 904 3
849 850 3
850 851 3
851 852 3
854 913 3
857 858 3
858 859 3
819 820 3
765 822 3
834 835 3
842 843 3
845 904 3
805 864 1
764 821 3
822 823 3
804 864 3
817 818 3
825 827 3
798 857 3
859 861 3
862 864 3
847 904 3
857 913 3
821 822 3
913 914 3
857 914 3
816 875 1
817 875 2
818 876 3
817 876 2
825 884 3
827 884 3
861 918 3
849 907 1
851 909 3
852 911 3
853 911 3
859 917 3
859 918 3
819 877 3
828 886 3
847 905 3
852 909 3
854 911 3
917 918 3
875 876 3
818 877 3
825 883 3
827 885 3
829 886 3
904 905 3
848 906 1
864 922 3
866 924 1
868 926 3
883 884 3
884 885 3
832 890 3
838 896 3
839 896 3
849 906 1
906 907 3
862 920 3
865 922 3
865 923 3
867 924 2
867 926 2
815 873 3
821 879 3
822 880 3
829 887 3
831 890 3
833 890 3
850 908 3
854 912 3
861 920 3
922 923 3
865 924 3
869 926 3
812 870 3
813 871 3
814 872 3
822 879 3
823 880 3
886 887 3
830 888 3
831 889 3
833 891 3
834 892 3
835 892 3
835 893 3
836 894 3
837 895 3
839 897 3
840 898 3
841 899 3
842 899 3
842 900 3
843 901 3
844 902 3
845 903 3
847 906 1
849 908 3
850 909 3
909 910 3
852 910 3
911 912 3
857 915 3
858 917 3
862 921 3
867 925 2
870 871 3
871 872 3
814 873 3
820 877 3
820 878 3
823 881 3
824 881 3
885 886 3
887 888 3
888 889 3
889 890 3
891 892 3
893 894 3
894 895 3
895 896 3
896 897 3
897 898 3
898 899 3
900 901 3
901 902 3
902 903 3
903 904 3
905 906 3
910 911 3
912 913 3
914 915 3
920 921 3
862 922 3
816 873 3
878 879 3
879 880 3
824 882 3
825 882 3
890 891 3
899 900 3
908 909 3
857 917 3
923 924 3
924 925 3
869 927 3
872 873 3
816 874 3
876 877 3
892 893 3
907 908 0
921 922 3
873 874 3
874 875 3
882 883 3
915 917 3
861 919 3
925 926 3
926 927 3
877 878 3
918 919 3
919 920 3
880 881 3
881 882 3
917 974 3
915 974 3
913 971 3
912 971 3
873 931 3
918 975 3
872 930 3
874 931 3
905 963 3
917 975 3
873 930 3
914 971 3
922 981 3
876 934 3
882 939 3
923 981 3
875 934 3
881 939 3
883 941 3
884 941 3
884 942 3
903 961 3
903 962 3
904 962 3
874 932 3
877 934 3
878 936 3
879 936 3
879 937 3
880 937 3
880 939 3
941 942 3
885 942 3
885 943 3
895 953 3
896 953 3
900 958 3
902 961 3
905 964 3
906 964 3
909 967 3
910 967 3
974 975 3
919 977 3
920 979 3
921 979 3
921 981 3
871 930 3
875 932 3
886 943 3
901 958 3
908 967 3
918 977 3
924 981 3
924 983 3
925 983 3
926 983 3
870 928 3
871 929 3
930 931 3
877 935 3
882 940 3
886 944 3
887 945 3
888 946 3
889 947 3
890 948 3
891 949 3
892 950 3
893 951 3
894 952 3
896 954 3
897 955 3
898 955 3
898 956 3
899 957 3
901 959 3
902 959 3
963 964 3
908 966 3
910 968 3
911 969 3
912 970 3
914 972 3
915 972 3
915 973 3
924 982 3
926 984 3
927 985 3
928 929 3
929 930 3
875 933 3
935 936 3
939 940 3
940 941 3
942 943 3
944 945 3
945 946 3
946 947 3
947 948 3
948 949 3
949 950 3
950 951 3
951 952 3
952 953 3
953 954 3
954 955 3
955 956 3
956 957 3
957 958 3
907 966 2
968 969 3
969 970 3
970 971 3
971 972 3
973 974 3
979 981 3
981 982 3
982 983 3
983 984 3
984 985 3
931 932 3
933 934 3
936 937 3
943 944 3
961 962 3
905 962 2
907 964 3
966 967 3
967 968 3
972 973 3
920 978 3
978 979 3
932 933 3
934 935 3
958 959 3
975 977 3
920 977 3
902 1018 3
961 1018 3
937 939 3
907 965 2
964 965 3
977 978 3
959 1018 3
962 963 3
965 966 3
937 996 3
939 996 3
981 1038 3
977 1034 3
979 1038 3
981 1039 3
975 1034 3
982 1039 3
939 997 3
978 1036 3
931 989 3
940 997 3
977 1036 3
932 989 3
934 992 3
935 992 3
941 999 3
962 1021 3
963 1021 3
964 1022 3
975 1033 3
977 1035 3
979 1037 3
940 999 3
961 1019 3
965 1022 3
965 1024 3
966 1024 3
974 1033 3
1034 1035 3
1035 1036 3
978 1037 3
983 1042 3
930 989 3
933 991 3
935 993 3
937 995 3
949 1008 3
950 1008 3
954 1012 3
1018 1019 3
967 1025 3
968 1027 3
969 1027 3
970 1028 3
971 1028 3
973 1032 3
974 1032 3
1033 1034 3
983 1041 3
932 991 3
933 992 3
936 993 3
936 995 3
995 996 3
996 997 3
943 1001 3
948 1006 3
949 1006 3
955 1012 3
958 1016 3
966 1025 3
971 1029 3
972 1031 3
973 1031 3
1041 1042 3
985 1043 3
928 986 3
929 987 3
930 988 3
932 990 3
936 994 3
940 998 3
942 999 3
942 1000 3
944 1001 3
944 1002 3
945 1003 3
946 1004 3
947 1005 3
951 1009 3
952 1010 3
952 1011 3
953 1011 3
955 1013 3
956 1014 3
957 1015 3
957 1016 3
959 1017 3
968 1025 3
968 1026 3
1028 1029 3
972 1029 3
1031 1032 3
1032 1033 3
1036 1037 3
1038 1039 3
982 1040 3
984 1042 3
984 1043 3
986 987 3
987 988 3
988 989 3
991 992 3
992 993 3
993 994 3
994 995 3
997 998 3
999 1000 3
1000 1001 3
1002 1003 3
1003 1004 3
1004 1005 3
1005 1006 3
1008 1009 3
951 1010 3
1010 1011 3
954 1011 3
1013 1014 3
1014 1015 3
1016 1017 3
962 1019 3
1024 1025 3
1026 1027 3
1027 1028 3
1037 1038 3
983 1040 3
989 990 3
990 991 3
998 999 3
1001 1002 3
1009 1010 3
1012 1013 3
1015 1016 3
964 1021 3
1040 1041 3
1011 1012 3
1017 1018 3
1039 1040 3
1021 1022 3
1025 1026 3
1042 1043 3
1006 1008 3
