-0.0154671 -0.00765644 18.6464
-0.0137884 -0.0136823 18.5673
-0.0111008 -0.00484624 18.4283
0.00274462 -0.0244705 18.0863
-0.00932636 -0.0552916 19.8383
-0.0186457 -0.0795162 20.9259
0.0412941 0.0247859 18.9792
0.0275341 0.034648 21.0339
0.0686449 0.0457692 13.783
0.0568557 -0.0280982 17.2172
0.033826 -0.105792 23.356
-0.010739 -0.117005 34.7074
-0.0577573 -0.160574 47.2834
-0.032764 -0.123219 40.0762
-0.0500819 -0.0130582 42.6366
-0.0597887 -0.0165187 46.2685
-0.0834214 -0.043709 54.3537
-0.0666125 0.0264089 46.036
-0.0225085 -0.023626 30.2906
-0.0144475 -0.0404039 27.3911
-0.00481964 -0.0345482 23.1087
-0.000103612 -0.0746825 21.7863
-0.0116428 -0.116528 27.7987
-0.030603 -0.108365 37.4055
-0.0548043 -0.311 50.6104
-0.0146001 -0.0761073 16.018
0.0680777 -0.141879 -27.8184
-0.0241834 0.303978 21.7069
-0.027205 -0.0524374 24.5683
0.113084 -0.0655988 -61.0139
0.0954107 -0.0777533 -48.5227
0.0533812 -0.0483905 -22.1221
0.0372962 -0.0312368 -12.2646
0.045493 -0.00496605 -18.3031
0.0324089 -0.00306689 -8.77625
-0.00965632 -0.0228017 22.9414
-0.00654812 -0.0221188 20.3458
0.00349338 -0.026895 12.4154
0.00769946 -0.0246016 8.73561
0.0214275 -0.0293379 -2.27493
0.0708108 0.0156121 -45.821
0.131027 -0.02272 -98.6897
0.104757 -0.00651082 -74.6956
0.084134 0.00738407 -56.3589
0.0568982 -0.00540437 -30.8864
0.0347323 -0.00954825 -9.72888
0.0319568 0.00768705 -7.56649
0.0625848 0.00653609 -38.5845
0.0550563 -0.0728363 -29.1416
0.086151 -0.00206689 -63.0292
0.0957898 -0.0113927 -73.4766
0.115936 0.0226762 -95.5798
0.0998243 0.304133 -79.6948
0.0919525 -0.0154449 -61.2397
0.0658642 0.0128341 -44.0332
0.113262 -0.00276341 -98.662
0.111572 0.0148775 -97.3267
0.140321 -0.0173324 -131.535
-0.0126425 6.93839e-05 18.489
-0.0186966 -0.000267779 18.8521
-0.026389 -0.00596968 19.5134
-0.0242622 -0.0201745 19.6196
0.0115077 -0.0484763 18.173
-0.0367244 -0.0516562 22.718
0.0669735 0.0247698 15.3812
0.0692127 -0.035135 17.7168
0.0219158 0.0124146 23.0547
-0.0109475 -0.149786 33.6504
-0.0238686 -0.195493 38.7932
-0.0143759 -0.161083 36.2781
-0.0521278 -0.229373 47.1111
-0.00435852 -0.195305 32.8867
-0.0105418 -0.0724401 30.8589
-0.0401889 -0.0439131 39.8612
-0.0777927 -0.0212569 52.5432
-0.0972747 -0.0388843 59.6845
-0.0508965 -0.0147123 41.1968
-0.0207184 -0.032241 29.7328
0.0177801 0.0214773 11.8695
-0.0114771 -0.0562293 26.6382
0.0962448 -0.500019 -15.6603
-0.0755285 -0.0820518 58.6583
-0.0497313 -0.0357452 33.6634
-0.000495656 -0.0793012 8.16591
0.0215331 -0.0591654 -4.79068
0.0290502 -0.0330784 -10.0746
0.0340422 -0.0326154 -13.1939
0.0778751 -0.0698482 -38.8029
0.074106 -0.0616365 -35.8102
0.0485181 -0.0479169 -19.4457
0.0566823 -0.019378 -25.7848
0 0 -1
0.0381887 -0.00687427 -12.8852
-0.0135417 -0.014112 25.8905
-0.00222922 -0.0180465 16.7554
-0.00702837 -0.0204567 20.4743
-0.00198533 -0.0180787 16.3285
0.00454882 -0.0339487 11.4695
0.0499421 -0.0213275 -27.6935
0.123492 -0.0239338 -92.2607
0.11057 -0.011522 -80.3517
0.0840392 -0.0108046 -56.0163
0.0583646 -4.66858e-05 -32.5158
0.0466076 0.00471893 -21.6397
0.0480321 0.0234185 -23.9715
0.0518988 0.0242358 -28.1155
0.0606885 0.0442337 -37.7049
0.0909238 -0.00586033 -68.5808
0 0 -1
0.120462 0.0169729 -100.757
0.0846904 -0.0052793 -53.3377
0.0918862 0.00755341 -61.7738
0.0767016 -0.00221244 -44.1315
0.0753033 0.00198053 -43.1445
0.0677582 -0.0334206 -32.3107
0.0414404 -0.0609517 0.351521
-0.0141525 -0.00388336 18.7296
-0.0194131 -0.00528147 19.0181
-0.0429994 -0.0130908 20.7759
-0.0489032 -0.00606576 20.8058
-0.0198535 -0.0397146 20.0718
-0.022518 -0.0550153 20.9612
-0.0272057 -0.0481889 21.4112
-0.0385028 0.00825306 19.7819
-0.0394309 -0.00549312 20.6477
-0.0305672 -0.0166517 19.716
-0.0411052 -0.00541543 21.866
-0.0478615 0.00446645 22.592
0.00847575 -0.238287 30.9384
-0.00773166 -0.510739 48.6449
0.0161021 -0.00299833 18.8498
-0.0203124 -0.0244759 31.7423
-0.0578493 -0.0268314 45.1087
-0.0677548 -0.0252606 48.4554
-0.0347295 -0.0118097 34.7282
0.00348391 -0.0109388 8.41535
-0.00272337 -0.0101065 11.0423
-0.0212471 0.00451754 18.8906
-0.035824 0.0156717 25.1192
-0.041536 -0.004675 29.0556
-0.0560139 -0.0536918 38.0437
-0.0333149 -0.0404933 24.7797
-0.00487779 -0.0656304 10.9085
0.0389006 -0.0634106 -13.9818
0.0304508 -0.0424874 -10.7036
0.0629681 -0.0397138 -30.0629
0.0711309 -0.0597228 -34.739
0.0667044 -0.0356935 -32.0943
0.0687086 -0.0107374 -34.6021
0.0555572 -0.00890778 -25.3673
0.0321306 -0.00963215 -8.02047
-0.0215522 -0.00394006 31.6003
-0.0128173 -0.0106555 24.6759
-0.0035071 -0.0073258 17.1456
0 0 -1
0.00121616 -0.0166061 13.7176
0.0171663 -0.0381163 0.665252
0.111677 -0.0106137 -82.9569
0.102526 0.00603398 -74.0917
0.0734874 0.00790466 -47.6677
0.0770116 0.00330654 -50.5364
0.0513525 0.0111969 -26.5251
0.0910971 0.020395 -66.6014
0.0802108 0.0548889 -57.9369
0.0495341 0.0951961 -27.5062
0.0650938 0.0634667 -43.8544
0.0740972 0.039884 -51.9737
0.232388 -0.0488802 -218.486
0.124787 -0.0726869 -94.9385
0.0928292 -0.0385473 -60.6012
0.074082 -0.0191698 -39.9818
0.0617641 -0.0190453 -25.7439
0.0650403 -0.046129 -28.5196
0.0377299 -0.0759808 5.7823
-0.00666746 -0.01531 19.3394
-0.0108554 -0.00435149 18.7211
-0.0355106 -0.00169268 19.7401
-0.113506 -0.00700665 25.7616
-0.035544 -0.019693 20.8414
-0.0370726 -0.0383105 21.9269
0 0 -1
-0.0091502 -0.0226958 17.2589
-0.0355653 0.00160483 19.6417
-0.0091095 0.00123409 14.1064
-0.0319841 -0.00506123 19.69
-0.0335 -0.010786 20.3546
-0.0129975 -0.0263437 15.9395
-0.0381859 -0.0256303 22.8137
-0.021959 0.00387655 30.5646
0.00147661 -0.00793826 23.5989
0.0606678 0.0473383 -21.5986
-0.00744856 0.0444955 3.7236
0.00654188 0.0108496 5.80701
0.00942163 0.0060253 4.88157
0.00141131 -0.00105777 8.77475
-0.000677903 0.0016898 9.62888
-0.0369332 0.00874238 26.2862
-0.0910636 -0.00838248 53.9136
-0.111131 -0.0365885 65.9345
-0.0456978 -0.0317025 30.1585
-0.0181644 -0.053291 17.3726
0.0278947 -0.0633005 -8.27463
0.0455462 -0.023807 -22.4084
0.0602262 -0.0291352 -29.6533
0.0774296 -0.00725945 -41.8929
0.0895299 0.0130302 -50.439
0.06379 0.0126169 -32.9138
0.0555449 -0.00255729 -25.7507
0.029765 -0.0121149 -6.19494
-0.0173534 -0.00921203 28.5028
-0.00472262 0.000163915 17.8646
0.00106044 0.00614323 12.9624
0.00291678 0.000535782 11.5107
0.110937 0.0848841 -63.7457
0.0703799 0.0830551 -29.3909
0.0958837 0.0947454 -52.0542
0.0617918 0.0489593 -17.6702
0.0359615 0.0622173 4.91463
0.0113344 0.0687733 27.6978
-0.00949642 0.102003 45.0874
0.0599688 0.154828 -27.9086
0.0275477 0.0946671 9.24373
-0.00341351 0.076714 28.8414
0.0195017 0.0649731 5.24038
0.0521751 0.0282933 -27.6034
0.0860876 -0.0137932 -61.4515
0.285214 -0.0887146 -275.309
0.159099 -0.0542741 -136.238
0.0566624 -0.0522081 -18.1173
0.0485747 -0.0736822 -7.53336
0.046225 -0.0616343 -5.7501
0.0159003 -0.0591022 30.7417
-0.00203104 -0.0205127 19.6025
0.000138589 -0.0152845 19.4364
-0.0263338 -0.0210777 21.402
-0.0557738 -0.0180344 22.4901
-0.0418426 -0.0512684 24.6593
-0.0413253 -0.0191793 20.8412
-0.0018086 -0.0220725 15.8621
-0.0110746 -0.014146 16.9364
-0.0300494 -0.0054398 19.4842
-0.0344228 0.0075844 18.8553
-0.0199246 0.00765462 15.9549
-0.03887 0.000617928 20.745
-0.0261127 0.00229176 17.1182
-0.0254887 0.00774393 16.2167
-0.0301058 -0.00291637 18.7313
-0.0122782 0.00633949 26.8448
-0.0451856 0.0359545 18.3996
0.0727887 0.0620983 -26.4273
0.0358339 -0.0102617 -3.79392
0.00440979 -0.00570487 8.03354
-0.0033596 -0.0139502 11.9599
0.00410191 -0.018942 9.31137
-0.0396869 -0.0304195 31.2848
-0.0936065 -0.0113759 56.3809
-0.172157 0.017943 93.6995
-0.0734251 -0.0295286 45.6064
0.00862403 -0.0510885 1.99439
0.0809685 0.0440854 -49.2572
0.101686 0.0452932 -62.0192
0.108647 0.054015 -66.6157
0.104605 0.0579953 -64.3625
0.0803313 0.0508656 -47.1935
0.0487286 0.00827874 -22.0647
0.0490474 -0.00512333 -20.8607
0.00853133 -0.0123138 9.42498
-0.0059414 -0.00851424 19.6128
-0.00708819 -0.00547451 20.2412
-0.00446613 -0.000921415 17.7175
0.827626 0.174726 -669.929
0.156351 0.104226 -104.346
0.101828 0.0672985 -53.8033
0.0689348 0.0712547 -25.6922
0.0455535 0.0524387 -2.99648
0.0317164 0.0510516 9.74936
0.0204119 0.0450567 20.9886
0.0279705 0.0619151 12.2331
0.00157725 0.0797078 36.4748
0.00939366 0.0571862 30.9503
-0.0222493 0.0469948 64.3356
-0.0470787 0.0325036 91.8656
0.00792444 0.0359262 19.9267
0.0224793 0.018786 5.53207
0.0341201 -0.00102559 -5.65433
0.114447 -0.0504762 -85.3529
0.0610695 -0.0328985 -26.2673
0.0705393 -0.0238372 -38.0161
0.060738 -0.0308633 -25.5911
0.0521182 -0.0343904 -14.8717
0.0110064 -0.0149828 18.706
-0.000491355 -0.0124303 18.8834
-0.0312987 -0.00897383 20.0106
-0.0579312 -0.00368798 21.2225
-0.0240356 -0.0124335 18.451
-0.0237521 0.000593354 16.7027
-0.0141204 0.0121808 14.1232
-0.0142522 0.0219588 13.2173
-0.0164932 0.00600916 15.4862
-0.0197835 0.00815169 15.8716
-0.026674 0.0241803 15.4173
-0.0419228 0.010896 20.1247
-0.0363242 0.0121462 18.5217
-0.0270107 0.0237868 14.4658
-0.0219359 0.0209567 13.3692
0.0733908 -0.0375924 2.98734
0.027098 0.0161583 -5.02829
0.0500518 -0.00940999 -10.2176
0.0481239 -0.0368851 -6.09522
0.0113493 -0.0368077 8.49551
-0.00154779 -0.0294014 12.9071
-0.0121484 -0.0426903 19.5108
-0.0471329 -0.0946452 42.0657
-0.0571735 -0.0679364 44.1793
-0.103295 -0.0326615 62.9002
-0.0964875 -0.0173584 57.3216
-0.000453541 -0.000527672 2.24549
0.0678005 0.0558517 -42.3702
0.0984174 0.0397183 -58.1587
0.114765 0.0378308 -68.2512
0.0943173 0.0458668 -55.2983
0.0280191 0.0246544 -9.38378
0.0367008 0.00658222 -13.564
0.0446488 -0.00741337 -17.4577
0.120865 -0.0190668 -73.4403
-0.00224723 -0.0033383 16.2771
-0.00560884 0.00240478 18.1877
-0.00795008 0.00114704 20.1927
0.832819 0.20994 -678.332
0.100873 0.0537257 -51.6172
0.0787934 0.0334095 -30.3572
0.0617842 0.0330084 -15.5243
0.0437101 0.02709 1.33555
0.033376 0.0283745 10.721
0.0259801 0.0358517 16.7244
0.0228003 0.0428638 19.3031
0.00864752 0.0237115 35.4204
0.00111064 0.0405655 40.894
-0.0209366 0.0307115 64.6614
-0.0399909 0.0305947 84.5179
-0.0564486 0.0280718 102.107
0.00915918 0.0118134 21.1049
0.025094 0.00987701 3.54582
0.0787491 -0.0112837 -48.7601
0.061058 -0.0230642 -27.1687
0.0676712 -0.02831 -33.8605
0.0522275 -0.0309661 -15.3826
-0.015315 0.0496666 55.3073
0.012374 0.0130172 15.0239
0.00358075 0.0136391 15.6502
-0.0272922 0.0175798 16.5182
-0.0471343 0.022863 16.7262
-0.0235088 0.0433808 11.6338
-0.0109167 0.0191633 12.743
-0.0215826 0.0625134 8.78939
-0.0249718 0.0450999 11.9507
-0.0268016 0.0509545 11.5224
-0.00675111 0.0635907 6.09458
-0.0377203 0.0769944 11.497
-0.0625856 0.0499523 20.2283
-0.0236991 0.064316 8.02191
-0.0115833 0.0728245 3.51659
-0.0321671 0.0578125 11.6149
0.0974647 0.0140123 -11.532
0.0250536 0.0161682 -4.51861
0.0199251 0.0031958 -0.963616
0.00128051 -0.0297055 10.7095
-0.00488802 -0.0565761 16.9553
0.00284034 -0.0463379 13.1315
-0.0565918 -0.0667026 42.702
-0.047688 -0.0969044 42.4647
-0.0588469 -0.0968851 47.4467
-0.0507039 -0.0624776 38.5755
-0.0372465 -0.0285273 27.0793
0.054342 0.0270895 -30.8776
0.078089 0.0356886 -45.5934
0.0847982 0.0190337 -47.3946
0.0961882 0.0212901 -54.7735
0.118132 0.0213243 -68.1525
0.0599783 0.0232947 -30.3343
0.0104388 0.0208 2.83989
0.0288923 0.00730499 -8.18586
0.0197768 0.00281419 -1.05257
0.0125881 0.011283 3.19986
0.00466032 0.0140448 8.79544
0.0152844 0.00718391 1.30588
0.06329 -0.0117977 -12.4588
0.106413 -0.00347714 -48.9431
0.0797965 0.0132809 -28.73
0.0661138 0.0126492 -16.6925
0.0392655 0.0107496 7.44863
0.033917 0.00378788 13.3355
0.0349875 0.00391872 12.1735
0.0250174 0.011994 20.7811
0.00653896 0.00118979 40.2781
0.00643384 -0.000652684 40.6713
-0.0232535 -0.00800584 72.0577
-0.0629848 -0.00212994 112.885
-0.0802105 -0.00809087 132.199
0.00823245 -0.00180752 23.7748
0.00935717 -0.00717815 23.1418
0.053343 -0.0479894 -20.643
0.0588156 -0.0365708 -28.1681
0.124899 -0.405875 -52.4684
0.0369497 -0.0322267 3.02438
0.0154405 -0.0204523 21.5915
0.0219355 0.0585807 8.13036
-0.00911141 0.0415315 11.6318
-0.0348674 0.0690762 8.4729
-0.0356153 0.0299025 14.763
-0.023663 0.0289837 13.9595
-0.008542 0.0501422 9.17563
-0.00979983 0.0563668 8.15835
-0.0131259 0.0646615 7.08926
-0.00208334 0.0670698 4.30489
0.00726648 0.106599 -3.33562
-0.0346088 0.106371 6.16353
-0.0502102 0.11551 7.99302
-0.0263538 0.148002 -3.45554
-0.0144743 0.152822 -7.27171
-0.0261014 0.131546 -0.652959
0.081435 0.0215116 -6.94454
-0.0258143 0.00177997 15.9471
-0.0212854 -0.0113589 16.302
-0.0254794 0.0372435 10.3577
0.0302052 0.0387601 -6.9261
-0.0343708 0.0595821 17.1532
-0.126828 0.040471 59.3775
-0.0728655 -0.0334648 44.5637
-0.0409895 -0.0238558 27.4398
0.0249336 0.039513 -16.6677
0.0442081 0.0435724 -28.0885
0 0 -1
0.0675446 0.0405742 -40.6299
0.078396 0.0294772 -45.114
0.109736 0.0422186 -66.5854
0.102776 0.0360806 -60.4192
0.0495755 0.0132368 -21.7022
0.00147802 0.015863 10.0848
0.0221343 0.00735346 -3.38457
0.0182433 0.0102453 -1.02596
0.00980692 0.0114704 5.09032
0.106669 0.0177428 -56.8628
0.151614 -0.0390528 -83.5959
0.163842 -0.105166 -81.8445
0.15003 -0.0223067 -83.3642
0.112812 -0.0297949 -50.6304
0.078243 -0.0426582 -18.7728
0.0376224 -0.0218521 13.9189
0.0232734 -0.0330247 28.786
0.0294353 -0.045226 24.8285
0.0275292 -0.0612763 29.3691
0.00393772 -0.0431523 49.6073
-0.00249677 -0.0523362 57.6014
-0.0322314 -0.0769943 92.0339
-0.0571443 -0.044897 113.154
-0.0509937 -0.028068 103.848
0.037742 0.0373118 -15.1686
0.031142 0.0768354 -13.8363
0.0328383 0.043021 -10.6981
0.0489466 -0.0469799 -15.6336
0.0391977 0.00512876 -11.6963
0.00604728 -0.00852553 30.9521
0.0120353 6.12851e-05 22.5115
-0.0056555 0.157646 -8.42373
-0.0157322 0.131512 -3.27415
0.00461794 -0.0120157 33.7295
-0.051701 0.0376992 14.5049
-0.0240895 0.0155986 16.0994
-0.0035124 0.0319014 11.2997
0.00978536 0.0566008 5.22202
-0.00931072 0.0957652 1.30773
0.00662514 0.0939958 -1.19926
0.0260807 0.17306 -17.9783
-0.0315903 0.151455 -1.65027
-0.0386395 0.131082 3.3201
-0.0111841 0.116592 -0.762917
-0.0482064 0.103556 11.6905
-0.0227606 0.0773265 8.49696
0.0114997 0.0142079 17.456
-0.0395394 0.128732 2.23017
-0.0232629 0.139831 -6.09377
0.0217462 0.152146 -25.1102
0.0160332 0.0761459 -7.96595
0.0159366 0.0475234 -2.38031
-0.300604 0.0671392 135.101
-0.0729608 0.033333 33.7215
0.0207605 0.169347 -36.721
0.0174165 0.192056 -39.2066
0.0176888 0.154894 -32.1787
0.0330317 0.0740924 -26.8083
0.0843426 0.0650337 -54.6993
0.0764253 0.0695682 -50.7529
0.108456 0.0361179 -64.5246
0.0867652 0.0314027 -49.5555
0.0292729 0.0248673 -10.1904
-0.00779723 0.0329963 13.2738
0.00965762 0.0224188 2.8666
0.0139419 0.0178164 0.780651
0.154921 0.0480487 -104.626
0.0738575 0.00394987 -28.7842
0.0839545 0.00580102 -37.7253
0.132873 -0.0693877 -63.158
0.160136 -0.0639085 -85.4572
0.126934 -0.0398893 -61.5976
0.088917 -0.0665565 -24.2284
0.0466566 -0.0589347 12.027
0.0125134 -0.075198 46.0255
0.00848069 -0.0931462 52.9019
0.0322146 -0.0947557 30.0378
0.0180504 -0.0673649 39.6861
-0.0616275 -0.125582 130.045
-0.116285 -0.425803 239.903
-0.101482 -0.534495 243.952
0.0739075 0.118772 -69.032
0.0806469 0.135067 -78.7204
0.0614531 0.0895087 -48.5365
0.0167526 -0.00451404 21.4502
0.00760282 -0.0403838 38.6843
0.0145621 0.0420461 11.5944
0.0464426 0.0240752 -23.3619
0.00253091 0.0229237 29.9502
0.000941992 0.173195 -11.1314
-0.000424372 0.14284 -4.85706
0.00780187 -0.00722819 32.564
-0.0199507 -0.00525144 34.0946
-0.0788706 0.00700923 36.8747
-0.0727878 0.00327428 36.3427
-0.0585296 -0.00740438 36.6478
-0.0434312 -0.000278359 32.8787
-0.0642903 0.0249263 31.2661
-0.0671072 0.0952716 17.5003
-0.0575526 0.0744926 19.449
-0.0268389 0.0910231 7.6979
-0.0229149 0.0922197 6.4014
-0.0590736 0.0842163 18.0135
-0.0609607 0.0711301 20.5186
-0.0122405 0.0374591 19.9396
-0.0248245 0.19296 -16.1462
0.00492508 0.123765 -13.3148
0.0146211 0.11055 -14.7579
0.00464732 0.0868027 -5.6941
0.035804 -0.0224108 2.59113
-0.246069 0.0296399 118.814
0.0238185 0.300787 -63.3946
0.0269235 0.290531 -62.8607
0.0270792 0.289622 -63.0851
0.0098851 0.275458 -50.9756
-0.00813693 0.289833 -44.0779
0.00766671 0.297806 -54.6832
0.0397019 0.190035 -51.931
0.0759468 0.0546339 -47.2481
0.0655356 0.0392927 -37.3688
0.0436258 0.0312955 -21.2042
0.00930862 0.0466512 -1.12116
0.0384457 0.113167 -35.2893
0.14613 0.13197 -116.972
0.149475 0.0482859 -100.96
0.0575106 -0.00955844 -13.1166
0.0608299 0.00363428 -18.4779
0.0348089 -0.00748454 4.78784
0.0266481 -0.0102207 11.5372
0.0312051 -0.0326432 12.6245
-0.0298265 -0.00934858 60.3143
0.0411087 -0.499774 101.086
0.018412 -0.0740725 39.6728
0.0148831 -0.0494208 36.3885
0.0489221 -0.055758 5.95621
0.0671985 0.0272534 -41.4623
0.111151 0.0264739 -85.6982
0.101844 -0.0175626 -66.288
0.0337978 0.0125388 -1.33658
0.0195354 0.113512 -7.75727
0.0498233 0.123996 -42.5224
0.00925372 0.0678919 13.4987
0.0255687 0.00663298 8.2094
-0.0417269 0.00346414 85.9988
0.0433685 0.118735 -38.4927
0.026719 0.114911 -17.886
0.00764526 0.0854962 11.3175
0.035013 0.138948 -3.77337
0.0884272 0.152002 -8.96252
0.0489535 0.015629 25.0008
0.000662909 -0.00555632 32.5175
-0.0579657 -0.00670543 37.5612
-0.0850184 -0.00356534 39.1198
-0.0372459 0.00957244 29.5627
-0.0211326 0.0438767 19.2233
-0.0448754 0.0490499 22.1743
-0.0591713 0.0584565 23.0498
-0.0479015 0.0819159 15.1795
-0.0220345 0.143479 -5.49841
-0.0354146 0.100561 7.78802
-0.0490494 0.118346 7.8835
-0.0892882 0.165443 9.26431
-0.085211 0.110586 27.2702
-0.648637 0.130928 218.739
-0.0103074 0.209255 -26.1436
-0.0184017 0.228663 -26.1075
-0.0192353 0.215446 -23.8965
-0.00402389 0.250667 -38.492
-0.0019518 0.330574 -57.6648
0.00971302 0.307061 -57.569
0.014537 0.309349 -60.5601
0.00543158 0.310993 -56.1028
0.00928924 0.308277 -57.5288
0.000110353 0.302932 -51.1332
0.00664829 0.301714 -54.5054
0.00114795 0.300129 -51.0806
-0.00120065 0.311141 -52.0956
0.0184498 0.313222 -65.0357
0.0185554 0.300329 -62.123
0.046345 0.246129 -69.005
0.0457154 0.217311 -62.3553
0.119852 0.150481 -102.094
0.207813 0.0848895 -152.302
0.132574 -0.0311097 -67.3549
0.0643811 0.00565091 -21.7893
0.035904 0.00197941 1.72039
0.0208408 0.00452661 13.3556
0.00694444 0.00675183 24.7574
-0.030491 0.00648078 57.4343
-0.00762493 0.00466799 37.0617
-0.0214584 0.00679995 49.1271
-0.0145533 0.0204946 49.2105
0.0424302 -0.0247778 5.89555
0.0143775 0.0107054 25.0681
0.0797268 0.013243 -51.1417
0.107282 0.0362484 -83.5499
0.0148207 0.0985603 0.839285
0.0116277 0.0816704 8.35103
-0.00645286 0.0934002 25.842
0.00511344 0.10953 8.27067
0.0154727 0.0798685 3.44971
0.0254715 0.130229 -19.5192
0.051175 0.155963 -54.8734
0.00554392 0.195242 -9.68497
-0.038905 0.12486 59.5114
0.0351271 0.090011 7.48212
0.0498707 0.0548103 15.7342
0.0105157 0.00946727 28.3907
-0.0202679 0.000541537 32.6201
-0.0582128 0.0119856 32.6639
-0.0775828 0.0258623 30.9567
-0.029143 0.0894086 8.78447
-0.00766756 0.13163 -4.64616
-0.0291669 0.134023 -1.49792
-0.0190294 0.127349 -1.8601
0.0106396 0.18941 -23.7497
0.0163019 0.251809 -40.6854
0.00182626 0.24808 -35.9555
-0.0245317 0.221946 -21.9113
-0.0025519 0.170109 -14.6663
-0.0227944 0.143762 -1.96483
-0.0562884 0.152104 7.28198
-0.061197 0.215751 -7.19756
-0.0328741 0.232553 -21.9194
0.0106163 0.2896 -53.6237
0.0201932 0.312782 -63.4282
0.0161247 0.329612 -65.7894
0.0189678 0.325229 -66.1128
0.0122754 0.317755 -61.017
-0.000350419 0.324981 -56.2876
0.00597712 0.317755 -57.9144
0.0103036 0.315509 -59.796
0.00906999 0.317889 -59.6876
0.0132229 0.316596 -62.0454
-0.00499552 0.314018 -50.2045
0.00502397 0.305879 -54.5438
0.0107937 0.300464 -57.0421
0.0206798 0.291768 -61.6441
0.0212478 0.280541 -59.2688
0.0350502 0.246827 -61.2321
0.0673278 0.194678 -72.6167
0.0982951 -0.0395133 -39.2093
0.0732136 -0.0141354 -24.259
0.0563308 0.00494026 -15.8143
0.0439993 0.0124732 -8.04714
0.0239664 0.0729697 -5.47676
-0.0224667 0.0788153 33.2522
-0.0168928 0.0330471 39.2998
-0.0241608 -0.00992107 67.6495
-0.019184 0.059135 44.7596
0.0336224 0.0185694 4.50057
0.00624448 0.0231931 30.017
-0.00267037 0.032859 36.4511
-0.0228284 0.0720044 47.7124
-0.0307159 0.027864 67.6756
0.0226616 0.0366178 6.35673
0.0357941 0.0543378 -12.2916
0.0431996 0.075752 -25.7785
0.0294414 0.12417 -22.0403
0.0499564 0.143773 -50.4961
0.0375832 0.141562 -35.6064
0.0131223 0.10855 2.09759
-0.0564694 0.134023 79.0692
0.005236 0.0682871 13.2532
0.00192877 0.0293758 23.6575
-0.00262795 0.0186748 26.6171
-0.0189055 0.0239481 26.3718
-0.0271357 0.129721 -0.538513
-0.0467028 0.147423 -3.27389
-0.0158124 0.20033 -21.1757
-0.00290508 0.212883 -26.2833
0.00515637 0.225496 -30.9946
-0.00437266 0.217033 -26.8349
-0.00159825 0.217333 -27.3188
-0.00326864 0.208682 -24.5682
-0.0076342 0.200267 -20.9349
-0.0199229 0.198497 -17.3911
-0.0118566 0.168702 -11.8745
-0.0273149 0.178008 -9.59559
-0.0241613 0.228613 -24.2516
-0.032984 0.254131 -27.3524
0.0188622 0.310033 -61.8881
0.0186822 0.312534 -62.3348
0.0178399 0.319078 -63.8005
0.010513 0.326228 -62.4151
0.0122477 0.322515 -62.2818
0.0125371 0.324826 -62.9748
0.00328376 0.32343 -57.9138
0.0151381 0.32202 -63.9695
0.0118637 0.326811 -63.4248
-0.000740632 0.327857 -56.5237
0.00459731 0.319509 -57.467
-0.00605781 0.319442 -50.7851
0.000709239 0.313591 -53.7619
-0.000191561 0.30725 -51.3515
0.0152735 0.296616 -59.1948
0.0146571 0.290688 -57.0004
0.0157482 0.292073 -58.2151
0.014738 0.280494 -54.4392
0.0150245 0.279511 -54.4238
0.00878311 0.287937 -51.7893
0.03304 0.274434 -67.9878
0.0352558 0.166855 -40.0611
0.0514773 0.126934 -42.5066
0.0361967 0.176749 -42.9725
0.0207904 -0.0784475 44.0132
0.0204867 0.0300473 15.8209
-0.00637875 0.0458836 36.5241
0.0229307 0.0491625 7.00976
0.00396383 0.0449606 26.8733
-0.0133939 0.0378914 46.217
-0.0286254 0.0396718 61.5706
-0.0699163 0.0461873 103.407
-0.0113195 0.0370708 42.4387
0.0465666 0.0746411 -29.8092
0.0644353 0.108392 -57.0223
0.042536 0.0642878 -21.8473
0.0360509 0.0644479 -13.8922
0.0114179 0.0582353 16.3191
0.0111572 0.0479182 19.1992
0.00325798 0.0887767 17.6933
-0.00629513 0.298694 -50.4082
-0.00406347 0.308921 -53.4898
-0.00240159 0.297074 -49.9252
0.00514339 0.293711 -49.2569
-0.00682326 0.263687 -39.6291
-0.00795074 0.244704 -34.2215
-0.0116336 0.257424 -37.303
-0.0041808 0.265311 -40.4815
-0.00639852 0.252687 -36.3531
-0.000689236 0.238966 -33.5568
-0.00334699 0.251275 -36.5551
-0.0148688 0.244764 -32.0447
-0.0111728 0.238572 -31.2287
-0.0127697 0.259715 -36.6668
-0.0113469 0.263265 -38.4255
0.00512361 0.312084 -57.3158
0.0181817 0.338915 -69.4091
0.0170508 0.336265 -68.2869
0.0100052 0.341041 -66.7466
0.0158018 0.326484 -65.0612
0.00841822 0.321207 -60.3865
0.0116743 0.324931 -62.5105
0.0118167 0.332586 -64.7847
0.00879817 0.328191 -62.0141
0.00977125 0.339312 -65.8196
0.0106054 0.330601 -63.8912
0.0119673 0.308094 -58.0342
-0.00811444 0.316674 -48.8808
-6.20651e-05 0.323019 -55.6442
-0.00380787 0.330776 -55.5024
-0.00101936 0.321973 -54.9159
-0.00132948 0.328372 -56.4216
-0.00573587 0.320359 -51.2074
0.0151129 0.306916 -62.013
0.0170914 0.306953 -63.3514
0.0116842 0.310034 -60.2621
0.00918472 0.303626 -56.523
0.00884827 0.303407 -56.1731
0.012529 0.301215 -58.659
0.0524902 0.256756 -79.8201
0.0588627 0.18836 -65.9176
0.0507235 0.183819 -57.6379
0.101141 0.124263 -85.0561
0.0159553 0.0503331 14.4818
-0.00190586 0.0600572 28.3592
-0.00511054 0.0584407 31.7884
-0.000119535 0.047104 30.2192
-0.013415 0.0505183 42.4353
-0.00145243 0.0573423 28.4677
-0.0292429 0.0845694 50.0651
0.00400019 0.0896984 12.3964
0.0298162 0.0798274 -12.2217
0.0723665 0.107452 -66.0142
0.107584 -0.00261594 -79.0129
0.0634359 0.0171201 -33.5495
0.0274848 0.0157863 8.58476
-0.000654379 0.0150829 42.0863
-0.0955646 -0.0982228 184.572
-0.000997628 0.299947 -50.8159
0.00192203 0.302759 -51.7563
0.00193086 0.287538 -46.8925
-0.00735951 0.281671 -44.5586
-0.00988083 0.278026 -43.2136
-0.0100865 0.278079 -43.3563
-0.0117053 0.269866 -40.4157
-0.0111268 0.270255 -40.5592
-0.00779047 0.271252 -41.5441
-0.00445405 0.26077 -39.1452
0.00657425 0.283587 -48.7861
0.0107951 0.294314 -53.3541
0.00847567 0.299921 -54.7482
0.00694864 0.317331 -59.4589
0.0156614 0.320942 -63.0972
0.0169781 0.338316 -68.6133
0.0130633 0.346335 -69.7878
0.0175389 0.343208 -70.3827
0.0187254 0.340643 -70.0254
0.0101287 0.328779 -62.9859
0.0139025 0.324822 -63.3745
0.00959856 0.327196 -62.2752
0.0114116 0.333817 -65.1231
0.011084 0.327076 -62.881
0.00419888 0.323294 -58.1001
0.0024991 0.32742 -58.6274
0.00801487 0.316662 -58.2779
-0.000169557 0.324874 -56.1509
-0.0026373 0.33434 -57.5418
0.000727968 0.330483 -58.4247
0.0059751 0.317256 -57.7145
-0.00194162 0.328841 -56.2925
4.70784e-05 0.329439 -57.7782
0.00562812 0.318422 -58.3869
0.0149623 0.315226 -64.3624
0.0172597 0.318376 -66.8758
0.013004 0.321453 -64.6004
0.0068636 0.324363 -60.7935
0.00285411 0.320057 -56.1619
0.00505934 0.313985 -56.2592
0.0196218 0.295519 -63.3226
0.0194564 0.300212 -64.6488
0.0198582 0.252509 -50.1223
0.0276395 0.128038 -19.6865
-0.000987718 0.0586983 27.4342
0.00234904 0.0820336 17.3769
-0.0183916 0.0631275 43.5047
0.00108014 0.0619966 24.4925
0.00966715 0.0780342 11.1624
-0.0117347 0.0728497 34.9725
-0.00834984 0.0807484 28.6704
-0.0119278 0.131377 16.4813
0.0133068 0.212256 -37.6519
0.0219769 0.184186 -38.8065
0.0696555 0.0336979 -46.289
0.0166441 0.035746 15.1142
-0.0112653 0.0420817 46.2567
-0.0228628 0.253052 -9.40701
-0.0040921 0.296643 -49.695
-0.00418228 0.290271 -47.5621
-0.0101955 0.281578 -44.3805
-0.0181395 0.274028 -41.2849
-0.0104802 0.273091 -41.7089
-0.00653784 0.26401 -39.236
-0.00815499 0.265978 -39.6371
-0.00715281 0.271871 -41.8601
0.00201804 0.289088 -49.2563
-0.00460209 0.285745 -46.9974
0.017005 0.318666 -62.2521
0.016663 0.330776 -66.1515
0.011857 0.327062 -63.7556
0.0155496 0.337227 -68.0123
0.0209208 0.335641 -69.0898
0.0197411 0.342087 -70.741
0.0251248 0.344224 -73.2218
0.0175125 0.339346 -69.3279
0.0122511 0.33453 -65.6303
0.011424 0.338415 -66.7585
0.0148426 0.325395 -64.0806
0.0158778 0.333204 -66.934
0.00754117 0.330006 -62.0709
0.00160955 0.325872 -57.8104
0.00609578 0.325397 -60.0527
0.0118706 0.325906 -63.3189
0.00135142 0.322961 -56.5739
0.00601391 0.324572 -59.5241
-0.00325816 0.32981 -55.8216
-0.00364785 0.326632 -54.4469
-0.00129251 0.328057 -56.6116
0.00208401 0.332201 -60.1846
0.00238678 0.318928 -55.8235
0.00323571 0.318135 -56.2512
0.00518184 0.321485 -59.0642
0.0161115 0.313653 -64.6335
0.0227782 0.30967 -68.2732
0.00944211 0.324274 -62.6
0.00460734 0.33152 -61.0659
0.0035152 0.33951 -62.9024
0.00469586 0.343768 -65.3231
0.00678193 0.343923 -67.1324
0.00321978 0.359125 -68.9286
-0.00728237 0.383447 -67.1888
-0.0120961 0.422319 -75.3739
-0.00431968 0.41991 -82.1053
-0.0216443 0.433012 -69.4741
-0.0261951 0.443835 -68.5584
-0.0206484 0.432316 -70.4065
-0.0296952 0.42754 -59.3963
-0.0324043 0.418267 -53.4823
-0.0432845 0.430904 -45.9119
0.00817403 0.328337 -69.0779
-0.0377081 0.30619 -9.90432
-0.033269 0.27752 -5.3338
-0.0292597 0.116929 43.1804
-0.0419566 0.150988 47.6309
-0.0562743 0.246672 33.3259
-0.0141435 0.292421 -48.1446
-0.0142278 0.280176 -43.8247
-0.0182968 0.263436 -37.7101
-0.0242378 0.239733 -29.0341
-0.0151214 0.246822 -32.488
-0.0163543 0.267366 -39.3393
-0.0054581 0.258403 -37.6017
0.0100793 0.288908 -50.5426
0.0222672 0.325014 -65.1919
0.0127627 0.316715 -60.5183
0.0185151 0.32369 -64.072
0.0175879 0.322953 -63.6231
0.0185223 0.336544 -68.5458
0.0156663 0.324579 -63.4552
0.0187754 0.313855 -60.6452
0.0138811 0.318229 -60.6141
0.0111535 0.303255 -54.261
0.0171477 0.306024 -57.5813
0.0101519 0.329209 -62.9257
0.00816999 0.32655 -61.3186
0.00751575 0.321723 -59.2819
0.00636596 0.325106 -59.9103
0.0141443 0.339127 -68.5438
0.00580199 0.314836 -55.8971
0.00281901 0.323806 -57.692
0.0082707 0.327104 -61.6516
0.00717585 0.33226 -62.7808
0.00393266 0.322054 -57.455
-0.00226046 0.330518 -56.7086
0.00174107 0.32332 -56.6656
-0.00488211 0.32848 -54.2913
0.00234383 0.32213 -56.9165
-0.00227627 0.31041 -49.7405
-0.00207112 0.323303 -54.1347
-0.0024197 0.3323 -57.2003
0.00854008 0.319135 -60.6984
0.013845 0.305805 -60.0639
0.025743 0.29597 -65.9889
0.0128637 0.327138 -66.3572
0.0102892 0.331212 -65.775
0.0112124 0.340685 -69.8512
0.00971684 0.342061 -69.0228
0.00969859 0.344306 -69.7644
0.00592205 0.353042 -69.3382
0.000566838 0.372745 -71.0694
0.00132224 0.383569 -75.3706
-0.0104674 0.408435 -72.2586
-0.00953593 0.408984 -73.325
-0.0236298 0.435112 -68.1241
-0.0288578 0.426039 -59.4471
-0.041804 0.435672 -49.0774
-0.0465447 0.432986 -42.8484
-0.0421266 0.407347 -39.0697
-0.0446121 0.353434 -17.596
-0.0612044 0.375971 -6.75292
-0.0472781 0.406418 -33.135
-0.06559 0.252744 42.4341
-0.0636324 0.226274 49.6165
-0.0275594 0.289825 -47.0909
-0.0304765 0.268239 -39.1376
-0.0309654 0.232497 -26.1141
-0.0268946 0.20886 -18.0084
-0.0127238 0.218259 -22.658
-0.00350784 0.224415 -25.8338
0.00947967 0.242067 -33.7904
0.02555 0.294031 -54.8575
0.0165002 0.299393 -55.1747
0.0120089 0.285112 -49.1666
-0.00329938 0.073583 30.9946
0.0332711 0.0211163 41.5761
0.022704 0.279605 -49.7261
0.0155692 0.269555 -44.2382
0.0197275 0.27361 -46.8419
0.0115448 0.269109 -42.5352
0.0138315 0.275468 -45.4682
0.0236753 0.260753 -43.9917
0.0183051 0.302792 -56.8664
0.00376963 0.29793 -49.3658
0.010474 0.301261 -53.4458
0.00532085 0.296022 -49.1134
0.00755763 0.30046 -51.7589
0.00456493 0.291602 -47.1895
-0.00317483 0.288308 -42.2062
0.0208557 0.280359 -52.084
0.00700974 0.305807 -53.4768
0.00806216 0.300471 -52.2731
-0.00231704 0.315627 -51.4231
-0.00376951 0.306653 -47.3224
-0.00196773 0.307536 -48.864
0.00107008 0.311764 -52.3771
0.00550652 0.318231 -57.71
-0.00692848 0.307632 -45.0926
-0.0013341 0.311822 -50.7399
-0.00036172 0.291878 -44.3371
0.0166481 0.277387 -52.4729
0.0303925 0.281179 -64.4631
0.0301444 0.301356 -71.4584
0.0124136 0.321883 -64.2289
0.0165132 0.334197 -72.1485
0.0066403 0.327824 -61.2734
0.0125867 0.322336 -64.6565
0.0081697 0.329974 -63.3274
0.00798711 0.331659 -63.7832
0.00947284 0.335039 -66.315
0.00260723 0.339376 -61.132
0.0109035 0.349781 -73.1335
-0.0154896 0.401557 -64.8158
-0.0250572 0.400294 -54.3636
-0.037887 0.419301 -47.5636
-0.0495655 0.418824 -34.7025
-0.0632664 0.405075 -14.6596
-0.0588703 0.380679 -10.8587
-0.0465855 0.385299 -26.6913
-0.0414587 0.39021 -34.3946
0.352677 0.153091 -406.747
0.351443 0.0999987 -385.847
