0 1 3
1 2 3
2 3 3
3 4 3
4 5 3
5 6 3
6 7 3
7 8 3
8 9 3
9 10 3
10 11 3
11 12 3
12 13 1
13 14 1
14 15 3
15 16 3
16 17 3
17 18 3
18 77 3
19 77 3
19 20 3
20 22 3
22 23 0
23 24 1
24 25 3
25 27 3
27 28 3
28 30 3
30 31 3
31 32 3
32 33 3
33 34 3
34 35 3
35 36 1
36 38 0
38 39 3
39 40 3
40 41 3
41 42 1
42 43 3
43 44 3
44 45 3
45 46 3
46 47 3
47 48 3
48 108 0
108 109 3
109 110 3
110 112 3
55 112 3
22 79 3
38 95 0
20 79 3
36 95 0
48 107 0
112 113 3
27 84 3
28 87 3
36 94 0
30 87 3
1 60 3
2 60 3
107 108 0
28 86 3
94 95 3
47 106 0
48 106 0
106 107 0
4 62 3
6 64 3
7 64 3
27 86 3
41 99 3
3 62 3
8 66 3
22 80 3
33 91 3
38 96 0
40 99 3
43 101 3
44 101 3
46 104 0
2 61 3
3 61 3
7 66 3
8 67 3
18 75 3
23 80 3
30 88 3
34 91 3
34 93 3
35 93 3
35 94 3
95 96 2
42 99 3
55 169 3
9 67 3
10 69 3
11 69 3
14 72 3
15 72 3
17 75 3
27 85 3
86 87 3
31 88 3
46 162 0
46 105 0
47 105 0
169 228 3
0 58 3
1 59 3
5 63 3
6 63 3
10 68 3
12 69 3
13 72 2
16 75 3
18 76 3
20 78 3
84 85 3
31 89 3
32 90 3
34 92 3
39 96 0
58 59 3
60 61 3
61 62 3
66 67 3
67 68 3
76 77 3
78 79 3
25 84 2
88 89 3
89 90 3
33 90 3
92 93 3
39 155 0
44 102 3
4 63 3
15 73 0
16 74 0
75 76 3
19 78 3
27 143 3
86 143 3
87 88 3
91 92 3
93 94 3
96 155 3
42 100 3
42 101 3
45 102 3
102 162 0
45 162 0
104 105 3
59 60 3
68 69 3
12 71 3
13 71 0
15 74 0
74 75 1
85 143 3
90 91 3
40 155 0
100 101 3
62 63 3
71 72 1
72 73 0
24 82 2
99 100 3
105 106 3
73 74 3
77 78 3
23 82 3
40 156 3
63 64 3
25 82 2
102 160 3
104 162 3
108 164 3
79 80 3
155 156 1
101 102 3
160 162 0
112 169 3
64 66 3
109 164 3
107 164 0
69 71 3
25 198 2
96 154 3
154 155 3
99 156 3
80 197 3
82 198 3
62 120 3
100 159 3
101 159 3
160 161 0
161 162 3
63 120 3
63 122 3
64 123 3
66 123 3
71 73 3
84 198 3
64 122 3
59 117 3
61 119 3
62 119 3
86 144 3
58 117 3
87 146 3
88 146 3
95 153 3
58 116 3
80 82 3
94 152 3
100 158 3
116 117 3
60 119 3
66 124 3
66 125 3
67 125 3
68 127 3
69 127 3
71 128 3
77 135 3
78 137 3
79 137 3
93 152 3
96 153 3
99 158 3
112 228 3
119 120 3
123 124 3
67 126 3
68 126 3
69 128 3
71 130 3
73 130 3
91 150 3
92 150 3
228 229 3
59 118 3
60 118 3
122 123 3
75 133 0
76 133 0
80 137 3
82 197 3
84 143 3
89 147 3
90 148 3
91 148 3
91 149 3
93 151 3
95 152 3
102 159 3
118 119 3
126 127 3
74 133 3
76 192 0
76 135 3
78 135 3
88 147 3
147 148 3
149 150 3
150 151 3
99 216 3
124 125 3
78 136 3
87 144 0
148 149 3
151 152 3
110 164 3
63 121 3
74 132 3
135 136 3
136 137 3
80 138 3
146 147 3
153 154 3
104 106 3
117 118 3
120 121 3
125 126 3
127 128 3
73 132 3
137 138 3
84 200 3
143 144 3
158 159 3
104 220 3
164 224 3
128 130 3
133 192 3
198 200 3
156 216 3
158 216 3
162 220 3
110 224 3
132 133 3
135 192 0
152 153 1
110 228 3
144 203 3
87 203 0
104 222 3
106 222 3
121 122 3
130 132 3
104 221 3
224 225 3
110 225 3
228 230 3
130 189 3
132 189 3
143 200 3
146 203 0
107 222 1
138 197 3
156 215 3
215 216 3
128 186 3
127 186 3
152 210 3
153 210 0
154 213 3
110 227 3
227 228 3
136 193 3
155 213 3
221 222 3
164 223 3
110 226 3
130 186 3
132 191 3
133 191 3
135 193 3
153 211 3
161 220 3
107 223 1
226 227 3
192 193 1
143 201 3
210 211 1
102 217 3
225 226 3
125 183 3
126 183 3
144 201 3
159 217 3
220 221 3
223 224 3
160 217 3
118 177 3
119 177 3
124 183 3
126 185 3
130 188 3
132 190 3
146 204 3
147 206 3
148 206 3
169 230 3
116 174 3
119 178 3
120 178 3
127 185 3
186 188 3
189 190 3
147 204 3
151 209 3
156 214 3
222 223 3
191 192 3
152 209 3
155 214 1
160 218 3
161 218 1
121 180 3
122 180 3
123 181 3
124 181 3
124 182 3
137 253 3
203 204 3
150 208 3
153 213 3
214 215 3
161 219 3
177 178 3
121 178 3
183 184 3
126 184 3
184 185 3
190 191 3
136 253 3
198 257 3
149 206 3
208 209 3
209 210 3
217 218 3
219 220 3
117 174 3
181 182 3
182 183 3
188 189 3
197 198 3
200 257 3
200 201 3
149 207 3
150 207 3
218 219 0
229 230 3
117 175 3
178 180 3
123 180 3
185 186 3
206 207 3
207 208 3
204 206 3
174 175 3
118 175 3
197 254 3
213 214 1
180 181 3
138 253 3
158 217 3
193 251 0
193 253 0
144 260 3
203 260 2
204 262 3
207 265 3
211 270 3
251 253 3
201 260 3
203 262 3
208 265 3
180 238 3
188 245 3
211 213 3
118 235 3
177 235 3
185 243 3
186 245 3
197 253 3
216 217 3
183 185 3
252 253 3
198 314 3
200 258 3
201 258 3
217 275 3
118 234 3
177 236 3
178 236 3
257 258 3
204 263 3
206 263 3
216 275 3
223 282 3
224 282 3
226 284 3
227 285 3
175 233 3
234 235 3
211 269 3
222 281 3
225 284 3
226 285 3
118 233 3
188 246 3
188 247 3
189 247 3
190 247 3
253 254 3
269 270 3
215 447 0
216 274 3
218 277 0
223 281 3
227 229 0
229 286 3
182 240 3
183 240 3
245 246 3
192 251 3
203 261 3
261 262 3
206 264 3
207 264 3
209 267 3
210 267 3
210 268 0
211 268 0
214 272 3
215 274 3
219 277 3
225 283 3
284 285 3
227 286 2
174 232 3
175 232 3
183 241 3
185 241 3
263 264 3
208 267 3
213 270 3
215 272 3
274 275 3
219 278 3
281 282 3
230 288 1
230 289 1
181 239 3
240 241 3
190 248 3
191 248 3
208 266 3
268 269 1
213 271 2
220 278 3
283 284 3
235 236 3
180 239 3
181 240 3
247 248 3
191 249 3
262 263 3
264 265 3
266 267 3
214 271 0
221 279 3
222 279 3
225 282 3
288 289 3
239 240 3
186 244 3
192 249 3
260 261 3
265 266 3
267 268 0
217 334 3
277 278 3
220 279 3
282 283 3
180 237 3
246 247 3
251 252 3
201 259 3
270 271 0
218 334 3
278 279 3
233 234 3
236 237 3
178 237 3
237 238 3
185 244 3
258 259 3
259 260 3
272 447 0
238 239 3
244 245 3
248 249 3
274 447 0
185 242 3
192 308 3
271 272 1
272 387 0
279 281 3
229 288 1
232 233 3
198 315 3
242 243 3
249 308 3
257 315 3
275 334 3
285 286 2
241 242 3
251 308 3
285 344 3
286 344 2
268 326 3
269 326 0
243 244 3
279 338 3
197 313 3
197 314 3
281 338 3
234 292 3
235 292 3
254 313 3
267 325 3
277 334 1
277 335 3
313 314 3
261 319 3
262 319 3
266 325 3
334 335 0
241 299 3
243 301 3
244 301 3
314 315 3
263 322 3
264 322 3
269 328 3
288 346 3
238 296 3
242 299 3
252 310 3
258 315 3
262 320 3
326 328 1
274 333 3
275 333 3
229 346 1
289 347 3
235 293 3
253 310 3
263 320 3
270 328 3
230 347 1
292 293 3
244 302 3
245 302 3
247 305 3
248 306 3
258 316 3
259 316 3
278 335 3
281 339 3
283 341 3
289 346 3
232 290 3
236 293 3
239 297 3
242 301 3
246 304 3
246 305 3
249 306 3
259 318 3
260 318 3
267 326 0
279 337 3
337 338 3
282 339 3
284 341 3
233 290 3
237 293 3
237 295 3
238 295 3
240 297 3
240 298 3
299 300 3
242 300 3
245 303 3
304 305 3
249 307 3
251 309 3
260 319 3
263 321 3
325 326 0
278 336 3
282 340 3
284 342 3
285 343 3
346 347 3
233 291 3
233 292 3
295 296 3
238 297 3
297 298 3
240 299 3
300 301 3
302 303 3
246 303 3
248 305 3
307 308 3
308 309 3
309 310 3
315 316 3
320 321 3
271 387 0
274 332 3
336 337 3
338 339 3
340 341 3
341 342 3
342 343 3
343 344 3
290 291 3
301 302 3
306 307 3
318 319 3
271 328 1
332 447 0
332 333 3
303 304 3
305 306 3
335 336 3
339 340 3
291 292 3
293 295 3
319 320 3
265 324 3
266 324 3
333 334 3
296 297 3
264 324 3
324 325 3
298 299 3
321 322 3
322 381 3
264 381 3
254 370 3
324 381 3
253 370 3
328 386 3
310 370 3
313 370 3
293 351 3
304 362 3
308 367 3
309 367 3
314 372 3
315 372 3
295 354 3
305 362 3
259 375 3
319 377 3
388 447 3
293 352 3
295 352 3
296 354 3
299 357 3
299 358 3
300 358 3
303 361 3
304 361 3
318 375 3
318 377 3
332 388 0
335 393 3
344 402 3
286 403 1
286 346 1
298 357 3
301 359 3
308 366 3
310 368 3
313 371 3
314 371 3
316 373 3
271 386 1
334 393 0
344 403 3
346 403 3
351 352 3
297 355 3
298 355 3
302 359 3
305 364 3
306 364 3
366 367 3
368 370 3
371 372 3
315 373 3
326 384 3
326 386 1
386 387 0
358 416 3
301 358 3
319 378 3
320 378 3
325 384 0
333 391 3
334 391 3
337 395 3
338 395 3
343 402 3
346 404 3
347 404 3
292 351 3
299 416 0
307 364 3
310 367 3
316 375 3
384 442 0
290 348 3
291 349 3
292 350 3
302 360 3
305 363 3
307 365 3
384 386 1
332 390 3
333 390 3
336 394 3
338 396 3
339 397 3
340 398 3
341 399 3
342 400 3
343 401 3
347 405 3
291 348 3
349 350 3
350 351 3
360 361 3
361 362 3
363 364 3
365 366 3
370 371 3
325 383 3
272 388 0
390 391 3
335 394 3
337 394 3
395 396 3
396 397 3
397 398 3
398 399 3
399 400 3
400 401 3
401 402 3
403 404 3
348 349 3
362 363 3
364 365 3
324 383 3
383 384 0
402 403 3
404 405 3
297 354 3
359 360 3
367 368 3
373 375 3
321 378 3
322 438 3
334 508 3
295 353 3
354 355 3
377 378 3
321 379 3
322 379 3
391 508 3
353 354 3
358 359 3
378 379 3
379 438 3
381 438 3
324 441 2
394 395 3
383 441 3
387 388 3
393 508 1
393 394 3
352 353 3
368 427 3
370 427 3
375 432 2
381 441 2
386 442 0
372 373 3
370 372 3
383 442 0
386 443 3
381 440 0
440 441 1
442 443 1
441 499 3
353 411 3
375 433 3
318 433 3
387 445 3
388 390 1
357 416 0
318 434 3
377 434 3
378 436 3
440 499 1
388 445 3
394 452 3
395 452 3
355 414 3
298 414 3
373 432 3
432 433 3
433 434 3
363 421 3
390 448 3
362 421 3
381 439 0
388 448 1
349 407 3
355 413 3
358 417 3
359 417 3
372 429 3
377 435 3
378 435 3
441 442 0
386 445 0
403 461 3
348 407 3
354 413 3
360 417 3
366 424 3
367 426 3
368 426 3
373 430 3
379 436 3
390 449 3
391 449 3
393 452 3
402 461 3
350 407 3
352 410 3
353 410 3
354 411 3
416 417 3
362 420 3
365 423 3
366 423 3
367 424 3
430 432 2
439 440 3
386 502 3
445 502 1
388 446 3
393 451 3
348 406 3
354 412 3
361 419 3
420 421 3
364 421 3
364 423 3
367 425 3
370 428 3
372 428 3
372 430 3
435 436 3
449 508 3
451 452 3
395 453 3
396 454 3
397 455 3
398 456 3
399 457 3
400 458 3
401 459 3
402 460 3
404 461 3
404 462 3
405 463 3
406 407 3
412 413 3
360 418 3
360 419 3
419 420 3
364 422 3
423 424 3
424 425 3
425 426 3
426 427 3
427 428 3
428 429 3
448 449 3
393 509 3
453 454 3
454 455 3
455 456 3
456 457 3
457 458 3
458 459 3
459 460 3
461 462 3
462 463 3
410 411 3
411 412 3
413 414 3
418 419 3
421 422 3
422 423 3
429 430 3
445 446 3
451 509 3
452 453 3
351 409 3
351 410 3
350 467 3
350 409 3
417 418 3
436 438 3
381 496 3
460 461 3
407 408 3
350 408 3
409 467 3
434 435 0
438 496 3
508 509 0
443 502 3
408 467 3
409 410 3
357 414 0
437 438 3
407 524 3
438 495 3
408 524 3
412 470 3
413 470 3
357 473 0
416 473 3
434 492 3
436 495 3
437 495 3
407 465 3
410 468 3
421 479 3
423 480 3
435 492 1
442 500 3
422 479 3
440 498 3
441 500 0
413 472 3
439 498 3
388 505 3
448 505 0
406 465 3
414 472 3
422 480 3
446 505 3
411 469 3
412 469 3
427 485 3
448 507 3
449 507 3
420 479 3
428 485 3
432 488 2
433 488 0
414 473 3
439 496 1
416 474 3
417 475 3
479 480 3
424 482 3
425 483 3
426 483 3
426 485 3
428 486 3
430 488 3
435 494 2
436 494 3
499 500 0
467 524 3
417 474 3
418 476 3
419 477 3
423 481 3
423 482 3
426 484 3
429 486 3
429 487 3
445 503 3
446 504 3
448 506 3
451 510 3
452 510 3
453 511 3
454 512 3
455 513 3
456 514 3
457 515 3
458 516 3
459 517 3
460 518 3
461 519 3
462 520 3
463 521 3
474 475 3
417 476 3
476 477 3
420 477 3
420 478 3
480 481 3
481 482 3
482 483 3
430 487 3
433 491 3
434 491 3
435 493 3
494 495 3
498 499 1
502 503 0
503 504 3
504 505 3
506 507 3
507 508 3
510 511 3
511 512 3
512 513 3
513 514 3
514 515 3
515 516 3
516 517 3
517 518 3
518 519 3
519 520 3
463 520 3
406 464 3
464 465 3
411 468 3
472 473 3
475 476 3
477 478 3
478 479 3
484 485 3
486 487 3
505 506 1
483 484 3
485 486 3
496 498 0
520 521 3
473 474 3
491 492 3
488 491 1
465 524 3
470 472 3
442 502 1
469 470 3
487 488 3
509 510 3
410 467 3
467 468 3
502 561 2
493 494 3
503 561 1
468 469 3
502 559 3
469 527 3
492 550 3
488 548 3
435 550 1
496 555 2
498 555 2
498 557 1
499 557 3
508 566 3
468 527 3
473 532 3
488 547 3
491 548 3
493 550 1
498 556 1
507 566 3
509 566 1
523 524 3
474 532 3
465 523 3
472 530 3
487 545 3
547 548 3
496 554 2
442 558 1
502 560 3
470 527 3
473 530 3
491 550 3
495 553 3
555 556 3
500 558 1
559 560 3
560 561 2
509 567 3
510 567 3
464 523 3
470 530 3
488 545 3
550 551 3
493 551 2
494 553 3
464 522 2
473 589 1
483 541 2
484 541 2
545 546 3
488 546 3
494 551 2
495 496 3
500 557 1
507 565 3
566 567 0
529 530 3
475 533 3
476 533 3
485 543 2
486 543 2
486 545 2
556 557 3
503 562 3
504 562 3
506 565 3
519 577 3
520 577 3
522 523 3
468 525 3
470 529 3
532 589 1
481 540 2
482 540 2
484 542 2
486 544 2
495 554 3
554 555 3
505 562 3
506 564 3
510 568 3
511 569 3
512 570 3
513 571 3
514 572 3
515 573 3
516 574 3
517 575 3
518 576 3
520 579 3
521 579 3
467 525 3
476 534 2
481 539 2
540 541 3
541 542 3
484 543 2
543 544 3
544 545 3
546 547 3
551 552 3
505 564 1
565 566 3
568 569 3
569 570 3
570 571 3
571 572 3
572 573 3
573 574 3
574 575 3
575 576 3
576 577 3
530 589 1
474 533 3
480 539 2
542 543 3
494 552 3
553 554 3
557 558 3
561 562 0
564 565 3
567 568 3
524 525 3
533 534 3
477 534 2
539 540 3
442 617 1
478 536 2
479 536 2
480 538 2
550 608 2
558 617 3
532 533 3
477 536 2
479 537 2
480 537 2
538 539 3
545 602 3
548 550 3
505 563 1
534 535 3
477 535 2
536 537 3
442 559 1
562 563 1
535 536 3
537 538 3
552 553 3
527 586 3
559 617 0
563 564 1
470 586 3
548 607 3
550 607 2
520 636 3
544 602 2
577 636 3
579 636 3
525 584 3
468 584 3
543 602 2
607 608 3
561 619 2
553 611 3
553 612 3
554 612 3
552 611 3
536 594 3
537 595 3
543 601 2
546 602 3
547 606 3
548 606 3
552 610 3
561 563 2
566 624 3
523 581 3
527 584 3
470 587 3
533 591 2
536 595 3
539 597 3
542 601 2
551 608 3
551 610 3
555 613 3
567 624 1
577 635 3
525 582 0
525 583 3
529 587 3
530 587 3
535 593 3
594 595 3
538 597 3
554 613 3
560 617 2
575 633 3
576 633 3
576 635 3
522 581 3
524 582 2
586 587 3
532 591 2
534 591 3
534 593 3
540 597 3
602 603 3
546 603 3
547 605 3
551 609 3
609 610 3
558 616 3
563 619 3
524 581 2
587 589 1
532 590 1
534 592 3
593 594 3
537 597 3
546 605 3
605 606 3
608 609 3
611 612 3
612 613 3
563 621 3
564 622 3
565 623 3
566 623 3
568 627 3
569 627 3
570 628 3
571 629 3
572 630 3
573 631 3
574 632 3
579 637 3
524 639 2
583 584 3
527 585 3
590 591 3
595 597 3
541 600 3
601 602 3
546 604 3
606 607 3
610 611 3
556 615 3
557 615 3
563 620 3
563 622 1
627 628 3
628 629 3
571 630 3
630 631 3
631 632 3
632 633 3
576 634 3
522 580 3
581 639 3
585 586 3
591 592 3
604 605 3
557 616 3
619 620 3
620 621 3
621 622 1
564 623 3
634 635 3
635 636 3
636 637 3
580 581 3
582 639 3
592 593 3
540 600 3
542 600 3
603 604 3
622 623 3
629 630 3
633 634 3
600 601 3
556 613 3
615 616 3
584 585 3
568 626 1
582 583 3
599 600 0
623 624 3
568 624 1
626 627 0
597 599 1
560 619 2
589 590 3
624 626 0
556 673 3
616 617 3
597 656 1
613 673 3
615 673 3
627 687 1
596 597 3
597 655 1
599 656 3
595 596 3
596 655 2
655 656 3
617 619 3
617 675 3
628 687 1
619 675 2
626 687 3
613 672 3
672 673 3
631 690 3
632 690 3
586 645 1
587 646 1
595 653 3
596 654 2
629 687 1
629 688 1
630 688 1
584 644 2
585 644 2
586 644 2
587 645 1
589 646 2
594 653 3
601 659 3
602 659 3
605 663 3
616 675 3
687 688 3
592 651 3
593 651 3
654 655 3
604 663 3
606 663 3
608 666 3
613 671 3
621 679 3
644 645 3
645 646 3
592 650 3
594 651 3
595 654 1
600 658 3
602 660 3
603 660 3
607 666 3
611 669 3
612 671 3
622 679 0
623 681 3
634 692 3
635 693 3
636 693 3
580 639 3
583 644 2
591 649 3
591 650 3
650 651 3
601 658 3
659 660 3
608 667 3
609 667 3
610 668 3
610 669 3
612 669 3
620 678 3
620 679 3
622 681 3
635 692 3
589 647 2
589 648 2
590 648 2
590 649 2
649 650 3
594 652 3
603 661 3
604 662 3
606 664 3
607 665 3
666 667 3
609 668 3
612 670 3
671 672 3
616 673 3
619 677 3
619 678 3
624 681 3
624 682 3
624 683 3
630 690 3
633 691 3
636 694 3
637 695 3
646 647 3
648 649 3
651 652 3
653 654 1
599 658 3
661 662 3
663 664 3
664 665 3
665 666 3
667 668 3
668 669 3
669 670 3
622 680 3
681 682 3
626 683 1
688 690 0
690 691 3
691 692 3
692 693 3
694 695 3
580 638 2
647 648 3
652 653 3
616 732 3
680 681 3
693 694 3
658 659 3
660 661 3
662 663 3
673 732 3
678 679 3
682 741 3
682 683 3
670 671 3
675 677 3
683 741 3
626 684 3
689 690 0
638 639 3
582 697 3
675 732 3
675 734 3
677 734 3
679 680 1
688 689 3
643 644 3
683 684 3
639 697 3
697 698 3
582 698 3
644 699 3
583 699 1
626 743 3
687 743 3
583 698 1
643 699 3
656 658 3
677 678 3
686 687 3
698 699 3
653 712 1
654 712 3
684 743 3
689 691 0
675 733 3
679 737 3
681 740 3
682 740 3
691 750 1
732 733 3
686 743 3
692 750 1
692 751 1
693 751 1
656 715 3
658 715 3
680 737 3
680 740 3
638 697 3
648 706 3
689 750 3
649 706 3
659 717 3
660 717 3
669 727 3
687 746 1
688 746 1
689 747 3
689 748 3
649 707 3
658 716 3
659 716 3
661 719 3
668 727 3
678 737 3
688 747 3
689 749 3
694 752 1
694 753 1
695 753 1
644 702 2
646 703 3
646 704 3
706 707 3
660 719 3
662 719 3
671 729 3
747 748 3
749 750 3
643 701 3
645 702 3
645 703 3
647 705 3
650 707 3
653 710 1
655 712 3
655 713 3
715 716 3
664 722 3
670 729 3
673 731 3
731 732 3
684 742 3
687 745 3
748 749 3
694 751 1
752 753 3
638 696 3
644 701 2
703 704 3
647 704 3
648 705 3
650 708 2
652 710 1
653 711 1
656 713 3
656 714 3
660 718 3
718 719 3
662 721 3
663 721 3
665 722 3
665 723 3
666 724 3
667 725 3
668 726 3
670 727 3
672 729 3
733 734 3
680 738 3
686 745 3
750 751 3
751 752 3
696 697 3
699 701 3
702 703 3
651 708 2
710 711 3
711 712 3
714 715 3
716 717 3
721 722 3
665 724 3
724 725 3
725 726 3
672 730 3
672 731 3
742 743 3
746 747 3
701 702 3
707 708 3
651 709 1
713 714 3
717 718 3
723 724 3
726 727 3
729 730 3
683 742 2
745 746 3
705 706 3
652 709 1
737 738 3
741 742 3
699 700 3
700 701 3
704 705 3
722 723 3
730 731 3
740 741 3
708 709 3
712 713 3
743 745 3
709 710 1
719 721 3
670 786 3
677 737 3
738 740 3
727 786 3
729 786 3
737 793 3
719 778 3
721 778 3
677 793 3
734 793 3
699 757 3
700 757 3
741 798 3
752 810 1
708 766 2
709 767 2
740 798 3
750 808 1
716 774 3
793 794 3
737 794 3
697 755 3
766 767 3
709 768 2
710 768 3
713 771 3
717 774 3
732 790 3
751 809 1
698 755 3
701 759 3
702 759 3
714 771 3
723 781 3
726 784 3
731 790 3
747 806 3
748 806 3
749 808 1
751 808 1
751 810 1
753 810 1
696 755 3
711 768 3
712 770 3
715 774 3
724 781 3
725 784 3
734 792 3
745 803 1
746 803 1
749 806 3
753 811 1
699 756 3
757 758 3
700 758 3
707 766 2
713 770 3
721 780 3
722 780 3
727 785 3
731 789 3
733 792 3
792 793 3
798 799 3
808 809 3
810 811 3
696 754 3
698 756 3
756 757 3
707 765 3
711 769 3
714 772 3
714 773 3
715 773 3
717 775 3
718 776 3
719 777 3
721 779 3
724 783 3
725 783 3
727 784 3
785 786 3
730 789 3
733 791 3
738 797 3
738 798 3
741 799 1
746 804 1
747 805 3
809 810 3
754 755 3
700 759 3
702 760 3
703 760 3
703 761 3
704 761 3
767 768 3
769 770 3
771 772 3
772 773 3
773 774 3
774 775 3
775 776 3
776 777 3
777 778 3
778 779 3
779 780 3
780 781 3
729 846 3
790 791 3
791 792 3
737 795 3
797 798 3
742 800 1
804 805 0
749 807 3
755 756 3
765 766 3
783 784 3
784 785 3
786 846 3
729 789 3
794 795 3
738 795 3
743 800 1
805 806 3
759 760 3
760 761 3
705 764 1
706 764 1
707 764 3
738 854 3
742 799 1
806 807 3
807 808 3
768 769 3
789 790 3
797 854 3
799 800 3
758 759 3
764 765 2
789 846 3
745 800 1
745 802 1
803 804 3
770 771 3
786 845 3
845 846 3
789 847 3
704 820 1
800 802 3
705 820 1
761 820 1
802 803 3
795 853 3
705 821 1
781 840 3
724 840 3
738 853 3
820 821 3
764 821 1
783 840 3
853 854 3
800 859 3
802 859 3
798 855 3
799 855 3
791 848 1
757 815 3
758 816 3
790 848 1
797 855 3
811 869 1
759 816 3
778 836 3
779 836 3
807 865 1
810 868 1
810 869 1
756 815 3
760 818 2
785 844 3
786 844 3
802 861 3
804 862 3
806 865 1
809 868 1
761 819 2
821 822 0
764 822 3
767 825 3
768 825 3
771 830 3
772 830 3
779 838 3
780 838 3
783 841 3
784 841 3
844 845 3
792 851 3
793 851 3
808 866 1
754 812 3
758 815 3
759 817 2
765 823 3
769 827 3
770 828 3
771 828 3
773 830 3
775 833 3
776 833 3
777 836 3
781 838 3
789 848 1
791 850 3
792 850 3
794 853 3
803 861 3
807 866 1
809 866 1
755 812 3
759 818 2
765 822 3
766 823 3
766 824 3
827 828 3
771 829 3
829 830 3
773 831 3
774 832 3
776 834 3
779 837 3
794 852 3
804 863 3
805 863 1
865 866 3
809 867 1
868 869 3
761 818 2
824 825 3
768 826 3
769 826 3
830 831 3
831 832 3
832 833 3
777 834 3
836 837 3
781 839 3
840 841 3
784 842 3
785 842 3
847 848 3
851 852 3
852 853 3
854 855 3
855 857 3
799 857 3
802 860 3
805 922 1
806 922 1
866 867 3
867 868 0
755 813 3
755 814 3
755 815 3
814 815 3
816 817 1
822 823 3
825 826 3
828 829 3
839 840 3
841 842 3
785 843 3
859 860 3
860 861 3
817 818 3
818 819 3
819 820 1
823 824 3
837 838 3
838 839 3
842 843 3
843 844 3
850 851 3
804 861 3
863 922 3
812 813 3
826 827 3
791 849 3
849 850 3
861 862 3
862 863 3
865 922 3
815 816 3
833 834 3
846 847 3
848 849 0
813 814 3
799 859 3
813 871 2
814 871 2
816 874 1
845 904 3
846 904 3
855 914 3
857 914 3
815 874 1
857 859 3
834 893 3
777 893 3
836 893 3
847 906 3
848 906 3
855 913 3
817 875 2
818 877 1
825 883 3
854 913 3
857 916 3
859 917 3
869 927 3
815 873 1
818 875 2
826 883 3
827 885 3
828 885 3
841 899 3
846 906 3
862 920 3
863 920 3
866 924 3
868 927 3
819 877 2
820 879 2
821 879 2
821 880 2
822 880 3
824 882 3
825 882 3
842 899 3
843 901 3
844 901 3
849 908 1
850 908 1
853 911 3
859 916 3
860 918 3
814 872 2
814 873 1
875 877 3
829 887 3
833 891 3
836 895 3
837 895 3
838 896 3
839 898 3
840 898 3
904 906 2
852 911 3
913 914 3
857 915 3
917 918 3
866 925 3
867 925 3
812 870 0
871 872 3
872 873 3
873 874 3
817 874 2
820 878 2
823 881 3
826 884 3
830 887 3
830 888 3
831 889 3
831 890 3
832 890 3
832 891 3
834 891 3
895 896 3
839 897 3
842 901 3
844 902 3
845 903 3
851 909 3
852 910 3
854 912 3
861 920 3
863 921 3
865 923 3
868 926 3
870 871 1
820 877 2
879 880 3
880 881 3
824 881 3
884 885 3
828 887 3
887 888 3
888 889 3
889 890 3
836 894 3
896 897 3
898 899 3
901 902 3
902 903 3
903 904 3
850 909 3
909 910 3
911 912 3
912 913 3
914 915 3
916 917 3
861 918 3
920 921 3
923 924 3
924 925 3
925 926 3
878 879 3
882 883 3
828 886 3
834 892 3
894 895 3
897 898 3
915 916 3
922 923 3
926 927 3
874 875 3
877 878 3
881 882 3
883 884 3
885 886 3
886 887 3
890 891 3
848 908 3
910 911 3
921 922 3
891 892 3
893 894 3
892 893 3
906 908 3
908 909 0
918 977 3
899 901 3
861 977 3
908 965 3
906 965 3
920 977 3
874 932 1
921 979 3
875 934 2
877 934 3
922 979 3
872 930 3
873 930 3
899 958 3
901 958 3
906 964 3
923 982 3
924 982 3
874 931 1
879 937 3
880 938 3
882 940 3
906 963 2
914 972 3
916 974 3
922 980 3
923 980 3
925 983 3
926 984 3
873 931 1
875 932 1
878 937 3
881 938 3
881 939 3
883 940 3
904 963 3
912 971 3
913 971 3
913 972 3
917 974 3
924 983 3
925 984 3
930 931 1
882 939 3
883 941 3
884 941 3
884 943 3
885 943 3
890 948 3
896 955 3
897 955 3
963 964 3
887 945 3
888 946 3
891 948 3
909 968 3
910 968 3
914 973 3
915 973 3
915 974 3
870 928 1
871 929 3
931 932 3
875 933 2
878 936 3
884 942 3
886 944 3
945 946 3
889 947 3
891 950 3
892 950 3
893 951 3
894 952 3
895 953 3
898 956 3
899 957 3
901 959 3
902 960 3
903 961 3
904 962 3
909 967 0
911 969 3
912 970 3
972 973 3
920 979 3
983 984 3
928 929 1
929 930 3
936 937 3
937 938 3
939 940 3
940 941 3
941 942 3
942 943 3
943 944 3
944 945 3
946 947 3
947 948 3
891 949 3
950 951 3
951 952 3
952 953 3
896 954 3
955 956 3
956 957 3
957 958 3
959 960 3
960 961 3
961 962 3
968 969 3
969 970 3
970 971 3
973 974 3
920 978 3
927 985 3
932 933 3
933 934 3
938 939 3
948 949 3
895 954 3
958 959 3
967 968 2
978 979 3
926 985 3
877 936 3
877 935 3
949 950 3
954 955 3
962 963 3
971 972 3
917 976 3
979 980 3
923 1039 3
982 1039 3
935 936 3
953 954 3
964 965 3
908 967 0
974 976 3
918 976 3
934 935 3
977 978 3
980 1039 3
982 983 3
984 985 3
976 977 3
908 1024 3
967 1024 1
965 1024 3
974 1033 3
976 1033 3
935 993 3
939 998 3
940 998 3
967 1025 1
936 993 3
962 1021 3
963 1021 3
1024 1025 3
936 994 3
937 994 3
963 1022 3
967 1026 2
968 1026 3
974 1032 3
982 1040 3
983 1041 3
984 1042 3
941 999 3
964 1022 3
965 1023 3
976 1034 3
977 1034 3
979 1037 3
982 1041 3
985 1042 3
932 990 3
933 990 3
937 995 3
938 995 3
939 997 3
940 999 3
950 1008 3
953 1011 3
953 1012 3
954 1012 3
954 1013 3
955 1013 3
964 1023 3
1023 1024 3
973 1032 3
1033 1034 3
977 1035 3
978 1035 3
978 1037 3
931 990 3
933 991 3
993 994 3
938 997 3
997 998 3
951 1008 3
952 1011 3
1021 1022 3
968 1027 3
969 1027 3
980 1037 3
983 1042 3
928 986 0
929 987 3
930 988 3
931 989 3
934 991 3
934 993 3
938 996 3
942 1000 3
943 1001 3
944 1002 3
945 1002 3
945 1003 3
946 1004 3
947 1005 3
948 1006 3
949 1007 3
951 1009 3
952 1010 3
956 1014 3
957 1015 3
958 1016 3
959 1017 3
960 1018 3
961 1019 3
962 1020 3
970 1028 3
971 1029 3
972 1030 3
973 1031 3
1032 1033 3
1034 1035 3
978 1036 3
980 1038 3
985 1043 3
986 987 3
987 988 3
988 989 3
989 990 3
990 991 3
994 995 3
995 996 3
996 997 3
999 1000 3
1001 1002 3
946 1003 3
1004 1005 3
1005 1006 3
1006 1007 3
1007 1008 3
1008 1009 3
1009 1010 3
1011 1012 3
1012 1013 3
1013 1014 3
1014 1015 3
1015 1016 3
1016 1017 3
1017 1018 3
1018 1019 3
1019 1020 3
1022 1023 3
1026 1027 3
1027 1028 3
1028 1029 3
1029 1030 3
1030 1031 3
1031 1032 3
1035 1036 3
1037 1038 3
1040 1041 3
1041 1042 3
1042 1043 3
943 1000 3
1020 1021 3
1036 1037 3
1038 1039 3
1039 1040 3
998 999 3
1002 1003 3
1003 1004 3
1010 1011 3
1025 1026 3
1000 1001 3
