0 2 3
2 3 3
3 5 1
5 6 3
6 7 2
7 9 1
9 10 3
10 11 3
11 14 3
14 15 3
15 16 3
16 17 3
17 18 3
18 19 3
19 21 1
21 22 0
22 80 0
24 80 0
24 25 3
25 26 3
26 27 3
27 29 3
29 30 0
30 32 3
32 35 3
35 36 3
36 38 3
38 40 3
40 41 3
41 43 3
43 44 3
44 45 3
45 46 3
46 47 3
47 48 3
48 49 3
49 167 3
53 167 3
53 54 3
54 171 3
114 171 3
57 114 3
35 151 3
38 154 3
36 151 3
40 154 3
3 4 3
4 5 1
80 83 3
24 83 0
32 93 3
14 70 3
29 86 3
35 93 3
166 167 3
11 70 3
30 88 1
30 89 1
149 151 3
41 99 3
25 83 0
32 89 1
43 99 3
27 86 3
107 166 3
26 83 0
26 85 3
27 85 3
29 88 3
107 167 3
3 61 3
6 65 0
21 78 0
88 89 3
5 65 0
9 68 0
10 68 0
36 95 3
53 168 3
2 59 3
4 65 3
15 73 3
19 77 3
83 85 1
86 87 3
29 87 3
38 95 3
40 99 3
46 104 3
47 104 3
167 168 3
0 59 3
2 60 3
14 72 3
18 77 3
49 107 3
59 60 3
4 61 3
7 65 0
19 78 3
43 45 3
0 58 3
70 72 3
14 73 3
16 73 3
16 75 3
17 75 3
18 76 3
87 88 3
114 172 3
3 60 3
4 63 3
9 67 0
71 72 3
18 75 3
76 77 3
77 78 3
32 92 3
92 93 3
95 151 3
38 96 3
60 61 3
10 69 0
11 69 0
70 71 3
75 76 3
85 86 3
93 151 3
96 154 3
99 154 3
99 215 3
48 164 3
49 164 3
4 62 3
68 69 3
69 70 1
95 153 3
43 215 3
45 104 3
107 164 3
57 173 3
63 65 3
73 75 3
47 164 3
58 59 3
62 63 3
21 137 0
22 137 0
61 62 3
7 67 2
100 215 3
43 102 3
43 103 3
45 103 3
78 137 3
80 137 3
95 96 3
43 100 3
65 67 3
100 102 3
102 103 3
47 163 3
168 169 3
53 169 3
65 122 3
67 68 3
72 73 3
104 163 3
163 164 3
54 169 3
171 172 3
114 173 3
63 122 3
89 148 3
32 148 3
103 104 3
65 123 3
89 147 3
107 165 3
67 123 3
77 136 3
78 136 3
148 149 3
32 149 3
73 131 3
73 133 3
75 133 3
72 131 3
147 148 3
123 124 3
67 124 3
68 126 3
88 146 3
92 149 3
122 123 3
67 126 3
80 138 3
154 157 3
99 157 3
61 119 3
62 119 3
85 143 3
166 282 3
167 226 3
67 125 3
69 128 3
70 128 0
70 129 3
88 147 3
102 159 3
107 282 3
166 226 3
124 125 3
71 129 3
151 153 3
100 159 3
58 116 3
59 116 3
63 121 3
121 122 3
87 144 3
93 149 3
103 162 3
104 162 3
164 165 3
59 117 3
60 118 3
62 120 3
62 121 3
68 127 3
69 127 3
131 133 3
132 133 3
76 133 3
76 134 3
136 137 3
86 144 3
157 215 3
117 118 3
118 119 3
119 120 3
126 127 3
128 129 1
77 135 3
83 143 1
88 203 3
116 117 3
120 121 3
125 126 3
133 134 3
77 134 3
86 143 3
87 203 3
146 203 3
96 153 3
102 161 3
103 161 3
172 173 3
127 128 3
72 129 3
131 132 3
83 198 1
102 217 3
162 163 3
165 282 3
169 171 3
136 195 3
137 195 3
137 138 3
143 144 3
146 147 3
159 217 3
134 135 3
135 136 3
83 138 3
144 203 3
153 210 3
214 215 3
100 217 3
161 162 3
223 282 3
83 201 1
143 201 3
161 217 3
151 210 3
153 154 3
138 196 3
168 226 3
123 182 3
129 131 3
137 196 3
172 230 3
124 182 3
129 189 3
149 207 3
127 185 3
148 207 3
157 214 3
171 230 3
126 185 3
131 189 3
149 208 3
133 191 2
151 208 3
225 282 3
166 225 3
225 226 3
125 183 3
126 183 3
132 191 3
134 191 2
147 205 3
148 205 3
153 211 1
165 223 3
173 230 3
129 186 0
207 208 3
154 211 1
164 223 3
169 226 3
171 229 3
120 178 3
127 186 3
128 186 3
195 196 3
143 202 3
144 202 3
161 219 3
169 285 3
229 230 3
119 178 3
121 179 3
122 179 3
123 181 3
124 183 3
134 192 2
146 204 3
162 219 3
222 223 3
116 174 3
117 175 3
118 176 3
119 177 3
122 180 3
181 182 3
126 184 3
136 194 2
203 204 3
208 209 3
151 209 3
162 220 3
163 221 3
164 221 3
221 223 3
169 228 3
169 229 3
174 175 3
175 176 3
176 177 3
177 178 3
120 179 3
179 180 3
180 181 3
183 184 3
184 185 3
185 186 3
135 194 3
138 198 1
83 199 1
146 205 3
163 220 3
226 285 3
228 229 3
178 179 3
182 183 3
191 192 3
196 198 3
210 211 3
186 189 1
199 201 3
148 264 3
207 264 3
154 214 3
132 189 3
194 195 3
198 199 3
202 203 3
204 205 3
217 219 3
201 202 3
220 221 3
221 222 3
209 210 3
228 285 3
199 255 3
219 220 3
135 192 2
201 255 3
211 212 0
154 212 3
186 188 3
188 189 1
196 254 3
186 245 3
198 254 3
215 217 3
189 191 3
255 257 3
201 257 3
201 259 3
188 245 3
214 272 2
230 289 3
189 248 0
191 248 2
212 214 3
188 248 3
192 249 2
192 250 2
257 259 3
249 250 3
198 255 3
212 272 0
186 244 3
188 247 3
192 194 2
254 255 3
203 262 3
204 262 3
185 244 3
202 260 3
203 260 3
225 283 3
174 232 3
180 238 3
195 252 3
260 262 3
217 276 3
229 287 3
229 288 3
230 288 3
176 235 3
177 235 3
179 238 3
191 249 2
219 276 3
282 283 3
228 286 3
229 286 3
287 288 3
181 239 3
182 239 3
247 248 3
202 259 3
207 265 3
208 265 3
219 278 3
220 278 3
175 232 3
178 236 3
179 236 3
184 242 3
176 234 3
177 236 3
179 237 3
180 239 3
182 240 3
183 241 3
183 242 3
185 242 3
185 243 3
210 268 3
211 268 3
212 269 3
214 273 3
215 273 3
219 277 3
175 234 3
234 235 3
235 236 3
237 238 3
239 240 3
240 241 3
243 244 3
244 245 3
248 249 3
205 264 3
209 268 3
211 269 3
272 273 3
217 273 3
217 333 3
276 277 3
226 283 3
288 289 3
236 237 3
241 242 3
220 222 3
286 287 3
238 239 3
242 243 3
285 286 3
175 291 3
194 250 3
194 309 3
204 321 3
264 265 3
268 269 3
217 334 3
232 291 3
234 291 3
194 310 3
195 310 0
277 278 3
250 309 3
196 252 3
255 314 3
259 260 3
205 321 3
209 326 3
309 310 3
268 326 3
212 329 3
272 329 1
276 334 3
252 310 3
283 342 3
226 342 3
245 247 3
254 313 3
333 334 3
222 338 3
252 254 3
262 321 3
273 333 3
220 338 3
247 304 3
252 311 3
262 319 3
278 337 3
223 339 3
282 340 3
283 340 3
285 342 3
245 304 3
310 311 3
259 316 3
260 319 3
209 325 3
325 326 3
220 337 3
232 290 3
290 291 3
255 313 3
257 314 3
257 316 3
205 322 3
264 322 3
272 330 2
273 332 3
222 339 3
265 322 3
329 330 3
332 333 3
338 339 3
285 343 3
286 343 3
245 302 3
273 330 3
337 338 3
223 340 3
283 341 3
342 343 3
241 300 3
242 300 3
244 302 3
247 305 3
254 311 3
260 317 3
321 322 3
265 325 3
208 325 3
248 305 3
250 308 3
259 317 3
212 328 3
341 342 3
234 293 3
235 293 3
235 294 3
236 294 3
249 308 3
316 317 3
317 319 3
265 323 3
328 329 3
277 335 3
339 340 3
288 346 3
289 347 3
237 294 3
239 297 3
240 297 3
245 303 3
276 335 3
278 335 3
287 346 3
288 347 3
237 295 3
238 296 3
240 298 3
241 299 3
242 301 3
243 301 3
244 301 3
248 306 3
249 307 3
257 315 3
262 320 3
323 325 3
268 327 3
269 327 3
269 328 3
340 341 3
286 344 3
287 345 3
295 296 3
296 297 3
298 299 3
299 300 3
301 302 3
304 305 3
305 306 3
306 307 3
314 315 3
315 316 3
320 321 3
322 323 3
278 336 3
343 344 3
344 345 3
345 346 3
346 347 3
293 294 3
294 295 3
297 298 3
300 301 3
319 320 3
327 328 3
302 303 3
303 304 3
307 308 3
308 309 3
254 372 3
313 314 3
334 335 3
335 336 3
330 332 3
336 337 3
311 372 3
313 372 3
326 327 3
291 350 3
234 350 3
333 392 3
334 392 3
293 350 3
370 372 3
311 370 3
317 376 3
371 372 3
337 395 3
338 395 3
307 366 3
308 366 3
323 382 3
325 382 3
332 389 3
309 367 3
315 373 3
315 374 3
316 374 3
319 376 3
330 389 3
336 395 3
338 396 3
339 396 3
308 367 3
310 369 3
311 369 3
376 377 3
319 377 3
325 383 3
291 349 3
300 358 3
370 371 3
317 375 3
326 383 3
334 393 3
335 393 3
395 396 3
343 402 3
290 349 3
294 352 3
295 352 3
297 356 3
298 356 3
299 358 3
301 359 3
366 367 3
314 372 3
315 372 3
316 375 3
323 381 3
326 384 3
327 384 3
333 390 3
344 402 3
293 351 3
298 357 3
299 357 3
300 359 3
301 360 3
302 360 3
304 362 3
305 362 3
310 367 3
369 370 3
319 378 3
320 378 3
322 381 3
332 390 3
390 392 3
290 348 3
349 350 3
350 351 3
296 354 3
297 355 3
303 361 3
305 363 3
306 364 3
307 365 3
310 368 3
321 379 3
322 379 3
322 380 3
381 382 3
327 385 3
328 386 3
329 386 3
329 387 3
330 388 3
336 393 3
336 394 3
339 397 3
340 398 3
341 399 3
342 400 3
343 401 3
345 403 3
346 404 3
347 405 3
348 349 3
295 353 3
354 355 3
355 356 3
357 358 3
358 359 3
361 362 3
362 363 3
363 364 3
364 365 3
365 366 3
367 368 3
368 369 3
373 374 3
375 376 3
378 379 3
380 381 3
383 384 3
384 385 3
385 386 3
386 387 3
387 388 3
388 389 3
393 394 3
397 398 3
398 399 3
399 400 3
400 401 3
402 403 3
403 404 3
404 405 3
356 357 3
359 360 3
302 361 3
374 375 3
377 378 3
379 380 3
392 393 3
401 402 3
352 353 3
295 354 3
394 395 3
396 397 3
293 352 3
353 354 3
382 383 3
351 352 3
360 361 3
389 390 3
372 373 3
374 490 3
390 449 3
392 449 3
372 430 3
371 430 3
354 413 3
355 413 3
369 428 3
370 428 3
359 417 3
360 418 3
353 412 3
354 412 3
358 417 3
359 418 3
392 450 3
393 450 3
350 409 3
351 409 3
375 490 0
395 453 3
401 459 3
371 428 3
396 453 3
402 459 3
361 418 3
374 431 3
390 448 3
349 407 3
352 410 3
356 414 3
380 437 3
380 438 3
381 440 3
382 440 3
448 449 3
400 459 3
348 407 3
351 410 3
361 420 3
362 420 3
364 422 3
365 424 3
366 424 3
369 427 3
373 430 3
379 437 3
381 438 3
386 444 3
449 450 3
405 463 3
348 406 3
350 407 3
350 408 3
353 410 3
412 413 3
356 415 3
357 415 3
358 415 3
361 419 3
362 421 3
363 421 3
365 422 3
367 424 3
367 425 3
368 426 3
368 427 3
371 429 3
377 435 3
378 437 3
381 439 3
383 440 3
383 441 3
384 442 3
385 443 3
385 444 3
387 444 3
387 445 3
388 446 3
389 447 3
393 451 3
397 455 3
398 456 3
399 457 3
400 458 3
459 460 3
402 460 3
403 461 3
404 462 3
407 408 3
408 409 3
409 410 3
353 411 3
356 413 3
358 416 3
418 419 3
419 420 3
421 422 3
425 426 3
426 427 3
428 429 3
429 430 3
441 442 3
442 443 3
443 444 3
444 445 3
445 446 3
446 447 3
447 448 3
394 451 3
394 453 3
396 455 3
455 456 3
456 457 3
457 458 3
458 459 3
460 461 3
461 462 3
462 463 3
406 407 3
410 411 3
411 412 3
414 415 3
415 416 3
416 417 3
375 434 3
376 434 3
378 436 3
437 438 3
438 439 3
439 440 3
440 441 3
394 452 3
413 414 3
420 421 3
427 428 3
434 490 0
378 435 3
451 452 3
452 453 3
417 418 3
365 423 3
424 425 3
373 431 3
450 451 3
422 423 3
430 431 3
435 436 3
436 437 3
377 434 3
434 435 3
396 513 3
423 424 3
453 513 3
455 513 3
431 490 3
434 491 3
435 494 3
436 494 3
413 472 3
414 472 3
411 469 3
412 470 3
410 469 3
412 469 3
490 491 1
453 511 3
469 470 3
415 472 3
415 473 3
417 475 3
424 482 3
425 482 3
431 489 3
434 494 3
449 507 3
458 516 3
459 516 3
413 471 3
472 473 3
418 475 3
423 481 3
430 489 3
434 551 0
437 494 3
439 497 3
440 498 3
448 507 3
408 466 3
409 466 3
412 471 3
471 472 3
422 481 3
423 482 3
426 484 3
429 487 3
430 487 3
434 492 3
440 497 3
443 501 3
459 518 3
460 518 3
406 465 3
407 465 3
407 466 3
409 467 3
410 468 3
416 474 3
416 475 3
418 476 3
419 477 3
420 478 3
421 479 3
422 479 3
425 483 3
425 484 3
427 485 3
428 486 3
429 486 3
430 488 3
489 490 3
492 551 3
494 551 3
438 496 3
439 496 3
441 500 3
442 500 3
444 501 3
446 504 3
447 505 3
451 509 3
452 509 3
511 513 3
456 514 3
457 515 3
461 519 3
462 520 3
463 521 3
406 464 3
467 468 3
468 469 3
476 477 3
419 478 3
421 478 3
422 480 3
484 485 3
485 486 3
497 498 3
440 499 3
441 499 3
500 501 3
445 504 3
504 505 3
448 505 3
513 514 3
514 515 3
515 516 3
518 519 3
519 520 3
520 521 3
466 467 3
471 530 3
415 531 3
416 531 3
475 476 3
480 481 3
481 482 3
482 483 3
483 484 3
487 488 3
488 489 3
498 499 3
450 509 3
464 465 3
465 466 3
470 471 3
474 531 3
477 478 3
479 480 3
486 487 3
437 495 3
450 507 3
494 495 3
438 495 3
452 511 3
474 475 3
478 479 3
491 492 3
495 496 3
496 497 3
448 506 3
473 531 3
506 507 3
505 506 3
511 512 3
512 513 3
499 500 3
516 518 3
550 551 3
445 561 3
509 511 3
492 550 3
501 560 3
444 560 3
504 561 3
476 535 3
444 561 3
504 562 1
505 564 1
506 564 1
450 566 1
475 533 3
476 533 3
560 561 3
507 566 1
509 566 1
477 535 3
505 563 1
509 568 1
516 575 3
518 575 3
464 523 3
533 535 3
484 542 2
485 542 2
563 564 3
511 568 1
511 569 1
512 569 1
512 571 1
513 571 1
514 572 1
516 632 3
466 525 3
467 525 3
472 530 3
487 545 2
491 550 3
561 562 3
568 569 3
569 571 3
571 572 3
515 572 1
575 632 3
465 523 3
470 528 3
478 537 3
486 545 2
504 563 1
468 525 3
469 528 3
470 529 3
471 529 3
535 537 3
482 540 2
483 540 2
490 550 1
572 631 0
519 577 3
519 579 1
520 579 1
521 579 1
466 524 3
468 526 3
528 529 3
472 531 3
483 542 2
495 553 3
496 553 3
572 632 0
518 577 3
464 522 3
522 523 3
465 524 3
469 526 3
529 530 3
481 539 2
540 541 3
483 541 2
497 555 2
498 555 2
506 565 1
507 565 1
518 576 3
524 525 3
479 537 3
480 539 2
539 540 3
485 543 2
486 544 2
500 558 3
575 576 3
576 577 3
577 579 1
525 526 3
480 538 2
541 542 3
542 543 3
543 544 3
490 547 2
490 548 2
497 553 3
499 558 3
501 558 3
565 566 3
566 567 0
509 567 3
567 568 1
578 579 1
530 531 3
531 532 3
474 532 3
474 533 3
538 539 3
488 546 2
489 547 2
548 550 3
523 524 3
526 528 3
479 538 2
488 545 2
489 546 2
547 548 3
494 553 3
569 570 0
532 533 3
551 553 3
570 571 1
577 578 3
545 546 3
546 547 3
553 612 2
497 612 2
499 555 2
544 545 3
562 563 3
564 565 3
571 631 0
555 612 3
499 615 2
558 615 2
555 615 3
548 607 3
550 607 2
553 611 2
550 608 2
555 614 3
575 633 3
576 634 3
577 634 3
537 595 2
479 595 1
611 612 3
614 615 3
558 618 2
501 618 2
570 631 0
537 594 2
538 595 3
551 608 3
551 610 3
553 610 3
560 618 2
532 591 2
535 594 2
594 595 3
558 616 2
532 590 3
533 591 3
607 608 3
610 611 3
616 618 3
526 585 3
528 585 3
531 590 2
551 609 3
615 616 3
631 632 3
539 597 3
540 597 3
546 604 3
548 606 3
609 610 3
561 619 2
569 627 3
522 580 3
535 593 2
593 594 3
540 598 3
543 601 3
547 604 3
547 605 3
606 607 3
608 609 3
555 613 3
616 675 3
618 675 3
618 619 3
568 627 3
577 635 3
523 580 3
524 582 2
525 582 2
529 586 3
529 587 3
530 587 3
530 589 3
531 589 2
590 591 3
538 597 3
541 598 3
541 599 3
544 601 3
545 603 3
546 603 3
605 606 3
612 613 3
613 614 3
562 619 2
566 624 3
568 626 3
632 633 1
576 633 3
634 635 3
579 637 3
523 581 3
524 581 3
525 583 3
528 586 3
586 587 3
589 590 3
533 592 2
535 592 2
597 598 3
542 599 3
544 602 3
544 603 3
563 679 2
565 624 3
567 626 1
570 627 1
631 689 1
578 635 3
578 637 1
526 583 3
601 602 3
602 603 3
562 620 2
567 624 1
578 636 3
591 592 3
592 593 3
598 599 3
542 600 3
543 600 3
604 605 3
619 620 3
635 636 3
636 637 1
580 581 3
526 584 3
603 604 3
563 620 2
564 622 2
565 622 2
626 627 3
581 582 3
583 584 3
585 586 3
600 601 3
620 679 3
630 631 0
633 634 3
584 585 3
563 622 2
570 628 1
587 589 3
582 583 3
622 679 3
628 631 0
599 600 3
624 626 3
595 597 3
565 681 2
627 628 3
589 649 1
590 649 1
622 681 3
591 649 1
624 681 2
609 668 3
610 668 3
602 660 3
628 630 3
601 660 3
628 687 3
630 687 3
587 648 1
589 648 1
592 651 3
593 651 3
648 649 3
592 649 3
598 656 3
599 656 3
599 657 3
624 683 2
626 683 2
582 640 3
583 641 3
584 641 3
587 647 1
600 657 3
600 658 3
622 680 3
680 681 3
583 640 3
647 648 3
593 595 3
601 658 3
603 660 3
612 670 3
613 670 3
618 676 3
619 676 3
619 677 3
580 638 1
581 638 1
581 639 1
582 639 1
640 641 3
587 646 1
597 656 3
609 667 3
611 670 3
615 673 3
626 684 2
633 692 3
634 692 3
646 647 3
592 650 3
595 654 3
597 654 3
607 665 3
608 667 3
614 672 3
616 673 3
616 674 3
674 675 3
675 676 3
676 677 3
683 684 3
636 694 1
638 639 3
584 643 1
585 643 1
586 643 1
586 644 1
586 645 1
587 645 1
650 651 3
597 655 3
601 659 3
603 661 3
603 662 3
604 662 3
605 663 3
606 664 3
608 665 3
608 666 3
613 671 3
613 672 3
615 672 3
620 677 3
627 684 2
637 694 3
637 695 3
639 640 3
645 646 3
655 656 3
656 657 3
657 658 3
659 660 3
660 661 3
604 663 3
663 664 3
664 665 3
670 671 3
673 674 3
620 678 3
627 685 2
630 689 3
632 689 1
635 693 1
643 644 3
661 662 3
665 666 3
666 667 3
667 668 3
672 673 3
677 678 3
678 679 3
684 685 3
692 693 1
694 695 3
641 642 1
584 642 1
644 645 3
649 650 3
662 663 3
679 680 3
593 653 3
595 653 3
658 659 3
671 672 3
628 685 2
632 690 1
636 693 1
654 655 3
611 668 3
681 683 3
687 689 3
689 690 3
642 643 3
593 652 3
653 654 3
685 687 3
632 691 1
633 691 1
652 653 3
668 670 3
690 691 3
691 692 0
670 727 3
693 694 3
651 652 3
668 727 3
683 741 3
685 744 3
687 744 2
689 746 2
646 704 3
657 715 3
681 741 3
687 746 3
647 704 3
652 710 3
653 711 3
654 711 3
658 715 3
642 699 3
643 645 3
653 710 3
681 740 3
740 741 3
640 698 1
680 738 3
681 738 3
687 745 2
689 747 2
641 698 1
744 745 3
745 746 3
746 747 3
639 698 1
641 699 1
645 704 3
651 710 3
654 712 3
655 712 3
675 733 3
690 747 2
639 697 1
656 714 3
657 714 3
658 716 3
670 729 3
676 733 3
679 738 3
685 743 3
690 748 2
693 751 3
694 751 3
697 698 3
698 699 3
643 701 3
649 708 3
650 708 3
651 708 3
715 716 3
664 722 3
665 723 3
666 723 3
727 729 3
674 732 3
684 743 3
743 744 3
747 748 3
690 749 2
638 697 1
645 701 3
645 703 3
651 709 3
709 710 3
714 715 3
659 717 3
660 718 3
661 719 3
662 721 3
663 721 3
665 722 3
666 724 3
667 725 3
668 726 3
671 729 3
672 730 3
673 731 3
673 732 3
675 732 3
676 734 3
677 735 3
678 736 3
679 737 3
684 741 3
748 749 3
691 749 3
694 752 3
638 696 1
642 701 3
710 711 3
655 713 3
656 713 3
658 717 3
717 718 3
718 719 3
662 719 3
721 722 3
724 725 3
725 726 3
729 846 3
671 730 3
673 730 3
731 732 3
732 733 3
733 734 3
734 735 3
677 736 3
736 737 3
737 738 3
681 739 3
751 752 3
695 752 3
696 697 3
647 706 3
648 706 3
711 712 3
712 713 3
716 717 3
662 720 3
722 723 3
726 727 3
727 846 3
735 736 3
738 739 3
739 740 3
649 707 3
719 720 3
723 724 3
695 753 3
706 707 3
720 721 3
729 730 3
692 749 1
752 753 3
701 703 3
708 709 3
713 714 3
730 731 3
684 800 3
692 750 1
693 750 3
704 706 3
707 708 3
743 800 3
749 750 3
703 704 3
741 800 3
699 700 3
750 751 3
642 700 3
700 701 3
699 757 3
698 757 3
727 786 3
786 846 3
701 760 3
703 760 3
708 766 3
713 771 3
738 796 3
749 807 3
709 767 3
710 768 3
711 768 3
712 770 3
713 770 3
714 771 3
730 788 3
737 796 3
748 807 3
697 755 3
698 755 3
698 756 3
707 766 3
708 767 3
716 774 3
718 776 3
727 785 3
729 788 3
739 796 3
706 763 3
706 764 3
707 764 3
709 768 3
715 774 3
719 776 3
721 779 3
726 785 3
743 802 3
744 802 3
750 809 3
752 810 2
696 755 3
755 756 3
703 761 3
704 763 3
766 767 3
719 777 3
720 777 3
720 779 3
732 790 3
746 804 3
751 809 3
753 810 2
756 757 3
700 757 3
701 759 3
711 770 3
770 771 3
715 773 3
717 774 3
717 775 3
722 780 3
723 781 3
724 782 3
725 783 3
726 783 3
730 789 3
731 789 3
731 790 3
732 791 3
733 791 3
734 792 3
734 793 3
735 793 3
736 794 3
737 795 3
800 801 3
743 801 3
745 803 3
747 804 3
749 808 3
750 808 3
696 754 3
700 759 3
760 761 3
763 764 3
714 772 3
714 773 3
774 775 3
775 776 3
722 779 3
780 781 3
781 782 3
782 783 3
726 784 3
785 786 3
791 792 3
792 793 3
793 794 3
794 795 3
795 796 3
744 803 3
803 804 3
747 805 3
808 809 3
754 755 3
700 758 3
767 768 3
711 769 3
771 772 3
772 773 3
773 774 3
779 780 3
783 784 3
784 785 3
790 791 3
801 802 3
802 803 3
748 805 3
751 810 3
758 759 3
759 760 3
704 762 3
764 766 3
769 770 3
788 846 3
788 789 3
741 857 3
800 857 3
804 805 3
809 810 3
753 811 2
703 762 3
807 808 3
810 811 3
757 758 3
776 777 3
789 790 3
739 798 3
740 798 3
741 798 3
761 762 3
796 798 3
798 857 3
762 763 3
768 769 3
777 779 3
777 836 3
779 836 3
845 846 3
762 821 3
763 821 3
767 826 3
768 826 3
786 845 3
769 826 3
798 855 3
805 864 3
748 864 3
796 855 3
807 864 3
800 858 3
801 858 3
761 819 3
762 819 3
754 813 3
755 813 3
760 818 3
762 820 3
777 835 3
803 861 3
761 818 3
764 823 3
766 823 3
767 824 3
767 825 3
791 849 3
792 849 3
792 850 3
793 851 3
794 851 3
795 854 3
796 854 3
802 861 3
819 820 3
764 821 3
766 824 3
825 826 3
769 828 3
770 828 3
775 833 3
835 836 3
780 838 3
793 850 3
798 856 3
808 864 3
809 867 3
759 818 3
769 827 3
776 833 3
779 838 3
781 838 3
855 856 3
808 867 3
810 867 3
810 868 3
754 812 3
756 813 3
759 817 3
764 822 3
826 827 3
827 828 3
771 828 3
771 829 3
772 830 3
773 831 3
774 832 3
779 837 3
781 839 3
782 840 3
783 841 3
784 842 3
785 843 3
786 844 3
790 849 3
849 850 3
794 853 3
795 853 3
802 860 3
803 862 3
804 862 3
805 862 3
808 865 3
808 866 3
811 868 3
812 813 3
756 814 3
758 817 3
817 818 3
822 823 3
823 824 3
828 829 3
829 830 3
830 831 3
831 832 3
832 833 3
776 834 3
776 835 3
836 837 3
838 839 3
839 840 3
840 841 3
783 842 3
842 843 3
843 844 3
844 845 3
851 852 3
794 852 3
853 854 3
854 855 3
856 857 3
801 860 3
860 861 3
864 865 3
866 867 3
813 814 3
756 815 3
757 815 3
758 815 3
820 821 3
824 825 3
833 834 3
834 835 3
841 842 3
790 848 3
852 853 3
857 858 3
865 866 3
758 816 3
821 822 3
837 838 3
789 848 3
848 849 3
861 862 3
816 817 3
850 851 3
815 816 3
789 846 3
867 868 3
789 905 3
858 860 3
846 905 3
862 864 3
818 819 3
846 904 3
824 883 3
845 904 3
860 917 3
862 922 3
864 922 3
811 927 3
814 815 3
904 905 3
858 917 3
862 921 3
868 927 3
825 883 3
921 922 3
817 876 3
818 876 3
814 872 3
815 872 3
816 874 3
823 881 3
825 884 3
826 884 3
848 905 3
861 919 3
865 922 3
815 874 3
817 874 3
883 884 3
855 913 3
860 918 3
861 918 3
862 919 3
824 881 3
827 884 3
854 913 3
868 926 3
815 873 3
832 891 3
833 891 3
834 891 3
834 892 3
835 892 3
852 910 3
856 913 3
856 915 3
857 915 3
865 924 3
867 926 3
812 870 3
813 871 3
872 873 3
873 874 3
817 875 3
819 877 3
819 878 3
820 878 3
821 878 3
827 885 3
828 886 3
829 887 3
830 888 3
831 888 3
831 889 3
832 890 3
835 893 3
836 894 3
837 895 3
838 896 3
839 897 3
840 898 3
841 899 3
842 900 3
843 901 3
844 902 3
845 903 3
849 908 3
850 908 3
851 910 3
856 914 3
858 916 3
862 920 3
870 871 3
871 872 3
874 875 3
875 876 3
876 877 3
877 878 3
822 878 3
824 882 3
884 885 3
885 886 3
886 887 3
887 888 3
888 889 3
889 890 3
890 891 3
892 893 3
893 894 3
894 895 3
895 896 3
896 897 3
897 898 3
898 899 3
899 900 3
900 901 3
901 902 3
902 903 3
903 904 3
849 907 3
853 910 3
913 914 3
914 915 3
857 916 3
916 917 3
918 919 3
919 920 3
865 923 3
866 924 3
867 924 3
822 881 3
882 883 3
848 907 3
851 908 3
853 911 3
854 911 3
915 916 3
917 918 3
920 921 3
922 923 3
923 924 3
881 882 3
891 892 3
910 911 3
822 880 3
880 881 3
924 926 3
907 908 3
851 909 3
909 910 3
911 913 3
926 927 3
908 909 3
905 907 3
880 939 3
881 939 3
878 880 3
905 963 3
904 963 3
911 970 3
913 970 3
907 964 2
880 938 3
938 939 3
905 964 3
924 983 3
926 983 3
927 985 3
882 939 3
926 985 3
890 948 3
923 982 3
924 982 3
878 936 3
880 937 3
889 948 3
893 951 3
900 958 3
913 971 3
914 971 3
919 978 3
920 978 3
922 980 3
922 981 3
923 981 3
873 931 3
874 932 3
875 933 3
878 937 3
882 940 3
884 942 3
888 946 3
891 949 3
894 951 3
901 958 3
907 966 3
908 966 3
914 973 3
915 973 3
917 975 3
921 980 3
981 982 3
982 983 3
983 984 3
926 984 3
870 928 3
871 929 3
872 930 3
872 931 3
874 931 3
875 932 3
936 937 3
883 940 3
883 941 3
883 942 3
886 944 3
887 945 3
889 946 3
892 949 3
892 950 3
894 952 3
895 953 3
896 954 3
897 955 3
898 956 3
899 957 3
901 959 3
902 960 3
903 961 3
904 962 3
911 969 3
916 973 3
916 975 3
918 976 3
919 977 3
984 985 3
928 929 3
929 930 3
930 931 3
931 932 3
932 933 3
876 933 3
877 935 3
878 935 3
937 938 3
941 942 3
885 942 3
885 943 3
885 944 3
944 945 3
945 946 3
948 949 3
950 951 3
895 952 3
953 954 3
954 955 3
955 956 3
956 957 3
957 958 3
958 959 3
959 960 3
960 961 3
961 962 3
962 963 3
963 964 3
907 965 3
910 969 3
969 970 3
970 971 3
917 976 3
976 977 3
977 978 3
921 978 3
980 981 3
876 935 3
939 940 3
940 941 3
943 944 3
949 950 3
951 952 3
964 965 3
910 968 3
914 972 3
975 976 3
971 972 3
972 973 3
933 935 3
942 943 3
952 953 3
968 969 3
973 975 3
978 980 3
965 966 3
909 968 3
935 936 3
909 966 3
889 1005 3
948 1005 3
946 1005 3
980 1037 3
973 1032 3
978 1037 3
975 1032 3
931 990 3
973 1031 3
931 989 3
932 990 3
964 1022 3
972 1031 3
1031 1032 3
930 989 3
962 1021 3
963 1021 3
963 1022 3
935 993 3
966 968 3
933 990 3
933 993 3
936 994 3
938 996 3
946 1004 3
964 1023 3
965 1023 3
970 1028 3
971 1028 3
937 994 3
937 995 3
939 996 3
945 1004 3
968 1027 3
969 1027 3
975 1033 3
978 1036 3
930 988 3
988 989 3
989 990 3
936 993 3
938 995 3
939 997 3
940 997 3
957 1015 3
960 1018 3
968 1025 3
1027 1028 3
971 1029 3
976 1033 3
1036 1037 3
985 1043 3
993 994 3
941 999 3
942 999 3
942 1001 3
943 1001 3
953 1011 3
954 1011 3
956 1015 3
958 1016 3
961 1018 3
968 1026 3
1028 1029 3
977 1036 3
980 1038 3
981 1038 3
983 1041 3
984 1041 3
928 986 3
929 987 3
929 988 3
933 991 3
933 992 3
994 995 3
995 996 3
940 998 3
942 1000 3
944 1002 3
945 1003 3
948 1006 3
949 1007 3
950 1008 3
951 1009 3
952 1010 3
954 1012 3
955 1013 3
956 1014 3
957 1016 3
959 1018 3
961 1019 3
962 1020 3
966 1025 3
1025 1026 3
1026 1027 3
972 1030 3
1030 1031 3
1032 1033 3
976 1034 3
977 1035 3
981 1039 3
982 1040 3
983 1040 3
984 1043 3
986 987 3
987 988 3
990 991 3
996 997 3
997 998 3
998 999 3
1001 1002 3
1002 1003 3
1004 1005 3
1005 1006 3
1006 1007 3
1007 1008 3
1008 1009 3
1009 1010 3
1010 1011 3
1011 1012 3
1012 1013 3
955 1014 3
1014 1015 3
1015 1016 3
959 1016 3
959 1017 3
1018 1019 3
1019 1020 3
1020 1021 3
1021 1022 3
966 1023 2
1029 1030 3
1033 1034 3
1034 1035 3
1035 1036 3
1037 1038 3
1038 1039 3
1039 1040 3
984 1042 3
991 992 3
992 993 3
999 1000 3
1013 1014 3
1016 1017 3
1017 1018 3
1040 1041 3
1042 1043 3
1000 1001 3
1022 1023 2
1023 1025 2
1041 1042 3
1003 1004 3
