0 1 3
1 2 3
2 3 3
3 4 3
4 5 3
5 6 3
6 7 3
7 8 3
8 9 3
9 67 0
10 67 0
10 11 2
11 12 3
12 13 3
13 14 3
14 15 3
15 16 3
16 17 3
17 18 3
18 19 3
19 20 3
20 21 3
21 22 3
22 24 3
24 25 3
25 26 0
26 27 0
27 146 3
30 146 3
30 31 3
31 32 2
32 33 0
33 91 3
35 91 3
35 36 3
36 37 3
37 38 3
38 39 3
39 40 1
40 41 1
41 42 3
42 43 3
43 44 3
44 45 3
45 46 3
46 47 3
47 48 3
48 106 0
49 106 3
49 50 3
50 51 3
51 52 3
52 53 3
53 54 3
54 55 3
55 56 3
56 57 3
22 80 3
30 147 3
24 80 3
1 60 3
2 60 3
10 68 0
67 68 3
35 92 3
42 100 3
11 69 3
35 93 3
36 93 3
41 100 3
3 61 3
14 72 3
15 73 3
16 73 3
24 140 3
86 146 3
91 92 3
37 95 3
2 61 3
3 62 3
4 62 3
5 62 3
5 64 3
8 66 3
10 69 2
13 72 3
17 75 3
21 79 3
22 79 3
27 86 3
38 95 3
0 58 3
6 64 3
9 66 3
14 73 3
16 75 3
46 105 3
47 105 3
48 105 3
56 115 3
57 115 3
1 58 3
12 69 3
12 70 3
13 71 3
16 74 3
18 75 3
18 76 3
19 77 3
20 78 3
40 98 1
43 101 3
44 102 3
45 103 3
46 103 3
60 61 3
7 64 3
7 65 3
8 65 3
68 69 1
69 70 3
70 71 3
71 72 3
74 75 3
76 77 3
77 78 3
21 78 3
80 140 3
26 86 2
92 93 3
36 151 3
38 96 1
39 98 1
41 98 3
100 101 3
101 102 3
102 103 3
46 104 3
55 114 3
56 114 3
61 62 3
64 65 3
66 67 0
72 73 3
25 83 3
26 83 1
37 151 3
104 105 3
105 106 0
54 114 3
58 60 3
73 74 3
24 83 3
31 89 3
95 96 1
38 97 1
39 97 1
103 104 3
65 66 3
78 79 3
26 84 1
30 89 3
96 97 3
98 100 3
50 106 3
51 110 1
52 110 1
53 111 3
75 76 3
146 147 3
32 89 2
93 151 3
97 98 3
50 110 1
52 111 3
5 121 3
79 80 3
144 146 3
50 166 1
110 111 0
54 111 3
62 121 3
64 121 3
86 144 3
110 166 3
111 114 3
67 126 3
68 126 3
83 84 3
95 151 3
50 165 1
114 115 3
89 147 3
165 166 3
105 163 3
106 165 1
110 167 3
106 163 3
166 167 3
111 171 1
83 140 3
84 86 2
114 171 1
58 117 3
60 117 3
33 149 3
151 152 3
95 152 3
110 169 3
111 169 1
69 126 0
80 138 3
110 168 3
79 138 3
33 89 3
97 156 3
98 156 3
167 168 3
58 116 3
69 127 3
100 157 3
114 172 1
116 117 3
60 118 3
70 127 3
84 143 3
91 149 3
98 157 3
103 161 3
168 169 3
61 118 3
62 120 3
80 139 3
139 140 3
84 144 2
89 149 3
95 153 3
96 154 3
97 154 3
102 161 3
104 163 3
115 173 3
61 119 3
120 121 3
66 124 3
70 128 3
73 131 3
74 131 3
75 133 3
83 141 3
143 144 3
96 153 0
100 159 3
101 159 3
171 172 2
114 173 3
62 119 3
65 123 3
65 124 3
67 124 1
126 127 1
71 129 3
72 130 3
74 132 3
75 132 3
76 134 3
77 135 3
78 136 3
79 137 3
140 141 3
92 150 3
100 158 3
102 160 3
104 161 3
106 164 1
164 165 3
169 171 3
118 119 3
64 122 3
64 123 3
128 129 3
129 130 3
72 131 3
131 132 3
75 134 3
76 135 3
78 135 3
79 136 3
137 138 3
138 139 3
144 145 3
145 146 3
91 150 3
152 153 3
102 159 3
160 161 3
104 162 3
122 123 3
130 131 3
134 135 3
158 159 3
162 163 3
163 164 1
119 120 3
123 124 3
127 128 3
133 134 3
84 141 3
147 149 3
157 158 3
117 118 3
121 122 3
145 203 3
93 150 3
132 133 3
135 136 3
136 137 3
149 150 3
156 157 3
161 162 3
145 147 3
150 151 3
153 154 1
159 160 3
169 228 3
171 228 3
141 199 3
144 203 3
147 206 3
149 206 3
153 211 3
140 199 3
97 214 3
67 183 1
154 214 3
156 214 3
124 183 2
143 202 3
151 208 3
144 202 3
147 205 3
205 206 3
150 208 3
160 218 3
171 229 3
161 218 3
172 229 3
172 173 2
136 194 3
162 219 3
124 182 3
182 183 2
137 194 3
161 219 3
163 221 1
164 221 3
121 179 3
173 231 3
118 176 3
118 177 3
119 177 3
120 179 3
123 181 3
124 181 3
133 191 3
134 191 3
139 198 3
150 207 3
151 209 3
162 220 3
162 221 1
117 176 3
120 178 3
122 180 3
129 187 3
130 187 3
134 192 3
135 193 3
140 198 3
84 200 3
143 200 3
149 207 3
208 209 3
152 209 3
156 215 3
157 215 3
158 216 3
218 219 3
116 174 3
117 175 3
120 177 3
123 180 3
130 188 3
131 188 3
131 190 3
132 190 3
133 190 3
191 192 3
193 194 3
141 200 0
152 210 3
153 212 1
154 212 3
157 216 3
159 216 3
159 217 3
160 217 3
219 220 3
164 222 3
165 223 3
166 224 3
167 225 3
168 226 3
169 227 3
172 231 2
174 175 3
175 176 3
179 180 3
126 183 2
134 193 3
206 207 3
209 210 3
210 211 3
216 217 3
217 218 3
222 223 3
223 224 3
224 225 3
225 226 3
226 227 3
227 228 3
176 177 3
180 181 3
181 182 3
128 185 0
128 187 3
137 195 3
137 196 3
138 196 3
207 208 3
215 216 3
220 221 1
177 178 3
126 242 3
127 185 0
128 186 0
190 191 3
154 271 3
214 215 3
228 229 3
183 242 2
242 300 1
126 185 3
187 188 3
195 196 3
139 196 3
198 199 3
212 271 3
214 271 3
221 222 3
178 179 3
185 186 1
186 187 2
194 195 3
196 198 3
211 212 1
192 193 3
185 242 3
188 190 3
199 200 0
145 205 3
203 205 3
178 236 3
179 236 3
183 241 3
200 259 3
143 259 3
242 243 3
202 203 3
182 240 3
243 300 1
185 243 3
192 250 3
193 250 3
202 259 3
203 262 3
182 241 3
191 249 3
206 265 3
207 265 3
196 256 3
205 262 3
229 287 3
176 235 3
177 235 3
236 237 3
179 237 3
198 256 3
202 260 3
218 277 3
219 277 3
227 285 3
228 287 3
177 236 3
240 241 3
190 249 3
220 277 3
226 285 3
199 257 3
205 263 3
193 251 3
200 257 1
202 262 3
206 263 3
214 216 3
186 244 3
191 250 3
194 251 3
200 258 3
208 266 3
209 267 3
223 282 3
224 282 3
225 283 3
181 239 3
186 243 2
187 245 0
187 362 0
250 251 3
194 252 3
258 259 3
207 266 3
210 267 3
214 272 3
218 276 3
277 278 3
220 278 3
223 281 3
226 283 3
174 232 3
175 233 3
176 234 3
180 237 3
180 238 3
180 239 3
182 239 3
243 244 3
186 245 0
196 254 3
196 255 3
260 262 3
208 267 3
210 268 3
216 274 3
217 276 3
221 278 0
221 279 3
281 282 3
225 282 3
226 284 3
228 286 3
172 289 3
231 289 3
232 233 3
233 234 3
234 235 3
245 362 3
188 305 0
254 255 3
255 256 3
256 257 3
266 267 3
267 268 3
211 268 3
212 270 3
271 272 3
216 276 3
276 277 3
222 279 3
222 281 3
283 284 3
284 285 3
285 286 3
286 287 3
229 289 3
235 236 3
237 238 3
241 242 3
244 245 3
249 250 3
251 252 3
195 253 3
262 263 3
206 264 3
265 266 3
211 270 1
214 274 3
278 279 1
222 280 3
239 240 3
188 362 0
190 305 3
249 305 3
194 253 3
196 253 3
259 260 3
270 271 3
272 274 3
238 239 3
188 304 0
257 315 0
257 258 0
263 264 3
264 265 3
279 280 3
280 281 3
274 276 3
304 305 3
258 315 3
282 283 3
304 362 3
287 289 0
262 319 3
252 253 3
256 314 0
257 314 0
260 319 3
276 334 3
289 346 3
289 347 3
253 254 3
314 315 3
211 327 3
277 334 3
244 301 3
268 327 3
270 327 0
346 347 3
243 301 3
239 298 3
240 298 3
249 306 3
274 331 3
274 332 3
305 306 3
272 331 3
276 333 3
251 309 3
254 312 3
266 324 3
274 333 3
287 346 0
234 292 3
252 309 3
255 312 3
255 314 3
259 317 3
260 317 3
265 323 3
265 324 3
271 329 3
272 329 3
277 335 3
278 335 3
235 293 3
236 293 3
237 296 3
238 296 3
255 313 3
258 316 3
264 323 3
267 326 3
272 330 3
333 334 3
281 338 3
233 292 3
234 293 3
238 297 3
239 297 3
297 298 3
300 301 0
244 302 3
245 302 3
250 308 3
252 310 3
313 314 3
259 316 3
329 330 3
280 338 3
284 343 3
285 343 3
232 290 3
233 291 3
236 294 2
241 299 3
242 299 3
301 302 3
249 308 3
251 308 3
253 310 3
253 312 3
262 320 3
267 325 3
268 326 3
270 328 3
271 328 3
332 333 3
278 336 3
279 337 3
281 339 3
282 340 3
283 341 3
284 342 3
286 344 3
287 345 3
290 291 3
291 292 3
293 294 3
309 310 3
253 311 3
323 324 3
324 325 3
325 326 3
334 335 3
335 336 3
336 337 1
337 338 3
339 340 3
340 341 3
341 342 3
342 343 3
343 344 3
287 344 3
292 293 3
245 303 3
310 311 3
311 312 3
237 294 2
303 362 3
305 363 3
312 313 3
264 380 3
330 331 3
331 332 3
344 345 3
241 298 3
299 300 1
302 303 3
304 363 3
345 346 0
308 309 3
315 316 3
319 320 3
263 321 3
264 321 3
323 380 3
327 328 1
338 339 3
294 296 3
298 299 3
316 317 3
262 321 3
326 327 3
328 329 3
320 321 3
321 380 3
306 308 2
296 297 3
312 370 3
308 365 0
313 370 3
294 295 1
295 296 0
306 365 0
294 352 1
309 366 3
319 377 3
295 352 3
305 365 3
323 381 3
324 381 3
317 319 3
293 352 1
296 354 1
296 355 1
297 355 1
298 355 1
298 356 1
299 358 1
302 359 1
308 366 3
319 378 3
295 354 3
354 355 3
311 369 3
312 369 3
317 377 3
320 378 3
333 391 3
346 404 3
355 356 3
298 357 1
300 358 1
317 375 3
332 391 3
333 392 3
334 392 3
335 392 3
345 404 0
346 405 3
347 405 3
292 351 3
293 351 3
299 357 1
300 302 0
302 358 1
310 366 3
369 370 3
313 371 3
315 373 3
316 375 3
330 388 3
331 388 3
332 390 3
336 394 3
338 396 3
357 358 3
314 371 3
316 373 3
327 385 1
331 390 3
337 396 3
340 398 3
356 357 3
358 359 3
305 364 3
310 369 3
324 382 3
336 395 3
337 395 0
339 398 3
290 348 3
291 349 3
292 349 3
292 350 3
351 352 1
295 353 3
363 421 3
325 382 3
325 383 3
326 383 3
329 388 3
331 389 3
335 393 3
335 394 3
339 397 3
341 399 3
342 400 3
343 402 3
344 402 3
345 402 3
345 403 0
403 404 3
348 349 3
350 351 3
352 353 3
353 354 3
362 363 3
363 364 3
364 365 3
314 372 3
314 373 3
326 385 1
328 385 0
391 392 3
395 396 1
396 397 3
397 398 3
398 399 3
399 400 3
343 400 3
364 421 3
310 425 3
370 371 3
372 373 3
377 378 3
321 378 3
380 381 3
382 383 3
329 385 0
389 390 3
394 395 3
343 401 3
402 403 0
404 405 3
349 350 3
303 361 3
361 362 3
366 425 0
371 372 3
316 374 3
392 393 3
393 394 3
400 401 3
401 402 3
381 382 3
374 375 3
388 389 3
365 424 2
308 424 0
425 484 3
390 391 3
364 422 3
329 445 0
302 361 3
421 422 3
366 424 0
373 374 3
369 425 3
385 443 3
385 445 3
321 436 3
385 442 3
385 444 3
359 417 3
302 417 1
302 419 1
317 434 3
417 419 3
377 434 3
378 436 3
321 437 3
380 437 3
444 445 3
362 420 3
369 484 3
375 434 3
436 437 3
442 443 3
388 445 0
363 420 3
443 444 3
361 419 1
383 385 1
350 408 3
365 423 3
394 452 3
395 452 3
403 460 3
349 408 3
354 413 3
355 413 3
361 420 3
364 423 3
380 438 3
402 460 0
371 429 3
372 429 3
393 451 3
351 409 3
353 412 3
354 412 3
355 414 3
356 414 3
357 414 3
357 415 3
388 446 3
392 451 3
350 409 3
352 410 3
372 431 3
373 431 3
381 439 3
382 439 3
389 447 3
390 447 3
391 449 3
392 450 3
393 452 3
395 453 3
408 409 3
352 409 0
353 410 3
413 414 3
358 416 3
369 427 3
374 433 3
375 433 3
378 435 3
438 439 3
383 442 1
449 450 3
452 453 3
399 456 3
400 458 3
404 462 3
405 463 3
348 406 3
349 407 3
353 411 3
412 413 3
359 416 3
374 432 3
377 435 3
383 441 3
389 446 3
390 448 3
396 454 3
396 455 3
397 455 3
398 456 3
399 458 3
403 461 3
403 462 3
404 463 3
406 407 3
407 408 3
409 410 1
357 416 3
422 423 3
431 432 3
432 433 3
433 434 3
437 438 3
441 442 1
445 446 1
446 447 3
447 448 3
448 449 3
450 451 3
453 454 1
454 455 3
401 458 3
462 463 3
410 411 3
411 412 3
415 416 3
420 421 3
423 424 3
370 427 3
370 429 3
455 456 3
460 461 3
416 417 3
366 482 2
425 482 1
451 452 3
461 462 3
414 415 3
429 431 3
435 436 3
382 441 3
434 435 3
456 458 3
429 488 3
431 488 3
401 517 3
458 517 3
402 517 3
370 428 3
428 429 3
460 517 1
439 497 3
458 515 3
456 515 3
439 441 3
441 497 3
441 499 1
447 505 3
408 466 3
409 466 3
416 475 3
417 475 3
369 485 2
427 485 3
441 498 3
442 499 3
484 485 3
370 485 3
435 493 3
436 494 3
417 476 3
419 476 3
433 491 3
434 493 3
435 494 3
497 498 3
443 502 3
458 516 3
438 496 3
444 502 3
451 510 3
452 510 3
453 511 3
516 517 3
412 470 3
413 470 3
415 473 3
421 479 3
432 490 3
433 490 3
438 497 3
442 501 3
443 501 3
452 511 3
515 516 3
410 468 3
414 472 3
422 479 3
425 483 3
437 496 3
447 506 3
448 506 3
451 509 3
509 510 3
460 518 3
461 518 3
406 464 3
407 465 3
407 466 3
466 467 3
409 467 3
409 468 1
411 468 3
411 469 3
413 471 3
419 477 3
423 481 3
482 483 0
483 484 3
434 491 2
434 492 3
496 497 3
445 502 3
445 503 3
446 504 3
449 507 3
450 508 3
510 511 3
454 512 3
455 513 3
461 519 3
462 519 3
464 465 3
411 470 3
414 471 3
361 477 1
420 479 3
422 480 3
422 481 3
424 481 3
424 482 3
429 487 3
491 492 3
437 494 3
498 499 1
502 503 3
503 504 1
447 504 3
506 507 3
507 508 3
508 509 3
453 512 1
512 513 3
456 513 3
518 519 3
468 469 3
469 470 3
414 473 3
415 474 3
416 474 3
420 477 1
480 481 3
428 487 3
431 489 2
431 490 3
501 502 3
504 505 3
511 512 1
513 515 3
517 518 0
465 466 3
467 468 1
470 471 3
471 472 3
472 473 3
473 474 3
475 476 3
420 478 1
479 480 3
481 482 2
490 491 3
492 493 3
437 495 3
463 519 3
488 489 3
489 490 3
499 501 3
505 506 3
477 478 3
478 479 0
428 485 3
487 488 3
495 496 3
474 475 3
519 578 1
463 578 1
463 521 1
494 495 3
476 477 3
521 578 3
482 540 3
483 540 3
493 494 3
518 576 1
499 558 3
499 559 3
501 559 3
558 559 3
517 576 3
513 573 3
501 560 3
510 568 3
511 569 3
515 573 3
496 554 3
559 560 3
509 568 3
512 569 0
485 543 3
485 487 3
505 563 3
487 543 3
488 546 2
489 546 3
495 553 3
502 560 1
504 563 3
508 566 3
513 571 3
513 572 3
465 524 3
466 524 3
467 525 3
480 539 3
481 539 3
484 543 3
489 547 3
491 549 3
493 552 3
494 552 3
494 553 3
497 555 3
509 566 3
512 571 3
572 573 3
468 525 0
474 532 3
475 532 3
476 534 3
490 547 2
490 549 3
498 555 3
502 561 1
503 561 1
504 561 3
512 570 3
464 522 3
465 523 3
468 526 3
469 526 3
490 548 2
499 557 3
560 561 3
506 565 3
507 565 3
511 568 3
516 573 3
516 574 3
516 575 3
517 575 3
519 577 1
522 523 3
523 524 3
524 525 3
469 527 3
475 534 3
477 535 3
479 537 1
479 538 1
480 538 1
484 542 3
542 543 3
543 544 3
487 544 3
487 545 2
488 545 2
546 547 3
548 549 3
491 550 3
492 550 2
493 550 2
496 553 3
496 555 3
498 557 1
557 558 3
569 570 1
575 576 3
518 577 1
577 578 1
525 526 1
473 532 3
475 533 3
534 535 3
478 535 3
478 537 3
482 539 2
545 546 3
547 548 3
504 562 3
570 571 3
573 574 3
533 534 3
478 594 3
537 538 3
538 539 0
552 553 3
553 554 3
562 563 3
574 575 3
470 528 3
471 528 3
554 555 3
561 562 3
507 566 3
568 569 3
571 572 3
576 577 3
469 528 3
537 594 3
539 540 3
544 545 3
549 550 3
550 609 3
493 609 2
565 566 3
526 527 3
552 609 2
498 614 3
505 564 3
505 565 3
471 530 3
472 530 3
535 594 3
555 614 3
564 565 3
566 568 3
527 528 3
532 533 3
557 614 0
483 542 3
472 532 3
532 590 3
539 597 1
538 597 3
531 532 3
563 564 3
573 632 3
578 637 3
521 637 3
528 530 3
472 531 3
531 590 3
540 542 3
574 632 3
539 598 3
540 598 3
532 591 3
533 591 3
609 610 3
552 610 2
472 589 1
531 589 3
578 636 3
530 588 1
530 589 1
589 590 3
538 596 3
596 597 3
553 612 3
554 612 3
564 622 3
565 622 3
576 634 3
636 637 3
553 610 2
562 620 3
563 620 3
563 621 3
566 624 3
577 634 3
577 635 2
525 583 1
526 583 1
588 589 3
534 591 3
597 598 0
542 599 3
557 615 3
559 617 3
621 622 3
565 624 3
566 683 3
577 636 1
524 583 1
526 642 1
528 588 1
590 591 3
534 592 3
535 592 3
537 596 3
540 599 3
549 607 3
550 607 3
614 615 3
560 617 3
560 618 3
575 634 3
634 635 1
522 580 1
523 581 1
524 582 1
583 642 3
527 586 1
528 586 1
535 593 3
545 603 3
546 604 3
547 604 3
555 671 2
614 671 3
558 615 3
558 616 3
558 617 3
561 618 3
561 619 3
561 620 3
565 623 3
624 683 3
575 633 3
580 581 3
581 582 3
582 583 3
526 585 1
527 585 1
528 587 1
587 588 3
593 594 3
537 595 3
603 604 3
547 605 3
548 606 3
555 612 3
615 616 3
617 618 3
620 621 3
623 624 3
566 626 3
568 626 1
632 633 3
585 642 3
586 587 3
591 592 3
595 596 3
604 605 3
548 605 3
606 607 3
607 609 3
616 617 3
619 620 3
633 634 3
635 636 1
585 586 3
542 600 3
543 600 3
544 602 3
545 602 3
605 606 3
553 669 2
618 619 3
622 623 3
626 683 3
569 626 1
569 627 1
592 593 3
598 599 3
599 600 3
543 601 3
544 601 3
602 603 3
612 671 3
626 627 3
594 595 3
601 602 3
610 669 3
612 669 3
607 666 3
609 666 3
570 627 3
600 601 3
570 628 3
571 628 3
572 631 3
573 631 3
628 687 3
627 628 3
631 632 0
572 628 3
572 688 3
631 688 3
631 689 3
632 691 1
572 687 3
633 691 1
687 688 3
631 691 3
614 672 3
615 673 3
689 691 3
591 649 3
592 651 3
596 654 3
597 654 3
672 673 3
593 651 3
609 667 3
686 687 3
633 692 1
634 692 1
603 661 3
604 661 3
666 667 3
617 675 3
618 675 3
628 686 3
636 695 3
637 695 3
602 661 3
609 668 3
610 668 3
616 674 3
635 692 2
583 641 3
594 651 3
595 653 3
596 653 3
598 657 3
599 657 3
604 662 3
605 662 3
612 670 3
615 674 3
618 677 3
619 677 3
622 680 3
626 684 3
627 684 3
627 685 3
690 691 3
691 692 3
580 638 3
581 639 3
641 642 3
585 644 3
586 644 3
587 645 3
588 646 3
589 647 3
590 648 3
591 650 3
592 650 3
601 659 3
602 660 3
669 670 3
618 676 3
620 678 3
621 679 3
623 681 3
624 682 3
628 685 3
689 690 3
638 639 3
582 639 3
585 643 3
644 645 3
645 646 3
646 647 3
594 652 3
598 656 3
600 657 3
659 660 3
660 661 3
605 663 3
606 663 3
606 664 3
607 664 3
667 668 3
670 671 3
671 672 3
674 675 3
675 676 3
678 679 3
679 680 3
622 681 3
681 682 3
684 685 3
650 651 3
651 652 3
652 653 3
653 654 3
654 655 3
597 655 3
656 657 3
600 659 3
619 678 3
682 683 3
683 684 3
582 640 3
582 641 3
642 643 3
643 644 3
589 648 3
591 648 3
649 650 3
663 664 3
668 669 3
676 677 3
688 689 3
635 751 2
639 640 3
647 648 3
600 716 3
661 662 3
607 723 3
677 678 3
680 681 3
685 686 3
636 751 3
640 641 3
648 649 3
662 663 3
666 723 3
655 656 3
664 723 3
692 751 3
636 752 3
657 716 3
673 674 3
751 752 3
695 752 3
659 716 3
645 704 3
646 704 3
654 712 2
653 712 2
671 729 3
688 804 3
643 702 3
644 702 3
666 724 3
670 729 3
687 804 3
667 724 3
745 804 3
750 751 3
642 700 3
643 700 3
645 702 3
667 725 3
674 732 2
685 744 3
686 744 3
687 745 3
692 750 3
647 704 3
647 705 3
648 705 3
649 707 3
650 708 3
651 708 3
651 709 3
652 709 3
655 713 2
668 725 3
671 730 3
672 730 3
673 732 3
677 736 3
678 736 3
682 740 3
683 740 3
684 743 3
685 743 3
701 702 3
702 704 3
648 706 3
656 713 3
664 722 3
669 727 3
670 727 3
729 730 3
691 750 3
700 702 3
649 706 3
649 708 3
659 717 3
660 719 3
661 719 3
662 720 3
663 722 3
673 731 3
678 737 3
679 737 3
683 741 3
686 745 3
689 747 3
705 706 3
706 707 3
652 711 2
653 711 2
716 717 3
660 718 3
662 719 3
663 720 3
723 724 3
668 726 3
673 730 3
731 732 3
675 733 2
676 734 3
677 735 3
680 738 3
681 739 3
684 741 3
684 742 3
688 747 3
690 748 3
690 749 3
691 749 3
695 753 3
700 701 3
708 709 3
656 714 3
657 714 3
717 718 3
718 719 3
724 725 3
725 726 3
726 727 3
732 733 3
675 734 3
734 735 3
736 737 3
737 738 3
738 739 3
739 740 3
742 743 3
689 748 3
749 750 3
752 753 3
704 705 3
707 708 3
711 712 3
654 713 2
713 714 3
730 731 3
740 741 3
741 742 3
743 744 3
748 749 3
712 713 3
657 715 3
719 720 3
722 723 3
744 745 3
641 700 3
715 716 3
747 804 3
747 748 3
709 711 3
733 734 3
735 736 3
702 761 3
638 755 3
639 755 3
640 757 3
641 757 3
704 761 3
714 715 3
640 755 3
700 757 2
720 722 3
755 757 3
720 779 3
722 779 3
670 786 3
727 786 3
729 786 3
706 764 3
707 765 3
709 768 2
711 768 3
712 770 3
729 787 3
705 764 3
707 764 3
713 770 3
723 781 3
724 781 3
786 787 3
704 763 3
705 763 3
700 759 3
701 759 3
763 764 3
708 765 3
708 767 3
709 767 3
716 774 3
734 792 2
715 774 3
717 774 3
722 780 3
733 791 3
733 792 3
739 797 3
740 798 3
751 809 3
702 759 3
764 765 3
723 780 3
729 788 3
730 788 3
730 789 3
731 789 3
732 791 3
797 798 3
744 802 3
747 805 3
748 805 3
749 807 3
702 760 3
704 762 3
767 768 3
736 795 3
737 795 3
738 797 3
743 802 3
748 807 3
750 808 3
762 763 3
708 766 3
711 769 3
715 773 3
717 775 3
718 776 3
719 777 3
720 778 3
724 782 3
725 783 3
726 784 3
727 785 3
732 789 3
735 792 2
735 793 2
735 794 3
736 794 3
738 796 3
741 799 3
742 800 3
743 800 3
743 801 3
749 808 3
751 810 3
752 810 3
753 810 3
759 760 3
760 761 3
766 767 3
768 769 3
714 772 3
714 773 3
773 774 3
774 775 3
718 775 3
776 777 3
777 778 3
779 780 3
782 783 3
783 784 3
784 785 3
785 786 3
792 793 3
738 795 3
798 799 3
799 800 3
801 802 3
745 803 3
748 806 3
808 809 3
809 810 3
753 811 3
711 770 3
713 771 3
778 779 3
780 781 3
781 782 3
796 797 3
800 801 3
744 803 3
803 804 3
805 806 3
806 807 3
810 811 3
764 822 3
765 822 3
765 766 3
770 771 3
771 772 3
772 773 3
775 776 3
787 788 3
794 795 3
795 796 3
700 758 3
788 789 3
791 792 3
793 794 3
802 803 3
769 770 3
807 808 3
757 758 3
789 791 3
804 805 3
789 848 3
791 848 3
755 812 3
765 823 3
755 813 3
755 814 3
757 814 3
758 816 3
758 759 3
812 813 3
813 814 3
789 847 3
822 823 3
847 848 3
791 849 3
792 849 3
792 850 3
761 762 3
784 842 3
785 842 3
849 850 3
797 855 3
798 855 3
807 865 3
766 823 3
806 865 3
757 816 2
770 828 3
779 838 3
780 838 3
783 842 3
848 849 3
762 820 3
771 828 3
767 825 3
768 825 3
774 833 3
775 833 3
779 837 3
781 838 3
783 841 3
788 847 3
795 852 2
799 857 3
801 859 3
810 868 3
763 821 3
768 826 3
771 830 3
772 830 3
774 832 3
837 838 3
782 841 3
841 842 3
788 846 3
794 852 3
796 855 3
798 857 3
802 859 3
803 862 3
804 862 3
808 866 3
811 868 3
759 817 3
760 817 3
760 818 3
761 819 3
761 820 3
764 821 3
825 826 3
769 827 3
771 829 3
773 831 3
774 831 3
832 833 3
776 834 3
777 834 3
778 837 3
781 839 3
782 840 3
842 843 3
785 843 3
786 844 3
787 845 3
788 845 3
846 847 3
793 850 3
798 856 3
799 858 3
800 858 3
802 860 3
803 861 3
805 862 3
805 863 3
806 864 3
808 865 3
809 867 3
811 869 3
761 818 3
820 821 3
766 824 3
767 824 3
829 830 3
830 831 3
833 834 3
778 836 3
838 839 3
839 840 3
843 844 3
844 845 3
793 852 3
855 856 3
857 858 3
800 859 3
860 861 3
861 862 3
805 864 3
809 866 3
810 867 3
817 818 3
821 822 3
823 824 3
824 825 3
768 827 3
770 827 3
828 829 3
836 837 3
840 841 3
856 857 3
858 859 3
868 869 3
827 828 3
831 832 3
796 854 3
863 864 3
865 866 3
866 867 3
814 816 3
819 820 3
826 827 3
854 855 3
859 860 3
862 863 3
864 865 3
867 868 3
814 873 3
845 846 3
793 910 3
816 873 2
778 834 3
852 910 3
850 910 3
812 870 3
813 870 3
814 872 3
834 893 3
778 893 3
813 871 3
872 873 3
758 817 0
836 893 3
850 909 3
852 911 3
796 852 2
870 871 3
813 872 3
909 910 3
910 911 3
796 911 2
818 819 3
854 911 3
816 817 2
833 891 3
834 891 3
845 903 3
865 923 3
840 898 3
844 903 3
846 903 3
866 923 3
866 925 3
867 925 3
816 874 0
817 875 3
818 876 3
819 877 3
820 877 3
841 898 3
849 907 3
856 914 3
857 914 2
862 920 3
866 924 0
818 875 3
820 878 3
838 896 3
850 907 3
861 920 3
864 922 3
923 924 0
871 872 3
818 877 3
877 878 3
821 879 3
834 892 3
842 900 3
855 913 2
855 914 3
865 922 3
869 927 3
817 874 0
820 879 3
821 880 3
822 880 3
825 883 3
826 884 3
827 884 3
827 885 3
832 890 3
891 892 3
892 893 3
836 894 3
837 896 3
839 896 3
839 898 3
841 900 3
843 900 3
848 907 3
854 912 3
854 913 3
857 916 3
858 916 3
860 919 3
861 919 3
863 920 3
868 927 2
875 876 3
878 879 3
823 881 3
826 883 3
828 885 3
828 886 3
828 887 3
829 887 3
831 890 3
833 890 3
837 894 3
837 895 3
839 897 3
843 901 3
844 902 3
850 908 3
859 917 3
859 918 3
860 918 3
863 921 3
863 922 3
924 925 1
868 926 3
879 880 3
824 883 2
884 885 3
885 886 3
886 887 3
830 887 3
896 897 3
841 899 3
901 902 3
902 903 3
903 904 3
846 904 3
908 909 3
912 913 3
916 917 3
918 919 3
920 921 3
867 926 3
926 927 2
876 877 3
824 881 3
883 884 3
830 889 3
831 889 3
894 895 3
897 898 3
898 899 3
899 900 3
900 901 3
907 908 3
911 912 3
913 914 3
857 915 3
917 918 3
919 920 3
823 880 3
824 882 3
893 894 3
895 896 3
847 904 3
874 875 2
880 881 3
882 883 3
830 888 3
889 890 3
847 905 3
847 907 3
915 916 3
873 874 2
888 889 3
890 891 3
914 915 3
921 922 3
881 882 3
887 888 3
922 923 3
925 926 3
904 905 3
889 947 3
888 947 3
893 952 3
894 952 3
904 963 3
905 907 3
905 963 3
887 945 3
890 948 3
907 964 3
882 940 3
888 945 3
891 948 3
905 964 3
873 931 3
883 940 3
895 952 3
904 962 3
872 930 3
874 931 2
881 940 3
889 948 3
898 956 3
899 956 3
903 962 3
873 930 3
886 945 3
897 955 3
898 955 3
962 963 3
924 982 1
879 937 3
880 937 3
880 938 3
881 939 3
888 946 3
899 957 3
902 960 3
903 960 3
919 978 3
920 978 3
921 979 3
922 979 3
927 985 3
884 942 3
946 947 3
892 950 3
896 954 3
956 957 3
900 958 3
901 960 3
908 966 3
911 969 3
913 971 3
921 978 3
925 983 3
926 985 2
870 928 3
871 929 3
878 937 3
937 938 3
939 940 3
883 941 3
883 942 3
886 944 3
945 946 3
947 948 3
891 949 3
893 950 3
895 953 3
896 955 3
955 956 3
899 958 3
901 959 3
903 961 3
907 965 3
908 965 3
909 966 3
910 969 3
912 970 3
914 971 3
914 972 3
915 973 3
916 973 2
916 974 3
917 975 3
918 976 3
919 977 3
977 978 3
923 982 3
924 983 1
926 984 3
928 929 3
929 930 3
930 931 3
938 939 3
940 941 3
941 942 3
885 942 3
885 943 3
885 944 3
944 945 3
949 950 3
893 951 3
953 954 3
954 955 3
959 960 3
960 961 3
964 965 3
909 967 3
910 968 3
969 970 3
913 970 3
975 976 3
976 977 3
923 981 3
981 982 3
983 984 3
984 985 2
943 944 3
948 949 3
951 952 3
952 953 3
957 958 3
965 966 3
910 967 3
968 969 3
970 971 3
973 974 3
974 975 3
877 937 3
901 958 3
963 964 3
966 967 3
967 968 3
971 972 3
915 972 3
978 979 3
942 943 3
950 951 3
961 962 3
922 981 3
958 959 3
982 983 3
877 935 3
979 981 3
972 973 3
875 931 3
876 935 3
935 937 3
875 935 3
875 933 3
931 989 3
931 933 3
933 935 3
931 990 3
935 994 3
937 994 3
937 995 3
938 996 3
974 1032 3
981 1038 3
981 1039 3
981 1040 3
930 988 3
931 988 3
989 990 3
933 990 3
935 992 3
994 995 3
939 996 3
975 1032 3
979 1038 3
1039 1040 3
982 1040 3
933 992 3
943 1001 3
933 991 3
938 995 3
944 1001 3
962 1020 3
929 988 3
988 989 3
935 993 3
963 1020 3
973 1032 3
976 1034 3
977 1034 3
978 1037 3
979 1037 3
993 994 3
946 1004 3
953 1011 3
955 1013 3
959 1018 3
960 1018 3
961 1020 3
975 1033 3
978 1036 3
991 992 3
940 998 3
942 1001 3
945 1004 3
948 1007 3
949 1007 3
951 1009 3
952 1011 3
954 1011 3
954 1013 3
956 1013 3
957 1015 3
958 1015 3
959 1017 3
961 1018 3
963 1021 3
1032 1033 3
977 1035 3
978 1035 3
1036 1037 3
992 993 3
939 998 3
941 999 3
942 999 3
1001 1002 3
944 1002 3
947 1005 3
952 1009 3
956 1014 3
1017 1018 3
961 1019 3
1020 1021 3
964 1021 3
964 1022 3
965 1022 3
970 1028 3
976 1033 3
1038 1039 3
985 1043 3
928 986 3
929 987 3
939 997 3
941 998 3
945 1002 3
945 1003 3
1004 1005 3
948 1005 3
949 1008 3
950 1008 3
950 1009 3
952 1010 3
954 1012 3
958 1016 3
1021 1022 3
965 1023 3
966 1024 3
967 1025 3
968 1025 3
968 1026 3
969 1027 3
969 1028 3
971 1028 3
971 1029 3
972 1030 3
973 1031 3
1033 1034 3
1035 1036 3
983 1041 3
984 1042 3
984 1043 2
986 987 3
987 988 3
990 991 3
997 998 3
942 1000 3
1000 1001 3
1002 1003 3
1007 1008 3
1009 1010 3
1011 1012 3
1012 1013 3
1014 1015 3
1016 1017 3
1019 1020 3
1022 1023 3
1023 1024 3
1024 1025 3
1026 1027 3
1028 1029 3
1029 1030 3
1030 1031 3
1031 1032 3
1037 1038 3
983 1040 3
1041 1042 3
1042 1043 2
995 996 3
996 997 3
999 1000 3
1003 1004 3
1008 1009 3
1010 1011 3
1013 1014 3
1015 1016 3
1018 1019 3
1025 1026 3
1034 1035 3
998 999 3
1027 1028 3
1040 1041 3
1005 1007 3
