0.0448096 0.0327004 2.34216
0.0110475 -0.184041 23.8055
-0.0344509 -0.00865138 25.2811
-0.00822383 -0.00261626 6.40501
0.00195564 -0.00833478 5.71128
0.0111231 -0.0133271 4.75233
0.00365937 -0.00904701 5.8116
-0.00202749 -0.0179381 6.64086
0.0189248 -0.074044 3.60411
-0.0176158 0.0187998 21.3663
-0.00523165 0.0102927 6.545
0.523946 0.0147585 -118.309
0.0263889 -0.0325365 10.1423
0.0147976 -0.00726532 13.6442
-0.0168352 -0.0276094 23.4151
-0.0872929 0.0140013 44.5836
-0.0431073 -0.0194311 28.9912
-0.0701092 0.0412963 37.1269
-0.0423583 0.0231366 27.3917
-0.0518945 0.0026046 32.2062
-0.00681362 -0.0442449 13.3769
0.0081296 -0.116691 9.2114
-0.0367853 -0.0921325 28.887
-0.0205479 -0.0301951 20.2861
-0.0258178 0.0219003 22.6454
-0.038841 0.00304464 30.1306
-0.0182345 -0.283322 22.1706
-0.236009 -0.154016 151.038
0.0480069 -0.294075 -16.0646
-0.0264921 -0.0121664 23.1083
-0.00342771 -0.00868288 7.84548
0.00634493 0.0229827 1.37414
0.00771926 0.00507188 0.397615
0.0457104 -0.0249795 -26.4961
0.0326192 -0.0414604 -17.0314
0.0414232 -0.104878 -21.7466
0.0316619 -0.068161 -14.7175
0.0224437 -0.0798666 -7.09237
0.0376543 -0.0493035 -20.3347
0.0537564 -0.0592455 -33.1269
0.059667 -0.0106692 -39.1017
0.0589484 0.0476119 -39.2523
0.0529237 0.0418134 -33.814
0.0428363 0.0213754 -24.2757
0.0321986 0.0228994 -14.5004
0.0902413 0.0299384 -71.2203
0.0623872 0.019711 -42.4417
0.0459376 0.0192712 -25.8549
0.0449102 0.0215171 -24.7658
0.0331842 0.00245481 -11.9161
0.0151024 -0.00777028 7.60245
0.0220267 -0.0338387 0.60595
0.0301904 -0.0281374 -8.58375
0.0067793 -0.000244478 17.6819
0.00838431 0.00633875 15.5388
0.031303 0.0222328 -12.0691
0.0658929 0.0107338 -53.2094
0.0708813 0.0107509 -59.2872
0.0462695 0.0249787 2.84274
0.0721013 0.0205325 1.92614
0.020751 0.0391379 3.17036
0.00210771 0.00676005 5.2781
0.00330949 0.00647715 5.2885
0.00737058 0.0037214 4.87872
0.00352486 0.000948555 5.72861
-0.011048 0.00351756 7.78023
0.0251983 -0.00870883 1.01165
-0.0385885 0.00237458 26.1832
0.00470083 -0.00137579 4.43244
-0.0580726 -0.0226503 19.9356
0.0693643 -0.234575 5.49834
0.0187656 -0.0288497 13.0078
-0.0379276 -0.0343862 30.3873
-0.0838379 -0.0520251 45.6727
-0.0730217 0.000486306 39.8653
-0.0498298 -0.00513072 30.5026
-0.0583252 -0.00677456 34.4536
-0.0559674 -0.0409077 33.9289
0.113031 -0.043101 -39.854
-0.0187207 -0.0624202 19.3589
-0.00958179 -0.0199636 12.9846
-0.123087 0.505271 53.9368
-0.052847 -0.310576 50.0808
-0.080909 -0.023436 54.5802
-0.0495561 0.0072622 35.2417
-0.0215128 -0.0364709 20.7116
-0.018493 -0.0214716 18.1943
-0.00666166 -0.00115097 10.3504
0.00407284 0.0149425 2.63975
-0.00249543 0.00696464 7.44598
0.0020548 0.00233449 4.35944
0.0134642 -0.00199628 -3.76921
0.0222017 -0.0138992 -9.87165
0.0378256 -0.0400222 -20.8384
0.0453578 -0.0475594 -26.3866
0.0153992 -0.0391216 -2.87773
0.0473571 -0.0322006 -29.3905
0.0724372 -0.0176078 -50.6285
0.0795058 0.0116268 -56.9791
0.0813584 0.0108399 -58.717
0.0540808 0.00919501 -34.037
0.0417816 0.0107186 -23.0041
0.0370681 0.0270028 -18.997
0.069596 0.00893554 -50.3517
0.0747406 0.000175827 -54.6354
0.0281427 0.0149798 -7.2305
0.0289768 0.0108335 -7.61837
0.0171648 0.00459591 5.26903
0.00672694 -0.00168143 16.6214
0.0220176 -0.00448961 -0.0789505
0.0302528 -0.00151731 -9.18882
0.0251481 -0.00614191 -2.97186
0.0153416 0.00408069 7.81607
0.0321576 0.0115463 -12.4279
0.03963 -0.00369948 -20.9065
0.0609443 -0.00696538 -46.7063
0.0494327 0.016859 3.09705
0.0502464 0.0345286 2.19072
0.0245762 0.08183 0.94042
-0.0258332 0.0349141 6.14242
-0.0106978 -0.00414747 7.0278
0.0075366 -0.00379467 5.21509
0.0124061 -0.00855414 4.88972
0.00216789 -0.0077556 6.30606
0.0028629 0.00802889 5.06644
-0.0343928 -0.00291374 25.5892
-0.0400083 0.000693406 14.6835
-0.0378917 -0.00805322 14.534
-0.0447625 -0.0260022 17.7447
0.0503791 -0.208344 9.77857
0.0456603 0.0351791 0.896434
-0.0738363 -0.0353475 41.5003
-0.0642745 -0.00423873 36.6934
-0.0675094 0.00365435 37.7418
-0.0573494 0.0372095 31.6199
-0.0605498 0.00879224 34.2255
-0.0362863 -0.025603 25.5793
-0.00205136 -0.0137075 8.81162
0.0132215 0.00930509 0.326707
0.0150972 0.00819317 -0.298472
-0.0137976 0.00147009 15.5412
-0.0411284 -0.0189021 31.5447
-0.0515969 -0.0267995 37.8078
-0.0256918 -0.0108177 21.2645
0.0127823 -0.00739842 -0.983343
0.00671606 -0.00488256 2.84074
-0.00689359 -0.00543311 11.3142
-0.00779016 0.00304835 11.1499
-0.00196502 0.00572676 7.02895
0.00788441 0.00324605 0.154446
0.0245099 0.0126418 -12.729
0.0383204 0.0298546 -24.0005
0.0364986 0.0264418 -22.0186
0.0166036 0.0161971 -5.94393
0.0695408 0.00294628 -49.0258
0.0927504 0.0129261 -68.3591
0.0681994 0.00758442 -46.9607
0.0752611 0.00794226 -53.4752
0.0449986 0.00257644 -25.6383
0.0442866 0.0104007 -25.4349
0.0515339 0.0160799 -32.661
0.0736445 0.0065629 -54.0129
0.0490021 0.0139571 -29.7711
0.0355656 -0.0104128 -14.6216
0.0523717 -0.00479608 -31.9146
0.0316694 0.00324561 -10.5314
0.0145085 -0.00107716 8.25398
0.0083298 -0.00658437 15.5293
0.0163954 -0.024915 7.5784
0.0137075 -0.0315917 11.0788
0.0172544 -0.0265945 6.25219
0.0444663 -0.0176279 -25.8672
0.0347668 -0.00692986 -14.787
0.033011 -0.0169347 -12.1224
0.073533 0.0179884 2.54561
0.267189 0.0348354 -4.00235
0.00715516 0.0337786 5.64928
-0.0517137 0.00686035 9.58053
0.0023667 -0.00106309 5.50661
0.0181659 -0.00300847 3.68448
0.0158357 0.0108413 3.05909
-0.00596046 0.00768409 6.90713
-0.00223247 0.00822649 6.14695
-0.0561085 -0.00562974 30.2866
-0.0690531 0.0260937 19.6751
-0.0527104 0.00963596 17.02
-0.0366197 0.00604803 13.1723
-0.0141342 0.000664504 7.43602
0.00129867 0.0236542 1.19231
0.00277643 0.0176165 1.14915
-0.0467085 -0.449979 59.4141
-0.0793405 -0.0317734 44.6892
-0.0709851 0.0158994 38.4116
-0.0721436 0.0100253 39.2945
-0.0206562 -0.00748819 17.9116
0.0017506 0.0104041 6.18396
0.00797615 0.004022 4.54422
-0.0103619 -0.0183592 14.9299
-0.00374321 0.0185941 9.41343
-0.0320538 -0.00533288 25.9047
-0.0116678 -0.00206269 14.6251
0.0128081 -0.108039 9.29009
0.0170305 -0.0365635 -1.34448
-0.00466935 -0.0317447 11.9752
0.00545321 -0.022819 4.45852
0.00250552 -0.000923455 4.51476
0.00108319 0.00699907 4.84945
0.00560633 0.00794583 1.38101
0.0520817 0.0274246 -34.1013
0.0509597 0.0303337 -33.0459
0.0147979 0.0214059 -4.41849
0.0106782 0.0151088 -0.96566
0.0668353 0.00813868 -46.4063
0.0710897 0.0179006 -49.8463
0.065833 0.0133717 -45.135
0.0619859 0.00934309 -41.5898
0.0417143 0.00599573 -22.9334
0.0391351 -0.00434137 -19.8499
0.0442905 -0.00180295 -25.2932
0.0736271 0.00113313 -53.7242
0.0580066 0.00820823 -38.5401
0.0547684 0.0078528 -35.4815
0.0575119 0.0170853 -38.4499
0.0213313 0.012536 0.0840245
-0.0007526 -0.000676142 24.8375
0.00343464 -0.0117291 21.1472
0.014424 -0.0145516 8.94342
0.0141487 -0.00588826 8.80464
0.0379078 -0.0182572 -18.6055
0.0591059 -0.0193433 -43.1647
0.0246712 -0.0253219 -1.15777
0.0132171 -0.0285804 12.802
0.0638657 0.0266554 1.67601
0.0936778 0.0134271 2.99436
0.0228609 0.0162285 6.06132
-0.0654412 0.00843406 10.7214
-0.0105082 0.00516164 6.28704
0.0110006 0.000153167 4.41397
0.0439322 0.00653281 -0.481017
-0.0209258 0.00521665 10.0915
-0.0271815 -0.00611567 11.4946
-0.0522816 -0.00186057 29.2405
-0.0793892 0.0278748 22.4879
-0.0672272 0.0220604 19.7998
-0.0356666 0.0218842 11.5401
-0.00669347 0.0180726 3.92619
0.000432981 0.0127134 2.39105
-0.00212976 0.0177845 2.8446
0.00374374 0.0122551 1.24416
0.0020266 0.00785929 2.31825
0.00532357 -0.00577044 2.42488
-0.052083 -0.036497 34.5074
-0.0414201 -0.0339181 29.7715
-0.00951882 -0.0481953 16.9098
-0.00974759 -0.0771761 20.031
-0.00268204 -0.0673767 15.2414
-0.0297221 -0.06059 28.7578
-0.0346113 -0.0383259 29.8246
-0.0166926 -0.0497515 20.1244
-0.0521396 -0.082109 44.4216
0.00347159 -0.047031 6.64051
0.0229168 -0.065541 -3.71288
0.0413415 -0.0191784 -19.8958
0.0157646 -0.00485278 -4.15787
0.00427687 0.00618112 2.7327
0.0219105 0.00610393 -10.2205
0.0586044 -0.00121485 -36.0966
0.0273228 0.00677218 -12.814
0.00263171 0.00702259 6.25009
0.0127312 -0.00522725 -0.81829
0.0254845 -0.0218063 -9.64964
0.0438876 -0.00673553 -24.2488
0.0689764 -0.00798585 -45.8596
0.0574379 -0.0088007 -35.6863
0.0412087 0.00636254 -22.4903
0.0348814 -0.00549788 -15.8427
0.055109 -0.00851074 -34.8287
0.0674938 0.0100946 -48.2404
0.0596378 0.00503336 -39.7829
0.06535 0.0193283 -47.1799
0.0484352 0.0158654 -28.7689
0.0128357 -0.00110586 10.404
0.0033723 -0.011199 21.3997
-0.00369961 -0.0134031 29.5581
0.000141932 -0.0086775 24.7535
0.0109685 -0.0103623 12.5384
0.0259868 -0.00599464 -5.53113
0.0460504 -0.0108137 -28.6728
0.0226548 -0.0049892 -0.510589
0.0227993 -0.0183239 -0.261972
0.0652889 0.00377972 3.70287
0.0775392 -0.00202873 4.31517
0.0179677 0.00887212 6.20555
-0.0602429 0.00824679 10.4088
-0.0190312 0.0103922 6.5467
0.00834995 0.00584513 4.163
0.0297483 0.00540143 1.5414
-0.00274754 0.00547084 6.97478
-0.0161608 -0.00094759 9.44772
-0.0506383 -0.00278634 28.9711
-0.0602122 -0.006769 21.8021
-0.0610329 0.010923 19.5446
-0.0218245 0.0287373 6.89381
-0.00584228 0.0212972 3.3156
-0.00542175 0.0139812 4.03634
0.00594239 0.00858357 1.04352
0.00526966 0.013708 0.605094
-0.00191861 0.0137713 3.2098
-0.000495237 0.00357092 3.73719
0.000394518 -0.0160348 5.72294
0.0143439 -0.103138 11.5914
-0.000735375 -0.105885 18.5012
-0.0161751 -0.0825945 22.9552
-0.00910495 -0.0751393 18.6156
-0.0375828 -0.0758995 33.9861
-0.0278822 -0.0737559 28.2831
-0.0181429 -0.0736536 22.979
-0.0336136 -0.106871 36.6543
-0.0158738 -0.0637997 20.2581
0.0463289 -0.0198135 -23.9565
0.0465685 -0.0146455 -23.4829
0.0202101 -0.0149516 -5.80681
-6.04377e-05 -0.00834921 7.3201
0.0167581 -0.00256097 -5.53901
0.0440733 -0.0331721 -21.8748
0.0513262 -0.0511073 -24.9998
0.00799922 -0.0185618 4.79551
-0.0113734 -0.0219712 20.5738
-0.0742704 -0.0137584 65.4356
0.0373952 0.000926852 -19.5599
0.0618744 -0.0242061 -37.9942
0.0575178 -0.00726748 -35.6415
0.0285562 -0.00449554 -9.61416
0.0331684 -0.00659754 -14.0345
0.0610413 -0.0158132 -39.7525
0.065904 -0.0260309 -42.7567
0.0824072 -0.00613784 -61.4313
0.0588805 0.0154769 -39.2629
0.0346385 -0.0153351 -10.6402
0.0116044 -0.0185899 13.8438
-0.00210968 -0.000518183 26.2328
-0.0025041 -0.00450719 27.2848
-0.00169456 -0.00294207 26.2896
0.00649709 -0.00178218 16.801
0.0225633 -0.0112816 -0.847967
0.0524128 -0.0102088 -35.9356
0.00897709 -0.0226296 18.2863
-0.012144 -0.000216653 41.1202
0.0640193 0.0586915 -3.85516
0.0541151 0.0543737 -3.59486
0.018599 0.0292423 2.69342
-0.0479637 0.0181119 7.76486
-0.0225988 0.0100985 6.73563
0.00755532 0.0185886 2.37615
0.0305948 0.00759574 0.94022
-0.00512364 0.00868458 6.46631
-0.0147844 0.00384327 8.41019
-0.0464318 -0.00214288 27.9844
-0.0353584 -0.0185056 17.0668
-0.0334262 0.016347 11.6747
-0.0183278 0.0426342 4.04547
-0.0187825 0.0297264 6.08277
-0.0193119 0.0221459 7.23932
-0.000627041 0.0296644 0.208096
0.0128582 0.018597 -2.8539
0.00703112 0.0177858 -0.0345254
-0.0113237 0.00897739 7.42436
-0.0134825 0.000455398 9.4108
0.00224598 -0.0404404 7.44594
-0.0015374 -0.0775689 15.1287
0.0247387 -0.0336525 -3.09488
0.0019438 -0.0860022 14.5479
-0.0229574 -0.0836029 27.7068
-0.02231 -0.0743954 25.2571
-0.000869798 -0.0703663 12.9016
0.00184704 -0.037909 6.09915
0.0195316 -0.014616 -8.0023
0.0629846 -0.0173973 -34.2282
0.030566 -0.019243 -12.5087
0.0351113 -0.0436213 -11.8456
0.010621 -0.0299458 2.73181
0.00921012 -0.0148561 1.4328
0.00365213 -0.0511703 10.4827
0.0332774 -0.0672597 -9.63286
0.0428812 -0.0389561 -19.9446
0.00774219 -0.0136582 4.1347
0.0720024 -0.0115135 -49.6039
0.0811921 -0.0308189 -54.6306
0.0891797 -0.0406663 -59.6573
0.0716511 -0.0280985 -46.2111
0.036675 -0.0315507 -13.4882
0.0335028 -0.0212439 -12.3107
0.0395363 -0.03533 -16.1285
0.0590452 -0.0408622 -34.0876
0.0960675 -0.0484825 -69.8733
0.0739927 -0.0371232 -48.4553
0.038245 -0.0439179 -11.0895
0.0284565 -0.0334209 -2.2035
0.00431705 -0.00800509 20.1917
-0.00271892 -0.0024827 27.2067
0.00204111 -0.00310843 22.0652
0.00387064 -0.004213 20.1382
0.0289178 -0.0153037 -7.60047
0.033128 -0.033203 -9.71716
0.0151782 -0.0381309 12.1676
0.0170019 -0.0258182 8.61578
0.0661814 0.114627 -12.4847
0.0101811 0.0660493 -2.10713
-0.0145362 0.080254 -3.30752
-0.0351345 0.0546108 2.13543
-0.0421068 0.0843543 -1.95435
-0.0251014 0.0696556 -1.8872
0.0281915 0.0343159 -2.62864
-0.019773 0.0296618 5.28838
-0.0299493 0.0490175 3.82286
-0.0148849 -0.00714068 22.2586
-0.0111575 0.0236923 5.27781
-0.0127965 0.0426847 2.52131
-0.0240604 0.045239 5.21624
-0.0174975 0.0459122 3.12295
-0.00852735 0.0499433 -0.307822
-0.010971 0.0350795 2.91645
0.00471406 0.0244347 -0.823234
-0.0153901 0.0126474 8.51823
-0.0247443 0.0139496 11.9074
-0.0130816 0.0117677 7.42691
-0.000740264 -0.0043948 3.71232
-0.00457419 0.000922562 4.79159
-0.0209393 -0.0557074 21.3136
-0.0018998 -0.0626721 12.8172
-0.0042426 -0.0818957 16.9822
-0.14061 0.00753704 75.9727
0.000538198 -0.0590999 10.2843
0.00967049 -0.0274609 -0.048977
0.0375434 -0.0184071 -18.3016
0.0271858 -0.0570335 -5.3139
0.0362134 -0.0874105 -6.1345
0.021567 -0.0986419 5.95257
0.0320776 -0.0322693 -12.2722
0.0185722 -0.00111146 -7.63418
-0.00201245 -0.00779168 8.17344
0.0307707 -0.0265496 -14.2187
0.064004 0.0130465 -44.8241
0.00303044 -0.00220849 6.12056
0.0382838 -0.00709844 -22.101
0.0649344 -0.0190426 -42.5202
0.0963957 -0.0380855 -66.7258
0.0713291 -0.032541 -45.1189
0.0469055 -0.0470825 -20.9638
0.0376077 -0.0380097 -13.668
0.0262105 -0.0338885 -3.78217
0.0514991 -0.0583213 -24.8601
0.0996956 -0.0646471 -71.0874
0.0899284 -0.0492472 -63.5482
0.0467137 -0.029754 -21.9454
0.0431195 -0.0363941 -17.8724
0.0245518 -0.00460744 -2.70708
0.0102477 0.000801846 12.2168
0.00554773 -0.00187848 17.8711
0.405485 -0.00358707 -447.48
0.00391483 -0.00273966 19.8943
0.0250872 -0.021021 -2.16923
0.00986737 -0.0348566 18.4205
0.0202439 -0.0233363 4.14485
0.0401346 0.0931354 -8.29144
0.00767812 0.0543296 -0.102813
-0.0161816 0.042517 3.54505
-0.0294868 0.0440946 4.26812
-0.0264392 0.0737649 -1.74838
-0.018987 0.105639 -8.68492
0.0114043 0.0921271 -9.46028
-0.012073 0.0917943 -5.90222
-0.00622411 0.114021 -11.0268
0.0195991 -0.0200632 17.3705
-0.018691 0.0533367 2.72956
-0.0394407 0.0614874 6.05128
-0.0144619 0.0353075 4.16075
-0.00705497 0.059193 -2.30544
-0.0158557 0.0410095 3.55553
-0.0169288 0.144312 -14.8357
-0.0101713 0.048387 0.237219
-0.0106733 0.216888 -30.444
-0.0255952 0.0420069 7.41033
-0.0108725 0.0788781 -5.04045
-0.0185268 0.0426205 4.28155
-0.0111222 0.198312 -26.9126
-0.0182109 0.251626 -33.2466
0.00308743 0.302378 -53.3641
-0.00664748 0.273165 -42.9606
-0.0154376 0.289373 -41.1534
-9.38414e-05 0.00273709 15.0265
-0.00602263 0.0106316 17.02
-0.00140399 -0.00341562 16.954
0.00694354 0.30082 -55.1751
0.0150189 0.291755 -58.5052
0.0191548 0.28066 -59.1502
0.0157308 0.259438 -52.4081
0.0342284 0.0506202 -28.0018
0.0285234 0.0657508 -27.3275
0.0527488 0.0550286 -43.8022
0.017819 0.0535725 -15.6762
-0.00574643 0.0207514 8.89728
0.0240311 -0.0150499 -8.99752
0.0572881 -0.00330656 -38.6878
0.079871 -0.027922 -53.7946
0.0683226 -0.0600458 -37.243
0.0384116 -0.0131736 -19.3607
0.0453264 -0.0153352 -25.0989
0.0184255 -0.00430984 -1.74408
0.0460361 -0.0418474 -22.2848
0.0913474 -0.0654414 -62.9763
0.146344 0.0102902 -131.664
0.744915 0.0329993 -766.815
0.0360252 0.0513944 -26.1366
0.0352067 0.0120746 -17.1867
0.00794431 0.0104243 13.0802
0.000786854 0.0142403 20.3771
0.391486 -0.00816314 -430.218
-0.00489658 0.0117874 27.8674
0.00908166 0.00382214 12.7341
0.0252653 -0.00624673 -4.93287
0.0149388 5.89891e-05 6.4827
-0.000273643 0.139473 -16.881
-0.0105274 0.0801532 -4.63373
0.00199886 0.0836039 -5.86921
-0.00979925 0.0857723 -5.56437
-0.0232708 0.111301 -9.40788
-0.00163486 0.21738 -33.165
0.0112482 0.14358 -19.7574
0.00707884 0.149209 -20.4478
0.0108981 0.199037 -31.1242
0.0358106 -0.020534 13.961
-0.0207656 0.282142 -42.3532
-0.00797963 0.280826 -45.0502
0.000890567 0.286623 -48.5727
-0.00347637 0.28988 -48.1228
-0.00033015 0.298606 -50.9277
-0.00482572 0.291178 -47.8642
0.00180334 0.294877 -50.95
-0.00106463 0.294786 -49.8712
-0.00404273 0.304076 -50.4942
0.000546586 0.326941 -56.9827
0.0124779 0.320322 -60.8568
-0.00224702 0.283586 -46.6438
-0.013455 0.271863 -39.2077
0.000577983 0.313908 -54.6443
-0.0060075 0.313195 -51.0559
0.00161374 0.309023 -54.2888
0.0176761 -0.028007 11.0334
0.00432506 -0.00188001 13.479
-0.0103502 -0.00228715 22.3106
0.0136119 0.291569 -57.2952
0.0208085 0.30137 -63.9255
0.0214887 0.315587 -67.1543
0.0115121 0.314858 -60.2705
-0.016088 0.350524 -47.69
0.00209652 0.400076 -71.8482
-0.00923915 0.520934 -87.3186
-0.0551407 0.125953 28.4294
-0.0327163 0.0399525 27.1474
0.0260774 0.00571541 -14.471
0.0444745 0.0104297 -30.3494
0.060225 -0.0221698 -37.6067
0.0969581 0.145336 -98.2156
0.117585 0.108873 -108.828
0.0713686 0.0913928 -62.0114
0.00952353 0.0908259 -3.49111
0.0085409 0.0712076 1.70253
0.0119097 0.0817266 -3.83992
-0.0192867 0.107614 22.8919
-0.000272306 0.128113 -1.63389
-0.00236728 0.120267 1.9121
-0.00803374 0.0631882 19.9591
-0.00478983 0.0327051 22.8027
-0.0072506 0.0353028 25.1656
-0.00280939 0.0442726 18.3936
0.00119283 0.0335796 16.2539
0.00282163 0.0423032 12.5846
0.0157044 0.0158 2.29114
0.0292622 0.0501826 -21.1295
0.035597 0.218359 -33.9593
-0.00176963 0.308772 -53.7152
-0.00937284 0.313269 -54.0695
-0.0002742 0.247671 -39.9901
-0.00460896 0.258542 -41.2765
-0.00203994 0.258468 -41.5113
0.00575329 0.258222 -42.6503
0.00433036 0.246179 -39.8633
0.0196525 0.246915 -42.7958
-0.0217873 0.203746 -24.1495
-0.0255181 0.26443 -37.347
-0.00334599 0.2852 -47.2934
-0.00124328 0.298899 -50.768
-0.000572624 0.305662 -52.5755
0.00723491 0.320486 -58.1662
0.00394626 0.310249 -54.8466
0.00347669 0.292279 -50.4629
-0.00160567 0.302411 -50.8669
-0.00188733 0.296044 -49.4004
0.000125 0.310668 -53.5588
0.002906 0.313467 -55.3682
-0.00320272 0.316199 -53.225
-0.00158008 0.307609 -52.1394
0.0017793 0.322368 -56.989
0.00422016 0.325259 -59.0514
0.00759684 0.30906 -57.1591
-0.00102547 0.32099 -55.032
0.000193073 0.331741 -58.2596
0.00645012 0.334839 -62.4725
0.00123009 0.301636 -51.6577
0.0246854 0.296214 -65.4744
0.0248171 0.2949 -65.1387
0.0303157 0.291715 -68.0014
0.0209687 0.315204 -66.5751
0.0290914 0.306211 -71.2886
0.080135 0.248419 -96.1314
0.107647 0.180941 -102.573
0.0339091 0.327773 -80.8081
0.0251471 0.275197 -60.4002
-0.0362204 0.282022 -11.3535
-0.0289494 0.256356 -11.5559
0.0344546 0.266657 -69.6838
0.0918348 0.123568 -88.8391
0.0860508 0.12391 -83.1176
0.0319857 0.12691 -32.3112
0.00668501 0.0939023 -1.85108
0.0310968 0.115858 -30.65
0.00639724 0.123372 -7.59774
0.00556055 0.156567 -13.9957
0.000956646 0.143271 -5.97404
-0.0280185 0.133818 26.5572
-0.0199895 0.066097 32.4175
-0.00610099 0.0636103 17.9013
0.00882413 0.0579713 2.84308
0.00700807 0.0743358 0.694233
0.0181126 0.0815889 -14.0999
0.0172288 0.0653986 -9.93753
0.0268666 0.0983495 -28.368
0.0198992 0.291012 -50.2985
0.01759 0.299297 -52.1132
0.00694714 0.30277 -52.6338
0.00555902 0.304827 -53.2267
0.00250329 0.289401 -48.8922
-0.00745434 0.283391 -46.5311
-0.00689685 0.285956 -47.158
0.0016745 0.289523 -49.3672
0.000624156 0.296195 -50.7715
0.00024942 0.302982 -52.2893
0.000244612 0.308241 -53.3406
0.00673319 0.308874 -55.1622
0.00768666 0.313182 -56.4967
0.00176566 0.310602 -54.221
0.00223658 0.32328 -57.5443
0.00541096 0.333997 -61.4297
0.00728982 0.321311 -58.9804
-0.000457788 0.318821 -55.1986
0.0045133 0.323378 -58.3056
0.00322181 0.333309 -60.1659
0.00422768 0.320485 -57.2834
-0.00110132 0.326587 -56.5551
0.0015019 0.325387 -57.5784
0.00227119 0.339026 -61.2631
-0.00226981 0.334936 -57.9044
0.00397106 0.329433 -59.7225
-0.00567711 0.322142 -52.5369
-0.00458468 0.334889 -56.1612
0.00339933 0.320506 -57.4101
0.00853658 0.32056 -60.7293
0.0037604 0.313126 -55.7736
0.0218351 0.30327 -65.3392
0.0305004 0.296226 -69.4963
0.0202 0.301439 -63.3462
0.0256366 0.314175 -70.7074
0.0154543 0.298273 -58.916
0.0280927 0.268418 -61.43
0.0350798 0.293234 -72.0417
-0.0376848 0.247779 -0.943247
-0.0295498 0.281629 -16.324
-0.00846818 0.298814 -38.7499
0.0208052 0.267807 -56.9911
0.0506243 0.228118 -75.6919
0.0596702 0.169234 -69.1094
0.0206276 0.182286 -35.4712
0.00534221 0.174533 -18.6731
0.00568065 0.146946 -12.235
0.00494574 0.157063 -14.0708
0.00682345 0.157248 -16.095
-0.00831085 0.161723 -1.16089
-0.069036 0.127454 72.802
-0.00195975 0.0310953 20.4624
0.0230822 0.0320858 -8.03126
0.0279682 0.0558635 -19.3274
0.0333463 0.0726336 -29.9389
0.0455557 0.0775285 -45.4157
0.0191788 0.0647579 -10.3689
0.0169724 0.0854418 -12.769
0.0126682 0.312934 -55.7408
0.00728493 0.305009 -53.4713
0.00693431 0.291936 -50.0672
-0.00204773 0.312638 -54.726
-0.00154193 0.3113 -54.4508
0.00514124 0.310002 -54.751
-0.00360839 0.313076 -54.3605
0.00153631 0.312317 -54.8735
0.00533386 0.316869 -56.7804
0.00544425 0.323395 -58.4919
0.00766219 0.322144 -58.6651
0.00670394 0.325023 -59.2194
0.00652649 0.334888 -61.9701
0.00658416 0.329531 -60.2242
0.00427546 0.325736 -58.6492
0.00496754 0.332674 -60.8212
0.00159191 0.334343 -59.9323
0.0039598 0.330519 -60.0039
0.00784756 0.333435 -62.1327
-0.00161941 0.327625 -56.5093
-0.0037129 0.321873 -54.0509
-0.00344715 0.326866 -55.5709
0.00279227 0.328159 -58.7399
0.0010189 0.327473 -57.657
0.00280722 0.331708 -59.6269
-0.00364723 0.332221 -56.2511
-0.00481298 0.333121 -55.8009
-0.00071945 0.33607 -58.877
-0.00415467 0.329322 -54.9418
0.00416858 0.324006 -58.6439
0.00832562 0.326383 -62.1641
0.00883129 0.316463 -59.9217
0.0251555 0.301053 -67.0203
0.0266435 0.301346 -67.9705
0.0203979 0.299241 -62.2335
-0.0279633 0.321488 -31.6627
0.019819 0.29786 -62.4216
0.00327471 0.265469 -40.3194
0.00181961 0.270527 -40.1888
0.00386944 0.273829 -43.0911
-0.0138812 0.276388 -28.3891
-0.00863177 0.30162 -39.4472
0.0193758 0.284045 -60.8044
0.0207455 0.2619 -56.3778
0.00389803 0.285872 -46.3603
0.00167155 0.253639 -35.9291
-0.00421468 0.264957 -33.2939
-0.00193341 0.235598 -27.7802
0.0017642 0.253187 -35.9181
-0.00485488 0.24513 -26.9102
-0.00900047 0.242321 -21.8528
-0.00790312 0.28198 -33.8092
-0.00080601 0.271677 -38.3499
0.0269746 0.0374036 -13.554
0.0386093 0.0354951 -26.7372
0.0389932 0.0451141 -29.3388
0.0237972 0.0515532 -12.488
0.0339449 0.0604361 -27.2972
0.0137343 0.320063 -57.6435
0.0143323 0.320958 -57.8757
-0.00251281 0.314173 -54.8886
-0.00373837 0.317639 -55.8761
0.00422226 0.311977 -54.9112
0.00695568 0.307715 -54.1787
0.00572149 0.316825 -56.8001
0.00657365 0.315725 -56.6834
0.00449449 0.314069 -55.7395
0.00877559 0.332958 -62.1313
0.0142845 0.324915 -60.843
0.00739192 0.329556 -60.6321
0.00934025 0.333546 -62.2349
0.00868873 0.326766 -60.1556
0.0103537 0.335252 -63.2436
0.00333721 0.328679 -59.0747
0.00268805 0.329827 -59.2288
0.00758079 0.33584 -62.8349
0.00564692 0.329656 -60.2965
0.000817275 0.324424 -56.7272
-0.00685221 0.328382 -54.5693
0.00699557 0.331581 -61.7212
0.00442989 0.328004 -59.5553
0.00543984 0.322391 -58.4745
0.00623164 0.320413 -58.2587
0.00730614 0.323857 -59.8633
-0.00391251 0.332092 -56.044
-0.00305129 0.328483 -55.4201
-0.003494 0.326546 -54.599
0.00286317 0.327688 -58.8792
-1.63892e-05 0.325552 -56.4499
0.000837994 0.318995 -55.0765
0.00967784 0.317808 -60.9243
0.0259736 0.300809 -67.5301
0.0401133 0.278521 -71.2955
0.0207385 0.298953 -62.3944
0.00996404 0.312575 -57.8985
-0.00764908 0.311375 -43.8668
-0.00959064 0.311042 -42.4576
-0.000572324 0.298683 -46.3684
0.00628397 0.311565 -55.5501
-0.00140651 0.300538 -44.7467
0.0118888 0.307376 -59.5794
0.013081 0.312801 -62.5578
0.00711772 0.308724 -55.829
-0.0134671 0.314076 -37.1794
-0.0233705 0.305313 -25.7217
0.00368594 0.295272 -49.6736
0.000245255 0.32353 -54.1508
-0.0128954 0.299701 -33.2474
-0.00427589 0.282564 -37.8064
-0.000856681 0.285771 -42.3082
0.0188528 0.256819 -55.9579
0.021567 0.268521 -62.6781
-0.00127591 0.306594 -47.3859
0.0183254 0.248923 -53.6103
0.0478043 0.235615 -85.4071
0.0410641 0.0587138 -35.6373
0.0112398 0.320944 -57.8608
0.00919343 0.317692 -56.7799
0.00492303 0.314826 -55.7833
0.00361757 0.313818 -55.6019
0.00767975 0.323585 -58.8302
0.00140191 0.316467 -55.9851
0.00912749 0.33061 -61.3718
0.00856342 0.33613 -63.1305
0.00694727 0.337013 -62.9594
0.00435744 0.337334 -62.5256
0.00475186 0.324661 -58.4864
0.00921791 0.328347 -60.6771
0.00368527 0.319656 -56.4588
0.00566784 0.324428 -58.5343
0.0165188 0.33414 -64.8564
0.0104882 0.332266 -62.4225
0.000243838 0.327553 -57.5115
0.00433995 0.333265 -60.8237
0.000782758 0.32539 -57.0289
-0.00187245 0.33051 -57.5157
-0.00106 0.32444 -55.8971
-0.00181403 0.325146 -55.7776
0.00145472 0.324654 -57.1317
-0.00128178 0.328207 -56.7931
0.00712189 0.323297 -59.5709
0.00639467 0.319664 -57.9966
-0.00409656 0.319406 -52.1592
-0.00413233 0.323931 -53.4512
0.00226923 0.330681 -59.5096
0.000628142 0.327304 -57.338
0.00240724 0.324886 -57.8157
-0.00414249 0.324265 -53.22
0.00784502 0.323983 -61.4633
0.0126838 0.312963 -61.4793
0.0247868 0.30247 -67.1953
0.0332474 0.283952 -67.7376
0.032866 0.28196 -66.7562
0.0171854 0.310791 -63.1969
0.00642362 0.349817 -67.0938
0.0057799 0.353931 -67.9912
0.00786813 0.330651 -62.904
-0.0216945 0.331726 -36.5949
0.00269666 0.310365 -51.8769
-0.00806758 0.316418 -43.6664
-0.00370668 0.31121 -46.2533
-0.000817951 0.336354 -56.9173
-0.0123697 0.346264 -48.5736
-0.030781 0.359653 -34.4143
-0.00293278 0.345537 -58.0779
0.00414995 0.333054 -61.8872
0.0102749 0.334369 -69.0185
-0.000110665 0.352377 -63.2989
0.00425322 0.351747 -68.4448
-0.0120838 0.306875 -35.1918
0.00282911 0.270199 -41.6795
0.0102312 0.287502 -55.8026
0.0167838 0.270188 -58.2225
0.0202706 0.303375 -73.0072
0.00947351 0.321165 -57.9123
0.00928404 0.319658 -57.4052
0.0104465 0.3169 -56.5518
-0.000703588 0.317452 -56.0253
0.00635001 0.323461 -58.6627
0.0127664 0.320656 -58.3913
0.0129281 0.325139 -59.9102
0.0147894 0.325174 -60.2961
0.0127415 0.329502 -61.4771
0.00456005 0.331962 -60.7866
0.00419078 0.320942 -56.9724
0.00529098 0.314842 -55.2456
0.00614683 0.320517 -57.4138
0.0104289 0.329766 -61.6359
0.00776886 0.330831 -61.1391
0.00460401 0.325339 -58.3501
0.00058783 0.319259 -54.842
-0.00230126 0.319084 -53.8178
0.00241679 0.323694 -57.1529
0.00598619 0.320988 -57.6847
-8.0176e-05 0.325248 -56.5348
-0.00223497 0.3244 -55.2675
0.00671783 0.325267 -59.907
-0.000124463 0.32514 -56.4032
-0.00115907 0.3228 -55.0291
0.00663985 0.318965 -58.0152
0.000235097 0.325735 -56.6304
-0.00182527 0.327199 -55.9538
0.00351008 0.330377 -60.2885
-0.00279692 0.325354 -54.5871
-0.00416289 0.325761 -53.7234
0.00080326 0.325984 -57.0827
0.0102353 0.323632 -62.94
0.00262436 0.31843 -55.7912
0.00499612 0.322405 -58.9125
0.0216573 0.308526 -66.9179
0.0272608 0.289712 -65.0675
0.032648 0.292617 -70.2475
0.0352981 0.306796 -76.9288
0.0252893 0.34346 -80.4144
-0.0111189 0.376136 -60.9406
-0.0110337 0.364032 -57.211
0.00699546 0.356215 -71.2066
0.00691083 0.322697 -59.6733
-0.0193472 0.326781 -36.4889
-0.0110423 0.337235 -47.3366
0.00948321 0.34415 -69.338
-0.0182062 0.38455 -54.3934
0.0109993 0.380739 -83.3694
-0.00322272 0.394995 -74.0282
0.0106177 0.348335 -73.8126
0.0272416 0.417434 -114.488
0.0316186 0.432619 -124.674
-0.00514659 0.570728 -128.842
-0.228651 -0.432402 457.825
-0.00611016 0.319403 -47.0959
0.0192422 0.300687 -70.8102
0.0183555 0.293461 -67.3338
0.00876639 0.321476 -58.0104
0.00981188 0.319838 -57.4579
0.0110547 0.316112 -56.1575
0.000637053 0.321061 -57.2822
0.00481445 0.326078 -59.4741
0.0234072 0.322145 -60.0187
0.0104131 0.313715 -55.4577
0.00777122 0.320788 -57.4935
0.00356882 0.322644 -57.5067
0.00704447 0.319439 -56.9734
0.00546451 0.316906 -55.6543
0.00309065 0.320153 -56.2504
0.00540424 0.328583 -59.844
0.00305667 0.325304 -57.8611
-0.00120098 0.320617 -54.9939
0.00510098 0.321048 -57.1646
-0.000857222 0.315641 -53.2502
0.00837696 0.313238 -55.7584
0.00204475 0.311784 -52.8412
0.00367993 0.313542 -54.1789
-0.00260848 0.317988 -52.9965
-0.00219202 0.31054 -50.5091
0.00151403 0.332923 -60.1614
0.00503334 0.318715 -56.8232
0.00458132 0.317985 -56.284
-0.00136177 0.320725 -54.0799
-0.000352925 0.328309 -57.2775
-0.00320663 0.322927 -53.7168
0.00376801 0.327811 -59.6348
-0.000423812 0.320001 -54.2175
0.00144592 0.316603 -54.2209
-9.50103e-05 0.322131 -55.1248
-0.00169346 0.325858 -55.3909
0.00765807 0.323419 -61.2162
0.00596423 0.321742 -59.2299
0.00869526 0.316563 -59.6262
0.0192564 0.308392 -65.0945
0.0325986 0.29163 -69.9642
0.0462736 0.290381 -80.5663
0.0548042 0.296577 -89.7159
0.00983078 0.355049 -71.4397
-0.00760239 0.373356 -62.4721
-0.0211151 0.333319 -36.3564
0.000184256 0.335303 -56.6121
-0.0244184 0.308803 -24.3797
-0.0038694 0.295316 -39.0334
-0.00761292 0.344248 -51.9298
0.0158032 0.31271 -64.9168
0.0250114 0.356664 -89.229
0.0250252 0.371134 -95.119
0.0304394 0.390956 -108.145
-0.0320113 0.272277 3.39717
-0.00806406 0.236244 -10.9957
-0.00742492 0.156316 17.046
-0.0196259 -0.023226 95.3273
-0.00787481 0.300375 -37.714
-0.0145219 0.270137 -19.2402
0.0542743 0.00855536 -4.53441
0.00595264 0.322242 -58.2495
0.00477422 0.317683 -56.5287
0.00209752 0.305062 -51.7426
0.00180274 0.288593 -45.697
0.0105525 0.305234 -52.5333
0.0103407 0.305466 -52.5238
0.011568 0.282662 -44.447
0.0172533 0.292966 -49.0297
0.00648809 0.308504 -52.9368
0.00480757 0.300288 -49.6348
0.00372054 0.294024 -47.0958
0.00757032 0.305732 -52.2349
0.0144587 0.309428 -55.4245
0.00769071 0.311647 -54.397
-0.00138135 0.306459 -49.8063
-0.000295506 0.298735 -47.4125
0.00142192 0.307808 -51.1813
-0.00247072 0.301094 -47.3512
-0.00508085 0.28713 -41.1816
0.00271323 0.28276 -42.734
0.00381532 0.2994 -49.2464
0.00661997 0.302029 -51.4656
0.000994934 0.31061 -51.9573
-4.63646e-05 0.292145 -44.7096
0.0114783 0.288291 -49.3735
0.00293493 0.299942 -48.9914
0.00283457 0.306581 -51.3319
-0.00280629 0.317953 -52.081
-0.00699593 0.302796 -44.079
0.00397457 0.302525 -50.7426
0.00796037 0.311654 -56.7204
0.00321118 0.327594 -59.3223
-0.00280139 0.322661 -53.435
0.000634651 0.319869 -54.849
-0.00364821 0.303353 -45.5258
-0.00433225 0.298759 -43.3053
0.00560112 0.273729 -41.9976
0.0250701 0.270377 -56.1702
0.0538141 0.265415 -77.9158
0.0600917 0.276689 -87.123
0.044383 0.322463 -89.9127
-0.0182174 0.364441 -49.8865
-0.0314802 0.32784 -24.5545
-0.0323146 0.300065 -14.0532
-0.0154474 0.264341 -17.0506
0.00456397 0.266028 -37.1705
0.0130428 0.299065 -57.3154
0.0296263 0.315951 -80.0288
0.0224417 0.332858 -78.909
0.0345018 0.339847 -93.8952
-0.00642318 0.296646 -34.1497
-0.037103 0.218456 27.8593
-0.0228213 0.180225 25.9073
-0.0381748 0.140534 58.0116
-0.0416544 0.0922471 79.7049
-0.0609554 0.252525 43.2202
-0.043811 0.249756 23.6818
-0.043811 0.249756 23.6818
