0 1 3
1 2 3
2 3 3
3 4 3
4 5 3
5 6 3
6 7 3
7 8 3
8 9 3
9 10 3
10 11 3
11 12 3
12 13 3
13 14 3
14 15 3
15 16 3
16 17 3
17 19 3
19 20 3
20 22 3
22 23 3
23 24 3
24 25 3
25 26 0
26 27 3
27 28 3
28 29 3
29 31 3
31 32 3
32 33 3
33 35 3
35 36 3
36 37 3
37 38 3
38 39 3
39 40 3
40 41 3
41 43 3
43 44 3
44 45 3
45 46 3
46 47 1
47 48 3
48 49 3
49 50 3
50 51 3
51 52 3
52 53 3
53 54 3
54 55 3
55 56 3
56 57 3
40 99 3
41 99 3
11 69 3
35 92 3
10 69 3
33 92 3
29 89 3
23 80 0
31 89 3
10 68 3
22 80 0
41 100 3
4 63 3
5 63 3
9 68 3
36 94 3
43 101 3
1 58 3
4 62 3
32 91 3
35 94 3
43 100 3
44 101 3
0 58 3
3 62 3
19 76 3
33 91 3
12 70 3
17 76 3
19 77 3
25 83 0
28 86 3
29 87 3
37 95 3
39 97 3
40 97 3
7 66 3
8 66 3
13 71 3
17 75 3
20 77 3
26 83 3
26 84 3
28 87 3
32 89 3
38 95 3
38 96 3
39 96 3
44 102 3
45 102 3
1 59 3
2 60 3
3 61 3
6 64 3
7 65 3
9 67 3
70 71 3
13 72 3
14 72 3
15 73 3
27 84 3
27 86 3
35 93 3
37 94 3
100 101 3
45 103 3
46 104 3
47 105 3
48 106 3
48 107 3
49 107 3
51 109 3
55 113 3
56 114 3
58 59 3
59 60 3
60 61 3
61 62 3
63 64 3
64 65 3
65 66 3
66 67 3
67 68 3
14 73 3
16 73 3
16 75 3
76 77 3
22 79 0
23 81 0
24 82 0
25 82 0
83 84 3
86 87 3
93 94 3
97 99 3
101 102 3
103 104 3
104 105 1
48 105 3
50 107 3
50 109 3
53 111 3
54 113 3
113 114 3
57 114 3
16 74 3
20 79 3
80 81 3
81 82 3
27 85 3
87 89 1
89 90 3
32 90 3
91 92 3
94 95 3
50 108 3
52 109 3
53 112 3
54 112 3
12 69 3
72 73 3
84 85 3
85 86 3
90 91 3
92 93 3
99 100 3
102 103 3
105 106 3
52 111 0
74 75 3
75 76 3
79 80 3
82 83 3
95 96 3
106 107 3
107 108 3
108 109 3
57 115 3
73 74 3
111 112 2
112 113 3
114 115 3
62 63 3
68 69 3
96 97 3
71 72 3
69 70 3
109 111 0
87 146 3
97 156 3
77 79 3
89 146 0
99 156 3
93 95 3
62 120 3
73 131 3
61 120 3
91 150 3
92 150 3
108 165 3
74 131 3
89 147 3
92 151 3
95 153 3
107 165 3
77 135 3
82 141 3
83 141 3
90 147 3
93 151 3
96 153 3
101 159 3
102 160 3
103 160 3
106 165 3
61 119 3
63 121 3
68 127 3
69 127 3
69 128 3
70 128 3
76 135 3
81 140 3
82 140 3
83 142 3
84 142 3
87 144 3
96 155 3
97 155 3
99 157 3
102 159 3
58 116 3
59 116 3
119 120 3
62 121 3
72 130 3
74 190 3
86 144 3
91 149 3
100 157 3
100 158 3
101 158 3
59 117 3
60 118 3
64 122 3
65 123 3
66 124 3
67 125 3
68 126 3
71 130 3
73 130 3
131 190 3
141 142 3
85 142 3
96 154 3
158 159 3
160 161 3
103 161 3
104 162 0
105 163 0
113 171 3
114 171 3
114 172 3
116 117 3
117 118 3
118 119 3
121 122 3
122 123 3
123 124 3
124 125 3
125 126 3
77 136 3
146 147 3
90 149 3
149 150 3
150 151 3
153 154 3
156 157 3
159 160 3
161 162 0
162 163 3
126 127 3
135 136 3
79 136 3
79 137 3
80 137 3
140 141 3
154 155 3
155 156 3
111 168 0
111 169 3
112 169 3
171 172 3
115 172 3
115 173 3
120 121 3
71 128 3
130 131 3
136 137 3
81 137 3
93 153 3
109 168 0
112 171 3
172 173 3
81 139 3
144 146 3
108 166 0
109 166 0
168 169 1
112 228 0
127 128 3
137 139 3
169 228 0
171 228 0
165 166 0
166 168 0
157 158 3
139 140 3
105 165 3
166 225 0
168 225 3
142 201 3
85 201 3
93 210 3
166 224 0
71 129 3
129 130 3
75 135 3
85 144 3
224 225 2
75 191 3
75 192 3
135 192 3
147 149 3
105 222 0
165 222 0
169 227 0
144 203 3
153 210 3
165 224 0
227 228 3
75 190 3
191 192 3
151 210 3
163 222 3
222 224 2
168 227 3
117 176 3
118 176 3
135 193 3
119 176 3
190 191 3
136 193 3
144 201 3
128 129 3
136 253 3
137 253 3
142 258 3
147 206 3
149 206 3
149 207 3
156 215 3
157 215 3
223 224 3
137 197 3
222 223 2
130 188 3
139 197 3
201 258 3
150 207 3
155 212 3
155 214 3
156 214 3
159 217 3
160 217 3
162 220 3
171 229 0
172 229 0
117 175 3
126 185 3
127 185 3
129 186 3
131 188 3
146 203 3
150 208 3
151 208 3
154 212 3
161 220 0
163 220 3
116 174 3
116 175 3
175 176 3
119 177 3
120 178 3
121 179 3
122 180 3
123 181 3
124 182 3
125 183 3
126 184 3
128 186 3
129 188 3
141 198 3
144 260 3
214 215 3
158 217 3
160 218 3
163 221 3
221 222 3
168 226 3
228 229 1
172 230 3
172 231 3
173 231 3
177 178 3
178 179 3
179 180 3
180 181 3
181 182 3
182 183 3
183 184 3
184 185 3
127 186 3
140 198 3
141 199 3
142 199 3
203 260 3
147 205 3
217 218 3
220 221 3
225 226 3
226 227 3
174 175 3
176 177 3
185 186 3
131 189 3
146 205 3
205 206 3
206 207 3
207 208 3
153 212 3
161 218 3
188 189 3
136 194 3
194 253 3
139 198 3
201 260 3
229 230 1
230 231 3
189 190 3
192 193 3
193 194 3
198 199 3
151 267 3
208 267 3
212 214 3
158 215 3
199 258 3
210 267 3
146 263 3
218 277 0
161 277 0
197 198 3
205 263 3
210 212 3
186 245 3
212 269 3
220 277 3
129 245 3
203 263 1
210 269 3
212 271 3
214 271 3
203 261 3
158 274 3
197 370 3
197 313 3
261 263 3
207 265 3
215 274 3
217 274 3
228 286 3
229 286 0
137 370 3
259 260 3
208 265 3
215 273 3
224 282 3
176 235 3
177 235 3
181 239 3
194 310 3
201 259 3
206 265 3
223 282 3
225 282 2
180 238 3
182 239 3
190 248 3
253 370 3
198 314 3
199 257 3
210 268 3
221 279 3
226 284 3
227 284 3
227 286 3
176 234 3
179 238 3
186 302 3
192 249 3
192 251 3
193 251 3
199 314 3
273 274 3
220 279 3
221 280 3
222 280 3
227 285 3
229 287 0
230 287 0
174 232 3
175 233 3
176 233 3
234 235 3
178 236 3
179 237 3
182 240 3
183 241 3
184 242 3
185 243 3
185 302 3
188 246 3
189 247 3
191 249 3
194 251 3
197 314 3
268 269 3
212 270 3
217 275 3
225 283 3
225 284 3
285 286 3
231 289 3
232 233 3
235 236 3
236 237 3
180 239 3
239 240 3
240 241 3
241 242 3
242 243 3
129 246 3
188 247 3
189 248 3
191 248 3
253 310 3
257 314 3
257 258 3
263 321 3
265 267 3
269 270 3
220 278 3
223 280 2
282 283 2
283 284 3
230 289 3
243 302 3
313 370 3
265 324 3
270 271 3
274 275 3
277 278 3
278 279 3
284 285 3
238 239 3
251 310 3
258 259 3
260 261 3
267 268 3
233 234 3
237 238 3
206 264 3
267 324 3
279 280 3
286 287 1
245 302 3
245 246 3
246 247 3
206 263 3
264 265 3
277 335 3
247 248 3
313 314 3
218 275 3
218 335 0
263 264 3
214 330 3
223 339 3
263 319 3
271 330 3
215 330 3
280 339 3
282 339 2
230 346 3
289 346 3
248 249 3
249 251 3
261 319 3
275 335 0
287 346 1
245 303 3
312 370 3
267 325 3
302 303 3
312 313 3
260 318 3
261 318 3
319 321 3
273 330 3
265 323 3
324 325 3
310 368 3
258 316 3
323 324 3
237 295 3
238 295 3
239 297 3
240 297 3
241 299 3
251 368 3
253 369 3
259 316 3
264 323 3
240 299 3
275 333 3
249 423 3
310 369 3
369 370 3
274 332 3
333 335 0
278 335 3
283 341 3
423 424 3
314 372 3
257 316 3
268 327 3
273 332 3
282 341 2
249 308 3
251 308 3
259 318 3
269 327 3
282 340 3
284 342 3
285 342 3
232 290 3
233 291 3
234 292 3
235 293 3
236 294 3
238 296 3
239 296 3
240 298 3
242 300 3
243 301 3
251 309 3
318 319 3
273 331 3
278 336 3
280 338 3
289 347 3
290 291 3
291 292 3
292 293 3
293 294 3
294 295 3
295 296 3
298 299 3
299 300 3
300 301 3
301 302 3
308 423 3
309 368 3
268 325 3
270 328 3
331 332 3
274 333 3
335 336 3
279 336 3
279 337 3
279 338 3
338 339 3
339 340 2
341 342 3
286 345 1
287 345 3
346 347 3
296 297 3
297 298 3
246 303 3
249 364 3
269 328 3
271 328 3
271 329 3
340 341 2
247 305 3
248 305 3
248 364 3
308 424 3
286 344 1
345 346 1
308 309 3
327 328 3
328 329 3
336 337 3
285 344 1
344 345 3
329 330 3
330 331 3
332 333 3
337 338 3
323 380 3
264 380 3
333 392 3
319 378 3
321 378 3
342 344 1
257 373 3
325 327 3
305 364 3
364 423 3
264 321 3
327 384 3
333 393 0
335 393 3
246 305 3
257 372 3
321 380 3
303 362 1
372 373 3
259 375 3
392 393 0
246 362 1
305 362 1
312 371 3
313 371 3
313 372 3
318 375 3
342 400 1
342 401 1
344 401 3
325 384 3
316 373 3
321 379 3
324 382 3
323 382 3
338 396 3
400 401 3
295 353 3
296 353 3
303 419 3
319 377 3
379 380 3
336 394 3
337 396 3
302 419 3
318 377 3
332 390 3
294 353 3
298 356 3
299 356 3
299 358 3
300 358 3
371 372 3
316 374 3
259 374 3
377 378 3
323 439 0
330 388 3
331 389 3
336 393 3
346 404 3
297 355 3
362 419 0
368 369 3
374 375 3
378 379 3
380 439 3
382 439 3
325 383 3
327 386 3
328 386 3
329 388 3
331 388 3
393 394 3
336 395 3
337 395 3
339 397 3
340 397 2
340 398 3
341 398 2
344 402 3
345 402 3
347 404 3
290 348 3
291 349 3
292 350 3
293 351 3
294 352 3
296 355 3
301 359 3
302 359 3
318 376 3
324 383 3
331 390 3
332 391 3
333 391 3
395 396 3
338 397 3
341 399 3
345 403 3
346 403 0
348 349 3
349 350 3
350 351 3
351 352 3
352 353 3
296 354 3
355 356 3
299 357 3
358 359 3
376 377 3
383 384 3
329 386 3
388 389 3
391 392 3
394 395 3
397 398 2
398 399 2
399 400 1
401 402 3
403 404 1
356 357 3
357 358 3
375 376 3
384 386 3
353 354 3
354 355 3
359 419 3
373 374 3
402 403 3
382 383 3
389 390 3
390 391 3
396 397 3
309 425 3
368 425 3
308 425 3
370 371 3
418 419 3
424 425 3
359 418 3
305 421 3
384 443 3
373 430 3
364 421 3
372 430 3
383 441 3
362 420 3
382 441 3
386 443 3
419 420 1
362 478 0
305 478 3
370 428 3
371 428 3
374 432 3
399 457 1
369 428 3
380 438 3
389 447 3
390 447 3
404 463 3
371 430 3
373 432 3
379 438 3
396 455 3
403 461 3
348 406 3
375 432 3
438 439 3
329 445 3
394 396 3
397 455 3
400 459 3
401 459 3
404 461 0
354 412 3
421 423 3
369 427 3
377 436 3
378 436 3
379 436 3
384 442 3
386 445 3
388 445 3
388 446 3
389 446 3
398 455 2
349 406 3
353 412 3
368 427 3
371 429 3
383 442 3
398 457 1
400 457 3
358 417 3
359 417 3
420 478 0
368 426 3
428 429 3
429 430 3
377 435 3
379 437 3
443 444 3
386 444 3
391 450 2
392 450 2
398 456 1
402 460 3
403 460 3
349 407 3
350 408 3
351 409 3
352 410 3
353 411 3
355 413 3
356 414 3
357 415 3
358 416 3
425 426 3
426 427 3
427 428 3
375 433 3
375 434 3
376 434 3
437 438 3
382 440 3
456 457 2
400 458 3
402 459 3
460 461 3
461 462 1
404 462 3
407 408 3
408 409 3
409 410 3
410 411 3
355 412 3
413 414 3
414 415 3
415 416 3
416 417 3
417 418 3
421 478 3
434 435 3
440 441 3
442 443 3
446 447 3
391 449 3
393 451 1
455 456 1
457 458 3
458 459 3
406 407 3
411 412 3
433 434 3
435 436 3
436 437 3
444 445 3
449 450 3
394 451 1
462 463 3
412 413 3
439 440 3
432 433 3
441 442 3
447 448 3
393 450 1
459 460 3
390 448 3
394 452 1
396 452 1
396 453 1
390 449 3
451 452 3
396 454 1
454 455 0
445 446 3
452 453 3
453 454 3
418 475 3
450 451 3
423 480 3
445 503 3
421 480 3
447 505 3
448 506 3
417 475 3
420 536 0
424 481 3
434 492 3
443 502 3
444 502 3
448 449 3
420 477 0
423 481 3
439 497 3
419 477 3
477 536 3
433 492 3
446 505 3
480 481 3
425 481 3
425 482 3
435 492 3
425 483 3
430 488 3
438 496 3
445 504 3
448 505 3
462 520 3
418 476 3
481 482 3
429 487 3
430 487 3
373 488 2
440 498 3
443 501 3
446 504 3
454 512 3
457 515 3
475 476 3
427 485 3
428 485 3
432 488 3
438 497 3
439 498 3
442 500 3
450 508 2
455 512 1
456 515 2
457 516 3
458 516 3
482 483 3
428 486 3
441 500 3
442 501 3
501 502 3
444 503 3
449 506 3
453 511 3
454 511 3
459 518 3
460 518 3
461 520 2
415 473 3
416 475 3
418 477 3
426 483 3
485 486 3
429 486 3
487 488 3
488 489 3
432 489 3
435 494 3
436 494 3
437 496 3
496 497 3
497 498 3
504 505 3
452 510 3
453 510 3
455 513 1
463 521 3
407 465 3
408 466 3
410 468 3
412 471 3
413 471 3
414 472 3
416 473 3
426 484 3
435 493 3
436 495 3
437 495 3
441 499 3
500 501 3
449 507 3
449 508 1
450 509 2
451 509 2
515 516 3
459 517 3
461 518 3
462 521 3
406 464 3
406 465 3
465 466 3
409 466 3
412 470 3
471 472 3
472 473 3
483 484 3
484 485 3
492 493 3
495 496 3
440 499 3
507 508 1
508 509 3
509 510 3
512 513 3
458 517 3
517 518 3
461 519 3
411 470 3
499 500 3
503 504 3
456 513 0
519 520 2
520 521 3
486 487 3
518 519 3
411 468 3
470 471 3
476 477 3
494 495 3
498 499 3
510 511 3
511 512 3
516 517 3
464 465 3
410 466 3
416 474 3
505 506 3
466 468 3
474 475 3
493 494 3
502 503 3
506 507 3
433 491 3
411 469 3
478 480 3
432 491 3
491 492 3
468 469 3
473 474 3
492 550 3
513 572 3
456 572 0
466 525 3
468 525 3
491 550 3
515 572 3
469 470 3
521 579 3
508 566 3
520 579 3
466 524 3
471 530 3
501 559 3
524 525 3
472 530 3
475 532 3
489 491 3
498 556 3
511 569 3
512 569 3
474 532 3
489 547 2
497 556 3
500 559 3
502 560 3
515 573 3
517 574 3
519 577 3
482 540 3
488 546 3
491 547 3
496 554 3
498 557 3
503 560 3
504 562 3
505 564 3
506 564 3
508 567 3
509 567 3
512 570 3
513 570 3
516 573 3
516 574 3
518 577 3
519 578 3
468 527 3
469 527 3
473 530 3
480 538 3
481 538 3
481 540 3
487 546 3
488 547 2
493 550 2
495 554 3
497 554 3
499 557 3
505 562 3
520 578 3
464 522 3
465 522 3
470 528 3
471 529 3
474 531 3
478 538 3
484 541 3
493 551 2
494 551 2
497 555 3
500 557 3
500 558 3
503 561 3
507 565 3
510 568 3
569 570 3
513 571 3
465 524 3
468 526 3
527 528 3
528 529 3
486 543 1
486 544 3
550 551 3
555 556 3
558 559 3
502 559 3
560 561 3
561 562 3
505 563 3
564 565 3
565 566 1
567 568 3
568 569 3
570 571 3
571 572 3
577 578 2
465 523 3
526 527 3
474 530 3
478 537 3
483 541 3
485 541 3
485 543 1
487 544 3
487 545 3
545 546 3
494 552 2
556 557 3
559 560 3
562 563 3
563 564 3
517 575 3
578 579 3
522 523 3
529 530 3
537 538 3
483 540 3
543 544 3
544 545 3
546 547 3
551 552 3
495 552 2
557 558 3
572 573 3
573 574 3
518 575 3
525 526 3
530 531 3
554 555 3
566 567 3
578 635 2
476 532 3
477 535 3
478 536 3
541 542 1
485 542 1
495 553 2
574 575 3
535 536 3
523 524 3
531 532 3
476 534 2
477 534 2
541 599 1
547 549 3
491 549 3
552 553 3
553 554 3
534 535 3
540 541 3
542 599 3
549 550 3
579 637 3
532 534 3
536 537 3
575 577 3
570 628 3
481 597 1
572 630 3
532 591 2
538 597 1
540 597 1
542 543 3
561 618 3
532 590 2
534 591 3
536 594 1
547 606 3
549 606 3
569 627 3
570 627 3
531 589 2
590 591 3
535 594 1
543 601 3
544 601 3
531 590 2
571 629 3
530 589 2
589 590 3
537 594 1
538 596 1
544 602 3
552 611 3
555 613 2
560 618 3
571 628 3
574 633 3
575 633 3
527 585 3
530 588 2
596 597 3
601 602 3
546 604 3
550 608 3
551 608 3
553 611 3
562 620 3
566 624 3
572 629 3
526 585 3
588 589 3
537 596 1
542 601 3
547 604 3
554 613 3
556 613 2
558 616 3
563 620 3
568 627 3
628 629 3
578 637 3
522 581 3
523 581 3
535 593 1
537 595 3
549 608 3
551 609 3
552 609 3
553 612 3
554 612 2
559 617 3
560 617 3
618 619 3
563 621 3
564 621 3
565 624 1
573 631 3
524 582 3
529 588 2
593 594 1
595 596 1
540 599 1
542 600 3
545 604 3
612 613 3
556 614 2
557 616 3
561 619 3
567 625 3
567 626 3
568 626 3
522 580 3
525 582 3
525 584 3
526 584 3
528 586 3
534 593 1
594 595 0
597 599 3
600 601 3
545 602 3
545 603 3
547 605 3
549 607 3
608 609 3
552 610 3
613 614 3
557 614 2
559 616 2
561 620 3
564 622 3
565 623 3
565 682 1
566 625 3
580 581 3
581 582 3
584 585 3
527 586 3
529 586 3
602 603 3
603 604 3
604 605 3
605 606 3
609 610 3
611 612 3
617 618 3
620 621 3
621 622 3
622 623 3
623 682 1
624 682 3
625 626 3
626 627 3
572 631 3
574 632 3
577 635 3
525 583 3
606 607 3
630 631 3
573 632 3
632 633 3
575 635 3
582 583 3
583 584 3
585 586 3
591 593 1
610 611 3
619 620 3
629 630 3
607 608 3
616 617 3
624 625 3
627 628 3
599 600 3
586 588 3
635 637 2
557 615 3
597 655 2
614 615 3
615 616 3
592 593 1
631 632 3
595 654 1
597 656 2
599 656 3
637 695 3
595 653 1
632 690 3
633 635 3
591 592 3
627 685 3
628 685 3
633 690 3
594 653 2
653 654 3
635 694 3
588 645 1
596 654 2
655 656 3
602 660 3
633 691 3
633 692 3
635 692 3
582 640 3
583 640 3
586 645 1
590 649 1
591 649 1
624 683 3
625 683 3
635 695 3
593 651 1
594 651 3
596 655 2
603 660 3
611 669 3
612 669 3
621 679 2
581 640 3
599 658 3
600 658 3
600 659 3
601 659 3
602 659 3
620 679 3
622 680 2
623 680 2
626 685 3
628 686 3
691 692 3
589 647 3
590 647 3
614 616 3
622 679 2
626 683 3
628 687 3
629 687 3
630 688 3
635 693 3
694 695 1
580 638 3
581 638 3
585 641 1
585 643 3
586 643 3
659 660 3
603 661 3
604 662 3
605 662 3
605 663 3
606 664 3
612 728 3
612 671 3
613 671 3
614 671 3
614 672 3
614 673 3
616 673 3
616 674 3
617 674 2
617 676 3
618 676 2
626 684 3
685 686 3
631 688 3
584 641 1
586 644 1
592 650 1
593 650 1
660 661 3
661 662 3
662 663 3
605 664 3
607 664 3
607 666 3
608 666 3
609 666 3
609 667 3
610 669 3
669 728 3
671 672 3
672 673 3
619 676 3
620 678 2
679 680 3
682 683 3
683 684 3
684 685 3
631 689 3
692 693 3
640 641 1
583 641 1
643 644 1
644 645 3
650 651 3
654 655 3
663 664 3
607 723 3
610 667 3
671 728 3
673 674 3
674 676 3
678 679 3
623 681 2
630 687 3
688 689 3
632 689 3
693 694 3
638 640 3
588 646 3
588 647 3
647 649 1
658 659 3
664 723 3
666 723 3
666 667 3
681 682 2
641 643 0
645 646 0
591 650 1
610 668 3
619 677 3
619 678 3
686 687 3
687 688 3
646 647 3
656 715 3
656 658 3
667 668 3
676 677 3
677 678 3
680 681 3
690 691 3
658 715 3
689 690 3
641 700 0
668 669 3
649 650 3
643 700 3
594 710 2
653 710 3
638 697 3
640 697 3
651 710 3
674 733 3
676 733 3
690 748 3
691 748 3
640 698 3
641 698 0
647 705 1
651 709 3
709 710 3
655 713 3
656 713 3
668 726 3
641 699 0
646 705 1
669 726 3
695 753 3
697 698 3
699 700 3
649 705 3
649 706 3
662 720 3
663 720 3
683 741 2
694 753 1
654 713 3
656 714 3
667 726 3
673 731 3
676 734 3
682 741 3
638 696 3
643 702 1
644 702 3
713 714 3
714 715 3
663 721 3
669 727 3
672 731 3
674 731 3
733 734 3
679 737 3
681 739 3
681 740 3
684 742 3
685 743 3
696 697 3
646 704 1
650 709 3
653 711 3
654 711 3
654 712 3
658 716 3
659 717 3
660 718 3
661 719 3
662 719 3
720 721 3
664 722 3
666 724 3
667 725 3
726 727 3
671 729 3
672 730 3
674 732 3
676 735 3
677 735 3
678 736 3
678 737 3
679 738 3
680 738 3
739 740 3
682 740 2
683 742 3
686 743 3
689 747 3
692 750 3
694 752 3
698 699 3
644 703 3
645 703 3
705 706 3
712 713 3
715 716 3
716 717 3
718 719 3
721 722 3
722 723 3
723 724 3
724 725 3
725 726 3
728 729 3
729 730 3
731 732 3
732 733 3
735 736 3
737 738 3
740 741 3
685 742 3
687 745 3
688 747 3
693 752 3
752 753 1
645 704 3
704 705 3
660 717 3
719 720 3
727 728 3
680 739 3
741 742 3
688 745 3
690 747 3
691 750 3
693 750 3
693 751 3
702 703 3
650 708 3
717 718 3
730 731 3
734 735 3
686 745 3
747 748 3
748 750 3
751 752 3
643 701 1
703 704 3
649 708 3
708 709 3
711 712 3
736 737 3
738 739 3
742 743 3
710 711 3
750 751 3
700 701 1
686 744 3
688 746 3
701 702 3
744 745 3
745 746 3
743 744 3
746 747 3
706 765 3
706 708 3
728 786 3
747 805 3
748 806 3
708 765 3
753 811 3
705 763 3
706 763 3
805 806 3
729 786 3
723 781 3
724 781 3
750 806 3
722 781 3
746 804 3
702 760 0
710 768 3
711 768 3
713 771 3
724 782 3
725 782 3
746 805 3
697 755 3
698 755 3
699 757 1
700 757 1
708 767 3
709 767 3
714 771 3
714 772 3
735 793 3
737 795 3
738 797 3
739 797 3
741 799 3
742 800 2
804 805 3
750 807 3
703 762 3
704 762 3
704 763 2
767 768 3
712 770 3
715 772 3
726 784 3
727 784 3
727 786 3
731 789 3
733 791 3
734 791 3
736 793 3
736 794 3
736 795 3
738 795 3
741 800 3
745 804 3
806 807 3
752 810 3
696 754 3
698 757 1
711 769 3
712 769 3
712 771 3
715 773 3
716 774 3
717 775 3
718 776 3
719 777 3
720 778 3
721 778 3
721 779 3
722 780 3
725 783 3
727 785 3
729 788 3
730 788 3
732 790 3
793 794 3
740 797 3
740 799 3
751 809 3
753 810 0
754 755 3
701 757 3
703 760 2
762 763 3
771 772 3
772 773 3
773 774 3
774 775 3
775 776 3
776 777 3
777 778 3
722 779 3
783 784 3
784 785 3
785 786 3
731 790 3
790 791 3
743 859 2
750 809 3
809 810 3
768 769 3
769 770 3
779 780 3
729 787 3
730 789 3
734 792 3
735 792 3
794 795 3
799 800 3
742 859 2
745 803 2
750 808 3
757 758 0
780 781 3
782 783 3
786 787 3
789 790 3
791 792 3
792 793 3
795 797 3
800 859 3
744 802 2
744 803 2
803 804 3
755 757 1
701 758 0
701 760 0
763 765 3
770 771 3
778 779 3
781 782 3
787 788 3
788 789 3
743 802 3
802 803 3
808 809 3
810 811 1
802 859 3
807 808 3
765 767 3
740 798 3
797 798 3
798 799 3
758 760 2
765 824 3
767 824 3
795 854 3
797 854 3
762 820 2
763 820 3
757 815 0
760 817 2
758 817 3
757 814 0
758 815 3
760 818 2
755 814 3
814 815 3
760 762 2
763 822 3
788 846 3
799 857 3
805 863 2
817 818 3
823 824 3
768 826 3
787 846 3
798 857 3
800 857 3
806 863 2
763 821 3
765 822 3
765 823 3
789 846 3
807 866 3
820 821 3
767 826 3
769 826 3
803 861 3
804 861 3
804 862 3
805 862 2
808 866 3
760 819 2
762 819 2
822 823 3
770 828 3
797 856 3
798 856 3
800 858 3
802 860 3
803 860 3
862 863 3
754 812 3
755 813 3
818 819 3
821 822 3
767 825 3
769 827 3
769 828 3
771 829 3
772 830 3
773 831 3
774 832 3
775 833 3
776 834 3
780 839 3
781 839 3
785 843 3
786 844 3
787 844 3
794 852 3
795 853 3
857 858 3
858 859 3
859 860 3
861 862 3
808 867 3
809 867 3
810 867 3
812 813 3
819 820 3
825 826 3
826 827 3
827 828 3
828 829 3
829 830 3
830 831 3
831 832 3
832 833 3
833 834 3
777 834 3
778 836 3
779 836 3
780 838 3
782 839 3
784 843 3
793 852 3
852 853 3
866 867 3
810 868 3
813 814 3
758 816 3
779 838 3
838 839 3
782 840 3
783 841 3
786 843 3
789 905 3
853 854 3
797 855 3
856 857 3
860 861 3
863 864 3
806 864 2
807 864 2
867 868 3
811 868 0
816 817 3
824 825 3
777 836 3
839 840 3
784 841 3
843 844 3
846 905 3
791 850 3
792 850 3
793 851 3
854 855 3
855 856 3
811 869 3
777 835 3
840 841 3
844 846 3
790 848 3
792 851 3
851 852 3
864 866 3
868 869 1
835 836 3
779 837 3
789 848 3
791 848 3
834 835 3
836 837 3
784 900 3
837 838 3
841 900 3
850 851 3
815 816 3
843 900 3
848 905 3
848 850 3
848 907 3
850 907 3
846 903 3
844 903 3
846 904 3
867 925 2
903 904 3
868 926 2
840 898 3
841 898 3
864 923 3
866 923 3
867 926 2
904 905 3
858 916 3
866 925 3
869 926 3
817 875 3
818 875 3
857 916 3
863 921 3
925 926 3
816 875 3
823 881 3
844 902 3
850 909 3
851 909 3
854 912 3
863 920 3
818 876 3
824 881 3
835 892 3
835 893 3
835 894 3
836 894 3
843 901 3
902 903 3
853 912 3
855 912 3
862 920 3
920 921 3
812 870 3
813 871 3
814 873 3
815 873 3
816 873 3
824 882 3
825 883 3
830 888 3
834 892 3
837 895 3
838 896 3
900 901 3
905 907 3
850 908 3
852 910 3
853 911 3
855 913 3
856 914 3
857 915 3
859 916 3
859 917 3
860 919 3
861 919 3
861 920 3
864 922 3
870 871 3
814 871 3
816 874 3
875 876 3
819 878 3
820 878 3
821 878 3
822 881 3
881 882 3
882 883 3
826 883 3
829 887 3
829 888 3
831 888 3
831 890 3
832 890 3
833 891 3
893 894 3
836 895 3
839 896 3
839 897 3
843 902 3
907 908 3
908 909 3
909 910 3
910 911 3
911 912 3
913 914 3
914 915 3
915 916 3
916 917 3
919 920 3
863 922 3
922 923 3
873 874 3
874 875 3
819 877 3
826 885 3
828 887 3
887 888 3
831 889 3
890 891 3
834 891 3
892 893 3
838 895 3
896 897 3
860 917 3
921 922 3
876 877 3
827 885 3
889 890 3
891 892 3
894 895 3
912 913 3
869 927 3
877 878 3
888 889 3
839 898 3
841 899 3
901 902 3
923 925 3
871 873 3
822 878 3
883 885 3
828 885 3
828 886 3
895 896 3
897 898 3
898 899 3
899 900 3
885 886 3
886 887 3
926 927 3
906 907 3
917 919 3
822 937 3
878 937 3
822 938 3
937 938 3
881 938 3
905 906 3
883 942 3
885 942 3
917 976 3
919 976 3
873 930 3
882 939 3
882 940 3
883 940 3
871 930 3
881 939 3
939 940 3
908 967 3
900 959 3
901 959 3
907 964 3
907 967 3
909 967 3
922 981 3
923 981 3
885 943 3
887 945 3
906 964 3
910 969 3
911 969 3
925 982 3
925 983 3
873 932 3
886 943 3
888 945 3
891 949 3
892 949 3
897 955 3
898 956 3
907 965 3
909 968 3
910 968 3
968 969 3
926 983 3
874 932 3
876 934 3
877 934 3
883 941 3
896 955 3
897 956 3
899 957 3
900 957 3
964 965 3
965 967 3
878 936 3
940 941 3
941 942 3
893 951 3
894 896 3
896 954 3
898 957 3
904 962 3
905 964 3
912 969 3
912 971 3
913 971 3
923 982 3
982 983 3
926 984 3
870 928 3
871 929 3
874 933 3
875 933 3
936 937 3
886 944 3
886 945 3
888 946 3
889 947 3
890 947 3
892 951 3
893 952 3
894 952 3
894 954 3
954 955 3
902 959 3
902 960 3
903 961 3
903 962 3
905 963 3
914 972 3
915 973 3
916 974 3
917 975 3
919 978 3
920 978 3
921 979 3
921 980 3
922 980 3
928 929 3
929 930 3
933 934 3
877 936 3
938 939 3
942 943 3
943 944 3
944 945 3
945 946 3
956 957 3
959 960 3
960 961 3
962 963 3
969 971 3
971 972 3
972 973 3
973 974 3
974 975 3
975 976 3
920 979 3
983 984 3
926 985 3
927 985 3
888 947 3
892 1008 3
951 952 3
955 956 3
963 964 3
978 979 3
979 980 3
981 982 3
890 949 3
951 1008 3
894 953 3
961 962 3
967 968 3
946 947 3
952 953 3
957 959 3
980 981 3
930 932 3
932 933 3
967 1024 3
971 1028 3
984 985 3
949 1008 3
953 954 3
965 1024 3
969 1028 3
976 978 3
934 936 3
978 1035 3
943 1001 3
934 993 3
936 993 3
944 1001 3
976 1035 3
932 989 3
890 1006 3
982 1041 3
983 1041 3
930 989 3
949 1006 3
930 988 3
947 1006 3
959 1016 3
988 989 3
942 1000 3
949 1007 3
951 1009 3
952 1009 3
956 1015 3
957 1015 3
957 1016 3
959 1017 3
936 995 3
937 995 3
938 995 3
944 1002 3
946 1003 3
1016 1017 3
974 1033 3
975 1033 3
976 1034 3
936 994 3
939 997 3
941 1000 3
945 1003 3
960 1017 3
960 1018 3
971 1029 3
975 1034 3
929 987 3
933 991 3
933 992 3
934 992 3
993 994 3
938 997 3
939 998 3
940 998 3
1001 1002 3
944 1003 3
953 1011 3
954 1012 3
955 1013 3
956 1013 3
1015 1016 3
960 1019 3
961 1019 3
963 1021 3
964 1021 3
969 1027 3
972 1029 3
973 1031 3
974 1031 3
1034 1035 3
978 1037 3
979 1037 3
980 1039 3
981 1039 3
982 1039 3
982 1040 3
985 1042 3
928 986 3
928 987 3
930 987 3
932 990 3
932 991 3
992 993 3
994 995 3
938 996 3
946 1004 3
1007 1008 3
952 1011 3
953 1012 3
954 1013 3
956 1014 3
962 1019 3
964 1022 3
965 1023 3
967 1025 3
968 1026 3
968 1027 3
1027 1028 3
972 1030 3
972 1031 3
974 1032 3
978 1036 3
980 1037 3
980 1038 3
984 1042 3
985 1043 3
986 987 3
990 991 3
991 992 3
995 996 3
997 998 3
940 999 3
941 999 3
942 1001 3
1002 1003 3
1003 1004 3
947 1004 3
1006 1007 3
1017 1018 3
962 1021 3
1021 1022 3
1024 1025 3
968 1025 3
1026 1027 3
1028 1029 3
1029 1030 3
1032 1033 3
1036 1037 3
1038 1039 3
1039 1040 3
1040 1041 3
1041 1042 3
1042 1043 3
989 990 3
999 1000 3
1013 1014 3
1014 1015 3
1018 1019 3
1022 1023 3
1030 1031 3
1035 1036 3
1037 1038 3
998 999 3
1011 1012 3
1012 1013 3
1031 1032 3
987 988 3
1009 1011 3
1023 1024 3
1025 1026 3
1033 1034 3
996 997 3
1008 1009 3
1019 1021 3
1000 1001 3
1004 1006 3
