-0.0192702 -0.0307455 14.5497
-0.0158449 -0.0431431 14.6195
0.0168135 -0.0411769 13.282
-0.00434172 -0.0318256 14.6672
0.01672 -0.0554254 13.5766
-0.0021606 -0.0372751 14.5229
-0.0229958 -0.0175755 16.8655
-0.0230106 0.000735715 16.9157
-0.0530903 0.0168414 21.5635
-0.0251115 0.0145151 15.8952
-0.0214886 -0.0122949 15.7059
-0.0294874 -0.0216208 17.8584
-0.0419739 -0.0311454 21.261
0.0968387 0.449954 -16.4953
-0.0355197 -0.0246711 31.9158
-0.0659331 -0.0513933 41.9273
-0.0530581 -0.0424047 36.764
-0.0533588 0.0100972 36.0491
-0.0546385 -0.0157914 36.6758
-0.0931017 -0.0253178 52.3911
-0.0384262 -0.0360743 27.7296
-0.000467861 -0.0691238 10.9043
-0.00431897 -0.106671 13.5744
-0.0243168 0.059298 16.8775
0.0257069 -0.202061 -1.48414
0.0319081 -0.199622 -4.30637
0.0671926 -0.124439 -26.3502
0.066259 -0.0964702 -25.6472
0.0791649 -0.0713703 -33.0559
0.0804922 -0.0839313 -33.7102
0.0364793 -0.0167921 -6.41824
0.0175201 0.00301133 5.64575
0.018388 -0.0014639 5.18846
0.0199357 -0.00562822 4.2191
0.0144 0.0108616 7.73807
0.0264545 -0.00153935 -1.16698
0.0852927 0.0214012 -33.9292
0.413542 -0.0936057 -310.566
0.0791704 -0.00543216 -36.1526
0.091098 -0.0588707 -45.4133
0.0399259 0.00166519 -2.16702
0.0217496 0.0444627 12.3415
0.0511176 -0.0473791 -8.63461
-0.00934099 0.0145111 45.8347
-0.0370918 0.0241679 72.4578
-0.0928449 0.0207676 125.261
0.0229788 -0.0103385 10.0061
0.0376774 -0.162015 -3.19513
0.0598523 -0.206804 -26.1361
0.0666842 -0.244247 -32.9939
-0.0660716 0.061147 78.4238
-0.0364354 -0.137033 50.0969
-0.00818299 -0.0342217 17.6003
-0.024227 0.0201177 29.9614
-0.0124456 -0.00651159 16.9078
-0.012316 0.0120589 16.2953
0.628773 0.0856983 -760.571
0.0139559 0.0095608 -15.104
-0.0100387 -0.028067 14.4745
-0.0312531 -0.0245846 14.9639
0.0107228 -0.0242715 12.3575
0.00379788 -0.0246709 13.5992
-0.000775546 -0.0230853 13.9099
-0.025253 -0.0270082 17.3804
-0.00978045 -0.0392921 15.787
-0.0241936 -0.0429103 17.7905
-0.0204659 -0.030434 16.8904
-0.0278614 0.0128338 16.5825
-0.0304914 -0.0116721 17.6724
-0.0376478 -0.0253175 20.0346
-0.12672 -0.23529 51.0418
-0.0273688 -0.0340155 16.5273
-0.0570173 -0.02216 38.7122
-0.00693067 -0.0970385 13.5493
0.00852408 -0.049808 6.07615
-0.0413892 -0.0423041 32.3666
-0.0504805 -0.0348846 35.6247
-0.0796783 -0.0268818 47.5974
-0.0970202 -0.0297246 53.9915
-0.024405 -0.0526136 21.6348
-0.038477 -0.0394745 28.0377
-0.0824968 -0.0399087 48.7583
0.0109641 -0.0176323 1.87134
0.0275807 -0.0355044 -6.67889
0.0560864 -0.0224818 -23.2063
0.0808068 -0.0854538 -34.7202
0.0827556 -0.100957 -35.3637
0.0793327 -0.0262514 -33.6327
0.0277261 -0.0113298 -0.6971
0.0244274 -0.00794786 1.34877
0.0171816 -0.00372062 6.19879
0.0158461 -0.00869605 7.38673
0.00980564 0.00376909 11.4323
0.0193589 -0.00153676 4.2105
0.0561598 -0.0169819 -24.621
0.126943 -0.0396885 -79.1548
-0.211982 -0.0349327 200.326
-0.20542 -0.0370223 194.711
0 0 -1
0.0777751 -0.00221501 -35.4035
0.0712294 -0.0249957 -27.7863
0.0109734 0.00959114 26.9063
-0.0241082 0.0113139 59.8605
-0.102314 0.15508 131.117
-0.0138478 0.0488597 17.0319
0.0165039 -0.0365281 -11.5869
0.0161373 0.0390817 -13.4331
0.558345 -0.0123816 -588.856
0.00942605 0.0734207 -9.53962
0.0065148 0.0704215 -5.95918
-0.0254457 0.0570489 31.2257
0.449164 -0.0350457 -520.067
-0.0266603 0.0141294 33.3432
-0.0318662 -0.00353673 39.496
0.0177931 -0.00747635 -18.9875
-0.0216807 -0.00573278 29.2012
0.0237081 -0.0336494 14.5124
-0.0163567 -0.0129626 13.9403
0.0109919 0.000165157 10.6076
0.0179713 -0.0271715 12.6641
0.00189506 -0.0161155 13.8369
-0.0448171 -0.0490907 20.2632
-0.0159088 -0.0581657 16.635
-0.0297847 -0.046878 18.4783
-0.00609124 -0.0433505 14.6333
-0.00613444 -0.0250074 13.7476
-0.0127902 -0.0245818 15.0171
-0.0209285 -0.00377744 15.1799
-0.0357388 0.0312824 16.4081
-0.0461723 0.038041 18.8893
-0.0193711 0.0148988 12.2528
0.000623491 -0.0295096 8.14166
-0.00593765 -0.016222 9.75465
0.0260792 -0.0376809 -0.70501
0.0668627 -0.126644 -8.20734
-0.0778002 -0.023 46.2409
-0.0919892 -0.0294314 51.8134
-0.0293691 -0.0544928 24.1511
-0.0260033 -0.0512575 22.8638
-0.453009 -0.0682884 235.173
0.0452007 -0.0404145 -15.5755
0.0418786 -0.0409524 -13.7841
0.0557805 -0.0235461 -22.9002
0.0416557 -0.0625432 -12.6058
0.0209612 -0.0761229 0.444755
0.299007 -0.282122 -162.773
0.0393962 -0.0399885 -7.02697
0.0430347 -0.0335582 -9.965
0.0172612 -0.0161922 6.79348
0.0126511 -0.0290116 10.7923
0.0202986 -0.0113746 4.31137
0.00947376 -0.00404475 11.9065
0.0347867 -0.0273517 -6.84178
-0.134902 0.00442401 134.228
-0.196625 -0.0246811 186.014
-0.194108 -0.0259508 184.599
0.0713571 -0.019836 -29.0811
0.0929254 -0.0285584 -48.2713
0.086925 -0.0113406 -43.1219
0.0255947 -0.00395373 14.0859
0.00012817 0.000979797 37.1396
-0.0146364 0.027576 19.5362
-0.0171142 0.0350349 21.0991
-0.00113149 0.0577169 3.78783
-0.000915521 0.0805366 2.50037
0.0175394 0.0556751 -15.5395
0.00502043 0.101752 -4.73243
-0.0117606 0.0997345 14.0967
0.0201185 0.0357705 -17.3385
0.000896869 0.00356154 0.873547
-0.0435975 0.0179533 52.625
0.176181 0.208834 -220.229
0.257 0.0332973 -311.455
0.203635 -0.146739 -239.302
0.0157287 -0.0181287 12.9265
0.0143907 0.0214396 10.0766
-0.00759287 0.0472418 8.55856
0.00330268 0.00524425 11.7122
-0.0128759 -0.0149564 14.3561
-0.0352121 -0.00655742 15.5317
-0.00532222 -0.0303991 12.815
0.00971484 -0.0252691 10.6689
0.00584859 -0.0388985 12.1707
-0.0171415 -0.0345147 16.1122
-0.0121925 -0.0324397 15.4787
-0.00797151 -0.0272413 13.2962
-0.0283144 0.00532016 17.2337
-0.0681616 0.0151432 27.0999
-0.0414912 -0.000573561 19.9858
-0.00864649 -0.000591395 9.72923
-0.00740339 -0.0140016 10.3977
-0.00505382 -0.021316 10.1057
-0.0109525 -0.0301064 13.3214
-0.0584134 -0.00862702 37.164
0.0150708 -0.0145129 -0.531235
-0.0209875 -0.0446856 19.771
-0.0480381 -0.0164107 31.0348
-0.00148346 -0.0301829 8.25547
0.0358248 -0.0160128 -12.0425
0.05387 -0.0115718 -22.4108
0.0306145 -0.0209292 -8.70771
-0.00362934 -0.0347098 12.446
0 0 -1
0.15294 -0.0943862 -81.3036
0.119766 -0.118908 -55.9405
0.098242 -0.139749 -40.3293
0.0394082 -0.0618146 -5.49184
0.0238912 -0.0493944 4.23496
0.0235352 -0.0518524 4.94166
0.00511753 -0.0212439 16.4498
0.022783 -0.0171582 2.04481
-0.167222 0.00615201 160.034
-0.0809854 0.000458174 90.8923
-0.188046 -0.0125638 178.075
0.0524907 -0.00492532 -13.7738
0.0699608 0.00200637 -30.193
0.0834491 -0.00272797 -40.7371
0.0248857 0.00814836 13.4303
-0.0288187 -0.000280369 64.8491
-0.003995 -0.0192229 12.2072
-0.00883198 0.0164328 14.4286
0.0137018 0.0141679 -8.21062
0.0209136 0.0275582 -17.1749
-0.00780505 0.0338038 12.9224
-0.014622 0.0527396 19.7851
-0.021114 0.0376252 28.4724
-0.0343508 0.0578189 42.1901
-0.0497929 0.0559875 60.3678
-0.0262289 0.00904063 33.4392
-0.00412938 0.00361501 6.41726
0.00362065 0.0187688 -3.67867
0.0158388 0.00856913 -17.8567
0.0243735 0.0489583 7.14572
0.00468564 0.0366408 9.2916
-0.00612054 0.0459528 9.0124
-0.00725132 0.0165846 11.4813
-0.015968 -0.0140302 14.9721
-0.0328166 -0.0108474 15.4589
-0.0162949 0.0127479 11.3446
0.00401921 0.0205192 7.69079
-0.000878245 0.00552111 9.62903
-0.0113457 0.0176052 10.4206
-0.0264082 0.00107506 15.6416
-0.0118642 -0.0164788 13.8819
-0.00528003 -0.0285998 13.2313
-0.0365461 -0.0273829 21.5689
-0.0315075 0.00158209 16.8945
-0.0091512 -0.0140138 10.9616
-0.00485932 -0.00702831 8.92704
-0.0166544 -0.0183685 14.5143
-0.0131791 -0.0267731 13.9527
-0.0266562 -0.0173786 18.1754
-0.00670008 -0.0111598 8.4819
0.00689858 -0.042904 5.87747
-0.0070694 -0.0168722 11.9267
0.00213895 -0.00714199 5.29059
0.0379361 -0.010677 -13.513
0.0297897 -0.0171209 -8.39549
0.0210697 -0.0239919 -2.69487
-0.00566355 -0.0233335 12.8952
0.00725797 -0.0322145 5.336
0.0918551 -0.0546244 -45.6676
0.121319 -0.0738948 -62.2123
0.0833202 -0.111798 -33.005
0.0602499 -0.12274 -14.9169
0.0532551 -0.106442 -11.9771
0.0745501 -0.100376 -29.1008
0.0157133 -0.0485532 10.4053
0.0348586 -0.0788828 -7.14634
-0.0986057 0.0102451 103.488
-0.181323 0.0251567 170.672
-0.23754 -0.189072 235.14
0.0535012 0.00673253 -15.6508
0.0796063 0.00278039 -38.6358
0.117971 -0.00214529 -72.4622
0.0622116 0.00344625 -21.3473
-0.00248347 0.0312672 5.15426
0.0106897 -0.0152026 -3.04461
0.00256232 -0.0145073 4.81986
0.0259499 -0.00401846 -19.9939
0.0233787 0.00247437 -17.6843
0.0202389 0.0179538 -15.8233
0.0161281 0.0202761 -11.6366
0.0124103 0.020004 -7.52202
-0.00542306 0.019202 12.6686
-0.0303783 0.0334113 39.6284
-0.223314 0.0501898 263.189
0.332165 0.0877691 -401.207
0.0104761 0.00279147 -3.72913
0.00551943 0.0102341 1.54239
0.00283783 0.0337824 9.6761
-0.0210217 -0.0101306 15.511
-0.0239378 0.00293897 14.1841
-0.0229364 -0.00568736 14.4519
-0.0288194 -0.00982413 15.562
-0.024004 0.00833679 13.405
-0.0329318 -0.00421302 16.4862
-0.00577759 0.00123306 11.4448
0.040134 0.030677 -0.505076
-0.0343231 0.0487134 12.0061
-0.0337574 -0.0290715 21.0019
-0.0373495 -0.040149 22.7391
-0.0370541 -0.0565739 24.6807
-0.0231403 -0.0353934 18.3847
-0.0134889 -0.0301923 14.8785
-0.0176934 -0.0112607 13.7318
-0.00871365 -0.0126158 11.2701
-0.0143293 -0.0157242 13.3257
-0.0274628 -0.0217365 19.3609
-0.0350856 -0.0123146 21.3584
-0.0130905 -0.0185275 12.3301
0 0 -1
0.0208295 -0.0647829 2.45805
0.0164875 -0.0239378 0.0135358
0.0225286 -0.0224562 -3.85457
0.022715 -0.0362127 -2.38427
0.0279144 -0.048993 -3.9912
0.00147238 -0.0157989 7.57295
0.0035297 0.0191721 0.94899
0.0756026 -0.0447832 -36.0375
0.0953416 -0.061209 -46.0261
0.0615884 -0.0946073 -19.8272
0.0639397 -0.0973177 -21.6612
0.102395 -0.108875 -48.8744
0.0840657 -0.120745 -34.2327
0.122705 -0.0438963 -71.655
0.0524301 -0.0423158 -25.3213
0 0 -1
-0.111471 0.0272198 112.265
-0.0570061 0.0228602 67.9992
0.0663238 0.0201675 -28.6466
0.107548 -0.0232511 -60.9984
0.14743 0.0028727 -99.9959
0.0720581 0.00317493 -30.4096
0.00557183 0.00602119 31.5424
0.00504195 0.000321571 0.813282
0.010492 0.00999137 -5.82753
0.0347909 0.0280528 -32.48
0.0228251 0.0132374 -18.1807
0.0206923 0.0110093 -15.6271
0.015145 0.0131611 -9.99592
0.010132 0.00964305 -3.94649
-1.25705e-05 0.00570882 7.85234
-0.00971391 0.0228518 16.79
-0.020368 0.0442742 26.402
0.0647026 0.0712894 -77.9748
0.0252689 0.00358915 -21.6816
0.00564035 0.00656162 1.81336
-0.0302148 -0.0235876 17.4859
-0.01917 -0.0338307 18.4633
-0.0123362 -0.0367909 18.8033
-0.0303205 -0.0174572 17.1637
-0.000129987 -0.0168411 13.199
-0.0186562 -0.0260231 16.8477
-0.0280595 -0.019379 16.8972
-0.0151263 -0.0088337 13.7378
0.0976188 0.00602051 -7.18081
0.0455348 0.0654381 -3.86294
-0.0338568 -0.0503412 23.3291
-0.0316137 -0.0553665 22.9998
-0.020048 -0.040799 18.062
-0.0186261 -0.043441 17.9338
-0.00857407 -0.0343822 14.2054
-0.0219512 -0.0147449 15.5008
-0.0108144 -0.0168729 12.1964
-0.0205595 -0.0278278 17.2443
-0.0335663 -0.0356276 23.1608
-0.0175136 -0.0245942 15.1811
-0.0145219 -0.0218196 13.507
0 0 -1
0.00382158 -0.0483359 8.29575
0.014578 -0.0386376 2.35603
0.0121063 -0.0683978 6.54834
0.0347835 -0.0789611 -4.37568
0.027436 0.0172394 -12.6743
0.0356302 0.0144276 -16.6502
-0.0101931 0.0577094 5.27116
0.00733979 -0.008501 2.65981
0.0613624 -0.0834733 -21.6347
0.0533368 -0.09821 -14.5121
0.0680058 -0.0910474 -25.909
0.0506453 -0.0737433 -15.4654
0.132015 -0.012129 -82.8481
0.114571 -0.00965105 -69.9569
0.0237368 -0.0259486 -4.73822
0 0 -1
-0.00350156 0.0095984 25.5364
0.0322938 0.0404311 -32.2898
0.053459 0.0479465 -51.9733
0.118063 -0.0188841 -70.6208
0.0739669 0.0107143 -33.2571
0.0325391 0.00287436 6.54989
0.013417 0.00474409 24.2229
0.0218282 0.00887764 -16.7151
0.0199542 0.0379976 -18.6401
0.0243057 0.02592 -21.1745
0.0108523 0.0203407 -6.45548
0.0133701 0.0147124 -8.32275
0.0103688 0.00675875 -4.00915
0.0103949 -0.00266473 -2.73172
0.00790588 0.00436378 -0.960931
0.00520112 0.00962854 1.26715
0.0156189 0.0252444 -12.8974
0.0262196 0.024053 -25.4875
0.0163325 0.0140963 -12.2359
0.000331274 0.0111076 7.77547
-0.00982601 -0.049411 21.1708
-0.0363842 -0.0531288 21.7903
0.0369554 -0.0546111 18.8438
-0.0292745 -0.0268983 18.2935
-0.0127389 -0.0243963 16.084
-0.00105671 -0.000731777 10.11
-0.0275532 -0.0126369 15.7489
0.00157006 -0.0144126 11.7224
-0.0147879 -0.0174563 15.4194
-0.0123117 -0.110768 27.4857
-0.0330491 -0.0294341 18.7447
-0.0268524 -0.0399621 19.5221
-0.0127218 -0.0513856 17.5522
-0.00998805 -0.0356767 14.1097
0.0090086 -0.0208318 6.23291
-0.00487737 -0.0258844 11.2011
-0.0199606 -0.00737901 13.8666
-0.0346137 -0.0168733 20.723
-0.0163948 -0.0283663 15.1974
-0.00619018 -0.0249308 10.5914
-0.0140858 -0.0214673 13.4249
-0.0186749 -0.0290333 16.3701
-0.0114371 -0.0154901 10.7197
-0.00912278 -0.000394664 6.72468
-0.00412661 -0.0177432 6.6486
-0.0445333 -0.0293899 30.4373
0.113427 -0.146242 -38.1412
0.0609038 0.0507169 -36.2482
0.0194599 0.0547296 -12.5337
0.0471546 -0.0619763 -15.8734
0.0657543 -0.0129292 -36.1477
0.0398009 -0.00243175 -19.9058
0.068861 -0.0465407 -33.6821
0.00664525 0.0272108 -4.10949
-0.0115985 0.0160134 11.2186
0.196263 0.0215494 -136.81
-0.109885 0.0418653 83.4998
0.017071 0.00547004 9.11365
0.0157168 -0.00197086 11.4849
0.0528191 0.0351466 -49.3667
0.046048 0.0358997 -42.9116
0.053459 0.0479465 -51.9733
0.0518228 0.00485432 -11.9613
0.0413987 0.00707955 -2.41794
0.0100204 0.00155431 27.964
0.0484855 0.0115491 -43.2063
0.0300696 0.0161051 -25.298
0.0196206 0.00600033 -13.1215
0.00716643 0.0109452 -1.08146
0.00575321 0.00945655 0.589217
0.00680498 0.00783259 -0.208363
0.00570494 0.00354862 1.60797
0.00888195 -0.000134511 -1.35957
0.00490957 0.0142227 0.864137
0.022992 0.0117626 -19.7598
0.0165161 0.014281 -12.2811
-0.00734036 0.00509116 18.0408
0.00331632 0.00341389 5.29034
-0.011822 -0.107333 30.4717
-0.0330702 -0.0634985 22.8729
0.0463562 -0.0212582 12.2232
0.0187602 0.0200494 6.7445
-0.0261883 0.00178731 13.4136
-0.0306736 -0.0169606 17.2231
0.00953644 0.0235062 2.59343
0.0492083 0.00783218 -0.371514
-0.0057449 -0.00360212 11.3864
-0.067985 0.0139088 18.8449
-0.0224613 -0.000923838 11.5711
-0.0406865 0.0072222 14.7765
-0.0381385 -0.0121533 17.554
0.00579625 -0.000907037 3.55594
0.0144164 -0.00386094 1.47075
0.00870057 -0.000680092 2.9763
-0.0344551 -0.00918942 19.7694
-0.0231033 -0.00536217 14.2932
-0.0288105 -0.0112375 17.3333
-0.00400738 -0.012593 7.4221
0.000165933 0.0114224 1.27888
-0.0145987 -0.00271761 10.2627
-0.00256388 0.0490932 -4.74762
-0.0130986 0.056802 -1.43258
-0.00931597 0.200212 -28.7173
-0.0107697 0.256136 -38.2064
0.0293038 0.230403 -55.0966
0.0182272 0.024824 -6.90065
0.000658718 0.0211321 4.64265
0.0861191 0.0349907 -57.2238
0.0869363 0.119458 -73.3303
0.0858616 0.0735045 -64.7385
0.0850914 -0.00346353 -50.3144
-0.0808669 0.0577952 54.9382
-0.00167575 0.0618549 -4.06942
0.0287539 0.0151749 -7.99188
-0.0854132 0.0645441 60.6391
0.00960475 0.00635383 15.2154
0.0133056 0.00274396 12.7366
0.0655255 0.0582741 -64.3226
0.0431244 0.0375395 -40.7908
0.0459429 0.0423872 -44.2649
0.0605226 -0.00876233 -17.7082
0.0350325 -0.000162541 4.69691
0.00772595 -2.50604e-06 30.3408
0.0416678 0.00556049 -35.429
0.0347175 0.00259474 -27.8013
0.0124265 -0.00703185 -3.59796
0.0141943 -0.0117013 -4.57126
0.00848171 0.00676692 -1.92959
0.00809386 -0.000984105 -0.131151
0.00798789 -0.00301771 0.274807
0.00464942 0.00252141 2.94783
0.0183033 0.00245096 -12.6124
0.019284 -0.00621489 -12.2126
0.0223478 -0.000586415 -16.7239
0.00294798 -0.00441436 7.16723
0.00719292 -0.00092456 1.41653
-0.0419947 0.101695 -10.5266
-0.0480757 0.00390181 9.60041
0.0680973 -0.0248411 10.8424
0.0152474 0.0406721 2.67964
-0.0380822 0.016278 10.7208
0.0125343 0.0333782 1.11894
-0.0146514 0.0433912 2.30155
0.0255052 0.0545527 -5.37663
-0.0100961 0.0501362 1.82687
-0.0590943 0.179687 -16.2038
-0.021464 0.0849543 -5.16292
-0.0230279 0.0725736 -2.0718
-0.00682269 0.289326 -50.879
0.00868839 0.349461 -67.8656
0.029286 0.348542 -73.8526
0.0158198 0.340101 -67.8948
0.0145035 0.33895 -67.629
0.00379175 0.362789 -68.399
0.0228047 0.416036 -86.368
0.0148409 0.422882 -84.4958
0.0241323 0.486821 -101.74
0.0209436 0.556156 -114.6
0.0352926 0.55127 -120.503
0.0262849 0.354487 -77.001
-0.0141161 0.27277 -38.9712
0.000595359 0.2869 -50.2045
0.0494194 0.246747 -70.0005
0.013886 0.251891 -49.9801
0.00733329 0.0728625 -10.1343
0.00589969 0.297602 -55.3908
0.0392026 0.239989 -64.1681
0.0612903 0.213086 -74.1899
0.0350341 0.237798 -60.7372
0.00453789 0.326492 -56.5949
0.0610408 0.245688 -80.4918
0.041335 0.115673 -38.0986
0.0235109 0.232458 -49.1629
-0.00221307 0.000822235 26.0922
0.022778 -0.0164909 8.69148
-0.237112 -0.0185372 226.437
0.0464373 0.0391643 -44.1396
0.00920923 0.410321 -77.3934
0.0717938 -0.00038984 -30.0633
0.0477153 0.00522446 -8.38621
0.00275409 0.00239097 34.5185
0.0393055 -0.00754689 -30.667
0.0187871 0.00597079 -12.5643
0.00729564 0.00676566 -1.14215
0.0191439 -0.00932544 -10.3083
0.0100853 -0.00585649 -1.18923
0.00232417 -0.00493917 6.9571
0.00350971 -0.00529707 5.57841
0.0140656 -0.0002061 -7.28241
0.0170376 -0.00963225 -8.7358
0.0155883 -0.00269833 -8.56967
0.0168288 -0.00708213 -8.96293
0.00381025 0.000912505 5.17233
0.00728493 -0.0057711 2.23506
-0.0202697 0.148995 -20.9982
-0.0621239 0.153726 -20.878
0.00307236 0.31438 -59.6037
0.0122932 0.121123 -15.6044
-0.0393234 0.041465 6.25572
-0.00243182 0.0972267 -10.1053
-0.00347409 0.0777689 -5.50749
0.0123915 0.078077 -8.04899
0.111608 0.134337 -36.6659
-0.0185049 0.0310546 13.0578
-0.0396815 0.0994044 1.78523
0.00194792 0.353056 -67.1431
0.0089994 0.32942 -63.2561
0.0246288 0.33014 -67.8439
0.025208 0.308742 -63.042
0.0236927 0.366671 -75.9437
0.0456771 0.653532 -147.355
0.0147406 0.366248 -73.2569
0.0126367 0.213906 -31.8466
-0.0437763 0.116099 14.7166
0.0143192 0.382589 -75.0772
-0.011373 0.251857 -33.7617
-0.0312056 0.260857 -27.2707
-0.017392 0.291315 -41.2535
-0.00370057 0.316204 -53.896
-0.00713143 0.307384 -50.0842
0.000573225 0.316823 -56.3652
0.00663334 0.32164 -60.9162
0.000970647 0.319084 -57.0596
0.00473538 0.316005 -58.837
0.040967 0.28102 -74.3534
0.0332281 0.285017 -69.8868
0.0385308 0.29538 -75.9549
0.0460921 0.269127 -75.2813
0.0627748 0.25043 -83.1555
0.0682782 0.212761 -78.4677
0.0485081 0.252463 -72.6206
0.0301307 0.270555 -61.6848
0.0144577 0.310959 -57.5783
0.00265048 0.361993 -60.0258
-0.00215342 0.405115 -66.2244
0.001777 0.453008 -80.8139
0.0729608 0.0783822 -49.1472
0.0427871 0.0254333 -8.56978
0.00414345 0.050237 22.323
0.00125067 0.0206157 32.0492
0.00300886 0.365264 -61.1085
-0.00643013 0.025702 8.85397
0.00908701 0.0031085 -2.38992
0.00746787 -0.0155628 3.57317
0.00758065 -0.0216539 4.81698
0.0107823 -0.00918678 -1.59503
0.0155169 -0.00783875 -7.21915
0.0087059 -0.01093 1.24482
0.018322 -0.0169115 -8.4918
0.0150682 -0.0142059 -5.36794
0.0156251 -0.014674 -6.01701
0.0103251 -0.00136704 -2.43104
0.0116588 0.35142 -69.762
-0.00654139 0.281748 -52.7265
0.0240223 0.353533 -70.2346
0.103849 0.45805 -104.79
0.0232222 0.330436 -64.4522
0.0212502 0.329066 -63.7638
0.0378746 0.445187 -95.712
0.0278413 0.31237 -61.3987
-0.0206848 0.267042 -41.9383
-0.0139339 0.307805 -53.4386
0.0218027 0.348832 -71.659
0.0274547 0.385275 -81.9665
-0.00659618 0.36859 -68.908
0.0106106 0.321491 -62.01
0.0276445 0.280562 -57.3039
0.0618299 0.2984 -72.6974
-0.019566 0.255202 -29.0394
-0.0324516 0.281049 -31.1874
-0.0334229 0.213494 -13.9006
-0.0506442 0.185121 0.390073
-0.0509688 0.232418 -11.3867
-0.0293035 0.26139 -28.4886
0.00601484 0.309938 -57.193
0.00256139 0.323446 -58.793
-0.0024959 0.324325 -56.2486
0.000665635 0.32232 -57.5172
0.00912633 0.327513 -63.518
-0.0033463 0.325748 -55.887
0.00203609 0.325634 -59.1298
-0.00173566 0.326172 -57.0361
0.0141167 0.31657 -65.0727
0.0475878 0.286342 -79.9105
0.045464 0.293513 -79.8648
0.0362329 0.313587 -78.3805
0.0237184 0.311339 -68.7115
0.0513137 0.266034 -78.5801
0.0653626 0.242146 -83.6306
0.0616987 0.249707 -81.8082
0.0798634 0.245582 -95.601
0.0510418 0.268241 -77.0563
0.0174834 0.374207 -75.2615
0.0387828 0.399924 -101.339
0.0490601 0.180054 -51.2631
0.0446361 0.137637 -36.8992
0.00620851 0.158868 -6.06736
-0.0605011 0.142027 62.1316
-0.00557463 0.349791 -46.5918
-0.0206924 0.405221 -45.9314
-0.0130279 0.373567 -45.6157
-0.0168339 0.345771 -35.5696
0.00245672 0.293148 -42.8445
0.00284967 0.342577 -55.2482
0.0153247 -0.0181993 -4.60762
0.0104435 -0.00934842 -1.1338
0.00372358 -0.0314711 12.0759
0.0132199 -0.0209371 -1.77839
0.0318787 -0.0277998 -22.7988
0.0464879 -0.00992753 -45.0259
0.0153759 0.334644 -65.1623
0.0272174 0.336531 -66.0957
0.00476215 0.291171 -52.2007
0.00309452 0.281613 -49.826
0.00567515 0.297144 -54.5178
0.0118668 0.276796 -49.013
-0.00147495 0.266369 -44.5707
-0.0131896 0.283323 -47.1185
-0.0148934 0.277589 -45.3568
0.00688595 0.305419 -57.1644
0.0592508 0.373124 -86.6519
0.0403998 0.481303 -110.256
0.0669647 0.637945 -159.057
0.107343 0.474418 -125.525
-0.0896808 0.0749823 45.3715
-0.0941042 0.154076 24.3206
-0.0455326 0.227275 -12.6083
-0.04424 0.223298 -12.308
-0.0214888 0.251936 -29.1823
-0.0245184 0.266845 -31.9953
-0.0100879 0.294474 -45.6881
0.0012163 0.322488 -58.1234
0.0092755 0.329391 -63.6557
0.00251135 0.317961 -57.178
-0.000671186 0.331225 -59.0279
-0.00156457 0.324218 -56.7382
0.00900515 0.323026 -62.2957
-0.00386314 0.325779 -55.6782
0.00115922 0.322 -57.5878
-0.00234417 0.328422 -57.1469
-0.00405917 0.32744 -55.6571
0.0114922 0.309209 -61.1976
0.0584532 0.277231 -84.9559
0.0404207 0.302078 -78.2616
0.0292204 0.319933 -74.9501
0.0212669 0.311824 -66.9044
0.0520847 0.27931 -82.5895
0.0568307 0.27487 -85.4612
0.0689057 0.237884 -85.4462
0.0664035 0.242799 -83.8314
0.0736752 0.231336 -87.2713
0.0769273 0.26569 -99.1341
0.0665129 0.203534 -72.1035
0.0273324 0.219329 -40.6896
0.0193005 0.209565 -30.5276
-0.0303065 0.263259 2.35862
-0.00139828 0.28856 -33.9187
-0.00466201 0.377133 -55.1518
0.000948306 0.365282 -58.3188
0.018665 0.333295 -68.0419
0.000514814 0.168542 -3.99152
-0.012424 0.378106 -47.3765
-0.0143354 0.381787 -46.4214
0.0072506 0.362928 -65.8968
0.013885 0.248456 -43.3335
0.0221205 0.182181 -35.3518
0.0314602 0.174204 -44.7355
0.0566774 0.123188 -62.0914
0.0175685 0.315842 -59.8334
0.0134722 0.298692 -54.6166
0.0012615 0.284292 -50.3651
0.0167086 0.277829 -49.4158
0.000368202 0.287826 -51.0437
0.0152608 0.276575 -49.5895
0.00741904 0.275418 -48.0071
-0.0173236 0.320339 -56.796
-0.00426373 0.309523 -55.9252
-0.0367481 0.351796 -61.4078
-0.134612 0.351213 -30.9166
0.0199278 0.382097 -76.2347
0.0109749 0.299973 -49.9479
-0.0297498 0.207239 -11.2966
-0.0661455 0.14849 16.8977
-0.0618078 0.187318 3.95611
-0.0334998 0.227839 -17.662
-0.006705 0.287289 -44.8801
0.000302559 0.30245 -52.208
-0.00331741 0.306718 -51.7764
0.00055616 0.316676 -56.1265
0.010889 0.324879 -63.0366
0.00485368 0.321025 -59.1461
0.00558391 0.318317 -58.7142
-0.00399036 0.319119 -53.8237
-0.00282133 0.325147 -56.3865
-0.00557143 0.314601 -51.7541
0.00582407 0.320567 -59.9179
-0.000621121 0.323822 -56.8808
-0.00346862 0.324025 -55.1466
-0.00114764 0.323778 -56.6021
0.00466119 0.305471 -55.1798
0.0303461 0.297472 -70.8643
0.072277 0.262627 -90.6428
0.0613326 0.298638 -92.5271
0.0283403 0.325587 -75.8755
0.0250436 0.297699 -65.9042
0.0263948 0.333647 -77.1284
0.0440254 0.30233 -82.5988
0.0687513 0.2556 -90.0602
0.080387 0.247229 -98.2403
0.0965408 0.201777 -99.6051
0.0666096 0.190652 -69.3597
0.0577482 0.183546 -58.7882
0.0511716 0.234081 -67.0379
0.0840866 0.121668 -64.6946
0.0760626 0.0927949 -47.1062
0.0567613 0.108062 -32.2469
0.0874455 0.14572 -75.0197
0.0781241 0.196043 -78.9153
0.0829443 0.131986 -65.4956
0.00946543 0.3346 -59.6625
0.0110824 0.359978 -68.7965
0.0977592 0.34652 -164.715
0.0871555 0.0487819 -64.75
0.0634042 -0.0746164 -1.03772
0.0404648 -0.0855152 30.1945
0.0337694 -0.0803676 36.8536
0.00691613 0.297608 -54.2365
-0.00556749 0.28355 -49.7196
-0.00633453 0.305145 -56.1697
-0.00899238 0.266743 -44.0695
-0.0106851 0.24898 -38.8069
0.111094 0.724369 -196.821
0.0708716 0.74659 -199.17
0.0151386 0.667475 -165.799
-0.0376425 -0.00593799 61.7462
-0.0374638 -0.0566919 77.5219
-0.0441877 0.276988 -29.0528
-0.0351086 0.257089 -24.9195
-0.0439312 0.225968 -13.2336
-0.0501315 0.19889 -3.12127
-0.0379976 0.228297 -16.2018
-0.00291625 0.279454 -43.6451
0.00547351 0.31324 -57.2622
0.0109473 0.322211 -62.1182
0.00640264 0.323932 -60.7885
0.00561998 0.32631 -61.1947
0.00503565 0.327708 -61.338
0.00370451 0.318168 -57.7501
0.00656652 0.326345 -61.6313
0.00339987 0.324777 -59.5618
5.86479e-05 0.322338 -57.058
0.00829146 0.315029 -59.2527
0.00185302 0.330496 -60.6113
0.000170393 0.319725 -56.0351
0.00186757 0.321358 -57.7378
0.00324198 0.324413 -59.4812
-0.00317892 0.322557 -54.8411
-0.00496511 0.319081 -52.6486
-0.00118428 0.315962 -54.1621
0.013972 0.30513 -61.752
0.0882572 0.253108 -99.472
0.144797 0.208815 -127.871
0.223361 0.123833 -161.042
-0.0287032 0.378132 -45.274
0.0380844 0.344586 -90.5
0.0308006 0.326328 -78.5342
0.0363014 0.312453 -79.199
0.0719546 0.25129 -92.2876
0.0742343 0.234855 -89.8189
0.0798749 0.226788 -93.2503
0.11183 0.229223 -124.488
0.0835862 0.165364 -76.4591
0.0706849 0.147541 -58.403
0.0729849 0.140099 -58.6778
0.102234 0.123633 -83.7776
0.0940225 0.128604 -76.0846
0.102501 0.134945 -88.4921
0.141727 0.121883 -126.974
0.219389 0.0383363 -186.325
0.0962859 -0.0222969 -25.5194
0.120989 -0.0509917 -45.0837
0.0989449 -0.0744537 -11.0929
0.218826 0.000128622 -184.485
0.217923 -0.0396339 -170.296
0 0 -1
0.104788 0.550967 -139.525
0.133986 0.570209 -147.306
0.0528007 0.465002 -107.06
0.0683435 0.468042 -109.439
0.0257964 0.438896 -94.645
0.0128911 0.297359 -45.669
-0.0278189 0.224246 -14.6995
-0.0471621 0.178274 3.85652
-0.0559041 0.17172 7.69625
-0.0466578 0.202704 -4.63931
-0.0528365 0.206046 -4.79159
-0.0308865 0.241756 -22.4758
-0.0221808 0.275173 -36.0998
-0.00132445 0.317703 -56.5789
0.0148116 0.323141 -63.6214
0.0141115 0.339508 -68.9031
0.0127274 0.3298 -65.1628
0.00491053 0.327508 -61.1874
0.0049884 0.327024 -61.0825
0.000119303 0.324404 -58.1664
0.00538241 0.327108 -61.2889
0.00232563 0.325668 -59.3548
0.000605803 0.321701 -57.119
0.00112544 0.325967 -58.9356
0.00236869 0.31994 -57.6617
0.0074134 0.321582 -61.061
0.00788056 0.311494 -57.89
0.00111739 0.321386 -57.2082
-0.00352334 0.3264 -55.9397
-0.001316 0.326028 -57.2415
-0.00118594 0.320289 -55.5351
-0.00429525 0.317436 -52.3974
-0.000979462 0.308292 -51.7798
0.0133411 0.288784 -55.9402
0.127953 0.199039 -112.396
0.199248 0.14355 -148.904
0.235865 0.0992897 -163.083
0.238442 0.084225 -159.853
0.000675337 0.373424 -67.9161
0.011523 0.337921 -65.4788
0.0218771 0.329215 -71.7866
0.0280494 0.31407 -72.4652
0.0469843 0.283801 -80.1461
0.0663258 0.260075 -91.0686
0.0618147 0.223432 -74.6327
0.0627904 0.172613 -58.648
0.0555185 0.167882 -49.8801
0.0754901 0.146814 -63.3152
0.102701 0.127091 -85.0806
0.108511 0.101348 -83.6452
0.163683 0.0997596 -144.51
0.176984 0.0632421 -146.501
0.120012 0.0111816 -63.9069
0.0970243 -0.0217123 -26.0158
0.0754458 -0.0234463 -0.112855
0.0827757 0.0251646 -26.3796
0.177377 -0.00131251 -133.135
0.483464 2.73383 -931.03
0.0704509 0.555805 -139.839
0.0690727 0.502469 -120.764
-0.0799827 0.0234816 65.435
-0.1097 0.0499254 58.2523
-0.0653882 0.178222 6.9438
-0.0538849 0.211962 -6.32658
-0.0609545 0.204657 -2.28725
-0.0552429 0.178773 5.3863
-0.0475316 0.166243 8.03001
-0.0314688 0.217574 -13.7546
-0.00960091 0.260799 -34.2616
0.00566966 0.307889 -54.901
0.000576784 0.315538 -56.134
0.0106165 0.323066 -61.7898
0.0133878 0.326118 -63.874
0.0098613 0.334883 -65.6421
-0.000496735 0.329258 -59.9279
0.0122301 0.314478 -59.6549
0.00890017 0.32015 -60.3386
0.00456896 0.323423 -59.6334
0.00735821 0.324613 -61.4171
0.00113155 0.321653 -57.4471
0.00987449 0.313977 -59.0813
-0.000634849 0.31575 -54.2681
0.00726027 0.310823 -56.9528
0.00438493 0.326526 -60.874
0.00811349 0.326244 -63.0775
0.00211844 0.325963 -59.376
-0.00116695 0.314823 -53.3828
-0.00287862 0.314591 -52.1863
-0.00222659 0.316868 -53.5149
-0.00660561 0.311968 -48.7684
-0.00871801 0.315109 -48.3928
-0.00303112 0.300677 -47.5252
0.0381446 0.27156 -68.7861
0.164111 0.155651 -125.681
0.181189 0.128671 -129.523
0.148938 0.0174697 -63.1711
0.520665 0.226555 -465.891
0.011876 0.328272 -62.3436
0.0194756 0.331531 -70.0826
0.0133243 0.339075 -67.2063
0.0160715 0.329272 -66.374
0.024896 0.309824 -67.8866
0.026913 0.289932 -62.9148
0.0373844 0.245632 -57.9483
0.0310808 0.229391 -45.9256
0.04915 0.197501 -53.1804
0.0665766 0.136353 -49.9495
0.0888149 0.130092 -71.7071
0.127582 0.0817827 -97.2322
0.115236 0.0479792 -71.2143
0.102698 0.0251222 -49.0924
0.129767 0.0203236 -79.7121
0.0986657 -0.0154955 -30.2735
0.0706645 0.0151758 -7.31477
0.108023 0.0299058 -58.2059
0.000156282 0.565386 -140.874
0.000466216 0.565152 -140.811
-0.0230267 0.452092 -97.819
-0.0613111 0.0106235 68.2687
-0.0870993 0.0643515 50.77
-0.0497033 0.17837 5.05864
-0.0592642 0.191824 1.65946
-0.0691194 0.159462 14.6299
-0.0565853 0.149903 15.7523
-0.033442 0.191941 -4.03767
-0.0140094 0.215541 -16.8472
-0.00031803 0.239292 -28.6824
0.0115546 0.271504 -43.3304
0.00374692 0.308653 -54.5227
0.00418237 0.281479 -44.9348
0.0135724 0.289985 -51.0249
0.00961688 0.313238 -57.9432
0.0029701 0.311406 -54.8549
0.00366092 0.313875 -55.9477
0.00824661 0.298736 -52.3467
0.00387035 0.305449 -52.8902
0.0026984 0.300132 -50.4315
-4.28407e-05 0.303318 -50.2614
0.0029825 0.298933 -50.1695
0.00111562 0.28783 -45.2196
0.00729726 0.295971 -51.4787
0.00836392 0.309609 -57.0884
0.00603645 0.305713 -54.458
-0.00274397 0.299108 -46.7589
0.00311253 0.291619 -47.8083
0.00321726 0.300282 -51.0793
-0.00546136 0.295488 -43.6162
-0.00914231 0.287702 -38.2816
-0.00801618 0.293529 -41.1354
-0.0092305 0.287914 -38.2402
0.00814704 0.271038 -45.4446
0.0983157 0.192337 -86.9471
0.167226 0.142633 -123.191
0.153858 0.0794257 -89.313
0.0278782 0.12708 -1.86642
0.015298 0.280079 -48.1678
0.0289308 0.298963 -66.9256
0.023421 0.316299 -68.291
0.00933047 0.32342 -57.8594
0.00924689 0.305014 -51.0251
0.0144871 0.295454 -52.5783
0.0194894 0.283175 -53.034
0.0227361 0.26372 -49.3208
0.0299548 0.19074 -30.1885
0.0480377 0.133761 -28.9468
0.0754735 0.129087 -56.7153
0.103094 0.084543 -70.787
0.0951313 0.0380153 -44.8412
0.0857772 0.0259931 -29.6802
0.0932839 0.0466077 -46.0541
0.0985568 0.0306937 -46.6055
0.093199 0.016551 -35.1082
0.0983629 0.0248917 -44.489
