-0.0150584 -0.000486663 16.7331
-0.0151642 -0.00263136 16.8649
-0.0157568 -0.00783721 17.042
-0.00953603 -0.0287319 16.8006
-0.00927297 -0.0429652 17.0546
-0.0185235 -0.0473669 18.0399
0.0264381 -0.00172104 11.3271
0.0344363 -0.0188989 9.7308
0.0776195 -0.00423553 1.83669
0.108083 -0.0993052 -2.12574
0.0322814 0.011618 13.8843
0.00388128 -0.0226164 21.0256
0.00304438 -0.0219164 20.8423
-0.023427 -0.0121717 28.3998
-0.0580011 0.00649857 37.9854
-0.0270952 0.0121649 27.7466
0.018671 -0.0215253 13.1543
-0.00137033 -0.0356141 21.0877
-0.0303787 -0.0657574 32.3057
-0.0248923 -0.0528742 29.8813
0.00887435 -0.00661896 4.74176
-0.000191667 -0.0066297 8.91287
-0.00500673 -0.00495796 11.1083
0.00809495 -0.0014621 4.55112
0.0212562 0.0164491 -2.2737
0.43386 0.01483 -225.392
0.0243466 -0.0604152 5.59006
0.0194718 -0.0947339 9.31687
0.0266752 -0.0448536 3.19291
-0.000198327 -0.117567 21.4923
-0.0214842 -0.0296785 30.1887
0.0119044 -0.00694269 7.57665
-0.0111054 0.0126373 23.4009
-0.020778 0.0200328 29.9324
0.000923067 0.0220985 13.9147
-0.00123014 -0.0162304 17.3697
-0.0628118 0.00193042 65.0771
-0.0132213 -0.00175723 24.9111
0.0129066 -0.0130033 4.80808
0.000145149 0.0179595 14.6583
0.00311024 -0.0231498 33.4339
0.0133941 -0.0166668 24.166
0.00334782 -0.0402806 33.6338
0.00288343 -0.0477501 34.0283
0.0261171 -0.0194034 11.8973
-0.00351235 -0.0063049 40.4195
-0.00917527 0.00359211 45.8771
0.0368333 0.0240317 -1.90651
0.039756 0.0283316 -3.35622
-0.0500557 -0.0405615 92.0232
-0.174049 0.114173 222.797
0.194556 0.082961 -181.531
0.0118867 0.0469458 23.9475
0.00139259 0.0134115 36.5887
-0.0232487 0.0198442 64.4684
0.0900688 0.00809185 -72.3788
0.108932 0.00834696 -94.7949
0.101557 -0.00863865 -85.3615
-0.0122102 -0.00343209 16.8509
-0.0223509 -0.000650671 17.1392
-0.0286811 -0.00988159 17.7512
-0.0320859 -0.0116936 17.9183
-0.0200746 -0.0194151 17.3133
-0.0292424 -0.0261777 18.5029
0.00549498 -0.0440676 14.5025
0.0467866 -0.00980245 7.06948
0.0821899 0.0139463 0.351199
0.00335622 -0.0773253 23.0143
0.00737075 -0.0433908 20.9758
-0.00289409 -0.0626843 23.8812
0.00509139 -0.0448871 21.0481
0.0142163 -0.0280418 18.2379
-0.0456068 -0.014727 35.6044
-0.0353015 -0.0151808 31.7009
0.00246591 -0.0232239 19.1898
-0.0127888 -0.0388938 25.2731
-0.0260135 -0.0404895 30.2119
0.0185318 0.034839 -1.24006
0.00829003 -0.00318191 4.71443
0.00190374 -0.000207657 7.66322
0.00212585 0.00334944 7.37357
0.011674 -0.00743923 2.86779
0.0803463 -0.0286221 -32.3595
0.0380027 -0.0621191 -2.11944
0.0725997 -0.0726 -21.3837
0.0190163 -0.0918955 9.76745
-0.00690462 -0.0912009 25.5904
-0.0788658 -0.10456 69.977
0.012672 -0.0170523 7.20642
0.00832364 -0.0172936 10.3284
0.00961176 -0.00148299 9.12936
-0.00467116 0.00548067 18.7763
-0.017969 -0.0226486 29.3887
-0.00979242 -0.0186941 23.5219
-0.0235229 -0.00798774 33.7672
0.00169105 -0.00888599 13.4485
0.0146995 -0.0286163 3.2566
0.0121339 -0.0252423 5.54912
0.0284471 -0.0225863 -8.20142
0.00365549 -0.040288 33.5009
-0.00186693 -0.0496585 38.6496
0.0304687 -0.0321894 7.67005
0.0209904 -0.0233444 16.9655
0.00713823 -0.024442 30.3363
-0.00968464 -0.0171384 46.6228
0.0401201 -0.00178515 -4.90582
0.0123342 -0.00880156 24.7479
-0.00413781 -0.0218937 42.0184
-0.00661224 0.0412761 42.4402
0.0639918 0.0527851 -35.5471
0.0188583 0.0102163 16.9846
-0.00595243 0.0168558 44.8153
-0.0219752 0.0150506 63.7225
0.00287811 0.00560636 34.2049
0.0621123 0.00287051 -37.1945
0.0597172 -0.0063627 -33.8802
-0.0167802 -0.00994532 17.1132
-0.0212443 0.00898617 16.7247
-0.0396735 0.00166057 17.7484
-0.0237075 -0.0037268 16.8997
-0.0275421 -0.00347178 17.4818
-0.0254379 -0.00182456 17.0838
0.0159218 -0.00537524 11.4193
0.0803677 0.0213424 0.309797
0.0808388 -0.028982 3.75851
0.0537464 -0.0504896 10.9135
0.0343663 -0.0175328 12.6306
0.0128016 -0.0415577 18.4324
-0.00587171 -0.0279106 22.6737
0.0168955 -0.0638928 18.2758
-0.046457 -0.0394483 36.5835
-0.0668774 -0.092611 45.6818
-0.153516 -0.0511525 71.9932
-0.0655393 -0.0559128 37.0742
-0.0634972 -0.010589 33.7039
0.00709057 0.0147963 4.63284
0.00722781 0.018078 4.55346
-0.00365925 0.0131116 9.78238
-0.00610504 0.0048067 11.3546
-0.00315047 0.0041223 10.0135
-0.0353793 -0.0132885 27.7094
0.363742 -0.0872514 -183.446
0.013657 -0.0709528 11.9128
0.00744719 -0.0839684 16.2327
-0.0117905 -0.0830286 27.6201
-0.0216045 -0.0670426 32.2716
0.00858203 -0.0157455 10.0562
0.0129411 -0.0123349 7.19953
0.00476701 -0.0159303 13.1998
0.0162309 -0.0319456 6.05003
0.0156467 -0.0303185 6.15552
0.00570881 -0.0299333 12.5678
-0.0161551 -0.0288928 29.7716
-0.0244981 -0.0224173 35.3621
0.00219254 -0.0187833 13.1502
0.0253497 -0.0151738 -6.25316
0.0239281 -0.0196972 -4.5404
0.0207301 -0.0605961 0.21265
0.0400962 -0.086518 1.88057
0.0399846 -0.0186782 -1.4006
0.0193937 -0.0384788 19.6032
0.00804238 -0.0245768 29.4807
0.0128902 -0.00389345 23.4507
0.0240213 -0.0129599 13.2363
-0.000485556 -0.0100561 37.6973
-0.00822203 -0.00560017 45.7352
0.00489049 -0.00632452 31.2717
0.0483173 -0.00671406 -15.4698
0.0238891 -0.000435237 11.2929
0.0115521 0.00370672 25.5821
-0.0352558 -0.0106585 80.9848
-0.023769 -0.00390844 66.0793
0.0444196 -0.0199096 -15.0632
0.06001 -0.0284856 -33.5101
-0.0108324 0.00190316 16.3538
-0.0250401 -0.0071554 17.99
-0.0382806 0.0108737 17.2763
-0.02647 0.00652447 16.6137
-0.0246652 0.00541773 16.6995
-0.01873 0.00746319 15.7903
0.0177739 0.0143293 10.0645
0.0782988 0.0018513 2.35246
0.0683312 0.0170767 2.59986
0.0794901 -0.0221443 3.83794
0.0262385 -0.0660088 19.5162
0.00129809 -0.018093 20.8522
-0.0169727 -0.034689 26.6923
-0.0224111 -0.0576944 30.2739
-0.0546735 -0.0468093 39.4481
-0.130579 -0.0825221 66.5057
-0.111102 -0.0548678 57.3461
-0.147374 -0.0202259 67.8391
-0.0340787 0.00784075 21.3155
0.00635786 -0.00394896 6.52431
0.00264353 -0.011085 8.86472
-0.0163156 0.000720412 16.5806
-0.013219 -0.00210904 15.2794
-0.00896827 -0.00578792 13.5741
-0.0579478 -0.257292 55.5995
-0.00343718 -0.0884741 13.1545
-0.00115631 -0.182005 28.1955
0.0250797 -0.135856 9.60471
0.0114793 -0.0776869 13.4774
-0.00344592 -0.0190249 18.2247
0.0153108 -0.00374337 4.79608
0.0238549 0.00214033 -1.23753
0.00547075 -0.0159273 12.4658
0.0107941 -0.0384189 9.53291
-0.0108253 -0.0401614 25.0743
0.00105408 -0.0357839 16.0892
0.00604551 -0.0457416 13.2254
-0.0213926 -0.0213559 32.7813
0.00692784 -0.00173119 7.98824
0.0295042 -0.0261468 -8.91745
0.0502331 -0.053468 -24.5834
0.0659461 -0.347564 -14.0829
0.0218327 -0.193697 23.6814
0.0395469 -0.0328843 -0.143857
0.0155326 -0.0345768 22.7294
0.00326574 -0.0381413 34.8263
0.0250662 -0.0468527 14.0094
0.032341 -0.0125932 4.40456
0.00477189 -0.0163863 32.873
-0.00953136 -0.0370009 49.6628
0.026683 -0.0374982 9.8837
0.0473222 -0.0462186 -11.6863
0.0329422 -0.0184393 2.49848
-0.00332685 -0.035641 45.3287
-0.031263 -0.00608874 75.8322
-0.0362147 0.00633985 79.9837
0.0244308 -0.0164438 8.53446
0.0188242 -0.0316385 16.9004
-0.00671076 0.0061308 15.9392
-0.0192532 -0.00271252 17.3456
-0.0295944 -0.00564644 17.9563
-0.0336047 -0.00162259 17.6988
-0.0137206 0.00180783 15.5731
-0.00354753 0.00487128 14.3119
0.0185283 0.0228611 9.6546
0.0526845 0.00126353 6.45302
0.0640115 -0.0299486 7.03138
0.0719895 -0.0710145 9.91809
0.00650684 -0.0935881 25.6921
-0.00901809 -0.0834482 27.6585
-0.0100079 -0.101346 29.8568
0.0261656 -0.0598222 15.9712
-0.0568531 -0.0189376 38.2396
-0.138696 -0.0800484 68.8811
-0.0489975 -0.0480934 34.7755
-0.111655 -0.0248633 55.4551
-0.0673372 -0.00223918 35.2189
-0.00782439 -0.0394955 15.3263
5.04964e-05 -0.0421423 12.5744
0.00439718 -0.0209645 8.79419
-0.012373 -0.0109919 15.6668
-0.143215 -0.0191648 79.3649
-0.00417121 -0.010225 6.14578
-0.00398492 -0.0160009 6.67013
0.00234606 -0.0374712 5.1105
0.0218657 -0.0907401 -1.02041
0.00417368 -0.0512717 5.77189
0.121846 -0.279852 -39.0168
0.028171 -0.0138992 -2.79953
0.0294927 -0.0108864 -3.97902
-0.000358334 -0.00637718 16.3722
-0.0193872 0.017925 27.0145
-0.0236685 -0.00345041 31.6434
0.0129732 -0.0124147 4.64964
0.0143428 -0.0148772 3.96301
-0.00986309 -0.00587518 22.1934
0.0169334 -0.00259699 -0.0848538
0.0162995 -0.00189087 0.256869
0.0155385 -0.0115847 1.88405
0.01135 -0.0281594 7.18133
0.0697526 -0.0590475 -26.19
0.0466727 -0.0493374 -5.44541
0.0254378 -0.0353696 13.2347
0.0130266 -0.00280175 22.1049
0.0211206 0.00683703 12.3958
0.0433956 -0.00102195 -8.63764
-0.0181585 -0.0189877 56.8951
0.0554818 0.0722461 -34.834
0.0442953 -0.057839 -7.90442
0.0472019 -0.0517849 -10.8773
0.0504378 -0.0327565 -16.3679
-0.0142293 -0.042518 58.3266
-0.0173826 -0.0363267 61.9108
-0.0117099 -0.0247065 53.3406
-0.00320121 -0.0172525 42.4219
-0.000716577 -0.0227024 39.9916
0.00187185 0.00700868 15.7457
-0.0121653 0.0155934 15.0956
-0.0374921 0.0160498 16.2604
-0.045032 0.00867085 17.4148
-0.0216537 0.00624082 15.7295
0.0105991 -0.0011016 13.1293
0.0336883 -0.00199733 10.7567
0.0179398 0.0266169 9.44057
0.0321659 0.00435761 9.52222
0.0285387 -0.0447095 15.8399
-0.0176567 -0.0689175 28.2629
-0.0127121 -0.0390573 23.2006
-0.0394348 -0.0471603 29.903
0.117906 -0.0627302 -10.4624
0.00691105 0.0166954 14.9771
-0.0338178 -0.0403463 28.2375
-0.0551154 -0.0307835 35.0372
-0.0749754 -0.0215466 40.9518
-0.0723021 -0.0341043 40.8398
-0.0267632 -0.08683 28.6773
-0.0116204 -0.104826 24.1429
0.0285495 -0.0559765 1.19592
-0.010332 -0.00780773 14.5134
-0.0174677 0.00480827 11.6629
-0.00547653 0.00518517 5.36799
-0.00505924 0.00622869 5.15831
-0.0262934 0.00177299 17.54
-0.0090035 -0.0223657 10.2179
-0.0100574 -0.0269048 11.3571
0.195256 -0.318444 -83.0929
0.00502805 -0.00325103 11.5197
0.0122225 0.00757096 5.84314
0.00856899 -0.0318272 13.3726
-0.0269622 -0.0166321 36.7436
-0.0492844 -0.0153626 51.9272
0.0096362 0.0125469 4.38073
0.0241348 0.0157211 -7.0757
0.000276028 0.0345404 9.59711
-0.0011525 0.00143239 14.6065
0.0170899 -0.0101621 0.434301
0.00245998 -0.0298925 15.4641
-0.00267917 -0.0461185 21.6972
0.0724003 -0.0528585 -29.2122
0.0604614 -0.0464712 -18.6166
0.0478178 -0.0355707 -8.07391
0.0467281 -0.0209162 -8.93284
0.0414298 0.017587 -8.02567
0.0248253 0.0204037 8.53252
-0.0380919 0.0389245 71.399
-0.0834797 0.0416129 118.332
0.0463499 0.0463459 -21.6391
0.0376277 -0.000543351 -7.31923
0.0274684 0.0620631 -2.67813
0.0267527 0.00632245 4.74652
-0.0084607 -0.0175175 48.403
-0.00221812 -0.00808431 40.0102
0.0122499 -0.00320868 21.6684
0.00444559 -0.0111213 32.4169
0.0175086 0.00216127 16.0994
0.0312107 0.0439334 9.67943
-0.0454286 0.0698531 9.19229
-0.0491605 0.0232854 15.7111
-0.0245287 0.00972642 15.6278
0.0133918 0.0108816 11.0118
0.0534816 -0.0101283 8.77017
0.02311 0.00467774 10.8449
0.0135882 0.00398041 13.0036
-0.0183479 -0.0173934 22.2417
-0.0410662 -0.0242578 28.2644
-0.0428986 -0.0354641 29.7839
-0.0292813 -0.0451996 27.0059
-0.0290224 -0.0229002 24.134
0.0524996 -0.0054928 3.47504
-0.0424165 -0.0250091 29.5589
-0.0327726 -0.0423909 28.509
-0.104205 -0.0219654 53.5838
-0.0997377 -0.0098748 48.9495
-0.0793356 -0.0440552 44.8478
-0.0462048 -0.0065621 24.8333
0.244627 -0.0959104 -93.9021
-0.0187172 0.0126148 11.0618
-0.00978154 0.0091061 7.17061
-0.0120181 0.00779228 8.54662
-0.00829721 0.00530641 7.00868
-0.0293282 0.00512501 18.9831
-0.0246544 0.00485279 16.1462
-0.0162803 0.00210798 11.5648
-0.0103499 0.00273689 7.89127
0.227162 -0.269857 -98.2336
0.00620795 -0.0496729 17.0529
0.0241715 -0.0601244 5.4928
-0.00627798 -0.0653553 27.7511
-0.00127525 -0.0244212 17.6317
0.0415514 0.0184152 -20.5438
0.0493377 0.0505664 -30.9642
0.0987576 0.0780788 -74.1986
0.0978938 -0.00469584 -60.9785
0.0888351 0.010043 -55.0789
0.0369274 0.0220848 -12.2017
-0.0104318 0.0334045 27.835
3.05236e-05 0.0419071 16.6288
0.3771 -0.0117809 -324.178
0.0613161 -0.0331024 -21.6289
0.0724107 -0.0144252 -35.1139
0.0888751 -0.000246352 -52.7594
0.0232468 0.0309087 9.32082
-0.00714801 0.025365 41.3647
-0.00672555 0.0912772 31.0443
0.00260507 0.0652267 24.5954
0.00849611 0.0717289 17.4271
0.0140254 0.0329177 16.2456
-0.0026608 0.0148456 37.7201
-0.0058007 0.00647535 42.4251
-0.0057954 0.00947709 42.1455
-0.00173887 0.00327211 38.0201
0.0216244 0.000702629 9.86957
0.0444089 0.0144884 13.529
0.0773495 0.0467109 7.3503
-0.0347607 0.132955 -1.66523
-0.0584196 0.108017 3.32381
-0.0405874 0.0214115 15.3268
-0.00359955 0.0384896 8.7431
0.0225065 0.0520393 3.53084
0.000607792 0.0304425 10.8891
0.000476052 0.0193392 12.9507
-0.0255763 0.00180828 20.9757
-0.0406378 0.00575908 23.5469
-0.04455 -0.011836 26.8995
-0.00324324 -0.0149108 16.0559
0.00544113 -0.00142969 10.6064
0.0351844 -0.0126055 9.94764
-0.046675 -0.0147177 29.3723
-0.039994 -0.0124435 26.4132
-0.0651676 -0.0250099 37.4746
-0.10924 -0.0243331 54.766
-0.0766406 -0.0144451 39.2096
0.0408075 0.0253476 -11.9641
0.0162728 0.0273513 -7.23329
-0.0165897 0.0211035 8.69788
-0.029472 0.0210413 15.2545
-0.0115873 0.014138 7.2806
-0.0119176 0.0221154 6.16957
-0.0231524 0.0244881 12.2295
-0.0201561 0.0278085 9.84742
-0.00665202 0.0220617 2.68732
0.057925 0.0566773 -42.7757
0.0904667 0.0877417 -67.8328
0.0747088 -5.52901e-07 -43.6873
0.0303599 -0.155553 14.584
0.0472301 -0.157531 2.53726
0.0398334 -0.0479359 -9.1562
0.068226 0.0122902 -40.0986
0.0719551 0.0267682 -45.1863
0.0938043 0.0250962 -62.1639
0.0941289 0.00564211 -59.3354
0.0944535 0.00125404 -58.6818
0.0488949 0.0213239 -22.3865
-0.0120001 0.0308213 29.6563
-0.0346831 0.0387246 48.8537
-0.0119339 0.051889 25.5082
0.0477354 -0.00185801 -13.4445
0.101523 0.000396973 -66.194
0.0909438 -0.0162105 -51.9625
0.0175085 0.0166494 17.0337
-0.00294236 0.0116234 38.8918
-0.00654087 0.0202236 41.2573
-0.00109818 0.024058 34.755
0.00830259 0.0300341 23.1347
-0.00318358 0.0292504 36.0272
-0.0114656 0.0214959 46.7541
-0.00968618 0.022038 44.5559
-0.00389116 -0.00039352 41.4204
0.00338579 0.0093365 30.839
0.00533097 -0.00930987 31.5511
0.0880138 0.0611606 4.68576
0.0951784 0.0791981 0.901802
0.0191595 0.0767353 5.66073
-0.000331076 0.102976 1.59752
-0.01475 0.0687433 9.55241
0.0141656 0.0756981 0.663479
-0.0255941 0.0930174 3.7346
-0.0193207 0.0648504 8.24361
-0.0226308 0.0446351 12.63
-0.0324221 0.00811367 21.1961
-0.0186492 0.0101336 17.2809
-0.0418009 0.0193744 21.2141
-0.0214439 0.0310531 13.1773
-0.00328236 0.039983 6.00099
0.0946404 -0.0273826 -6.23794
-0.032541 0.0319559 16.0043
-0.0491659 0.0192307 23.6335
-0.0581856 0.00292154 31.0578
-0.107169 -0.00947003 51.0081
0.0585274 0.0456642 -23.5082
0.0386441 0.0311068 -12.5559
0.139922 0.00348616 -58.6608
-0.0134262 0.0664717 -0.979493
-0.0179694 0.036128 6.70528
0.00358039 0.0609661 -8.9766
0.00640335 0.0683821 -11.9772
0.00928182 0.174248 -32.5853
-0.032428 0.0458705 22.6938
-0.100756 0.0495878 63.6865
0.121623 0.117476 -92.9402
0.149419 0.151009 -117.691
0.439089 0.0829458 -299.379
0.111726 0.011431 -59.4172
0.0184283 0.0248844 3.67261
0.00728486 0.0402581 8.76675
0.0338553 0.0178394 -6.82558
0.0701226 0.0128581 -41.291
0.0917199 0.0150042 -58.807
0.0986496 0.0180448 -65.0493
0.0832347 0.00650919 -49.8778
0.0225533 0.0103675 2.45153
-0.00544064 0.00711902 27.7489
-0.0212804 0.023469 39.1916
0.00212161 0.0269396 16.6412
0.087082 0.0197172 -54.9569
0.125391 -0.0164173 -86.5434
0 0 -1
0.0600647 -0.00124306 -23.4509
0.00975603 0.0113559 25.6641
0.002782 0.0181287 31.632
-0.00791559 0.0196058 42.6944
0.0262659 0.0300279 2.72414
0.0592078 0.0798985 -42.9077
0.0268163 0.300285 -46.2164
0.093088 -0.0121101 -54.3333
0.0486295 0.0171965 -6.97197
0.0478423 0.0716364 -16.6216
0.0498422 0.16813 -37.7625
-0.0315372 0.0132336 38.8963
0.0723584 0.0861913 1.2065
-0.0640438 0.00305708 42.3332
-0.0703682 0.0021136 42.7251
-0.0694427 0.0316787 36.3973
0.0599775 -0.0781211 43.0816
-0.0458623 0.0627004 12.8078
-0.0324033 0.0553278 12.5689
-0.0372968 0.0328969 17.7823
-0.039423 0.0325148 18.0326
-0.0150979 0.0352872 11.2962
-0.0343932 0.0323653 16.9624
-0.0388046 0.0314952 17.945
0.00849246 0.0430886 2.42368
0.285105 -0.0115351 -69.4903
-0.027886 0.0294655 15.0212
-0.031896 0.0478202 12.7347
-0.0588005 0.0773981 17.3679
-0.00435678 0.215641 -32.9714
0.0675985 0.128345 -44.4018
-0.00716156 0.0930657 -5.26058
-0.0208693 0.267572 -35.7577
-0.0104563 0.329805 -53.984
-0.00921789 0.346183 -58.0032
0.0182508 0.361862 -75.573
0.0420018 0.316352 -78.9788
0.0411139 0.27669 -69.6592
0.00936695 0.0615052 -5.6163
-0.0230662 0.0643171 13.3909
0.00184651 0.24435 -40.2284
0.113385 0.200298 -104.261
0.278166 0.0604002 -185.444
0.0657707 0.0132917 -27.1711
0.0132391 0.0193406 8.7825
0.0208643 -0.0061777 8.29439
0.00531201 0.0191914 14.5264
0.0771799 0.0411985 -52.5438
0.0823415 0.00136066 -48.6114
0.102556 0.0202697 -69.0381
0.0691455 0.0535614 -47.7462
0.0411783 0.0239835 -16.9225
-0.0106384 0.0195838 29.7354
-0.00959698 0.00729863 31.2907
-0.00482605 0.013033 25.5994
0.0896906 0.0182163 -56.8793
0.08203 0.0295852 -51.5179
0.0870954 0.0225548 -55.2325
0.0412532 0.0190278 -8.21527
0.0124499 0.0181357 21.468
0.0494002 0.19239 -6.21761
0.0464371 0.17008 2.30805
0.0546348 0.164582 -5.57982
0.10656 -0.552194 87.9366
0.363396 -0.0498783 -362.099
0.0128845 0.0104336 74.6662
0.0348339 0.0468693 3.80528
0.0540962 -0.0484129 -0.866451
-0.174197 0.637797 169.885
-0.0288215 0.00474187 40.7431
-0.0384823 0.027621 35.9054
-0.0582839 0.0381117 34.4609
-0.0624222 0.051623 31.0322
-0.0870617 0.0432846 35.2052
0.195581 -0.0403455 18.1304
-0.0695369 0.0175256 39.0424
-0.0441216 0.0195442 21.733
-0.0374375 0.0189495 20.5647
-0.0323862 0.026003 17.9728
-0.0244458 0.0463947 11.6273
-0.0372186 0.117256 -1.03568
0.00656948 0.254867 -43.9774
0.030855 0.259605 -52.5091
0.105697 0.0453875 -25.8039
-0.00158669 0.30569 -53.5534
0.00609791 0.320182 -59.4512
0.0046718 0.313355 -57.306
-0.0116922 0.321166 -52.5148
-0.00464179 0.310111 -52.8837
-0.0134746 0.280342 -42.0941
0.00441542 0.313986 -57.7482
0.00884129 0.336502 -64.8831
0.00549232 0.348031 -65.8265
0.0186415 0.356166 -74.2869
0.0158468 0.330257 -66.7821
0.000931858 0.302712 -52.3922
0.00881349 0.307542 -57.7777
-0.00126693 0.307179 -51.8036
-0.00589454 0.312788 -50.0187
0.0112726 0.299395 -58.1351
0 0 -1
0.0397016 0.00947851 -8.10816
0.000734662 0.00520153 20.6724
0.0103629 -0.00702775 16.4726
-0.0181581 0.0149297 32.6189
0.0060135 0.251823 -41.7699
0.0466704 0.228477 -69.1673
0.0634727 0.0728827 -47.6644
0.0368781 0.145249 -41.1837
0.0183946 0.0944542 -13.0748
-0.0107452 0.0830614 15.528
-0.0147028 0.0227164 32.696
0.0993512 0.0378137 -30.3456
0.130748 0.00240421 -52.0656
0.236016 0.112285 -178.352
0.218136 0.12821 -163.819
0.154563 0.155938 -105.742
0.0709087 0.221553 -34.3722
0.0271296 0.191874 17.2912
0.0475086 0.167988 0.926817
0.0502652 0.146138 3.99399
0.00114255 0.0701133 77.0831
-0.0291391 0.0642168 112.802
-0.0636473 0.0235653 162.35
0.0534605 0.00910296 26.9178
0.0892398 0.072323 -31.3601
0.0675265 0.071547 -5.07647
-0.0118255 -0.00952151 43.8824
-0.0143566 0.00781709 39.6944
-0.0326002 0.0361008 33.848
-0.0920367 0.0533913 33.5653
-0.090982 0.0471522 33.9741
-0.06187 0.0161723 38.8271
-0.0577059 0.0473817 30.9612
-0.0665888 0.0261634 37.0306
-0.00868451 0.277534 -46.218
-0.0042752 0.296368 -51.7586
0.010776 0.281492 -51.4689
0.0165013 0.277333 -51.9671
0.0078837 0.289181 -52.6993
0.004767 0.293022 -52.7506
0.00536728 0.29487 -53.2256
0.00617846 0.313071 -58.0982
0.00801748 0.316603 -59.5782
0.00883387 0.32205 -61.2671
0.00510695 0.320216 -59.3765
0.0027669 0.329296 -60.5923
0.00697916 0.319614 -60.0601
0.017515 0.33194 -67.8715
0.0127679 0.34344 -68.2824
0.00973694 0.345659 -67.2502
0.0110794 0.34142 -66.857
0.00196404 0.333553 -60.0832
0.0133511 0.33051 -65.807
0.0051939 0.325886 -60.0566
0.00355515 0.323316 -58.462
0.000920864 0.336918 -60.2438
0.00543929 0.315719 -57.9097
0.0224906 0.295222 -64.3444
-0.00382199 0.311857 -50.498
0.0013242 0.314591 -54.8745
0.0163789 0.293707 -60.5638
0.025043 0.275419 -62.6371
-0.025806 0.234452 -12.5063
0.0320901 0.265092 -65.8654
0 0 -1
0.02532 0.238416 -53.3356
0.00261739 0.164459 -15.6007
-0.0361541 0.149699 22.5387
0.0740632 0.032592 -5.39132
0.116172 0.0523932 -50.305
0.0389937 -0.0761707 53.4784
0.216034 0.111021 -158.338
0.22456 0.116306 -167.423
0.193293 0.137324 -140.713
0.155386 0.180698 -112.784
0.247574 0.183084 -215.533
0.00477715 0.138643 54.8441
0.0362379 0.0500165 19.5696
0.00630551 0.0589686 51.51
-0.0766608 0.0671182 167.142
0.0882939 0.00707187 -14.2916
0.0778779 0.0460706 -11.2543
0.0675534 0.0579261 -2.02455
0.0777706 0.108459 -26.6693
4.91278e-05 -0.0133408 44.6198
-0.000977326 0.00369359 40.0846
-0.0181843 0.0214058 36.0662
-0.0596656 0.03352 35.6074
-0.0740763 0.0573615 30.4663
-0.0895713 0.0724502 28.2011
-0.0789758 0.0340038 36.8257
-0.0816426 0.0497087 32.7535
-0.0221374 0.307265 -51.7559
0.00665021 0.305418 -56.7112
0.015382 0.318933 -62.3166
0.0192281 0.308315 -60.3954
0.00742525 0.328923 -62.7864
0.000913185 0.322393 -59.0868
0.00678248 0.324357 -61.3442
0.0119297 0.325467 -63.3639
0.016068 0.32986 -65.9291
0.0247175 0.337962 -71.3803
0.0100164 0.320671 -61.2544
0.00618894 0.342279 -65.5551
0.0116253 0.331619 -64.9752
0.0190688 0.345368 -71.9038
0.0169962 0.338497 -68.9521
0.00666092 0.330019 -61.5044
0.00358163 0.336168 -61.8456
-0.00407573 0.344706 -59.4697
0.00695667 0.349065 -67.2582
0.0073791 0.339678 -64.7425
-0.00636435 0.332612 -54.6225
-0.00586389 0.327165 -53.7026
0.00141343 0.325727 -57.9938
0.00615562 0.320733 -59.6535
-0.000229282 0.32572 -56.5944
0.00161557 0.319688 -56.373
0.00501329 0.323043 -59.9161
0.0116087 0.315198 -62.8079
0.0268897 0.289529 -67.8223
0.0265049 0.291842 -68.1667
0.0296794 0.292796 -70.8755
0.00416912 0.285827 -47.4065
-0.0370009 0.20657 8.65441
0.225443 -0.133946 -99.5798
0.155674 0.00839455 -75.2497
0.218336 0.0680671 -149.784
0.235197 0.0815725 -169.018
0 0 -1
0.243297 0.0912355 -179.687
0.202818 0.119472 -146.067
0.194072 0.127605 -138.999
0.176837 0.113317 -117.013
0.140371 0.202084 -102.402
0 0 -1
0.0367515 0.442045 -57.6801
0.0905356 0.453338 -121.063
0.0725625 0.360235 -74.1972
0.0968896 0.0778202 -41.4367
-0.0551111 -0.110415 201.625
-0.044109 -0.0183767 163.108
0.00803844 -0.00227398 41.2746
0.0178414 0.0346302 30.1067
-0.00864959 0.0556025 25.4732
-0.0380629 0.0452261 30.2131
-0.0482615 0.0324542 34.7323
-0.0665454 0.068074 26.6385
-0.0546835 0.129301 6.28488
-0.0715262 0.219109 -17.2202
-0.00971133 0.329773 -60.0366
0.000286146 0.330042 -61.8245
0.0168422 0.318688 -62.0223
0.00789805 0.324277 -61.6059
0.00683734 0.343083 -66.5213
0.00646674 0.334994 -64.2072
0.0102416 0.335649 -65.442
0.00706206 0.328963 -62.6063
0.0120567 0.323391 -62.7308
0.0186199 0.328233 -66.555
0.021319 0.340076 -71.1695
0.018472 0.344394 -71.2779
0.0173786 0.344198 -70.6339
0.00787867 0.339094 -64.9285
0.0147266 0.342109 -69.035
0.00512091 0.330203 -60.758
0.00506957 0.333668 -61.7785
0.00457193 0.331166 -60.719
0.00296422 0.333785 -60.4964
-0.00175723 0.332457 -57.3204
-0.00503095 0.339003 -57.3381
-0.00884214 0.338888 -55.0224
0.00404595 0.332249 -61.5445
0.00727126 0.339744 -65.7606
0.00049474 0.33657 -60.1541
0.00152796 0.338064 -61.3903
-0.0026781 0.330405 -56.0367
0.00159769 0.33332 -60.1269
0.00752434 0.318808 -60.59
0.0101674 0.31731 -62.3705
0.0223828 0.294275 -65.563
0.0322907 0.28681 -71.7163
0.944885 0.158785 -824.712
0.26467 -0.0308101 -164.018
0.245586 -0.00796496 -152.958
0.2326 0.0314976 -152.408
0.082613 0.0166782 -10.6886
0.221665 0.0755379 -154.14
0.233519 0.0508149 -158.91
0.234615 0.0672198 -164.056
0.202698 0.0960399 -138.926
0.182143 0.0953103 -117.398
0.154847 0.127968 -97.5999
0.137189 0.152477 -85.0265
0.0305323 0.34487 -20.8438
0.0506505 0.0426709 47.3674
0.0762824 0.0960037 0.158748
0.0101509 0.0796233 83.6284
0.00231094 0.246501 39.8162
0.0917208 -0.0319659 10.8533
0.0292544 0.00850641 37.8312
0.0321403 0.0432592 26.9262
0.0347629 0.145271 -4.84445
-0.00553889 0.165857 -9.10115
-0.0123178 0.304835 -52.5116
-0.0118891 0.220909 -26.4577
-0.0121128 0.240441 -32.3331
-0.0319135 0.25713 -34.4423
0.0165511 0.32374 -63.3625
0.0127133 0.323672 -62.513
0.0159567 0.322737 -63.1888
0.0114224 0.325741 -62.7228
0.00490528 0.327264 -61.4576
0.00638168 0.319194 -59.1985
-0.000585735 0.317671 -56.7075
0.0160947 0.335886 -67.9402
0.0117724 0.339557 -67.5709
0.020526 0.349388 -73.7037
0.0198983 0.346161 -72.3763
0.0125424 0.343214 -68.2533
0.00767806 0.34037 -65.1935
0.00965486 0.338596 -65.493
0.00518044 0.334246 -62.019
0.00306213 0.328217 -59.0583
0.00503766 0.331161 -61.0009
0.0195362 0.33285 -69.4707
0.00635381 0.334138 -62.5565
-0.00340919 0.338908 -58.3467
-0.00292001 0.33433 -57.1205
-0.00218262 0.343916 -60.5218
-0.00204249 0.339105 -59.2849
0.000160872 0.339857 -60.909
0.00439818 0.344531 -65.3425
0.00179476 0.341018 -62.4223
-0.00136823 0.338889 -59.4829
-0.00147485 0.337671 -58.9931
-0.00406707 0.338114 -57.1334
0.00838902 0.337325 -66.8275
0.00451399 0.328785 -60.957
0.0133629 0.331589 -69.3651
0.00984833 0.318908 -62.2084
0.26483 -0.0334854 -163.332
0.255943 -0.0431507 -152.278
0.287853 -0.0621384 -176.107
0.276147 -0.0392787 -171.997
0.25903 -0.00480177 -166.185
0.227514 0.031339 -147.187
0.269342 0.0267432 -187.554
0.209367 0.0717313 -138.846
0.188959 0.0740111 -117.864
0.153123 0.0709012 -77.9587
0.127257 0.115967 -63.1648
0.12063 0.0256731 -28.1171
0.0629867 0.0751358 22.9433
0.0394892 0.067403 52.7736
0.0250262 0.0838236 64.5667
0.0832858 -0.0915754 39.2993
0.0673187 -0.200149 92.7179
0 0 -1
0.0261148 0.0425005 27.3399
0.0174304 0.205872 -22.0686
-0.00742837 0.216073 -23.7845
-0.0166644 0.23291 -28.5019
-0.00370321 0.27156 -43.3131
0.0110454 0.286696 -50.1147
0.0119601 0.301489 -54.9343
0.022759 0.304693 -57.8267
0.0214014 0.310915 -59.6156
0.0114849 0.311263 -57.8572
0.0148803 0.302068 -55.6559
-0.00631246 0.314934 -54.6168
0.000571382 0.315096 -56.5137
0.0162335 0.325029 -64.468
0.0333554 0.328457 -71.168
0.0188129 0.350599 -73.4334
0.0174357 0.349867 -72.6724
0.0198536 0.339067 -69.9706
0.0151284 0.337639 -67.5766
0.0141175 0.336367 -66.7065
0.00431154 0.329697 -60.0903
0.0107793 0.332309 -64.1697
-0.00796434 0.32547 -52.6943
0.00371026 0.32774 -59.1347
0.0135205 0.326765 -64.2618
0.00156052 0.335788 -60.5076
0.00413341 0.328586 -59.5417
-0.000481826 0.330958 -57.519
0.00130088 0.334558 -59.8367
-0.00132342 0.33661 -58.8332
0.000737539 0.330706 -58.3198
0.00295489 0.333945 -60.8428
-0.00134022 0.333405 -57.6485
-0.00138766 0.340444 -59.9474
0.00157667 0.33995 -61.9765
-0.00185274 0.3409 -59.7595
0.00258973 0.337701 -62.2777
0.00471028 0.338049 -64.0761
0.00760683 0.337122 -66.1978
0.0133501 0.332482 -69.5232
0.221839 -0.0160571 -130.45
0.249713 -0.0280492 -151.56
0.287337 -0.0428413 -181.881
0.270459 -0.0364518 -167.509
0.260115 -0.0324657 -158.303
0.241 -0.0137043 -145.902
0.259451 0.00760188 -172.428
0.292432 0.0339105 -213.675
0.184877 0.0308206 -99.0863
0.133506 0.0112924 -37.0797
0 0 -1
0.125865 -0.0116309 -21.8383
0.093084 0.0845791 -15.419
-0.344456 -0.0124243 528.679
0.0401801 0.0866168 45.3846
-0.057261 0.0776616 166.698
-0.0738806 0.0132471 208.227
0.5271 2.48568 -856.106
0 0 -1
0.00884001 0.205603 -21.8165
0.0113915 0.208304 -22.8641
0.00811982 0.242903 -34.4883
0.0287805 0.295382 -55.6583
0.0337192 0.308876 -61.115
0.01533 0.313606 -59.4625
0.015603 0.330973 -65.4001
0.0291809 0.330375 -68.3136
0.0153637 0.30786 -57.4722
0.00617248 0.31328 -57.3646
0.0100537 0.300636 -53.7621
0.00160117 0.315832 -57.1853
0.0250798 0.328809 -69.07
0.0438247 0.35799 -85.0835
0.0321311 0.342411 -75.4754
0.0218092 0.338086 -70.1226
0.0133275 0.337247 -66.5733
0.00776607 0.336254 -63.925
0.00227227 0.326667 -58.1861
0.00312497 0.326976 -58.7444
0.00372569 0.323961 -57.9669
0.000210512 0.320884 -55.0854
8.25196e-05 0.310964 -51.3463
0.0049988 0.324873 -58.7778
0.0075211 0.329905 -61.8878
0.00965183 0.33542 -65.2138
0.00372933 0.339549 -63.1787
-0.00142378 0.332383 -57.3862
0.00167521 0.333759 -60.0404
-0.000330798 0.324179 -55.3794
0.00687763 0.326127 -60.9729
0.0028182 0.327387 -58.5942
0.00540928 0.331293 -61.8218
-0.000469308 0.32991 -56.9036
0.000604413 0.335798 -59.8636
0.00234818 0.335555 -61.1659
0.00407106 0.327807 -59.928
-0.000336306 0.32153 -53.9877
0.0518821 0.279315 -84.2801
0.192838 0.0420267 -124.89
0.250685 -0.0200289 -155.191
0.249642 -0.000667206 -160.925
0.260971 -0.0341441 -159.866
0.275849 -0.035846 -173.236
0.272028 -0.02487 -173.666
0.315768 0.0252246 -235.47
0.269239 0.0386039 -191.25
0.16863 0.0217589 -78.6467
0.108553 0.0109074 -10.0144
0.0631869 -0.0502405 61.0547
0.0270164 -0.104504 121.028
0.042675 0.0899138 41.8321
-0.00394731 -0.00399453 119.187
-0.0018883 -0.93449 452.999
-0.0111906 -0.0157709 132.244
-0.00286034 -0.0662946 140.167
-0.035762 0.165668 -3.732
0.254083 4.90414 -1778.96
0.0136743 0.217488 -26.1197
0.017739 0.22991 -30.8017
0.0386654 0.227832 -31.8903
0.027289 0.278947 -48.6517
0.0297553 0.326092 -66.2923
0.025284 0.309037 -59.4369
0.0144732 0.316732 -60.2318
0.00538935 0.30976 -56.0539
0.0143685 0.30944 -57.8224
0.0204487 0.302495 -56.9724
0.0124527 0.335347 -66.7486
0.0227758 0.371563 -82.9933
0.0283026 0.387253 -90.4041
0.0324381 0.36624 -84.1704
0.0259483 0.351013 -76.2331
0.0124385 0.332277 -64.4752
0.00229967 0.318767 -55.5288
0.00567615 0.312714 -54.6964
-0.00151689 0.311768 -51.2832
0.00428418 0.301091 -50.0111
0.00375673 0.322698 -57.5659
0.00947217 0.30843 -55.2229
0.00355867 0.313432 -53.8973
0.00629485 0.316872 -56.6478
0.0156663 0.305069 -57.6726
0.00935605 0.325877 -61.5936
-0.000253211 0.324763 -55.4624
-0.00535354 0.308988 -46.5185
-0.00390257 0.313647 -49.1955
0.0017615 0.307651 -50.8667
0.00228598 0.312778 -52.9569
0.000379556 0.311799 -51.2195
0.00666034 0.301698 -52.1702
0.00547936 0.322106 -58.6737
-0.00193867 0.320336 -52.3395
0.000307845 0.318274 -53.36
0.00237229 0.316407 -54.4089
0.0023805 0.319921 -55.6908
-0.00505669 0.324871 -51.2463
0.0338781 0.135322 -16.243
0.228328 0.0346364 -153.992
0.2484 0.019063 -166.728
0.249233 -0.00111234 -160.278
0.270834 -0.0292746 -170.894
0.279811 -0.0463819 -173.818
0.320129 -0.0173744 -224.812
0.297806 0.0280114 -217.718
0.18567 0.0334051 -100.955
0.0694114 0.0173879 30.1053
0.0319 -0.0255919 87.0531
0.0283978 -0.0504897 100.092
0.00531523 -0.0707523 133.551
-0.00656143 0.0103923 117.223
-0.00639406 0.0100165 117.174
-0.0147985 -0.00214842 131.778
-0.0102003 -0.0307534 136.531
