0 1 3
1 2 3
2 4 3
4 5 3
5 6 3
6 7 0
7 9 3
9 10 3
10 11 3
11 12 3
12 13 3
13 14 3
14 15 3
15 16 3
16 17 3
17 18 3
18 19 3
19 20 3
20 24 3
24 29 3
29 30 3
30 32 3
32 33 3
33 34 3
34 35 3
35 36 3
36 37 3
37 38 3
38 39 3
39 40 3
40 41 2
41 42 2
42 43 3
43 44 3
44 45 3
45 46 3
46 47 3
47 48 3
48 49 3
49 50 3
50 51 3
51 52 3
52 53 3
53 54 3
54 55 3
55 56 3
56 57 3
30 86 3
20 80 3
29 86 3
8 9 0
24 80 3
2 61 3
7 8 1
29 84 3
20 79 3
24 82 3
7 65 1
79 80 3
8 65 3
2 59 1
1 59 1
6 65 3
29 373 3
4 61 3
8 66 3
80 82 3
9 66 1
32 90 3
45 103 3
9 68 3
10 68 3
19 78 3
20 78 3
29 82 3
32 89 3
33 90 2
44 103 3
18 76 3
19 76 3
45 104 3
46 104 3
49 107 3
14 71 3
36 95 3
37 95 3
38 96 3
44 102 3
4 62 3
6 64 3
65 66 3
13 71 3
33 91 3
34 91 3
34 92 3
35 93 3
37 96 3
43 101 3
44 101 3
50 107 3
52 109 3
55 113 3
56 114 3
2 60 3
61 62 3
5 63 3
64 65 3
10 69 3
11 69 3
15 74 3
16 74 3
17 75 3
30 89 3
35 92 3
36 93 3
36 94 3
39 97 3
40 98 3
41 98 2
41 100 2
42 100 3
42 101 3
101 102 3
47 106 3
48 106 3
49 106 3
50 109 3
51 109 3
52 110 3
54 112 3
55 112 3
56 113 3
57 114 3
0 58 1
1 58 1
62 63 3
63 64 3
12 69 3
12 70 3
13 70 3
14 72 3
16 75 3
18 75 3
84 86 3
93 94 3
94 95 3
96 97 3
97 98 3
47 104 3
47 105 3
106 107 3
53 110 3
53 112 3
58 59 3
59 60 3
71 72 3
15 72 3
78 79 3
84 373 3
95 96 3
103 104 3
109 110 3
111 112 3
113 114 3
70 71 3
15 130 3
76 78 3
82 198 3
92 93 3
102 103 3
105 106 3
53 111 3
69 70 3
72 130 3
75 76 3
90 91 3
57 115 3
68 69 3
74 75 3
89 90 3
91 92 3
107 108 3
50 108 3
108 109 3
112 113 3
114 115 3
60 61 3
66 68 0
100 101 3
104 105 3
110 111 3
74 130 3
86 89 3
41 157 3
100 157 3
98 157 3
130 131 3
74 131 3
82 373 3
86 261 3
68 125 3
66 125 3
68 126 3
76 135 3
78 135 3
84 261 3
89 261 3
60 118 3
74 132 3
78 136 3
59 118 3
131 132 3
79 136 3
80 137 3
61 119 3
75 133 3
76 134 3
79 137 3
84 144 3
144 261 3
92 151 3
93 151 3
104 162 3
105 162 3
64 122 3
125 126 3
69 128 3
70 128 3
75 134 3
94 151 3
101 159 3
102 160 3
103 160 3
112 170 3
58 116 3
60 119 3
63 122 3
64 123 3
65 123 3
70 129 3
71 129 3
82 196 3
102 159 3
108 167 3
109 167 3
59 116 3
62 119 3
63 121 3
66 123 3
80 196 3
95 153 3
98 156 3
107 166 3
110 168 3
59 117 3
62 120 3
121 122 3
66 124 3
91 150 3
92 150 3
94 152 3
96 153 3
96 154 3
97 155 3
98 155 3
156 157 3
100 158 3
105 163 3
106 164 3
108 166 3
109 168 3
111 168 3
113 170 3
113 171 3
114 172 3
115 173 3
117 118 3
120 121 3
123 124 3
124 125 3
135 136 3
91 149 3
150 151 3
152 153 3
154 155 3
157 158 3
158 159 3
103 162 3
162 163 3
163 164 3
106 166 3
111 169 3
111 170 3
171 172 3
172 173 3
128 129 3
136 137 3
137 196 3
153 154 3
155 156 3
164 166 3
170 171 3
118 119 3
122 123 3
133 134 3
134 135 3
90 149 3
151 152 3
168 169 3
169 170 3
116 117 3
119 120 3
71 130 3
159 160 3
166 167 3
167 168 3
75 132 3
149 150 3
103 219 3
198 373 3
84 201 3
160 219 3
69 126 3
128 185 3
132 133 3
201 373 3
144 201 3
162 219 3
126 185 3
129 130 3
129 185 3
133 192 3
134 192 3
198 316 3
90 206 3
133 191 3
169 228 3
170 228 3
132 191 3
196 198 3
117 176 3
118 176 3
132 190 3
137 195 3
89 206 3
157 215 3
166 223 3
124 183 3
125 183 3
190 191 3
136 195 3
206 261 3
156 215 3
164 223 3
117 175 3
131 190 3
196 313 3
150 208 3
151 208 3
172 230 3
175 176 3
206 381 3
149 380 3
152 211 3
153 211 3
168 226 3
169 226 3
171 228 3
172 231 3
173 231 3
119 176 3
124 182 3
135 194 3
136 194 3
198 313 3
90 380 3
155 214 3
164 222 3
171 229 3
120 178 3
123 182 3
134 193 3
195 196 3
156 214 3
158 217 3
159 217 3
160 217 3
222 223 3
172 229 3
116 174 3
119 177 3
119 178 3
121 179 3
122 180 3
123 181 3
131 189 3
191 192 3
135 193 3
151 209 3
152 210 3
154 212 3
155 213 3
158 216 3
160 218 3
162 220 3
163 221 3
164 221 3
167 225 3
169 227 3
230 231 3
174 175 3
177 178 3
121 178 3
179 180 3
180 181 3
182 183 3
126 183 3
130 188 3
131 188 3
189 190 3
194 195 3
90 381 3
209 210 3
211 212 3
212 213 3
213 214 3
215 216 3
220 221 3
166 225 3
168 225 3
227 228 3
228 229 3
176 177 3
181 182 3
188 189 3
149 208 3
208 209 3
216 217 3
217 218 3
219 220 3
166 224 3
229 230 3
192 193 3
316 373 3
144 374 3
214 215 3
218 219 3
221 222 3
224 225 3
225 226 3
126 184 3
184 185 3
201 374 3
210 211 3
223 224 3
193 194 3
149 265 3
226 227 3
178 179 3
183 184 3
208 265 3
129 244 1
314 373 3
130 187 1
314 316 3
129 187 1
185 244 3
187 244 3
187 188 0
194 252 3
204 206 3
223 281 3
193 252 3
380 381 3
222 281 3
265 380 3
224 282 3
227 285 3
228 285 3
225 282 3
226 285 3
204 374 3
144 204 3
231 289 3
187 245 3
195 254 3
196 254 3
216 274 3
224 281 3
230 289 3
177 235 3
188 245 1
193 251 3
194 253 3
195 253 3
215 273 3
215 274 3
217 275 3
218 275 3
219 277 3
219 278 3
220 278 3
175 233 3
176 235 3
189 248 3
190 248 3
192 251 3
251 252 3
204 261 3
209 267 3
210 267 3
273 274 3
218 277 3
222 280 3
174 233 3
178 236 3
181 239 3
185 243 3
198 314 3
373 374 3
208 266 3
209 266 3
213 271 3
214 272 3
216 275 3
221 280 3
229 287 3
230 288 3
174 232 3
176 233 3
177 236 3
179 237 3
180 238 3
182 239 3
182 240 3
183 241 3
184 241 3
184 242 3
243 244 3
244 245 3
191 249 3
192 250 3
252 253 3
254 313 3
210 268 3
211 268 3
211 269 3
211 270 3
212 270 3
271 272 3
215 272 3
218 276 3
277 278 3
221 278 3
221 279 3
280 281 3
225 283 3
226 283 3
228 286 3
228 287 3
232 233 3
176 234 3
234 235 3
235 236 3
236 237 3
237 238 3
238 239 3
240 241 3
242 243 3
248 249 3
249 250 3
250 251 3
267 268 3
269 270 3
270 271 3
274 275 3
275 276 3
278 279 3
226 284 3
284 285 3
286 287 3
230 287 3
239 240 3
241 242 3
265 381 3
272 273 3
281 282 3
283 284 3
285 286 3
288 289 3
253 254 3
266 267 3
268 269 3
276 277 3
279 280 3
282 283 3
189 247 3
265 266 3
280 338 3
287 288 3
188 247 3
281 338 3
247 248 3
233 234 3
319 373 3
319 374 3
273 331 3
278 336 3
274 333 3
275 333 3
242 300 3
247 363 3
268 326 3
269 326 3
272 331 3
285 343 3
289 347 0
243 300 3
245 247 3
247 304 3
314 317 3
317 373 3
274 332 3
286 343 3
286 344 3
287 345 3
288 345 3
245 304 3
276 333 3
283 342 3
284 342 3
288 346 3
243 301 3
273 332 3
332 333 3
281 339 3
285 342 3
343 344 3
286 345 3
345 346 3
233 292 3
234 292 3
300 301 3
244 301 3
317 319 3
266 324 3
272 330 3
277 335 3
282 339 3
288 347 0
232 290 3
233 291 3
234 293 3
235 293 3
236 294 3
237 295 3
238 296 3
239 297 3
240 298 3
241 299 3
244 302 3
245 303 3
304 363 3
248 306 3
249 307 3
250 308 3
250 309 3
251 309 3
252 310 3
253 311 3
254 311 3
254 312 3
267 324 3
267 325 3
269 327 3
270 328 3
276 334 3
276 335 3
279 337 3
338 339 3
282 340 3
283 341 3
290 291 3
291 292 3
293 294 3
294 295 3
295 296 3
296 297 3
240 297 3
298 299 3
299 300 3
301 302 3
302 303 3
306 363 3
306 307 3
307 308 3
309 310 3
310 311 3
325 326 3
326 327 3
327 328 3
271 328 3
271 329 3
271 330 3
330 331 3
333 334 3
278 335 3
278 337 3
337 338 3
339 340 3
340 341 3
341 342 3
303 304 3
311 312 3
312 313 3
328 329 3
329 330 3
292 293 3
308 309 3
334 335 3
297 298 3
324 325 3
336 337 3
342 343 3
344 345 3
204 319 3
265 324 3
324 381 3
204 378 3
335 336 3
319 378 3
204 381 3
378 381 3
381 438 2
331 332 3
198 312 3
346 347 0
319 377 3
377 378 3
379 381 3
378 379 3
336 394 3
381 439 2
331 389 3
335 394 3
332 389 3
346 404 1
312 371 3
198 371 3
324 439 3
297 355 3
298 355 3
299 357 3
300 357 3
382 439 3
324 382 3
325 383 3
330 388 3
331 388 3
336 395 3
344 402 3
347 404 1
296 354 3
297 354 3
312 370 3
324 383 3
327 385 3
335 393 3
337 395 3
341 399 3
342 399 3
343 401 3
345 402 3
345 403 3
292 350 3
293 350 3
307 365 3
308 365 3
309 367 3
311 370 3
314 371 3
382 383 3
325 384 3
326 384 3
326 385 3
328 385 3
332 390 3
334 392 3
334 393 3
340 398 3
343 402 3
346 403 3
347 405 1
290 348 3
291 349 3
293 351 3
294 352 3
295 353 3
300 358 3
301 359 3
302 360 3
363 364 3
306 364 3
308 366 3
308 367 3
310 368 3
311 369 3
369 370 3
314 372 3
319 433 3
328 386 3
329 387 3
388 389 3
389 390 3
333 390 3
333 391 3
393 394 3
338 396 3
339 397 3
341 398 3
342 400 3
404 405 3
348 349 3
291 350 3
350 351 3
351 352 3
352 353 3
353 354 3
298 356 3
299 356 3
357 358 3
301 358 3
302 359 3
303 360 3
304 421 3
363 421 3
364 365 3
365 366 3
367 368 3
368 369 3
371 372 3
317 433 3
377 433 3
379 438 3
438 439 3
385 386 3
386 387 3
387 388 3
334 391 3
392 393 3
395 396 3
396 397 3
397 398 3
399 400 3
343 400 3
402 403 3
403 404 1
354 355 3
355 356 3
303 361 3
304 361 3
304 362 3
362 421 3
366 367 3
370 371 3
383 384 3
390 391 3
394 395 3
398 399 3
401 402 3
349 350 3
356 357 3
358 359 3
359 360 3
384 385 3
391 392 3
360 361 3
400 401 3
361 362 3
317 372 3
317 432 3
384 442 3
385 442 3
432 433 3
379 436 3
317 431 3
378 436 3
372 430 3
372 431 3
387 445 3
404 462 0
405 462 1
358 416 3
371 429 3
372 429 3
431 432 3
377 435 3
383 441 3
386 445 3
388 446 3
390 448 3
356 414 3
357 415 3
359 416 3
433 435 3
378 435 3
382 441 3
384 441 3
388 445 3
391 449 3
355 414 3
357 414 3
358 415 3
360 418 3
361 418 3
370 428 3
371 428 3
391 448 3
392 450 3
395 453 3
400 458 3
402 461 3
403 461 3
348 406 3
349 407 3
350 408 3
351 410 3
352 410 3
353 411 3
354 412 3
355 413 3
359 417 3
364 422 3
365 423 3
366 424 3
367 425 3
368 426 3
369 427 3
379 437 3
445 446 3
389 447 3
390 447 3
447 448 3
393 450 3
393 451 3
394 452 3
394 453 3
395 454 3
396 454 3
397 455 3
398 456 3
399 457 3
399 458 3
401 458 3
401 460 3
402 460 3
404 461 0
405 463 3
406 407 3
349 408 3
350 409 3
351 409 3
410 411 3
411 412 3
412 413 3
414 415 3
416 417 3
417 418 3
421 422 3
422 423 3
423 424 3
424 425 3
425 426 3
426 427 3
427 428 3
428 429 3
435 436 3
436 437 3
385 443 3
386 443 3
389 446 3
448 449 3
449 450 3
451 452 3
452 453 3
454 455 3
455 456 3
456 457 3
401 459 3
460 461 3
462 463 0
407 408 3
408 409 3
409 410 3
413 414 3
415 416 3
361 419 3
429 430 3
437 438 3
441 442 3
457 458 3
458 459 3
459 460 3
418 419 3
362 419 3
442 443 3
446 447 3
450 451 3
453 454 3
419 421 3
430 431 3
386 444 3
461 462 0
443 444 3
444 445 3
440 441 3
382 440 3
439 440 3
447 505 3
419 478 3
445 503 3
448 505 3
421 478 3
444 501 3
446 503 3
446 504 3
447 504 3
448 506 3
443 501 3
444 503 3
504 505 3
505 506 3
442 500 3
503 504 3
463 521 3
409 468 3
410 468 3
429 487 3
430 487 3
435 493 2
441 499 3
442 499 3
462 521 0
407 465 3
433 491 2
433 493 2
437 496 3
438 496 3
440 499 3
499 500 3
449 507 3
408 465 3
408 466 3
414 473 3
415 473 3
419 477 3
430 488 3
436 493 2
451 509 3
452 510 3
453 510 3
457 515 3
458 515 3
459 517 3
406 464 3
409 466 3
411 469 3
412 469 3
412 470 3
413 471 3
414 472 3
416 474 3
417 475 3
418 476 3
477 478 3
421 479 3
422 480 3
423 481 3
424 482 3
425 483 3
426 484 3
427 485 3
428 486 3
429 486 3
431 488 3
431 489 3
432 489 3
436 494 2
437 495 3
439 496 3
449 506 3
450 508 3
452 509 3
453 511 3
455 513 3
456 514 3
458 516 3
458 517 3
460 518 3
461 519 3
462 519 1
464 465 3
468 469 3
469 470 3
470 471 3
471 472 3
472 473 3
416 473 3
474 475 3
475 476 3
476 477 3
479 480 3
480 481 3
481 482 3
482 483 3
483 484 3
484 485 3
485 486 3
486 487 3
487 488 3
432 490 3
493 494 3
494 495 3
495 496 3
442 501 3
506 507 3
449 508 3
451 508 3
509 510 3
510 511 3
454 511 3
454 512 3
454 513 3
455 514 3
514 515 3
515 516 3
516 517 3
517 518 3
518 519 3
462 520 1
473 474 3
478 479 3
488 489 3
433 490 3
508 509 3
511 512 3
519 520 3
465 466 3
409 467 3
433 492 2
500 501 3
512 513 3
513 514 3
466 467 3
490 491 3
492 493 3
501 503 3
489 490 3
491 492 3
496 555 3
439 555 2
507 508 3
440 555 2
467 468 3
520 521 3
495 554 3
496 554 3
440 556 3
555 556 3
484 542 1
554 555 3
499 556 3
510 568 1
511 568 1
500 558 3
501 560 3
506 564 1
511 569 1
478 536 3
479 536 3
482 541 3
483 541 3
490 549 3
491 549 3
501 558 3
503 560 3
507 564 1
508 566 1
568 569 3
512 569 1
469 528 3
470 528 3
475 533 3
476 533 3
476 534 3
488 546 2
489 548 3
490 548 3
494 553 3
495 553 3
501 559 3
507 566 1
509 566 1
517 575 3
518 575 3
477 534 3
489 546 3
499 557 3
520 578 1
520 579 1
521 579 1
467 525 3
468 525 3
474 532 3
475 532 3
477 535 3
478 535 3
486 544 2
487 544 2
548 549 3
500 557 3
558 559 3
503 561 3
515 574 3
516 574 3
464 522 3
465 523 3
466 524 3
468 526 3
469 527 3
471 529 3
472 530 3
473 531 3
479 537 3
480 538 3
481 539 3
482 540 3
540 541 3
485 543 2
487 545 2
489 547 3
492 550 3
493 551 3
493 552 3
494 552 3
553 554 3
556 557 3
557 558 3
559 560 3
560 561 3
509 567 1
515 573 2
517 574 3
522 523 3
523 524 3
524 525 3
525 526 3
526 527 3
527 528 3
528 529 3
529 530 3
530 531 3
531 532 3
534 535 3
536 537 3
479 538 3
538 539 3
539 540 3
484 543 2
543 544 3
545 546 3
546 547 3
547 548 3
549 550 3
550 551 3
510 567 1
513 571 2
514 571 2
573 574 0
574 575 3
518 576 1
519 578 1
542 543 0
544 545 3
551 552 3
560 618 3
505 564 3
507 565 1
566 567 3
567 568 3
512 570 1
512 571 2
514 573 2
519 576 1
578 579 3
532 533 3
537 538 3
484 541 3
559 618 3
504 561 3
564 565 3
514 572 2
575 576 1
533 534 3
541 542 3
565 566 3
569 570 3
572 573 3
519 577 1
535 536 3
552 553 3
570 571 0
571 572 3
577 578 3
561 562 1
505 562 1
576 577 3
504 562 1
505 621 1
562 621 3
564 621 3
575 633 1
564 622 3
566 624 3
568 626 3
574 633 1
562 620 3
569 626 3
576 633 3
574 632 1
632 633 3
527 585 3
528 585 3
569 627 3
573 632 2
537 595 3
538 595 3
547 606 3
548 606 3
553 611 3
565 623 3
570 627 3
544 602 3
554 612 3
561 620 3
567 624 3
545 602 3
556 613 3
559 617 3
617 618 3
620 621 3
566 623 3
567 626 3
626 627 3
576 634 3
579 637 3
541 600 2
555 613 3
556 614 3
558 616 3
559 616 3
564 623 3
623 624 3
567 625 3
571 630 2
528 586 3
542 600 2
543 602 3
546 604 3
547 605 3
605 606 3
551 609 3
553 612 3
554 613 3
613 614 3
557 614 3
557 616 3
624 625 3
570 629 3
571 629 2
572 630 3
572 631 3
573 631 2
577 635 3
522 580 3
523 580 3
523 581 3
525 583 3
526 584 3
526 585 3
585 586 3
530 588 3
531 589 3
532 590 3
532 591 3
533 591 3
534 592 3
535 593 3
536 594 3
540 598 2
541 599 2
543 601 3
545 603 3
545 604 3
549 607 3
550 609 3
552 610 3
552 611 3
612 613 3
557 615 3
615 616 3
616 617 3
561 618 3
621 622 3
622 623 3
625 626 3
576 635 3
524 581 3
524 583 3
583 584 3
529 586 3
588 589 3
589 590 3
591 592 3
592 593 3
593 594 3
537 594 3
539 597 2
540 597 2
598 599 3
542 601 2
601 602 3
602 603 3
547 604 3
606 607 3
609 610 3
618 620 3
633 634 3
578 636 3
578 637 3
524 582 3
590 591 3
538 597 2
599 600 3
603 604 3
550 607 3
611 612 3
629 630 3
577 636 3
636 637 3
580 581 3
581 582 3
529 588 3
594 595 3
597 598 3
610 611 3
627 629 3
634 635 3
635 636 3
584 585 3
529 587 3
600 601 3
604 605 3
582 583 3
586 587 3
587 588 3
595 597 3
614 615 3
630 631 3
631 632 3
607 609 3
629 687 3
609 666 3
607 666 3
627 685 3
629 685 3
618 676 3
625 683 3
626 684 3
623 681 3
624 681 3
610 669 3
611 669 3
617 676 3
626 683 3
620 678 3
621 678 3
624 683 3
594 652 2
595 654 2
606 664 3
607 665 3
609 668 3
610 668 3
620 676 3
631 691 3
632 691 3
633 691 3
634 691 3
581 639 3
582 639 3
592 650 2
593 650 2
595 652 2
597 655 3
598 655 3
599 657 3
600 657 3
607 664 3
609 667 3
612 670 3
613 672 3
614 672 3
630 687 3
631 689 3
586 644 3
587 644 3
588 646 3
589 646 3
589 648 3
590 648 3
597 654 3
605 664 3
666 667 3
667 668 3
611 670 3
615 672 3
620 677 3
627 684 3
689 691 3
636 695 3
637 695 3
580 638 3
583 641 3
584 642 3
585 643 3
587 646 3
593 652 2
598 656 3
600 658 3
601 659 3
602 659 3
602 660 3
603 661 3
604 662 3
605 663 3
613 671 3
615 673 3
616 673 3
616 674 3
617 675 3
621 679 3
622 679 3
622 680 3
623 680 3
685 687 3
630 688 3
636 694 3
638 639 3
582 641 3
641 642 3
642 643 3
643 644 3
593 651 2
652 654 3
655 656 3
599 656 3
657 658 3
658 659 3
660 661 3
661 662 3
662 663 3
663 664 3
664 665 3
665 666 3
668 669 3
669 670 3
612 671 3
671 672 3
672 673 3
673 674 3
674 675 3
677 678 3
683 684 3
630 689 3
635 694 3
582 640 3
591 648 3
591 650 2
650 651 3
659 660 3
675 676 3
678 679 3
680 681 3
685 686 3
687 688 3
634 692 3
635 692 3
640 641 3
651 652 3
679 680 3
684 685 3
686 687 3
688 689 3
639 640 3
587 645 3
645 646 3
646 648 3
654 655 3
656 657 3
676 677 3
681 683 3
691 692 3
670 671 3
644 645 3
694 695 3
648 650 3
691 748 3
691 749 3
692 694 3
650 707 3
748 749 3
681 740 3
683 740 3
689 748 3
687 745 3
652 711 3
654 711 3
654 712 3
655 712 3
667 725 3
675 733 3
648 707 1
650 709 3
651 709 3
666 725 3
674 733 3
640 698 3
648 706 1
657 716 3
658 716 3
676 733 3
681 739 3
686 744 3
687 744 3
641 698 3
706 707 3
652 709 3
657 715 3
668 726 3
669 727 3
671 729 3
672 730 3
673 730 3
673 732 3
674 732 3
677 733 3
679 738 3
680 738 3
639 697 3
646 703 3
715 716 3
665 723 3
726 727 3
670 729 3
677 736 3
678 736 3
679 737 3
680 739 3
739 740 3
684 742 3
684 743 3
685 743 3
691 750 3
694 753 1
695 753 1
638 696 3
640 697 3
645 703 3
646 705 2
648 705 1
707 709 3
652 710 3
655 713 3
656 714 3
659 717 3
660 719 3
661 719 3
662 720 3
663 721 3
664 722 3
664 723 3
665 724 3
666 724 3
668 725 3
670 727 3
670 728 3
672 729 3
732 733 3
679 736 3
737 738 3
683 742 3
688 745 3
689 747 3
749 750 3
694 752 1
696 697 3
705 706 3
709 710 3
711 712 3
713 714 3
714 715 3
659 716 3
660 717 3
662 719 3
720 721 3
721 722 3
724 725 3
725 726 3
727 728 3
728 729 3
673 731 3
683 741 3
744 745 3
747 748 3
692 750 3
694 750 3
752 753 3
697 698 3
641 699 3
641 700 2
642 700 2
645 702 3
703 705 3
710 711 3
712 713 3
722 723 3
736 737 3
740 741 3
741 742 3
719 720 3
729 730 3
730 731 3
731 732 3
738 739 3
742 743 3
685 744 3
688 747 3
698 699 3
643 700 2
702 703 3
716 717 3
699 700 3
723 724 3
743 744 3
745 747 3
736 793 3
643 701 1
643 645 3
677 793 3
750 752 3
700 701 3
750 810 3
701 702 3
709 766 3
717 719 3
707 766 3
747 805 3
745 805 3
717 776 3
733 793 3
719 776 3
745 804 3
703 762 3
705 762 3
804 805 3
748 806 3
747 806 3
732 791 3
733 791 3
749 808 3
750 808 3
703 761 3
749 806 3
752 811 3
761 762 3
706 764 3
724 783 3
725 783 3
733 792 3
740 800 3
741 800 3
742 800 3
752 810 3
702 761 3
707 764 3
737 795 3
740 799 3
749 807 3
710 768 3
711 768 3
712 770 3
717 775 3
726 784 3
731 790 3
732 790 3
792 793 3
736 795 3
799 800 3
744 802 3
745 803 3
807 808 3
750 809 3
809 810 3
753 811 3
697 755 2
702 760 3
705 764 3
711 770 3
716 775 3
723 781 3
724 781 3
726 783 3
727 784 3
729 788 3
730 788 3
737 796 3
738 796 3
738 797 3
739 797 3
740 798 3
743 802 3
744 803 3
696 754 2
696 755 2
698 755 2
760 761 3
705 763 3
707 765 3
709 767 3
711 769 3
712 771 3
713 771 3
714 772 3
715 773 3
716 774 3
719 777 3
720 778 3
721 779 3
722 780 3
724 782 3
782 783 3
727 785 3
728 785 3
790 791 3
798 799 3
802 803 3
754 755 3
701 760 3
762 763 3
763 764 3
764 765 3
765 766 3
766 767 3
767 768 3
768 769 3
769 770 3
771 772 3
772 773 3
773 774 3
775 776 3
776 777 3
777 778 3
778 779 3
779 780 3
780 781 3
728 786 3
729 786 3
730 789 3
731 789 3
796 797 3
797 798 3
743 800 3
805 806 3
806 807 3
698 756 2
781 782 3
789 790 3
795 796 3
743 801 3
803 804 3
808 809 3
810 811 3
699 756 2
774 775 3
784 785 3
791 792 3
800 801 3
801 802 3
700 756 3
770 771 3
783 784 3
700 816 3
785 786 3
788 789 3
700 760 3
786 788 3
760 816 3
755 756 3
756 814 3
700 814 3
786 845 3
788 845 3
814 816 3
816 817 3
760 817 3
793 852 3
736 852 3
736 853 3
795 853 3
763 821 3
852 853 3
806 864 3
809 867 3
810 867 3
810 868 3
811 868 3
760 818 3
762 821 3
764 821 3
766 824 3
788 847 3
789 847 3
793 851 3
796 855 3
805 864 3
808 866 3
808 867 3
817 818 3
761 818 3
767 824 3
788 846 3
851 852 3
797 855 3
799 858 3
800 858 3
804 863 3
805 863 3
755 813 3
756 813 3
767 826 3
768 826 3
775 834 3
776 834 3
777 834 3
789 848 3
790 848 3
797 856 3
798 856 3
802 860 3
803 860 3
804 862 3
811 869 3
754 812 3
761 819 3
762 820 3
764 822 3
765 823 3
765 824 3
767 825 3
769 827 3
771 829 3
772 830 3
773 831 3
774 832 3
775 833 3
777 835 3
778 836 3
779 837 3
780 838 3
781 839 3
782 840 3
783 841 3
784 842 3
785 843 3
785 844 3
786 844 3
791 849 3
792 851 3
801 860 3
803 862 3
807 865 3
812 813 3
818 819 3
819 820 3
820 821 3
822 823 3
825 826 3
826 827 3
770 827 3
770 829 3
829 830 3
830 831 3
831 832 3
832 833 3
833 834 3
834 835 3
835 836 3
836 837 3
837 838 3
838 839 3
782 839 3
782 841 3
841 842 3
842 843 3
848 849 3
792 849 3
796 853 3
796 854 3
801 858 3
862 863 3
864 865 3
866 867 3
868 869 3
824 825 3
840 841 3
843 844 3
846 847 3
847 848 3
853 854 3
798 857 3
799 857 3
863 864 3
807 866 3
821 822 3
823 824 3
844 845 3
845 846 3
854 855 3
855 856 3
857 858 3
867 868 3
856 857 3
865 866 3
839 840 3
803 919 3
860 919 3
862 919 3
813 814 3
858 860 3
827 829 3
849 851 3
827 886 3
829 886 3
866 924 3
867 924 3
818 876 3
819 876 3
851 908 3
814 873 3
849 908 3
858 917 3
860 917 3
816 873 3
817 876 3
854 913 3
855 913 3
812 870 3
813 870 3
816 874 3
821 879 3
822 879 3
844 903 3
845 903 3
851 909 3
852 909 3
856 914 3
867 926 3
868 926 3
817 874 3
820 879 3
841 899 3
854 912 3
862 920 3
926 984 3
813 872 3
814 872 3
822 880 3
823 880 3
831 889 3
842 899 3
846 903 3
912 913 3
857 916 3
858 916 3
860 918 3
863 920 3
864 922 3
867 984 3
869 927 3
817 875 3
819 877 3
820 878 3
823 881 3
824 882 3
825 883 3
826 884 3
827 884 3
827 885 3
830 889 3
832 890 3
833 891 3
834 891 3
834 892 3
835 893 3
836 893 3
837 895 3
838 896 3
839 897 3
840 898 3
841 898 3
842 900 3
843 901 3
846 904 3
847 905 3
847 906 3
848 906 3
848 907 3
849 907 3
852 910 3
853 910 3
853 911 3
917 918 3
863 922 3
865 922 3
868 927 3
873 874 3
877 878 3
881 882 3
882 883 3
883 884 3
885 886 3
829 887 3
830 887 3
889 890 3
890 891 3
892 893 3
836 894 3
836 895 3
895 896 3
896 897 3
897 898 3
899 900 3
900 901 3
844 901 3
844 902 3
903 904 3
904 905 3
905 906 3
908 909 3
909 910 3
910 911 3
911 912 3
919 920 3
865 923 3
866 923 3
872 873 3
875 876 3
876 877 3
878 879 3
879 880 3
894 895 3
898 899 3
901 902 3
902 903 3
907 908 3
855 914 3
857 914 3
918 919 3
870 872 3
880 881 3
891 892 3
893 894 3
913 914 3
922 923 3
923 924 3
924 984 3
926 927 3
884 885 3
906 907 3
874 875 3
886 887 3
916 917 3
887 946 3
830 946 3
924 925 3
889 946 3
925 984 3
914 916 3
927 984 3
870 929 3
872 929 3
914 972 3
920 979 3
863 979 3
924 982 3
907 965 3
912 971 3
913 971 3
922 979 3
906 965 3
919 977 3
922 981 3
923 981 3
876 934 3
884 942 3
894 952 3
909 967 3
916 973 3
874 932 3
875 934 3
885 942 3
885 944 3
886 944 3
893 952 3
895 953 3
907 966 3
914 973 3
916 975 3
918 977 3
922 980 3
873 931 3
875 932 3
877 934 3
887 944 3
894 953 3
900 959 3
901 959 3
906 964 3
908 966 3
909 966 3
917 975 3
919 978 3
920 978 3
980 981 3
870 928 3
872 931 3
875 933 3
877 935 3
878 936 3
879 936 3
879 937 3
880 938 3
881 938 3
881 939 3
882 940 3
883 940 3
883 941 3
885 943 3
889 947 3
890 948 3
890 949 3
891 949 3
892 950 3
893 951 3
896 954 3
897 956 3
898 956 3
899 957 3
900 958 3
902 959 3
902 960 3
903 961 3
904 962 3
905 963 3
905 964 3
964 965 3
910 969 3
911 969 3
912 970 3
914 971 3
918 976 3
977 978 3
928 929 3
931 932 3
932 933 3
933 934 3
934 935 3
935 936 3
936 937 3
937 938 3
938 939 3
939 940 3
941 942 3
942 943 3
943 944 3
947 948 3
949 950 3
950 951 3
953 954 3
897 954 3
956 957 3
957 958 3
958 959 3
959 960 3
903 960 3
961 962 3
962 963 3
963 964 3
965 966 3
910 967 3
910 968 3
912 969 3
970 971 3
917 976 3
940 941 3
946 947 3
948 949 3
897 955 3
966 967 3
971 972 3
972 973 3
978 979 3
979 980 3
925 982 3
925 983 3
952 953 3
954 955 3
955 956 3
960 961 3
968 969 3
969 970 3
975 976 3
924 981 3
983 984 3
927 985 3
951 952 3
967 968 3
982 983 3
984 985 3
976 977 3
981 982 3
872 988 3
887 1003 3
929 988 3
931 988 3
944 1003 3
973 975 3
946 1003 3
968 1026 3
984 1042 3
985 1042 3
967 1025 3
967 1026 3
966 1025 3
973 1032 3
975 1033 3
980 1038 3
965 1024 3
966 1024 3
973 1031 3
976 1033 3
944 1002 3
1025 1026 3
969 1028 3
970 1028 3
971 1028 3
972 1031 3
975 1032 3
977 1035 3
978 1035 3
932 990 3
943 1002 3
1002 1003 3
958 1017 3
959 1017 3
968 1027 3
969 1027 3
971 1029 3
971 1030 3
972 1030 3
1031 1032 3
976 1034 3
981 1038 3
931 990 3
935 993 3
936 995 3
937 995 3
938 996 3
946 1004 3
954 1012 3
1033 1034 3
981 1039 3
982 1039 3
931 989 3
934 993 3
937 996 3
938 997 3
939 997 3
942 1000 3
1003 1004 3
947 1004 3
953 1012 3
956 1014 3
1024 1025 3
1029 1030 3
1032 1033 3
976 1035 3
979 1037 3
983 1041 3
983 1042 3
985 1043 3
928 986 3
929 987 3
989 990 3
933 990 3
933 991 3
934 992 3
940 997 3
940 999 3
941 999 3
943 1000 3
948 1006 3
949 1007 3
950 1008 3
951 1008 3
952 1010 3
953 1011 3
955 1012 3
955 1014 3
957 1015 3
958 1016 3
960 1018 3
961 1019 3
962 1020 3
963 1021 3
964 1022 3
965 1022 3
965 1023 3
978 1037 3
1037 1038 3
982 1040 3
982 1041 3
1042 1043 3
986 987 3
987 988 3
991 992 3
992 993 3
999 1000 3
947 1006 3
1006 1007 3
1007 1008 3
951 1010 3
1010 1011 3
1011 1012 3
956 1015 3
1015 1016 3
1016 1017 3
1017 1018 3
1018 1019 3
1019 1020 3
1020 1021 3
1021 1022 3
1027 1028 3
1028 1029 3
1030 1031 3
1034 1035 3
1038 1039 3
1040 1041 3
1041 1042 3
936 993 3
995 996 3
996 997 3
1023 1024 3
1039 1040 3
990 991 3
1014 1015 3
1022 1023 3
1026 1027 3
988 989 3
997 999 3
1000 1002 3
1012 1014 3
993 995 3
1004 1006 3
1008 1010 3
