0 1 3
1 2 3
2 3 3
3 4 3
4 5 3
5 6 3
6 7 3
7 66 3
9 66 3
9 10 3
10 11 3
11 69 3
13 69 3
13 14 3
14 15 3
15 17 3
17 18 3
18 19 3
19 20 3
20 21 3
21 22 1
22 23 3
23 24 0
24 25 0
25 26 3
26 27 3
27 28 3
28 29 3
29 30 3
30 31 3
31 32 3
32 33 3
33 34 3
34 36 3
36 37 3
37 38 3
38 40 3
40 41 3
41 42 3
42 43 1
43 44 1
44 45 0
45 46 3
46 47 3
47 48 3
48 50 3
50 51 3
51 52 0
52 53 3
53 54 3
54 55 3
55 56 3
56 57 3
4 61 3
40 97 3
3 61 3
38 97 3
43 102 3
6 64 3
7 64 3
44 102 0
48 107 3
5 64 3
50 107 3
50 108 3
55 113 3
15 74 3
17 74 3
56 113 3
107 108 3
7 65 3
34 93 3
36 93 3
45 102 3
54 113 3
20 77 3
14 73 3
19 77 3
29 88 3
30 88 3
32 90 3
34 92 3
52 110 3
9 67 3
15 73 3
18 76 3
33 90 3
33 92 3
37 96 3
38 96 3
46 104 3
53 111 3
54 111 3
56 114 3
57 114 3
2 60 3
10 67 2
10 68 3
14 72 3
17 76 3
21 77 3
23 81 3
25 84 3
28 86 3
28 87 3
29 87 3
31 89 3
36 94 3
37 94 3
96 97 3
45 103 3
47 104 3
47 105 3
51 110 0
0 58 3
1 60 3
3 60 3
5 63 3
72 73 3
17 75 3
18 77 3
22 81 3
26 84 3
30 89 3
33 91 3
46 103 3
104 105 3
52 111 3
54 112 3
113 114 3
57 115 3
1 58 3
60 61 3
63 64 3
64 65 3
66 67 3
67 68 3
68 69 3
13 71 3
14 71 3
75 76 3
27 85 3
28 85 3
88 89 3
89 90 3
90 91 3
91 92 3
97 98 1
40 98 1
41 98 1
41 99 1
42 99 1
102 103 3
51 109 3
112 113 3
114 115 3
71 72 3
21 79 0
24 81 1
24 82 1
25 82 1
87 88 3
92 93 3
42 100 1
43 100 3
50 109 3
110 111 3
111 112 3
13 70 3
73 74 3
76 77 3
86 87 3
93 94 3
100 102 3
103 104 3
48 105 3
108 109 3
109 110 0
58 59 3
1 59 3
4 63 3
65 66 3
69 70 3
74 75 3
26 85 3
85 86 3
98 99 3
99 100 3
59 60 3
84 85 3
61 63 3
81 82 1
48 106 3
106 107 3
22 79 0
100 159 3
102 159 3
77 136 3
21 136 3
79 136 1
61 120 3
70 71 3
92 150 3
93 150 3
94 96 3
105 164 3
48 164 3
66 124 3
67 124 3
94 153 3
106 164 3
114 172 3
85 143 3
96 153 3
99 158 3
107 164 1
63 120 3
63 122 3
64 122 3
79 138 0
100 158 3
113 172 3
61 119 3
63 121 3
71 130 3
72 130 3
73 130 3
73 131 3
74 131 3
22 138 0
84 143 3
88 146 3
108 166 3
109 166 3
60 119 3
121 122 3
68 126 3
71 129 3
75 133 3
87 146 3
91 150 3
153 154 3
96 154 3
114 173 3
115 173 3
120 121 3
67 126 3
70 128 3
70 129 3
89 147 3
90 147 3
102 160 3
103 160 3
112 170 3
172 173 3
58 116 3
59 116 3
59 117 3
60 117 3
60 118 3
119 120 3
69 126 3
69 128 3
75 132 3
76 134 3
77 135 3
135 136 3
81 138 0
86 143 3
91 149 3
93 151 3
159 160 3
103 161 3
107 166 3
111 169 3
112 169 3
113 170 3
118 119 3
69 127 3
74 132 3
81 139 0
82 84 0
90 148 3
90 149 3
150 151 3
97 155 3
98 156 3
99 156 3
99 157 3
109 167 3
110 167 1
65 123 3
126 127 3
127 128 3
75 134 3
82 139 0
82 141 0
82 142 0
84 142 3
86 145 3
87 145 3
146 147 3
147 148 3
149 150 3
94 151 3
154 155 3
155 156 1
156 157 3
158 159 3
104 162 3
166 167 3
117 118 3
129 130 3
130 131 3
131 132 3
132 133 3
77 134 3
148 149 3
104 161 3
105 162 3
162 164 3
110 169 3
170 171 0
116 117 3
64 123 3
65 124 3
138 139 3
145 146 3
99 216 1
158 216 1
160 161 3
67 183 3
126 183 3
141 142 3
142 143 3
160 218 3
161 218 3
162 220 1
123 124 3
124 183 3
128 129 3
133 134 3
151 210 3
94 210 3
157 216 1
161 162 3
167 168 2
110 168 1
134 135 3
143 145 3
168 169 2
113 171 3
139 141 3
171 172 3
122 123 3
153 210 3
135 193 0
79 195 0
138 195 3
139 197 3
143 201 3
136 195 0
138 197 3
164 221 3
164 166 0
166 224 3
161 220 2
162 221 3
169 170 3
172 229 0
142 201 3
143 202 3
145 202 3
145 203 3
155 213 1
131 190 3
132 190 3
134 192 3
139 198 3
141 198 3
146 204 3
169 226 3
122 180 3
123 180 3
123 181 3
126 185 3
127 185 3
129 187 3
133 192 3
145 204 3
159 217 3
164 223 3
166 223 3
223 224 3
124 181 3
197 198 3
151 209 3
160 217 3
169 227 3
170 227 3
229 230 2
172 230 0
120 178 3
124 182 3
126 184 3
128 186 3
129 186 3
133 190 3
141 199 3
201 202 3
148 206 3
149 206 3
209 210 3
154 212 3
155 212 3
158 217 3
167 283 3
168 226 2
170 228 1
173 230 0
116 174 3
116 175 3
117 175 3
117 176 3
118 176 3
118 177 3
119 177 3
120 179 3
121 179 3
180 181 3
130 187 3
130 189 3
131 189 3
133 191 3
138 196 3
142 199 3
146 205 3
147 205 3
149 207 3
150 208 3
156 214 1
157 215 1
161 219 3
219 220 3
164 222 3
174 175 3
175 176 3
176 177 3
119 178 3
179 180 3
183 184 3
128 185 3
189 190 3
196 197 3
207 208 3
151 208 3
153 211 3
154 211 3
213 214 3
216 217 0
222 223 3
166 283 3
227 228 1
171 228 1
171 229 2
177 178 3
182 183 3
184 185 3
186 187 3
190 191 3
191 192 3
205 206 3
151 267 3
212 213 1
157 214 1
215 216 3
221 222 3
226 227 3
228 229 0
173 231 1
178 179 3
130 188 3
135 192 3
192 193 0
202 203 3
204 205 3
206 207 3
209 267 3
211 212 3
230 231 1
187 188 3
188 189 3
208 267 3
217 218 3
224 283 3
181 182 3
195 196 3
210 211 3
214 215 3
198 199 3
220 221 0
136 193 0
203 204 3
185 186 3
202 260 3
218 219 3
227 285 3
228 285 2
193 195 3
195 252 3
180 238 3
193 251 3
193 252 3
228 287 0
192 251 0
216 274 0
226 283 3
226 284 3
229 287 2
230 288 2
174 233 3
175 233 3
201 260 3
217 274 3
231 288 3
176 233 3
177 235 3
182 240 3
185 243 3
199 258 3
208 266 3
266 267 3
219 276 3
283 341 3
228 286 2
286 287 3
176 234 3
176 235 3
183 240 3
186 243 3
186 244 3
187 244 3
195 253 3
199 257 3
142 258 3
206 264 3
207 264 3
213 271 2
218 276 3
223 281 3
283 284 3
233 234 3
183 241 3
188 246 0
189 246 0
196 253 3
198 257 3
204 263 3
205 263 3
206 263 3
211 270 3
212 270 3
224 281 3
285 286 3
229 288 2
184 241 3
198 256 3
201 258 3
207 265 3
208 265 3
212 271 1
174 232 3
234 235 3
181 240 3
189 247 3
190 248 3
191 249 3
192 249 3
196 254 3
197 255 3
198 255 3
256 257 3
213 272 0
214 272 0
215 273 0
215 274 0
231 289 3
232 233 3
178 235 3
181 239 3
185 242 3
246 247 1
247 248 3
190 249 3
192 250 0
254 255 3
257 258 3
263 264 3
264 265 3
273 274 3
220 279 2
221 279 1
179 237 3
180 237 3
180 297 3
180 239 3
184 242 3
242 243 3
248 249 3
250 251 3
210 267 3
287 288 3
178 237 3
238 297 3
239 297 3
239 240 3
240 241 3
244 245 0
188 244 2
249 250 0
255 256 3
265 266 3
270 271 1
271 272 0
220 276 2
220 278 3
188 245 0
251 252 3
252 253 3
278 279 3
284 285 3
235 237 3
281 283 2
283 339 3
249 308 0
214 273 0
217 275 3
217 276 3
222 281 3
281 339 0
339 341 3
284 342 3
237 238 3
243 244 3
245 246 3
250 308 3
204 261 3
211 267 3
275 276 3
222 338 0
283 342 3
253 254 3
203 261 3
261 263 3
272 273 3
222 279 1
341 342 3
248 308 0
202 261 3
271 329 0
274 275 3
281 338 2
288 289 3
258 260 3
270 329 3
279 338 0
235 294 3
237 294 3
267 326 3
276 334 0
241 242 3
260 261 3
211 326 3
276 335 0
220 335 0
278 335 0
263 321 3
270 326 3
260 317 3
261 321 3
252 311 3
253 311 3
258 317 3
270 327 3
334 335 3
241 298 3
248 307 0
275 333 0
276 333 0
279 337 0
240 297 3
307 308 3
254 312 3
326 327 3
337 338 3
255 312 3
270 328 3
274 333 0
286 344 3
234 292 3
234 293 3
240 298 3
254 311 3
255 313 3
256 315 3
260 318 3
265 323 3
328 329 3
271 330 0
272 330 0
274 332 0
338 339 0
285 344 3
287 346 3
288 346 3
232 290 3
233 290 3
292 293 3
235 293 3
251 310 3
252 310 3
310 311 3
256 313 3
257 315 3
317 318 3
264 323 3
285 342 3
288 347 3
289 347 3
233 291 3
245 303 3
245 304 3
246 304 3
247 305 3
251 309 3
258 315 3
258 316 3
261 318 3
264 322 3
267 325 3
327 328 3
272 331 0
273 331 0
273 332 0
285 343 3
287 344 3
290 291 3
233 292 3
297 298 3
242 300 3
244 303 0
304 305 1
248 305 3
251 308 3
309 310 3
312 313 3
315 316 3
321 322 3
325 326 3
332 333 3
343 344 3
346 347 3
291 292 3
294 295 3
237 295 3
241 300 3
242 301 3
322 323 3
266 323 3
330 331 3
331 332 3
333 334 3
342 343 3
287 345 3
293 294 3
238 296 3
300 301 3
243 301 3
244 302 3
308 309 3
316 317 3
266 325 3
237 296 3
296 297 3
243 302 3
311 312 3
329 330 3
295 296 3
302 303 0
345 346 3
303 304 3
344 345 3
301 302 3
307 365 3
321 378 3
248 365 0
278 394 0
278 395 0
279 395 0
297 356 1
313 315 3
261 377 3
335 394 3
394 395 3
337 395 0
341 399 3
291 349 3
298 356 1
318 377 3
323 325 3
308 365 3
292 349 3
241 356 1
329 387 3
339 399 3
300 356 1
305 364 3
248 364 3
321 379 3
323 382 3
325 382 3
328 387 3
313 371 3
339 398 3
364 365 0
312 371 3
261 378 3
322 379 3
330 387 3
398 399 3
297 355 2
365 366 3
308 366 3
309 367 3
310 367 3
317 375 3
318 376 3
333 392 3
334 392 3
339 397 3
346 404 3
355 356 1
316 375 3
317 376 3
338 396 3
338 397 0
347 404 3
315 373 3
335 393 3
393 394 3
337 396 3
296 354 3
303 361 3
313 373 3
379 380 3
322 380 3
326 384 3
330 388 3
342 399 3
343 401 3
290 349 3
302 361 0
311 370 3
312 370 3
316 374 3
375 376 3
327 384 3
331 388 3
334 393 3
396 397 0
397 398 3
342 401 3
344 402 3
345 402 3
290 348 3
293 351 3
356 416 3
301 359 3
304 361 3
304 362 3
305 363 3
309 366 3
310 369 3
311 369 3
370 371 3
315 374 3
323 381 3
325 383 3
326 383 3
328 386 3
331 389 3
332 389 3
332 390 3
333 391 3
344 401 3
347 405 3
348 349 3
292 350 3
293 350 3
296 355 3
356 357 3
300 416 1
302 359 3
302 360 3
362 363 1
363 364 3
369 370 3
374 375 3
376 377 3
380 381 3
381 382 3
327 385 3
327 386 3
386 387 3
387 388 3
390 391 3
391 392 3
357 416 3
360 361 0
367 369 3
383 384 3
345 404 3
294 351 3
295 410 3
354 355 3
359 360 3
378 379 3
382 383 3
385 386 3
388 389 3
392 393 3
401 402 3
404 405 3
349 350 3
350 351 3
294 410 3
361 362 3
366 367 3
313 430 3
373 430 3
373 374 3
389 390 3
399 401 3
351 410 3
300 359 3
295 354 2
364 422 0
365 422 3
384 385 3
399 458 3
345 403 3
401 458 3
403 404 3
371 430 3
395 396 1
402 403 3
354 412 3
355 412 3
396 454 0
399 457 3
457 458 3
295 411 3
354 411 1
371 429 3
429 430 3
369 428 3
410 411 3
370 428 3
395 454 1
370 429 3
384 442 3
385 442 3
401 460 3
402 460 3
350 408 0
356 414 3
369 426 3
374 432 3
383 441 3
401 459 3
404 462 3
348 406 3
349 406 3
355 414 1
359 416 1
367 426 3
373 431 3
375 432 3
377 378 3
382 441 3
386 445 3
387 445 3
398 456 3
459 460 3
360 418 0
361 420 3
362 420 3
376 434 3
384 441 3
442 443 3
385 443 3
386 444 3
399 456 3
458 459 3
403 462 3
415 416 3
361 418 2
375 434 3
377 434 3
380 438 3
381 439 3
382 439 3
382 440 3
441 442 3
385 444 3
387 446 3
388 446 3
389 447 3
390 447 3
402 461 3
403 461 3
405 463 3
349 407 3
351 408 0
357 415 3
422 424 3
365 424 3
367 425 3
369 427 3
428 429 3
373 432 3
438 439 3
439 440 3
444 445 3
446 447 3
394 452 1
395 453 1
453 454 3
397 455 1
397 456 3
456 457 3
404 463 3
406 407 2
357 414 3
359 417 3
360 417 3
362 479 2
366 424 3
367 424 3
426 427 3
427 428 3
379 438 3
440 441 3
443 444 3
391 507 3
392 507 1
392 451 1
393 451 1
396 455 1
455 456 0
460 461 3
461 462 3
462 463 3
420 479 2
363 479 0
424 482 3
424 425 3
425 426 3
431 432 3
375 433 3
377 435 3
390 507 3
450 507 3
392 450 1
454 455 1
350 407 2
408 410 1
433 434 3
434 435 3
445 446 3
394 451 1
395 452 1
412 414 1
432 433 3
450 451 3
416 474 3
418 477 3
430 431 3
378 435 3
379 436 3
452 453 3
416 417 0
417 418 2
506 507 3
451 452 3
390 506 3
417 474 1
436 438 3
414 415 3
435 436 3
378 436 3
407 408 0
411 412 0
412 470 1
424 483 3
425 483 3
427 484 3
447 506 3
364 479 2
426 484 3
430 487 3
408 466 3
422 481 3
424 481 3
482 483 3
429 487 3
458 517 3
415 474 3
481 482 3
459 517 3
408 467 3
445 503 3
414 471 3
442 500 3
446 503 3
407 465 3
410 467 0
411 470 2
412 471 1
361 477 3
426 483 3
440 498 3
441 498 3
443 500 3
428 486 3
430 488 3
431 488 3
431 489 3
432 489 3
432 490 3
436 439 1
408 465 1
411 469 3
414 473 3
415 473 3
417 476 3
418 476 2
361 478 3
420 478 3
478 479 2
483 484 3
429 486 3
487 488 3
433 490 3
441 499 3
446 504 3
447 504 3
453 511 1
457 517 0
406 464 3
410 469 3
469 470 2
477 478 3
422 480 3
443 501 3
444 501 3
444 502 3
450 508 3
451 508 3
451 510 3
452 510 3
455 513 0
456 514 3
460 519 3
461 519 3
462 519 3
462 520 1
462 521 3
463 521 3
464 465 3
410 468 3
470 471 1
414 472 3
476 477 0
364 480 0
489 490 3
498 499 3
499 500 3
445 502 3
453 510 3
455 514 0
457 515 3
457 516 3
460 518 3
468 469 3
488 489 3
436 496 1
439 496 1
501 502 3
503 504 3
507 508 3
451 509 3
510 511 1
454 512 1
515 516 3
516 517 3
459 518 3
518 519 3
519 520 3
520 521 0
467 468 1
434 492 1
435 551 1
500 501 3
508 509 3
509 510 3
454 511 1
457 514 3
471 472 3
474 476 0
480 481 3
486 487 3
433 549 1
435 492 1
439 498 3
408 524 3
466 524 3
492 549 3
436 494 1
436 553 1
439 497 1
502 503 3
511 512 3
454 513 1
514 515 3
466 467 3
472 473 3
435 494 1
496 497 3
497 498 0
512 513 3
513 514 1
517 518 3
465 524 0
504 506 3
427 543 3
428 543 3
494 551 2
484 543 3
492 551 2
364 595 3
490 549 1
480 595 1
482 540 2
486 543 3
483 540 3
494 553 3
496 553 3
467 525 3
467 524 3
479 537 0
364 537 0
481 540 3
486 544 2
494 552 3
490 548 1
548 549 3
498 557 3
489 548 1
497 555 3
497 557 0
415 532 3
474 532 3
543 544 3
488 546 3
489 546 3
555 557 0
499 557 3
504 562 3
506 564 3
507 564 3
524 525 3
468 525 0
469 528 3
470 528 1
471 528 3
484 542 3
487 544 2
503 562 3
465 523 3
474 533 3
481 539 2
542 543 3
487 546 3
492 550 3
551 552 2
496 554 3
497 554 3
501 559 3
521 579 1
464 522 3
464 523 3
476 533 1
476 535 3
477 535 1
478 535 1
539 540 3
483 541 2
487 545 3
489 547 2
550 551 2
552 553 3
554 555 3
500 558 3
501 558 3
502 559 3
503 561 3
507 565 1
508 566 1
509 566 1
512 571 1
513 571 1
513 572 1
514 572 1
515 573 1
517 574 1
520 579 3
522 523 3
468 526 2
532 533 3
476 534 3
480 539 3
484 541 2
544 545 3
545 546 3
546 547 3
547 548 1
500 557 3
502 561 3
565 566 2
511 569 1
512 569 1
571 572 3
515 572 1
515 574 1
516 574 1
517 575 1
518 575 1
518 576 1
519 576 1
519 578 1
520 578 1
523 524 0
525 526 1
527 528 3
540 541 3
549 550 3
553 554 3
557 558 3
564 565 1
569 571 3
572 573 3
573 574 3
574 575 3
519 577 1
578 579 0
468 527 3
469 527 3
534 535 3
541 542 3
561 562 3
575 576 3
576 577 3
577 578 3
471 530 3
472 530 3
533 534 0
510 568 1
511 568 1
528 530 3
473 530 3
478 537 3
509 567 1
568 569 3
528 587 3
558 559 3
562 564 3
566 567 3
510 567 1
528 586 3
530 587 3
555 614 3
526 527 3
527 586 3
478 593 3
480 596 1
613 614 3
557 614 2
567 568 3
535 593 3
537 595 1
595 596 3
559 561 3
539 596 3
524 582 1
415 589 3
532 589 3
478 594 2
537 594 3
525 582 1
548 607 3
551 608 2
473 589 3
593 594 3
562 621 3
565 623 3
566 623 2
525 583 1
586 587 3
533 591 3
534 591 1
564 621 3
523 582 3
582 583 3
526 583 3
542 601 2
543 601 2
544 601 3
549 607 3
559 619 3
561 619 3
561 620 3
562 620 3
569 628 3
555 613 3
557 615 2
571 628 3
552 610 2
568 626 3
568 627 3
569 627 3
551 610 2
614 615 3
557 616 2
566 624 3
567 625 3
567 626 3
626 627 3
627 628 3
578 636 3
522 580 3
523 580 3
532 591 3
534 593 3
539 598 3
540 598 3
542 600 2
546 604 3
554 612 3
558 616 2
559 618 3
618 619 3
566 625 3
572 630 2
573 630 2
575 633 0
577 636 3
578 637 3
579 637 1
526 584 3
530 589 3
541 598 3
541 600 3
600 601 3
544 602 3
545 604 3
547 605 3
548 605 2
553 612 3
573 631 0
574 631 0
574 633 0
576 633 2
523 581 3
527 584 3
527 585 3
596 597 3
596 598 3
541 599 3
601 602 3
545 603 3
615 616 3
559 616 2
619 620 3
564 622 1
623 624 2
574 632 0
576 634 3
577 634 3
580 581 3
584 585 3
530 588 3
532 590 3
534 592 3
592 593 3
598 599 3
599 600 3
544 603 3
620 621 3
622 623 3
624 625 3
632 633 2
587 588 3
530 647 3
589 590 3
591 592 0
546 605 3
550 607 3
553 610 2
559 617 3
571 630 2
630 631 0
633 634 2
577 635 3
581 582 3
583 584 3
585 586 3
589 647 3
602 603 3
550 608 3
553 611 2
616 617 3
625 626 3
631 632 3
586 644 3
588 647 3
594 595 1
603 604 3
604 605 3
610 611 3
555 612 3
634 635 3
590 591 3
597 598 3
612 613 3
621 622 1
607 608 3
608 610 3
617 618 3
635 636 3
636 637 3
611 612 3
628 687 3
571 687 3
630 687 1
548 664 2
605 664 3
607 664 2
610 667 3
608 667 2
626 684 3
627 684 3
591 649 3
594 652 3
596 654 3
597 654 3
582 640 3
587 644 0
592 649 3
595 652 2
625 683 3
626 683 2
636 695 3
581 640 3
583 640 3
585 643 3
586 643 3
649 650 3
595 653 2
596 653 3
598 656 3
613 671 2
637 695 3
592 650 3
652 653 3
601 659 3
602 659 3
607 666 2
608 666 2
612 671 2
614 671 3
615 673 3
616 673 3
590 647 3
593 651 3
597 655 3
603 661 3
604 661 3
607 665 2
583 641 3
584 643 3
643 644 3
587 645 3
598 655 3
599 656 3
604 662 3
664 665 3
665 666 3
666 667 3
610 668 3
612 669 2
620 678 3
628 686 3
686 687 2
580 638 3
590 648 3
591 648 3
594 651 3
654 655 3
600 658 3
611 668 3
611 669 3
614 672 3
619 678 3
621 678 3
621 680 1
622 680 0
627 686 3
581 638 3
640 641 3
584 642 3
588 645 3
650 651 3
599 657 3
601 658 3
661 662 3
605 663 3
612 670 2
671 672 3
616 674 3
617 675 3
618 676 3
621 679 1
623 681 0
624 682 1
683 684 2
627 685 3
630 688 1
631 688 1
631 689 1
635 693 3
583 642 3
642 643 3
644 645 3
651 652 3
655 656 3
656 657 3
657 658 3
602 660 3
603 660 3
662 663 3
663 664 3
667 668 3
669 670 3
670 671 3
672 673 3
673 674 3
674 675 3
618 675 3
618 677 3
619 677 3
678 679 1
679 680 2
680 681 2
681 682 1
682 683 2
685 686 3
687 688 3
632 689 1
632 690 1
633 690 1
633 692 2
634 692 3
634 693 3
636 693 3
653 654 3
659 660 3
660 661 3
668 669 3
676 677 3
677 678 3
658 659 3
684 685 3
689 690 3
675 676 3
633 691 1
692 693 3
641 642 3
688 689 3
690 691 3
638 640 3
648 649 3
693 695 3
647 648 3
640 697 3
691 692 3
588 704 3
638 697 3
645 704 3
647 704 3
688 746 3
691 749 2
695 752 3
687 746 3
683 741 0
692 749 2
684 743 3
685 743 3
693 752 3
642 700 3
643 700 3
686 744 3
650 708 3
651 708 3
653 711 3
654 712 3
655 712 3
664 723 3
665 723 3
668 726 3
686 745 3
687 745 3
689 748 3
690 748 3
647 705 2
648 705 3
649 707 2
650 707 3
651 710 3
652 710 3
654 711 3
655 713 3
656 714 3
660 718 3
661 718 3
663 721 3
666 723 3
669 726 3
669 727 3
670 727 3
675 734 3
676 734 3
677 735 1
745 746 3
689 746 3
692 750 3
638 696 3
653 710 3
711 712 3
655 714 3
657 715 3
658 715 3
659 717 3
660 717 3
661 719 3
661 720 3
662 720 3
664 721 3
664 722 3
666 724 3
667 725 3
670 729 3
671 729 3
672 731 3
673 731 3
674 732 3
678 735 1
678 736 1
679 736 3
680 738 1
681 739 3
682 740 0
682 741 0
684 742 3
689 747 1
690 749 2
693 750 3
640 698 2
643 701 2
707 708 3
713 714 3
720 721 3
722 723 3
723 724 3
724 725 3
725 726 3
726 727 3
672 729 3
672 730 3
731 732 3
675 732 3
675 733 3
679 738 3
738 739 0
739 740 2
684 741 0
686 743 3
746 747 1
747 748 0
696 697 3
641 700 3
704 705 3
705 706 3
648 706 2
649 706 3
712 713 3
714 715 3
658 716 3
659 716 3
719 720 3
721 722 3
729 730 3
677 734 3
679 737 3
737 738 3
741 742 1
742 743 3
749 750 3
700 701 3
644 701 3
645 703 2
717 718 3
730 731 3
732 733 3
740 741 1
744 745 3
641 698 3
644 703 3
706 707 3
710 711 3
718 719 3
734 735 1
735 736 3
743 744 3
748 749 1
697 698 3
733 734 3
716 717 3
708 710 3
736 737 3
701 702 3
644 702 3
703 704 3
715 716 3
641 699 3
702 703 3
699 700 3
750 808 3
698 699 3
708 767 3
710 767 3
693 808 1
727 786 3
670 786 3
752 811 3
747 749 2
698 756 3
699 757 3
700 757 3
729 786 3
699 756 3
741 799 1
752 810 3
697 755 3
707 765 3
708 765 3
733 791 3
738 796 3
740 799 1
693 809 3
810 811 3
698 755 3
704 762 2
716 774 3
717 774 3
720 778 3
721 778 3
732 791 3
734 791 3
736 794 3
737 796 3
739 797 1
742 799 3
752 809 2
755 756 3
703 762 3
705 762 3
706 764 3
706 765 3
711 769 3
712 769 3
731 789 3
736 795 3
737 795 3
740 797 1
809 810 3
702 760 3
703 761 3
705 763 3
764 765 3
710 768 3
711 768 3
713 771 3
714 772 3
715 772 3
717 775 3
718 775 3
729 787 3
730 789 3
731 790 3
732 790 3
734 792 3
735 793 3
738 797 3
740 798 1
742 800 3
743 800 3
744 802 3
745 802 2
808 809 3
696 754 3
700 758 3
701 760 3
761 762 3
762 763 3
706 763 3
712 770 3
714 771 3
715 773 3
774 775 3
719 777 3
721 779 3
722 780 3
723 781 3
724 782 3
725 783 3
726 784 3
727 785 3
786 787 3
729 788 3
730 788 3
736 793 3
794 795 3
796 797 3
798 799 3
697 754 3
756 757 3
757 758 3
701 758 3
708 766 3
767 768 3
769 770 3
770 771 3
772 773 3
773 774 3
718 777 3
777 778 3
778 779 3
721 780 3
780 781 3
781 782 3
782 783 3
783 784 3
784 785 3
785 786 3
789 790 3
791 792 3
792 793 1
793 794 3
799 800 3
743 802 3
701 759 3
702 761 3
768 769 3
779 780 3
790 791 3
797 798 3
743 801 3
754 755 3
759 760 3
760 761 3
765 766 3
766 767 3
800 801 3
749 807 2
749 808 2
771 772 3
795 796 3
802 803 3
745 803 3
763 764 3
788 789 3
747 805 0
749 805 0
787 788 3
805 807 1
801 802 3
758 759 3
775 777 3
807 808 3
746 803 2
746 804 2
746 805 3
803 804 3
804 805 0
805 864 3
775 834 3
777 834 3
760 818 3
756 814 3
757 814 3
759 817 3
760 817 3
761 818 3
773 832 3
774 832 3
804 862 3
805 862 1
807 864 0
757 815 3
817 818 3
765 823 3
809 867 0
755 813 3
756 813 3
814 815 3
758 815 3
758 816 3
766 823 3
792 850 3
793 850 0
799 857 3
810 867 0
754 813 3
815 816 3
800 857 3
802 860 3
762 820 3
763 820 3
774 833 3
775 833 3
785 844 3
786 844 3
795 853 3
801 860 3
807 866 2
808 866 0
759 816 3
761 819 3
768 826 3
772 831 3
773 831 3
778 837 3
779 837 3
785 843 3
787 846 3
788 846 3
794 852 3
800 858 3
801 858 3
809 866 0
818 819 3
763 821 3
764 821 3
764 823 3
767 826 3
769 826 3
771 829 3
778 836 3
784 843 3
787 844 3
790 848 3
791 848 3
791 849 3
795 852 3
798 856 3
801 859 3
859 860 3
807 865 0
754 812 3
820 821 3
764 822 3
766 824 3
767 825 3
769 827 3
770 828 3
772 829 3
831 832 3
777 836 3
780 837 3
780 838 3
780 839 3
781 839 3
782 840 3
783 841 3
784 842 3
843 844 3
787 845 3
789 846 3
793 851 3
796 854 3
797 855 3
797 856 3
857 858 3
864 865 0
810 869 2
811 869 2
812 813 3
761 820 3
821 822 3
822 823 3
824 825 3
825 826 3
827 828 3
828 829 3
833 834 3
836 837 3
837 838 3
838 839 3
839 840 3
840 841 3
842 843 3
844 845 3
845 846 3
849 850 3
794 851 3
795 854 3
797 854 3
799 856 3
803 861 3
862 864 0
865 866 1
810 868 3
813 814 3
816 817 3
823 824 3
826 827 3
841 842 3
789 848 3
848 849 3
850 851 3
852 853 3
856 857 3
858 859 3
802 861 3
804 861 3
772 888 3
854 855 3
855 856 3
866 867 2
867 868 0
819 820 3
829 888 3
831 888 3
832 833 3
861 862 3
868 869 3
846 848 3
851 852 3
860 861 3
834 836 3
853 854 3
834 893 3
836 893 3
846 905 3
848 905 3
850 909 3
822 880 3
851 909 2
859 918 3
860 918 3
867 924 2
821 880 3
858 916 3
861 918 3
823 880 3
864 922 1
865 922 1
856 914 3
827 885 3
831 889 3
832 889 3
837 895 3
846 904 3
855 914 3
857 914 3
857 916 3
862 921 3
865 923 1
866 923 0
866 924 0
815 873 3
816 873 3
817 875 3
818 876 3
819 877 3
825 883 3
828 885 3
834 892 3
838 895 3
904 905 3
849 908 3
850 908 3
859 917 3
864 921 1
812 870 3
813 871 3
815 872 3
816 874 3
817 874 3
818 875 3
818 877 3
820 877 3
821 879 3
823 881 3
824 882 3
824 883 3
826 884 3
829 887 3
832 890 3
833 891 3
892 893 3
836 894 3
836 895 3
838 896 3
839 897 3
840 898 3
841 899 3
842 900 3
843 901 3
844 902 3
845 902 3
845 903 3
846 903 3
853 911 3
854 911 3
855 913 3
857 915 3
858 917 3
870 871 3
814 871 3
814 872 3
873 874 3
876 877 3
879 880 3
881 882 3
883 884 3
884 885 3
828 887 3
887 888 3
890 891 3
891 892 3
895 896 3
896 897 3
897 898 3
898 899 3
842 899 3
900 901 3
901 902 3
902 903 3
851 910 3
852 910 3
854 913 3
913 914 3
916 917 3
917 918 3
872 873 3
874 875 3
820 878 3
821 878 3
880 881 3
828 886 3
893 894 3
894 895 3
903 904 3
848 906 3
849 906 3
852 911 3
914 915 3
923 924 3
868 926 3
869 926 3
875 876 3
885 886 3
886 887 3
888 889 3
899 900 3
905 906 3
908 909 3
915 916 3
921 922 3
922 923 3
867 983 2
869 927 3
882 883 3
889 890 3
868 983 1
871 872 3
877 878 3
878 879 3
862 920 3
924 983 3
868 984 1
926 927 3
909 910 3
854 970 3
920 921 3
983 984 3
911 970 3
926 984 3
910 911 3
913 970 3
906 908 3
861 977 3
861 920 3
918 977 3
920 977 3
906 965 3
908 965 3
909 967 3
902 960 3
908 967 3
916 975 3
917 975 3
884 943 3
885 943 3
901 960 3
877 935 3
900 958 3
872 930 3
875 933 3
876 934 3
878 935 3
895 954 3
896 954 3
897 954 3
923 981 3
924 981 3
871 930 3
874 932 3
933 934 3
883 941 3
884 941 3
884 942 3
886 944 3
887 944 3
888 946 3
889 946 3
903 960 3
903 961 3
910 967 2
914 972 3
916 974 3
927 984 3
870 928 3
871 929 3
873 931 3
873 932 3
875 932 3
877 934 3
878 936 3
878 937 3
879 937 3
880 938 3
881 939 3
882 940 3
883 940 3
942 943 3
887 945 3
889 948 3
890 948 3
891 949 3
892 949 3
892 950 3
893 951 3
894 953 3
895 953 3
897 955 3
898 956 3
899 957 3
901 959 3
904 961 3
904 962 3
905 962 3
905 963 3
906 964 3
908 966 3
911 969 3
913 971 3
913 972 3
915 972 3
915 974 3
974 975 3
918 976 3
928 929 3
929 930 3
873 930 3
934 935 3
936 937 3
937 938 3
938 939 3
939 940 3
940 941 3
941 942 3
943 944 3
944 945 3
888 945 3
948 949 3
950 951 3
894 951 3
894 952 3
953 954 3
954 955 3
955 956 3
956 957 3
900 957 3
900 959 3
959 960 3
905 964 3
965 966 3
966 967 3
970 971 3
975 976 3
921 979 3
922 979 3
930 931 3
931 932 3
951 952 3
952 953 3
960 961 3
961 962 3
962 963 3
963 964 3
964 965 3
969 970 3
971 972 3
915 973 3
976 977 3
922 981 3
927 985 3
935 936 3
945 946 3
957 958 3
958 959 3
973 974 3
984 985 3
932 933 3
949 950 3
910 969 3
972 973 3
977 1036 0
981 983 3
979 981 3
967 969 2
969 1027 3
920 1036 0
975 1033 3
977 1035 3
946 948 3
974 1033 3
976 1035 3
967 1027 3
979 1038 0
946 1005 3
967 1026 3
981 1038 3
948 1005 3
1026 1027 3
971 1028 3
920 979 3
1038 1039 3
970 1028 3
972 1030 3
979 1037 2
981 1040 3
983 1040 3
930 989 3
931 989 3
969 1028 3
971 1030 3
979 1036 2
932 989 3
932 990 3
950 1008 3
933 990 3
933 992 3
934 992 3
938 996 3
939 996 3
940 998 3
949 1008 3
952 1011 3
953 1011 3
961 1019 3
962 1019 3
962 1020 3
965 1024 3
966 1024 3
967 1024 3
972 1031 3
973 1031 3
1035 1036 0
1036 1037 3
1037 1038 0
983 1041 3
984 1041 3
933 991 3
935 993 3
936 995 3
937 995 3
939 998 3
941 998 3
943 1001 3
943 1002 3
944 1002 3
948 1006 3
949 1007 3
957 1015 3
960 1018 3
960 1019 3
963 1020 3
974 1032 3
981 1039 3
928 986 3
929 987 3
930 988 3
990 991 3
934 993 3
936 993 3
936 994 3
995 996 3
941 999 3
942 999 3
942 1000 3
943 1000 3
945 1003 3
945 1004 3
946 1004 3
949 1006 3
1007 1008 3
951 1009 3
952 1010 3
953 1012 3
954 1012 3
955 1013 3
956 1014 3
958 1015 3
958 1016 3
959 1016 3
959 1018 3
963 1021 3
964 1022 3
965 1023 3
1028 1029 3
971 1029 3
1030 1031 3
973 1032 3
976 1034 3
984 1043 3
985 1043 3
986 987 3
987 988 3
988 989 3
989 990 3
991 992 3
994 995 3
1002 1003 3
1004 1005 3
1008 1009 3
1009 1010 3
1010 1011 3
1012 1013 3
1013 1014 3
1014 1015 3
1019 1020 3
1021 1022 3
1022 1023 3
1023 1024 3
1032 1033 3
1033 1034 2
1034 1035 3
1040 1041 3
984 1042 3
993 994 3
998 999 3
1000 1001 3
1001 1002 3
1003 1004 3
1005 1006 3
1006 1007 3
1011 1012 3
1015 1016 3
1018 1019 3
1020 1021 3
1029 1030 3
1039 1040 3
1042 1043 3
1041 1042 3
999 1000 3
1031 1032 3
992 993 3
996 998 3
1016 1018 3
1024 1026 3
1027 1028 3
