0 1 3
1 2 3
2 4 3
4 5 3
5 6 3
6 7 3
7 8 3
8 9 3
9 10 3
10 11 1
11 12 3
12 13 3
13 15 3
15 16 3
16 17 3
17 18 3
18 79 0
21 79 0
21 80 0
23 80 3
23 25 0
25 26 3
26 28 1
28 29 3
29 30 3
30 31 3
31 33 3
33 34 3
34 36 0
36 37 1
37 38 3
38 40 3
40 41 3
41 42 3
42 43 3
43 44 3
44 103 3
46 103 3
46 47 3
47 48 3
48 50 3
50 51 3
51 52 3
52 53 3
53 54 3
54 55 3
55 56 3
56 57 3
15 72 3
13 72 3
48 107 3
50 107 3
79 80 3
28 85 0
26 85 3
4 61 3
4 62 3
6 64 3
23 82 3
33 90 3
61 62 3
25 82 3
31 90 3
2 61 3
13 70 3
77 79 0
34 93 0
12 70 3
23 81 3
28 86 1
36 93 2
37 95 0
38 97 3
40 97 3
1 59 3
5 64 3
10 69 3
18 77 2
36 95 2
40 42 3
2 59 3
7 64 3
11 69 0
17 75 0
31 89 3
38 95 3
38 96 3
15 73 3
80 81 3
30 89 2
96 97 3
9 68 3
10 68 3
16 75 0
26 84 3
44 102 3
46 104 3
47 104 3
47 105 3
48 105 3
1 58 3
29 86 2
30 88 2
54 112 3
0 58 3
5 62 3
11 70 3
84 85 3
29 88 2
36 94 2
42 99 3
43 101 3
44 101 3
53 111 3
56 114 3
57 115 3
58 59 3
2 60 3
7 65 3
8 66 3
9 67 3
68 69 3
13 71 3
72 73 3
18 75 2
81 82 3
25 83 3
89 90 3
94 95 3
40 98 3
40 99 3
42 101 3
101 102 3
102 103 3
51 109 3
52 109 3
52 111 3
55 113 3
57 114 3
59 60 3
60 61 3
64 65 3
65 66 3
66 67 3
15 75 0
82 83 3
93 94 3
98 99 3
53 112 3
112 113 3
55 114 3
114 115 3
67 68 3
70 71 3
73 75 3
25 84 3
88 89 3
103 104 3
71 72 3
95 96 3
97 98 3
104 105 3
111 112 3
69 70 1
75 77 0
50 109 3
29 87 2
113 114 3
62 120 3
62 64 3
86 87 3
87 88 3
109 111 3
73 133 3
75 133 2
83 84 3
33 149 3
90 149 3
33 93 0
42 158 3
107 165 3
101 158 3
50 165 3
105 107 3
109 168 3
111 168 3
71 130 3
99 158 3
72 130 3
90 148 3
107 164 3
58 117 3
75 135 0
77 135 3
80 139 3
89 148 3
105 164 3
111 169 3
59 117 3
165 166 3
50 166 3
112 169 3
85 86 3
109 166 3
80 194 1
94 152 3
95 152 3
96 154 3
168 169 3
61 120 3
70 128 2
73 131 3
133 135 0
79 135 1
139 194 3
33 150 3
93 150 3
99 157 3
112 170 3
69 126 3
69 128 1
71 128 2
131 133 3
79 194 1
82 141 3
83 141 3
148 149 3
98 157 3
103 161 3
169 170 3
113 170 3
115 173 3
68 126 3
81 139 3
93 151 3
94 151 3
95 153 3
104 161 3
60 118 3
62 122 3
64 122 3
65 123 3
88 147 3
89 147 3
152 153 3
97 155 3
98 155 3
102 160 3
58 116 3
61 118 3
64 123 3
66 124 3
67 125 3
84 142 3
84 143 3
85 143 3
88 146 3
150 151 3
96 153 3
101 159 3
103 160 3
105 163 3
109 167 3
113 171 3
114 171 3
114 172 3
116 117 3
117 118 3
123 124 3
124 125 3
125 126 3
69 127 3
83 142 3
86 143 3
147 148 3
151 152 3
96 155 3
158 159 3
159 160 3
104 163 3
163 164 3
166 167 3
115 172 3
120 122 3
134 135 3
87 146 3
146 147 3
149 150 3
153 154 3
157 158 3
160 161 3
170 171 3
126 127 3
73 130 3
133 134 0
164 165 3
171 172 3
122 123 3
82 139 3
141 142 3
154 155 3
161 163 3
172 173 3
118 120 3
127 128 2
130 131 3
71 129 2
142 143 3
98 156 3
133 191 3
82 198 3
87 143 3
155 156 3
156 157 3
116 174 3
129 130 2
134 191 1
139 198 3
141 198 3
167 168 3
128 129 3
161 220 3
163 220 3
138 194 3
138 139 3
159 216 3
161 219 3
131 190 3
133 190 3
154 212 3
139 253 3
87 260 3
155 212 3
118 177 3
120 177 3
122 179 3
138 253 3
158 216 3
120 179 3
117 174 3
120 178 3
139 197 3
219 220 3
135 193 3
197 253 3
197 198 3
143 201 3
87 203 3
146 203 3
152 210 3
123 182 3
124 182 3
135 194 3
87 201 3
203 260 3
168 226 3
118 176 3
177 178 3
178 179 3
130 188 2
194 253 3
160 218 3
169 226 3
176 177 3
179 180 3
122 180 3
129 188 3
201 260 3
148 207 3
149 207 3
151 209 3
155 213 3
156 215 3
161 218 3
172 230 3
173 230 3
125 182 3
126 184 3
127 184 3
147 205 3
152 209 3
156 213 3
157 215 3
117 176 3
123 181 3
125 183 3
193 194 3
142 200 3
143 200 3
148 205 3
148 264 3
150 207 3
159 218 3
163 221 3
164 221 3
164 222 3
166 223 3
167 225 3
169 227 3
170 228 3
171 229 3
180 181 3
182 183 3
125 184 3
131 188 2
131 189 2
146 204 3
205 264 3
153 210 3
157 216 3
218 219 3
165 222 3
165 223 3
166 225 3
225 226 3
226 227 3
227 228 3
228 229 3
172 229 3
173 231 3
128 186 0
188 189 3
190 191 3
203 204 3
147 204 3
207 264 3
150 209 3
212 213 3
230 231 3
183 184 3
129 186 0
129 245 0
134 193 3
220 221 3
221 222 3
181 182 3
189 190 2
141 200 3
200 201 3
204 205 3
209 210 3
153 212 3
184 186 0
188 245 2
222 223 3
229 230 3
215 216 3
216 218 3
128 184 1
186 245 3
198 200 3
207 209 3
223 225 3
117 233 3
176 233 3
194 252 3
252 253 3
156 272 3
253 254 3
197 254 3
209 266 3
210 269 3
153 269 3
213 272 3
174 233 3
215 272 3
186 243 3
188 246 2
220 278 3
183 299 3
184 243 0
198 256 3
218 275 3
197 256 3
200 257 3
209 268 3
210 268 3
212 269 3
215 274 3
216 274 3
218 276 3
191 249 0
198 257 3
204 262 3
209 267 3
216 275 3
225 283 3
177 236 3
178 236 3
180 238 3
245 246 3
134 249 3
207 265 3
267 268 3
223 283 3
181 238 3
181 239 3
209 265 3
226 284 3
230 288 3
179 236 3
182 239 3
204 261 3
222 281 2
223 281 2
225 284 3
229 288 3
177 235 3
134 251 3
193 251 3
193 252 3
200 258 3
201 259 3
203 261 3
205 263 3
219 276 3
219 278 3
221 278 3
227 285 3
174 232 3
176 235 3
179 237 3
182 240 3
182 299 3
186 244 3
261 262 3
204 263 3
265 266 3
226 285 3
228 286 3
229 287 3
230 289 3
231 289 3
232 233 3
235 236 3
236 237 3
237 238 3
239 240 3
240 299 3
243 244 3
244 245 3
188 247 2
189 247 0
256 257 3
259 260 3
260 261 3
219 277 3
283 284 3
285 286 3
286 287 3
287 288 3
288 289 3
176 234 3
190 249 0
200 259 3
264 265 3
266 267 3
268 269 3
212 386 3
284 285 3
234 235 3
238 239 3
189 249 0
249 251 3
257 258 3
263 264 3
269 386 3
213 271 3
277 278 3
246 247 3
258 259 3
212 271 3
221 279 3
275 276 3
222 279 3
254 256 3
262 263 3
271 272 3
233 234 3
183 242 3
247 249 3
276 277 3
242 299 3
184 242 0
274 275 3
281 283 1
242 243 3
249 308 3
254 313 3
279 281 2
249 307 3
251 308 3
271 386 3
279 338 0
232 290 3
233 290 3
215 331 3
274 331 3
281 340 2
233 291 3
278 279 3
283 340 0
290 291 3
234 291 3
251 252 3
262 321 3
281 338 3
239 298 3
247 307 3
263 321 3
272 331 3
283 341 0
240 298 3
307 308 3
251 309 3
252 310 3
308 309 3
253 310 3
253 311 3
274 332 3
275 332 3
340 341 3
244 303 3
245 303 3
246 303 3
310 311 3
266 324 3
271 330 3
239 297 3
260 319 3
261 319 3
264 322 3
272 330 3
238 297 3
247 306 3
251 310 3
265 322 3
265 323 3
283 342 3
284 342 3
246 304 3
247 304 3
306 307 3
257 315 3
258 315 3
258 316 3
260 317 3
323 324 3
285 343 3
242 300 3
243 301 3
247 305 3
256 313 3
258 317 3
259 317 3
268 326 3
330 331 3
275 333 3
278 336 3
285 344 3
286 344 3
237 295 3
238 295 3
300 301 3
244 301 3
244 302 3
303 304 3
309 310 3
267 326 3
271 329 3
277 336 3
281 339 2
284 343 3
287 344 3
287 345 3
288 345 3
234 292 3
235 294 3
236 294 3
238 296 3
297 298 0
299 300 3
304 305 3
305 306 3
257 313 3
315 316 3
317 319 3
263 322 3
332 333 3
341 342 1
342 343 3
344 345 3
288 346 3
289 347 3
235 292 3
236 295 3
257 314 3
314 315 3
316 317 3
262 319 3
322 323 3
329 330 3
276 333 3
339 340 3
345 346 3
346 347 3
235 293 3
295 296 3
296 297 3
301 302 3
302 303 3
254 311 3
313 314 3
269 326 3
338 339 3
291 292 3
262 378 3
293 294 3
343 344 3
294 295 3
266 383 3
267 383 3
292 293 3
298 299 3
279 336 3
377 378 3
324 383 3
331 332 3
347 463 0
311 370 3
254 370 3
262 377 3
276 335 3
277 335 3
321 322 3
345 404 3
346 404 3
319 377 3
321 378 0
333 335 3
321 323 3
335 336 3
306 365 3
307 365 3
313 370 3
279 395 0
347 405 3
323 380 3
329 386 3
336 395 3
405 463 0
310 368 3
311 368 3
317 377 3
321 380 0
346 405 3
292 350 3
294 410 3
295 353 3
298 356 3
299 356 3
308 365 3
309 368 3
326 383 3
343 402 3
345 403 3
290 349 3
291 349 3
291 350 3
293 350 3
313 371 3
314 371 3
344 402 3
302 360 3
303 360 3
317 433 3
317 434 3
338 395 3
344 403 3
294 353 3
299 357 3
303 362 3
433 434 3
377 434 3
378 380 3
323 381 3
324 381 3
326 386 3
331 389 3
333 391 3
290 348 3
353 410 3
296 353 3
300 357 3
300 358 3
301 359 3
304 362 3
305 363 3
306 364 3
309 367 3
311 369 3
402 403 3
403 404 3
358 359 3
302 359 3
363 364 3
364 365 3
308 367 3
368 369 3
369 370 3
332 506 3
332 391 3
402 518 0
349 350 3
360 362 3
367 368 3
339 398 0
340 398 0
342 402 3
348 349 3
356 357 3
357 358 3
308 424 3
370 371 3
330 389 3
332 389 3
336 394 3
341 398 0
404 405 3
294 350 3
350 410 3
296 354 3
297 356 0
305 362 3
316 374 3
374 433 3
394 395 3
338 398 2
398 456 3
342 456 0
353 354 3
365 424 3
367 424 3
315 372 3
315 374 3
317 374 3
324 382 3
389 506 3
335 391 1
335 394 3
342 398 0
359 360 3
314 372 3
381 382 3
402 456 0
362 363 3
391 506 0
297 354 3
356 414 3
380 381 3
395 398 3
354 356 3
326 329 3
335 393 3
371 372 3
329 383 3
393 394 3
456 518 3
382 383 3
354 414 3
403 520 0
402 520 0
362 420 3
329 389 3
518 520 3
456 458 3
350 409 3
359 417 3
360 417 3
458 518 3
409 410 3
354 412 3
369 428 3
370 428 3
372 374 3
404 520 0
516 520 3
405 520 0
412 414 3
357 415 3
362 477 3
360 477 3
383 387 3
349 407 3
356 415 3
364 422 3
370 429 3
371 429 3
377 435 3
382 387 3
329 506 3
505 506 3
348 406 3
350 407 3
350 408 3
353 411 3
354 411 3
357 416 3
358 416 3
420 477 3
363 421 3
363 422 3
365 423 3
367 425 3
368 426 3
369 427 3
378 435 3
406 407 3
408 409 3
416 417 3
422 423 3
423 424 3
425 426 3
426 427 3
381 438 3
407 408 3
411 412 3
415 416 3
421 422 3
424 425 3
427 428 3
380 438 3
414 415 3
363 420 3
428 429 3
329 387 3
394 398 3
514 520 3
514 516 3
405 514 0
413 414 3
378 437 3
380 437 3
391 393 0
410 411 3
412 413 3
372 429 3
393 398 3
372 488 3
434 435 3
456 515 3
516 518 3
420 421 3
429 488 3
372 489 1
372 490 1
374 490 1
382 438 3
506 507 1
391 507 3
458 515 3
489 490 3
437 438 3
414 471 3
433 490 1
435 437 3
382 446 3
413 471 3
387 506 3
360 476 3
387 446 3
417 476 3
476 477 3
458 516 3
405 521 0
414 472 3
514 521 3
423 481 3
424 481 3
471 472 3
428 487 3
429 487 3
410 469 3
411 469 3
408 466 3
421 479 3
422 480 3
398 515 3
515 516 3
407 466 3
409 466 3
409 467 3
415 472 3
420 478 3
423 480 3
438 446 3
406 464 3
410 467 3
410 468 3
411 470 3
412 470 3
415 473 3
415 474 3
416 474 3
477 478 3
421 478 3
421 480 3
398 511 3
398 512 3
407 464 3
466 467 3
468 469 3
472 473 3
424 482 3
425 482 3
511 512 3
407 465 3
467 468 3
413 470 3
473 474 3
417 475 3
478 479 3
480 481 3
426 484 3
427 484 3
464 465 3
465 466 3
475 476 3
425 484 3
427 487 3
433 435 3
391 508 0
393 508 3
512 515 3
416 475 3
487 488 3
435 494 2
437 494 2
507 508 0
469 470 3
474 475 3
481 482 3
437 495 2
514 519 3
484 487 3
438 495 2
393 511 3
519 521 3
425 483 3
433 491 1
494 495 3
387 501 3
470 471 3
483 484 3
435 491 1
435 551 2
393 510 3
491 551 0
494 551 3
446 555 2
510 511 3
487 545 1
387 502 3
502 506 3
514 517 3
486 487 0
488 545 1
393 509 3
486 545 3
438 555 2
508 509 3
494 552 3
446 501 3
509 510 3
551 552 3
438 554 2
501 502 3
517 519 3
425 540 2
490 491 1
502 505 3
468 526 3
482 540 2
483 540 3
495 554 3
554 555 3
501 559 2
502 559 2
502 561 2
502 562 2
505 562 2
512 516 3
467 526 3
487 543 1
446 556 2
508 566 2
486 543 3
555 556 3
501 558 2
507 566 0
519 578 3
476 534 3
477 534 3
480 539 2
481 539 2
488 489 3
502 560 2
561 562 3
505 564 2
517 578 3
471 528 3
478 537 2
479 537 2
482 539 2
491 549 3
446 557 2
501 557 2
560 561 3
507 565 3
509 566 2
509 568 2
510 568 2
511 568 2
512 571 2
521 578 2
469 528 3
470 528 3
475 533 3
484 542 2
556 557 3
565 566 0
509 567 2
511 571 2
516 571 2
464 522 3
465 522 3
465 523 3
465 524 3
466 524 3
467 525 3
469 526 3
473 531 3
476 533 3
479 480 3
480 538 2
540 541 3
483 542 2
487 542 1
489 545 1
490 548 2
495 553 3
559 560 3
562 564 3
506 565 1
566 567 3
567 568 3
514 578 2
524 525 3
471 529 3
472 530 3
472 531 3
474 531 3
474 532 3
477 536 2
478 536 2
479 538 2
538 539 3
483 541 2
548 549 3
494 553 3
557 558 3
558 559 3
511 569 2
511 570 2
570 571 3
514 571 2
528 529 3
474 533 3
536 537 3
539 540 3
541 542 2
489 546 2
552 553 3
568 569 3
569 570 3
571 578 3
469 527 3
472 529 3
531 532 3
533 534 3
537 538 3
545 546 0
489 548 2
491 550 3
571 576 3
576 578 3
525 526 3
526 527 3
527 528 3
534 536 3
489 547 2
549 550 3
571 572 3
522 523 3
523 524 3
530 531 3
486 544 3
553 554 3
543 544 3
544 545 3
546 547 3
547 548 3
572 576 3
572 574 3
574 576 3
577 578 3
529 530 3
532 533 3
545 603 3
550 551 3
576 577 3
546 603 1
578 637 3
538 596 3
561 619 3
562 619 3
505 565 1
526 584 2
533 592 2
534 592 2
539 596 3
542 543 1
572 631 3
527 584 3
536 592 3
537 596 3
546 604 3
554 556 3
564 565 2
576 633 3
578 636 3
636 637 3
533 591 2
562 621 3
564 621 3
564 622 3
569 628 3
570 628 3
571 629 3
574 631 3
532 590 2
591 592 3
603 604 3
554 613 3
556 613 3
621 622 3
572 629 3
531 590 3
560 619 3
577 636 3
590 591 3
541 599 3
542 599 2
544 602 3
547 605 3
549 608 2
550 608 2
551 608 3
554 612 3
560 618 3
566 624 3
570 629 3
574 632 3
574 633 3
531 589 3
537 595 3
595 596 3
542 601 2
543 601 3
543 602 3
548 605 3
551 609 3
552 609 3
556 614 3
559 617 3
618 619 3
619 620 3
565 622 2
628 629 3
632 633 3
522 580 3
523 580 3
523 582 3
524 582 3
525 582 3
525 584 2
536 593 3
536 594 3
601 602 3
549 607 2
553 612 3
612 613 3
560 617 3
562 620 3
565 623 2
566 623 3
576 635 3
577 635 3
525 583 2
589 590 3
593 594 3
594 595 3
548 606 3
548 607 3
607 608 3
608 609 3
622 623 3
567 569 3
569 627 3
523 581 3
582 583 3
583 584 3
530 589 3
540 596 3
604 605 3
606 607 3
553 611 3
557 614 3
557 615 3
558 615 3
617 618 3
623 624 3
627 628 3
631 632 3
633 635 3
580 581 3
529 587 3
592 593 3
605 606 3
552 668 3
553 668 3
611 612 3
558 616 3
559 616 3
581 582 3
530 587 3
530 588 3
613 614 3
614 615 3
567 624 3
635 636 3
584 585 3
527 585 3
528 587 3
587 588 3
540 598 3
541 598 3
544 603 3
611 668 3
615 616 3
620 621 3
567 625 3
528 585 3
588 589 3
542 658 3
601 658 2
616 617 3
569 625 3
585 587 3
598 599 3
599 658 3
609 668 3
624 625 3
596 598 3
625 627 3
629 688 3
572 688 3
631 688 3
602 603 3
584 642 3
583 642 3
628 688 3
596 655 3
598 655 3
621 680 3
622 680 3
631 689 3
582 640 3
585 644 3
587 644 3
688 689 3
632 689 3
583 640 3
616 675 3
617 675 3
589 647 3
596 652 3
633 691 3
635 691 3
581 639 3
581 640 3
590 647 3
652 655 3
603 661 2
612 670 3
618 676 3
625 684 3
580 639 3
590 648 3
591 648 3
595 652 3
598 656 3
599 656 3
604 661 3
613 670 3
613 671 3
619 676 3
623 681 3
627 684 3
687 688 3
639 640 3
588 647 3
602 661 2
615 674 3
616 674 3
618 675 3
620 678 3
624 681 3
624 682 3
625 682 3
627 686 3
635 693 3
636 694 3
580 638 3
585 643 3
587 645 3
588 646 3
594 652 3
599 657 3
601 659 2
602 660 2
604 662 3
605 663 3
606 664 3
607 665 3
608 666 3
609 667 3
611 670 3
670 671 3
614 671 3
614 672 3
674 675 3
675 676 3
621 678 3
621 679 3
622 681 3
627 685 3
628 686 3
632 691 3
637 694 3
638 639 3
583 641 3
584 643 3
643 644 3
644 645 3
645 646 3
657 658 3
658 659 3
659 660 3
660 661 3
662 663 3
663 664 3
664 665 3
665 666 3
666 667 3
667 668 3
671 672 3
619 677 3
678 679 3
679 680 3
680 681 3
681 682 3
686 688 3
640 641 3
641 642 3
642 643 3
646 647 3
647 648 3
592 648 3
656 657 3
682 684 3
684 685 3
685 686 3
691 692 3
635 692 3
636 693 3
593 651 3
594 651 3
655 656 3
661 662 3
614 674 3
676 677 3
683 684 3
692 693 3
693 694 3
682 683 3
686 687 3
689 690 3
632 690 3
651 652 3
620 677 3
637 695 3
672 674 3
690 691 3
694 695 3
593 650 3
611 727 3
592 650 3
650 651 3
668 727 3
670 727 3
674 731 3
677 678 3
648 650 3
651 709 3
652 712 3
655 712 3
684 743 3
685 743 3
672 731 3
682 740 3
686 744 3
687 744 3
688 747 3
648 706 3
683 740 3
686 743 3
689 747 3
642 700 3
650 706 3
658 716 3
659 716 3
690 748 3
691 750 3
692 750 3
695 752 1
641 700 3
643 700 3
657 716 3
681 739 3
743 744 3
687 745 3
687 747 3
690 747 3
691 748 3
691 749 3
692 751 3
693 751 1
694 752 1
663 721 3
679 738 3
680 738 3
682 739 3
683 741 3
684 742 3
742 743 3
748 749 3
750 751 3
694 751 1
695 753 1
640 698 3
641 698 3
650 708 3
651 708 3
652 710 3
712 713 3
655 713 3
659 717 3
660 719 3
661 719 3
662 721 3
670 729 3
671 729 3
674 732 3
675 732 3
675 733 3
677 735 3
681 738 3
684 741 3
745 747 3
747 748 3
641 699 3
644 702 3
647 706 3
708 709 3
656 713 3
660 717 3
662 719 3
663 722 3
664 722 3
667 725 3
675 734 3
679 737 3
739 740 3
749 750 3
752 753 3
638 696 3
639 697 3
639 698 3
643 702 3
645 702 3
651 710 3
657 715 3
665 722 3
665 723 3
665 724 3
666 724 3
668 726 3
671 730 3
672 730 3
731 732 3
732 733 3
733 734 3
676 734 3
679 736 3
740 741 3
741 742 3
751 752 3
696 697 3
697 698 3
647 705 2
656 715 3
715 716 3
716 717 3
660 718 3
662 720 3
721 722 3
722 723 3
667 724 3
725 726 3
726 727 3
678 736 3
744 745 3
699 700 3
705 706 3
656 714 3
718 719 3
719 720 3
720 721 3
723 724 3
677 734 3
677 736 3
737 738 3
698 699 3
643 701 3
650 707 3
710 712 3
714 715 3
727 729 3
729 730 3
735 736 3
736 737 3
738 739 3
700 701 3
701 702 3
706 707 3
707 708 3
713 714 3
717 718 3
724 725 3
730 731 3
646 705 2
727 786 3
729 786 3
645 761 1
646 761 1
705 761 3
709 710 3
734 735 3
705 763 3
761 763 3
710 769 3
712 769 3
747 804 3
750 809 3
702 760 1
645 760 1
708 766 3
709 766 3
726 784 3
727 784 3
738 797 3
739 797 3
745 804 3
760 761 3
707 766 3
731 789 3
747 805 3
748 806 3
749 807 3
749 808 3
750 808 3
734 792 3
749 806 3
730 789 3
741 800 3
743 801 3
744 801 3
709 767 3
712 770 3
713 770 3
715 773 3
734 793 3
735 793 3
742 800 3
747 806 3
806 807 3
807 808 3
808 809 3
710 767 3
714 773 3
722 780 3
723 780 3
723 781 3
729 788 3
730 788 3
733 790 3
733 792 3
744 802 3
751 809 3
751 810 3
752 810 3
697 755 3
698 755 3
698 756 3
699 756 3
701 760 1
766 767 3
716 774 3
717 774 3
717 775 3
718 775 3
721 779 3
722 779 3
724 781 3
732 790 3
733 791 3
792 793 3
740 799 3
741 799 3
745 802 3
804 805 3
805 806 3
752 811 3
753 811 3
696 754 3
699 701 3
707 765 3
710 768 3
715 774 3
718 777 3
719 777 3
719 778 3
720 778 3
721 778 3
724 782 3
725 783 3
727 785 3
785 786 3
729 787 3
731 790 3
799 800 3
809 810 3
754 755 3
765 766 3
767 768 3
768 769 3
769 770 3
713 772 3
714 772 3
773 774 3
777 778 3
778 779 3
779 780 3
781 782 3
782 783 3
783 784 3
784 785 3
786 787 3
788 789 3
789 790 3
790 791 3
736 795 3
737 795 3
738 796 3
740 797 3
740 798 3
743 800 3
745 803 3
810 811 3
772 773 3
791 792 3
738 795 3
797 798 3
801 802 3
803 804 3
701 759 1
706 764 3
774 775 3
780 781 3
787 788 3
795 796 3
802 803 3
755 756 3
701 758 1
759 760 3
706 763 3
707 764 3
736 793 3
800 801 3
701 756 3
764 765 3
798 799 3
758 759 3
763 764 3
713 829 3
756 758 3
770 829 3
772 829 3
796 797 3
718 834 3
763 821 3
775 834 3
777 834 3
756 814 1
756 815 1
764 821 3
793 795 3
814 815 3
758 815 3
758 816 3
759 816 3
763 820 3
765 824 3
766 824 3
769 827 3
770 827 3
790 849 3
791 849 3
796 854 3
807 865 3
808 865 3
810 868 0
811 868 0
761 820 3
820 821 3
789 847 3
795 854 3
798 856 3
798 857 3
799 857 3
799 858 3
800 858 3
808 866 3
756 813 1
788 847 3
791 850 3
792 850 3
797 855 3
798 855 3
806 865 3
809 866 3
809 868 0
755 813 1
813 814 3
766 825 3
767 825 3
768 826 3
769 826 3
773 831 3
774 831 3
793 852 3
797 854 3
857 858 3
801 859 3
804 862 3
806 864 3
754 812 0
759 817 3
760 818 3
761 818 3
764 822 3
765 822 3
768 825 3
772 830 3
774 832 3
775 832 3
777 835 3
778 836 3
779 837 3
780 838 3
781 839 3
782 840 3
783 841 3
784 842 3
785 843 3
786 844 3
787 845 3
790 848 3
793 850 3
795 852 3
858 859 3
802 859 3
802 860 3
805 862 3
805 863 3
806 863 3
809 867 3
811 869 1
812 813 1
815 816 3
816 817 3
821 822 3
824 825 3
826 827 3
770 828 3
829 830 3
830 831 3
831 832 3
775 833 3
834 835 3
835 836 3
836 837 3
837 838 3
838 839 3
839 840 3
840 841 3
841 842 3
842 843 3
843 844 3
844 845 3
855 856 3
856 857 3
859 860 3
803 860 3
864 865 3
866 867 3
867 868 0
868 869 1
818 820 3
765 823 3
823 824 3
825 826 3
827 828 3
833 834 3
787 904 3
788 904 3
849 850 3
850 852 3
854 855 3
803 861 3
863 864 3
865 866 3
828 829 3
832 833 3
789 848 3
795 853 3
804 861 3
862 863 3
822 823 3
845 904 3
848 849 3
853 854 3
860 861 3
760 817 3
852 853 3
847 904 3
863 922 3
864 922 3
817 818 3
847 848 3
861 862 3
818 877 3
820 877 3
812 870 1
817 875 3
818 876 3
852 910 3
858 915 3
818 875 3
876 877 3
849 907 3
850 907 3
854 912 1
857 915 3
816 874 3
824 882 3
829 887 3
830 887 3
847 906 3
848 906 3
853 911 3
853 912 3
855 912 1
859 917 3
859 918 1
860 918 1
817 874 3
825 882 3
842 900 3
843 900 3
852 911 3
858 917 3
868 927 3
869 927 0
875 876 3
821 879 3
822 879 3
840 898 3
910 911 3
868 926 1
813 870 0
815 873 2
874 875 3
822 880 3
823 880 3
825 883 3
826 884 3
834 893 3
835 893 3
838 896 3
841 898 3
850 909 3
852 909 3
861 919 1
862 920 1
866 924 3
867 926 3
814 872 2
816 873 3
820 878 3
883 884 3
827 885 3
828 886 3
830 888 3
831 889 3
832 890 3
833 891 3
834 892 3
836 894 3
837 895 3
839 896 3
839 897 3
841 899 3
843 901 3
844 902 3
845 903 3
907 908 3
850 908 3
912 913 3
855 913 1
917 918 2
861 918 1
861 920 1
865 922 3
865 923 3
867 924 3
867 925 3
813 872 2
872 873 3
877 878 3
878 879 3
879 880 3
823 882 3
884 885 3
885 886 3
886 887 3
888 889 3
889 890 3
890 891 3
891 892 3
892 893 3
893 894 3
894 895 3
895 896 3
896 897 3
897 898 3
899 900 3
900 901 3
901 902 3
902 903 3
903 904 3
847 963 3
848 907 3
908 909 3
911 912 3
855 914 3
862 921 3
863 921 3
922 923 3
865 924 3
924 925 3
926 927 0
813 871 0
873 874 3
823 881 3
882 883 3
898 899 3
904 963 3
906 963 3
909 910 3
919 920 3
923 924 3
870 871 0
871 872 1
881 882 3
887 888 3
906 907 3
913 914 3
858 916 3
916 917 3
918 919 3
925 926 3
880 881 3
856 914 3
915 916 3
857 914 3
921 922 3
914 916 3
912 970 3
920 921 0
911 970 3
925 983 0
907 965 3
913 970 3
926 983 0
908 965 3
914 972 3
906 965 3
913 972 3
924 982 0
925 982 0
898 956 3
908 966 3
909 966 3
909 967 3
922 980 3
923 980 3
923 981 3
924 981 3
873 932 3
874 932 3
879 937 3
890 948 3
892 950 3
893 951 3
894 951 3
899 956 3
963 964 3
906 964 3
966 967 3
909 968 3
910 968 3
911 968 3
917 975 3
926 984 1
927 984 1
870 928 0
871 929 1
872 930 3
875 933 3
876 934 3
877 935 3
878 937 3
880 937 3
880 938 3
881 939 3
882 940 3
883 941 3
884 942 3
885 943 3
886 944 3
887 945 3
888 946 3
889 947 3
889 948 3
891 948 3
891 950 3
892 951 3
894 952 3
895 953 3
896 953 3
896 954 3
897 955 3
899 957 3
899 958 3
900 958 3
901 959 3
902 960 3
903 961 3
904 962 3
965 966 3
911 969 3
913 971 3
916 975 3
918 975 2
921 980 3
927 985 1
928 929 0
929 930 1
873 930 3
874 933 3
876 933 3
934 935 3
878 935 3
938 939 3
939 940 3
940 941 3
941 942 3
942 943 3
943 944 3
944 945 3
945 946 3
889 946 3
947 948 3
952 953 3
954 955 3
955 956 3
958 959 3
959 960 3
960 961 3
961 962 3
962 963 3
967 968 3
971 972 3
980 981 3
933 934 3
937 938 3
946 947 3
968 969 3
969 970 3
919 977 1
921 979 1
981 982 0
982 983 3
983 984 1
984 985 3
878 936 3
951 952 3
956 957 3
957 958 3
916 973 3
920 1036 1
979 980 0
935 936 3
936 937 3
950 951 3
953 954 3
972 973 3
914 973 3
920 977 1
920 979 1
964 965 3
970 971 3
973 1032 3
973 975 3
919 975 2
930 932 3
977 1036 3
979 1036 3
932 933 3
975 1032 3
975 1034 1
919 1034 1
948 950 3
972 1030 3
948 1007 3
975 1033 1
1033 1034 3
977 1034 3
950 1007 3
971 1030 3
932 989 3
1032 1033 1
930 988 3
932 988 3
963 1021 3
970 1029 3
971 1029 3
932 990 3
933 990 3
933 991 3
934 991 3
939 997 3
962 1021 3
964 1021 3
965 1022 3
966 1025 3
967 1025 3
967 1026 3
968 1026 3
1029 1030 3
972 1031 3
980 1038 3
983 1041 3
938 997 3
940 998 3
941 998 3
951 1008 3
953 1011 3
957 1016 3
958 1016 3
964 1022 3
969 1027 3
970 1028 3
973 1031 3
979 1037 3
979 1038 2
981 1038 3
982 1041 3
984 1041 0
988 989 3
948 1006 3
950 1008 3
952 1010 3
954 1011 3
954 1012 3
956 1014 3
965 1024 3
966 1024 3
968 1027 3
969 1028 3
1030 1031 3
977 1035 3
928 986 3
929 987 0
934 992 3
935 993 3
936 994 3
937 995 3
938 996 3
942 1000 3
943 1001 3
944 1002 3
945 1003 3
946 1004 3
947 1005 3
1006 1007 3
951 1009 3
951 1010 3
953 1010 3
955 1012 3
955 1013 3
957 1014 3
959 1017 3
960 1018 3
961 1020 3
962 1020 3
1021 1022 3
1028 1029 3
1035 1036 3
1036 1037 3
1037 1038 3
981 1039 3
982 1040 3
984 1042 3
985 1043 3
986 987 3
987 988 3
989 990 3
990 991 3
992 993 3
993 994 3
994 995 3
995 996 3
997 998 3
941 1000 3
1000 1001 3
1001 1002 3
1002 1003 3
1003 1004 3
1004 1005 3
1005 1006 3
1007 1008 3
1008 1009 3
1009 1010 3
1011 1012 3
1013 1014 3
959 1016 3
1017 1018 3
961 1018 3
1025 1026 3
1026 1027 3
1038 1039 3
1039 1040 0
1040 1041 3
1041 1042 1
1042 1043 3
1010 1011 3
1012 1013 3
1016 1017 3
1020 1021 3
1031 1032 3
991 992 3
996 997 3
1027 1028 3
1022 1024 3
1024 1025 3
1034 1035 3
