0 1 3
1 2 2
2 3 3
3 4 2
4 5 3
5 6 0
6 8 0
8 9 3
9 10 3
10 11 3
11 12 3
12 13 3
13 14 0
14 16 3
16 17 3
17 18 3
18 19 3
19 20 3
20 21 3
21 23 3
21 22 3
22 27 1
27 28 3
28 29 3
29 30 3
30 31 1
31 32 3
32 33 3
33 34 3
34 35 3
35 36 3
36 37 3
37 38 3
38 39 3
39 40 3
40 41 3
41 43 0
43 44 3
44 46 0
46 47 0
47 48 3
48 49 3
49 50 3
50 51 3
51 53 1
53 54 3
54 55 3
55 229 0
52 53 1
114 229 0
51 52 3
55 114 3
22 83 1
39 97 3
41 100 3
43 100 1
38 97 3
21 83 1
115 229 0
43 101 3
38 96 3
44 101 3
114 115 3
2 60 0
21 139 2
1 60 0
23 139 3
96 97 3
40 97 3
40 98 3
100 101 0
6 65 2
8 65 1
11 70 3
18 77 3
41 98 3
46 103 3
4 6 2
12 70 3
19 77 3
34 93 3
35 93 3
46 104 3
47 104 1
47 105 3
16 74 3
17 74 3
21 79 3
37 96 3
48 105 3
50 108 3
8 66 1
11 68 3
23 79 3
27 85 3
33 91 3
36 94 2
37 94 2
44 103 0
51 108 3
54 112 3
0 58 0
1 58 0
10 68 3
14 73 3
16 73 3
73 74 3
20 79 3
28 85 3
29 88 2
30 88 2
31 89 3
32 91 3
35 94 2
41 99 3
55 112 3
55 113 3
6 64 0
64 65 1
17 75 3
20 77 3
20 78 3
78 79 3
88 89 1
34 91 3
34 92 3
37 95 3
97 98 3
98 99 3
103 104 3
48 106 3
49 106 3
58 60 3
3 60 0
13 73 3
74 75 3
77 78 3
105 106 3
50 106 3
112 113 3
65 66 3
9 68 3
18 75 3
28 88 2
32 89 3
91 92 3
94 95 3
98 156 3
99 100 3
44 102 0
104 105 0
53 112 3
4 62 0
6 62 0
9 66 1
13 70 3
13 71 3
23 196 3
85 88 2
92 93 3
101 102 0
102 103 3
113 114 3
4 60 0
139 196 3
93 94 3
95 96 3
60 62 3
62 64 3
68 70 3
79 196 3
58 117 3
70 71 3
22 85 1
95 153 3
96 153 3
50 166 3
60 117 3
66 68 0
75 77 3
106 166 3
60 119 3
62 119 3
62 120 3
64 123 3
65 123 0
83 139 3
85 145 3
88 145 2
75 134 3
77 134 3
101 159 0
53 226 0
13 130 3
102 159 3
108 166 3
52 226 3
112 226 0
119 120 3
66 125 3
71 130 3
32 148 3
62 121 3
85 144 3
91 148 3
73 130 3
144 145 3
97 156 3
113 171 3
114 171 3
66 124 0
68 126 1
89 148 3
97 155 3
100 157 3
64 121 3
66 123 0
66 126 3
83 141 3
96 155 3
155 156 3
99 157 3
51 166 3
52 166 3
112 171 3
123 124 2
125 126 3
77 135 3
78 135 3
79 136 3
139 141 3
91 150 3
93 151 3
103 162 3
104 162 3
78 136 3
89 147 3
148 150 3
94 151 2
105 163 3
106 164 3
120 121 3
71 129 3
73 132 3
74 132 3
75 132 3
92 151 3
94 153 2
153 154 3
100 158 3
104 163 0
105 164 3
58 116 3
116 117 3
60 118 3
68 127 1
73 131 3
134 135 3
145 146 3
88 146 2
147 148 3
96 154 3
157 158 3
103 161 3
117 118 3
118 119 3
126 127 3
129 130 3
146 147 1
92 150 3
150 151 3
102 161 3
161 162 3
106 165 3
52 225 3
130 131 3
98 157 3
162 163 0
164 165 3
166 225 3
225 226 3
135 136 3
165 166 3
171 229 0
68 129 3
70 129 3
79 138 3
22 141 1
85 200 3
151 153 3
154 155 3
100 217 0
101 217 0
138 196 3
22 200 1
85 201 3
98 214 3
64 180 3
124 125 2
127 129 0
131 132 3
136 138 3
200 201 3
156 214 3
157 214 3
159 217 3
163 164 3
121 180 3
123 180 3
144 201 3
159 161 3
171 226 0
171 228 0
200 257 3
145 203 3
153 213 3
154 213 3
158 217 0
22 257 1
144 203 3
228 229 3
138 195 3
129 187 1
136 195 3
148 265 0
153 210 0
127 187 3
151 210 0
146 203 3
146 204 3
226 228 3
117 175 3
123 181 3
127 185 3
127 186 3
186 187 3
150 265 0
159 218 3
118 175 3
180 181 3
130 188 3
132 190 3
139 257 3
141 257 3
162 220 0
126 184 3
127 184 3
129 188 3
131 190 3
147 206 0
148 206 0
161 218 3
162 221 0
163 221 3
187 188 3
144 202 3
202 203 3
147 205 0
166 224 3
224 225 3
116 174 3
131 188 3
132 134 3
146 205 3
155 213 3
158 216 3
220 221 0
117 174 3
118 176 3
119 177 3
120 178 3
121 179 3
124 183 2
125 183 3
135 193 3
203 204 3
206 265 0
150 209 0
151 209 0
157 215 3
157 216 3
165 224 3
176 177 3
177 178 3
178 179 3
179 180 3
126 183 3
184 185 3
185 186 3
134 193 3
209 210 3
210 213 1
156 213 3
214 215 3
216 217 0
164 221 3
175 176 3
136 194 3
196 257 3
205 206 3
209 265 0
215 216 3
132 249 0
135 194 3
201 202 3
204 205 3
209 266 0
183 184 3
188 189 0
131 189 3
193 249 0
196 256 3
217 218 3
174 175 3
189 190 3
190 249 3
193 194 3
256 257 3
212 213 1
123 183 2
194 195 3
210 211 3
210 212 3
162 218 3
226 227 3
196 255 3
213 214 3
225 227 3
255 256 3
217 275 3
216 275 0
164 222 3
138 255 3
218 220 2
165 222 3
227 228 3
211 212 3
218 277 3
220 277 2
220 278 0
221 222 3
193 250 2
214 272 0
221 278 2
188 245 0
165 281 3
229 288 1
180 239 3
181 239 3
222 281 3
224 281 3
187 245 2
249 250 3
193 251 2
138 254 3
194 251 2
200 259 3
201 259 3
206 263 3
213 272 0
181 183 2
195 254 3
254 255 3
202 260 3
205 263 3
225 284 3
229 289 1
174 232 3
189 245 3
200 258 3
201 260 3
265 266 3
213 271 3
227 284 3
229 287 1
288 289 3
183 239 2
257 258 3
204 261 3
212 271 1
184 242 2
185 242 2
194 253 3
195 253 3
258 259 3
203 261 3
204 263 3
218 276 3
221 279 3
186 245 2
253 254 3
256 258 3
206 266 0
209 267 0
217 276 3
276 277 3
278 279 0
227 285 3
174 233 3
175 233 3
176 234 3
177 235 3
178 236 3
179 237 3
180 238 3
185 243 2
186 244 2
250 251 3
259 260 3
202 261 3
266 267 3
209 211 3
215 273 3
216 273 3
216 274 3
224 283 3
225 283 3
232 233 3
233 234 3
234 235 3
235 236 3
236 237 3
237 238 3
238 239 3
183 298 2
183 242 3
271 272 0
214 273 3
273 274 3
274 275 0
222 279 3
283 284 3
228 287 1
239 298 3
183 241 2
185 244 3
244 245 3
245 246 3
189 246 3
206 264 3
264 266 3
275 276 3
284 285 3
287 288 3
227 287 1
241 242 3
242 243 3
243 244 3
263 264 3
271 326 0
277 278 2
224 340 3
189 305 2
212 326 0
281 340 3
241 298 3
204 320 3
246 305 3
189 249 3
249 307 3
260 261 3
261 320 3
263 320 3
267 325 3
249 305 3
214 331 3
242 300 3
272 331 1
273 331 3
249 306 3
306 307 3
211 267 0
212 267 0
279 338 3
222 338 3
281 339 3
339 340 3
243 300 3
222 339 3
305 306 3
267 326 3
283 340 3
251 310 3
251 253 3
258 315 3
245 303 3
254 313 3
255 313 3
256 315 3
326 328 1
338 339 3
246 303 3
251 309 2
253 310 3
277 336 3
309 310 3
255 314 3
256 314 3
261 319 3
272 330 3
266 324 3
266 325 3
278 336 2
285 343 3
289 347 3
241 300 3
246 304 3
251 308 2
264 324 3
330 331 1
279 336 1
227 343 3
227 344 1
229 347 1
303 304 3
304 305 3
260 318 3
261 318 3
275 333 3
276 333 3
277 335 3
336 338 0
287 344 3
232 290 3
300 301 3
243 301 3
250 308 2
253 311 3
313 314 3
259 316 3
264 322 3
324 325 3
271 330 0
274 331 3
276 334 3
335 336 3
284 342 3
287 345 3
287 346 3
288 346 3
288 347 3
233 290 3
233 291 3
234 292 3
235 293 3
236 294 3
237 295 3
238 296 3
239 297 3
244 302 3
258 316 3
318 319 3
263 322 3
271 329 3
277 334 3
340 341 3
283 341 3
283 342 3
346 347 3
291 292 3
292 293 3
293 294 3
294 295 3
295 296 3
296 297 3
297 298 3
244 303 3
249 308 3
308 309 3
310 311 3
314 315 3
259 318 3
325 326 3
326 329 1
329 330 0
275 391 3
341 342 3
285 342 3
290 291 3
301 302 3
254 311 3
315 316 3
274 391 0
333 391 3
334 335 3
345 346 3
302 303 3
331 391 0
333 334 3
326 385 3
328 385 0
227 402 3
344 402 0
344 345 3
298 300 3
343 402 3
307 308 3
319 320 3
331 390 3
254 370 3
390 391 0
300 357 3
322 324 3
298 357 3
311 370 3
313 370 3
345 402 0
316 318 3
320 378 3
263 379 3
322 379 3
322 381 3
342 343 3
307 365 3
308 365 3
313 371 3
318 377 3
319 377 3
319 378 3
320 379 3
324 381 3
370 371 3
325 383 3
328 329 1
339 397 3
346 402 0
308 366 3
378 379 3
340 397 3
365 366 3
316 374 3
325 384 3
340 398 3
347 405 3
306 364 3
383 384 3
326 384 3
330 389 1
331 389 3
334 392 3
338 397 3
397 398 3
341 398 3
229 405 1
305 364 3
310 369 3
311 369 3
318 374 3
335 392 3
310 368 3
328 386 3
329 386 0
309 368 3
322 380 3
324 382 3
324 383 3
382 383 3
307 364 3
380 381 3
330 388 3
388 389 1
342 400 3
402 404 1
290 348 3
296 355 3
297 355 3
304 362 3
318 376 3
381 382 3
384 385 3
389 390 3
333 392 3
343 400 3
291 348 3
291 349 3
292 350 3
293 351 3
294 352 3
295 353 3
296 354 3
298 355 3
298 356 3
300 358 3
301 359 3
302 360 3
303 361 3
305 362 3
305 363 3
309 367 3
368 369 3
315 373 3
374 376 3
379 380 3
329 387 3
338 395 1
338 396 3
341 399 3
343 401 3
346 404 3
350 351 3
351 352 3
352 353 3
353 354 3
354 355 3
356 357 3
357 358 3
358 359 3
359 360 3
360 361 3
361 362 3
362 363 3
363 364 3
366 367 3
367 368 3
369 370 3
314 373 3
316 373 3
376 377 3
391 392 3
335 394 3
336 394 3
398 399 3
399 400 3
401 402 3
347 404 3
348 349 3
349 350 3
355 356 3
385 386 1
386 387 1
336 395 3
396 397 3
364 365 3
373 374 3
395 396 0
400 401 3
329 388 0
404 405 3
377 378 3
387 388 0
335 451 3
394 451 3
313 373 3
371 430 3
313 430 3
392 451 3
373 431 3
396 454 3
313 431 3
373 432 3
376 433 3
394 395 3
430 431 3
374 433 3
354 412 3
395 454 0
355 412 3
368 426 3
369 426 3
374 432 3
377 433 3
385 444 1
386 444 3
388 446 3
389 446 0
389 447 3
400 458 3
401 458 3
402 517 3
404 463 3
405 463 3
351 409 3
360 418 3
380 439 3
381 439 3
384 442 3
386 445 1
387 445 3
446 447 1
390 447 3
350 408 3
352 409 3
356 414 3
357 414 3
359 418 3
361 419 3
385 442 3
391 449 3
392 449 3
392 450 3
394 453 3
395 453 3
402 460 1
348 406 3
349 407 3
349 408 3
408 409 3
352 410 3
353 410 3
353 411 3
355 414 3
357 415 3
358 415 3
358 416 3
359 417 3
362 421 3
363 421 3
364 422 3
365 423 3
366 424 3
367 425 3
369 427 3
370 428 3
371 429 3
429 430 3
377 435 3
378 435 3
379 437 3
380 438 3
382 440 3
383 441 3
397 454 3
397 455 3
398 455 3
398 456 3
399 457 3
401 517 3
460 517 0
406 407 3
407 408 3
410 411 3
411 412 3
355 413 3
414 415 3
415 416 3
416 417 3
417 418 3
418 419 3
362 419 3
421 422 3
365 422 3
423 424 3
424 425 3
425 426 3
427 428 3
428 429 3
378 437 3
437 438 3
439 440 3
440 441 3
441 442 3
388 445 1
390 449 0
449 450 3
394 452 3
454 455 3
455 456 3
456 457 3
457 458 3
409 410 3
422 423 3
426 427 3
433 435 3
378 436 3
438 439 3
444 445 1
452 453 3
453 454 0
402 461 1
229 463 1
412 413 3
362 420 3
432 433 3
435 436 3
436 437 3
390 448 3
458 517 3
413 414 3
445 446 0
447 448 3
419 420 3
420 421 3
385 443 3
448 449 0
450 451 3
451 452 3
460 461 3
404 462 3
431 432 3
433 490 0
442 443 3
443 444 1
462 463 3
432 490 3
433 493 3
435 493 3
414 472 3
413 472 3
415 472 3
404 461 3
454 511 3
461 462 3
453 511 0
411 469 3
431 490 3
407 465 3
408 465 3
410 469 3
421 478 3
421 479 3
492 493 3
446 504 3
412 470 3
413 470 3
420 478 3
478 479 3
426 484 3
427 484 3
433 492 3
435 494 3
445 504 0
447 505 3
462 520 3
412 469 3
416 475 3
417 475 3
425 483 3
425 484 3
427 486 3
428 486 3
429 487 3
430 487 3
433 491 3
493 494 3
436 494 3
437 495 3
444 502 1
448 505 3
448 507 0
449 507 3
461 517 0
461 520 3
406 464 3
408 466 3
409 467 3
413 471 3
415 473 3
416 474 3
418 476 3
419 477 3
419 478 3
422 480 3
423 481 3
424 482 3
424 483 3
427 485 3
430 488 3
431 489 3
436 495 3
445 502 2
447 504 0
450 508 3
454 512 3
455 512 3
456 514 3
457 515 3
458 516 3
461 519 3
463 521 3
464 465 3
466 467 3
410 467 3
472 473 3
473 474 3
475 476 3
476 477 3
477 478 3
421 480 3
423 480 3
481 482 3
428 487 3
487 488 3
488 489 3
489 490 3
490 491 1
438 495 3
439 497 3
442 501 1
443 501 1
444 501 3
445 503 3
449 508 3
514 515 3
515 516 3
517 519 1
520 521 3
465 466 3
467 468 3
410 468 3
470 471 3
471 472 3
480 481 3
484 485 3
494 495 3
438 497 3
440 498 3
441 499 3
501 502 1
503 504 0
451 508 3
452 510 3
453 510 3
516 517 3
519 520 3
469 470 3
482 483 3
491 492 3
497 498 3
441 498 3
442 499 3
502 503 2
504 505 1
507 508 3
451 509 3
468 469 3
474 475 3
479 480 3
486 487 3
511 512 3
485 486 3
498 499 3
499 501 3
508 509 3
509 510 3
510 511 0
455 514 3
448 564 3
511 570 3
512 570 3
483 484 3
507 564 1
505 564 3
495 497 3
512 514 3
502 559 0
511 568 1
483 541 3
484 541 3
495 554 2
510 568 3
497 554 2
512 571 3
501 559 3
495 553 2
553 554 3
514 571 3
490 548 2
497 555 2
498 555 2
474 532 3
487 545 2
498 556 2
515 573 3
519 576 3
467 525 3
468 525 3
471 529 3
475 532 3
486 545 2
488 545 2
494 552 2
494 553 2
554 555 3
555 556 3
516 573 3
517 576 1
470 529 3
482 540 3
485 543 2
486 543 2
488 547 2
489 547 2
490 547 2
499 556 2
504 562 3
505 562 0
505 563 3
509 567 3
510 567 3
473 531 3
475 533 3
476 534 3
481 540 3
483 540 3
485 541 3
545 547 3
547 548 3
490 549 1
493 551 2
493 552 2
552 553 3
499 557 3
562 563 1
464 522 3
465 523 3
466 524 3
468 526 3
469 527 3
470 527 3
470 528 3
472 530 3
474 531 3
476 533 3
477 534 3
479 537 3
480 538 3
481 538 3
481 539 3
541 543 3
486 544 2
544 545 3
491 549 2
491 550 2
492 550 2
551 552 3
556 557 3
502 560 3
563 564 3
514 572 3
519 577 3
520 578 3
521 579 3
522 523 3
523 524 3
524 525 3
526 527 3
528 529 3
529 530 3
530 531 3
532 533 3
480 537 3
501 557 2
501 558 2
559 560 1
503 560 3
508 567 3
570 571 3
572 573 3
576 577 3
577 578 3
578 579 3
531 532 3
533 534 3
539 540 3
549 550 3
557 558 3
507 565 1
538 539 3
548 549 3
503 561 3
525 526 3
540 541 3
543 544 3
560 561 3
504 561 1
567 568 3
571 572 3
537 538 3
493 550 3
558 559 3
508 565 1
517 573 3
527 528 3
478 537 3
550 551 3
561 562 0
564 565 3
565 623 3
508 623 1
517 575 1
478 534 3
567 623 1
568 570 0
573 575 1
575 576 3
534 592 2
478 592 2
540 597 1
578 636 0
541 597 1
541 599 1
543 599 3
538 595 1
539 597 1
579 636 0
537 592 2
537 595 1
597 599 3
558 616 1
559 616 1
559 617 1
543 601 3
616 617 3
562 621 1
577 636 0
595 596 3
538 596 1
538 597 1
560 617 3
563 621 3
576 635 0
533 592 2
596 597 3
544 601 3
545 604 3
548 606 3
550 608 3
553 611 3
554 611 3
554 613 3
555 613 3
557 615 3
558 615 3
523 581 3
592 595 3
549 608 3
551 608 3
556 615 3
562 620 1
570 629 1
571 629 1
572 630 1
573 630 1
573 632 1
577 635 0
524 581 3
532 591 2
533 591 2
547 604 3
549 606 3
561 620 3
564 621 3
630 631 3
573 631 1
575 632 2
575 633 2
576 633 2
522 580 3
522 581 3
591 592 3
599 601 3
547 606 3
549 607 3
551 609 3
552 609 3
556 614 3
620 621 1
564 622 3
571 630 1
635 636 3
524 582 3
524 583 2
525 583 2
545 603 3
547 605 3
606 607 3
608 609 3
552 611 3
554 612 3
613 614 3
614 615 3
615 616 3
621 622 3
565 622 3
527 586 2
528 586 2
529 588 2
530 588 2
531 590 2
532 590 2
600 601 3
544 602 3
603 604 3
604 605 3
605 606 3
607 608 3
611 612 3
568 627 1
570 628 1
526 586 2
599 600 3
545 602 3
612 613 3
622 623 3
567 626 1
568 626 1
632 633 3
580 581 3
581 582 3
582 583 3
590 591 3
592 593 3
593 595 3
552 668 3
627 628 3
628 629 3
526 583 2
530 590 2
598 599 3
602 603 3
609 668 3
611 668 3
560 677 3
561 677 2
597 598 3
601 602 3
617 677 3
626 627 3
629 630 3
631 632 3
529 587 2
588 590 3
567 682 1
576 634 2
528 587 2
620 677 3
633 634 3
586 587 3
587 588 3
623 682 3
567 684 1
626 684 1
634 635 0
635 693 1
593 594 3
594 595 3
682 684 3
636 693 1
585 586 3
599 658 3
600 658 3
677 678 3
526 585 1
620 678 1
620 679 1
683 684 3
627 684 1
583 585 3
587 643 3
601 659 3
602 659 3
621 679 3
682 683 3
634 693 3
585 643 3
586 643 3
622 680 2
580 638 1
580 639 1
581 639 1
617 675 3
623 680 2
638 639 3
583 641 3
587 646 3
588 646 3
588 647 3
590 647 3
609 667 3
614 673 3
615 673 3
616 675 3
636 694 1
582 639 1
582 640 1
643 645 3
591 650 3
592 650 3
593 650 3
657 658 3
604 662 3
606 664 3
607 664 3
608 667 3
612 671 3
613 671 3
616 673 2
678 679 3
628 686 1
587 645 3
590 648 3
590 649 3
591 649 3
596 654 3
597 654 3
599 657 3
602 660 3
603 661 3
603 662 3
607 665 3
629 686 1
639 640 3
649 650 3
593 652 3
594 652 3
595 653 3
601 658 3
659 660 3
660 661 3
605 663 3
608 666 3
616 674 2
621 680 3
627 685 1
627 686 1
634 692 3
583 640 3
645 646 3
595 652 3
596 653 3
598 654 3
658 659 3
662 663 3
663 664 3
665 666 3
666 667 3
667 668 3
612 670 3
614 671 3
673 674 3
623 681 3
684 685 3
685 686 3
632 690 1
633 690 1
633 692 3
585 641 3
585 642 3
642 643 3
643 644 3
646 647 3
647 648 3
648 649 3
653 654 3
661 662 3
664 665 3
611 670 3
679 680 3
680 681 3
630 687 1
694 695 3
636 695 1
640 641 3
641 642 3
644 645 3
650 652 3
652 653 3
598 656 3
599 656 3
675 677 3
630 688 1
690 692 0
692 693 3
693 694 3
668 670 3
670 671 3
674 675 3
686 687 3
629 687 1
654 656 3
668 727 3
681 682 3
656 657 3
670 727 3
614 730 3
673 730 3
654 713 3
631 688 1
631 747 1
671 730 3
687 688 3
688 747 3
632 747 1
656 713 3
640 697 3
690 691 3
691 692 0
639 697 3
682 740 3
683 740 3
690 747 3
638 697 3
650 708 3
677 734 3
649 708 3
687 746 3
658 716 3
675 734 3
642 701 3
643 701 3
644 701 3
657 715 3
658 715 3
659 716 3
681 739 3
684 742 1
684 743 1
685 743 1
697 698 3
640 698 3
648 706 3
649 706 3
650 709 3
652 709 3
680 739 3
682 739 3
677 735 3
742 743 3
688 746 3
641 698 3
670 729 3
671 729 3
675 733 3
734 735 3
686 744 3
691 750 3
692 750 1
693 751 1
693 752 2
694 752 2
653 711 3
660 718 3
661 718 3
666 725 3
667 725 3
674 733 3
693 750 1
641 699 3
642 699 3
644 703 3
645 703 3
646 704 3
647 705 3
648 705 3
654 712 3
715 716 3
678 736 3
679 737 3
680 738 3
690 748 3
691 748 3
691 749 3
750 751 3
695 753 2
638 696 3
647 704 3
649 707 3
708 709 3
652 710 3
653 712 3
659 717 3
659 718 3
661 719 3
662 720 3
663 721 3
664 722 3
665 723 3
666 724 3
668 725 3
668 726 3
673 731 3
674 732 3
733 734 3
677 736 3
679 736 3
679 738 3
738 739 3
684 740 3
685 744 3
687 744 3
749 750 3
751 752 0
695 752 2
696 697 3
699 700 3
642 700 3
700 701 3
645 704 3
704 705 3
652 711 3
656 714 3
657 714 3
716 717 3
718 719 3
719 720 3
720 721 3
721 722 3
722 723 3
723 724 3
724 725 3
725 726 3
726 727 3
729 730 3
730 731 3
731 732 3
732 733 3
740 741 3
744 746 3
746 747 3
747 748 3
701 703 3
703 704 3
705 706 3
706 707 3
709 710 3
710 711 3
712 713 3
714 715 3
717 718 3
735 736 3
737 738 3
684 741 1
743 744 0
748 749 3
752 753 3
707 708 3
711 712 3
739 740 3
741 742 3
698 699 3
713 714 3
670 786 3
727 786 3
736 737 3
745 746 0
744 745 3
729 786 3
746 804 1
714 773 3
715 773 3
743 802 3
713 772 3
714 772 3
744 802 2
745 804 3
746 805 1
747 805 1
697 755 3
700 758 3
804 805 3
748 806 3
749 806 3
752 810 3
701 758 3
696 755 3
703 761 3
699 758 3
772 773 3
707 766 1
708 766 1
709 766 1
735 794 3
736 794 3
751 810 2
704 761 3
709 767 3
710 768 3
711 768 3
712 770 3
713 770 3
729 787 3
729 788 3
732 790 3
711 769 3
725 783 3
726 783 3
786 787 3
730 788 3
731 789 3
733 790 3
736 795 3
737 795 3
739 797 3
698 755 3
699 757 3
705 761 3
705 764 3
706 764 3
710 767 3
712 769 3
718 776 3
730 789 3
738 797 3
741 799 3
745 802 3
750 808 3
751 808 3
696 754 3
698 756 3
698 757 3
758 759 3
701 759 3
701 760 3
703 760 3
705 763 3
768 769 3
716 774 3
717 775 3
719 776 3
719 777 3
720 778 3
721 779 3
722 780 3
723 781 3
724 782 3
726 784 3
727 785 3
785 786 3
733 791 3
737 796 3
738 796 3
740 799 3
742 800 3
749 808 3
752 811 3
753 811 3
754 755 3
755 756 3
756 757 3
763 764 3
707 765 1
773 774 3
774 775 3
775 776 3
778 779 3
779 780 3
780 781 3
781 782 3
782 783 3
783 784 3
784 785 3
731 790 3
790 791 3
734 791 3
734 792 3
735 792 3
735 793 3
793 794 3
740 797 3
741 800 3
747 806 3
751 809 2
760 761 3
705 762 3
777 778 3
791 792 3
792 793 3
809 810 3
759 760 3
761 762 3
707 764 3
769 770 3
788 789 3
794 795 3
795 796 3
799 800 3
743 800 3
808 809 3
762 763 3
765 766 3
766 767 0
767 768 3
776 777 3
789 790 3
806 808 3
810 811 3
787 788 3
796 797 3
805 806 3
757 758 3
764 765 3
713 829 3
770 829 3
772 829 3
797 799 3
800 802 3
761 819 3
760 819 3
762 819 3
745 861 3
804 861 3
797 855 3
799 856 3
800 859 3
796 855 3
797 856 3
806 864 3
802 859 3
770 828 3
789 847 3
802 861 3
804 863 2
805 863 2
808 866 3
809 866 3
760 818 3
828 829 3
788 847 3
794 852 3
800 858 3
809 868 3
810 868 3
818 819 3
766 824 3
769 828 3
793 852 3
795 853 3
799 858 3
806 865 3
767 824 3
768 826 3
773 831 3
787 845 3
794 853 3
855 856 3
808 865 3
810 869 3
811 869 3
754 813 2
755 813 2
756 813 2
762 820 3
763 820 3
764 823 3
769 826 3
772 831 3
774 831 3
774 832 3
786 844 3
864 865 3
865 866 3
757 815 3
758 816 3
759 817 3
760 817 3
819 820 3
764 822 3
765 823 3
831 832 3
778 836 3
783 841 3
785 844 3
786 845 3
789 848 3
790 848 3
790 849 3
791 849 3
795 854 3
796 854 3
858 859 3
804 862 1
754 812 0
756 815 3
757 816 3
767 825 3
769 827 3
772 830 3
775 833 3
776 834 3
777 834 3
777 836 3
779 837 3
780 838 3
781 839 3
781 840 3
782 840 3
782 841 3
784 842 3
785 843 3
792 850 3
793 851 3
806 863 3
812 813 1
815 816 3
759 816 3
763 822 3
766 823 3
768 825 3
827 828 3
830 831 3
832 833 3
775 834 3
836 837 3
837 838 3
838 839 3
840 841 3
841 842 3
842 843 3
843 844 3
844 845 3
787 904 3
788 904 3
849 850 3
850 851 3
851 852 3
852 853 3
853 854 3
854 855 3
799 857 3
802 860 3
860 861 3
863 864 3
814 815 3
817 818 3
763 821 3
822 823 3
826 827 3
833 834 3
839 840 3
845 904 3
848 849 3
857 858 3
868 869 3
756 814 1
816 817 3
821 822 3
825 826 3
829 830 3
777 835 3
856 857 3
859 860 3
813 814 1
823 824 3
834 835 3
835 836 3
847 904 3
866 868 3
824 825 3
820 821 3
847 848 3
862 863 0
819 878 3
820 878 3
861 862 1
815 874 3
861 919 1
814 874 3
816 874 3
817 875 3
818 875 3
819 877 3
877 878 3
822 880 3
860 919 1
862 919 3
863 921 1
812 870 1
821 880 3
847 905 3
862 921 3
868 926 3
823 881 3
828 887 3
829 887 3
904 905 3
866 925 3
868 925 3
812 871 3
813 871 0
819 876 3
822 881 3
844 903 3
845 903 3
814 871 0
876 877 3
824 881 3
825 883 3
826 883 3
828 886 3
833 891 3
841 899 3
855 913 3
860 918 3
864 922 2
866 924 3
925 926 3
816 875 3
818 876 3
875 876 3
821 878 3
821 879 3
824 882 3
825 882 3
827 886 3
886 887 3
830 888 3
831 888 3
831 889 3
832 890 3
834 891 3
835 894 3
836 894 3
837 895 3
837 896 3
838 896 3
839 896 3
839 897 3
840 898 3
842 900 3
843 901 3
844 902 3
848 906 3
849 908 3
850 908 3
851 909 3
852 910 3
853 911 3
854 911 3
854 912 3
854 913 3
856 914 3
857 915 3
858 916 3
859 917 3
918 919 3
864 921 1
865 923 3
866 923 3
924 925 3
869 926 3
869 927 3
870 871 0
878 879 3
880 881 3
827 885 3
887 888 3
889 890 3
890 891 3
835 950 3
894 895 3
897 898 3
898 899 3
899 900 3
900 901 3
901 902 3
902 903 3
848 907 3
849 907 3
908 909 3
909 910 3
910 911 3
912 913 3
913 914 3
857 914 3
915 916 3
859 916 3
860 917 3
814 872 3
872 874 3
874 875 3
881 882 3
885 886 3
888 889 3
834 950 3
895 896 3
896 897 3
906 907 3
914 915 3
921 922 0
923 924 3
879 880 3
826 885 3
903 904 3
848 905 3
911 912 3
916 917 3
919 920 3
862 920 3
865 922 2
926 927 3
883 885 3
907 908 3
920 921 3
882 883 3
922 923 3
917 918 3
894 950 3
905 906 3
871 872 1
891 949 3
834 949 3
949 950 3
950 951 3
894 951 3
872 875 3
872 932 3
875 932 3
905 963 3
906 963 3
872 931 3
883 942 3
885 942 3
931 932 3
876 932 3
876 934 3
881 939 3
882 939 3
907 966 3
908 966 3
916 974 3
932 991 3
932 934 3
878 936 3
886 944 3
915 974 3
916 975 3
917 975 3
920 977 3
872 930 3
879 936 3
879 937 3
882 941 3
883 941 3
887 944 3
888 946 3
889 946 3
890 948 3
896 955 3
897 955 3
904 963 3
919 977 2
922 981 2
924 982 1
930 931 3
877 935 3
878 935 3
880 937 3
891 948 3
904 962 3
918 977 3
921 979 3
922 980 2
923 981 1
870 928 0
871 929 1
880 938 3
882 940 3
885 943 3
887 946 3
889 947 3
890 947 3
894 952 3
895 953 3
896 954 3
898 956 3
899 957 3
900 958 3
901 959 3
901 960 3
902 960 3
903 961 3
903 962 3
906 964 3
909 967 3
910 968 3
911 969 3
912 970 3
913 971 3
914 972 3
915 973 3
918 976 3
921 980 3
924 981 1
926 984 3
927 984 3
928 929 3
871 930 1
934 935 3
935 936 3
939 940 3
940 941 3
943 944 3
951 952 3
952 953 3
953 954 3
954 955 3
955 956 3
956 957 3
957 958 3
958 959 3
959 960 3
960 961 3
961 962 3
962 963 3
963 964 3
908 967 3
967 968 3
968 969 3
969 970 3
970 971 3
971 972 3
972 973 3
973 974 3
974 975 3
975 976 3
976 977 3
925 982 1
925 984 3
881 938 3
942 943 3
887 945 3
947 948 3
948 949 3
907 964 3
920 979 3
979 980 3
980 981 3
981 982 3
927 985 3
938 939 3
944 945 3
945 946 3
946 947 3
982 984 0
984 985 3
936 937 3
937 938 3
941 942 3
966 967 3
929 930 3
934 991 3
977 1036 3
920 1036 3
907 1023 3
979 1036 3
930 988 3
964 1023 3
966 1023 3
982 1041 3
929 988 3
931 988 3
984 1041 3
936 994 3
950 1008 3
977 1035 3
981 1039 3
982 1039 3
931 989 3
951 1008 3
976 1035 3
932 989 3
935 993 3
951 1009 3
964 1022 3
982 1040 3
988 989 3
936 993 3
993 994 3
939 997 3
940 997 3
940 998 3
944 1002 3
945 1002 3
952 1009 3
963 1022 3
966 1024 3
967 1024 3
980 1038 3
1039 1040 3
984 1042 3
928 987 3
929 987 3
941 998 3
942 1000 3
948 1006 3
949 1007 3
950 1007 3
952 1010 3
954 1013 3
955 1013 3
1022 1023 3
972 1029 3
973 1032 3
974 1032 3
981 1038 3
985 1042 3
987 988 3
934 992 3
937 994 3
937 995 3
938 996 3
941 999 3
941 1000 3
942 1001 3
943 1001 3
949 1006 3
953 1010 3
953 1012 3
954 1012 3
957 1015 3
961 1019 3
963 1021 3
968 1026 3
971 1029 3
1040 1041 3
1041 1042 3
928 986 3
932 990 3
935 992 3
994 995 3
995 996 3
939 996 3
944 1001 3
945 1003 3
946 1004 3
947 1005 3
956 1015 3
957 1016 3
958 1016 3
959 1017 3
960 1019 3
962 1019 3
962 1020 3
962 1021 3
1021 1022 3
967 1025 3
967 1026 3
969 1026 3
969 1028 3
970 1028 3
972 1031 3
973 1031 3
1031 1032 3
975 1033 3
976 1034 3
979 1037 3
979 1038 3
985 1043 3
986 987 3
989 990 3
997 998 3
998 999 3
999 1000 3
1000 1001 3
1001 1002 3
1002 1003 3
946 1003 3
1004 1005 3
1005 1006 3
1006 1007 3
953 1011 3
1012 1013 3
956 1013 3
1016 1017 3
960 1017 3
1019 1020 3
1023 1024 3
969 1027 3
971 1028 3
1032 1033 3
1033 1034 3
1034 1035 3
1035 1036 3
1036 1037 3
1037 1038 3
1008 1009 3
1015 1016 3
960 1018 3
1020 1021 3
1026 1027 3
1027 1028 3
1038 1039 3
1042 1043 3
996 997 3
1003 1004 3
1010 1011 3
1011 1012 3
1017 1018 3
1018 1019 3
1028 1029 3
990 991 3
991 992 3
1007 1008 3
1009 1010 3
1024 1025 3
1025 1026 3
992 993 3
1013 1015 3
