-0.0519371 0.00503896 16.6981
-0.0546476 0.0187888 16.6874
-0.0358127 0.00174899 15.9686
-0.0349018 -0.0276905 15.4783
-0.00371953 0.0232368 12.1638
-0.000844607 0.00565569 12.3508
0.0161087 0.0334076 3.8842
-0.0164206 0.0156669 9.27
0.0163372 -0.0159136 3.8361
0.0164228 -0.022096 4.63828
0.0126441 0.535995 5.0154
-0.0480539 2.69001 19.5198
0.0951122 -0.469495 -8.67473
0.357035 0.127344 -86.4514
0.00108647 -0.157498 25.3079
-0.0444099 -0.083109 39.4206
-0.136652 0.103967 67.8234
0.865307 -0.162616 -293.801
0.027182 0.0261676 -9.24531
0.00341585 -0.0254731 23.7752
-0.00230459 0.0444672 16.3207
0.101562 0.0390625 -26.0898
-0.014511 -0.117133 28.477
-0.0268141 -0.149691 35.7218
-0.0262866 -0.15077 35.081
-0.0275049 -0.0968592 34.3743
0.00393421 -0.122322 17.2002
-0.0159688 -0.125253 28.7864
-0.0172121 -0.0621788 27.8745
-0.00639197 -0.0292345 20.196
0.00466749 -0.00124161 12.6039
0.00292839 0.0138134 13.2855
0.0164668 0.0555163 2.6484
0.062553 0.054094 -29.6132
0.0578831 0.0857996 -26.679
0.0350223 0.011654 -7.40824
-0.0453446 -0.0481749 56.0959
-0.100453 -0.0487427 98.5871
0.232892 0.0103716 -177.108
0.274832 0.0014065 -211.885
0.0875825 -0.00521331 -47.4506
-0.0138947 0.0182558 37.0484
-0.00795686 0.0290231 31.5595
0.0044782 -0.0180014 20.9627
0.00233022 0.00365423 22.55
-0.000648299 -0.0109872 25.5855
0.0312541 -0.0245454 -5.79482
0.116221 -0.128975 -90.9951
0.0589481 -0.0502137 -32.7708
0.0433364 0.0165145 -17.4881
0.0182595 0.0640528 8.58174
-0.010293 0.105186 39.4344
0.018202 0.0520394 8.60662
-0.0218938 -0.210088 56.7868
0.0205462 -0.0128445 10.6503
0.0204779 -0.00349746 10.6497
0.0741683 0.00584953 -54.479
0.078666 0.0175357 -60.2452
-0.03413 -0.0257759 17.2136
-0.0445517 -0.0209055 17.495
-0.0555259 0.0040703 16.734
-0.0286172 0.00913799 14.7701
-0.0204875 -0.00146932 14.9475
-0.0323266 0.00157016 16.3919
0.0524293 0.0101546 -0.771459
-0.0123863 0.00572289 9.57447
-0.0484766 0.018502 14.6715
-0.0286914 0.0109336 11.8644
0.0332064 -0.0520988 1.2538
0.0046298 -0.0581399 8.01794
-0.00886974 -0.122246 16.7268
0.0454515 0.00830845 -3.57221
0.0155869 -0.175761 21.2212
0.00254398 -0.506799 33.2758
0.00912817 0.0146557 -2.49694
0.132325 0.140565 -54.1412
0.0404467 0.0196866 -14.0926
-0.0264002 -0.0401823 29.4593
-0.0218562 -0.0297874 27.1665
0.0799422 0.0161253 -29.6272
-0.00811818 -0.109785 24.849
-0.0297059 -0.108728 35.5492
0.176515 0.198456 -84.7677
-0.0212664 -0.109679 30.5101
-0.0075968 -0.109505 22.9205
0.00384506 -0.0861619 15.662
0.0102764 -0.0517413 10.06
0.0417675 -0.00215185 -11.7194
0.0184072 0.00485848 3.68706
0.0163528 0.0461378 3.27027
0.0350418 0.05136 -10.1326
0.059184 0.0478177 -25.3401
0.0440751 0.0224241 -14.2494
-0.026677 -0.00212956 40.2029
-0.0371123 0.0157863 47.0134
0.0753115 0.119151 -49.4437
0.192218 0.058261 -143.481
0.27494 -0.0026248 -211.883
0.209056 0.00396465 -154.217
-0.087747 0.0632063 102.558
-0.0162503 0.014603 39.3463
-0.016672 -0.0018999 40.2307
-0.00292011 -0.0100769 27.6152
0.0145894 -0.00649611 10.3976
0.0208805 -0.00684686 4.15487
0.182638 -0.111104 -159.666
0.0644641 0.00465529 -39.9318
0.0626659 0.0209428 -38.0882
0.0593508 -0.00209065 -34.0859
0.0256432 0.0424252 1.7154
0.033487 0.0251746 -6.67476
0.0637289 0.051748 -42.6938
0.0528813 0.0140642 -28.1798
0.0176243 -0.0267533 14.1291
0.0794893 -0.031632 -59.7929
0.0942237 -0.0207206 -78.3633
-0.0147997 -0.0479116 17.8891
-0.0365038 -0.0193681 17.125
-0.0534154 -0.0100339 17.065
-0.0158185 -0.0139539 14.8448
-0.0357614 -0.0271699 17.8489
-0.0398136 -0.0269692 18.1698
-0.0763229 -0.0066731 21.1031
-0.0976665 -0.0159568 25.3682
-0.0618359 -0.0060164 18.1188
-0.0148469 -0.0227734 10.0433
0.0168333 -0.0577235 5.02228
0.0352428 -0.0796021 1.59449
-0.0118644 -0.115564 17.1513
0.340723 -0.0473729 -85.6411
0.00329138 -0.161427 23.7939
-0.0186221 -0.170446 31.4609
0.00538144 0.026716 -1.50668
0.0187653 0.00793738 -5.69374
-0.0391193 -0.0948003 38.0264
-0.045398 -0.0762045 39.3917
-0.0242032 -0.0355167 28.5356
-0.0212719 -0.0758358 29.2016
-0.00314257 -0.101375 22.319
-0.000360215 -0.121765 21.6275
-0.0162353 -0.0982506 28.5225
-0.00361663 -0.0803867 20.185
-0.00528691 -0.072313 20.682
0.0183623 -0.0839182 7.18529
-0.0731718 -0.221514 69.5657
0.0359831 -0.027174 -6.7944
0.0598856 0.0324983 -24.3376
0.0464013 0.0393741 -15.6576
0.0394635 0.0460033 -11.3198
0.00826359 -0.00498561 13.3241
0.00285725 0.00987772 16.5
-0.0106365 -0.00484991 27.8352
-0.0299889 0.005441 41.7596
0.0160496 0.0306292 3.54375
-0.00200648 -0.0114491 12.3597
0.349868 0.0255741 -276.61
0.206355 -0.00315197 -151.627
-0.101857 0.00314789 119.632
-0.0484033 0.0334208 67.7665
-0.0199312 0.0149186 42.451
0.000330995 0.00101999 24.0621
0.0255191 0.00620013 -1.07495
0.029022 0.0179459 -5.34916
0.43052 -0.063025 -415.427
0.0643092 0.0139432 -40.3119
0.0541313 0.000910551 -28.4802
0.0821465 -0.015479 -58.2683
0.0423415 -0.0108165 -15.0368
0.0437796 0.0032044 -17.6864
0.0454881 -0.00242919 -19.1976
0.0202759 -0.00661238 10.2472
0.00662791 -0.0350033 27.433
0.0795155 -0.0580735 -59.9322
0.106728 -0.0519495 -92.714
-0.00687438 -0.0633672 18.4137
-0.00204174 -0.0644318 18.8846
-0.0264865 -0.0203768 16.6784
-0.0428684 -0.0314449 18.1741
-0.0398429 -0.0644105 20.4533
-0.0508598 -0.0654572 21.3459
-0.0429067 -0.0284078 16.6926
-0.0538016 -0.00305612 17.6812
-0.0333482 -0.0252923 13.7646
-0.0305909 -0.0390771 14.36
-0.0193735 -0.0629589 13.2812
0.0120505 -0.0522135 5.01343
0.00536968 -0.0788844 9.39961
-0.03678 -0.0724938 20.3542
-0.0236244 -0.00840202 11.1717
-0.00962225 0.0195262 4.3791
0.0023209 0.0264105 -0.547665
0.0142777 0.0282292 -4.90004
0.00927747 0.0205421 -2.4755
0.00541384 0.00744706 0.0725581
-0.0638716 -0.607152 84.3141
-0.257812 -1.10547 223.047
0.00304903 -0.146516 21.1215
-0.00119804 -0.139299 22.6437
0.0341075 -0.138297 3.89573
0.0208705 -0.121178 9.95118
0.00992444 -0.103776 14.4115
0.00909021 -0.0914708 13.2981
0.0784205 -0.0179337 -33.7676
0.0595579 0.015684 -23.1676
0 0 -1
0.0379963 -0.0121862 -6.69524
0.013351 -0.0176551 10.499
0.0223827 -0.0145866 3.47473
0.0163308 -0.00183018 7.19761
0.00902567 0.0141014 11.4988
0.00817895 0.0416557 9.87446
0.0119808 0.0577076 6.15532
0.0400406 -0.0277253 -10.2199
0.113372 -0.0113671 -72.9723
-0.0641145 0.0277647 83.3173
-0.102391 0.0102664 117.702
-0.0663606 0.0153424 84.7726
-0.0185452 0.0128717 41.598
-0.0231514 -0.0024882 46.9756
0.005494 0.0186472 17.3977
0.0743953 0.0415967 -52.3174
0.089202 0.0708925 -69.6832
0.0387255 0.0341115 -14.2632
0.0347517 -0.00966189 -7.33024
0.049699 -0.0246025 -22.5231
0.0501319 -0.017028 -23.8888
0.0289856 0.0176606 -1.9837
0.0487661 0.0112033 -23.7759
0.165339 0.153237 -169.324
0.0675983 0.0440547 -43.1452
0.0393085 0.0502852 -9.78745
0.123388 -0.0628091 -112.9
-0.00202866 -0.0428212 16.7044
-0.00611546 -0.0444051 16.8348
-0.0272839 -0.0540768 18.9754
-0.0503956 -0.0449648 19.8274
-0.0405476 -0.0660947 20.1637
-0.0304887 -0.015131 13.7299
-0.0288731 -0.0129907 13.8044
-0.0774267 -0.0106274 21.7705
-0.0786624 -0.0188449 21.8642
-0.055934 -0.0302017 18.6433
-0.00918096 -0.0313936 8.4298
0.00916694 -0.0327953 4.23134
0.0139164 -0.0480465 4.31595
0.0304889 -0.0183469 -4.56929
-0.0130016 -0.00312577 7.16931
0.00373785 0.0184276 -0.0116425
0.00938583 0.0149661 -1.8145
0.0102305 0.0126493 -2.0605
0.0174286 0.0132515 -4.98781
0.000954113 0.00667635 2.01102
-0.00985634 0.032728 3.92037
-0.0242981 0.0354439 10.1015
-0.0148835 0.0310259 5.72595
0.0922181 -0.181872 -23.9273
0.0739521 -0.374276 7.49718
0.0212856 -0.139787 10.4324
0.00791565 -0.123214 16.1984
0.0751407 -0.0975721 -25.8385
0.138055 -0.243118 -49.8081
0.107228 -0.0293782 -50.325
0.0606054 -0.0120549 -21.736
0.0362282 -0.0269903 -4.29363
-0.0101414 -0.0605323 29.8819
0.0360153 -0.016654 -5.80907
0.0129654 -0.0109215 10.6312
0.0271435 -0.0113156 -0.0183606
0.022433 -0.0121066 3.808
0.0120078 -0.0134157 11.8928
0.0501368 -0.00688246 -20.234
0.0747092 -0.00202386 -40.9719
-0.110699 -0.010354 127.752
-0.109472 0.0032446 124.534
-0.0366068 -0.0170134 60.5695
-0.0174607 0.00700236 40.8143
0.00664915 0.0258282 15.8204
0.0267938 0.021984 -3.38967
0.0961283 0.0366162 -73.4831
0.0692054 0.0518051 -46.7362
0.0156678 0.0200576 11.743
-0.0198849 0.0044819 50.3102
0.0227224 -0.0084946 5.29931
0.0492012 -0.0314161 -21.3462
0.0529847 -0.0207288 -26.5575
0.0173736 0.110807 13.1874
0.0684625 0.0858747 -48.4779
0.0372334 0.0464848 -7.10164
0.0605806 0.0177893 -32.5187
0.0510552 -0.0221881 -16.9243
0.0288232 -0.0724209 19.18
0.00595288 -0.0544439 17.8844
-0.00851861 -0.0360512 16.2445
-0.0292999 -0.0394678 17.4398
-0.0051301 -0.0201825 12.718
-0.0241268 0.0208759 9.80633
-0.0400253 0.0135343 12.5938
-0.0894289 0.0036315 21.899
-0.098217 -0.0275954 26.0088
-0.0681405 -0.0219265 20.1134
-0.0181819 -0.00105945 7.08809
-0.00467629 -0.00848437 5.09978
0.0010051 -0.0288243 5.96108
-0.00350049 -0.00577976 4.44993
0.00949419 0.0192085 -2.13775
0.00410364 0.00686454 0.976238
-0.000301163 0.00585576 2.63685
0.00230525 0.00315395 1.9719
0.0019729 -0.000833009 2.53474
0.00223573 -0.000109481 2.21892
-0.0101392 0.00517079 7.24516
-0.0238657 0.0253344 11.1717
-0.0225075 0.0191048 11.122
0.00351682 0.0117454 -1.34497
0.0769923 -0.105884 -24.8013
0.0372135 -0.119532 -0.453025
0.00400007 -0.0887399 15.1418
-0.00429191 -0.109755 21.1738
0.00609628 -0.110066 15.4786
0 0 -1
0.0139813 -0.0126196 -1.12875
0.035585 -0.0103432 -15.9164
0.117691 -0.462476 -16.2168
0.0784363 0.0019229 -47.6087
0.123477 -0.0671645 -71.4654
0.0589047 -0.0798577 -17.0719
0.0706493 -0.0626593 -28.6616
0.0239585 -0.0163996 2.63496
0.0631024 0.0156784 -33.1483
0.0830891 0.0290314 -51.6727
0.0330838 0.0115692 -0.218868
-0.199576 0.0308311 202.079
-0.000716152 0.0154047 23.9935
0.00608446 0.0308277 15.7628
0.00920266 0.0228107 13.8707
0.0374794 0.0276009 -14.2911
0.0678406 0.0148653 -42.5245
0.0714138 0.0126783 -45.2582
0.00447134 -0.0121254 26.8712
-0.0148167 -0.0213534 47.4673
0.00730175 -0.0184087 23.1377
0.0518065 -0.0288031 -24.4518
0.0571805 -0.0327457 -30.0392
-0.0979601 0.289952 115.288
0.100342 0.130783 -90.7812
0.00180012 0.0531548 34.3277
0.0409867 -0.0191077 -5.04281
0.0468556 -0.0241686 -11.5698
0.0613392 -0.074356 18.4589
0.0553754 -0.0460466 14.4681
-0.0116308 -0.0204642 13.8429
-0.0213398 -0.036632 16.2619
0.0226829 -0.0186479 10.5353
-0.00855161 0.0067824 10.492
-0.0439513 0.0117078 13.1431
-0.0992447 0.0275942 20.2032
-0.0855388 -0.0218075 23.2117
-0.0298952 0.0187251 6.79987
-0.00295334 0.019359 1.20734
-0.00340092 0.0119149 2.18564
-0.0125939 0.0081042 5.26055
0.0155165 0.00895617 -2.66736
0.0192969 0.00207966 -1.94122
-0.0182836 0.0105328 8.05398
-0.00177646 -0.00119091 4.08575
-0.00691417 -0.00420357 6.26381
0.00308218 -0.000443963 1.81846
0.00832767 0.00788221 -1.58099
-0.00648281 0.0129619 4.36893
-0.0177711 0.00646459 10.4212
-0.0183583 0.000417187 11.4499
-0.0164072 0.00376594 9.78411
-0.0115368 -0.000283854 7.86776
0.00223649 -0.0893854 14.953
-0.0171101 -0.0873424 25.7016
-0.0115134 -0.0932859 22.2732
0.0340172 -0.032286 -13.572
0.0444032 -0.0411722 -17.4417
0.0423987 -0.0126836 -19.6686
0.0394804 0.0022843 -20.1191
0.0428564 0.0457816 -29.0351
0.0756563 0.0298022 -49.6134
0.0881877 -0.0348928 -49.4645
0.122315 -0.0970381 -65.5604
0.149748 -0.0352141 -95.6265
0.0746393 -0.00612227 -39.4861
0.0838807 0.035223 -53.0872
0.154515 0.0443729 -113.843
0.155204 -0.0257661 -102.7
-0.0371829 -0.0167965 61.206
-0.00260247 0.0112969 26.5403
-0.00262072 0.0341704 23.4417
0.00552155 0.0297394 16.4605
0.0167357 0.0185938 7.04909
0.0570575 0.0154967 -32.0305
0.0549646 -0.0179086 -25.4056
0.00676768 -0.00566153 23.582
-0.00595066 -0.0155562 37.4344
-0.00203308 0.0124233 29.3176
0.0239476 -0.0370429 7.39372
0.103635 -0.0153297 -59.2997
0.0926383 -0.00826793 -47.9475
0.11034 -0.015504 -67.6689
0.0995225 -0.0210816 -53.7451
0.0915207 -0.0140972 -45.2156
0.0913442 -0.00441602 -46.2884
0.14544 0.0734691 -8.21438
0.092367 0.0605529 -4.12169
-0.0276608 0.017443 7.95375
0.0102166 0.0104397 6.13902
0.0336728 0.0134488 4.40465
-0.00120756 0.0141551 8.05502
-0.0486956 0.0279338 10.5338
-0.0837177 0.0368308 15.5498
-0.055172 0.0525517 6.64214
-0.00444254 0.0943436 -10.5824
0.000945212 0.103167 -12.6733
-0.0141214 0.0459327 -0.394817
-0.00943447 0.0745978 -6.05499
0.0144562 0.00438353 -1.62008
0.0425025 -0.0038426 -8.19544
-0.0206477 0.0242301 6.69283
-0.0159654 0.0201055 5.80037
-0.00739067 0.0188111 2.81656
0.0133415 0.0268092 -6.71688
0.0327231 0.041268 -16.7907
-0.0416722 0.0335882 17.754
-0.0334594 0.022373 15.046
-0.0226803 0.0347313 7.7603
-0.00695496 0.0175826 2.7306
0.00326418 0.0263362 -3.82781
0.0133289 0.0213302 -8.06464
-0.0203814 0.0287221 9.38532
-0.0123165 -0.0470289 16.2053
0.0417635 -0.0409045 -16.807
0.0782805 -0.0263081 -41.0069
0.0439192 -0.0139301 -20.3324
0.064304 0.005373 -37.2256
0.0755954 0.0354287 -50.1966
0.0630866 0.0339587 -41.2326
0.0902042 0.0643644 -66.0811
0.0717276 -0.115171 -25.1952
0.103895 0.0201454 -66.5803
0.104546 0.0162904 -66.6357
0.108634 0.0425697 -74.5797
0.16027 0.0306826 -115.946
0.136433 -0.00685169 -88.603
0.0344262 0.0126298 -2.19912
0.0826166 0.00469368 -44.1538
0.106521 0.00809764 -66.5862
0.12187 0.0121761 -81.9837
0.114809 -0.000259395 -73.207
0.11208 -0.0108434 -68.726
0.0995164 -0.0185913 -54.7631
0.109887 -0.0231155 -64.7188
0.106202 -0.0150972 -62.2875
0.109815 -0.0145246 -66.2931
0.107965 -0.00444513 -65.8699
0.0996512 -0.00732039 -56.0723
0.09601 -0.00293367 -52.6384
0.104497 0.00977619 -64.6655
0.0990952 -0.00213652 -56.2809
0.101068 0.00104678 -59.166
0.0916048 0.00868983 -48.6978
0.0758952 0.123606 -14.2835
0.0465306 0.109908 -11.0323
-0.00345076 0.0997444 -6.6683
-0.0101153 0.07646 -3.42081
0.00237058 0.0654528 -1.71579
-0.023843 0.053416 3.52602
-0.0389758 0.0595503 4.53423
-0.0495863 0.0939054 -0.42392
-0.0389642 0.133261 -9.62791
-0.0249579 0.156072 -16.5842
-0.00165647 0.145089 -19.663
-0.0109249 0.121561 -12.5963
-0.0248766 0.219533 -28.1721
-0.0191727 0.230518 -32.0666
-0.0154336 0.207276 -27.9689
-0.0256949 0.138756 -11.3649
-0.0200898 0.0615743 -0.0416954
0.00420951 0.059957 -8.88093
0.0113576 0.226274 -41.9525
0.0248692 0.12578 -28.8763
-0.0151445 0.0598471 1.20821
-0.0310509 0.0566138 7.99953
-0.0213819 0.165547 -16.4591
-0.00800775 0.0929248 -9.70124
0.0127479 0.040767 -11.1565
-0.00721324 0.0469337 -0.815644
-0.0289447 0.0720678 6.71449
-0.0124824 0.174333 -21.8385
-0.00965131 -0.0175805 11.4624
0.0721639 -0.0294089 -37.1955
0.113757 -0.0182733 -66.4246
0.093704 0.0274839 -61.1022
0.0958823 0.0348603 -63.7499
0.0815694 0.0379506 -54.1974
0.11309 0.0269589 -75.7163
0.11337 0.00184078 -70.9523
0.10913 -0.000156264 -67.3623
0.105988 0.00598445 -66.0337
0.11472 0.0144958 -74.7882
0.144605 0.0188899 -100.899
0.137509 0.00718667 -91.453
0.0379145 0.00578419 -4.15733
0.0836662 0.0134099 -46.6896
0.106739 0.00426356 -66.1188
0.11033 0.0160529 -71.6907
0.110408 0.0181399 -72.203
0.101223 0.00768954 -61.0271
0.105395 0.000288314 -63.9611
0.109637 -0.000204498 -68.2761
0.108548 0.00467493 -68.0703
0.104745 0.00128987 -63.3914
0.101321 -0.00108249 -59.1621
0.101935 -0.000233811 -59.84
0.109046 -0.00109352 -67.9354
0.0977904 0.00411438 -55.7827
0.103137 0.00681792 -62.6291
0.101502 0.0126095 -61.5679
0.101402 0.0103665 -61.1322
0.0688283 0.149476 -18.1681
0.0222753 0.130933 -13.8911
-0.025457 0.126214 -11.1639
-0.0278715 0.0960658 -4.85238
-0.0438858 0.191266 -22.8599
-0.0229309 0.0944463 -4.68671
-0.0355167 0.101267 -4.25247
-0.0599903 0.175615 -15.2278
-0.0372782 0.206893 -24.6964
0.0027795 0.267607 -44.4328
0.00185488 0.279189 -46.3589
-0.00294704 0.225499 -34.8735
0.00363703 0.290513 -49.7624
-0.0183501 0.282035 -41.2351
-0.00615099 0.278388 -45.1127
-0.0299772 0.275813 -36.3921
-0.0312209 0.303271 -41.2794
-0.00275359 0.310465 -53.2465
-0.000931519 0.276227 -46.8442
-0.00483973 0.240682 -37.9196
-0.0247878 0.268329 -34.8995
-0.0104743 0.289727 -45.8608
-0.0114826 0.260566 -39.606
-0.0206992 0.261006 -35.0191
-0.0126241 0.303463 -47.6234
0.00118954 0.306583 -55.7821
0.0157544 0.274725 -57.3968
-0.0110561 0.276318 -42.3827
-0.00768325 0.30001 -49.1687
0.0398366 0.271716 -73.2271
0.0350672 0.288069 -74.1161
0.05425 0.256688 -80.4715
0.0789441 0.0377054 -52.6954
0.0766179 0.0197284 -47.3596
0.0842301 0.0190626 -53.0296
0.105203 0.00904157 -66.262
0.1068 0.00150088 -65.9629
0.112945 0.00319459 -71.1565
0.113181 0.00242148 -71.1846
0.147678 0.00152012 -99.9969
0.107926 0.00461543 -65.4481
0.0585539 0.00510205 -22.5659
0.0942449 0.00423415 -54.619
0.111955 0.00519819 -71.1344
0.121039 0.00601928 -79.9526
0.113277 0.0225738 -75.6204
0.0828519 0.0104913 -43.0235
0.101216 0.00167415 -59.8411
0.112036 0.000803602 -70.9335
0.107814 0.00537392 -67.3781
0.0989232 0.00631986 -58.0202
0.105172 0.00504951 -64.5021
0.0944044 0.00296883 -51.9198
0.0955614 0.00379097 -53.3336
0.102979 0.00763591 -62.6312
0.103906 0.00719243 -63.6038
0.101771 0.0202029 -63.5996
0.0993907 0.0121213 -59.0302
0.0238151 0.138147 -15.456
0.0102084 0.22226 -33.5359
0.00841307 0.27447 -44.5404
-0.0282218 0.368902 -62.9258
0.00241181 0.296478 -49.8055
-0.0174266 0.337419 -56.4269
-0.00516438 0.500602 -94.7571
-0.0263281 0.265854 -37.0077
-0.0131519 0.283979 -44.0545
0.00599695 0.280594 -47.3262
-0.0085745 0.2536 -37.6549
-0.0169436 0.260354 -37.3811
-0.0113666 0.24451 -35.2598
-0.0144131 0.264466 -38.8171
-0.00958687 0.29134 -46.6336
-0.0130065 0.288672 -44.5997
-0.0119777 0.303443 -48.4012
-0.00807122 0.308314 -50.8822
-0.00576539 0.309765 -52.2039
-0.0135969 0.296487 -45.9572
-0.00666553 0.31338 -52.7828
-0.0116597 0.301082 -47.6389
-0.0131012 0.296558 -46.0334
-0.00452012 0.309104 -53.0605
-0.00108175 0.318771 -57.1288
-0.0011 0.32762 -59.0928
-0.00479999 0.312679 -53.6158
0.00624018 0.326588 -63.2928
0.00640254 0.333789 -64.9963
0.0103962 0.319123 -64.2188
0.0201308 0.306194 -67.6644
0.0110338 0.336749 -68.5249
0.0143509 0.3509 -74.1023
0.0148053 0.348913 -73.9059
0.0285179 0.331995 -80.4791
0.0781416 0.0638254 -57.5372
0.098415 0.0139885 -62.0353
0.111254 0.0104091 -71.3672
0.119441 0.00832478 -77.7102
0.15015 0.011924 -104.368
0.106864 0.0135136 -66.6676
0.0657453 0.00821822 -29.7452
0.0883455 -0.000714119 -48.0891
0.107207 -0.00183905 -65.2335
0.119403 0.000524996 -77.2603
0.116934 0.00724636 -76.0779
0.0832553 -0.00169371 -40.8132
0.094815 0.00230273 -53.4481
0.109973 0.00172737 -69.0347
0.106388 0.00416696 -65.6636
0.108602 0.00130877 -67.5347
0.103846 0.00423693 -62.9934
0.102538 0.00355426 -61.3442
0.111736 0.0145308 -74.3264
0.103996 0.00681056 -63.6643
0.107509 0.012908 -69.0225
0.107822 0.0137618 -69.6516
0.100864 0.0123358 -60.8226
0.01059 0.265407 -41.2758
0.0031677 0.255588 -38.3974
-0.00183484 0.250293 -36.2778
-0.00758807 0.30876 -51.0976
-0.0216301 0.284529 -44.0218
-0.0115948 0.296707 -47.6853
-0.0165587 0.277629 -42.123
-0.0278356 0.266693 -37.7076
-0.00958737 0.28008 -43.7854
0.00148549 0.285562 -47.588
-0.00859418 0.292186 -46.7865
-0.0150044 0.284784 -43.6091
-0.0146513 0.2817 -42.9285
-0.0166971 0.304832 -48.018
-0.0102339 0.320134 -53.3029
-0.00973761 0.298168 -48.0254
-0.0104946 0.302542 -48.6627
-0.00407732 0.315855 -54.1475
-0.0174245 0.311584 -47.7727
-0.0136522 0.29128 -44.4996
-0.00623256 0.302239 -50.6049
-0.00570035 0.309761 -52.6727
0.00384607 0.322223 -60.3652
0.00809966 0.32828 -63.9294
0.00613852 0.32537 -62.2632
-0.00519146 0.326687 -56.5924
0.00369578 0.323661 -60.9638
0.0140046 0.322736 -66.7585
0.00952624 0.32758 -65.31
0.00586501 0.329841 -63.5616
0.00393632 0.32703 -61.9399
0.0314344 0.310962 -76.1998
0.0221435 0.333844 -75.2422
0.0147534 0.341712 -72.001
0.0264677 0.320997 -75.7373
0.00049198 0.366835 -67.7301
0.00227883 0.366263 -69.1104
-0.00788748 0.352901 -57.689
0.0611965 0.264767 -91.9137
0.12863 0.0585442 -97.2512
0.084342 0.00852201 -45.6655
0.0590796 0.0212522 -27.2589
0.0897964 0.00728505 -51.3924
0.107266 0.00615722 -67.2281
0.131539 0.00976841 -91.0862
0.11395 0.0118725 -74.1976
0.0787497 0.0125547 -39.6599
0.0945041 0.00356683 -53.4703
0.112257 0.00926291 -73.1053
0.112585 0.00713909 -72.9071
0.103593 0.00685041 -63.3602
0.1077 0.00330719 -67.0661
0.105138 0.00657053 -64.9827
0.102622 0.00639914 -61.9052
0.102722 0.00892703 -62.7541
0.111093 0.00799747 -72.5492
0.117509 0.00298082 -78.9579
0.107703 0.00823228 -68.2962
0.0102101 0.289325 -47.5851
-0.000200226 0.275187 -43.7186
0.00787896 0.275874 -43.7596
-0.0101718 0.287066 -45.4023
-0.0119212 0.305872 -50.1797
-0.010796 0.294621 -47.4
-0.00837126 0.297334 -48.5802
-0.00370301 0.301079 -50.2434
0.00969859 0.312814 -56.0497
-0.00528178 0.306397 -51.4129
-0.00164144 0.31081 -53.2129
-0.00965226 0.301583 -48.9854
-0.0135176 0.305419 -48.8135
-0.00865626 0.311418 -51.7082
-0.0143251 0.30668 -48.6131
-0.00142357 0.307121 -52.7091
-0.0111966 0.278126 -41.4954
-0.0113433 0.287106 -44.0336
-0.0131485 0.298958 -46.7581
-0.00279087 0.320847 -57.0293
0.0040568 0.331952 -62.8552
0.00238431 0.326114 -60.4628
0.00427281 0.32317 -60.6862
0.00118682 0.314422 -56.7702
0.00674715 0.323859 -62.2798
-0.00403367 0.327892 -57.686
0.00550584 0.329448 -63.4724
0.0102562 0.326661 -65.2496
-0.0039968 0.326733 -56.7173
0.00150554 0.329462 -60.8729
0.000976128 0.326051 -59.7005
0.0158492 0.320441 -68.2137
0.0438509 0.293461 -80.1904
0.0336043 0.319033 -79.5375
0.021721 0.329588 -73.696
1.11386e-06 0.3435 -61.2613
-0.00411476 0.34538 -58.4655
0.000390904 0.346204 -62.2126
-0.0138139 0.358031 -53.8845
0.00592362 0.345622 -66.9814
0.000621374 0.295045 -48.3368
0.0360735 0.28889 -78.2733
0.0713523 0.051088 -45.9873
0.106496 0.00964147 -67.3311
0.129281 0.0110906 -89.3648
0.118936 0.0103858 -78.8127
0.0744488 0.00846616 -34.317
0.0906791 0.00384649 -49.6292
0.106755 -0.00533965 -63.5899
0.105032 -0.00253552 -62.4193
0.0980715 -0.00146009 -55.1354
0.105522 0.00503148 -65.0344
0.108073 0.0104552 -69.3367
0.103866 0.0015525 -62.1607
0.0981234 -0.0021156 -54.36
0.111259 0.0067544 -72.2943
0.0970664 -0.00518458 -51.8267
0.106144 -0.00288302 -63.5601
0.0149622 0.302047 -51.1961
0.0181203 0.302093 -51.3104
0.00764806 0.295725 -48.7955
-0.00288389 0.29877 -48.8582
-0.0142706 0.297411 -47.8077
-0.00588147 0.318283 -54.9683
-0.00540482 0.312522 -53.2793
0.00306345 0.319853 -56.645
-0.00162045 0.314567 -54.2012
-0.0102238 0.311022 -51.6006
-0.011004 0.316647 -52.9067
-0.00956615 0.30805 -50.6552
-0.0146598 0.296922 -45.8838
-0.00947913 0.29763 -47.4895
-0.0140467 0.282567 -41.8885
-0.0156745 0.275597 -39.3664
-0.00756897 0.305401 -50.9449
0.00764349 0.324207 -61.9602
0.00795731 0.327783 -63.1664
0.00216809 0.334466 -62.6522
0.00452485 0.339668 -65.2089
0.00080049 0.334669 -62.0101
-0.00278571 0.338092 -61.374
0.00304072 0.333456 -62.9351
-0.00285016 0.336803 -60.8166
0.00223874 0.338423 -64.0848
0.00385166 0.339248 -65.1747
0.00432014 0.3283 -62.2567
0.00427283 0.332351 -63.2075
-0.00139445 0.323928 -57.2361
-0.00527451 0.322548 -54.2716
-0.00325566 0.32621 -56.7106
0.00935573 0.315997 -62.4627
0.0423727 0.290953 -78.4027
0.0218699 0.315121 -69.7592
0.00861957 0.323199 -62.0361
0.00499684 0.330162 -61.567
0.00204328 0.33455 -60.2878
0.00297143 0.342381 -63.2413
0.00551812 0.335426 -63.2189
-0.00531803 0.340705 -55.5349
-0.00166141 0.336553 -57.6995
0.00374217 0.350902 -66.6579
0.00744939 0.3378 -66.1993
0.0338746 0.319572 -85.8686
0.0940322 0.0409301 -63.1768
0.0704623 0.00179958 -28.6107
0.105552 0.0154135 -68.3262
0.107103 0.0218884 -71.7735
0.103448 0.00766557 -63.6799
0.100772 0.00553966 -60.1148
0.105225 0.000614586 -63.4542
0.104042 0.000797111 -62.1308
0.101146 -0.00177273 -58.1373
0.110213 0.00520657 -70.6691
0.103422 0.000376105 -60.9883
0.0960177 0.00067414 -52.1837
0.0905302 -0.00353161 -44.1796
0.0158942 0.311967 -54.1615
0.0171586 0.310823 -53.8345
0.0169119 0.308145 -52.9352
-0.0117228 0.301626 -48.9087
-0.00326168 0.304888 -50.8271
0.00150685 0.316873 -55.0469
-0.00518521 0.322811 -56.1531
-0.00554825 0.318168 -54.749
-0.00066601 0.306182 -51.6511
-0.0109697 0.318445 -53.2384
-0.0190745 0.290933 -42.9842
-0.0171636 0.280544 -40.4751
-0.013853 0.278488 -40.7824
-0.0109062 0.291557 -45.7031
-0.0127616 0.298277 -47.0944
-0.0005471 0.319093 -57.3884
0.00677026 0.331373 -63.5367
0.00388922 0.328664 -61.5994
0.00237451 0.330132 -61.4693
0.00864123 0.324727 -62.3358
-0.00333384 0.318266 -55.0567
-0.00464021 0.324426 -56.4014
0.00017852 0.326922 -59.4445
-0.00403681 0.322828 -56.0985
0.00549529 0.323749 -61.2719
0.00308169 0.330104 -62.096
0.00735993 0.329929 -64.3801
0.00387736 0.324876 -60.8951
0.00476109 0.321478 -60.2371
-0.00227042 0.327605 -57.7669
-0.00246009 0.326603 -57.4201
-0.00268506 0.323286 -56.1906
0.00124551 0.320901 -58.1739
0.0157432 0.302404 -62.8293
0.0553173 0.27266 -82.4286
0.0445307 0.295597 -81.0337
0.00729478 0.333435 -64.1331
0.00776068 0.339708 -66.7012
0.0058691 0.339008 -64.7572
0.00569281 0.351298 -68.3703
0.00594037 0.32836 -61.5559
-0.00123559 0.33012 -55.5804
0.00138276 0.345733 -62.759
-0.0022713 0.348124 -60.161
-0.00531444 0.343471 -55.6769
-0.0109391 0.358811 -54.8927
0.0138827 0.343481 -74.7449
0.0263957 0.295961 -72.6665
0.071417 0.131525 -67.9005
0.0896575 0.0279477 -55.1715
0.106638 0.0211599 -71.4705
0.108791 0.0048848 -68.7546
0.101713 0.0164161 -64.3906
0.0984855 0.00942661 -58.4202
0.114002 0.00473333 -75.0245
0.100606 0.014388 -61.9847
0.0968232 0.00489515 -54.4142
0.0771509 0.0061235 -30.7866
0.0128851 0.316089 -55.4204
0.0117532 0.312591 -54.2046
0.00761088 0.308878 -52.7651
-0.00389918 0.308187 -51.9346
0.00768001 0.315656 -55.4497
0.00363509 0.322909 -57.3379
-0.00723008 0.305819 -50.1202
-0.0183166 0.293336 -44.299
-0.023684 0.262486 -33.0909
-0.0163848 0.271863 -37.5539
-0.0170989 0.271301 -37.704
0.000560425 0.313751 -56.2876
0.00107733 0.308527 -54.5229
0.00916297 0.318415 -60.0301
0.00958859 0.321762 -61.3738
0.00354435 0.327961 -61.3651
0.00557492 0.325573 -61.3283
0.00353833 0.327291 -61.0829
0.00383382 0.321774 -59.3959
0.00412441 0.314819 -57.209
0.00195273 0.314461 -56.1311
-0.00147127 0.318924 -56.053
-0.00447188 0.320056 -54.9505
-0.00272397 0.31767 -55.0178
0.00682595 0.323066 -61.8446
0.0039976 0.325208 -61.0194
0.00780728 0.31775 -60.6724
0.00244096 0.330906 -61.8619
-0.000729238 0.329731 -59.5875
0.000124365 0.32828 -59.6319
-0.00387784 0.324401 -55.6132
-0.00545309 0.324625 -54.7348
-0.00465622 0.321925 -54.2541
0.00238233 0.317974 -58.0954
0.0204287 0.307571 -67.9548
0.0572384 0.272249 -83.8173
0.0491533 0.282307 -80.3151
0.013649 0.338146 -70.682
0.00615979 0.344676 -66.8199
0.00767152 0.35132 -70.3405
0.00371788 0.338028 -62.8109
0.00764681 0.337051 -65.6247
0.00131771 0.332389 -58.2952
0.00800582 0.333707 -64.9569
-0.00166916 0.348398 -60.6097
-0.0036905 0.345418 -57.84
0.0106151 0.34861 -73.1638
-0.000732219 0.344117 -60.3223
-0.00578938 0.339506 -53.6376
-0.00829232 0.31383 -42.3159
0.0199254 0.295244 -66.341
0.0480789 0.183166 -59.4992
0.0721468 0.0621703 -45.9963
0.0970162 0.0281701 -62.9548
0.109365 0.027688 -77.2431
0.102909 0.0159547 -65.6045
0.112078 0.012016 -75.2945
0.10125 0.0221427 -65.4684
0.00867679 0.316383 -55.4531
0.00706232 0.310554 -53.32
0.00666135 0.308498 -52.5261
-0.00755645 0.305008 -50.4151
0.00309324 0.320534 -56.5923
-0.0144182 0.300355 -47.3704
-0.0324936 0.24618 -25.8001
-0.0309316 0.245166 -25.8442
-0.0219884 0.250764 -29.4955
-0.00041392 0.287386 -46.7241
0.00164507 0.311977 -55.8554
0.0125765 0.327928 -63.9964
0.0112238 0.33136 -64.7973
0.00743666 0.334406 -64.7986
0.00217549 0.329417 -61.5118
0.0031942 0.32122 -58.8904
0.00280905 0.317532 -57.5356
0.00370895 0.320897 -58.9764
0.000553735 0.315315 -55.8798
0.0033092 0.314958 -56.8426
0.00259738 0.314211 -56.2692
-0.000137091 0.305389 -51.9226
-0.000838243 0.316357 -55.5422
-0.00196896 0.310906 -53.0186
0.00326579 0.312728 -56.4591
0.0158225 0.320934 -66.0196
0.00766387 0.32352 -62.4385
0.0093494 0.317518 -61.1667
0.00475746 0.32758 -62.2165
-0.0032174 0.33499 -59.7901
-0.00344448 0.319746 -54.351
0.00374342 0.323637 -60.5439
6.28599e-05 0.318899 -56.4524
0.000439292 0.329326 -60.424
0.00393933 0.32057 -59.9499
0.0244519 0.303206 -69.4526
0.0592786 0.267776 -83.8004
0.0548914 0.285391 -85.5817
0.0220432 0.326739 -73.4916
0.00289207 0.342364 -63.1262
-0.000260063 0.346864 -62.0822
-0.00409038 0.338846 -55.7119
0.00863672 0.333299 -65.3383
0.0109191 0.329239 -65.9169
0.00471746 0.325548 -59.0141
0.00172074 0.341626 -61.771
-0.0108547 0.352928 -53.187
-0.0023649 0.339728 -56.7784
-0.0141696 0.34792 -47.6434
-0.0125923 0.327862 -42.1958
-0.00936707 0.322504 -43.5694
-0.0082962 0.314298 -41.7604
0.00852472 0.306756 -58.2931
0.0371434 0.231359 -64.1514
0.0669853 0.0928186 -50.0316
0.0717816 0.0649844 -45.407
0.090224 0.026996 -53.9638
0.0920301 0.0215583 -54.0625
0.00465219 0.316124 -55.3157
0.00353734 0.309407 -52.8018
0.00180752 0.304829 -51.0387
0.00301143 0.293523 -46.9588
-0.0145227 0.292297 -44.7455
-0.0393211 0.235584 -21.228
-0.0391688 0.196162 -7.03922
-0.025054 0.215188 -16.1023
-0.0109477 0.25142 -31.7257
0.0134736 0.294968 -52.1011
0.0146595 0.307627 -57.1069
0.0127294 0.309964 -57.5893
0.0134529 0.30851 -57.1714
0.00588317 0.324406 -60.7861
0.000528996 0.311461 -54.5172
-0.00659883 0.305997 -50.0996
-0.000208957 0.300637 -50.4048
0.0020265 0.315692 -56.5956
0.000786487 0.300302 -50.5684
-0.000492897 0.293398 -47.5255
0.00281711 0.296535 -50.0644
-0.00047025 0.284068 -44.1451
0.002784 0.290823 -48.1413
0.00281415 0.297051 -50.4442
0.00741851 0.2945 -51.9952
0.00614919 0.283196 -47.2248
0.0119911 0.296674 -55.2978
0.00725007 0.29066 -50.2816
0.00242746 0.306008 -53.0769
-0.000326637 0.306908 -51.6055
-0.000784122 0.304687 -50.6533
-0.000919366 0.297119 -47.9839
-0.0014132 0.300235 -48.802
-0.0016018 0.295816 -46.983
0.000800589 0.290198 -46.7407
0.0270815 0.274506 -61.0443
0.0449025 0.249997 -66.0051
0.0628725 0.257381 -82.5752
0.0485974 0.295201 -84.403
0.0270649 0.307591 -71.1239
0.00151098 0.318847 -53.6259
0.00222582 0.317647 -53.8221
-0.00688757 0.310752 -43.0715
0.00736182 0.280419 -45.4
0.0134172 0.300243 -58.3428
0.0064215 0.332533 -63.2871
-0.00185997 0.320867 -50.7884
-0.00595216 0.334834 -51.5105
-0.0152735 0.326283 -38.7697
-0.0083755 0.33467 -49.084
-0.0142691 0.324039 -38.7962
-0.00875891 0.301535 -36.6943
-0.00198536 0.299383 -43.5946
0.0342622 0.252562 -68.102
0.0399777 0.165451 -43.4369
0.0538908 0.0778953 -28.1348
0.0712312 0.0471401 -37.7164
0.0628694 0.017016 -16.4341
