0 1 3
1 2 3
2 3 3
3 4 3
4 5 3
5 6 3
6 7 1
7 9 3
9 10 3
10 11 3
11 12 3
12 13 3
13 14 3
14 15 3
15 16 3
16 17 3
17 18 0
18 19 3
19 20 3
20 21 3
21 23 3
23 24 3
24 25 3
25 27 3
27 28 3
28 29 3
29 30 3
30 32 0
32 90 3
32 34 3
34 35 0
35 37 3
37 38 3
38 40 3
40 41 3
41 42 3
42 44 3
44 45 3
45 46 3
46 47 3
47 49 3
49 50 3
50 51 3
51 52 3
52 54 3
54 55 3
55 56 3
56 57 3
53 54 3
52 53 3
34 90 3
47 106 3
30 90 0
52 110 3
90 91 3
34 91 3
35 94 3
40 97 3
49 106 3
38 97 3
9 66 2
25 83 3
7 65 3
37 94 3
40 98 3
40 99 3
41 99 3
42 101 3
44 101 3
6 65 1
7 66 3
25 84 3
27 84 3
98 99 3
42 100 3
28 85 3
41 100 3
9 67 2
15 73 3
83 84 3
27 85 3
46 104 3
53 110 3
1 59 3
10 67 3
12 70 3
14 73 3
16 73 3
21 79 3
0 58 3
2 59 3
2 60 3
3 60 3
16 75 3
17 75 3
20 79 3
34 92 3
55 113 3
56 113 3
0 59 3
10 68 3
11 70 3
19 78 3
20 78 3
21 138 3
24 82 3
25 82 3
35 92 3
35 93 3
38 96 3
97 98 3
47 105 3
105 106 3
49 107 3
51 109 3
52 109 3
53 111 3
54 111 3
3 61 3
4 62 3
5 63 3
6 63 3
6 64 2
65 66 3
67 68 3
13 70 3
16 74 3
79 138 3
28 87 3
99 100 3
45 103 3
54 112 3
57 115 3
58 59 3
4 61 3
62 63 3
73 74 3
23 138 3
85 87 3
29 87 3
30 87 3
96 97 3
44 103 3
46 103 3
106 107 3
54 113 3
56 115 3
61 62 3
63 64 2
14 72 0
18 75 1
23 82 3
82 83 3
91 92 3
44 160 3
103 104 3
46 105 3
50 108 3
109 110 3
111 112 3
112 113 3
59 60 3
13 72 0
72 73 1
74 75 3
101 160 3
49 108 3
51 108 3
56 114 3
64 65 1
82 138 3
84 85 3
38 94 3
100 101 3
113 114 3
114 115 3
60 61 3
66 67 3
18 78 3
78 79 3
92 93 3
93 94 3
103 160 3
107 108 3
11 68 3
87 90 0
104 105 3
70 72 0
94 96 3
110 111 3
94 152 3
106 163 3
94 153 3
96 153 3
105 163 3
108 109 3
68 70 3
74 133 3
90 146 3
111 169 3
75 133 3
90 148 3
63 121 0
64 121 2
138 139 3
82 139 3
91 148 3
101 159 3
111 168 3
112 169 3
73 131 3
152 153 3
159 160 3
110 168 3
74 131 3
106 164 3
107 164 3
109 168 3
113 171 3
87 146 3
168 169 3
62 120 3
72 129 3
100 159 3
104 161 3
58 117 3
59 117 3
61 120 3
146 148 3
98 157 3
99 157 3
107 166 3
75 134 3
78 137 3
79 137 3
82 140 3
91 149 3
92 149 3
108 166 3
60 117 3
70 129 0
72 131 1
74 132 3
18 134 1
83 140 3
83 141 3
84 141 3
108 167 3
109 167 3
112 170 3
58 116 3
62 121 0
72 130 3
131 132 3
132 133 3
133 134 3
87 144 3
93 151 3
96 154 3
97 155 3
98 156 3
103 161 3
104 163 3
163 164 3
169 170 3
113 172 3
114 172 3
115 173 3
67 126 0
68 126 0
68 127 0
129 130 3
130 131 1
139 140 3
85 144 3
87 145 3
149 151 3
92 151 3
94 151 3
153 154 3
154 155 3
155 156 3
156 157 3
100 157 3
160 161 3
166 167 3
114 173 3
116 117 3
64 123 2
126 127 3
18 135 1
140 141 3
171 172 3
120 121 0
144 145 3
145 146 3
148 149 3
167 168 3
113 170 3
66 125 0
70 127 0
134 135 3
78 135 2
78 194 3
157 159 3
104 220 3
107 222 3
166 222 3
172 173 3
119 120 1
121 123 3
64 66 1
67 125 0
127 129 3
135 194 3
137 194 3
137 138 3
85 141 3
151 152 3
61 117 3
61 119 0
66 123 0
125 126 3
161 220 3
163 220 3
164 222 3
113 229 3
123 125 3
170 229 3
171 229 3
123 180 3
146 205 3
148 205 3
149 207 3
121 180 3
149 208 3
120 178 0
127 186 3
129 186 3
146 204 3
151 208 3
159 216 3
138 196 3
145 203 3
204 205 3
157 216 3
137 196 3
139 196 3
144 201 3
144 203 3
148 206 3
119 178 3
121 178 3
85 201 3
205 206 3
151 209 3
222 223 3
166 223 3
168 170 3
119 177 3
139 197 3
148 207 3
152 209 3
159 218 3
117 175 3
61 177 0
125 182 3
126 183 3
127 185 3
140 197 3
141 200 3
146 203 3
152 210 3
153 210 3
160 218 3
161 219 3
116 175 3
123 182 3
125 183 3
126 185 3
130 189 3
85 200 3
219 220 3
168 226 3
117 176 3
61 176 3
131 189 0
203 204 3
182 183 3
126 184 3
135 193 3
140 199 3
141 199 3
166 224 3
167 224 3
167 226 3
173 231 3
116 174 3
177 178 3
121 179 3
183 184 3
129 187 3
130 246 3
193 194 3
194 195 3
137 195 3
140 198 3
200 201 3
153 211 3
154 212 3
155 213 3
156 214 3
157 215 3
167 225 3
171 230 3
172 230 3
172 231 3
174 175 3
178 179 3
123 181 3
185 186 3
186 187 3
187 246 3
134 192 3
195 196 3
197 198 3
198 199 3
199 200 3
209 210 3
210 211 3
211 212 3
212 213 3
213 214 3
214 215 3
215 216 3
161 218 3
223 224 3
225 226 3
170 228 3
179 180 3
181 182 3
184 185 3
132 250 3
133 250 3
133 192 3
196 197 3
144 202 3
208 209 3
228 229 3
229 230 3
176 177 0
192 250 3
201 202 3
202 203 3
163 222 3
132 189 0
189 250 1
218 219 3
224 225 3
230 231 3
175 176 3
189 190 3
135 192 3
189 246 3
206 207 3
159 276 3
170 227 3
207 208 3
216 276 3
218 276 3
168 227 3
226 227 3
180 181 3
190 250 1
192 193 3
227 228 3
189 248 3
190 248 3
163 279 3
222 279 3
245 246 3
189 247 3
220 279 3
187 245 3
247 248 3
275 276 3
216 275 3
208 267 3
209 267 3
178 236 3
202 261 3
219 277 3
220 277 3
224 281 3
228 287 3
229 287 3
179 236 3
182 240 3
185 242 3
186 245 3
197 255 3
223 281 3
177 235 3
178 235 3
181 240 3
183 240 3
184 242 3
196 255 3
203 261 3
222 280 3
230 289 3
231 289 3
175 233 3
176 233 3
186 244 3
246 247 3
203 262 3
204 262 3
205 263 3
219 276 3
226 284 3
227 284 3
176 235 0
183 241 3
184 241 3
185 244 3
244 245 3
193 252 3
194 252 3
204 263 3
206 263 3
206 264 3
207 264 3
208 266 3
266 267 3
225 283 3
226 283 3
227 286 3
228 286 3
286 287 3
230 288 3
174 232 3
174 233 3
179 237 3
180 238 3
181 239 3
195 254 3
196 254 3
199 257 3
200 257 3
200 259 3
201 259 3
207 266 3
210 268 3
211 269 3
212 270 3
213 271 3
214 272 3
215 273 3
216 274 3
220 278 3
224 282 3
224 283 3
229 288 3
232 233 3
235 236 3
236 237 3
237 238 3
238 239 3
239 240 3
195 252 3
197 256 3
198 256 3
198 257 3
261 262 3
267 268 3
268 269 3
269 270 3
270 271 3
271 272 3
272 273 3
273 274 3
274 275 3
278 279 3
223 280 3
282 283 3
287 288 3
288 289 3
240 241 3
241 242 3
256 257 3
202 259 3
262 263 3
263 264 3
277 278 3
279 280 3
281 282 3
283 284 3
227 285 3
254 255 3
255 256 3
257 259 3
284 285 3
285 286 3
202 260 3
264 266 3
280 281 3
242 244 3
193 250 3
259 260 3
279 337 3
280 337 3
176 292 3
260 261 3
233 292 3
235 292 1
252 254 3
244 301 3
276 277 3
250 307 0
250 252 3
252 311 3
254 311 3
266 323 3
190 307 3
250 309 0
276 334 3
242 301 3
252 309 3
277 334 3
248 307 3
288 346 3
246 304 3
255 314 3
256 314 3
261 319 3
262 319 3
264 323 3
266 324 3
267 324 3
245 304 3
241 300 3
242 300 3
247 306 3
248 306 3
250 308 3
252 310 3
244 303 3
245 303 3
307 308 1
263 322 3
264 322 3
289 346 3
309 310 3
259 318 3
260 318 3
275 334 3
240 299 3
241 299 3
318 375 3
267 325 3
268 327 3
269 327 3
272 330 3
287 346 3
300 301 3
308 309 0
254 313 3
255 313 3
257 315 3
257 318 3
268 325 3
271 330 3
278 337 3
285 343 3
287 344 3
232 290 3
233 291 3
235 294 3
236 294 3
237 295 3
238 296 3
239 297 3
240 298 3
303 304 3
306 307 3
315 318 3
262 320 3
263 321 3
268 326 3
270 328 3
271 328 3
273 331 3
274 332 3
275 333 3
278 336 3
282 340 3
284 341 3
286 344 3
287 345 3
289 347 3
233 290 3
292 293 0
235 293 3
294 295 3
295 296 3
296 297 3
297 298 3
298 299 3
246 305 3
313 314 3
257 314 3
319 320 3
320 321 3
321 322 3
322 323 3
324 325 3
325 326 3
326 327 3
327 328 3
330 331 3
331 332 3
332 333 3
277 335 3
278 335 3
336 337 3
281 339 3
281 340 3
285 341 3
345 346 3
346 347 3
291 292 3
293 294 3
314 315 3
260 375 3
271 329 3
333 334 3
334 335 3
283 340 3
341 343 3
286 343 3
344 345 3
299 300 3
304 305 3
310 311 3
328 329 3
335 336 3
283 341 3
290 291 3
247 305 3
260 319 3
329 330 3
281 337 3
341 342 3
343 344 3
244 360 3
303 360 3
305 306 3
340 341 3
301 360 3
337 339 3
339 340 3
374 375 3
260 376 3
311 313 3
318 374 3
375 376 3
323 324 3
319 376 3
342 343 3
303 361 3
360 361 3
298 356 3
315 374 3
339 398 3
340 398 3
297 356 3
339 396 3
345 403 3
306 364 3
307 365 3
307 366 1
313 371 3
313 372 3
314 372 3
337 396 3
290 348 3
305 364 3
306 365 3
308 366 2
309 367 3
311 371 3
315 372 3
326 384 3
327 384 3
333 392 3
334 392 3
336 395 3
337 395 3
341 399 3
344 402 3
345 402 3
294 353 3
295 353 3
304 361 3
308 367 0
310 367 3
311 369 3
323 381 3
332 390 3
336 394 3
339 397 3
340 399 3
346 404 3
346 405 3
347 405 3
290 349 3
291 349 3
292 349 3
294 352 3
299 357 3
300 358 3
300 359 3
301 359 3
304 362 3
305 363 3
369 371 3
315 373 3
319 377 3
320 378 3
321 379 3
322 379 3
322 381 3
324 382 3
325 382 3
325 384 3
327 385 3
328 386 3
329 387 3
330 387 3
330 388 3
331 388 3
331 390 3
333 390 3
397 398 3
398 399 3
342 400 3
342 401 3
343 401 3
344 401 3
402 403 3
345 404 3
348 349 3
352 353 3
296 355 3
297 355 3
356 357 3
357 358 3
362 363 3
363 364 3
364 365 3
371 372 3
372 373 3
376 377 3
377 378 3
378 379 3
322 380 3
381 382 3
385 386 3
386 387 3
331 389 3
394 395 3
341 400 3
401 402 3
403 404 3
293 351 3
293 352 3
358 359 3
380 381 3
325 383 3
384 385 3
395 396 3
400 401 3
351 352 3
310 369 3
379 380 3
382 383 3
383 384 3
335 392 3
361 362 3
387 388 3
388 389 3
335 393 3
336 393 3
396 397 3
404 405 3
292 351 2
355 356 3
389 390 3
399 400 3
348 464 3
367 426 3
310 426 3
393 394 3
373 374 3
369 428 3
390 449 3
333 449 3
371 428 3
392 449 3
392 393 3
295 355 3
295 412 3
355 412 3
369 426 3
392 450 3
349 351 3
353 412 3
375 433 3
382 439 3
393 450 3
376 433 3
381 439 3
390 448 3
448 449 3
351 409 3
363 421 3
389 448 3
356 414 3
359 360 3
364 421 3
382 440 3
449 450 3
403 462 3
404 462 3
355 414 3
360 418 3
365 366 1
366 367 2
374 432 3
375 432 3
439 440 3
405 463 3
351 408 3
366 424 3
371 429 3
372 430 3
393 451 3
404 463 3
349 408 3
408 409 3
351 410 3
352 410 3
367 425 3
369 427 3
377 436 3
378 436 3
394 451 3
398 456 3
399 456 3
348 407 3
349 407 3
409 410 3
357 415 3
358 415 3
366 425 2
426 427 3
371 430 3
376 435 3
377 435 3
380 438 3
384 442 3
394 452 3
395 452 3
395 454 3
396 454 3
401 460 3
402 460 3
403 461 3
407 464 3
358 416 3
358 417 3
359 417 3
360 419 3
361 419 3
364 422 3
365 423 3
366 423 0
428 429 3
432 433 3
376 434 3
379 437 3
379 438 3
382 441 3
383 441 3
383 442 3
385 444 3
386 444 3
386 445 3
387 445 3
388 446 3
389 446 3
450 451 3
397 454 3
397 455 3
399 457 3
399 458 3
400 458 3
401 459 3
460 461 3
461 462 3
416 417 3
359 418 3
361 420 3
362 420 3
421 422 3
422 423 3
425 426 3
433 434 3
434 435 3
436 437 3
380 439 3
440 441 3
385 442 3
445 446 3
395 453 3
397 456 3
456 457 3
458 459 3
462 463 3
353 410 3
412 414 3
357 414 3
419 420 3
373 430 3
373 432 3
437 438 3
438 439 3
441 442 3
453 454 3
457 458 3
459 460 3
407 408 3
415 416 3
417 418 3
363 420 3
424 425 2
427 428 3
451 452 3
452 453 3
454 455 3
455 456 3
414 415 3
418 419 3
435 436 3
423 424 1
429 430 3
389 447 3
385 443 3
444 445 3
446 447 3
447 448 3
442 443 3
373 431 3
443 444 3
430 431 3
410 412 3
420 421 3
431 432 3
412 470 3
408 467 3
410 470 3
424 483 2
425 483 3
454 513 3
455 513 3
409 467 3
415 473 3
426 483 3
416 473 3
440 499 3
441 499 3
457 516 3
412 471 3
421 479 3
429 488 2
430 488 2
442 500 3
450 508 3
451 508 3
453 511 3
458 516 3
470 471 3
414 471 3
422 479 3
422 480 3
423 480 3
454 511 3
458 517 3
459 517 3
460 518 3
461 519 3
462 519 3
462 520 3
416 474 3
417 475 3
419 477 3
432 548 1
432 491 1
433 491 1
438 496 3
447 505 3
448 506 3
449 506 3
449 507 3
450 507 3
451 509 3
456 513 3
417 474 3
418 475 3
418 476 3
420 477 3
420 478 3
424 482 3
426 484 2
427 485 2
428 486 2
429 486 2
434 491 1
436 494 2
439 496 3
439 497 3
440 497 3
442 501 3
443 501 3
444 502 3
445 502 3
445 503 3
446 504 3
447 504 3
507 508 3
451 510 3
452 510 3
454 512 3
456 514 3
456 515 3
457 515 3
460 517 3
460 519 3
463 521 3
408 466 3
466 467 3
410 467 3
418 477 3
421 478 3
482 483 2
484 485 3
428 485 2
431 488 2
435 493 2
496 497 3
444 501 3
503 504 3
447 506 3
506 507 3
508 509 3
510 511 3
512 513 3
514 515 3
518 519 3
519 520 3
463 520 3
407 465 3
408 465 3
410 468 3
473 474 3
474 475 3
483 484 3
435 494 2
437 495 2
438 495 2
440 498 3
442 499 3
502 503 3
515 516 3
517 518 3
468 470 3
476 477 3
477 478 3
478 479 3
479 480 3
485 486 3
434 551 2
436 495 2
497 498 3
500 501 3
504 505 3
509 510 3
511 512 3
516 517 3
423 482 1
491 551 0
435 551 2
493 494 3
498 499 3
499 500 3
501 502 3
520 521 3
414 473 3
486 488 3
431 547 2
505 506 3
464 465 3
465 466 3
475 476 3
488 547 3
493 551 3
494 495 3
513 514 3
467 468 3
480 482 1
432 547 1
491 548 3
549 551 0
514 573 3
515 573 3
491 549 3
414 472 3
480 539 2
471 472 3
472 473 3
482 539 0
495 496 3
482 540 2
483 540 2
468 527 3
470 527 3
496 612 2
512 570 3
486 545 3
488 545 3
495 553 3
496 553 1
497 612 2
499 557 2
464 522 3
472 530 2
480 538 2
483 541 2
499 558 3
500 558 3
513 570 3
465 522 3
471 530 2
473 530 2
479 537 2
479 538 2
538 539 3
498 612 2
555 612 3
498 555 3
511 570 3
467 525 3
468 525 3
470 529 2
471 529 2
473 531 2
537 538 3
540 541 3
484 541 3
486 544 3
501 560 3
502 560 2
515 574 3
516 574 3
529 530 3
530 531 3
485 543 3
486 543 3
494 552 3
495 552 3
498 557 3
502 561 2
503 561 2
505 564 3
506 564 3
519 578 3
466 524 3
470 528 2
474 531 3
478 536 3
478 537 3
544 545 3
496 554 1
505 563 3
507 564 3
507 566 3
508 566 3
511 569 3
513 571 3
514 571 3
514 572 3
520 578 3
465 524 3
528 529 3
477 535 3
477 536 3
536 537 3
488 546 3
552 553 3
501 558 3
504 562 3
504 563 3
509 567 3
510 568 3
570 571 3
571 572 3
517 575 3
518 577 3
519 577 3
520 579 3
521 579 3
465 523 3
527 528 3
476 535 3
484 543 3
543 544 3
546 547 3
551 552 3
554 612 3
557 558 3
503 562 3
563 564 3
507 565 3
566 567 3
567 568 3
568 569 3
572 573 3
516 575 3
518 575 3
518 576 3
466 525 3
525 527 3
476 534 3
535 536 3
562 563 3
569 570 3
575 576 3
475 534 3
545 546 3
548 549 3
555 557 3
561 562 3
474 532 3
475 532 3
534 535 3
484 542 3
542 543 3
560 561 3
573 630 3
577 578 3
531 532 3
501 559 3
564 565 3
572 630 3
578 579 3
522 523 3
524 525 3
532 534 3
559 560 3
574 575 3
576 577 3
523 524 3
565 566 3
541 542 3
553 554 3
558 559 3
539 540 3
573 574 3
577 634 3
547 548 2
576 634 3
557 614 3
532 591 3
534 591 3
555 614 3
570 628 2
534 592 3
535 592 3
549 608 2
551 608 3
566 624 2
574 632 3
567 624 2
569 628 3
573 632 3
527 585 3
551 609 3
552 611 3
553 611 3
527 584 3
528 585 3
591 592 3
539 597 3
551 610 3
552 610 3
555 613 3
560 618 3
561 618 3
525 584 3
531 589 3
532 589 3
540 597 3
609 610 3
554 611 3
613 614 3
559 618 3
561 620 3
575 633 3
576 633 3
522 580 3
524 582 3
584 585 3
530 588 3
531 588 3
536 594 3
537 594 3
547 606 3
548 606 2
549 606 2
549 607 2
612 613 3
564 622 2
565 623 1
569 627 2
571 630 3
575 632 3
578 636 3
579 636 3
525 582 3
525 583 3
528 586 3
529 586 3
532 590 3
535 593 3
537 595 3
538 595 3
540 598 3
541 599 3
542 600 3
543 600 3
543 601 3
544 602 3
545 603 3
546 604 3
606 607 3
607 608 3
561 619 3
562 620 2
563 622 2
565 624 2
568 626 2
568 627 2
571 628 3
577 635 3
523 582 3
529 587 3
588 589 3
589 590 3
590 591 3
593 594 3
538 597 3
598 599 3
599 600 3
601 602 3
602 603 3
603 604 3
611 612 3
558 614 3
558 616 1
558 617 1
559 617 1
619 620 3
563 621 2
564 623 1
567 625 2
567 626 2
632 633 3
634 635 3
635 636 3
579 637 3
523 580 3
582 583 3
583 584 3
587 588 3
592 593 3
538 596 3
547 604 3
547 605 3
608 609 3
618 619 3
636 637 3
585 586 3
596 597 3
600 601 3
605 606 3
614 616 3
616 617 3
562 621 2
622 623 3
624 625 3
627 628 3
586 587 3
597 598 3
604 605 3
614 615 3
523 581 3
581 582 3
594 595 3
595 596 3
621 622 3
625 626 3
633 634 3
610 611 3
615 616 3
620 621 3
617 618 0
626 627 3
580 581 3
630 689 3
630 632 3
632 689 3
623 624 3
628 686 3
571 686 1
571 688 1
630 688 3
632 690 3
633 690 3
611 669 3
571 687 1
585 643 3
593 651 3
594 651 3
610 669 3
615 673 3
616 673 3
619 678 3
627 686 2
686 687 3
687 688 3
584 642 3
586 643 3
599 658 3
600 658 3
612 671 3
613 671 3
618 675 3
618 677 3
619 677 3
620 678 3
688 689 3
580 638 3
581 638 3
581 639 3
583 642 3
594 652 3
595 652 3
595 653 3
596 653 3
604 662 3
607 665 3
608 665 3
625 684 3
626 684 3
634 692 3
634 693 3
635 693 2
582 639 3
642 643 3
591 649 3
592 650 3
593 650 3
596 654 3
597 654 3
597 656 3
598 656 3
601 659 3
603 662 3
606 664 3
607 664 3
608 666 3
614 672 3
617 675 3
677 678 3
622 680 2
623 680 3
633 692 3
638 639 3
583 641 3
586 644 3
587 645 3
588 646 3
589 647 3
590 648 3
650 651 3
599 657 3
658 659 3
602 659 3
602 661 3
605 662 3
605 663 3
609 667 3
609 668 3
610 668 3
613 672 3
616 674 3
621 679 3
689 690 3
633 691 3
641 642 3
643 644 3
644 645 3
588 645 3
646 647 3
647 648 3
648 649 3
592 649 3
651 652 3
597 713 3
598 657 3
657 658 3
603 661 3
606 663 3
665 666 3
673 674 3
678 679 3
679 680 3
623 681 3
690 691 3
691 692 3
692 693 3
636 695 1
637 695 1
652 653 3
656 657 3
662 663 3
663 664 3
666 667 3
668 669 3
611 671 3
671 672 3
615 672 3
617 674 3
675 677 3
624 681 3
626 685 3
627 685 3
636 693 2
636 694 1
582 641 3
645 646 3
653 654 3
656 713 3
667 668 3
672 673 3
680 681 3
624 683 1
625 683 1
684 685 3
685 686 0
582 640 3
654 713 3
659 661 3
661 662 3
664 665 3
640 641 3
649 650 3
669 671 3
694 695 3
674 675 3
677 735 3
624 682 3
683 684 0
693 694 1
639 640 3
675 735 3
678 735 3
681 682 3
682 683 1
659 718 3
661 718 3
671 728 3
669 728 3
675 734 3
734 735 3
674 733 3
675 733 3
673 731 3
674 731 3
644 702 3
645 702 3
649 708 3
650 708 3
658 716 3
681 740 3
646 702 3
646 704 3
653 711 3
659 716 3
661 719 3
662 719 3
682 740 3
684 742 3
647 704 3
647 706 3
648 706 3
649 707 3
652 711 3
665 724 3
666 724 3
672 730 3
733 734 3
678 736 3
679 736 3
679 738 3
683 742 2
689 747 1
690 747 1
638 696 3
639 697 3
640 698 3
641 699 3
643 701 3
648 707 3
707 708 3
650 709 3
651 709 3
652 710 3
654 712 3
656 714 3
662 720 3
663 721 3
664 722 3
665 723 3
667 725 3
668 726 3
669 727 3
671 730 3
680 738 3
683 740 2
695 753 3
696 697 3
697 698 3
698 699 3
642 701 3
643 702 3
709 710 3
710 711 3
711 712 3
712 713 3
713 714 3
657 714 3
657 716 3
659 717 3
717 718 3
718 719 3
719 720 3
720 721 3
663 722 3
722 723 3
723 724 3
724 725 3
725 726 3
726 727 3
727 728 3
735 736 3
683 741 2
688 747 1
694 752 3
694 753 3
642 699 3
701 702 3
706 707 3
708 709 3
657 715 3
716 717 3
721 722 3
673 730 3
736 738 3
681 738 3
741 742 3
686 744 1
686 745 1
687 745 1
688 746 1
690 749 1
691 749 1
691 693 3
704 706 3
714 715 3
715 716 3
685 744 3
687 746 1
746 747 3
693 752 1
752 753 3
730 731 3
731 733 3
685 742 3
747 748 3
690 748 1
693 749 1
642 700 3
740 741 3
699 700 3
702 704 3
738 740 3
693 751 1
700 701 3
745 746 3
748 749 3
751 752 3
685 801 3
744 745 3
744 801 3
749 808 3
693 808 1
751 808 3
704 763 3
706 763 3
728 730 3
740 798 3
738 795 3
728 787 3
733 792 3
734 792 3
738 796 3
740 796 3
730 787 3
736 795 3
748 806 3
701 759 3
735 793 3
796 798 3
747 806 3
748 807 3
749 807 3
697 699 3
700 758 3
700 759 3
704 761 3
709 767 3
734 793 3
795 796 3
741 799 3
742 799 3
747 805 3
699 757 3
699 758 3
758 759 3
702 759 3
702 761 3
708 767 3
710 769 3
731 790 3
733 790 3
740 799 3
746 805 3
751 809 3
697 756 3
699 756 3
710 767 3
711 769 3
717 776 3
718 776 3
721 779 3
722 781 3
723 781 3
730 789 3
731 789 3
808 809 3
752 809 2
757 758 3
704 762 3
710 768 3
715 773 3
716 773 3
719 776 3
720 778 3
720 779 3
742 801 3
806 807 3
696 754 3
697 755 3
702 760 3
761 762 3
762 763 3
706 764 3
707 765 3
707 766 3
708 766 3
768 769 3
711 770 3
712 770 3
713 771 3
714 772 3
716 774 3
717 775 3
719 777 3
778 779 3
722 780 3
724 782 3
725 783 3
726 784 3
727 785 3
728 786 3
736 794 3
742 800 3
745 804 3
746 804 3
753 811 2
754 755 3
755 756 3
756 757 3
759 760 3
760 761 3
763 764 3
764 765 3
765 766 3
766 767 3
769 770 3
770 771 3
771 772 3
772 773 3
774 775 3
775 776 3
776 777 3
777 778 3
721 780 3
780 781 3
781 782 3
782 783 3
783 784 3
784 785 3
785 786 3
799 800 3
804 805 3
752 811 2
786 787 3
792 793 3
735 794 3
794 795 3
796 797 3
798 799 3
807 808 3
773 774 3
779 780 3
790 792 3
793 794 3
800 801 3
805 806 3
767 768 3
789 790 3
797 798 3
745 801 3
809 811 3
730 847 3
801 804 3
787 847 3
789 847 3
792 849 3
790 849 3
809 868 3
811 868 3
801 860 3
846 847 3
790 848 3
801 861 3
787 846 3
848 849 3
792 850 3
794 852 3
795 854 3
796 854 3
809 867 3
849 850 3
793 852 3
801 859 3
805 864 3
867 868 3
800 859 3
859 860 3
806 864 3
785 844 3
786 844 3
793 850 3
778 836 3
789 848 3
794 853 3
795 853 3
798 857 3
799 857 3
811 869 3
757 815 3
762 821 3
763 821 3
777 836 3
779 836 3
860 861 3
804 861 3
755 813 3
756 813 3
758 815 3
759 818 3
760 818 3
761 819 3
771 829 3
852 853 3
797 855 3
798 855 3
808 866 3
754 812 3
756 814 3
757 814 3
758 817 3
759 817 3
760 819 3
762 820 3
764 822 3
765 823 3
766 824 3
767 825 3
768 826 3
769 827 3
770 828 3
772 829 3
772 830 3
773 831 3
774 832 3
775 833 3
776 834 3
777 835 3
779 837 3
780 838 3
781 839 3
782 840 3
783 841 3
784 842 3
785 843 3
787 844 3
787 845 3
800 858 3
807 864 3
809 866 3
868 869 3
812 813 3
814 815 3
758 816 3
819 820 3
764 821 3
822 823 3
823 824 3
824 825 3
825 826 3
826 827 3
827 828 3
828 829 3
830 831 3
831 832 3
832 833 3
833 834 3
834 835 3
836 837 3
837 838 3
838 839 3
839 840 3
783 840 3
841 842 3
842 843 3
845 846 3
853 854 3
799 858 3
804 863 3
805 863 3
807 865 3
808 865 3
816 817 3
818 819 3
829 830 3
835 836 3
793 851 3
857 858 3
815 816 3
817 818 3
820 821 3
821 822 3
843 844 3
844 845 3
851 852 3
863 864 3
813 814 3
847 848 3
850 851 3
864 865 3
865 866 3
840 841 3
797 854 3
804 920 3
858 859 3
861 920 3
863 920 3
866 867 3
854 855 3
855 857 3
857 914 3
859 917 3
858 917 3
855 914 3
848 906 3
847 906 3
866 924 3
867 924 3
817 875 3
818 875 3
863 921 3
864 922 3
865 922 3
867 925 3
821 879 3
863 922 3
924 925 3
820 879 3
822 879 3
834 892 3
852 910 1
853 910 1
853 911 1
860 917 3
920 921 3
814 873 3
815 873 3
816 873 3
819 877 3
820 877 3
829 887 3
830 887 3
833 892 3
840 898 3
841 899 3
853 855 3
914 915 3
857 915 3
860 918 3
865 924 3
869 927 3
812 870 3
813 871 3
814 872 3
818 876 3
819 876 3
820 878 3
822 880 3
823 881 3
824 882 3
825 883 3
826 884 3
827 885 3
828 886 3
830 889 3
831 889 3
832 890 3
833 891 3
835 893 3
836 894 3
837 895 3
838 896 3
839 897 3
841 898 3
842 899 3
842 900 3
843 901 3
844 902 3
845 903 3
846 904 3
847 905 3
851 910 3
910 911 3
857 916 3
858 916 3
861 918 3
861 919 3
868 926 3
868 927 3
870 871 3
871 872 3
816 874 3
877 878 3
878 879 3
879 880 3
880 881 3
881 882 3
825 882 3
883 884 3
884 885 3
885 886 3
829 886 3
889 890 3
832 891 3
891 892 3
892 893 3
893 894 3
894 895 3
895 896 3
896 897 3
897 898 3
899 900 3
900 901 3
901 902 3
902 903 3
903 904 3
904 905 3
905 906 3
850 908 3
851 908 3
851 967 3
855 913 3
913 914 3
916 917 3
918 919 3
921 922 3
865 923 3
925 926 3
872 873 3
817 874 3
876 877 3
882 883 3
887 889 3
898 899 3
911 912 3
853 912 1
915 916 3
922 923 3
923 924 3
875 876 3
886 887 3
890 891 3
849 908 3
908 967 3
910 967 3
917 918 3
873 874 3
874 875 3
848 908 3
853 913 3
919 920 3
912 913 3
926 927 3
906 908 3
887 946 3
889 946 3
908 965 3
906 965 3
923 981 3
924 981 3
914 972 3
915 972 3
920 978 3
886 944 3
887 944 3
912 971 3
919 978 3
921 978 3
911 969 3
921 980 3
922 980 3
925 983 3
880 938 3
881 938 3
895 953 3
896 953 3
900 959 3
901 959 3
903 961 3
910 969 3
916 974 3
924 983 3
926 983 3
873 931 3
874 931 3
877 935 3
877 936 3
878 936 3
879 938 3
885 943 3
886 943 3
899 957 3
900 957 3
904 961 3
910 968 3
913 971 3
913 972 3
915 974 3
917 974 3
921 979 3
924 982 3
870 928 3
871 929 3
872 930 3
874 933 3
875 933 3
876 935 3
879 937 3
881 939 3
882 940 3
883 941 3
884 942 3
887 945 3
889 947 3
890 948 3
891 949 3
892 950 3
893 951 3
894 952 3
896 954 3
897 955 3
898 956 3
900 958 3
902 960 3
904 962 3
905 963 3
906 964 3
968 969 3
915 973 3
917 975 3
919 977 3
981 982 3
926 984 1
927 984 1
927 985 1
928 929 3
929 930 3
872 931 3
876 934 3
879 936 3
937 938 3
938 939 3
939 940 3
940 941 3
941 942 3
942 943 3
946 947 3
947 948 3
948 949 3
949 950 3
950 951 3
951 952 3
952 953 3
953 954 3
954 955 3
955 956 3
956 957 3
959 960 3
960 961 3
962 963 3
963 964 3
912 969 3
973 974 3
974 975 3
918 975 3
918 977 3
977 978 3
979 980 3
982 983 3
984 985 3
876 933 3
944 945 3
957 958 3
964 965 3
980 981 3
930 931 3
933 934 3
934 935 3
935 936 3
936 937 3
945 946 3
958 959 3
961 962 3
967 968 3
978 979 3
972 973 3
943 944 3
908 1024 3
983 984 3
965 1024 3
967 1024 3
969 971 3
971 972 3
931 933 3
968 1027 3
969 1027 3
975 977 3
982 1040 3
967 1025 3
1024 1025 3
969 1028 3
971 1028 3
983 1040 3
980 1038 3
933 991 3
967 1026 3
968 1026 3
971 1029 3
972 1029 3
972 1030 3
975 1033 3
978 1036 3
981 1039 3
931 991 3
944 1002 3
977 1034 3
979 1036 3
983 1042 3
984 1042 3
930 989 3
931 989 3
945 1002 3
945 1003 3
964 1023 3
965 1023 3
974 1033 3
975 1034 3
938 996 3
939 996 3
939 998 3
940 998 3
942 1000 3
946 1003 3
973 1030 3
974 1032 3
1033 1034 3
981 1038 3
981 1040 3
933 992 3
934 992 3
935 994 3
936 994 3
941 998 3
943 1000 3
947 1006 3
973 1032 3
1032 1033 3
977 1035 3
977 1036 3
979 1037 3
983 1041 3
984 1043 3
985 1043 3
928 986 3
929 987 3
930 988 1
935 993 3
937 995 3
941 999 3
943 1001 3
946 1004 3
948 1006 3
948 1007 3
949 1007 3
950 1008 3
951 1009 3
952 1010 3
953 1011 3
954 1012 3
955 1012 3
956 1014 3
957 1015 3
958 1016 3
959 1017 3
960 1018 3
961 1019 3
962 1020 3
963 1021 3
964 1022 3
1025 1026 3
980 1037 3
1038 1039 3
1039 1040 3
1040 1041 3
1042 1043 3
986 987 3
987 988 1
988 989 2
992 993 3
993 994 3
936 995 3
995 996 3
999 1000 3
1001 1002 3
1002 1003 3
1003 1004 3
947 1004 3
1007 1008 3
1008 1009 3
1009 1010 3
1010 1011 3
1011 1012 3
955 1014 3
1014 1015 3
1015 1016 3
959 1016 3
1017 1018 3
1018 1019 3
1019 1020 3
1020 1021 3
1021 1022 3
1026 1027 3
1027 1028 3
1028 1029 3
1029 1030 3
1034 1035 3
1035 1036 3
1041 1042 3
1022 1023 3
994 995 3
998 999 3
1000 1001 3
1016 1017 3
1037 1038 3
989 991 3
996 998 3
991 992 3
1004 1006 3
1006 1007 3
1023 1024 3
1036 1037 3
1012 1014 3
