58 116 3
4 58 3
4 5 3
5 6 3
6 7 3
7 8 3
8 9 3
9 10 3
10 11 3
11 12 3
12 13 3
13 15 3
15 16 3
16 17 3
17 19 3
19 20 3
20 21 3
21 22 3
22 23 3
23 24 1
24 25 1
25 26 3
26 27 3
27 28 0
28 29 3
29 30 3
30 31 3
31 32 3
32 33 3
33 34 3
34 35 3
35 97 3
38 97 3
38 40 1
40 43 0
43 44 2
44 45 1
45 46 3
46 47 3
47 49 3
49 107 3
49 50 3
50 51 3
51 52 3
52 53 3
53 54 3
54 56 3
56 113 3
4 61 3
5 61 3
94 97 3
43 101 1
54 113 3
19 76 3
17 76 3
44 102 1
43 102 2
35 94 3
15 73 3
20 78 3
13 73 3
43 100 1
100 101 3
19 78 3
22 81 3
23 81 3
96 97 3
43 99 1
46 104 3
24 83 2
25 83 3
28 143 3
45 104 3
27 143 3
28 86 3
99 100 3
5 63 3
6 63 3
58 61 3
86 143 3
33 91 3
38 98 1
7 65 3
8 65 3
9 67 3
10 67 3
13 72 3
72 73 3
16 75 3
17 75 3
24 81 0
32 91 3
34 92 3
35 93 3
94 96 3
40 98 3
40 99 3
61 63 3
6 64 3
7 64 3
8 67 3
16 73 3
28 87 3
29 87 3
34 91 3
35 92 3
101 102 3
46 105 3
47 105 3
53 111 3
61 119 3
63 178 3
11 67 3
11 70 3
12 70 3
16 74 3
75 76 3
22 79 3
25 27 3
29 88 3
30 88 3
31 88 3
31 89 3
32 89 3
93 94 3
49 105 3
51 109 3
52 109 3
54 111 3
61 178 3
63 64 3
67 68 3
11 68 3
12 72 3
74 75 3
21 78 3
21 79 3
86 87 3
87 88 3
98 99 3
56 114 3
64 65 3
79 81 3
81 83 3
92 93 3
73 74 3
52 111 3
88 89 3
91 92 3
97 98 1
58 119 3
70 72 3
78 79 3
25 143 3
89 91 3
104 105 3
58 117 3
76 78 3
117 119 3
68 70 3
83 140 3
81 140 3
91 148 0
45 161 1
105 164 3
113 114 3
89 148 0
104 161 1
49 164 3
49 51 3
116 232 3
70 128 3
65 124 3
8 124 3
68 127 3
72 128 3
78 135 3
107 164 3
118 119 3
67 124 3
68 126 3
70 127 3
72 129 3
25 142 3
94 153 3
44 161 1
49 109 3
109 111 3
111 113 3
128 129 3
91 207 3
96 153 3
49 165 3
109 168 3
111 168 3
117 118 3
142 143 3
109 165 3
63 121 3
67 125 3
79 137 3
83 142 3
92 150 3
92 151 3
93 151 3
107 165 3
111 170 3
114 173 3
64 121 3
68 125 3
126 127 3
78 136 3
78 137 3
79 138 3
83 141 3
113 170 3
116 117 3
135 136 3
136 137 3
81 138 3
141 142 3
119 178 3
65 123 3
73 131 3
76 135 3
86 144 3
101 159 3
102 159 3
113 171 3
121 178 3
64 123 3
72 131 3
94 152 3
114 171 3
124 125 3
76 134 3
81 139 3
87 144 3
102 161 3
170 171 3
125 126 3
138 139 3
139 140 3
87 145 3
89 147 3
150 151 3
93 152 3
152 153 3
102 160 3
104 163 3
105 163 3
164 165 3
114 172 3
123 124 3
76 133 3
133 134 3
134 135 3
140 141 3
144 145 3
88 145 3
88 146 3
88 147 3
147 148 0
97 154 3
98 157 3
99 157 3
100 158 3
160 161 3
111 169 3
74 132 3
75 133 3
92 207 3
96 154 3
97 157 2
99 158 3
158 159 3
168 169 3
171 172 3
73 132 3
74 133 3
137 138 3
159 160 3
165 166 3
109 166 3
145 146 3
146 147 3
151 152 3
169 170 3
172 173 3
150 207 3
153 154 3
154 157 3
157 158 3
64 180 3
131 132 3
132 133 3
157 214 3
163 164 3
129 131 3
157 215 3
121 180 3
127 128 3
123 180 3
143 144 3
166 168 3
154 214 3
166 225 3
168 225 3
158 215 3
159 217 3
160 217 3
161 220 3
154 213 3
165 223 3
127 186 3
213 214 3
158 217 3
163 222 3
164 222 3
166 223 3
171 230 3
172 230 3
128 186 3
131 188 3
152 211 3
153 211 3
154 211 3
214 215 3
158 216 3
104 221 3
163 221 3
164 223 3
168 226 3
178 179 3
121 179 3
129 188 3
136 194 3
137 194 3
160 218 3
169 226 3
170 228 3
127 185 3
132 188 3
137 196 3
138 196 3
138 197 3
139 197 3
146 204 3
148 206 3
215 216 3
217 218 3
161 221 0
171 228 3
124 182 3
125 182 3
125 183 3
126 185 3
128 187 3
129 187 3
140 197 3
147 204 3
147 206 0
148 207 1
151 209 3
152 210 3
169 228 3
173 231 3
126 183 3
185 186 3
143 201 3
204 206 3
152 209 3
172 231 3
123 181 3
126 184 3
186 187 3
140 198 3
140 199 3
141 199 3
150 209 3
154 212 3
166 224 3
169 227 3
171 229 3
180 181 3
181 182 3
182 183 3
183 184 3
184 185 3
134 193 3
135 193 3
196 197 3
197 198 3
142 199 3
144 201 3
144 202 3
145 202 3
150 208 3
211 212 3
212 213 3
161 277 3
220 221 0
221 222 3
222 223 3
223 224 3
224 225 3
227 228 3
228 229 3
230 231 3
188 190 3
135 194 3
198 199 3
142 200 3
142 201 3
145 204 3
207 208 3
208 209 3
209 210 3
210 211 3
216 217 3
160 277 3
177 178 3
132 190 3
133 192 3
134 192 3
200 201 3
201 202 3
220 277 3
229 230 3
119 177 3
133 190 3
218 277 3
226 227 3
179 180 3
187 188 3
193 194 3
199 200 3
148 264 1
225 226 3
117 232 3
190 192 3
192 193 3
206 264 3
207 264 3
218 276 3
118 177 3
207 265 3
217 276 3
117 234 3
118 234 3
145 319 3
204 319 3
208 265 3
232 234 3
206 263 3
194 253 3
202 319 3
204 262 3
276 277 3
221 279 1
222 279 1
190 246 3
190 247 3
197 255 3
206 262 3
246 247 3
137 253 3
188 246 3
192 249 3
196 253 3
198 255 3
220 279 3
190 249 3
262 263 3
214 272 3
217 275 3
179 236 3
211 269 3
212 269 3
213 272 3
215 272 3
275 276 3
227 285 3
178 236 3
198 257 3
202 260 3
262 319 3
264 265 3
226 285 3
229 287 3
187 246 3
260 319 3
209 267 3
210 267 3
228 287 3
230 287 3
180 238 3
181 238 3
199 257 3
216 274 3
228 286 3
230 289 3
231 289 3
177 236 3
179 238 3
183 241 3
184 242 3
193 252 3
194 252 3
201 259 3
202 259 3
208 266 3
212 270 3
213 271 3
215 273 3
217 274 3
222 280 3
223 281 3
223 282 3
224 282 3
225 283 3
286 287 3
230 346 3
182 240 3
182 241 3
183 242 3
185 242 3
185 243 3
252 253 3
196 254 3
197 254 3
255 257 3
263 264 3
265 266 3
266 267 3
270 271 3
271 272 3
272 273 3
273 274 3
220 278 3
279 280 0
223 280 3
225 282 3
226 283 3
228 285 3
289 346 3
177 234 3
242 243 3
253 254 3
200 259 3
210 269 3
269 270 3
274 275 3
277 278 3
280 338 1
280 281 3
281 282 3
226 342 3
285 286 3
287 346 3
181 239 3
182 239 3
190 307 3
254 255 3
267 269 3
279 338 3
282 283 3
285 342 3
238 239 3
239 240 3
187 361 3
247 307 3
249 307 3
193 249 3
259 260 3
240 241 3
241 242 3
186 243 3
186 244 3
187 244 3
246 361 3
278 279 3
283 342 3
247 306 3
306 307 3
193 308 3
318 319 3
193 309 3
252 309 3
200 316 3
260 318 3
234 293 3
177 293 3
244 361 3
308 309 3
259 316 3
269 326 3
199 316 3
267 326 3
179 295 3
238 295 3
257 316 3
236 295 3
243 244 3
249 308 3
252 310 3
252 311 3
253 311 3
263 320 3
309 310 3
255 314 3
257 314 3
257 315 3
262 320 3
246 304 3
264 323 3
272 330 3
247 304 3
265 323 3
271 330 3
273 330 3
289 347 3
232 290 3
346 347 3
234 290 3
266 324 3
267 324 3
247 305 3
305 306 3
307 308 3
314 315 3
259 317 3
267 325 3
269 327 3
270 328 3
271 328 3
274 333 3
275 333 3
282 340 3
242 300 3
304 305 3
315 373 3
317 375 3
263 321 3
264 322 3
270 327 3
271 329 3
273 331 3
273 332 3
274 332 3
276 333 3
276 334 3
277 335 3
278 336 3
279 337 3
281 340 3
283 341 3
341 342 3
285 344 3
286 344 3
287 345 3
242 301 3
243 301 3
304 361 3
319 320 3
320 321 3
263 322 3
322 323 3
323 324 3
326 327 3
327 328 3
328 329 3
329 330 3
330 331 3
332 333 3
334 335 3
277 336 3
336 337 3
337 338 3
281 339 1
340 341 3
285 343 3
344 345 3
345 346 3
254 314 3
315 316 3
325 326 3
333 334 3
335 336 3
338 339 3
342 343 3
343 344 3
241 300 3
300 301 3
316 317 3
339 340 0
236 294 3
254 372 3
314 372 3
260 317 3
324 325 3
310 311 3
314 373 3
331 332 3
236 293 3
294 295 3
254 311 3
293 294 3
239 355 3
240 355 3
240 356 3
311 372 3
321 322 3
234 351 3
290 351 3
293 351 3
241 357 3
370 372 3
295 353 3
238 353 3
355 356 3
241 356 3
300 357 3
311 370 3
311 369 3
356 357 3
244 301 3
310 369 3
317 318 3
239 353 3
244 360 3
372 373 3
316 375 3
301 360 3
290 406 3
353 355 3
300 358 3
319 377 3
353 354 3
301 358 3
306 364 3
320 377 3
326 384 3
327 384 3
334 392 3
294 353 3
354 355 3
305 363 3
305 364 3
307 364 3
369 370 3
370 371 3
315 374 3
316 374 3
323 381 3
325 384 3
330 387 3
333 392 3
339 397 3
304 363 3
371 372 3
374 375 3
324 381 3
329 387 3
336 394 3
338 396 3
339 396 3
301 359 3
317 376 3
318 376 3
318 377 3
322 381 3
337 394 3
339 398 0
340 398 3
346 404 3
358 359 3
360 361 3
304 362 3
307 365 3
308 366 3
309 367 3
310 368 3
375 376 3
376 377 3
320 378 3
321 379 3
327 385 3
327 386 3
328 386 3
332 390 3
333 391 3
335 393 3
337 395 3
341 399 3
342 400 3
343 401 3
344 402 3
345 403 3
347 404 3
357 358 3
359 360 3
361 362 3
362 363 3
364 365 3
365 366 3
366 367 3
367 368 3
368 369 3
377 378 3
378 379 3
321 380 3
322 380 3
324 382 3
325 383 3
384 385 3
386 387 3
331 390 3
332 391 3
391 392 3
392 393 3
393 394 3
395 396 3
396 397 3
397 398 0
398 399 3
399 400 3
400 401 3
401 402 3
402 403 3
403 404 3
347 405 3
363 364 3
380 381 3
381 382 3
383 384 3
331 387 3
404 405 3
324 383 3
390 391 3
373 374 3
379 380 3
382 383 3
385 386 3
394 395 3
331 389 3
293 409 3
387 389 3
372 429 3
371 429 3
389 390 3
351 409 3
351 406 3
294 409 3
409 467 3
353 411 3
361 419 3
362 419 3
373 431 3
374 431 3
387 446 3
389 446 3
354 411 3
351 408 3
353 409 3
355 413 3
360 419 3
354 413 3
358 416 3
363 422 3
364 422 3
382 441 3
383 441 3
387 445 3
398 455 1
406 408 3
356 413 3
357 416 3
358 417 3
359 417 3
386 445 3
395 454 3
396 454 3
356 415 3
357 415 3
366 424 3
367 424 3
379 438 3
397 455 3
399 457 3
408 409 3
415 416 3
365 423 3
367 425 3
380 438 3
384 443 3
385 443 3
389 447 3
393 452 3
394 452 3
395 453 3
397 454 3
398 457 3
404 462 3
405 462 3
354 412 3
356 414 3
360 418 3
362 420 3
363 420 3
364 423 3
366 423 3
368 425 3
368 426 3
369 427 3
370 429 3
372 431 3
377 435 3
378 436 3
379 436 3
382 440 3
383 442 3
384 442 3
386 443 3
390 448 3
391 449 3
392 450 3
394 453 3
400 458 3
401 459 3
402 460 3
403 461 3
405 463 3
412 413 3
413 414 3
414 415 3
417 418 3
418 419 3
363 421 3
422 423 3
424 425 3
426 427 3
370 427 3
376 492 3
376 435 3
435 436 3
381 439 3
440 441 3
442 443 3
445 446 3
389 448 3
448 449 3
449 450 3
393 451 3
452 453 3
453 454 3
457 458 3
401 458 3
459 460 3
460 461 3
461 462 3
421 422 3
423 424 3
425 426 3
381 438 3
382 439 3
446 447 3
447 448 3
450 451 3
454 455 3
458 459 3
411 412 3
420 421 3
370 428 3
439 440 3
443 445 3
462 463 3
428 429 3
436 438 3
451 452 3
409 411 3
416 417 3
427 428 3
438 439 3
419 420 3
435 492 1
375 492 3
441 442 3
455 514 3
398 514 1
375 431 3
375 432 3
431 432 3
372 488 2
431 488 3
432 492 3
432 490 3
490 492 3
436 495 3
411 469 3
438 495 3
454 512 3
412 469 3
431 490 2
443 502 3
445 502 3
453 512 3
457 514 1
451 509 3
429 488 3
439 497 3
438 497 3
447 505 3
452 509 3
409 469 3
448 505 3
514 515 0
457 515 3
467 469 3
416 474 3
422 480 3
423 480 3
454 513 3
455 513 3
413 471 3
415 473 3
417 474 3
424 483 3
425 483 3
509 510 3
452 510 3
412 471 3
414 472 3
416 473 3
418 476 3
424 482 3
438 496 3
445 503 3
446 504 3
448 507 3
449 507 3
450 509 3
453 510 3
453 511 3
513 514 3
458 516 3
459 517 3
460 518 3
461 519 3
462 520 3
463 521 3
412 470 3
471 472 3
472 473 3
417 475 3
417 476 3
419 476 3
419 477 3
420 477 3
426 484 3
435 493 2
440 497 3
440 498 3
443 501 3
503 504 3
504 505 3
448 506 3
510 511 3
515 516 3
516 517 3
459 518 3
518 519 3
519 520 3
520 521 3
408 467 3
469 470 3
470 471 3
475 476 3
420 536 2
421 480 3
423 482 3
426 483 3
427 484 3
495 496 3
496 497 3
497 498 3
442 501 3
501 502 3
505 506 3
506 507 3
450 507 3
511 512 3
512 513 3
473 474 3
421 536 2
482 483 3
427 485 3
492 493 0
436 493 2
502 503 3
517 518 3
477 536 3
483 484 3
484 485 3
406 464 3
408 464 3
474 475 3
441 501 3
408 465 3
488 490 3
441 498 3
465 467 3
476 477 3
480 536 3
428 485 3
493 552 3
493 495 3
495 552 1
464 465 3
480 482 3
428 545 2
429 545 2
488 545 2
441 558 3
477 535 3
535 536 3
480 538 2
441 559 3
501 559 3
467 524 3
465 524 3
498 558 3
502 559 3
476 535 3
482 538 3
428 544 2
558 559 3
503 561 3
544 545 3
488 546 2
490 547 3
497 556 3
559 560 3
507 565 1
450 566 1
509 566 1
488 547 2
490 548 3
498 556 3
502 560 3
507 566 1
509 567 1
545 546 3
546 547 3
565 566 3
510 569 1
511 569 1
471 529 3
472 529 3
484 542 2
485 544 3
566 567 3
509 569 1
512 569 1
512 570 1
474 533 3
480 537 3
483 541 2
484 541 2
485 542 2
490 549 3
492 549 2
495 553 1
513 571 1
513 572 1
514 572 1
473 531 3
474 531 3
475 533 3
536 537 3
548 549 3
552 553 3
498 557 3
557 558 3
567 569 3
515 572 1
469 527 3
470 527 3
472 531 3
541 542 3
504 563 1
505 563 1
505 564 3
506 564 3
568 569 3
569 570 3
513 570 1
470 528 3
470 529 3
496 553 1
496 554 1
564 565 1
567 568 3
570 571 3
571 572 3
515 573 1
518 520 3
469 524 3
537 538 3
482 541 2
493 551 3
551 552 2
553 554 3
496 556 3
572 573 3
516 573 1
527 528 3
547 548 3
492 550 2
492 551 2
504 561 3
516 574 1
528 529 3
475 535 3
549 550 3
550 551 3
554 556 0
503 560 3
504 562 3
563 564 0
573 574 3
517 575 1
485 543 2
562 563 3
574 575 3
518 575 1
520 576 1
524 527 1
531 533 3
542 543 3
518 576 1
520 577 1
524 525 1
482 598 2
575 576 3
576 577 3
520 578 1
520 579 1
521 579 1
465 582 1
524 582 1
541 598 3
543 544 3
555 556 0
556 557 3
561 562 3
577 578 3
465 522 3
533 535 3
554 555 3
578 579 3
522 581 1
525 527 3
529 531 3
538 598 3
574 633 3
575 633 3
552 610 2
555 614 3
522 582 1
533 590 2
538 597 3
551 610 3
554 614 3
527 585 3
528 585 3
528 531 3
531 590 2
597 598 3
544 603 3
545 603 3
560 561 3
581 582 3
546 604 3
553 610 2
553 670 3
554 670 3
528 588 3
538 596 3
545 604 3
553 611 3
527 584 3
531 588 2
533 592 2
535 592 2
541 599 3
542 599 3
547 604 3
548 606 3
611 670 3
525 582 3
596 597 3
603 604 3
547 606 3
551 609 3
555 557 0
558 618 3
559 618 3
525 584 3
584 585 3
531 589 2
598 599 3
550 608 3
551 608 3
609 610 3
557 618 3
560 618 3
564 622 1
566 624 3
585 586 3
528 586 3
528 587 3
588 589 3
589 590 3
536 592 2
549 606 3
549 607 3
549 608 3
565 622 3
565 624 3
567 625 3
568 626 3
569 627 3
570 628 3
571 629 3
572 630 3
573 631 3
574 632 3
576 634 3
577 635 3
578 636 3
579 636 3
579 637 3
587 588 3
537 596 3
543 660 3
544 660 3
610 611 3
561 619 3
565 623 3
624 625 3
625 626 3
626 627 3
627 628 3
628 629 3
629 630 3
630 631 3
631 632 3
632 633 3
633 634 3
634 635 3
635 636 3
586 587 3
590 592 3
607 608 3
561 618 3
562 619 3
622 623 3
603 660 3
606 607 3
608 609 3
636 637 3
525 583 3
536 594 3
537 594 3
614 670 0
557 616 1
616 618 0
618 619 3
623 624 3
562 679 3
563 679 3
582 583 3
594 596 3
555 616 3
583 584 3
592 594 3
542 660 3
604 606 3
564 679 1
619 679 3
542 658 3
599 658 3
658 660 3
670 671 3
614 671 0
614 616 2
590 649 3
592 649 3
604 663 3
606 663 3
614 674 3
616 674 2
622 679 3
614 673 3
673 674 3
603 661 3
604 661 3
596 652 3
659 660 3
614 672 0
618 677 1
584 642 3
585 642 3
658 659 3
610 669 3
611 669 3
671 672 3
616 677 3
588 646 3
594 652 3
590 648 3
597 655 3
599 657 3
619 677 1
582 640 3
587 645 3
588 645 3
589 647 3
590 647 3
652 653 3
596 653 3
596 654 3
597 654 3
598 655 3
657 658 3
607 663 3
609 667 3
633 691 3
583 640 3
583 641 3
584 641 3
646 647 3
647 648 3
648 649 3
594 651 3
598 656 3
599 656 3
660 661 3
610 667 3
623 681 3
623 682 3
624 682 3
632 691 3
634 692 3
645 646 3
592 651 3
654 655 3
604 662 3
608 666 3
610 668 3
622 680 3
626 685 3
627 685 3
628 686 3
629 687 3
630 688 3
631 689 3
632 690 3
635 693 3
636 694 3
637 695 3
662 663 3
607 666 3
666 667 3
667 668 3
679 680 3
681 682 3
626 684 3
628 687 3
687 688 3
688 689 3
689 690 3
690 691 3
691 692 3
692 693 3
693 694 3
694 695 3
581 639 3
581 640 3
640 641 3
641 642 3
586 644 2
587 644 2
651 652 3
653 654 3
656 657 3
661 662 3
663 664 3
668 669 3
672 673 3
685 686 3
522 639 1
639 640 3
655 656 3
623 680 3
625 684 3
686 687 3
585 644 2
663 666 3
669 670 3
674 675 3
674 677 2
675 677 2
684 685 3
644 645 3
677 679 0
680 681 3
625 682 3
625 683 3
642 644 2
682 683 3
677 678 3
678 679 0
649 651 3
664 666 3
677 734 2
642 700 1
675 734 3
683 684 3
644 700 3
645 647 3
681 739 3
641 699 1
642 699 1
699 700 3
648 706 3
651 710 3
666 723 3
670 729 3
671 729 3
678 680 0
680 737 1
640 699 1
649 706 3
652 710 3
664 723 3
678 737 3
640 698 1
651 708 3
670 728 3
671 730 3
672 730 3
677 735 2
649 707 3
651 707 3
669 727 3
669 728 3
728 729 3
673 731 2
734 735 3
684 741 3
647 705 3
648 705 3
707 708 3
654 712 3
655 712 3
657 716 3
658 716 3
668 726 3
668 727 3
672 731 3
673 732 3
674 732 0
683 741 3
694 752 3
639 698 1
698 699 3
700 702 2
705 706 3
653 711 3
656 715 3
657 715 3
659 717 3
659 718 3
660 718 3
661 719 3
664 722 3
678 735 1
680 738 1
682 741 3
693 752 3
644 702 2
651 709 3
709 710 3
653 710 3
654 711 3
658 717 3
718 719 3
663 722 3
729 730 3
678 736 1
680 739 3
686 744 3
655 713 3
656 714 3
661 720 3
662 720 3
663 721 3
666 724 3
667 725 3
735 736 3
737 738 3
684 800 3
686 745 3
687 745 3
687 746 3
688 746 3
689 747 3
690 748 3
691 749 3
692 750 3
693 751 3
695 753 3
639 697 1
708 709 3
712 713 3
713 714 3
715 716 3
717 718 3
720 721 3
721 722 3
722 723 3
723 724 3
724 725 3
725 726 3
726 727 3
727 728 3
730 731 3
675 732 0
741 800 3
685 800 2
744 745 3
746 747 3
747 748 3
691 750 3
750 751 3
752 753 3
711 712 3
714 715 3
685 744 3
751 752 3
522 697 1
697 698 3
647 704 3
706 707 3
710 711 3
716 717 3
719 720 3
736 737 0
738 739 0
745 746 3
691 748 3
645 704 3
731 732 3
732 734 1
748 749 3
749 750 3
704 705 3
744 800 3
681 741 3
734 791 0
645 702 3
732 791 3
800 801 3
744 801 3
702 704 3
739 798 1
704 762 3
705 762 3
734 792 0
738 798 2
739 741 3
741 798 1
700 758 2
738 797 1
797 798 0
702 758 3
709 767 3
791 792 3
758 759 3
702 759 3
710 767 3
711 768 3
737 795 2
738 795 2
744 802 3
745 802 2
702 761 3
704 761 3
710 768 3
745 804 3
746 804 3
698 756 2
699 756 2
699 758 2
761 762 3
736 794 3
767 768 3
720 779 3
721 779 3
729 788 3
730 788 3
732 790 3
735 794 3
741 799 1
745 803 2
756 758 3
718 776 3
719 776 3
726 784 3
727 784 3
731 790 3
790 791 3
735 792 0
798 799 3
799 800 0
802 803 3
747 804 3
747 805 3
750 808 3
751 810 3
752 810 3
708 767 3
711 769 3
712 770 3
713 771 3
714 772 3
715 773 3
716 774 3
717 775 3
719 777 3
720 778 3
722 780 3
723 781 3
724 781 3
724 782 3
725 783 3
727 785 3
728 786 3
728 787 3
729 787 3
731 789 3
737 794 2
804 805 3
749 807 3
749 808 3
752 811 3
753 811 3
697 756 2
705 763 3
768 769 3
770 771 3
713 772 3
715 772 3
773 774 3
774 775 3
775 776 3
776 777 3
777 778 3
778 779 3
779 780 3
780 781 3
782 783 3
726 783 3
784 785 3
785 786 3
787 788 3
788 789 3
789 790 3
735 793 0
795 797 3
803 804 3
748 805 3
751 808 3
702 760 3
706 763 3
769 770 3
772 773 3
786 787 3
792 793 3
794 795 3
748 807 3
807 808 3
810 811 3
760 761 3
708 766 3
783 784 3
748 806 3
766 767 3
781 782 3
793 794 1
805 806 3
522 756 1
762 763 3
707 766 3
771 772 3
801 802 3
759 760 3
706 822 3
707 822 3
808 810 3
763 822 3
806 807 3
756 812 0
522 812 3
766 822 3
822 823 3
766 823 3
808 867 3
810 867 3
758 815 3
794 853 0
797 854 3
798 856 1
801 859 1
759 815 3
793 853 3
795 854 3
800 859 1
797 856 3
799 856 1
799 858 1
800 858 1
761 818 3
762 818 3
766 824 3
858 859 0
802 859 1
808 866 3
760 818 3
823 824 3
789 848 3
790 848 3
856 858 3
866 867 3
772 830 3
788 846 3
789 846 3
791 848 3
792 850 3
795 853 0
806 864 3
807 864 2
807 866 3
756 815 1
773 830 3
785 843 3
786 843 3
787 846 3
791 849 3
791 850 3
759 817 3
760 817 3
769 828 3
770 828 3
848 849 3
793 852 3
852 853 3
797 855 3
856 857 3
857 858 3
805 863 3
807 865 2
763 821 3
767 825 3
768 826 3
769 827 3
771 829 3
773 831 3
774 832 3
775 833 3
776 834 3
777 835 3
778 836 3
779 837 3
780 838 3
781 839 3
782 840 3
783 841 3
784 842 3
786 844 3
787 845 3
793 851 3
854 855 3
802 860 1
803 860 1
804 863 3
865 866 3
756 814 1
824 825 3
825 826 3
826 827 3
828 829 3
829 830 3
831 832 3
774 833 3
833 834 3
834 835 3
835 836 3
836 837 3
837 838 3
838 839 3
839 840 3
840 841 3
841 842 3
842 843 3
844 845 3
845 846 3
850 851 3
851 852 3
859 860 3
814 815 3
821 822 3
827 828 3
849 850 3
806 863 3
811 867 3
815 817 3
830 831 3
832 833 3
843 844 3
803 861 1
803 863 3
863 864 3
864 865 3
811 868 3
817 818 3
762 821 3
855 856 3
860 861 3
867 868 3
812 814 1
868 869 3
811 869 3
762 878 3
853 854 1
821 878 3
818 878 3
878 879 3
821 879 3
815 816 3
816 817 3
818 877 3
822 880 3
789 905 3
853 913 3
854 913 0
858 917 3
859 917 1
821 880 3
846 905 3
848 905 3
861 921 3
803 921 1
863 921 1
853 911 3
860 917 1
877 878 3
823 881 3
855 913 0
855 914 3
856 914 3
815 873 3
824 881 3
856 915 3
857 915 3
861 920 3
920 921 3
816 873 3
837 895 3
853 912 3
858 915 3
822 881 3
824 882 3
825 882 3
838 895 3
840 898 3
850 908 3
852 911 3
912 913 3
917 918 3
860 918 1
814 873 3
879 880 3
836 894 3
839 898 3
844 902 3
845 902 3
849 908 3
851 910 3
852 910 3
911 912 3
914 915 3
866 924 3
817 877 3
825 883 3
826 884 3
827 885 3
828 886 3
829 887 3
830 888 3
831 889 3
832 890 3
832 891 3
833 891 3
834 892 3
835 894 3
837 894 3
838 896 3
839 897 3
841 898 3
841 899 3
842 900 3
843 901 3
845 903 3
846 904 3
851 908 3
851 909 3
864 921 1
880 881 3
881 882 3
882 883 3
883 884 3
884 885 3
885 886 3
886 887 3
887 888 3
888 889 3
889 890 3
891 892 3
835 892 3
895 896 3
838 897 3
897 898 3
899 900 3
900 901 3
901 902 3
903 904 3
848 906 3
908 909 3
909 910 3
910 911 3
858 916 3
860 919 1
861 919 1
864 922 1
890 891 3
896 897 3
898 899 3
905 906 3
915 916 3
867 924 3
867 925 3
894 895 3
902 903 3
904 905 3
918 919 3
865 922 1
865 924 3
868 925 3
868 927 3
869 927 3
913 914 1
921 922 3
919 920 0
924 925 3
925 927 3
817 934 3
848 908 3
916 917 3
812 873 1
816 934 3
877 934 3
922 924 0
816 932 3
816 933 3
906 908 3
933 934 3
914 973 0
906 965 3
908 965 3
932 933 3
913 973 3
920 979 1
873 932 3
892 951 3
835 951 3
920 978 1
922 982 3
924 982 1
873 931 3
894 951 3
919 978 3
978 979 3
931 932 3
915 973 0
908 967 3
917 975 3
880 938 3
881 938 3
909 967 3
916 975 3
921 979 1
812 931 1
878 936 3
913 972 3
917 976 3
918 976 3
927 984 1
927 985 3
879 936 3
912 970 3
913 970 3
972 973 3
921 980 1
922 980 1
925 983 1
925 984 1
879 937 3
880 937 3
901 959 3
902 959 3
903 961 3
911 969 3
924 983 1
877 935 3
881 939 3
882 940 3
883 941 3
884 942 3
885 943 3
886 944 3
887 945 3
888 946 3
889 947 3
890 948 3
891 949 3
894 952 3
895 953 3
896 954 3
897 955 3
898 956 3
899 957 3
900 958 3
902 960 3
904 961 3
904 962 3
905 962 3
910 968 3
910 969 3
913 971 3
919 977 3
979 980 3
984 985 0
935 936 3
936 937 3
938 939 3
939 940 3
940 941 3
941 942 3
942 943 3
943 944 3
944 945 3
945 946 3
946 947 3
947 948 3
948 949 3
892 949 3
892 950 3
951 952 3
952 953 3
953 954 3
954 955 3
955 956 3
956 957 3
957 958 3
958 959 3
960 961 3
967 968 3
969 970 3
970 971 3
918 977 3
977 978 3
980 982 0
937 938 3
959 960 3
968 969 3
971 972 3
975 976 3
982 983 3
934 935 3
961 962 3
965 967 3
949 950 3
950 951 3
976 977 3
962 963 3
905 963 3
982 1039 1
983 984 3
906 963 3
906 1022 3
915 1032 0
963 1022 3
973 1032 3
915 975 3
980 1039 3
965 1022 3
967 1024 3
965 1024 3
975 1032 0
975 1033 3
973 1031 3
1032 1033 1
982 1040 1
984 1043 3
985 1043 1
931 990 3
932 990 3
972 1031 3
1031 1032 3
977 1035 3
1039 1040 3
976 1035 3
931 989 3
933 991 3
934 991 3
943 1001 3
960 1018 3
961 1018 3
962 1021 3
963 1021 3
979 1037 3
989 990 3
942 1001 3
1021 1022 3
969 1028 3
970 1028 3
978 1037 3
938 996 3
944 1001 3
951 1009 3
952 1009 3
965 1023 3
967 1025 3
980 1038 3
984 1042 3
932 991 3
936 994 3
937 995 3
937 996 3
939 996 3
939 997 3
944 1002 3
958 1016 3
975 1034 3
976 1034 3
978 1036 3
979 1038 3
1038 1039 3
983 1042 3
1042 1043 3
935 993 3
994 995 3
995 996 3
940 997 3
945 1002 3
945 1004 3
946 1004 3
947 1005 3
948 1006 3
949 1007 3
950 1008 3
952 1010 3
953 1011 3
954 1012 3
955 1013 3
956 1014 3
957 1015 3
959 1016 3
959 1017 3
961 1019 3
962 1020 3
1023 1024 3
1024 1025 3
968 1026 3
969 1026 3
971 1029 3
972 1030 3
977 1036 3
1036 1037 3
983 1041 3
812 989 1
934 992 3
934 993 3
993 994 3
940 999 3
941 999 3
942 999 3
1004 1005 3
1005 1006 3
1006 1007 3
1007 1008 3
1008 1009 3
1010 1011 3
1011 1012 3
1012 1013 3
1013 1014 3
1014 1015 3
1015 1016 3
1016 1017 3
1017 1018 3
1018 1019 3
1019 1020 3
1022 1023 3
967 1026 3
970 1029 3
1029 1030 3
1030 1031 3
1033 1034 3
990 991 3
991 992 3
996 997 3
1028 1029 3
1034 1035 3
1035 1036 3
982 1041 3
1041 1042 3
992 993 3
1001 1002 3
1009 1010 3
1020 1021 3
1025 1026 3
1037 1038 3
997 999 3
1026 1028 3
1040 1041 0
1002 1004 3
