0.0259347 0.00168296 8.73594
0.0115634 -0.00522401 9.21429
-0.0144338 0.00906863 10.4922
-0.00581402 0.00740397 9.93516
-0.00712824 0.0150423 9.88964
0.00077225 0.00635354 9.20547
-0.0035876 0.0202538 9.53496
-0.013665 0.0464883 10.5439
0.00338332 0.0761268 7.36433
0.0159389 0.0352734 5.67483
0.00561157 0.0397568 7.72356
0.00496618 0.0308181 7.92646
-0.0317365 0.0268723 17.3076
-0.0375303 0.0427031 18.4711
-0.0242364 0.0323609 14.7909
-0.0115733 0.0150301 11.1576
0.0131604 -0.0304648 3.28316
0.311688 -0.129867 -104.851
-0.0511234 -0.0231214 34.5773
-0.0758533 0.0152686 43.5648
0.0798559 -0.0216435 -16.9079
-0.041663 0.0477781 27.562
0.0169273 0.0609233 -0.684124
0.200528 0.132042 -90.7984
0.0240623 0.0121893 -3.71748
0.0564157 -0.0500641 -19.731
0.0447873 -0.109177 -11.7779
-0.024748 -0.129329 29.732
-0.0345312 -0.120352 35.2752
0.0204243 -0.0569591 -0.413785
0.0774992 -0.0181133 -37.8866
0.0588498 -0.0112699 -20.066
0.0435537 -0.0122955 -9.55245
0.0349912 -0.00540301 -3.57022
0.0262966 0.00560515 2.65442
0.0094211 0.00465892 15.3698
-0.0059701 0.0125154 27.3017
-0.01033 0.00669332 30.9229
-0.035462 -0.0106376 51.9216
-0.0602667 -0.0210428 72.634
0.0157136 -0.00685977 5.83329
0.0177314 -0.0196039 4.92695
0.00976616 -0.00173396 11.7777
-0.00255172 -0.031637 23.5844
-0.0152819 0.0821522 34.2393
0.00719315 0.0796276 12.5775
-0.00714876 0.0180061 27.6947
0.0525898 -0.0083713 -1.85505
0.0483871 -0.00688293 2.48062
0.0385369 0.00211262 12.8152
0.0355939 0.0331201 14.3115
0.0427083 0.00792608 7.88885
0.0223712 -0.0097318 30.8636
0.0465614 0.0585363 -53.5245
0.0715416 0.0132931 -82.1509
-0.026556 -0.13553 39.2926
-0.0445207 -0.087698 59.1274
-0.0116807 -0.0617868 19.5015
0.0196419 -0.00382065 8.92865
0.0128968 0.000308413 8.97498
0.00491413 0.0054957 9.28763
-0.0110757 0.010566 10.2418
-0.0164927 -0.000599396 11.1522
-0.00718443 -0.013012 10.4185
0.00967265 0.00594595 7.8337
0.00395379 0.0113654 8.57056
0.0123343 0.0207224 6.91235
0.00922529 0.0223199 7.38125
-0.00282617 0.0146579 10.266
-0.0101868 0.0181271 11.8845
-0.0278756 0.0195035 16.4909
-0.031813 0.0174593 17.7327
-0.0204743 0.0397329 13.4523
-0.0231984 0.0184657 14.9396
-0.0196558 0.0069702 14.0357
0.0876506 -0.0642591 -22.5881
-0.0748207 0.0218771 42.8021
-0.0786213 0.00802483 45.3538
-0.0559388 0.0478472 34.009
-0.017242 0.0291033 16.3219
0.149388 0.0349707 -64.5078
0.00223578 0.00939115 8.14721
0.0143148 -0.0258863 2.12758
-0.0171783 0.0712794 15.165
0.0323245 -0.0575403 -5.88498
-0.00218533 -0.0866057 14.8356
0.0316304 -0.0824363 -7.48458
0.083822 -0.024564 -41.3863
0.204071 0.0510457 -120.41
0.056566 0.0156425 -19.1562
0.0374006 0.00419991 -5.56558
0.0315785 -0.010148 -1.05443
0.0335175 -0.00801726 -2.41485
0.012461 0.00138869 13.1803
-0.00169366 0.000638562 24.2938
-0.0225187 0.000108557 41.0767
-0.049346 -0.00302646 63.3072
-0.0386644 0.00814957 53.2698
0.00305134 -0.0195505 17.8456
0.0157513 -0.0520742 7.71246
0.068282 0.0607221 -61.81
0.0387209 0.0518865 -34.7159
0.0946051 0.0369698 -85.6568
0.174384 -0.0197348 -164.116
0 0.292027 -5.2167
0.0569004 -0.00494785 -6.38914
0 0 -1
0.0486731 -0.0093516 2.44085
0.0247979 0.0119338 26.7579
0.0432844 -0.00535578 7.42612
0 0 -1
0.0805057 0.0649556 -92.9964
0.0762269 0.039026 -87.6397
0.0570401 0.256581 -70.7299
-0.00159492 0.0313157 4.07385
0.023973 0.403258 -36.9543
0.0238131 0.00139188 8.62669
0.0195247 -0.00171286 9.00214
0.0150078 0.00241666 8.81531
-0.00587426 0.0101208 9.78487
-0.00627875 0.0104253 9.64276
-0.0030052 0.0199059 8.58261
0.00413974 0.00938747 8.50439
0.00587144 -0.000531885 8.78723
0.013059 0.00503218 7.38498
-0.00177846 0.00583144 10.2754
-0.00800972 -0.00494189 12.1072
-0.00290516 0.0061994 10.5261
-0.00851167 0.0025926 12.108
-0.0135585 0.0149465 12.621
-0.0233707 0.014638 15.4979
-0.027814 0.0140733 16.7821
-0.00994145 0.00160257 10.7885
0.0127354 -0.00076959 2.49856
0.052186 -0.0520395 -9.06797
0.0215767 -0.105539 8.20967
0.00323504 -0.0628829 13.2799
-0.0401433 -0.016224 29.1485
-0.00302096 -0.0327716 11.6604
-0.0030279 -0.0435219 12.2087
-0.00486054 -0.0214573 12.2541
0.0135386 -0.0544709 3.83152
0.0132062 -0.0748743 5.0929
0.0122081 -0.0627362 4.79894
0.016054 -0.0810273 3.12913
0.0956852 -0.0400922 -48.7038
0.0290687 0.00275986 -0.00573322
0.0363104 -0.00427343 -4.28354
0.0191747 -0.0289883 8.82449
0.0328186 -0.0153967 -1.62566
0.0350268 -0.0297728 -2.26458
0.0163507 -0.0145219 11.0759
-0.00552763 -0.0279551 28.8049
-0.0236649 -0.0213182 43.1869
-0.0430733 -0.0286029 59.4242
-0.0572027 -0.00464311 69.6998
-0.0211944 -0.0147822 38.8626
0.00170089 -0.0285936 19.5803
0.0297107 0.0334745 -24.3276
0.0371881 0.0639635 -32.422
-0.00327428 0.00582258 8.62288
0.180817 -0.162053 -150.294
0.00892082 -0.178799 18.0939
0.0500946 -0.0044316 0.861133
0.0482578 -0.00226427 2.48502
0.0456113 0.00188559 5.25464
0.0247412 0.0114159 27.1218
0.0206607 -0.00458178 32.6081
-0.0149995 -0.0167827 73.1311
0.096728 0.0892954 -112.6
0.140842 0.10682 -164.717
0.106712 0.0834937 -123.52
0.0395394 0.0172094 -38.5446
0.0511656 0.0212399 -53.4682
0.0120833 0.0168516 7.86017
0.0101539 0.00740756 8.55528
0.0156796 0.0202729 7.30321
0.00857062 0.0101957 8.6778
0.00117749 0.011918 9.18714
-0.0085237 0.0059264 10.5254
-0.0144302 0.00412616 11.5829
-0.00622953 0.00177372 9.90936
0.0240936 -0.00528929 6.04898
-0.00529722 -0.00154127 11.5395
-0.0106078 -0.0043709 12.995
0.00464822 0.00249558 8.69225
-0.0105943 -0.0275699 15.0374
-0.0228792 -0.0113472 17.0579
-0.0223042 -0.00989611 16.5923
-0.0424597 -0.00749416 23.0845
-0.0319774 -0.000570447 18.6606
0.0052488 -0.0180277 6.36199
0.0412959 -0.0700569 -3.90176
0.0217731 -0.109282 6.76192
0.0391706 -0.163676 3.50433
-0.00516969 -0.0600626 16.1895
-0.0178543 -0.0602753 20.5164
0.000835112 -0.0581591 11.4103
0.00177109 -0.0441438 9.49695
0.0080642 -0.0827402 8.50864
0.0199163 -0.0593875 0.370147
0.0118739 -0.0643443 5.24613
0.0484231 -0.0604446 -17.6707
0.109234 -0.0407182 -56.9069
0.111518 -0.0492665 -57.3445
0.0210166 -0.0177616 6.76798
0.0049663 -0.0890886 23.2113
0.030498 -0.0612114 3.17667
0.0289975 -0.0759347 5.8415
0.0247439 -0.0638444 8.06451
0.000194468 -0.0808977 28.0946
-0.0179089 -0.0524664 40.2968
-0.0428355 -0.065867 61.1698
-0.0413239 -0.06073 59.7958
-0.265244 -0.0749541 256.099
-0.0131267 -0.0378277 33.2445
0.0148142 0.0339513 -9.85999
0.00857068 0.0151257 -2.26848
0.070308 0.0234788 -61.3436
0.0773541 -0.0394712 -56.6444
-0.0160195 -0.115364 33.5151
0.0492944 -0.011384 2.03468
0.052285 0.00908468 -2.67946
0.0513639 0.000110851 -0.750917
0.0174117 -0.00870737 36.599
0 0 -1
0.011837 -0.0134053 42.8344
0.103868 0.0954023 -121.515
0.113372 0.0674311 -129.665
0.0439485 0.0305408 -44.6519
0.0261834 0.0109461 -22.0902
0.0117471 0.00650766 -4.18133
0.019974 0.0032741 9.07422
0.0071565 -0.000925899 9.73328
0.00548301 -0.0146984 11.0894
0.00325146 -0.0238625 12.1462
-0.00425316 -0.0192003 12.2147
-0.0122728 -0.0132672 12.5357
-0.0118088 -0.00872469 12.3002
0.0333643 -0.00943849 4.95393
0.00180859 -0.0275876 12.3951
-0.0126155 -0.0249203 15.1291
-0.0124469 -0.0210973 14.7173
-0.00577171 -0.0306531 13.773
-0.00805402 -0.0503767 16.332
-0.0152277 -0.0539868 18.3433
-0.0146884 -0.0390139 16.848
-0.034858 -0.0144589 21.1867
-0.0240897 -0.0183035 17.7856
-0.0247693 -0.00879996 17.2125
-0.00855629 -0.0240499 11.7233
-0.00769096 -0.0111297 9.44518
0.00138253 -0.0964756 13.9917
0.00193263 -0.0918083 13.5147
0.0363319 -0.0558586 -6.80076
0.000615268 -0.0445599 10.564
-0.00710082 -0.0283011 13.4898
0.00346058 -0.036202 7.71318
0.0118926 -0.0346427 2.96215
0.00452725 -0.0383302 7.544
0.0245586 -0.0391366 -4.6793
0.0842743 -0.0512631 -40.225
0.0852358 -0.0683195 -38.23
0.062945 -0.103673 -20.0343
0.0528252 -0.2244 -0.49586
0.0639829 -0.241804 -6.5576
0.0733179 -0.185342 -19.0279
0.0449789 -0.12177 -3.28661
0.00163989 -0.0749956 26.2582
-0.0304479 -0.0643915 50.5311
-0.0296204 -0.0709739 50.4624
-0.0393891 -0.0911554 60.9129
-0.0370577 -0.0893483 57.4685
0.0280897 -0.482336 34.1989
0.0194744 -0.00769035 -11.5898
0.000890406 -0.0107016 5.99147
-0.0108457 0.000224015 16.2935
0.0243298 -0.027877 -17.7526
-0.0198057 0.0735894 15.161
0.0231462 -0.0187064 -16.8044
0.0658629 0.000311031 -16.186
0.0438225 0.00247946 7.22633
-0.000184977 -0.0126632 56.1273
0.00550326 -0.0053237 49.3368
0.0566712 0.108404 -69.1375
0.113496 0.120608 -135.836
0.0448674 0.0491317 -46.8479
0.0283389 0.0391361 -27.0201
0.0159472 0.00820934 -9.43864
-0.00182792 -0.000301262 13.0316
0.00370749 -0.0138642 10.9704
0.00129889 -0.00984301 10.5484
-0.000896758 -0.00952651 10.5334
-0.00310062 -0.0156143 11.4276
0.00817326 -0.0225988 11.2514
0.000698118 -0.0249333 12.4301
-0.0124929 -0.0206345 13.5155
-0.00753806 -0.0308824 13.286
0.0333854 -0.0467442 8.70597
0.00655245 -0.0445821 13.3382
-0.0137055 -0.0324386 15.9955
-0.00652775 -0.0143257 12.0414
-0.0170793 -0.0299361 15.9374
-0.00572219 -0.0229176 12.0209
-0.00606266 -0.0346186 13.3467
-0.0145597 -0.041916 17.2314
-0.0152149 -0.0296941 15.5313
-0.0233506 -0.0252357 18.1601
-0.0223175 -0.0105261 15.9994
-0.0321993 -0.00763649 19.3873
-0.015144 -0.0182552 13.2943
-0.00144182 -0.0416447 9.41294
0 0 -1
0.0463303 -0.0501313 -12.6658
0.00420607 -0.0656582 11.3901
-0.00399312 -0.0532922 13.8966
0.0318859 -0.0326098 -8.92077
0.0150837 0.0229855 -5.85883
0.0548433 -0.0583633 -21.2703
0.0798317 -0.060482 -36.0188
0.069981 -0.0726653 -28.4471
0.0444257 -0.0919146 -9.10613
0.033699 -0.0933848 -1.2479
0.0258882 -0.169465 12.0915
0.126082 -0.321547 -44.2457
0.46923 -0.183842 -320.781
-0.00274399 -0.00983528 22.8161
-0.0172222 -0.0373353 36.4051
-0.0252289 -0.0119108 40.6439
0.0155626 -0.0220116 -6.28895
0.00663299 -0.0237085 1.5094
0.0159339 -0.00439409 -9.22941
0.0174958 -0.00330973 -10.4745
0.00508649 0.00501259 0.108852
0.0100889 0.00174607 -4.36664
0.00217631 0.00870267 2.34828
-0.023372 0.0461378 22.1671
0.00985707 0.0162458 -6.10878
0.532326 0.0757985 -518.08
0.0496077 0.00514529 0.58187
0.00577266 0.00471057 47.9666
0.0384191 0.0915099 -45.9361
0.0648325 0.109993 -78.1422
0.0619174 0.0654682 -69.025
0.0457563 0.0230545 -45.1771
0.000352291 0.000422908 10.3651
0.00977891 0.0110384 -2.42022
0.00122828 0.0139104 7.75637
0.00186065 -0.000774666 9.3685
-0.00536922 -0.000182786 9.39747
-0.00696796 -0.0105281 10.8843
-0.0121037 -0.00451062 10.2336
0.000221908 -0.020857 11.7214
-0.0152084 -0.0410363 16.1954
-0.0240798 -0.0355757 16.4149
-0.0174843 -0.0296769 14.389
0.0173855 -0.0349921 9.10886
0.0212622 -0.0251011 7.54612
-0.0127691 -0.00565665 12.4916
-0.0181577 -0.00894389 14.1701
-0.0267631 -0.00147012 15.2388
-0.0157491 -0.00554875 12.8754
-0.0132482 -0.000932835 11.4589
-0.0217481 -0.0182088 16.3298
-0.015799 -0.0217065 14.922
-0.0089558 -0.0260129 12.619
-0.0251614 0.0184919 13.0139
-0.0292061 -0.0222411 20.1293
-0.0261789 -0.0195049 18.5719
-0.0223788 -0.0265148 17.7425
-0.00453078 -0.0222436 8.56966
0.0068174 -0.0620669 8.39587
0.0148544 -0.091709 8.80058
-0.000266589 -0.074039 14.472
0.0341416 -0.042232 -9.09931
0.0831663 0.0403561 -48.6059
0.00601451 0.0976755 -10.4496
0.086498 -0.045799 -42.9556
0.0813976 -0.0801409 -35.4871
0.0558502 -0.0645107 -20.5255
0.0721465 -0.051042 -33.2368
-0.134331 -0.0895732 118.318
0.111678 -0.227426 -45.4888
-0.104453 -0.0163116 82.8889
-0.00588919 0.00709818 23.0477
-0.0955077 0.0889468 68.1277
0.0469506 0.001057 -36.5208
0.0348105 -0.0182123 -23.3544
0.0136285 0.00563001 -8.38652
0.0229019 0.0112288 -17.3659
0.0222908 0.0102559 -16.5466
0.00895266 0.00913133 -3.95848
0.00592518 0.0190285 -2.50399
0.0111249 0.0206881 -7.78351
0.00170375 0.0193899 1.61988
-0.0350989 0.0328864 38.1983
0.0777697 0.136401 -48.4
0.0501653 0.00453599 0.0104572
0.0388749 0.00233771 12.3557
0.0307673 0.00947697 -26.9115
0.0426455 0.00329378 -39.1137
0.028624 0.00662764 -23.3015
0.0179723 -0.00208516 -9.71186
0.0054887 0.0100441 2.96178
0.0123818 0.0186526 -6.40422
0.014762 0.022515 -9.88932
0.00754272 0.0123532 7.1853
0.00564489 0.0246871 5.3084
-0.00699837 0.00723551 8.57731
-0.0183 0.0088975 8.69069
-0.00841402 0.0063943 8.30475
-0.0196316 -0.0167362 12.9768
-0.0238779 -0.0196416 13.7006
-0.0113397 -0.0208946 11.8957
0.0105831 -0.011285 6.75954
0.0429255 -0.0107815 0.707527
0.0041453 -0.0201391 11.1723
-0.0113627 0.000354593 11.2999
-0.0196164 0.00344714 12.6775
-0.00489389 -0.0181086 11.6232
-0.0195274 0.00802916 12.1905
-0.0322149 -0.017729 20.1264
-0.0362761 -0.0184539 21.5037
-0.0134627 -0.0111682 11.4661
-0.0128247 -0.0176187 12.6612
-0.0089704 0.00158388 7.59833
-0.0344826 -0.0141282 21.1489
-0.0132899 -0.0132591 11.468
-0.0152907 -0.00903876 11.6952
-0.0278583 -0.00421178 17.1431
-0.0106463 -0.019741 10.6051
0.0100991 -0.030581 1.42505
0.0294851 -0.103714 2.1388
0.00974948 0.0368921 -2.46659
-0.00809449 0.00359005 13.7588
-0.277085 -0.0167329 185.69
0.118519 -0.0128168 -71.1521
0.0969454 -0.0323384 -53.2092
0.0576603 -0.00568242 -29.4183
-0.116553 -0.0527628 98.3939
-0.107597 0.0398417 76.4312
-0.103559 0.0216647 76.603
0.000304758 0.0116825 17.4207
0.0616198 0.0297305 -52.9556
0.037983 0.0442303 -36.1525
0.0485278 0.00624699 -38.3721
0.0227332 0.0152422 -17.6065
0.0163497 0.0133971 -11.6514
0.01754 0.00927651 -12.0618
0.01469 0.00550697 -8.82201
0.0119952 0.00929615 -6.85009
0.0104021 0.0154317 -6.3418
0.00820349 0.0181192 -4.65625
0 0.0544998 -1.4376
0.316423 -0.0843919 -268.512
0.0429275 -0.00127421 8.44781
0.016555 -0.000145043 36.7884
0.0313121 -0.0024451 -25.9542
0.0352242 -0.00910955 -29.2667
0.0369974 -0.0187579 -29.5443
0.015113 -0.00111401 -6.3963
0.0120515 -0.00156654 -3.03
0.0212135 -0.00436793 -13.5762
0.0183365 0.0015215 -11.0773
0.00164804 0.0332573 3.63529
-0.0137651 0.022194 5.89416
-0.00905089 0.0194285 6.26733
-0.00714772 -0.0044564 10.471
-0.0192843 -0.00128596 10.7815
-0.0309404 0.0220427 7.3049
-0.032172 0.0142573 9.02679
0.00585536 0.0176782 2.4704
0.0308976 -0.00585033 2.13745
0.0422972 0.00449279 -2.10081
0.0176808 -0.00109227 4.92323
-0.0122973 0.0145025 8.57364
-0.0291092 0.0262019 10.5067
-0.00188533 0.0261638 2.85244
-0.0320883 0.00693932 15.6769
-0.0337555 0.000478242 17.0922
-0.0600169 -0.0124884 28.8084
-0.0135753 0.070789 -3.39116
-0.0115556 0.0428987 1.16892
-0.0165287 0.0068867 9.84389
-0.00978149 0.0134888 5.36751
0.00211703 0.0354409 -4.10874
-0.00957304 0.047566 -1.04377
-0.0246719 0.0672055 3.0591
-0.00622101 0.252934 -40.3043
-0.0310219 0.130288 -4.17479
-0.0446617 0.167569 -1.96311
0.00453033 0.0118604 4.33345
-0.0153577 0.00880918 17.2034
-0.378347 0.0219694 243.961
0.131133 0.0731213 -94.4132
0.113454 0.020748 -73.2425
0.0772738 0.0547849 -54.0959
0.0171972 0.00368838 -1.86072
-0.0832426 0.067784 53.6118
-0.0827602 0.0269064 59.9792
0.00132183 0.0231771 14.4152
0.0326948 0.035289 -30.3406
0.0302816 0.0304001 -27.4375
0.0362235 0.00321052 -27.2666
0.027322 0.00133805 -19.1999
0.0182559 0.00364347 -11.642
0.0120307 0.00254856 -5.76019
0.0126741 0.00430295 -6.74939
0.0207076 0.00172011 -13.9141
0.0130739 0.00565507 -7.29082
0.00962363 0.0154189 -5.62792
-0.00667009 -0.00317839 14.8835
0.0131567 -0.0455582 2.02294
0.0514115 -0.000982502 -0.574015
0.0121376 4.94341e-05 41.5886
0.00556385 -0.0115695 50.7337
0.0268027 -0.00110832 -21.1055
0.0394011 -0.00490142 -35.0192
0.036434 -0.00992139 -30.1992
0.0121095 -0.0154407 -0.742374
0.0158667 -0.0276525 -3.08872
0.0150444 -0.0232579 -2.81623
-0.00712649 0.0460096 1.20468
-0.00280349 0.0502665 -0.222337
-0.0123329 0.0551497 -1.06691
-0.0222283 0.0627159 -2.0097
-0.0157731 0.0460465 0.902084
-0.043749 0.0610361 0.950841
-0.029671 0.0417088 3.53332
-0.00324251 0.033771 0.948278
0.0143906 0.0245862 -0.2962
0.0351927 0.0226989 -4.14989
-0.00286887 0.0578024 -2.35462
-0.0152809 0.143395 -17.3058
0.00393889 0.141444 -21.2508
-0.0076116 0.0983221 -10.0139
-0.00850352 0.0954033 -8.93004
-0.0135866 0.0689027 -2.51017
-0.0081467 0.321291 -56.0334
0.0362041 0.2518 -57.5336
-0.00594951 0.200223 -30.3896
-0.0241883 0.325194 -48.8363
0.00425622 0.377318 -71.5627
0.0145674 0.38643 -77.8365
0.0237922 0.395102 -83.9766
-0.00798728 0.361094 -61.3342
-0.0172144 0.282732 -39.3843
-0.0118807 0.274066 -40.9904
0.0143789 0.269164 -54.7301
0.0300078 0.0623162 -21.1683
-0.00913294 0.029429 9.07984
0.00911997 0.26708 -51.035
0.0565949 0.312351 -91.2028
0.0673264 0.242534 -84.1015
0.0659119 0.251158 -84.9558
-0.000226674 0.242863 -35.6165
-0.0559906 0.43384 -35.1723
0.0629152 0.203744 -70.855
-0.00219354 0.10377 0.761197
0.0200798 0.0223472 -17.5893
0.00338299 0.231857 -31.3392
0.0277229 -0.00479001 -18.6541
0.0295288 -0.0144024 -18.2783
0.0228894 -0.00664191 -13.952
0.0153804 -0.0102328 -6.44375
0.0219826 0.00737784 -16.1445
0.0159625 0.0117957 -11.4102
0.0144275 0.00907419 -9.40908
0.0146263 0.0142621 -10.6756
-0.00865332 -0.0369551 23.8977
0.0459177 -0.111201 26.9094
0.0495611 -0.00341507 1.9622
0.00770222 0.00065774 46.346
-0.0173564 -0.00181397 74.1251
0.00926087 -0.00041579 11.8005
0.0211954 0.00657044 -15.8659
0.0270101 -0.00799587 -19.2006
0.00540448 -0.0211209 8.0404
0.031272 -0.023484 -23.0028
0.0228537 -0.018308 -13.5343
-0.00362416 0.0863405 -7.81618
0.00487503 0.0689303 -4.66581
0.000227185 0.122486 -16.0538
0.0125795 0.319869 -62.5059
0.000103163 0.159549 -24.5093
0.00548728 0.297787 -56.9261
0.0181542 0.361307 -73.4421
0.015061 0.372768 -75.4503
0.00580197 0.383381 -75.784
0.0264497 0.335552 -69.6789
0.0284499 0.304144 -62.2057
0.00468567 0.274489 -49.8026
0.0195714 0.235751 -45.1725
-0.000813884 0.185982 -28.462
-0.0134483 0.221398 -32.7644
0.00410912 0.298155 -55.1732
0.0126002 0.358825 -71.8555
0.0212269 0.339501 -70.4055
0.0222273 0.488354 -103.376
-0.0685277 0.171286 11.2191
-0.0299858 0.358012 -50.6013
-0.0456938 0.321075 -34.7989
-0.0317735 0.310126 -38.3579
-0.0204094 0.280835 -37.7338
-0.0115311 0.305051 -47.7056
-0.00837827 0.318173 -52.1732
0.0016118 0.309957 -55.7441
-0.00098393 0.325227 -57.7508
0.0133275 0.324438 -66.1502
0.020913 0.315641 -69.1311
0.0518337 0.29162 -83.8794
0.0452305 0.304176 -82.0155
0.0445208 0.288255 -78.162
0.0742821 0.243408 -89.3621
0.0877004 0.246525 -99.5203
0.0853687 0.162932 -78.7332
0.0707953 0.213833 -78.866
0.0868481 0.145839 -74.876
-0.131778 0.472241 28.5424
0.0291822 0.302663 -68.9286
0.0234157 0.454458 -97.2899
0.0449608 0.10172 -42.6875
0.0358586 0.0830935 -30.1279
0.0292938 0.0993992 -27.6527
0.00806424 0.0326573 -8.02287
0.00858999 0.0220982 -6.26111
0.0558903 0.0794575 -47.6871
0.0798704 0.107349 -78.8681
-0.000650825 0.00457212 29.0127
0.0700967 0.00486149 -21.9737
0.0162281 0.00882627 35.1726
-0.00590935 0.0124069 58.4455
-0.00763043 -0.00283662 31.6485
0.0128321 -0.00287935 -4.40407
0.0199015 0.00251255 -13.548
0.000435173 -0.00488852 10.5274
0.00485331 -0.0102618 6.47237
0.0235264 -0.0120413 -15.912
0.0386266 0.166695 -26.9882
0.0393978 0.390278 -81.1845
0.0194705 0.364866 -73.6116
0.00746564 0.314926 -59.3031
-0.00568438 0.328659 -62.619
0.0163875 0.325789 -64.0104
0.0255987 0.342789 -69.3765
0.0268976 0.350403 -71.5597
0.0102564 0.324332 -62.4477
0.0134286 0.319921 -62.448
0.00636776 0.305848 -57.6602
0.00257507 0.311266 -58.3566
0.00495567 0.29878 -55.8333
0.0189085 0.36551 -76.0825
0.0407249 0.425263 -97.0691
0.0447818 0.466611 -108.61
0.0297174 0.422993 -91.7847
-0.0287444 0.258055 -26.99
-0.0430301 0.262934 -23.3183
-0.0199941 0.226565 -23.5489
-0.0395434 0.240524 -18.723
-0.0574855 0.252395 -13.3121
-0.00773052 0.307068 -50.2244
0.0013527 0.323488 -58.6288
0.0125234 0.336504 -67.6224
-0.00100438 0.334327 -59.8607
-0.000958072 0.3282 -58.3971
0.00115448 0.334118 -60.956
0.00155455 0.327952 -59.5802
0.00814345 0.322179 -62.3745
0.0307142 0.308331 -73.7388
0.0659114 0.28902 -92.0766
0.0386891 0.301005 -76.6782
0.0637821 0.267271 -87.3066
0.0420449 0.29835 -78.9388
0.0731449 0.203561 -79.1693
0.0941379 0.174993 -88.4433
0.0874103 0.143866 -75.0238
0.128151 0.10311 -98.9545
0.12734 0.107846 -99.8302
0.0839637 0.152616 -73.9593
0.0835084 0.135342 -68.4513
0.0408206 0.168964 -38.6852
-0.0212129 0.485812 -63.2821
0.0475375 0.314799 -85.7251
-0.00534206 0.236036 -16.0325
0.00543556 0.174576 -12.5278
0.0385261 0.133329 -35.7283
0.010429 0.188773 -20.845
0.0687975 0.0225583 -25.1335
0.025178 0.0235304 21.6726
0.0133596 0.0190556 35.6379
0.00973239 0.00352833 43.3565
0.0354347 0.0350019 5.65154
0.0104195 -0.0125625 0.711174
-0.00198997 -0.00666438 14.0443
0.0109261 -0.00638262 -1.87116
0.0251672 0.029931 -27.8729
0.0194226 0.360128 -72.757
0.0216706 0.331453 -64.7709
0.00397041 0.31739 -59.7822
-0.00186538 0.319696 -60.2767
0.000928257 0.320462 -60.7386
0.00850821 0.309233 -58.3191
0.0273598 0.31431 -62.402
-0.00113268 0.321083 -60.0023
-0.0041484 0.320584 -59.268
0.00320747 0.316047 -59.548
-0.0373496 0.114673 18.6712
-0.0259401 0.117875 16.222
0.0158728 0.354483 -72.905
0.0585789 0.487791 -118.458
0.0314028 0.433783 -95.3286
-0.00523653 0.259401 -35.7063
-0.00844231 0.274388 -39.2113
-0.0424157 0.219228 -12.3781
-0.0443293 0.247766 -19.3603
-0.0308789 0.265079 -29.2901
-0.0161891 0.303461 -45.597
-0.013709 0.301796 -46.0591
0.00356483 0.322046 -59.3855
-0.000325904 0.334049 -60.6705
0.011593 0.319518 -62.7491
0.00185914 0.319801 -57.6366
0.00522282 0.332038 -62.9599
-0.00619112 0.325119 -54.1541
0.00160765 0.330722 -60.3947
0.00185227 0.325568 -59.1706
0.0169569 0.322559 -68.39
0.0434555 0.287865 -77.1669
0.0662705 0.269244 -87.7901
0.0443132 0.299562 -80.4418
0.0341143 0.326089 -80.1802
0.0303622 0.306249 -72.2291
0.0421363 0.251928 -67.2998
0.0430998 0.258859 -69.8097
0.0540461 0.220375 -68.0404
0.120773 0.152021 -105.815
0.106535 0.143043 -90.4898
0.0863309 0.139715 -72.5683
0.0699067 0.144976 -58.5382
0.114054 0.120189 -92.794
0.0770513 0.183302 -75.4886
0.0861365 0.211391 -91.1248
0.0194024 0.0354619 20.1628
0.0708921 0.0465537 -35.0743
0.0890386 0.0427712 -52.2421
0.0482267 0.0970992 -22.8049
0.00905705 0.0549096 31.0573
-0.0141737 0.0548726 56.7408
0.0167633 0.00786156 33.8427
-0.00191722 0.0261155 50.6277
0.00774226 0.0901414 7.29156
0.0182698 0.0749195 -1.40704
0.0354461 0.100227 -29.1973
0.0925081 0.062524 -88.7007
0.00537996 0.343101 -67.9188
0.00620346 0.294044 -53.7276
0.00983876 0.289102 -52.4276
0.0084714 0.290099 -52.3694
0.000158589 0.304105 -56.0783
0.0096941 0.277577 -49.3448
0.0136634 0.314087 -59.6389
0.0523722 0.0852228 16.9636
-0.0448914 0.0286858 51.0371
-0.0834155 0.0923244 39.5419
-0.098123 0.17501 16.7378
-0.0426488 0.154598 9.21507
-0.100646 0.185977 15.2583
-0.076532 0.263817 -15.1392
-0.0402716 0.224387 -14.444
-0.0360626 0.222812 -15.4607
-0.0362451 0.241914 -21.1946
-0.00791784 0.289947 -45.892
0.00653472 0.31286 -58.0884
0.0144629 0.315545 -62.1637
0.00647117 0.325488 -61.5548
0.00392923 0.321296 -59.2574
0.00663332 0.328096 -62.4541
0.0052674 0.336458 -64.1981
0.000345437 0.316687 -55.9419
0.00451328 0.319926 -59.0225
0.00467402 0.335693 -63.6922
0.00691575 0.324048 -61.6569
0.00605743 0.327646 -62.2551
-0.00621794 0.326054 -54.0176
-0.00190112 0.336094 -59.7861
0.0129903 0.315872 -64.0263
0.036836 0.295774 -74.9877
0.0679758 0.284262 -93.2882
0.0610962 0.303113 -93.3219
0.0228043 0.347737 -77.6453
0.0207507 0.322366 -69.0417
0.0335903 0.303758 -74.1697
0.0378864 0.303652 -77.9012
0.0866962 0.244422 -102.371
0.0900619 0.20514 -94.5493
0.0823469 0.198374 -86.2833
0.100754 0.185919 -98.9781
0.10734 0.172116 -100.989
0.0759449 0.19262 -76.0104
0.128027 0.163825 -118.117
0.0806009 0.0916719 -49.3368
0.0647032 0.083753 -30.5407
0.0379579 0.139041 -19.3866
-0.00826724 0.301482 -19.0603
-0.0383762 0.166692 52.017
-0.0418764 0.0490998 89.0699
-0.0156334 0.0360173 63.5178
-0.067009 0.121107 97.7832
-0.0199679 0.390111 -36.0926
-0.00434379 0.337736 -39.4207
-0.00463346 0.184361 5.98273
-0.110244 0.213357 125.927
0.0101406 0.00957676 55.8127
-0.00411072 0.280977 -49.6192
-0.00762582 0.260783 -43.209
-0.00254326 -0.00144661 60.5638
-0.0315891 -0.00752153 65.145
-0.0392956 -0.00539697 65.1441
0.121615 0.242131 -42.4332
-0.0304941 0.149063 11.2182
-0.0647961 0.111336 29.6492
-0.0754922 0.0993284 35.1417
-0.0978185 0.12992 30.351
-0.0807647 0.140412 22.9918
-0.0636 0.173986 8.51259
-0.0787401 0.196478 5.58004
-0.0204846 0.265418 -33.6787
-0.0163262 0.266941 -35.5443
0.00450074 0.309776 -56.1943
0.0121641 0.333471 -66.3744
0.00572204 0.327473 -61.8202
0.00811655 0.326519 -62.5694
0.00286736 0.330571 -61.5756
0.00952463 0.326532 -63.3153
0.0021042 0.320644 -57.9183
0.00764288 0.327509 -62.7008
-0.00212045 0.321678 -56.0429
0.012392 0.32117 -63.7287
0.00411008 0.327408 -60.842
-0.00155085 0.332229 -59.153
0.0045431 0.322802 -59.8237
-0.00183331 0.325272 -56.5582
0.00818907 0.332734 -65.5271
0.00550059 0.328998 -62.6375
0.0114836 0.318686 -63.6826
0.0508062 0.284434 -81.3555
0.117015 0.233405 -113.698
0.0716856 0.297884 -98.5017
0.00310389 0.345997 -61.8118
0.00883158 0.347027 -66.8528
0.0197327 0.345032 -75.0471
0.0216214 0.321442 -69.3533
0.0375026 0.308088 -78.9934
0.0635149 0.273426 -91.4656
0.0857729 0.242467 -102.2
0.0860263 0.21872 -95.4576
0.0866352 0.184491 -84.6846
0.111672 0.11259 -86.3634
0.0899349 0.106127 -63.2197
0.0734561 0.12071 -50.6599
0.0917028 0.128573 -71.381
0.063407 0.168304 -54.1689
0.0547014 0.213002 -59.5974
0.112633 0.189919 -116.543
0.112664 0.168116 -109.376
0.00871123 0.417687 -78.4296
-0.0210169 0.377511 -30.9253
-0.0612405 0.325453 32.8188
-0.102088 0.209263 117.765
-0.071577 0.203445 81.9838
0.0103257 0.0096586 55.774
0.0112373 0.0126954 54.7212
0.0196713 0.0105804 55.011
0.0208384 0.0415153 44.5375
-0.0113538 0.0681222 38.2856
-0.0720076 0.080129 40.2877
-0.0464053 0.205179 -5.55085
-0.039698 0.143311 14.6324
-0.0716257 0.127106 25.4053
-0.0601108 0.146444 16.5097
-0.0572175 0.151097 13.8427
-0.0545841 0.171939 6.45056
-0.0313916 0.242569 -23.0439
-0.0300084 0.261233 -29.5388
0.00924798 0.313539 -58.4876
0.00562251 0.315893 -58.0686
0.00981123 0.337825 -66.8173
0.00959811 0.332899 -65.0986
0.00680652 0.326872 -62.0071
0.000768488 0.332448 -61.3421
0.0044637 0.330638 -62.5123
0.0165392 0.325185 -66.1987
0.00682591 0.323181 -60.7787
0.00272353 0.319257 -57.6707
0.0026136 0.325528 -59.7833
0.00772713 0.332495 -64.8577
0.0112775 0.324398 -64.0977
0.00153144 0.327493 -59.4659
-0.000313685 0.324716 -57.4959
-0.000836165 0.328406 -58.3216
-0.00187805 0.32632 -56.9166
0.00711227 0.322538 -61.7135
0.00777511 0.328123 -63.9598
0.00185231 0.322249 -57.8993
0.0297989 0.293064 -68.95
0.127789 0.217243 -116.597
0.0470641 0.305851 -83.0459
0.0110989 0.358517 -72.4505
0.0155482 0.352258 -73.8783
0.0162 0.344184 -71.8177
0.0208736 0.344912 -76.0637
0.0311298 0.327731 -79.512
0.0338349 0.309841 -76.0327
0.0375201 0.283649 -70.8
0.0439076 0.253855 -66.9195
0.0840528 0.189814 -84.5309
0.0931658 0.140402 -77.3265
0.0972497 0.137113 -80.1961
0.0859899 0.135993 -68.0752
0.0859407 0.14211 -70.1571
0.0661178 0.188467 -64.1772
0.12479 0.181347 -126.764
0.116032 0.191413 -120.097
0.149429 0.179972 -154.68
0.18813 0.155551 -191.365
0.201546 0.146763 -204.171
0.156338 -0.285194 1.58595
0.151199 -0.302858 13.6765
0 -0.514258 243.811
-0.00447009 0.401343 -79.0325
-0.00468297 0.386654 -73.8191
0.0082462 0.342034 -58.6804
-0.0325747 0.18781 -0.272048
-0.0669777 0.188948 3.05033
-0.0644786 0.180351 5.97969
-0.0661236 0.147305 17.7465
-0.0531938 0.149164 14.674
-0.0378086 0.189359 -3.06066
-0.0280849 0.212428 -13.3476
-0.0199879 0.246905 -27.3398
0.00877606 0.286481 -48.7984
0.0219713 0.322864 -65.4769
0.015403 0.331526 -66.3997
0.0123273 0.321274 -61.8599
0.0128475 0.325734 -63.6424
0.00956972 0.320404 -60.6253
0.00402763 0.32449 -60.0008
0.00258994 0.32314 -58.9119
0.00936322 0.327837 -63.6015
0.00787038 0.323927 -61.4736
0.00624327 0.31265 -56.8685
0.00261543 0.319929 -57.7883
0.00554031 0.321239 -59.8002
0.00793619 0.317351 -59.6639
0.00768645 0.322017 -61.1089
0.00683353 0.321231 -60.3724
0.00122609 0.312722 -54.0349
0.00101073 0.320742 -56.8097
0.00109271 0.325135 -58.3619
0.0064018 0.323074 -61.3186
0.0104272 0.319041 -62.5741
0.000385536 0.31694 -54.6976
0.00100605 0.312043 -53.6305
0.0769109 0.247754 -88.7582
0.158408 0.191634 -131.249
0.107621 0.08143 -50.5903
-0.0429879 0.301349 -6.38791
0.00993582 0.350214 -68.415
0.0170315 0.347585 -73.4564
0.022199 0.349038 -78.7008
0.0264437 0.328655 -75.33
0.0266448 0.323024 -73.5047
0.0241308 0.310453 -66.816
0.032558 0.285741 -66.5168
0.0700052 0.21661 -79.6903
0.06816 0.200453 -72.2392
0.0847469 0.15801 -74.5205
0.107826 0.145594 -94.2761
0.105073 0.149343 -92.19
0.089058 0.17935 -86.0201
0.107923 0.177648 -106.297
0.132936 0.172691 -132.976
0.166422 0.146711 -162.732
0.207033 0.132251 -205.551
0.180962 0.065318 -149.822
0.145915 0.0233704 -92.2036
-0.0128765 0.404757 -79.9533
-0.0126989 0.404656 -79.9288
-0.0152112 0.39065 -74.6166
-0.0294254 0.319993 -47.4599
-0.0407663 0.270783 -28.3916
-0.0743334 0.195095 2.52555
-0.0897957 0.20254 1.66085
-0.0708444 0.129493 24.8004
-0.0387678 0.152466 10.9585
-0.0294593 0.190369 -4.69445
-0.0140923 0.244459 -27.6131
-0.00247421 0.274021 -40.9991
0.00965769 0.282102 -47.1597
0.0176674 0.319788 -63.0321
0.00848572 0.299267 -52.7283
0.0100272 0.274445 -44.3544
0.0135803 0.288602 -50.6958
0.0103319 0.295594 -52.0756
0.00947038 0.300696 -53.6334
0.00682025 0.306532 -54.7201
0.00992419 0.3162 -59.6845
0.00121202 0.308714 -53.0654
0.00224853 0.294981 -48.6757
0.00491201 0.294143 -49.784
0.0061432 0.297785 -51.7315
0.0094075 0.306211 -56.4961
0.00270964 0.301398 -50.9262
-0.004534 0.292389 -43.3272
0.0109027 0.278005 -47.6393
0.00744771 0.302082 -54.1444
0.00230122 0.314388 -55.3556
0.00436564 0.306351 -54.0048
0.00523821 0.290089 -48.6364
-0.000800731 0.30788 -50.6685
-0.00976241 0.295696 -39.6638
0.0275234 0.262033 -55.7321
0.131611 0.180709 -106.74
0.142681 0.151923 -104.195
0.0457574 0.283489 -73.878
0.0186179 0.330243 -68.6552
0.0145997 0.326707 -63.8916
0.0164154 0.338762 -69.8126
0.0181697 0.316744 -63.4715
0.0216452 0.319874 -67.6844
0.0154015 0.314266 -59.7329
0.018166 0.310012 -60.8601
0.0330557 0.281503 -65.3427
0.0532621 0.223948 -64.9547
0.0471083 0.184883 -44.4979
0.0916234 0.135113 -73.4865
0.107577 0.096647 -76.6945
0.10038 0.13824 -83.6577
0.112544 0.160337 -105.337
0.128972 0.139465 -116.499
0.160516 0.0922612 -136.275
0.210639 0.0940729 -196.432
0.197227 0.0983334 -181.431
0.139716 0.060914 -97.8858
