0.00384965 0.0241641 9.36052
0.0209724 0.0305345 8.7786
0.00972562 -0.00501905 10.1586
-0.0374935 -0.00540136 13.2453
-0.0773071 -0.0179384 16.9352
-0.0553919 -0.00544255 13.0159
-0.00912449 -0.00467954 7.11577
0.00321338 -0.00723522 5.19091
0.0125527 -0.0216536 3.90891
0.0152452 -0.0191502 3.51027
-0.0100937 -0.00954561 8.84756
-0.0133909 -0.0112206 9.4666
-0.00687877 -0.019528 7.99135
0.00111255 -0.00996871 5.74299
0.0117307 -0.0245762 2.58343
0.00844508 -0.0115467 3.80337
-0.0184222 -0.0109636 12.8138
-0.00718705 -0.0311029 8.80724
-0.000396685 -0.0285366 6.19774
0.000416092 -0.0323262 5.93584
-0.00421627 -0.0242226 7.91568
0.00174496 -0.016489 5.24165
-0.00193967 -0.0246442 7.01679
0.000823186 -0.0158427 5.62051
-0.000533698 -0.02087 6.33841
0.0024047 -0.028236 4.74032
0.00139686 -0.023026 5.15161
0.00467706 -0.0340077 3.41223
0.0229246 -0.0139923 -7.74251
0.038771 0.0137288 -17.6196
0.0576777 0.0461601 -30.8077
0.0945871 0.095753 -56.5685
0.083054 0.0715182 -47.7023
0.100055 0.0208655 -58.6802
0.47622 -0.0330365 -335.084
0.0445995 0.0161834 -12.0638
0.0261133 -0.0340131 3.12102
-0.0118142 0.0218528 32.2663
0.0336565 0.0435144 -6.23691
0.0539088 -0.0909585 -20.1014
0.0468985 -0.140749 -14.033
0.0590595 -0.0872985 -25.5466
0.0107514 -0.0663567 18.3671
-0.00833719 -0.00447643 34.1608
0.0615316 -0.0175054 -30.5956
0.0098815 -0.0861514 20.6699
-0.0171921 -0.103605 47.4344
-0.0409318 -0.0714189 71.0937
-0.0533871 -0.0275389 83.3741
-0.0637223 0.250491 91.3265
0.0357506 -0.0262982 1.34561
0.0268857 -0.0472852 11.3631
0.0173368 -0.0271731 21.6223
0.0178373 -0.0206799 20.8023
0.00188655 -0.0351179 39.7634
0.10379 0.0955312 -104.541
0.057063 0.0133681 -16.0759
0.0981094 0.0379835 -66.6619
0.00750992 0.0257156 9.27697
-0.00242843 0.0202207 9.72514
-6.25561e-05 0.000811825 10.4503
-0.0552944 -0.00756155 14.6534
-0.108795 -0.0034701 19.0804
-0.071152 -0.00274863 14.7016
-0.0221241 0.00208843 8.78427
-0.00019762 -0.0020976 5.65764
0.00563192 -0.000845638 4.74846
0.006615 -0.013386 4.95358
-0.00255128 -0.0171418 7.43309
-0.0115761 -0.00793768 9.18838
-0.00285408 -0.0115343 7.04825
-0.00184428 -0.0136452 6.99774
0.00763347 -0.0181462 4.21917
-0.00690142 -0.0321648 9.96871
-0.0171173 -0.00657061 12.4183
-0.00520986 -0.0121563 8.17682
-0.00318237 -0.0126756 7.57554
-0.00589559 -0.0148184 8.75293
-0.00164861 -0.0173707 7.05966
-0.00452017 -0.0392006 9.3798
-0.00223027 -0.00789332 7.1931
0.00258227 -0.0237389 5.26956
0.000171217 -0.0189839 6.38386
-0.000107838 -0.015452 6.352
0.00244826 -0.0137123 4.76978
0.0106396 -0.015248 0.0438194
0.0393182 -0.0131103 -17.4555
0.06179 0.0150859 -32.4201
0.0966328 0.0267492 -55.742
0.0935765 0.0781318 -54.792
0.0698891 0.0279212 -37.2386
0.0317822 -0.0162964 -9.20867
0.274489 -0.0818265 -183.31
0.0377111 -0.0356492 -6.01656
0.0205584 -0.00394112 6.85875
0.0538439 0.00277674 -19.3089
0.0140855 -0.0835521 6.36647
0.133744 -0.198995 -88.4482
0.0609722 -0.0879953 -28.2219
0.0791326 -0.0921839 -43.9109
0.0290835 -0.0610663 1.66418
0.0392485 -0.042307 -9.2696
0.0268534 -0.0480871 2.60836
0.0139684 -0.0747559 15.5778
0.0126467 -0.048257 15.0005
0.00590647 -0.0402804 21.1685
0.00244614 -0.0265913 25.4614
0.0168366 -0.0327913 10.6724
0.0121264 -0.0399281 15.2958
-0.0150795 0.000848653 57.4613
0.0162616 -0.0382023 22.9325
0.0221946 -0.0279591 15.9946
0.0195757 -0.0173001 18.9561
0.0890438 0.0187474 -55.0566
0.0966141 0.0208537 -64.2951
0.119051 0.0152981 -91.4034
0.00583501 0.0120403 9.95986
-0.00458136 0.0188056 9.92334
-0.0124428 0.014081 10.6127
-0.0480795 -0.00456452 14.208
-0.0951591 0.00893252 17.5778
-0.0518313 -0.000241807 12.6496
-0.0239859 0.000909652 9.11019
0.00458305 0.00317932 4.70021
0.00205429 -0.00111321 5.56326
-0.0092554 0.00177473 7.60253
-0.016128 -0.0400326 11.3405
-0.0251336 -0.065963 15.0384
-0.0213222 -0.0753124 14.9547
-0.00190692 -0.0638909 9.31607
0.0103695 -0.0841884 6.30211
0.0077751 -0.0681084 6.64317
-0.0116652 -0.0669357 13.0688
-0.00711483 -0.233679 20.1204
-0.00336571 -0.065665 10.1614
-0.00153908 -0.288619 21.1257
-0.00215626 -0.077517 10.1891
0.000550041 -0.0777746 9.18491
0.0022047 -0.0633114 7.53955
0.00180681 -0.0718441 8.09648
0.0493062 -0.271733 -6.39746
0.00231976 -0.0746876 8.05524
0.0119392 -0.069575 2.02062
0.0105787 -0.0881554 3.4197
0.0361883 -0.0581677 -13.3081
0.0791906 -0.0403561 -41.0116
0 0 -1
0.0956708 0.0273019 -54.2921
0.0395052 0.00127838 -14.7397
0.0289408 -0.0160451 -7.16775
0.0438967 -0.0935382 -13.0851
0.0167894 -0.0638398 4.9479
0.0123389 -0.044007 7.47273
0.0200825 -0.00789387 -0.942349
-0.0145283 -0.0367601 28.1227
0.00275055 -0.0547498 15.0234
-0.0336744 -0.0646237 47.1653
0.0664124 -0.0726088 -32.9103
0.0620958 -0.0374479 -32.2634
0.0422969 -0.0525066 -11.8246
0.0136456 0.0059897 11.8664
0.0463494 -0.00432808 -19.5379
-0.00836367 0.00128419 34.0588
0.0111453 -0.0286149 15.7187
0.015127 -0.0392726 12.9376
-0.00187064 -0.0464155 30.7755
0.023577 -0.0334121 2.76353
0.0321553 -0.0112615 -7.7653
0.0233188 0.0130724 -15.1811
0.0208209 -0.0354878 17.6729
0.0757217 -0.00611702 -38.1539
0.082497 -0.00197352 -46.1025
0.0854024 -0.0187315 -48.4549
0.0692282 -0.0323813 -27.8186
0.00811995 0.013409 9.88483
-0.000322647 0.00360384 10.8774
-0.020534 0.00581145 11.5797
-0.0448436 -0.00297139 13.7929
-0.0767097 -0.00310722 16.6598
-0.0645735 -0.00989739 14.7237
-0.015878 0.00403885 7.58217
-0.00069304 0.00628423 5.37219
0.00851341 -0.00681834 4.67993
-0.00766759 -0.00198613 7.65597
-0.0401954 0.00673364 13.9886
-0.0467662 -0.000553142 14.9075
-0.0104161 -0.0391266 8.58972
0.00626669 -0.0577216 5.39511
0.0120319 -0.0364225 1.77032
0.0199009 -0.0733745 2.63623
-0.00200554 -0.0488722 7.92217
-0.0146825 -0.0567316 12.5212
-0.00747662 -0.0612259 10.2254
-0.00631436 -0.0415772 8.23197
-0.0147407 -0.0424724 12.3327
-0.0140494 -0.0676246 14.1081
-0.00130026 -0.0569747 7.75066
0.0212847 -0.0591125 -3.66584
0.00364311 -0.0605178 5.44135
-0.0012163 -0.107012 10.7722
0.00535171 -0.0483829 3.4997
0.0111918 -0.0473361 -0.0295452
0.0766928 -0.0378493 -40.7572
0.0941549 -0.0369431 -51.1218
0.129056 -0.0255537 -73.7898
0.0487721 -0.0249343 -18.9059
0.0160361 -0.0427488 4.85281
0.0116246 -0.0225677 5.53293
0.025314 -0.0347779 -3.3496
0.0154794 -0.0369201 4.42745
0.00178278 -0.0304157 14.5893
-0.0146937 -0.0182053 27.8733
-0.018753 -0.0362942 31.5122
-0.0236333 -0.0477157 37.0675
-0.0234202 -0.043845 36.3547
-0.0499539 -0.0251911 58.2507
0.055906 -0.0421473 -25.9122
0.0929604 -0.0321111 -61.2052
0.0633067 -0.0173477 -33.8668
0.0564999 0.00965378 -29.4106
-0.0118681 0.00811785 37.6033
-0.00843021 -0.0290805 35.7882
0.0146347 -0.0291776 11.977
0.0172796 -0.0307766 9.53371
-0.00823483 -0.0132329 22.057
0.0116026 0.00479176 -1.50617
0.0486561 0.0130167 -43.8862
0.275643 -0.0481851 -298.325
0.0110314 -0.0481387 7.35626
0.0763307 -0.00903741 -38.4574
0.0711159 -0.0121226 -31.9623
0.0536647 -0.0582121 -7.60597
-0.00792538 0.0199185 9.3862
-0.01773 0.0102344 10.5047
-0.0269722 0.0281499 9.54417
-0.0654809 0.000763162 14.8961
-0.0826773 -0.00879808 17.0096
-0.071992 0.00740837 14.0367
-0.00979337 0.0104482 6.07044
-0.00278089 0.00670558 5.56848
0.00181969 0.00455577 4.87223
-0.0010196 0.00675877 5.35122
-0.0400488 0.016239 12.9993
-0.0598861 0.0203427 16.3473
-0.0314889 0.0186769 9.20387
-0.0040524 -0.0121043 4.41988
0.0144408 -0.0193706 -1.05515
0.0216304 -0.03444 -1.61617
0.00165341 -0.087732 10.2141
-0.0157776 -0.0374719 11.5446
-0.00992083 -0.0366793 9.23863
0.0514272 -0.095711 -10.7748
0.0030755 -0.023081 2.2181
0.00204847 -0.0434701 4.74308
0.00377718 -0.0437545 3.70338
-0.0133483 -0.101629 18.4632
0.00178565 -0.0309549 3.38375
-0.0562113 -0.091779 41.1823
0.0176973 -0.0241194 -6.21118
0.0319738 -0.00831466 -16.0753
0.0665448 -0.0465911 -33.3019
0.0964036 -0.0191647 -53.9569
0.123505 -0.0278792 -70.0588
0.0480621 -0.0568612 -15.6459
0.00729354 -0.0635347 12.8152
0.00805962 -0.0423633 9.94307
0.0261613 -0.0252751 -5.11459
0.0025747 -0.0387151 15.2004
0.00788922 -0.0172374 8.94085
0.0081693 -0.00765994 8.21889
-0.0326263 -0.0266001 43.0802
-0.0261479 -0.0416523 38.3634
-0.0102228 -0.0227101 22.8713
-0.0164197 -0.00548678 26.822
0.0589748 0.00639029 -33.0506
0.0867451 0.000337399 -58.5153
0.0795235 0.0158222 -52.0533
0.0390182 0.0166827 -12.8518
-0.0661041 -0.0234244 94.0867
0.0377704 -0.0362689 -10.802
0.0171781 -0.0408459 10.5978
-0.00798952 0.00170119 33.5142
-0.00310292 -0.0208807 16.986
0.0243052 -0.0209563 -13.2388
0.0752711 0.00912438 -73.9378
0.0684936 -0.0618063 -58.5332
0.00505109 -0.0582409 16.1972
-0.0249544 -0.0587379 51.5712
-0.0549563 -0.059308 87.568
-0.0101653 -0.00085598 26.4431
-0.00199898 0.0782473 3.25735
-0.0217274 0.0776283 3.84906
-0.047902 0.0675346 6.49318
0 0 -1
-0.0731892 0.104407 2.94953
-0.0884196 0.163754 -2.09499
-0.0342158 0.0555757 4.20549
-0.028603 0.0445215 5.33184
-0.00421135 0.0190277 4.37855
-0.00176349 0.0377791 1.79186
-0.0349873 0.0595206 6.6115
-0.0181273 0.0410858 3.11812
-0.0303695 0.0585836 4.18553
-0.0440542 0.0746591 5.95001
-0.00574119 0.0137268 1.89065
0.0209271 -0.00565661 -4.42674
-0.0113099 -0.00689178 6.64054
-0.00725179 -0.0025796 4.69278
-0.00948389 -0.00907253 6.31738
-0.00180968 -0.0234727 4.70551
-0.00150122 -0.00924401 2.8894
0.00166435 -0.00734442 1.23198
-0.00524256 -0.0089111 4.60539
0.00217645 -0.0149812 1.54692
-0.00136936 -0.0143093 3.34903
0.0108841 -0.0100522 -3.86615
0.0372233 -1.55086e-05 -19.8446
0.0351097 0.0076007 -19.3635
0.063697 -0.00539674 -35.3444
0.0971433 -0.0195302 -54.1268
0.100255 -0.0399895 -53.4197
0.0577777 -0.0674495 -22.1696
0.0442496 -0.0657224 -12.8633
0.037259 -0.0464896 -10.7747
0.0510491 -0.0404505 -21.8062
0.00651499 -0.0557866 14.4868
0.0128638 -0.0547196 9.57423
0.0430851 -0.027549 -17.813
-0.0537964 -0.0235148 60.6538
-0.0236841 -0.022883 34.5825
0.00490913 0.00188491 7.08312
-0.00230767 0.00711216 12.9859
-0.00630961 0.00812001 16.2791
0.0901289 0.0218151 -63.3279
0.059092 0.00560901 -31.3848
0.0136751 0.0115736 11.8526
-0.0222047 0.0294788 43.8812
0.0746893 -0.121797 -38.4683
0.0556252 -0.322864 6.31305
0.00425081 -0.0422483 11.885
-0.0105659 -0.0423922 27.8197
0.0262556 -0.0437278 -12.9087
0.0414215 -0.0431619 -29.8136
0.0182972 -0.0851961 2.84822
0.00575433 -0.108288 20.0834
-0.0193627 -0.0872683 48.019
-0.0319903 -0.040458 57.3558
0.0047413 -0.033313 11.464
-0.000645602 0.0652459 5.133
-0.0292087 0.0370093 10.5207
-0.0430493 0.0420463 10.4782
-0.0603444 0.0681826 7.21496
-0.0771841 0.0696429 9.91208
-0.0443289 0.112354 0.371246
-0.0379194 0.134337 -3.99631
-0.0399238 0.285476 -24.3717
-0.0258463 0.261428 -23.3529
-0.0359012 0.0998533 1.82054
-0.061587 0.11833 5.15726
-0.0469657 0.125505 0.536908
0.00585922 0.00246674 1.36838
-0.0694416 0.110463 8.45318
-0.0355419 0.114569 -1.38074
-0.0246777 0.0437116 4.9303
-0.0414004 0.0348261 12.1454
-0.0142197 0.012049 5.28508
-0.014092 0.0109802 5.69105
-0.00566515 0.00595305 2.64408
-0.00371237 0.00987393 1.26757
-0.000627367 0.0134453 -0.588359
-0.00994554 0.025143 2.20725
-0.00762289 0.00851116 3.42417
-0.00390818 0.00206551 2.48157
0.0107533 -0.00116074 -4.89322
0.0396037 0.00551696 -21.8936
0.0413164 0.00458165 -22.5806
0.050512 -0.0169726 -25.4493
0.0718824 -0.0307829 -36.4805
0.0737066 -0.0411488 -35.9995
0.0575271 -0.0513016 -24.3163
0.0485413 -0.0424234 -19.4633
0.0842156 -0.0259961 -48.4918
0.0741372 -0.00508548 -43.4193
0.0499352 -0.0124102 -24.9784
0.0341334 -0.0846069 -4.3743
0.115119 0.027469 -82.947
-0.00277847 -0.0438667 19.7395
0.00601343 -0.00867479 7.45332
0.00332552 0.0105182 7.44165
-0.00076523 0.0194384 10.0302
0.0663186 0.104954 -53.5188
0.078357 0.0107862 -51.3478
0.0702873 0.0377743 -46.5129
0.0086736 0.0373212 12.8637
-0.0381221 0.0805031 53.7873
-0.00227303 -0.0473529 19.0852
0.0149374 -0.027558 -1.47044
0.00191377 -0.0379401 13.9948
-0.0128598 -0.0423861 29.7295
0.0131241 -0.0582536 3.74231
0.0207899 -0.0866554 -0.623271
0.00458798 -0.117861 22.482
-0.00523211 -0.122655 34.8034
0.00855573 -0.145802 20.4701
0.0348919 -0.0814993 -19.1668
0.0379018 -0.0322585 -29.772
-0.00712008 0.057979 6.35198
-0.0225471 0.0303501 11.3684
-0.0524842 0.0536171 8.0955
-0.0147113 0.043973 8.25216
-0.0230833 0.0408993 9.19906
-0.0234698 0.041834 8.81133
-0.0157457 0.0549955 5.76388
-0.0301034 0.00509559 16.1699
-0.0496083 0.0312812 15.4783
-0.0466794 0.0415024 13.4989
-0.0363221 0.0571366 8.80434
-0.0292032 0.0252663 12.5867
-0.0265621 0.0167617 13.2035
-0.0529933 0.109372 4.9971
-0.0513079 0.0969349 6.74689
-0.0505521 0.0883542 8.26112
-0.0945946 0.0620745 27.3604
-0.0486837 0.0419003 13.5199
-0.0177284 0.036471 3.04868
-0.00260877 0.0600325 -7.05401
0.00200986 0.0575836 -8.62405
0.00919322 0.0676011 -13.6881
-0.00382176 0.0792203 -9.19009
0.00167359 0.0673639 -10.5245
-0.0195054 0.0405816 5.05552
-0.000310046 0.0113438 -0.665069
0.0341861 0.00313653 -18.5559
0.0388211 -0.0151494 -18.1172
0.0184452 -0.010632 -6.69336
0.0827854 -0.0333815 -43.5727
0.0810431 -0.00255331 -47.4605
0.0506378 0.0027704 -28.0956
-0.022312 -0.0094087 33.0912
0.0486666 0.049712 -34.1407
0.103913 0.045785 -73.5855
0.076582 0.0318352 -50.8246
0.086375 0.0364724 -59.172
0.0841815 0.0808102 -64.9485
0.100371 0.0841644 -78.6694
0.0839422 0.0840089 -64.7791
0.048 0.0541651 -28.0403
0.0231881 0.0469862 -4.67957
0.057474 0.0790708 -41.2772
0.0713658 0.107209 -58.1328
0.0593808 0.0846947 -43.1252
0.0167713 0.0981048 -3.73222
-0.0198966 0.100857 32.3127
-0.0202801 0.0692532 37.5287
0.0286791 -0.0335487 -15.6471
-0.000802625 -0.0039252 11.0175
-0.0169828 -0.0204573 30.3719
0.0194655 -0.0489393 -5.04121
0.0118764 -0.0676206 6.87041
-0.0180194 -0.0886257 44.1668
-0.00494641 -0.131592 35.0555
0.126796 -0.128678 -123.039
0.126674 -0.0130839 -141.706
0.0884235 0.00774186 -98.0766
-0.0269768 0.028568 11.8078
-0.0306999 0.0177304 14.2076
-0.0269669 0.0269903 11.896
-0.0253101 0.0227563 12.5254
-0.0198519 0.0270511 11.1723
-0.0251136 0.0331702 10.5972
-0.0361602 0.0216568 14.0633
-0.0322771 0.0143599 14.8889
-0.0359103 0.0066828 17.0562
-0.0341829 0.0132912 15.7829
-0.0369204 0.0184711 15.1987
-0.0310268 0.00125574 17.0494
-0.0240022 0.00075756 15.1944
-0.0261093 0.0272622 11.0172
-0.0549532 0.0702127 12.2736
-0.0544046 0.0456825 16.6656
-0.0678116 0.0515874 19.5577
-0.0605413 0.037026 19.0072
-0.0234371 0.0724736 -0.944094
-0.0221223 0.0844184 -3.51815
-0.00607169 0.10048 -12.3604
0.0144624 0.0985923 -21.3062
-0.0241031 0.199649 -20.5044
-0.0257786 0.196712 -18.175
-0.0342144 0.216401 -17.595
0.00489239 0.285965 -51.567
0.0650653 0.296943 -87.7801
0.0325909 0.097675 -30.3488
-0.0509612 0.236877 -6.77384
0.0376704 0.2561 -66.0343
0.0687353 0.0832014 -54.2478
0.0669694 0.0551669 -47.8896
-0.000804842 -0.0032984 16.9381
0.059831 0.106086 -52.3469
0.0841146 0.062003 -61.843
0.0802783 0.0646974 -59.3564
0.0946454 0.0742352 -72.0695
0.085897 0.0636929 -63.111
0.10574 0.0502454 -76.8019
0.0864086 0.0528683 -60.8552
0.0599588 0.0598824 -39.6499
0.0745762 0.083376 -57.4878
0.0842386 0.0983555 -68.7643
0.0850533 0.0934164 -68.4574
0.0531165 0.0806076 -35.725
0.0318295 0.0743155 -14.571
-0.0183243 0.0820679 34.0658
-0.0470228 0.0778396 64.0534
-0.0682313 0.100022 81.81
-0.0137489 0.0436349 16.8358
-0.0168085 -0.00360965 27.3711
0.000121952 0.0290611 3.04785
0.00694562 -0.00811079 2.17451
0.00343026 0.245639 -40.3474
0.00440342 0.254662 -43.0975
0.038672 0.229879 -80.1191
0.106916 0.032957 -125.961
0.0951057 0.0150114 -107.609
0 0 -1
-0.018168 -0.00818868 18.5061
-0.0257394 0.0161507 13.7169
-0.0242743 0.00809784 15.2602
-0.0184434 0.0247658 11.5565
-0.0289275 0.0315072 11.5516
-0.0435602 0.0339777 12.5813
-0.0335686 0.0127348 15.4834
-0.0308952 0.00298805 17.074
-0.0361667 -0.000227454 18.6252
-0.032625 0.00608681 16.4181
-0.0272934 -0.016228 19.2033
-0.0244126 0.00904613 13.7649
-0.0278 0.00745223 15.1495
-0.0373648 0.0332111 13.1176
0 0 -1
-0.0533081 0.0557132 13.8753
-0.0546693 0.104025 17.3002
-0.0673316 0.0798055 27.6805
-0.0615063 0.151803 9.49881
-0.0609517 0.187272 1.46171
-0.049238 0.241438 -15.2074
-0.022536 0.260249 -31.9232
-0.00345496 0.336124 -57.5189
-0.00913771 0.298094 -46.5086
0.00681679 0.329986 -61.353
0.0122864 0.320135 -62.2487
-0.000357 0.316092 -54.0715
-0.0100044 0.269318 -38.6392
0.0235959 0.300844 -65.7323
0.0231949 0.31806 -68.88
0.0545252 0.308843 -88.1243
0.0921439 0.0135515 -52.0077
0.00048008 0.211708 -30.1369
0.0473793 0.113328 -44.4146
0.0840966 0.0699149 -63.2488
0.0794613 0.0562719 -56.5432
0.0869134 0.0660929 -64.9061
0.0924378 0.0524857 -66.5889
0.0743194 0.063231 -53.8934
0.0723762 0.0477221 -48.4515
0.0910355 0.0890688 -72.8989
0.0781618 0.0604089 -55.4468
0.0492915 0.0523352 -26.9643
0.0436713 0.0427012 -19.5688
0.0473592 0.039526 -22.7272
0.0158918 0.0300259 11.2336
-0.0102401 0.0527147 31.7227
0.0123993 0.00123836 26.3275
-0.0645045 0.0963228 78.631
0.00613995 0.366389 -67.1783
-0.00572883 0.411826 -63.2161
7.8739e-05 0.382334 -64.2612
0.0153949 0.280811 -60.9617
-0.00630145 0.292356 -37.6367
-0.0161204 0.27808 -23.4977
0.0448011 -0.0198753 3.58151
0.0844005 -0.00565969 -90.6267
-0.00943493 0.0247343 11.3255
-0.0273388 0.0139511 14.0363
-0.0257568 0.0370264 8.91143
-0.0251126 -6.64245e-05 16.9815
-0.0118844 0.00248304 15.403
-0.000492183 0.0416425 5.57576
-0.0418228 0.0545781 8.04255
-0.034496 0.00161237 17.9236
-0.118008 -0.00405792 56.8078
-0.0836044 0.0327747 41.2344
-0.0434292 0.0225629 35.7502
-0.0559297 -0.00249236 45.2382
-0.0775022 -0.00592392 51.3922
-0.0774529 -0.00254014 50.3777
-0.0801851 -0.0010713 50.8864
-0.0931731 -0.0279919 60.9903
-0.0814363 0.122248 22.2383
-0.0467492 0.169368 -0.766898
-0.0497238 0.1444 5.9157
-0.0368942 0.212713 -14.5216
-0.0243786 0.280649 -35.5009
-0.0219364 0.284519 -37.391
-0.0134053 0.308952 -46.3032
0.00303565 0.344877 -62.6266
0.00516937 0.339305 -62.4361
0.00528249 0.329859 -60.5223
0.0136284 0.32469 -63.9992
0.00351559 0.324254 -58.0104
0.00922734 0.313495 -59.359
0.0206803 0.315021 -66.9208
0.0270544 0.304552 -68.5628
0.0294993 0.311071 -71.3947
0.0118701 0.319819 -61.2547
0.0114193 0.301347 -56.6481
0.00729432 0.318809 -57.6577
0.0212896 0.318478 -68.022
0.0356426 0.298452 -74.3479
0.0205158 0.269713 -55.8211
0.0417651 0.166621 -49.5966
0.0790378 0.169862 -81.9268
0.0875201 0.0737627 -67.3477
0.0845024 0.0520062 -59.8909
0.0663216 0.0759799 -48.7658
0.0510355 0.0655466 -32.2455
0.0328594 0.0359171 -8.10843
0.04563 0.0206234 -17.5061
0.00888034 0.020768 19.8517
-0.0242494 0.0397409 48.5027
0.0222919 -0.00355001 16.9715
-0.0712527 0.097881 84.9776
-0.0554487 0.0563637 77.442
-0.0119521 0.415614 -57.3273
-0.0436603 0.421272 -22.8252
0.103875 0.0167075 -76.986
-0.0272854 0.347835 -24.6739
0.116002 0.0390915 -96.1991
0.0750562 0.0282641 -44.1856
0.0381922 -0.00370506 7.81751
0.00718952 0.114354 -10.2175
0 0 -1
0.00545998 0.152284 -19.1475
0.00631717 0.131589 -14.1287
0.0242246 0.140466 -17.8271
-0.0865919 0.0219745 46.9152
-0.100208 0.0093744 51.2476
-0.118311 -7.75369e-05 56.6698
-0.116985 0.0315217 47.6445
-0.0323735 0.0511497 25.9138
-0.0251212 0.0669208 20.6062
-0.0530762 0.064334 28.2454
-0.0896947 -0.00601753 54.6607
-0.0724806 0.00599234 46.8525
-0.0436712 0.206592 -11.0856
-0.0399198 0.203673 -11.5079
-0.0320101 0.200265 -13.6504
-0.00817552 0.264293 -38.3916
0 0 -1
-0.0109846 0.272556 -39.2925
-0.00673048 0.298144 -47.2289
0.00319682 0.298737 -51.8247
-0.000726564 0.319688 -54.9673
0.00372276 0.323482 -58.1808
0.00225716 0.326079 -57.9171
0.00366674 0.328611 -59.3999
0.00105631 0.313937 -54.0342
0.00294383 0.312531 -54.8901
-0.00166874 0.312847 -52.1377
0.00579147 0.315677 -57.6777
0.0184064 0.311421 -64.5767
0.0372803 0.294329 -72.9875
0.0292467 0.296545 -67.7628
0.0126809 0.295727 -56.0049
0.0156897 0.298561 -59.1038
0.0301805 0.306036 -72.4367
0.0272803 0.312876 -71.5215
0.0426043 0.293412 -78.9476
0.0186923 0.302688 -61.813
0.0309837 0.284039 -67.5464
0.0263 0.29803 -66.8328
0.0348847 0.264663 -66.2548
0.0441831 0.180619 -54.09
0.0502352 0.187977 -61.2035
0.0324164 0.165857 -39.356
0.0290919 0.0341983 -4.02776
-0.00987893 0.135736 10.4873
-0.035086 0.0732959 51.5057
0.0158777 -0.0135824 26.0749
0.0122513 0.26573 -45.1346
-0.021011 0.29474 -16.5693
-0.0360218 0.378188 -20.6716
-0.0447983 0.396404 -14.7906
0.104385 0.0310038 -80.8465
0.127626 0.057973 -114.705
0.108604 0.0615544 -92.0271
0.0615696 0.0625452 -35.9719
0.07488 0.0651893 -52.6727
0 0 -1
0.011012 0.140509 -15.9724
-0.0220467 -0.0440465 59.348
-0.0366536 -0.0446493 60.9719
-0.0575339 -0.0244509 56.602
-0.0877353 0.0522565 39.301
-0.112805 0.048765 42.945
-0.101908 0.0311189 46.232
-0.0295569 0.141322 2.53215
-0.00734897 0.206289 -19.774
-0.0255281 0.169737 -5.78367
-0.0302887 0.166727 -4.02576
-0.0474394 0.191495 -6.41895
-0.021492 0.221701 -21.8545
-0.0284119 0.239619 -24.8469
-0.0296424 0.256286 -28.7742
-0.00725052 0.294194 -46.5694
0.00264779 0.310834 -54.832
0.00709032 0.31354 -57.1353
0.00568983 0.313851 -56.3893
0.00983533 0.322796 -61.0031
0.014528 0.32137 -62.4822
0.00020243 0.317181 -54.7633
0.00566569 0.320331 -58.3313
-0.0023645 0.333241 -57.4343
-0.00678197 0.311982 -49.0955
0.00653557 0.290035 -51.4932
0.0110941 0.303313 -57.5262
0.000485261 0.309824 -52.5841
0.00962527 0.318786 -60.7851
0.0129906 0.307571 -59.8445
0.00849073 0.289634 -51.9253
0.0213505 0.281196 -58.5733
0.0262656 0.293093 -65.1642
0.0203575 0.300414 -62.9346
0.0264756 0.290858 -64.7018
0.043706 0.315742 -84.9877
0.0300327 0.337746 -79.5897
0.0133098 0.351439 -69.9794
0.00820465 0.328253 -59.617
0.0260391 0.308176 -68.6917
0.0185588 0.316029 -64.1258
0.0137515 0.301417 -56.3298
0.0285792 0.275123 -63.25
0.0308514 0.30583 -73.269
0.0254809 0.280977 -61.7513
0.0111179 0.312614 -55.7756
0.020517 0.353009 -76.2696
0.0552631 0.332454 -107.001
0.00785841 0.319023 -53.3421
0.000908046 0.322631 -47.4565
0.00606225 0.3542 -61.5628
0.0129933 0.363342 -71.8519
0.119283 0.0849552 -112.503
0.143008 0.0611924 -133.656
0.119452 0.0416144 -99.6047
0.0764809 0.0458595 -49.2923
0.0967079 0.0544722 -76.4924
0 0 -1
-0.0404756 -0.0620913 65.8185
-0.0486465 -0.0346511 57.8512
-0.0727987 -0.0577545 66.2336
-0.0530864 0.269033 -31.6222
-0.0164783 0.230136 -23.8337
-0.021221 0.166109 -3.28749
-0.0237137 0.181888 -8.21126
-0.0235522 0.210011 -16.5775
-0.0394758 0.195122 -9.47052
-0.0367031 0.202816 -12.6002
-0.0255179 0.21385 -18.3982
-0.00363137 0.257837 -37.1049
0 0 -1
-0.010191 0.291856 -44.6676
-0.00418738 0.312745 -52.6136
0.000705571 0.321618 -56.8969
0.00492609 0.310141 -54.9645
0.00293812 0.311621 -54.7794
0.0200057 0.307391 -60.2788
0.0151548 0.33011 -65.2094
0.00549855 0.313759 -55.9682
-0.00933433 0.30529 -46.6465
0.0047559 0.305352 -53.5012
0.00364382 0.298014 -50.9622
0.0194798 0.303631 -61.4232
-0.00031591 0.308204 -51.9316
0.00201591 0.309092 -53.4689
0.0174054 0.301157 -60.6329
0.014125 0.307886 -60.6869
0.000565288 0.296648 -48.4023
0.0285004 0.250265 -54.0655
0.0602269 0.255993 -78.7214
0.0432371 0.286388 -75.9221
0.0462443 0.288446 -78.6252
0.0588012 0.294898 -89.7992
0.0404181 0.322072 -83.751
0.0366532 0.335736 -84.9499
0.0101331 0.356899 -68.7737
0.0134817 0.352429 -70.6687
0.0146628 0.323682 -63.2879
0.0155982 0.314183 -61.182
0.0250541 0.339679 -77.0963
0.0205031 0.332587 -70.9465
0.0247419 0.333172 -74.7413
0.0263409 0.331913 -75.8739
0.0215913 0.324793 -69.296
0.016802 0.332129 -66.3713
0.0344907 0.338834 -86.6236
0.0345031 0.323879 -82.0301
0.0078404 0.31633 -51.8139
0.0162049 0.322224 -63.5413
0.0329994 0.341828 -88.1089
0.070186 0.243231 -101.397
0.115403 0.0533786 -98.7222
0.130074 0.0161971 -105.416
0.12316 0.031531 -101.929
0.0870726 0.0628002 -66.9186
0.933487 1.01548 -292.091
0.64222 0.181868 -26.8699
0.00665715 0.263741 -35.2889
0.00692054 0.291595 -44.0961
-0.0292897 0.223646 -19.2706
-0.0193713 0.20958 -16.2703
-0.0200043 0.212365 -17.5256
-0.0140675 0.216416 -20.0447
-0.0229061 0.250691 -29.6102
-0.0202254 0.257017 -32.1657
-0.0101654 0.288788 -44.1447
-0.0114888 0.295492 -45.979
-0.00198958 0.316037 -54.8053
0.00180834 0.330164 -59.9491
0.00316546 0.314984 -55.4471
-0.0012534 0.318136 -55.0764
0.00566573 0.320033 -58.0332
0.00193566 0.31597 -55.3564
0.00654428 0.326906 -60.4396
-0.00687271 0.321001 -52.8169
0.0075356 0.320498 -59.087
0.0025218 0.298357 -49.9218
-0.0114614 0.307544 -46.4201
0.00457767 0.300135 -52.653
0.0130084 0.310438 -59.7775
-0.00751038 0.323617 -52.4932
-0.0114369 0.325966 -51.2695
0.00168203 0.335435 -61.7998
0.0208285 0.343938 -76.2043
0.0160207 0.327419 -67.5701
-0.044061 0.27204 -11.905
0.0522863 0.198164 -54.3918
0.0425577 0.293442 -76.6517
0.033894 0.32378 -80.2277
0.0233514 0.309133 -68.0354
0.0573233 0.274298 -82.6263
0.0716512 0.306489 -103.439
0.0545973 0.343102 -101.821
0.0328917 0.345122 -84.557
0.0128148 0.344686 -67.9107
-0.00163867 0.331182 -51.2058
0.0197552 0.310333 -63.2212
0.0397363 0.317595 -83.3963
0.0254647 0.347334 -79.6734
0.017579 0.323114 -64.628
0.0189107 0.317087 -64.0988
0.0171178 0.331125 -66.825
0.0208265 0.332866 -71.1354
0.0206755 0.31591 -65.3689
0.00998706 0.302886 -50.2336
0.00854664 0.328714 -56.9274
0.0189568 0.336084 -70.5894
0.0294722 0.322294 -78.1204
0.00632173 0.308871 -47.5687
0.0279357 0.279266 -63.5971
0.0776944 0.220764 -104.535
0.0679914 0.0951522 -53.6872
0.0849859 0.0782767 -69.0775
0.00422656 0.191766 -11.5069
0.00255917 0.190087 -10.8908
0.00415611 0.182974 -8.537
-0.0348359 0.18282 -5.49464
-0.0436916 0.178335 -3.80263
-0.00306723 0.227238 -24.7372
-0.0012297 0.234282 -27.5749
0.00352613 0.244213 -32.045
-0.00779591 0.267707 -37.8372
-0.00145896 0.304849 -51.2243
-0.00208801 0.305179 -51.1252
0.000731696 0.315715 -55.2273
0.00861381 0.324917 -60.233
0.00223271 0.310282 -53.5244
-0.00543242 0.294625 -45.9219
0.00547335 0.295409 -49.7657
0.0100113 0.314479 -57.7069
0.0179887 0.326407 -64.7417
0.00426278 0.323223 -58.4669
-0.0126848 0.315968 -48.9491
0.00414587 0.306297 -53.5026
0.00712007 0.320167 -59.4316
0.00537081 0.314714 -56.7398
-0.0155949 0.321232 -48.8044
0.0143707 0.323064 -64.1855
-0.0144115 0.318398 -47.1998
-0.000135695 0.339223 -61.9834
0.00255923 0.33843 -62.7933
0.000362166 0.354925 -66.7599
-0.00977051 0.33442 -53.7362
0.00786925 0.182208 -13.845
0.0277801 0.244486 -48.7823
0.048533 0.316689 -88.5074
0.0316719 0.307163 -72.813
0.0136123 0.286482 -53.2542
0.0387184 0.267575 -65.9783
0.0752605 0.236435 -83.7513
0.0680007 0.28189 -92.2544
0.027676 0.323423 -73.0509
-0.00794929 0.344646 -49.4908
-0.030313 0.313135 -19.3563
0.00997664 0.3002 -51.5255
0.0347868 0.291409 -70.5213
0.0349038 0.322775 -80.7818
0.0358035 0.325923 -82.5787
0.0128519 0.340879 -66.2378
0.0169388 0.337341 -68.6852
0.0182555 0.323416 -65.321
0.018007 0.308775 -60.1609
0.0209386 0.293262 -57.894
0.0164239 0.338615 -68.6755
0.0152311 0.316937 -60.0033
-0.00554407 0.314359 -35.0394
0.000353305 0.310105 -41.56
0.0165953 0.316717 -62.6344
0.016162 0.27687 -48.7709
0.0262854 0.316747 -74.2449
0.0407419 0.305161 -88.0341
0.00620632 0.19344 -12.1206
0.00425813 0.196945 -13.3362
-0.00652432 0.191267 -10.9311
-0.0157843 0.207172 -15.66
0.00193321 0.245594 -30.6212
-0.00582724 0.273786 -39.8646
-0.00357804 0.276183 -41.0871
0.00474062 0.281449 -44.2953
0.0110615 0.296518 -50.5192
0.0069517 0.306454 -53.2114
0.00194807 0.318229 -56.324
-0.00806847 0.296048 -46.1798
0.00310791 0.299656 -50.1878
0.000450084 0.295727 -48.0454
-0.0102534 0.27707 -38.2422
0.025546 0.24631 -39.4556
0.0246351 0.303664 -59.2045
0.0288451 0.337552 -72.7401
0.00856161 0.343147 -66.9635
-0.016175 0.33319 -53.2883
-0.00772315 0.308624 -48.4837
-0.00311502 0.284267 -41.7396
0.00210329 0.281064 -43.1348
0.017207 0.309285 -60.5062
0.0044668 0.332506 -62.0134
0.0037954 0.310423 -54.08
0.00217462 0.312018 -53.5945
0.00822794 0.318204 -59.0037
-0.0149259 0.317539 -44.0816
-0.00707729 0.296608 -42.2116
-0.209298 0.0530268 174.827
0.0916981 0.111368 -47.5425
0.0548324 0.28126 -80.7647
0.0164588 0.284173 -54.0404
-0.00510962 0.267868 -32.7375
0.0178022 0.261044 -48.0457
0.0545964 0.238218 -68.6123
0.118232 0.202941 -106.743
0.0788093 0.270758 -97.3341
0.0300404 0.30562 -68.7069
-0.0113019 0.288114 -27.739
-0.000463935 0.337104 -54.1318
-0.00290157 0.318819 -45.4644
0.0408169 0.278653 -71.8804
0.0580203 0.24407 -75.8714
0.0333966 0.345495 -87.3976
-0.000773294 0.314314 -42.5586
0.0101485 0.323578 -56.986
0.0318 0.334365 -83.6009
0.0389221 0.313008 -83.4736
0.0129661 0.312588 -55.7582
0.0221068 0.33917 -74.8389
-0.0061095 0.337377 -42.6534
-4.98575e-06 0.349798 -54.4104
0.00488306 0.34172 -57.0243
0.0132687 0.320462 -59.5998
0.00713242 0.313781 -49.8994
0.0300209 0.300892 -73.7438
0.00864669 0.193826 -12.283
0.00913784 0.19605 -13.1163
0.0129358 0.210839 -18.7085
0.00684137 0.254088 -33.9172
0.0041872 0.274658 -41.0737
-0.0133472 0.263549 -35.2212
-0.00986794 0.260327 -34.4714
0.00354454 0.255836 -34.9114
0.0195212 0.290518 -49.8813
0.00815928 0.307056 -53.6322
-0.00985323 0.286627 -42.3733
-0.0255128 0.249302 -25.1988
0.004494 0.256214 -35.218
0.0042231 0.254519 -34.5861
0.00340509 0.270887 -40.2355
0.0181144 0.223312 -28.4869
0.0466887 0.273931 -56.61
0.0368968 0.315644 -68.0468
0.000216608 0.328019 -58.3245
-0.0136672 0.310424 -46.3509
-0.00698391 0.3125 -49.7704
-0.0289143 0.272077 -25.5452
0.0106986 0.25813 -39.2255
0.0225023 0.27889 -52.6078
0.00999228 0.304616 -55.2659
0.0142686 0.301683 -56.8948
0.0272296 0.330907 -74.8272
0.00680679 0.314714 -57.0087
-0.00755526 0.275519 -34.2556
0.00565167 0.300943 -51.6751
0.00476657 0.29035 -47.1117
-0.00278817 0.318012 -52.8474
-0.0105547 0.291749 -37.4724
-0.00870741 0.250854 -24.0768
-0.0201943 0.215955 -3.16538
0.0158519 0.22033 -32.0844
0.0531032 0.250233 -71.4915
0.0821212 0.230687 -87.4834
0.10894 0.214035 -102.712
0.0313257 0.293517 -66.1987
0.01873 0.338543 -71.7358
0.00441401 0.34372 -60.9403
-0.0386718 0.324784 -14.8683
-0.0335617 0.232144 13.9005
-0.542645 -0.0177992 588.603
0.00517077 0.345163 -59.4722
-0.0227736 0.2892 -11.6467
0.00788806 0.271737 -36.3048
0.0321425 0.287775 -67.2434
0.0322784 0.308545 -74.7152
-0.47001 0.325826 461.015
-0.00944064 0.359399 -46.8283
-0.00827805 0.341548 -41.5981
-0.00176923 0.337358 -47.4007
-0.00670627 0.318773 -35.2201
-0.00353214 0.301942 -32.9728
0.010513 0.292592 -46.5923
0.0114554 0.302558 -51.4205
