0.0134732 -0.00534166 5.12611
0.0038478 0.000870048 5.18497
0.0187373 0.0101622 4.37158
0.00902293 0.010948 5.12181
0.00689208 -0.00431571 5.58742
0.00237372 -0.00793785 6.10401
-0.00557505 -0.00315516 6.99414
-0.00791429 0.0137676 6.97819
-0.00615007 0.0209281 6.63131
0.00825421 -0.00615438 4.09194
0.00974286 -0.0565658 5.29708
-0.00814986 -0.0713113 9.50694
-0.00253113 -0.0820763 8.25031
0.0108267 -0.0773472 4.39857
0.0123137 -0.0738394 4.07019
-0.00466118 -0.101564 9.88097
-0.0676151 -0.070579 36.3754
-0.0540081 -0.0885743 31.2518
-0.0410568 -0.0961761 26.2239
-0.011635 -0.0899947 14.1417
0.00388589 -0.0982773 7.61061
0.0114142 -0.128701 4.81142
-0.00518887 -0.128137 13.0555
-0.0364316 0.378704 31.5703
0.0142759 -0.138709 3.08763
-0.000131748 -0.281509 13.3936
-0.00770706 -0.197097 16.5236
-0.0187149 -0.192499 23.049
-0.0226921 -0.116927 23.4572
-0.034734 -0.0663048 30.2706
-0.00966256 -0.0116597 12.5322
0.0158685 0.00950964 -5.22723
0.0534406 0.027574 -31.5247
0.099522 0.022741 -63.7897
0.0965116 0.0170972 -61.5937
0.0765573 0.0306507 -46.5559
0.0300158 0.0296735 -10.7545
0.0371904 0.0341283 -16.4771
0.029389 -0.0199004 -9.08817
0.0612745 -0.0282984 -35.5528
0.0936525 -0.0647056 -61.799
0.120819 -0.0266719 -86.9271
-0.0654888 0.156641 80.4133
-0.0214768 -0.0366639 36.9325
-0.0512174 -0.071804 66.365
-0.0329138 -0.04205 47.8209
0.0671163 0.0924903 -43.1848
0.049491 0.0515504 -24.3932
0.0390157 0.0839481 -14.2305
0.128421 -0.00191292 -118.183
0.0994568 -0.0449927 -85.9517
0.0261989 -0.0364791 -5.35227
-0.0496495 0.0251243 78.487
-0.021436 0.0119257 45.7872
0.0484762 0.134463 -36.2348
-0.0200618 -0.00370389 54.5296
-0.0127199 0.0270408 45.0492
-0.0249135 0.0444651 59.5991
0.0134877 0.00555916 4.81331
0.0135784 0.00563613 4.74761
0.0148947 0.00390196 4.87198
0.60599 -0.0206625 -33.8039
-0.0819994 0.00705551 23.4222
-0.00236476 -0.00373206 6.46351
-0.00161308 0.00300099 6.21067
0.000653549 0.0121603 5.59351
-0.000926494 0.0108487 5.9642
-0.00348209 0.0154791 6.19524
0.00378248 -0.00795797 5.38578
-0.00673647 -0.0236912 8.31645
-0.0138559 -0.0271939 10.3117
-0.00660495 -0.0258191 8.27498
0.0046662 -0.0314343 5.40392
-0.00843386 -0.0162709 9.1514
0.0252185 -0.0152873 -2.57536
-0.0215895 -0.087175 18.4318
0.00375669 -0.0732473 6.65734
0.00398092 -0.0692085 6.4901
-0.00438886 -0.067417 9.88482
0.00905626 -0.0979461 4.87782
-0.0139377 -0.0940861 15.5759
0.0164384 -0.0894573 0.0210411
0.0186127 -0.0953189 -1.33821
-0.00878158 -0.0751141 12.9857
-0.0106615 -0.130009 16.2877
-0.0107039 -0.0835702 14.8826
-0.0273267 -0.0895282 25.4054
-0.0146888 -0.0372321 16.3119
0.00237649 -0.00951399 4.33023
0.0230024 0.0124217 -10.2241
0.0742364 0.0308944 -46.3916
0.126028 0.0410071 -83.521
0.0924265 0.0374688 -58.6425
0.0594538 0.0281927 -33.0172
0.0324044 0.014331 -11.978
0.0232076 0.000836516 -3.97791
0.0224567 -0.0166551 -3.07731
0.0814791 -0.053838 -51.9949
0.0798807 -0.0798857 -49.0967
0.0930413 -0.135591 -58.6082
-0.0297645 0.0466524 40.5976
-0.0138391 -0.00702937 28.8972
-0.0172807 -0.0137889 31.7677
-0.0549383 -0.04199 63.5132
-0.0347688 0.068308 39.6327
0.0124668 -0.0116839 3.51314
0.0145318 -0.00428644 1.01391
0.120968 -0.0148861 -111.831
0.104119 -0.0116832 -92.2593
0.0502593 -0.00529292 -33.7147
0.00300711 0.0278565 19.2905
-0.0297622 0.0543098 55.1311
0.0855862 0.149589 -77.8876
0.0305919 0.011048 -6.6698
0.0187413 0.0238863 7.14887
0.00691261 0.0182238 21.7289
-0.00135956 -0.00596656 5.61895
0.0107867 -0.00674517 5.3051
0.0260512 -0.0150246 5.00317
0.62467 -0.00383104 -35.6753
0.00672661 0.0322904 3.94647
-0.00431149 0.00029514 6.67172
0.000546369 0.00071387 6.08496
0.0010929 -0.000176075 6.2183
-0.00421983 -0.00125403 7.18671
-0.0022475 0.00420983 6.5111
-0.00715662 0.0051536 7.52426
-0.0128145 0.00509341 8.76843
-0.0089644 -0.00145213 8.16324
-0.00238686 0.00142683 6.06087
0.0112035 -0.00551719 2.36672
-0.00644745 0.00187648 7.67728
0.0198909 -0.0128955 -0.700596
-0.00461794 -0.0667645 11.6121
-0.0234766 -0.0504422 17.4487
-0.00799678 -0.0347265 10.5837
-0.00250979 -0.0124937 7.04877
-0.00577771 -0.0170619 8.72478
-0.0141597 -0.0547782 14.5494
-0.0109312 -0.0366938 12.1869
0.0168042 -0.0282746 -2.72509
-0.0100186 0.0074507 10.0561
0.00414463 -0.0306155 4.33554
-0.00398867 -0.0106434 8.14271
0.00357137 -0.0243409 4.18632
0.0058461 -0.00613125 1.96801
0.00299156 0.0151814 2.56566
0.0220515 0.00290645 -9.39112
0.082992 -0.00662485 -50.814
0.0903312 0.017709 -55.7714
0.0701035 0.00889262 -40.72
0.0339916 -0.0200665 -11.9152
0.0208137 -0.0116742 -1.82668
0.0197928 -0.0178465 -0.672098
0.0161831 -0.00425589 1.64081
0.0216272 -0.0213543 -2.08428
0.0421197 -0.10057 -16.3041
0.0153649 0.00358689 16.0943
-0.00918034 -0.0296803 26.3913
-0.025065 -0.0236933 40.4022
-0.0179786 -0.0133414 33.2355
0.00868537 -0.0101847 6.998
-0.00863176 -0.0403598 26.3552
0.00173549 -0.0162441 14.7189
0.0292113 -0.021904 -13.7691
0.130024 0.0122193 -121.776
0.095243 0.0283001 -84.2135
0.0413218 0.015839 -23.9829
0.0194583 0.0170118 0.704457
0.0964856 -0.0622187 -81.7936
0.0879248 -0.0685979 -71.0183
0.0120821 -0.0793215 19.4584
0.173304 0.0760022 -194.016
-0.0530521 -0.0817573 93.6233
0.00229708 0.0109864 4.39257
0.00666898 0.00547001 4.801
0.0111238 0.00675611 4.37291
0.0140419 -0.00633441 5.38447
-0.0749987 0.00866205 22.6106
0.00751666 0.00170674 4.93405
0.00388793 0.000415803 5.71431
0.00156951 -0.00310838 6.26513
-0.00118508 0.00220858 6.47585
-0.00433135 0.000901623 7.15965
-0.00448018 0.00147963 7.13396
-0.00366098 0.0160769 5.87118
-0.0135617 0.0110561 8.82145
-0.0099136 0.00557427 8.14295
0.00506868 -0.00311125 4.23227
-0.00660299 -0.00622308 8.4837
0.00806751 -0.00931157 3.71925
-0.00580414 -0.0149229 9.44103
-0.0161736 -0.0140741 12.6807
-0.0075574 -0.0157745 9.72541
-0.00825917 -0.0145291 10.1208
-0.0103146 -0.00580263 10.3283
-0.0136316 -0.0202164 13.203
-0.0107892 0.00568832 9.26826
0.00873908 -0.00370504 -0.213856
-0.00265789 -0.000244281 6.20728
0.013182 -0.0130701 -1.10949
-0.0118 0.00904959 11.4991
-0.00176492 -0.0274907 8.25815
0.0103517 -0.0178756 0.0424137
0.0160979 0.00257017 -5.32773
0.0282959 0.00315492 -13.4961
0.0671261 -0.0157453 -39.1765
0.115335 -0.0279757 -71.7303
0.0697705 -0.0458936 -37.1136
0.035985 -0.0411578 -12.138
0.0362717 -0.0462321 -11.682
-0.00290981 0.00984423 31.4376
0.0011295 0.00193526 28.6894
0.00472933 -0.00289401 26.005
0.00535075 0.00127439 25.1552
0.0115216 0.00595469 19.338
-0.0145171 -0.0264187 31.207
-0.0452313 -0.0196753 58.8687
-0.0199781 -0.0104426 34.2475
-0.00771473 -0.0169092 23.2581
0.0174315 -0.0322879 -7.83404
0.0443508 -0.0311804 -28.1638
-0.0333888 -0.0943751 49.3048
0.00774361 -0.02719 0.545332
0.0596225 0.0645561 -47.6662
0.0305716 -0.00228477 -10.2444
0.0280359 -0.00807202 -7.80161
0.0437349 -0.0401548 -22.9797
0.0151891 0.0240162 -2.23012
-0.106265 -0.14307 163.946
-0.0353823 -0.0301742 68.4773
-0.122821 -0.12855 182.007
0.000805364 0.0170735 3.9709
-0.00202528 0.00809376 4.88982
0.00643479 -0.000268427 5.373
0.604409 -0.0157709 -33.1422
-0.0325598 -0.00974508 20.3994
0.00861551 0.0160382 3.7706
-0.00596357 0.014597 5.79852
0.00277929 0.00046 5.81726
0.00241647 -0.00205608 6.0459
0.00325576 0.000278744 5.69823
0.00146259 0.00634788 5.44824
-0.00527096 0.00451919 7.36159
-0.0231727 -0.00432184 12.8438
-0.0168019 -0.0121334 11.7169
-0.00601133 -0.00767644 8.15336
-0.00286177 -0.00678916 7.09517
0.00952802 -0.013185 3.45097
-0.0125991 -0.0128498 11.8303
-0.0160578 -0.0141112 12.7076
-0.0129065 -0.0104428 11.6636
-0.011454 -0.0316296 13.2108
-0.0182476 -0.0350473 16.5233
-0.0195621 -0.0411396 18.4926
-0.0146079 -0.0338748 14.6078
0.01659 -0.0450583 0.135449
0.00345545 -0.0517868 8.16068
0.00972625 -0.0482612 4.34945
0.000293667 -0.0644073 11.5487
0.00275702 -0.0431689 7.06023
0.0255372 -0.0454236 -7.05067
0.0388548 -0.0192256 -18.213
0.0276114 -0.00780275 -11.9823
0.0504766 -0.0216457 -26.6121
0.0720641 -0.0452288 -39.5805
0.0721911 -0.0761438 -36.4384
0.0685149 -0.0630612 -35.2557
0.0380621 -0.0487295 -13.2721
0.0268519 -0.0625238 -2.94584
0.0382187 -0.0818154 -9.98986
0.0152545 0.00190653 16.7733
-0.0560727 -0.0131371 65.1252
0.0066214 -0.0142056 10.4515
0.00631708 -0.0390813 13.3811
-0.00933518 -0.0123301 25.3566
-0.0405555 -0.00151328 53.6213
-0.0520742 -0.0477172 68.3247
-0.0361516 -0.00075584 42.9588
-0.00948073 -0.0280289 18.5772
-0.00172839 -0.037805 11.2654
0.0335064 -0.0158254 -28.1472
0.0298272 -0.0150278 -24.0634
0.0357001 -0.0301704 -14.3077
0.0306707 -0.0128046 -10.5213
0.00825785 -0.0282007 16.9219
0.00235497 0.0391271 11.4571
-0.09932 -0.113654 152.615
-0.000889397 0.0159825 3.16596
-0.0186561 0.0103399 25.3942
0.00737961 -0.00557031 6.36964
0.0150354 -0.000195258 5.2501
0.000225228 0.00433754 5.21205
0.653809 -0.0056607 -37.8573
-0.0536389 -0.00277995 21.5059
-0.00395991 -0.00245285 7.49094
-0.00896436 0.00107069 7.78169
-0.00355011 -0.00268631 7.27771
-0.00282363 -0.00461509 7.34952
-0.000265596 -0.00857559 7.31486
0.00361345 -0.00686983 6.33962
-0.00771023 0.00195091 8.14846
-0.0234968 0.0032372 11.9598
-0.0165634 -0.00992243 11.443
-0.0133572 -0.0256549 12.5238
-0.0116259 -0.0247964 11.9277
0.000517085 -0.0281321 8.06892
-0.0220444 -0.0187239 15.2484
-0.0203876 -0.0153597 14.5766
-0.0148386 -0.0172875 12.5845
-0.0220005 -0.0170838 15.9191
-0.0184701 -0.051521 18.3488
-0.0222727 -0.0432357 19.0948
-0.00467456 -0.0461434 10.6622
0.0203419 -0.0595139 -0.805565
0.00834481 -0.0628945 5.89018
0.0136928 -0.078701 4.90598
-0.0051591 -0.0773094 15.4692
0.0015197 -0.0447824 7.51327
0.00546692 -0.03718 4.17125
0.0533719 -0.0478915 -24.7307
0.0311982 -0.0384869 -10.9394
0.026346 -0.0307266 -8.69788
0.0465297 -0.0457901 -21.1001
0.0518412 -0.0445594 -25.5848
0.0714847 -0.0744772 -36.6651
0.0629521 -0.0475182 -33.0173
0.0321209 -0.0221505 -11.7745
0.0452201 -0.0460439 -19.8665
0.0177265 -0.00419329 15.2011
0.00618531 -0.00616545 10.1525
-0.00080924 -0.000797212 15.6682
0.00688624 -0.00765074 9.03136
0.00090751 0.00843724 12.9885
-0.0231961 0.00546942 36.1243
-0.0513763 0.00498903 63.1282
-0.0586998 -0.053483 72.5162
-0.0303162 -0.00657943 37.9059
-0.00509809 -0.00378197 11.4855
0.0185026 -0.0112712 -12.4378
0.0412786 -0.0257868 -35.2483
0.0623267 0.00629647 -48.3525
0.0209304 -0.00214107 -0.429571
-0.0398365 -0.0146213 71.8754
-0.119992 -0.0977507 175.316
-0.151434 -0.111076 214.316
0.0118369 -0.002998 -10.5436
0.043752 0.000615412 -49.8166
0.034016 -0.0353735 9.34407
0.0533777 0.0173998 12.099
0.0413584 0.0112584 13.4749
0.0383085 -0.00161509 3.60306
0.0217232 -0.00275481 14.4391
0.00774342 -0.0336885 10.0896
0.00419777 -0.0205458 8.76351
-0.00599341 -0.00954875 8.6264
-0.000461446 -0.0101787 7.79237
-0.00576433 -0.0143073 9.38703
0.0109474 -0.0174233 6.23327
-0.000427196 -0.0190191 9.23989
0.00497502 0.0175301 2.56219
-0.0336751 -0.0034954 15.8361
-0.0319512 -0.0257757 18.2824
-0.0181093 -0.0505657 16.9197
0.0233987 -0.0274974 -0.659394
0.0049988 -0.0343491 7.82276
0.00264614 -0.00851927 4.14003
-0.0260726 0.0135979 13.6617
-0.0477061 -0.00657952 25.8957
-0.035107 -0.0298187 23.167
-0.0152527 -0.0257686 12.9184
-0.0102109 -0.0318579 11.8184
-0.0088751 -0.0428896 12.1275
0.0691574 -0.0048025 -36.0441
0.00854542 -0.0349563 1.86932
0.00411971 -0.0171961 1.66675
0.0120868 -0.0284208 -1.21892
0.00917118 -0.0398894 2.22419
0.0469843 -0.0359378 -22.2064
0.0309974 -0.0590534 -8.51209
0.0201934 -0.0397857 -3.64121
0.0352267 -0.0589597 -11.8278
0.0552016 -0.0347588 -29.692
0.0806826 -0.0445919 -47.9042
0.0813019 -0.0406726 -48.461
0.0582248 -0.0353388 -30.8422
0.0340998 -0.0201439 -13.4153
0.0398261 0.00253434 -4.44114
0.0355467 -0.0557701 -9.41119
0.0386839 -0.0235288 -16.5531
0.0272125 0.0117146 -11.5237
0.00911345 0.0398366 1.60843
0.00093638 0.0649868 4.63399
-0.0185884 0.022406 29.2837
0.0119994 -0.0384671 -0.709419
-0.0131565 -0.0338739 24.0808
-0.00593769 -0.018734 14.6405
0.00710978 -0.0261649 1.88776
0.0309619 -0.0261112 -23.9296
0.0524878 0.0266295 -40.4046
0.030218 0.0204319 -14.1974
-0.0123168 0.00811013 36.1584
-0.125257 -0.0526667 175.57
-0.0817475 -0.0790148 126.168
0.00241644 -0.0492546 7.04103
0.0105315 -0.0486713 -3.00793
0.113656 -0.0774395 15.1115
0.0462039 0.0211364 11.7454
0.0145441 -0.00285563 16.9555
0.0433881 -0.00209738 3.4863
-0.0338252 0.0094747 18.0041
-0.0114447 -0.057586 16.2995
0.0135685 -0.0617211 13.6621
-0.000477743 -0.0325742 11.1328
0.0068745 -0.0296033 9.47689
-0.0184504 -0.0387968 15.862
-0.00353949 -0.0753342 18.189
0.00420756 -0.0715691 15.9507
0.207054 0.0370733 -54.4075
-0.040364 -0.0288277 20.6862
0.00534904 -0.0175423 5.07802
-0.0035436 0.00579181 2.92761
0.00265874 -0.0184309 5.20764
0.00354289 -0.0332759 7.22524
0.0447383 0.010948 -15.1655
-0.0290497 -0.00116913 18.0404
-0.0536247 -0.00294637 27.9667
-0.0367648 0.000511546 19.5425
-0.0176091 -0.020618 13.4322
0.00213478 0.00935564 -0.417548
-0.00535113 0.0260549 0.107071
-0.000889594 -0.0243143 5.36143
0.00588405 -0.00575082 -1.13106
-0.228934 -0.1508 159.168
0.00146593 -0.00829644 1.8756
0.0322602 -0.00435445 -17.8113
0.0522238 -0.00694851 -30.7623
0.0387413 -0.0324311 -17.7221
0.0320811 -0.0051701 -17.3709
0.0426383 -0.0137989 -23.8494
0.0483513 0.0130443 -32.1737
0.0569303 -0.0124581 -35.031
0.0932453 0.0144395 -67.2864
0.0643146 0.0139469 -43.9329
0.0460377 -0.00894446 -25.0161
0.0558909 -0.00355405 -17.1767
0.0563728 -0.00434393 -36.2921
0.0613029 0.0169925 -43.3186
0.0461174 0.0485329 -34.4042
0.0374821 0.0608083 -28.55
-0.00247068 0.0865196 4.78351
0.0354652 -0.0315245 -24.8128
0.00957274 -0.0158325 -1.68357
-0.00233536 -0.00768679 8.9782
-0.0135819 -0.0328834 24.5604
-0.013199 -0.0895723 33.2126
-0.0120261 -0.10781 34.9869
0.0792146 0.0688473 -77.1027
0.0320476 0.0686404 -23.5698
0.0229722 0.10714 -20.1386
0.105557 0.117944 -116.522
-0.0339376 -0.054911 66.0317
-0.00195636 -0.042741 10.896
0.00444799 -0.0485005 4.23497
0.0928015 -0.0492343 10.5378
0.0858017 -0.170855 32.826
-0.0757589 -0.0184686 24.1427
0.0312467 -0.0113566 5.77954
-0.0236661 -0.0024618 19.2573
-0.118222 -0.0451875 26.35
0.00501531 -0.0580899 13.4912
0.0269244 -0.0423104 8.45213
0.0104686 -0.00246877 4.27353
-0.0612681 -0.0282473 22.5995
-0.0294774 -0.0356281 15.9701
-0.00240801 -0.0837774 18.7408
-0.00840053 -0.0258821 10.2337
0.027759 0.0598027 -15.8971
-0.0147532 0.00219373 7.9883
-0.00238641 0.0173469 0.874772
-0.000275276 0.012406 1.35014
0.0104111 -0.0150441 1.35315
0.0267514 0.00815653 -7.67005
0.0117529 -0.0174991 2.37937
-0.0403676 -0.0117002 23.1533
-0.0390218 0.0281998 16.2573
0.00389714 0.0262133 -4.572
0.0269291 0.0529185 -20.5275
0.0400943 0.130668 -42.5647
0.00857972 0.161672 -31.501
-0.00813191 0.135807 -17.2056
0.0634193 0.216932 -73.9329
-0.00708357 0.0900423 -5.18879
0.0230533 0.045004 -20.2516
0.0269538 0.0220711 -18.9987
0.0418995 0.0181548 -28.1107
0.0452026 0.047969 -35.7633
0.0445975 0.0456544 -34.685
0.0409893 0.035439 -30.3865
0.0660395 0.0732188 -56.6825
0.0846706 0.0715711 -70.5649
0.0540037 0.0475351 -41.3067
0.0465501 0.0275743 -31.4551
0.122925 -0.0153812 -72.2716
0.0662652 0.0565941 -54.2816
0.0661275 0.0359286 -50.0918
0.0615127 0.0499023 -48.5349
0.0375774 0.0696338 -30.2408
0.00664805 0.0819142 -3.09522
-0.024078 0.0515116 32.4735
-0.0278255 0.0372175 38.8838
0.0075071 0.0819968 -17.2353
-0.00333431 0.219269 -30.4693
-0.0144307 0.200689 -15.5824
-0.00232677 0.183752 -25.93
0.0445083 0.0701821 -36.1315
0.0204356 0.11417 -17.1239
0.0326727 0.123792 -33.0583
0.0850353 0.104695 -90.4453
0.0543931 0.0723139 -47.7609
0.0640921 0.0309894 -51.5405
0.0571253 0.00836291 -38.9208
0.0666904 0.145797 -28.3394
0.117701 0.259673 -52.0534
0.0182076 0.00364836 14.6239
0.0214879 -0.010244 6.33708
-0.0152895 -0.00578668 19.1157
-0.0593218 -0.0368244 17.8628
0.0125628 0.262028 -50.8356
0.0139791 0.203962 -37.9371
-0.0014618 0.0445441 -2.86837
-0.0227949 0.262526 -43.6901
-0.00790381 0.30184 -55.1555
0.0300497 0.328552 -69.8392
0.0509281 -0.0245284 -0.154655
0.000622482 0.299707 -55.7536
-0.0341633 0.231968 -30.6043
0.0144082 0.298913 -59.8696
-0.00107979 0.331981 -61.2567
0.00922497 0.28201 -53.8251
0.0136299 0.307971 -61.1364
-0.00698369 0.338352 -58.3591
-0.0734291 0.096742 26.5788
-0.0722499 0.106942 23.8652
-0.0786569 0.198043 7.68738
-0.0450252 0.258505 -21.4268
-0.0395514 0.308311 -34.9602
-0.013633 0.268035 -39.7172
-0.00530974 0.253057 -40.9476
0.0418548 0.272486 -72.147
0.00640049 0.246412 -45.5195
-0.0418473 0.288008 -23.9144
0.014851 0.318067 -66.5498
0.0200894 0.340557 -74.72
0.0338513 0.352924 -86.7455
0.030411 0.357667 -85.3924
0.0276632 0.360132 -84.051
0.055505 0.273702 -86.3789
0.050001 0.33517 -88.6478
0.0227549 0.654584 -134.337
0.149032 0.0702698 -113.098
0.164814 0.0135185 -114.008
0.051255 0.0489417 -39.1951
0.0601547 0.0558883 -48.6071
0.0631631 0.0495627 -50.0217
0.0476181 0.075346 -40.6553
0.00956912 0.061439 -1.89991
-0.018374 0.0687788 23.6953
-0.0504346 0.0650783 55.9887
-0.0595308 0.122498 52.7164
-0.0324209 0.268617 -10.1659
-0.0180054 0.232053 -17.5455
-0.0184835 0.204402 -11.6117
0.0162405 0.0639544 -3.36342
0.0338367 0.0504849 -20.1214
0.0478123 0.0829013 -42.8541
0.0689104 0.0780729 -66.3776
0.0668743 0.0710683 -62.662
0.0472601 0.0580741 -36.5628
0.0282086 0.0442587 -10.438
0.138844 0.285308 -57.6377
0.136064 0.271242 -54.5053
0.105439 0.016231 6.63094
0.0080288 0.00407282 15.1756
-0.0371988 0.0348918 12.1547
-0.110664 0.073371 11.0635
-0.036144 0.253761 -41.3143
-0.00205064 0.287245 -53.7876
0.00470973 0.297099 -56.9117
0.00241484 0.301428 -57.314
0.00430176 0.310512 -59.9417
0.0167888 0.316341 -64.1315
0.0364782 0.33402 -73.2029
-0.000974374 0.30862 -56.8829
-0.0166683 0.294479 -49.6427
0.0294015 0.369083 -80.3284
0.0409898 0.372975 -84.699
0.0223362 0.4912 -104.452
-0.0129347 0.34713 -58.1103
0.00316019 0.30542 -54.7434
-0.00980118 0.215392 -28.5241
-0.00183669 0.265937 -44.2341
-0.0126789 0.307081 -48.4506
-0.00655028 0.300463 -49.9887
-0.00255428 0.325087 -57.6723
0.000264258 0.321411 -58.3578
0.0050971 0.310397 -58.7432
0.00812005 0.303001 -58.7233
-0.000613102 0.287888 -50.0502
0.00222044 0.303579 -55.2884
0.0232368 0.312209 -71.0355
0.039315 0.311084 -80.8063
0.0376539 0.328306 -83.9865
0.035065 0.326551 -81.9481
0.0546776 0.297417 -90.0235
0.130465 0.271695 -141.841
0.118559 0.064099 -85.1149
0.10671 0.081199 -79.5908
0.115835 0.0895073 -89.114
0.109868 0.0722375 -79.8542
0.081213 0.114856 -65.0789
0.0830182 0.131646 -70.366
0.0837911 0.165413 -79.2008
0.0375561 0.0978909 -36.0556
-0.00334876 0.0695294 8.63184
-0.0240392 0.0570764 31.4961
-0.0425196 0.120782 35.7476
-0.0371823 0.232884 4.31246
-0.0270799 0.293708 -21.2583
-0.0292039 0.27273 -14.2861
0.0158448 0.0195284 6.00778
0.0355435 0.0120919 -14.1407
0.0497619 0.0315516 -34.4785
0.0778251 0.0455896 -69.0674
0.0586441 0.0785857 -54.2086
0.0624965 0.0489416 -52.4624
0.0553846 0.0927595 -54.0509
0.0366401 0.0966239 -32.0897
0.0941136 0.304775 -61.8538
0.0666552 0.268998 -52.4249
0.0218364 0.223539 -39.1712
-0.00285989 0.0903093 -4.13339
-0.0174079 0.0897561 -2.78261
-0.00375823 0.11633 -10.9846
0.00483125 0.306406 -59.2822
0.010723 0.299693 -58.7937
0.0192522 0.315051 -63.9707
0.0146329 0.305892 -60.8346
0.0291597 0.382022 -82.799
0.0184321 0.345901 -72.0914
0.0168044 0.349997 -72.1343
0.0361551 0.393195 -87.6051
0.0737857 0.0131597 -0.97309
-0.0171563 0.340787 -56.284
0.0134832 0.333687 -65.1479
-0.0299139 0.213416 -18.6963
-0.0303906 0.259248 -30.0477
-0.00776144 0.294721 -48.1554
0.000819467 0.29203 -51.2438
0.00157523 0.296738 -52.8266
-0.00183699 0.315164 -55.6758
0.00620548 0.331471 -63.6804
0.00112555 0.330592 -60.7279
-0.00466249 0.329889 -57.5982
-0.0118546 0.322951 -51.9622
0.00872693 0.321809 -63.785
0.00724913 0.313363 -60.6606
0.0139561 0.314471 -65.0108
0.0136751 0.31906 -66.1669
0.0319375 0.310247 -76.2298
0.0408377 0.31457 -83.1916
0.0292575 0.312771 -74.4169
0.0242402 0.309172 -69.9258
0.0273734 0.300633 -70.4456
0.0578256 0.281715 -89.2817
0.0901034 0.160018 -85.3045
0.10008 0.0904064 -76.6925
0.123277 0.0619692 -89.1625
0.101062 0.0800566 -74.3999
0.0990739 0.0909567 -74.9428
0.104977 0.0812646 -77.6505
0.110464 0.131173 -95.1538
0.119503 0.0765615 -88.8889
0.0981559 0.134439 -83.0763
0.0960879 0.111755 -75.1522
0.0918506 0.131042 -76.0659
0.0877025 0.212497 -93.0415
0.0789486 0.238076 -90.5392
0.0101319 0.00211399 16.1355
0.0371212 -0.018401 -9.10087
0.0874211 0.0105185 -72.4703
0.0754077 0.0371278 -64.8467
0.049683 0.0289121 -32.7838
0.078488 0.0186904 -64.6347
0.100501 0.11194 -113.484
0.0582178 0.137885 -67.809
0.0542887 0.341791 -70.9253
0.0402202 0.324475 -65.9729
0.00580413 0.3199 -63.9379
-0.00660791 0.332433 -66.7848
0.0238126 0.386894 -83.862
0.0198283 0.430777 -95.0446
0.0321742 0.389934 -85.591
-0.00855807 0.348222 -67.7062
0.0249906 0.324596 -67.5426
0.0389184 0.396807 -89.2118
0.0512933 0.450557 -105.604
0.0570064 0.457083 -108.606
-0.0158416 0.253712 -33.4335
0.00945018 0.339708 -64.8735
-0.0180635 0.271327 -37.9514
-0.0173515 0.286312 -42.4296
-0.015871 0.278262 -40.9141
-0.00572124 0.273646 -43.3071
-0.000338128 0.305999 -54.1463
0.00127875 0.309039 -55.3603
-0.00402309 0.309146 -53.4495
-0.00576282 0.316974 -54.5509
0.00403287 0.334439 -63.4533
0.00710335 0.338293 -66.0388
-0.00114813 0.336677 -61.3642
-0.000692779 0.363134 -68.8242
-0.00336155 0.340061 -61.1052
0.00573481 0.344749 -68.3508
0.0129762 0.335068 -69.9356
0.0201386 0.308427 -67.1819
0.0124083 0.317802 -64.9144
0.0283551 0.315649 -74.9128
0.0214093 0.311516 -69.1946
0.046687 0.291896 -81.8509
0.0432912 0.300597 -81.4651
0.0187769 0.328377 -70.6456
0.0321155 0.324852 -80.1328
0.0306551 0.301284 -72.545
0.00567929 0.299716 -51.9208
0.0374721 0.312837 -81.9755
0.0772559 0.184832 -81.489
0.0969227 0.105934 -77.7231
0.116218 0.0602956 -83.0035
0.12629 0.0663452 -93.6651
0.130118 0.0361264 -88.8611
0.123308 0.0540225 -86.885
0.102133 0.0538217 -65.8383
0.104777 0.0828959 -76.0853
0.108604 0.102275 -85.6339
0.11465 0.193411 -116.602
0.0943181 0.244237 -108.297
0.0581715 0.331472 -91.9605
0.0599952 0.45289 -127.058
0.0608869 0.497897 -140.412
0.0444284 0.541141 -133.243
0.0548893 0.371171 -99.7841
0.0354309 0.371667 -77.1066
0.0858594 0.130234 -100.006
0.0524195 0.347704 -72.6902
0.0266234 0.37017 -78.7267
0.00585407 0.366046 -76.6852
0.00776642 0.359619 -74.7992
0.0395852 0.447812 -102.027
0.0541103 0.468338 -110.202
0.0611555 0.474067 -112.098
0.01471 0.300507 -52.1624
-0.0202909 0.271339 -37.3373
-0.0208593 0.268569 -36.6274
0.00893912 0.335768 -62.9864
-0.00729624 0.262097 -38.022
-0.0182827 0.261024 -35.2742
-0.00855827 0.281774 -44.2818
-0.0103172 0.285994 -45.0043
-0.0108839 0.29446 -47.251
-0.00291396 0.319051 -56.922
0.00249852 0.313435 -57.1794
-0.0027235 0.31222 -54.8659
0.00724524 0.327462 -63.2231
0.00931412 0.330344 -64.4511
0.00463772 0.330018 -62.6992
0.00419958 0.315957 -58.209
-0.00776944 0.32166 -53.8523
0.00168768 0.328159 -60.828
0.00712558 0.323728 -62.427
0.00141011 0.336407 -62.9389
0.00253976 0.340711 -64.9987
0.00133456 0.338576 -63.4057
0.00503599 0.3344 -64.6336
-0.00186094 0.33962 -61.8439
0.000673663 0.313718 -55.5807
0.0191627 0.322118 -70.8143
0.0189815 0.307862 -66.4934
0.0448319 0.278839 -76.8446
0.0353496 0.296907 -74.3418
0.0254734 0.314926 -71.737
0.0236541 0.328048 -74.3537
0.0204605 0.326955 -71.4533
0.0128857 0.330927 -65.9051
0.0227994 0.302859 -66.4136
0.0158556 0.302053 -60.126
0.0380653 0.262943 -68.6051
0.0759822 0.119661 -61.8129
0.101203 0.118028 -85.0658
0.114467 0.0590024 -80.4733
0.117025 0.0582474 -82.7421
0.114329 0.0524679 -78.1796
0.120223 0.0311585 -77.9684
0.12461 0.00709415 -75.6402
0.131623 -0.00594615 -79.0562
0.134673 0.00570243 -85.6687
0.101502 0.0391016 -58.2044
0.0875364 0.0957801 -58.7692
0.0608929 0.123193 -35.058
0.0491041 0.280374 -66.6436
0.10388 0.138613 -90.322
0.108208 0.0616858 -72.6611
0.0439676 0.392423 -85.5955
0.0426508 0.439901 -100.295
0.0980694 0.395384 -88.212
0.0777331 0.308287 -58.235
0.0286716 0.419653 -90.9623
0.019002 0.391699 -81.3072
0.0299421 0.338177 -65.9992
-0.00656638 0.257665 -35.6331
-0.0212704 0.228565 -23.9774
-0.0335801 0.250359 -28.6616
-0.0175945 0.267746 -37.4397
-0.0162986 0.280608 -41.933
0.0023753 0.32011 -59.2613
0.00281108 0.316273 -58.1583
-0.000428011 0.329669 -61.2035
0.000524774 0.32506 -59.721
-3.92012e-05 0.317598 -57.1881
0.00116917 0.331352 -62.0837
0.0110395 0.333912 -66.5201
0.00788098 0.340478 -67.3371
0.0101847 0.334078 -66.3729
-0.00333614 0.325851 -57.4352
-0.000497503 0.326633 -59.128
-0.0074711 0.322109 -54.3804
0.00069693 0.328555 -60.4594
0.00419491 0.333729 -64.0131
0.00832313 0.331982 -65.709
0.0099188 0.328774 -65.5597
0.00703095 0.351191 -70.9118
-0.00232689 0.346466 -63.5564
0.0060898 0.333344 -64.9872
0.00237779 0.327575 -60.7533
0.00744314 0.321536 -62.2059
0.014346 0.310016 -63.6234
0.0137798 0.316921 -65.388
0.0415214 0.287503 -77.1763
0.0601982 0.275601 -87.292
0.0415477 0.3209 -86.5301
0.0261519 0.322512 -74.4872
0.0188686 0.332139 -71.5087
0.0177343 0.323904 -68.0717
0.0193413 0.324754 -69.6372
0.0106154 0.320904 -60.553
0.0163147 0.325851 -67.2152
0.0456094 0.265977 -76.5413
0.0942271 0.196301 -101.856
0.107658 0.152241 -102.061
0.105629 0.122121 -91.1129
0.100393 0.0347441 -58.5124
0.122537 0.0377858 -82.9852
0.12665 0.0233196 -82.7669
0.132818 0.00264584 -82.8987
0.112264 0.0198814 -64.9745
0.12557 0.018393 -79.545
0.138515 0.0242313 -95.9689
0.114232 0.0221939 -67.2163
0.111872 0.0984346 -88.1378
0.109064 0.0649769 -74.4366
0.0500807 0.415131 -92.689
0.0635192 0.410587 -91.3489
0.0809419 0.381679 -82.12
0.0190197 0.349287 -67.2687
-0.00992822 0.281427 -42.1117
-0.0229519 0.253179 -31.7076
-0.013203 0.254372 -33.7005
-0.0205574 0.245644 -29.8159
-0.0201409 0.254766 -32.8559
-0.0237833 0.268971 -36.6205
-0.000292081 0.302995 -52.7528
-0.00151691 0.320073 -58.1754
0.00791614 0.334333 -65.2907
0.0061961 0.330829 -63.578
0.00590839 0.332149 -63.93
0.00256876 0.325737 -60.795
0.0082125 0.326402 -63.0587
0.0101692 0.340756 -68.5739
0.01071 0.337508 -67.6927
0.00685907 0.332461 -64.3935
0.00218381 0.334867 -63.1053
0.000398995 0.325394 -59.2064
0.00303952 0.323158 -59.6947
-0.00022795 0.330231 -60.2879
-0.00330521 0.324141 -56.5821
-0.00688668 0.331865 -57.3068
0.0152891 0.337101 -71.4106
0.00932556 0.335126 -67.1491
0.0016401 0.333445 -61.6572
0.0055278 0.333917 -64.3622
0.0161536 0.338587 -73.493
-0.00127816 0.33903 -62.076
0.0106655 0.321616 -64.6707
0.0160366 0.318784 -67.6378
0.00503719 0.320068 -59.7973
0.0124087 0.317421 -64.3553
0.0551717 0.298835 -91.2791
0.0644013 0.264604 -87.1184
0.0607713 0.262844 -83.3614
0.0300854 0.323074 -78.1514
0.0162948 0.335765 -70.6146
0.00584846 0.327575 -58.4678
0.0243133 0.344983 -80.5807
-0.0036095 0.340508 -53.2282
0.0150172 0.317752 -63.4487
0.026021 0.305285 -70.1492
0.0531432 0.266869 -83.8825
0.0587501 0.237518 -80.138
0.0349993 0.237875 -55.3606
0.0491874 0.166997 -46.6139
0.0927699 0.111457 -74.9574
0.11002 0.0598077 -76.7242
0.116675 0.0169962 -69.5872
0.119858 0.036472 -79.8304
0.121855 0.00987491 -72.3268
0.123574 0.0139657 -75.9965
0.127339 0.00914221 -78.8964
0.132913 0.0249803 -90.8174
0.0355661 0.40418 -88.7241
0.038406 0.360546 -73.1856
-0.00971127 0.285967 -44.4309
-0.00796106 0.260196 -35.4679
-0.0197543 0.251675 -31.7709
-0.0209535 0.251569 -31.8939
-0.00888854 0.276962 -42.4329
-0.00515761 0.272191 -41.2042
0.00320502 0.291232 -49.2984
0.00420057 0.3051 -54.3453
0.00923772 0.323664 -61.8465
0.00457642 0.319601 -59.3586
0.0103328 0.31915 -60.6807
0.00833328 0.310263 -56.9724
9.20275e-05 0.322388 -58.7746
0.000772743 0.317387 -57.2545
0.0102515 0.32196 -62.2117
0.0148684 0.330083 -66.528
0.0151187 0.320576 -63.4034
0.00849956 0.331063 -64.4367
0.000489576 0.335914 -62.6699
0.00218793 0.315863 -56.6284
0.00293053 0.328216 -61.3261
0.00153728 0.307137 -53.1643
0.00395569 0.323719 -60.4315
0.0147638 0.339319 -71.7507
0.0114681 0.325246 -64.7908
0.00664369 0.327934 -62.867
-0.00767215 0.321495 -51.766
-0.00629965 0.301952 -45.9433
-0.000356451 0.325671 -58.1557
0.00986622 0.331833 -67.0156
0.00773305 0.331146 -65.5991
0.0138965 0.329121 -69.4219
0.0124945 0.320973 -65.4157
0.0147869 0.303024 -60.7526
0.0381446 0.302027 -79.2049
0.0410634 0.262164 -67.7159
0.0747518 0.223359 -81.6033
0.0606174 0.275885 -87.7321
0.0429006 0.317672 -87.3265
0.0129322 0.319102 -61.7327
0.0235071 0.327834 -74.0161
0.0126839 0.300826 -54.6873
0.0134901 0.334837 -67.6154
0.03085 0.335721 -84.663
0.0353977 0.332336 -88.0052
0.0457368 0.315969 -92.8711
0.00559853 0.291465 -42.7378
-0.00670771 0.263241 -19.8968
0.037682 0.192565 -42.45
0.0905606 0.128012 -77.8945
0.0871843 0.122515 -72.4982
0.102179 0.0490431 -63.2524
0.123505 0.0181474 -77.6051
0.116635 0.0120782 -67.2368
0.12009 0.0161846 -72.5963
0.125983 0.0103043 -77.7439
-0.0105426 0.398897 -86.3344
-0.022768 0.32075 -57.0948
-0.0423933 0.218228 -18.4989
-0.0302623 0.209847 -16.2408
-0.0116839 0.210421 -17.9148
-0.00784316 0.23572 -27.7048
1.71637e-05 0.262062 -38.3653
0.00946993 0.279299 -46.0485
0.0140866 0.283329 -48.3546
0.0236798 0.307515 -59.0733
0.000713308 0.309896 -54.925
-0.0038374 0.295337 -48.6648
0.0128457 0.292343 -51.8444
0.00996178 0.300849 -54.0665
0.0031921 0.298032 -51.0392
0.00701731 0.302699 -53.9475
0.00617646 0.302928 -53.6935
0.00526244 0.286036 -47.2525
0.0215717 0.277808 -50.7393
0.0158739 0.296739 -55.3713
0.00782294 0.308504 -56.1708
-0.00135473 0.316879 -55.1928
-0.00452813 0.305102 -49.5571
0.0075971 0.284275 -48.1602
0.014686 0.30608 -59.7938
0.0176763 0.319063 -66.1072
0.0143028 0.318987 -64.0872
0.00349037 0.312067 -55.3463
-0.00230254 0.297534 -46.5677
-0.0066378 0.298109 -44.2083
-0.000718803 0.312433 -53.0991
-0.00610741 0.292284 -42.0906
0.00558349 0.288692 -48.9696
0.0100782 0.320837 -63.6342
-0.00301217 0.295049 -44.614
0.00662203 0.279986 -46.2621
0.0146319 0.291119 -56.5676
0.0272901 0.292998 -67.1807
0.0642211 0.232557 -76.0425
0.0826538 0.273565 -106.299
0.0715627 0.261535 -92.4349
0.0282121 0.306243 -70.5222
0.0222593 0.318444 -69.6813
0.020213 0.352093 -80.0195
0.0142951 0.347074 -72.624
0.0200843 0.340353 -75.6983
0.0317243 0.320934 -80.3229
0.032046 0.310852 -76.9652
0.00699307 0.302004 -47.4915
-0.00822497 0.316739 -37.0367
0.00381603 0.271045 -33.6065
0.0527578 0.167331 -49.8854
0.0859618 0.0971038 -61.8168
0.105329 0.0939709 -82.5132
0.0735891 0.0457798 -28.1778
0.104951 0.0346229 -61.3243
0.123673 0.019646 -78.2514
0.124669 0.0118167 -76.6764
