0 1 3
1 2 3
2 3 3
3 5 3
5 6 3
6 7 3
7 8 3
8 9 3
9 11 3
11 12 3
12 13 3
13 14 3
14 15 3
15 16 1
16 17 3
17 18 3
18 19 3
19 20 3
20 21 3
21 22 3
22 24 3
24 25 3
25 27 3
27 29 3
29 30 3
30 32 3
32 34 3
34 35 3
35 36 3
36 37 3
37 38 3
38 39 3
39 40 3
40 41 3
41 42 2
42 44 2
44 45 3
45 46 1
46 47 3
47 48 3
48 49 0
49 50 3
50 51 3
51 53 3
53 54 3
54 55 1
55 56 3
56 57 3
42 43 0
25 84 3
27 84 3
32 92 3
34 92 3
3 62 1
5 62 1
45 102 3
30 89 3
43 44 3
44 102 3
27 86 3
29 86 3
48 50 0
32 89 3
5 63 3
48 107 0
50 107 3
62 63 0
35 93 3
48 106 0
51 109 3
8 67 3
9 67 3
45 104 0
46 104 0
47 106 0
55 113 3
22 81 3
24 81 3
29 87 3
30 87 3
36 93 3
40 97 3
43 101 3
45 103 0
47 104 0
106 107 3
56 113 3
6 63 3
39 97 3
44 101 3
103 104 3
105 106 3
3 61 1
35 92 3
41 99 3
42 101 0
47 105 0
54 113 1
61 62 2
9 68 3
20 78 3
87 89 3
36 94 3
37 94 3
0 58 3
1 59 3
2 60 3
6 64 3
7 65 3
8 66 3
11 68 3
11 69 3
12 69 3
12 71 3
13 71 3
14 72 3
15 73 3
21 79 3
24 82 3
25 83 2
92 93 3
37 95 3
38 96 3
39 96 3
40 99 3
42 99 2
56 114 3
57 114 3
58 59 3
1 60 3
3 60 3
63 64 3
64 65 3
65 66 3
66 67 3
67 68 3
13 72 3
72 73 3
16 73 0
16 74 0
19 78 3
20 79 3
22 79 3
83 84 3
27 85 3
85 86 3
32 90 3
93 94 3
94 95 3
38 95 3
96 97 3
42 100 0
104 105 1
50 108 3
71 72 3
17 134 3
18 134 3
18 76 3
22 138 3
89 90 3
97 99 3
99 100 0
101 102 3
107 108 3
51 108 3
60 61 2
69 71 3
73 74 3
17 133 3
19 76 3
24 83 3
90 92 3
100 101 3
51 168 3
53 168 3
113 114 3
59 60 3
68 69 3
16 133 3
133 134 3
76 134 3
19 135 3
78 79 3
79 138 3
81 138 3
81 82 3
82 83 3
84 85 3
168 169 3
78 135 3
86 87 3
108 109 3
109 168 3
76 135 3
102 103 0
74 133 3
54 112 3
95 96 3
53 112 1
112 113 3
63 121 3
69 128 3
71 128 3
112 170 3
62 121 0
92 149 3
57 173 0
90 149 3
99 156 3
114 173 0
89 145 3
53 169 1
112 169 3
87 145 3
89 147 3
97 156 3
145 147 3
100 158 3
107 164 3
84 142 3
85 142 3
92 150 3
101 160 3
108 167 3
60 118 3
149 150 3
99 158 3
101 158 3
109 167 3
113 171 3
61 118 2
87 144 3
90 148 3
101 159 3
102 160 3
104 162 1
106 164 3
107 165 3
108 165 3
114 171 3
58 116 3
81 140 3
82 140 3
83 142 3
86 144 3
89 148 3
93 150 3
93 151 3
94 151 3
159 160 3
105 162 3
105 164 3
108 166 3
59 117 3
60 117 3
61 119 3
64 121 3
64 122 3
65 123 3
66 124 3
67 125 3
68 126 3
69 127 3
71 129 3
72 130 3
73 130 3
78 136 3
79 137 3
81 139 3
83 140 3
85 143 3
85 144 3
94 152 3
95 152 3
105 163 3
165 166 3
116 117 3
118 119 2
122 123 3
123 124 3
124 125 3
125 126 3
126 127 3
127 128 3
128 129 3
72 129 3
73 189 3
73 132 3
74 132 3
136 137 3
137 138 3
139 140 3
142 143 3
147 148 3
103 219 1
103 162 1
162 163 3
171 172 0
114 172 0
61 178 2
62 178 3
121 122 3
129 130 3
83 141 3
148 149 3
163 164 3
166 167 3
112 171 2
172 173 2
117 118 3
119 178 2
121 178 1
130 189 3
138 139 3
140 141 3
141 142 3
144 145 3
158 159 3
167 168 3
150 151 3
151 152 3
102 219 3
162 219 3
170 171 3
132 133 3
135 136 3
96 156 3
160 219 3
143 144 3
96 152 3
132 189 3
134 135 3
138 196 3
156 158 3
137 196 3
156 215 1
158 215 1
145 204 3
96 213 1
156 213 1
160 218 3
147 204 3
152 211 1
96 212 1
159 218 3
164 165 3
152 212 1
212 213 3
213 215 3
162 220 0
165 222 0
167 226 3
168 226 3
169 170 3
118 177 3
211 212 3
164 222 0
170 227 3
171 228 0
119 177 0
214 215 3
219 220 0
168 227 3
170 228 0
135 192 3
139 198 3
140 198 3
213 214 3
163 222 0
169 227 3
172 230 3
121 179 3
134 192 3
158 216 3
159 216 3
163 220 0
172 229 1
178 179 0
141 199 3
144 203 3
145 203 3
148 207 3
166 224 3
171 229 3
128 186 3
129 186 3
135 193 3
140 199 3
142 199 3
149 207 3
222 223 3
165 223 0
166 223 0
167 224 3
116 174 3
117 175 3
118 176 3
121 180 3
122 180 3
123 181 3
124 182 3
125 183 3
126 184 3
127 185 3
129 187 3
129 188 3
130 188 3
133 191 3
134 191 3
192 193 3
136 194 3
137 194 3
144 202 3
147 205 3
148 206 3
150 208 3
151 209 3
152 210 3
216 218 3
163 221 3
167 225 3
227 228 0
228 229 1
174 175 3
175 176 3
176 177 3
123 180 3
181 182 3
182 183 3
183 184 3
184 185 3
185 186 3
186 187 3
132 191 3
136 193 3
139 196 3
143 202 3
204 205 3
205 206 3
206 207 3
149 208 3
208 209 3
152 209 3
210 211 1
215 216 0
220 221 1
221 222 0
224 225 3
226 227 3
179 180 3
188 189 3
142 200 3
143 200 3
203 204 3
218 219 3
223 224 1
173 230 3
119 235 3
180 181 3
191 192 3
202 203 3
207 208 3
209 210 3
225 226 3
173 231 3
177 235 1
178 235 2
193 194 3
200 202 3
230 231 3
194 196 3
198 199 3
229 230 3
173 289 0
187 188 3
189 191 3
199 200 3
231 289 0
139 255 3
217 218 3
216 217 3
196 255 3
198 255 3
191 248 3
219 277 3
189 248 3
220 277 1
194 253 3
196 253 3
199 256 3
198 256 3
179 237 3
221 279 0
227 286 0
178 237 0
207 265 3
216 275 3
222 279 3
178 236 3
188 246 3
193 251 3
196 254 3
208 265 3
217 275 3
226 284 3
229 287 3
235 236 2
187 246 3
254 255 3
199 257 3
200 259 3
202 259 3
206 265 3
209 267 3
210 267 3
227 284 3
228 286 3
229 286 0
230 287 3
181 240 3
182 240 3
188 247 3
189 247 3
256 257 3
210 268 3
211 268 0
215 273 0
220 279 3
175 233 3
176 234 3
177 234 3
180 237 3
247 248 3
194 252 3
253 254 3
202 260 3
211 269 0
211 270 0
212 270 0
213 270 0
213 271 3
213 272 0
214 272 0
215 272 0
216 273 3
216 274 3
224 282 0
174 232 3
174 233 3
180 238 3
181 239 3
183 241 3
184 242 3
185 243 3
186 244 3
187 245 3
194 251 3
204 262 3
204 263 3
205 263 3
206 264 3
265 266 3
208 266 3
208 267 3
269 270 3
273 274 3
274 275 3
222 280 3
223 281 3
223 282 3
225 282 0
225 283 3
233 234 3
234 235 2
236 237 0
180 239 3
240 241 3
241 242 3
242 243 3
243 244 3
244 245 3
245 246 3
191 249 3
202 318 3
203 262 3
263 264 3
266 267 3
268 269 3
270 271 1
271 272 0
272 273 3
223 280 3
281 282 3
283 284 3
227 285 3
232 233 3
238 239 3
246 247 3
248 249 3
192 249 3
252 253 3
259 318 3
203 260 3
262 263 3
277 278 0
220 278 3
279 280 3
280 281 3
285 286 0
286 287 1
239 240 3
251 252 3
200 257 3
203 261 3
261 262 3
282 283 1
237 238 3
255 256 3
260 318 3
264 265 3
267 268 3
218 277 3
192 307 3
278 279 3
284 285 3
230 289 0
249 307 3
192 251 3
260 261 3
277 336 3
236 295 0
237 295 3
257 259 3
278 336 3
287 289 0
192 309 3
251 309 3
287 403 3
307 309 3
218 275 3
289 403 1
256 314 3
255 312 3
277 335 3
254 312 3
255 372 3
256 372 3
266 324 3
218 335 3
289 347 3
272 330 3
238 295 3
257 315 3
273 330 3
347 403 1
270 328 3
271 330 0
218 334 3
245 303 3
247 305 3
248 306 3
265 323 3
265 324 3
269 328 3
271 329 3
274 332 3
275 334 3
334 335 3
285 342 3
232 290 3
233 290 3
244 303 3
246 303 3
248 305 3
249 306 3
314 372 3
323 324 3
267 326 3
268 326 3
270 329 1
275 332 3
279 337 3
281 339 3
282 339 3
284 342 3
234 292 3
235 293 3
238 296 3
239 297 3
240 298 3
241 299 3
242 300 3
243 301 3
244 302 3
246 304 3
246 305 3
315 431 3
262 320 3
263 321 3
264 322 3
264 323 3
269 326 3
269 327 3
329 330 0
273 331 3
280 338 3
282 340 3
283 341 3
285 343 3
286 343 1
233 292 3
295 296 3
296 297 3
297 298 3
298 299 3
299 300 3
300 301 3
301 302 3
303 304 3
305 306 3
252 309 3
320 321 3
321 322 3
322 323 3
267 324 3
326 327 3
327 328 3
330 331 3
331 332 3
335 336 0
337 338 3
338 339 3
339 340 3
340 341 1
341 342 3
287 344 3
235 292 2
302 303 3
253 312 3
257 314 3
261 320 3
328 329 1
278 337 3
343 344 3
233 291 3
236 293 2
312 372 3
314 315 3
318 375 3
290 291 3
291 292 3
292 293 2
236 352 3
304 305 3
252 369 3
253 369 3
259 315 3
286 344 1
293 352 2
295 352 1
332 334 3
315 318 3
342 343 3
309 369 3
312 369 3
324 326 3
344 403 3
260 377 3
261 377 3
334 392 3
336 337 3
306 307 3
318 377 3
312 370 3
324 383 3
403 404 0
307 365 3
326 383 3
336 394 3
347 404 3
306 365 3
370 372 3
315 374 3
327 386 3
328 386 3
292 351 3
293 351 0
374 375 3
318 374 3
351 352 1
305 363 3
318 376 3
376 377 3
327 385 3
385 386 3
329 386 0
304 362 3
306 363 3
306 364 3
315 372 3
375 376 3
295 353 3
303 362 3
307 366 3
291 350 1
352 353 0
298 356 3
365 366 3
309 366 3
374 431 3
324 381 3
332 391 3
334 391 3
338 396 3
339 396 3
342 400 3
291 349 1
292 350 1
297 355 3
299 356 3
309 367 3
369 370 3
320 378 3
321 378 3
323 381 3
391 392 3
334 393 3
335 393 3
335 394 0
341 400 3
342 401 3
343 401 3
290 348 3
349 350 3
296 355 3
302 361 3
303 361 3
367 369 3
368 369 3
326 385 3
332 390 3
344 461 3
295 354 3
296 354 3
299 357 3
300 357 3
300 358 3
301 359 3
302 360 3
361 362 3
305 362 3
367 368 3
322 380 3
326 384 3
331 389 3
331 390 3
393 394 0
337 395 3
339 397 3
343 402 3
344 402 3
403 461 3
291 348 3
350 351 0
298 355 3
357 358 3
358 359 3
359 360 3
363 364 3
261 378 3
380 381 3
324 382 3
382 383 3
384 385 3
329 387 3
330 388 3
330 389 3
336 395 3
395 396 3
339 398 3
340 398 3
401 402 3
348 349 1
364 365 3
372 431 3
321 380 3
383 384 3
386 387 1
388 389 3
392 393 3
394 395 3
396 397 3
397 398 3
341 398 0
402 461 3
353 354 3
354 355 3
355 356 3
360 361 3
366 367 3
377 378 3
330 387 1
341 458 3
400 458 3
356 357 3
362 363 3
389 390 3
400 401 3
390 391 3
347 405 3
321 437 3
387 388 0
377 435 3
378 437 3
380 437 3
398 458 1
378 435 3
324 439 3
382 439 3
393 451 0
404 405 3
348 406 3
349 406 0
370 429 3
372 429 3
381 439 3
363 421 3
369 427 3
369 428 3
370 428 3
384 442 3
394 451 3
352 410 3
368 427 3
427 428 3
388 446 3
403 462 0
405 463 3
351 467 3
362 421 3
392 451 0
461 462 0
404 462 3
350 467 0
356 415 3
365 423 3
368 425 3
378 436 3
349 407 3
350 407 3
357 415 3
367 425 3
435 436 3
386 444 3
387 444 0
387 446 0
351 410 1
353 411 3
385 443 3
385 444 3
398 514 0
458 514 0
404 463 3
350 408 3
408 467 0
354 411 3
368 484 3
383 441 3
389 446 3
395 454 3
396 454 3
358 416 3
427 484 3
380 438 3
380 439 3
382 441 3
462 463 3
406 407 1
351 409 3
354 412 3
355 413 3
355 414 3
356 414 3
357 416 3
359 417 3
360 417 3
372 430 3
387 445 3
389 447 3
391 449 3
394 452 3
395 453 3
397 455 3
401 458 3
401 459 3
407 408 3
409 410 1
353 410 1
411 412 3
412 413 3
414 415 3
416 417 3
360 418 3
362 419 3
364 421 3
364 423 3
428 429 3
431 432 3
374 432 3
437 438 3
384 441 3
385 442 3
445 446 0
390 447 3
390 449 3
392 449 3
451 452 3
452 453 3
453 454 3
397 454 3
402 459 3
410 411 0
415 416 3
361 418 1
366 423 3
425 484 3
430 431 3
438 439 3
382 440 3
442 443 3
443 444 3
458 459 3
413 414 3
421 423 3
429 430 3
439 440 3
440 441 3
444 445 1
446 447 3
454 455 3
377 434 3
434 435 3
398 455 3
402 460 1
460 461 0
409 467 3
417 418 2
361 419 3
376 434 3
392 508 3
451 508 1
441 442 3
449 508 3
451 509 1
423 480 3
432 490 3
447 449 3
411 469 3
418 419 0
421 480 3
431 490 2
436 437 3
419 477 3
419 478 3
362 478 3
367 483 3
446 504 3
508 509 3
459 460 3
410 469 0
421 478 3
366 483 3
445 504 0
409 468 1
425 483 3
447 505 3
449 505 3
410 468 3
411 470 3
412 470 3
417 475 3
423 481 3
366 481 3
431 489 2
489 490 3
375 432 3
434 493 3
435 493 3
452 511 3
453 511 3
416 474 3
455 514 2
469 470 3
412 471 3
427 485 3
427 486 3
428 486 3
429 486 3
432 434 3
375 434 3
413 471 3
415 474 3
480 481 3
481 483 3
484 485 3
430 489 3
436 493 3
438 496 3
462 520 1
463 521 1
415 473 3
439 496 3
439 497 3
441 499 3
442 500 3
443 500 3
449 507 3
459 518 3
461 519 1
407 464 0
437 495 3
438 495 3
442 499 3
444 502 3
447 504 3
505 507 3
454 512 2
460 518 3
460 519 3
414 473 3
436 494 3
436 495 3
445 502 0
455 513 2
458 516 3
462 519 1
408 466 3
466 467 0
414 472 3
416 475 3
418 477 0
421 479 3
429 487 3
430 487 3
430 488 3
494 495 3
439 498 3
440 498 3
443 501 3
443 502 3
445 503 3
454 511 3
454 513 2
463 520 1
468 469 0
470 471 3
414 471 3
473 474 3
474 475 3
417 476 3
418 476 0
479 480 3
485 486 3
495 496 3
497 498 3
441 498 3
501 502 3
503 504 0
505 506 3
506 507 3
507 508 3
452 509 1
519 520 3
520 521 3
406 464 3
467 468 1
472 473 3
475 476 3
487 488 3
500 501 3
502 503 1
512 513 3
513 514 3
486 487 3
498 499 3
504 562 3
504 505 3
452 510 1
510 511 0
459 516 3
466 523 0
471 472 3
478 479 3
488 489 3
503 562 0
408 523 0
499 500 3
509 510 3
408 464 0
496 497 3
511 512 3
514 573 1
458 573 3
459 575 3
518 575 3
464 523 0
477 478 3
425 541 0
434 492 1
516 575 3
476 477 3
478 536 2
481 539 2
481 540 2
484 541 2
492 493 0
464 522 3
477 536 3
483 540 2
434 490 3
483 541 2
493 494 3
516 573 3
466 525 0
467 525 3
476 534 1
518 519 3
521 579 3
522 523 3
477 534 1
493 551 2
494 552 2
463 579 1
470 528 2
471 529 2
490 549 2
551 552 3
495 552 2
528 529 3
475 533 2
434 549 1
514 572 3
473 530 3
489 548 3
492 551 3
502 561 1
503 561 3
513 572 3
572 573 1
520 579 3
468 525 0
470 529 2
485 541 2
489 547 3
495 553 2
504 563 3
505 563 3
506 565 3
507 565 3
508 567 3
509 567 3
520 578 3
466 524 3
471 530 3
472 530 3
480 539 2
552 553 3
496 553 2
509 568 3
510 568 3
511 570 3
512 570 3
512 571 3
513 571 3
519 578 3
536 593 3
547 548 3
490 548 3
508 565 3
511 568 1
406 522 2
468 526 3
529 530 3
474 533 2
476 533 2
477 593 2
479 537 2
480 537 2
540 541 3
496 554 2
497 554 2
498 556 2
500 559 2
501 559 2
502 559 2
505 564 3
506 564 3
508 566 3
511 569 1
518 576 3
519 576 3
519 577 3
525 526 1
469 526 1
474 532 2
480 538 2
488 547 3
553 554 3
497 555 2
499 556 2
502 560 1
561 562 0
563 564 3
565 566 3
566 567 3
567 568 3
568 569 3
524 525 0
473 532 2
478 537 2
537 538 3
538 539 3
548 549 3
554 555 3
555 556 3
559 560 1
560 561 3
562 563 3
569 570 0
575 576 3
578 579 3
539 540 3
492 550 3
571 572 3
516 574 3
536 537 3
541 542 1
485 543 1
486 543 1
487 543 1
487 546 2
488 546 2
574 575 3
577 578 3
523 524 1
470 526 1
485 542 1
492 549 3
499 557 3
499 558 1
564 565 3
573 574 3
576 577 3
542 543 3
543 546 3
546 547 3
549 550 3
500 558 1
570 571 3
557 558 1
534 593 2
550 551 3
530 532 3
532 533 3
556 557 3
558 559 3
526 528 0
556 614 3
533 534 2
555 614 3
528 585 1
552 611 3
553 611 3
558 616 2
526 585 3
528 586 3
557 616 1
574 632 3
522 580 3
525 583 1
530 588 2
532 588 3
557 614 3
573 632 3
524 583 3
585 586 3
529 586 3
529 588 3
614 616 3
523 580 3
537 595 3
538 595 3
540 599 3
541 599 3
550 607 3
555 613 3
567 625 3
568 625 3
524 582 3
526 583 3
532 591 3
533 591 3
543 601 3
549 607 3
551 609 3
554 613 3
559 616 2
561 619 3
568 626 3
569 626 3
570 627 3
572 630 1
582 583 3
534 591 2
548 606 3
550 609 3
552 609 3
613 614 3
559 617 2
559 618 2
560 618 3
562 619 1
562 564 3
569 627 3
575 632 3
576 634 3
577 634 3
526 584 3
532 590 3
591 593 3
536 594 3
537 594 3
543 602 2
546 604 3
547 604 3
547 605 3
549 606 3
607 608 3
550 608 3
552 610 3
553 612 3
554 612 3
616 617 3
560 619 3
564 623 3
565 623 3
566 623 3
566 624 3
570 628 3
571 629 3
573 631 3
577 635 3
578 636 3
579 637 3
523 581 3
524 581 0
529 587 3
590 591 3
542 600 3
604 605 3
548 605 3
608 609 3
610 611 3
612 613 3
617 618 3
618 619 3
562 620 1
623 624 3
624 625 3
627 628 3
628 629 3
629 630 1
573 630 3
631 632 3
575 633 3
575 634 3
635 636 3
636 637 3
588 590 3
593 594 3
600 601 3
543 600 3
601 602 3
546 602 3
606 607 3
619 620 3
625 626 3
583 584 3
586 587 3
587 588 3
594 595 3
609 610 3
630 631 3
632 633 3
580 581 3
539 598 3
540 598 3
541 600 2
602 604 3
605 606 3
611 612 3
564 622 1
622 623 0
633 634 3
584 585 3
598 655 3
564 620 1
634 635 3
598 599 3
626 627 3
581 582 3
620 622 3
591 650 3
539 655 1
593 650 3
620 679 3
599 600 3
622 679 3
581 639 3
595 654 3
538 654 3
538 655 1
622 680 3
636 694 3
679 680 3
635 694 3
594 652 1
654 655 3
602 661 3
604 661 3
595 652 1
623 681 1
622 681 3
624 681 1
608 666 3
614 673 3
616 673 2
630 688 3
582 639 2
583 641 3
588 646 3
588 647 3
590 647 3
598 656 3
607 666 3
610 669 3
611 669 3
617 675 3
629 687 1
631 688 3
580 638 3
581 638 3
587 646 3
655 656 3
599 656 3
616 675 3
630 687 1
638 639 3
584 641 3
618 675 3
634 692 3
635 692 3
586 644 3
587 644 3
590 649 3
602 660 3
609 666 3
612 670 3
680 681 3
624 682 1
625 683 1
626 683 1
628 687 1
687 688 0
585 642 3
585 644 2
587 645 3
646 647 3
591 649 3
594 650 3
601 659 3
601 660 3
613 670 3
618 676 3
624 683 1
631 689 3
632 690 3
633 690 3
633 691 3
635 693 3
582 641 3
584 642 3
645 646 3
649 650 3
595 653 3
599 658 3
600 658 3
604 662 3
605 663 3
606 664 3
607 665 3
613 671 3
614 671 3
614 672 3
616 674 2
674 675 3
675 676 3
619 678 3
620 678 3
681 682 3
628 686 1
688 689 3
632 689 3
693 694 3
636 695 3
637 695 3
641 642 3
585 643 3
643 644 3
652 653 0
601 658 3
662 663 3
663 664 3
607 664 3
609 667 3
609 668 3
610 668 3
671 672 3
672 673 3
673 674 3
678 679 3
682 683 3
686 687 3
690 691 3
692 693 3
694 695 3
647 649 3
659 660 3
661 662 3
665 666 3
667 668 3
668 669 3
612 669 3
670 671 3
619 677 3
626 684 1
689 690 3
644 645 3
658 659 3
660 661 3
664 665 3
666 667 3
618 677 3
677 678 3
683 684 3
627 685 1
642 643 3
669 670 3
627 684 1
633 692 3
582 640 2
691 692 3
639 640 3
676 677 3
628 685 1
685 686 3
640 641 3
650 652 1
653 654 3
599 657 3
657 658 3
684 685 3
656 657 3
688 746 1
689 746 1
689 748 1
690 748 1
638 697 3
639 697 3
691 749 1
690 749 1
650 710 1
652 710 2
662 720 3
664 723 3
687 746 3
689 747 1
747 748 3
692 749 1
644 703 3
663 721 3
665 723 3
746 747 3
748 749 3
692 751 1
693 751 1
645 703 3
650 709 3
655 713 3
670 728 3
681 739 3
682 739 3
687 745 3
749 751 3
693 752 1
694 752 1
642 700 2
643 700 2
644 702 3
647 705 3
649 705 3
649 708 1
650 708 1
709 710 3
654 713 3
656 713 3
669 728 3
676 734 2
678 737 3
679 737 3
680 739 3
686 745 3
745 746 3
751 752 3
694 753 3
695 753 3
643 701 2
643 702 2
659 717 3
663 720 3
663 722 3
664 722 3
666 724 3
668 726 3
669 726 3
674 733 3
675 733 3
675 734 3
677 734 2
677 736 3
678 736 3
679 738 3
680 738 3
752 753 0
639 698 3
640 698 3
641 699 2
700 701 3
701 702 3
702 703 3
646 704 3
708 709 3
658 717 3
660 717 3
660 718 3
661 719 3
662 719 3
721 722 3
665 724 3
667 724 3
667 725 3
667 726 3
671 729 3
672 730 3
673 731 3
674 732 3
683 741 3
684 742 3
749 750 3
750 751 3
697 698 3
640 699 3
699 700 3
645 704 3
647 704 3
653 710 3
656 714 3
657 714 3
657 716 3
658 716 3
718 719 3
719 720 3
723 724 3
725 726 3
728 729 3
729 730 3
730 731 3
731 732 3
732 733 3
733 734 3
677 735 2
738 739 3
682 741 3
741 742 3
685 742 3
654 712 3
716 717 3
717 718 3
720 721 3
724 725 3
669 727 3
734 735 3
685 743 3
653 712 3
713 714 3
657 715 3
726 727 3
727 728 3
736 737 3
742 743 3
686 743 3
638 754 3
697 754 3
698 699 3
705 708 1
712 713 3
714 715 3
715 716 3
735 736 3
737 738 3
743 745 3
722 723 3
682 740 3
739 740 3
740 741 3
705 764 3
704 705 3
708 764 3
710 712 3
750 809 2
751 809 3
752 809 3
703 704 3
764 765 3
708 765 3
743 802 3
745 802 2
710 769 3
735 794 3
736 794 3
749 807 2
712 769 3
723 781 3
738 797 3
739 797 3
750 807 2
704 764 1
712 770 3
713 770 3
715 773 3
722 781 3
724 781 3
733 791 3
739 798 3
740 798 3
740 799 3
741 799 3
747 805 2
748 805 2
699 757 3
714 772 3
716 773 3
717 775 3
732 791 3
737 796 3
738 796 2
745 803 2
746 803 2
698 756 3
698 757 3
713 772 3
718 775 3
729 787 3
734 791 3
736 795 3
737 795 2
748 807 2
700 757 3
704 820 1
704 763 1
710 767 3
714 773 3
726 784 3
730 787 3
732 790 3
735 793 3
793 794 3
742 799 3
742 801 3
743 801 3
748 806 2
697 755 3
756 757 3
700 758 3
701 758 3
702 760 3
703 760 3
763 820 3
763 764 3
709 767 3
767 769 3
718 776 3
719 777 3
720 777 3
720 778 3
721 779 3
724 783 3
725 783 3
725 784 3
726 785 3
727 785 3
728 787 3
730 789 3
731 789 3
790 791 3
734 792 3
794 795 3
746 804 2
746 805 2
806 807 3
753 811 1
754 755 3
702 758 3
703 761 1
704 761 1
708 766 3
709 766 3
772 773 3
775 776 3
776 777 3
720 779 3
722 779 3
722 780 3
728 785 3
732 789 3
791 792 3
735 792 3
797 798 3
803 804 3
805 806 3
752 811 1
698 755 3
760 761 3
769 770 3
716 774 3
716 775 3
777 778 3
778 779 3
780 781 3
724 782 3
783 784 3
784 785 3
789 790 3
792 793 3
795 796 3
809 810 3
752 810 1
755 756 3
761 820 3
770 772 3
773 774 3
781 782 3
782 783 3
730 788 3
796 797 3
799 801 3
801 802 3
804 805 3
807 809 3
810 811 3
757 758 3
787 788 3
788 789 3
774 775 3
779 780 3
798 799 3
802 803 3
765 766 3
766 767 3
807 866 3
785 787 3
809 866 2
767 826 3
769 826 3
770 829 3
772 829 3
799 858 3
760 818 3
801 858 3
809 867 2
785 844 3
787 844 3
801 859 3
758 760 3
767 825 3
769 827 3
805 863 3
805 864 3
806 864 3
765 823 3
766 823 3
766 825 3
770 827 3
789 847 3
797 855 2
804 863 3
764 822 3
765 822 3
826 827 3
778 836 3
781 839 3
782 839 3
788 847 3
796 855 3
798 855 2
802 859 3
804 862 3
754 812 3
755 812 3
761 819 3
825 826 3
774 832 3
777 835 3
779 836 3
780 839 3
782 840 3
783 840 3
789 848 3
790 848 3
790 849 3
791 849 3
796 854 3
798 857 3
799 857 3
803 861 3
803 862 3
807 864 3
810 868 3
758 818 3
819 820 3
763 822 3
766 824 3
770 828 3
773 832 3
784 842 3
785 842 3
788 846 3
793 851 3
854 855 3
802 861 3
866 867 3
809 868 3
811 868 3
760 819 2
823 824 3
824 825 3
827 828 3
828 829 3
772 830 3
773 831 3
775 832 3
776 835 3
777 836 3
780 838 3
785 843 3
787 846 3
792 851 3
794 852 3
798 856 3
807 865 3
865 866 3
867 868 3
811 869 3
755 813 3
758 816 3
822 823 3
830 831 3
831 832 3
775 833 3
776 833 3
779 837 3
779 838 3
839 840 3
842 843 3
843 844 3
787 845 3
846 847 3
792 849 3
851 852 3
795 852 3
856 857 3
858 859 3
864 865 3
756 813 3
816 818 3
829 830 3
835 836 3
836 837 3
837 838 3
838 839 3
783 841 3
783 842 3
844 845 3
845 846 3
855 856 3
861 862 3
863 864 3
812 813 3
757 813 3
832 833 3
840 841 3
841 842 3
848 849 3
792 850 3
847 848 3
849 850 3
795 853 3
796 853 3
857 858 3
862 863 3
758 873 3
816 873 3
763 879 3
852 853 3
868 869 3
757 873 1
818 819 3
822 879 3
853 854 3
850 851 3
820 879 3
859 918 3
813 873 3
833 835 3
859 861 3
816 874 3
850 908 3
873 874 3
833 891 3
835 891 3
849 908 3
862 920 3
816 875 2
818 875 3
831 888 3
842 901 3
843 901 3
856 914 3
858 917 3
859 917 3
861 918 2
827 885 3
830 888 3
835 893 3
844 902 3
855 914 3
864 922 3
866 924 3
819 878 3
820 878 3
822 880 3
823 880 3
826 885 3
828 885 3
891 893 3
838 897 3
839 897 3
845 902 3
847 906 3
848 906 3
858 916 3
863 922 3
867 926 3
868 926 3
869 927 3
878 879 3
825 884 3
826 884 3
839 898 3
840 898 3
841 899 3
842 899 3
845 903 3
846 903 3
847 905 3
849 906 3
850 909 3
851 909 3
853 911 3
854 911 3
856 915 3
857 915 3
868 927 3
813 872 3
819 877 3
823 881 3
824 881 3
828 886 3
829 888 3
831 889 3
836 893 3
846 905 3
852 910 3
853 910 3
855 913 3
857 916 3
812 870 3
813 871 3
872 873 3
818 876 3
819 876 3
877 878 3
880 881 3
824 883 3
825 883 3
884 885 3
885 886 3
829 887 3
888 889 3
832 890 3
836 894 3
837 894 3
837 895 3
838 896 3
897 898 3
840 899 3
843 902 3
846 904 3
908 909 3
852 909 3
915 916 3
916 917 3
861 919 3
865 923 3
865 924 3
867 924 3
867 925 3
813 870 3
871 872 3
876 877 3
879 880 3
824 882 3
886 887 3
887 888 3
889 890 3
890 891 3
894 895 3
895 896 3
842 900 3
903 904 3
904 905 3
905 906 3
909 910 3
854 913 3
913 914 3
914 915 3
918 919 3
861 920 3
863 921 3
922 923 3
924 925 3
925 926 3
870 871 3
881 882 3
896 897 3
899 900 3
900 901 3
901 902 3
902 903 3
910 911 3
917 918 3
862 921 3
926 927 3
874 875 3
882 883 3
893 894 3
898 899 3
854 970 3
883 884 3
919 920 3
921 922 3
923 924 3
875 876 3
906 908 3
891 950 3
906 964 3
908 964 3
920 921 3
893 950 3
911 970 3
913 970 3
908 965 3
964 965 3
902 960 3
905 963 3
906 963 3
891 949 3
879 937 3
949 950 3
896 954 3
897 954 3
914 972 3
919 977 3
880 937 3
909 967 3
913 972 3
920 977 2
924 982 3
926 984 3
926 985 3
927 985 3
874 932 3
876 935 3
877 935 3
878 936 3
893 951 3
894 951 3
901 959 3
902 959 3
902 961 3
903 961 3
908 967 3
925 984 3
873 932 3
875 932 3
875 933 3
879 936 3
880 939 3
881 939 3
884 942 3
885 942 3
886 944 3
899 958 3
900 958 3
960 961 3
904 962 3
918 977 3
925 983 3
870 928 3
871 929 3
872 929 3
876 933 3
876 934 3
880 938 3
882 940 3
883 941 3
885 944 3
887 945 3
888 946 3
889 947 3
890 948 3
891 948 3
950 951 3
894 952 3
895 953 3
897 955 3
898 955 3
898 956 3
899 957 3
900 959 3
959 960 3
904 961 3
905 962 3
910 968 3
910 969 3
911 969 3
913 971 3
917 975 3
924 983 3
984 985 3
928 929 3
873 930 3
934 935 3
935 936 3
936 937 3
938 939 3
939 940 3
940 941 3
941 942 3
944 945 3
945 946 3
946 947 3
947 948 3
952 953 3
953 954 3
956 957 3
957 958 3
961 962 3
963 964 3
909 968 3
968 969 3
915 972 3
916 975 3
918 975 3
920 979 3
921 979 3
982 983 3
983 984 3
872 930 3
930 932 3
932 933 3
933 934 3
937 938 3
948 949 3
954 955 3
969 970 3
971 972 3
885 943 3
951 952 3
955 956 3
958 959 3
962 963 3
970 971 3
929 930 3
942 943 3
943 944 3
967 968 3
915 973 3
915 975 3
918 1034 3
972 973 3
975 1034 3
977 1037 3
920 1037 3
922 1038 3
908 1024 3
967 1024 3
921 1038 3
965 1024 3
915 1032 3
979 1038 3
923 1038 3
923 982 3
973 1032 3
975 1032 3
930 989 3
979 1037 3
932 989 3
1036 1037 3
964 1023 3
977 1036 3
965 1023 3
977 1034 3
923 1039 3
942 1000 3
944 1002 3
964 1022 3
1038 1039 3
943 1000 3
943 1002 3
963 1022 3
969 1028 3
982 1040 3
970 1028 3
945 1002 3
957 1015 3
968 1027 3
969 1027 3
1039 1040 3
985 1043 3
930 988 3
949 1008 3
951 1009 3
952 1009 3
956 1015 3
961 1019 3
971 1028 3
973 1031 3
983 1042 3
984 1042 3
984 1043 3
988 989 3
935 993 3
936 993 3
941 1000 3
945 1003 3
946 1003 3
950 1008 3
953 1011 3
954 1011 3
954 1012 3
960 1019 3
972 1030 3
1031 1032 3
934 992 3
938 996 3
939 996 3
943 1001 3
947 1005 3
949 1007 3
955 1012 3
958 1015 3
960 1018 3
968 1024 3
971 1029 3
973 1030 3
982 1041 3
983 1041 3
928 986 3
929 987 3
932 990 3
933 991 3
935 992 3
936 994 3
937 995 3
939 997 3
940 998 3
941 999 3
1000 1001 3
1001 1002 3
946 1004 3
948 1005 3
948 1007 3
951 1008 3
952 1011 3
955 1013 3
955 1014 3
956 1014 3
958 1016 3
959 1017 3
962 1019 3
962 1020 3
963 1021 3
1022 1023 3
968 1026 3
972 1029 3
975 1033 3
1037 1038 3
1042 1043 3
986 987 3
987 988 3
989 990 3
990 991 3
991 992 3
993 994 3
994 995 3
995 996 3
997 998 3
998 999 3
999 1000 3
1003 1004 3
1004 1005 3
1007 1008 3
1011 1012 3
1013 1014 3
1014 1015 3
1016 1017 3
1017 1018 3
1018 1019 3
1020 1021 3
1021 1022 3
1032 1033 3
977 1035 3
1040 1041 3
1041 1042 3
992 993 3
996 997 3
1008 1009 3
1012 1013 3
1015 1016 3
1019 1020 3
1023 1024 3
1026 1027 3
1029 1030 3
1033 1034 3
1035 1036 3
1002 1003 3
1027 1028 3
1034 1035 3
1024 1026 3
1028 1029 3
1030 1031 3
1009 1011 3
