-0.0326239 -0.0736945 23.7112
-0.0428479 -0.0651651 23.9807
-0.0136975 -0.0856675 22.5472
-0.036631 -0.0848887 23.8859
0.0167333 -0.0168916 17.5393
-0.0211827 -0.0243082 23.026
-0.0639902 0.0445349 26.0781
-0.0542399 -0.00296828 25.4353
-0.112954 0.0282606 34.4507
-0.000762366 0.0641845 11.3708
0.103071 -0.0495017 -9.05804
0.051703 -0.12752 5.8747
0.0177334 -0.0811006 12.5258
0.0589323 -0.0317736 0.505967
0.0218843 -0.0260195 11.8749
-0.00975368 0.000671081 21.1401
-0.036059 0.00943435 29.7941
-0.024472 -0.0092833 25.8116
-0.00228569 -0.0443389 17.7405
-0.00754398 -0.0454723 19.9761
-0.00312195 -0.0308869 18.1399
-0.00349452 0.00103949 17.6023
-0.0755939 -0.0894255 60.709
-0.132498 -0.0452569 87.4613
0.00568743 0.160645 6.27081
0.00883363 -0.0479324 3.12572
0.00736509 -0.0579351 4.31012
0.0123952 -0.0541053 1.34616
-0.00190638 -0.0842394 11.3361
-0.0109304 -0.0355613 15.7529
0.00222279 -0.0354862 6.69149
0.0210334 -0.0246311 -5.99618
0.0685422 -0.0144769 -39.0748
0.116038 0.0064206 -73.0558
0.0807764 -0.0239943 -45.5849
0.0610385 -0.0249323 -30.7139
0.0717755 -0.00274916 -39.6577
0.0769586 0.0158065 -44.0906
0.0720879 0.0305146 -40.1148
0.0516991 0.0223743 -22.3589
0.0411306 -0.00998079 -13.2112
0.0416956 -0.0159312 -13.6608
0.0416956 -0.0159312 -13.6608
0.0250879 0.00113863 28.1471
-0.215629 -0.276916 286.242
0.00849726 -0.0265141 45.2004
-0.0479686 -0.00356209 100.884
-0.0608776 -0.0115295 113.277
-0.0377219 -0.0166974 88.774
0 0 -1
0.0158103 0.00051925 30.9924
0.0289498 0.0153965 16.5375
0.0885185 -0.010969 -58.4444
0.0668226 -0.00329761 -33.6071
0.0425152 -0.0173963 -5.18508
0.0338488 -0.0325953 5.62668
0.011366 -0.0460863 33.2929
-0.0380932 -0.114352 94.4724
-0.0361944 -0.0668523 23.459
-0.0406981 -0.0537307 22.808
-0.0256417 -0.0456378 21.9177
0.012753 0.00342608 16.73
0.0472456 0.0178739 14.0318
0.0116298 0.00556574 18.2243
-0.0245162 -0.0196945 22.1878
-0.0591933 0.0222256 25.0538
-0.0472004 0.0391077 22.0241
-0.0398603 0.0547089 19.4157
0.033514 -0.00480346 5.21302
0.0217978 -0.0322253 9.39013
0.0602678 -0.0432159 -0.069915
0.0719311 -0.033572 -3.20335
0.0403823 -0.0180873 5.86817
0.0203302 -0.0072893 11.7529
-0.0292981 0.0137378 27.7261
-0.0296071 0.0239824 26.8501
-0.0194174 0.00878219 23.2187
0.00497161 0.0122926 13.5097
-0.00223383 0.0106289 18.3566
-0.0120557 -0.0593325 18.7512
0.135261 -0.108282 -43.0566
-0.131521 -0.0384327 87.1845
-0.10626 -0.454766 92.0712
0.0412553 -0.0601959 -15.0811
0.0221192 -0.0511511 -4.68789
0.0211563 -0.0804423 -3.86635
0.0151986 -0.0575616 -0.469901
-0.00716975 -0.0540227 13.1239
0.0102994 -0.0453232 1.24233
0.0421095 -0.0305496 -20.3976
0.0867947 -0.00509278 -52.1273
0.11575 -0.00994294 -72.5258
0.120719 -0.018616 -75.5199
0.0769826 -0.0274748 -42.9369
0.102508 0.0282396 -64.7441
0.082864 0.0727498 -50.0287
0.0798045 0.046845 -46.911
0.0487666 0.0277089 -19.8178
0.0219547 0.0128757 30.6081
0.0180026 0.0241246 33.6307
0.0269916 0.0089832 26.1271
0.0261678 0.00254536 26.942
0.0223174 -0.00533296 30.9847
0.00416786 -0.00777446 49.0926
-0.0429847 -0.00283365 95.4832
-0.0714453 -0.00226783 125.062
-0.0700192 0.00757149 121.894
0.0205575 -0.0535743 26.4642
0.0610141 -0.0231049 -17.3617
0.0683015 -0.00270463 -25.8792
0.0906248 0.00266035 -61.5489
0.0759385 -0.00436603 -43.8695
0.03763 0.00643593 -0.322247
0.0184352 -0.0446406 24.5997
-0.0264936 -0.122373 80.7096
-0.0819642 -0.106243 147.987
-0.0280325 -0.0247163 21.4272
-0.0098578 -0.0231306 20.2903
-0.00272932 0.00277994 18.8383
0.0067057 -0.00261449 18.3697
0.0475542 0.00410828 15.0238
-0.00826794 0.00909981 21.0749
-0.0584123 0.0221149 26.1817
-0.0641614 0.024859 26.6481
-0.0556707 0.0346734 24.5736
-0.0546563 0.048299 23.3693
0.000850049 0.018058 12.3678
0.00371115 -0.0243484 13.5483
0.0210957 -0.0311376 9.69267
0.0648021 -0.0604477 -0.384979
0.0538832 -0.0444913 2.97202
0.0134069 -0.000889479 13.6188
-0.0228126 0.0136895 25.2268
-0.0123663 0.0087208 21.9828
-0.0112504 0.0397656 19.5355
0.00861098 0.0225991 12.0138
-0.0254731 -0.0455518 31.3636
-0.125978 -0.0437478 77.5204
-0.00909453 0.00360086 8.01468
-0.00776917 0.0100278 6.89325
0.0111727 -0.00150137 -2.20592
0.00994665 -0.00125847 -1.83271
0.0309801 -0.0483206 -10.1006
0.0274113 -0.0679356 -6.99834
0.0191142 -0.074235 -1.49698
0.0129714 -0.0595969 1.40941
0.0254947 -0.0146149 -10.0478
0.0717722 0.00299901 -42.1142
0.0876734 -0.00102808 -52.8667
0.0948043 -0.00582671 -57.6059
0.0983566 -0.0131986 -59.8288
0.109301 0.0171646 -69.7425
0.128132 0.017164 -84.1096
0.0734444 0.023765 -39.5623
0.053813 0.00797806 -23.2997
0.0605041 0.0138473 -29.3081
0.0326045 0.0273413 20.6245
0.0455777 0.028525 8.96029
0.03237 0.0144873 21.0376
0.0424979 0.0253989 10.4928
0.0287702 0.0335719 23.2261
0.00554658 0.0442215 45.1312
-0.0549709 -0.00508939 107.828
-0.0394 -0.00693664 91.5928
-0.035844 0.00543254 87.2877
0.13018 -0.052032 -91.5999
0.0598956 -0.0165375 -16.7206
0.0816178 -0.0291656 -38.9538
-0.383138 -0.0541372 481.941
0.0404229 0.0718287 -6.37831
0.0460528 0.059181 -11.763
-0.0196045 -0.152658 73.0725
0.000232951 -0.135778 48.2052
0.00462541 -0.0942718 41.2694
-0.0323016 -0.00292953 20.3998
-0.0407659 -1.22315e-05 20.1463
-0.0116051 -0.0121073 20.2106
0.0101804 -0.0120646 18.7111
0.0571784 -0.0267465 15.4131
0.0127921 0.00245822 18.8923
-0.0496077 -0.0330923 28.7659
-0.0941636 -0.00719612 33.6708
-0.0660796 -0.01009 29.2236
-0.039315 0.00762457 22.841
-0.0288051 0.00611169 20.9903
-0.021126 0.000128419 18.3741
0.00303292 -0.0410045 14.8027
0.0468287 -0.0781797 5.14173
0.108688 -0.100355 -11.2776
0.0467271 -0.0243321 4.07655
-0.0104345 0.000766498 21.7973
-0.0123934 0.000319057 22.454
-0.0185981 0.00307544 24.7268
0.0194898 0.0292262 -7.26772
0.0491648 -0.0803212 -0.734701
-0.00319754 -0.00162371 5.45513
0.00468795 0.00105284 1.30549
-0.0065157 0.0125224 6.06943
-0.00304081 0.00896542 4.6237
0.0062451 -0.0070002 0.677117
0.01057 -0.051696 1.71955
0.00288705 -0.043722 5.25844
0.0146491 -0.0460566 -1.02294
0.0182492 -0.0494439 -3.43968
0.0605876 -0.0452692 -31.1239
0.0588869 0.00921856 -33.4724
0.0812848 -0.00627229 -47.9403
0.101614 -0.00328608 -62.6497
0.114269 0.0147762 -73.2861
0.103504 0.021598 -65.8754
0.131607 0.0188833 -86.763
0.0957931 -0.017266 -55.0441
0.0472159 -0.0141327 -16.2705
0.0943272 0.0246358 -26.185
0.0568255 0.0225229 7.06848
0.0210005 0.0153947 39.7943
0.0273504 0.0466941 31.1909
0.0289835 0.0337978 23.0064
0.0654122 0.108295 -17.2218
0.12602 0.0862417 -75.2314
0.300016 0.111807 -250.488
-0.0107576 -0.0281208 63.8324
-0.0470346 0.0157028 98.398
-0.0825518 0.0161819 135.613
0.00403379 0.0763699 36.4896
0.130898 -0.0738819 -90.3858
-0.0134695 0.060204 57.2272
0.024902 0.0665694 11.97
0.337007 -0.397343 -313.553
-0.193161 0.386521 244.714
0.0707381 0.529182 -85.9503
0.00411422 0.0339869 38.0154
-0.0247472 -0.0150102 21.4111
-0.0271896 -0.0314465 23.1258
-0.0180142 -0.0410708 23.1824
0.0262013 -0.038459 19.1576
0.0728796 -0.0159025 12.9526
0.0309795 -0.00734189 16.9635
-0.0525915 -0.0348452 29.8164
-0.0824169 -0.0135189 32.1241
-0.0504206 -0.0312567 27.3282
-0.0118398 -0.0229948 18.7197
-0.037791 -0.00613948 23.2524
-0.0283919 -0.00904037 20.1428
0.00421413 -0.0256847 12.8453
0.0339046 -0.00339884 -3.90711
0.0215835 -0.00488761 -0.188301
0.000385818 0.0115805 16.669
-0.00542674 0.0048194 19.4485
-0.00931094 0.00025991 21.3188
-0.00294459 0.0114535 4.51643
0.00813452 0.0238275 -1.04182
0.0170057 0.0077825 -3.0866
-0.0179608 0.00099674 12.6122
-0.00338002 0.0150706 4.23194
-0.003084 0.0125288 4.32719
-0.00126285 0.0110099 3.51283
-0.0147186 0.0148222 10.4202
-0.01775 -0.0119799 14.6067
-0.013158 -0.0276106 13.244
-0.000242423 -0.0297273 5.58088
0.0408142 -0.0541177 -17.9323
0.083673 -0.0603177 -44.7698
0.0900715 -0.0433048 -50.4661
0.0943107 -0.00455789 -57.1846
0.11349 0.00384895 -71.8652
0.119484 -0.0134517 -73.8726
0.0968594 -0.012283 -57.2968
0.103277 -0.0480763 -58.8437
0.0731624 -0.0642877 -33.3553
0.0689761 -0.0449016 -32.1089
0.0967369 -0.337976 2.73932
0.0645188 0.0414667 -10.6674
0.0572608 -0.0101548 0.910639
0.0471499 0.00800048 8.24149
0.0423531 0.0196115 11.4677
0.0430935 0.0310319 9.79581
0 0 -1
0.0864881 0.0901546 -34.6534
0.0183519 -0.0281845 45.9957
-0.112089 -0.0234562 169.957
-0.0979755 0.0121927 151.966
0.11734 -0.0398248 -77.1251
0.0351327 -0.0252483 10.6196
0.0153317 0.0333072 25.9217
0.0337674 0.0401219 4.38208
0.018215 0.0337349 23.1371
-0.0552523 0.0637207 107.867
-0.0173227 0.0947398 58.726
0.0164849 0.0651248 20.3594
-0.0418304 -0.0205886 22.1394
-0.0393448 -0.0264271 22.9824
-0.0324142 -0.0532296 25.6433
-0.00404363 -0.0500128 22.9511
0.0772023 -0.0114283 11.1375
0.0654149 -0.0151942 14.3112
-0.0673974 -0.0347814 32.2034
-0.0754011 0.00677086 28.1288
-0.0830932 -0.0399718 34.0397
-0.0142996 -0.010137 18.1337
-0.0610925 0.0321591 24.1866
-0.0352491 0.00324534 21.1742
-0.0184781 0.0127624 15.8646
0.0378918 -0.00647822 -4.51931
0.0103388 -0.00353844 3.11439
0.00333211 0.0110737 16.1435
-0.127674 0.121569 48.7573
-0.0433493 -0.036044 26.7912
0.00470157 0.00379494 2.51843
0.00870929 0.00601051 0.694257
0.0115565 0.0174028 -1.8102
-0.00944184 0.00869318 7.84222
-0.00709217 0.0105837 6.73083
-0.00544648 0.00854004 5.91491
-0.00346774 0.0062779 5.17333
-0.0115745 0.0106861 9.2481
-0.0291059 0.0040941 19.5285
-0.0204859 0.00074916 14.8479
-0.00627316 -0.00743007 6.99572
0.00559656 -0.0169834 0.613836
0.0593265 -0.0442973 -30.3359
0.102586 -0.022932 -60.6246
0.0920641 -0.00680352 -55.3511
0.101727 -0.0157842 -61.2135
0.102922 -0.0288516 -60.3305
0.0940331 -0.0361611 -53.0072
0.0853755 -0.0367022 -46.2565
0.0860295 -0.0118075 -49.7293
0.0887399 -0.0175266 -51.2993
0.0414366 -0.00436019 -12.8394
0.00972279 -0.00443852 14.4506
-0.00562215 0.0103239 25.826
0.0021433 0.0240378 17.058
-0.00273014 0.011035 23.2109
0.00255282 0.0227938 16.6153
-0.00176773 0.0325292 19.7209
0.0165398 0.00612162 4.95286
0.276388 -0.0140693 -241.201
0.285805 -0.0119952 -251.13
0.110631 -0.00499608 -74.5445
0.151707 -0.0230143 -116.626
0.0854333 -0.022696 -43.5626
-0.00484383 0.0315295 49.872
0.0138492 0.0307938 28.3185
0.0326576 0.0348884 6.13271
-0.0214605 0.02584 72.2126
-0.025863 0.0442396 74.5256
0.0376448 0.0363125 -2.20353
-0.0584073 0.00547979 19.02
-0.0755479 -0.00259004 20.6458
-0.049712 -0.0821007 29.5317
0.0506234 -0.029349 15.5969
0.107906 -0.0311424 10.856
0.0707729 0.0147716 8.92976
-0.15606 -0.134009 58.0996
-0.0595238 -0.131479 43.3231
0.030676 -0.0203104 21.905
-0.00843831 0.0133465 24.8587
-0.023684 -0.00868314 20.2432
-0.0252982 -0.00582433 20.245
-0.0294612 -0.0231179 23.6421
0.0289695 -0.000640957 -2.8995
-0.00150147 0.00690759 5.15707
-0.00130869 0.00256017 18.9776
-0.0167562 -0.00549296 25.2783
-0.00804801 -0.00670226 8.9574
0.0068242 0.0096817 0.824858
0.00371356 0.00786818 2.45702
-5.58542e-05 0.0134866 3.32024
-0.0105778 0.0128219 8.00401
-0.00623213 0.00761456 6.68478
-0.0173685 0.00710175 12.3259
-0.000506991 0.00417661 3.9588
-0.00486981 0.000733675 6.89332
-0.0264672 0.000518281 18.6351
-0.0250212 0.00407325 17.1546
-0.0210984 -0.0037574 15.8726
-0.00165828 -0.00638378 3.88854
0.0704152 -0.0195166 -40.4253
0.0879922 -0.0231548 -50.1581
0.0914734 -0.0134916 -53.8568
0.087911 -0.00423901 -52.6014
0.0864527 -0.00597033 -51.3608
0.0918614 -0.0185496 -53.5489
0.0627083 -0.0158648 -30.9423
0.0931508 -0.00628522 -56.3381
0.0863333 -0.0016336 -51.2857
0.0308892 -0.00119555 -4.18898
-0.00471371 -0.00303724 26.8787
0.0103454 0.0226655 9.68022
0.0430432 0.0757755 -27.8352
0.0120701 0.0813118 -0.00800804
-0.000988105 0.0162762 20.656
-0.00966115 0.0331576 27.4005
-0.00314434 0.0283921 21.7354
0.0156651 -0.0123991 8.38388
0.278222 -0.0175968 -242.651
0.148032 0.012738 -117.042
0.139163 0.0102831 -107.312
0.0515033 0.0127841 -10.0638
-0.0262854 -0.00384887 78.8471
0.00757568 0.00464412 39.0534
0.0233359 0.00556523 21.2066
-0.0263479 0.0183761 78.5851
-0.0437582 0.0145849 99.6003
-0.0243407 -0.00424936 78.5801
-0.0444997 0.0373833 14.0246
-0.223504 0.0422424 18.1703
-0.0178394 -0.0728213 21.5671
-0.0160697 -0.182726 41.2376
0.146991 -0.0177097 4.81411
0.138587 0.000900868 4.0726
-0.0386667 -0.123546 37.6678
0.0702741 -0.115618 32.4505
-0.00931615 -0.00268846 27.8895
-0.0145664 0.00676479 27.6101
-0.0324028 0.0215975 28.4473
-0.0610219 -0.0280328 32.0755
-0.247219 0.028859 71.5194
0.0265317 0.00997124 -4.00038
-0.0448075 0.0283684 15.3021
0.609467 0.0448779 -199.318
0.00830994 0.00264545 1.50031
0.0179668 8.84097e-05 -1.48795
0.00468653 0.0068458 2.33996
0.0109831 0.00679243 -0.48887
0.022242 0.0304673 -8.89561
-0.0162987 0.0392324 6.89959
-0.0151349 0.016716 9.36034
-0.00360482 0.0113543 4.61216
-0.00607737 0.0108405 5.64733
-0.0161362 0.0195746 9.90181
-0.033038 0.0144528 20.1347
-0.021497 0.0222445 12.2041
-0.022432 0.000709483 16.1801
0.0168261 0.00947739 -10.2136
0.0437236 -0.059127 -16.3503
0.123415 -0.0934524 -63.9738
0.119944 -0.0426022 -69.4837
0.0886155 0.00159838 -54.0479
0.0890151 0.00706952 -55.2508
0.0914572 0.00264135 -56.3812
0.0925088 0.00278231 -57.1549
0.107827 0.00172212 -69.4348
0.0947398 0.00139784 -58.6243
0.0499375 -0.00250076 -20.1564
0.0218261 -0.00050066 3.22834
0.0552311 0.054543 -35.676
0.0703815 0.123736 -60.1665
0.0384328 0.119507 -29.5786
0.0146558 0.0201021 10.2562
0.00181337 0.0159763 23.2858
-0.000205453 0.0123222 25.9351
0.00102201 0.00896994 25.2943
0.0104969 -0.0116239 18.771
0.0063143 0.00735529 45.0303
0.125057 0.0424322 -96.0306
0.0282731 0.00775162 17.2296
-0.0265169 -0.01214 79.9569
0.0363716 -0.0106445 7.0626
0.045716 0.0147589 -7.30451
0.0057443 0.0389972 36.7026
-0.0339231 0.036297 84.9062
-0.0496009 0.0295558 104.827
-0.0295293 0.075773 7.47177
-0.0807855 0.102142 3.91395
0.00740478 -0.0614223 18.0443
0.00199807 -0.0526467 17.0105
0.137438 0.0225708 -1.13781
0.1387 0.00615629 2.80351
-0.43162 -0.0422905 85.8334
0.0137862 -0.0288493 28.9211
-0.0392374 -0.0191845 35.6917
0.0119613 -0.0142872 25.2966
-0.044323 0.00463586 34.3611
-0.0727977 -0.00566856 43.0222
0.0208612 0.0530672 -3.79922
-0.0215851 0.00470732 10.9343
-0.0845317 0.0897762 16.0517
0.636302 0.0226578 -204.6
0.028657 0.0437431 -12.9596
0.0222326 0.00834209 -4.73651
-0.00913966 -0.0660652 21.0047
0.00550515 0.0129778 0.739146
0.0361121 0.0253951 -14.0671
-0.0478472 0.0204624 24.2607
-0.00809171 0.023682 4.30352
0.0351198 0.0879821 -29.2334
0.0141116 0.0745769 -16.256
-0.0227767 0.0826007 2.76068
-0.0424141 0.0236287 23.8936
-0.00802649 0.0292911 16.9252
-0.0060321 0.0374596 14.1976
-0.326221 0.109419 200.202
0.149268 0.0376006 -93.6208
0.11416 0.0465447 -71.9483
0.0475721 0.0142225 -19.2057
0.0185949 0.0451749 -4.75769
0.0863185 0.0208358 -55.7422
0.0777914 0.025724 -50.0218
0.0797135 0.012575 -49.1097
0.0931217 0.0105847 -59.1101
0.0930756 0.010819 -59.026
0.0377467 0.00953047 -12.1524
0.0598534 0.0111065 -32.1475
0.114163 0.0455749 -86.5875
0.079704 0.0720789 -59.3558
0.057914 0.0739774 -40.3081
0.0128145 0.0315373 9.96376
-0.000434413 0.0190461 24.9827
0.00132489 0.0143599 24.0288
0.0716469 0.0306052 -40.183
0.0725424 0.0492338 -44.5097
0.0459591 0.0589329 -18.0457
0.0916617 0.0245762 -56.3356
0.0258887 0.000519057 20.9884
-0.0693997 -0.0205905 130.403
0.0417429 -0.0209322 2.77742
0.0717131 0.042528 -42.6868
0.0510612 0.0615436 -21.1356
0.0850924 -0.00328314 -48.9796
-0.0534797 0.0297514 109.642
0.00175078 0.0569818 10.7199
0.00580133 0.0672635 8.61291
0.00935435 -0.050055 15.772
-0.0409217 0.00194079 9.19586
-0.0643733 0.116742 2.0088
0.0396156 0.0479673 5.70997
0.093519 -0.0289819 15.059
0.0756156 -0.0242392 17.5042
0.0193915 0.000277319 21.5871
0.0115646 -0.00377709 23.5727
-0.0589525 -0.00494304 39.7775
-0.1104 0.00512802 49.653
-0.0536568 0.119665 4.25514
-0.019645 0.0818636 2.51236
-0.0252222 0.191199 -21.9216
-0.0818921 0.202214 -5.62233
-0.350886 -0.0474432 148.537
-0.0455353 0.241927 -24.4402
-0.00197387 0.138468 -20.1458
0.0142912 0.222803 -43.9352
0.00701233 0.0824117 -11.791
-0.0252981 0.0595959 7.10637
0.00385681 0.248664 -44.8612
0.0300871 0.226337 -53.3111
0.0253526 0.209712 -47.7202
0.0316859 0.289208 -67.6321
0.0903251 -0.0292215 -28.6923
0.0175942 0.0216654 3.40986
0.017642 0.0148958 4.45763
-0.404931 0.097215 252.279
0.097203 0.0451965 -60.7833
0.119896 0.025025 -71.5227
0.0443629 0.0423616 -22.23
0.00679698 0.0370868 5.29315
-0.0243515 0.0563647 24.2772
0.0590388 0.0353504 -37.5757
0.0837982 0.009873 -51.6001
0.0831655 0.0391979 -56.8691
0.0787638 0.0296407 -51.0862
0.060881 0.0263632 -35.26
0.0644948 0.0327106 -40.3507
0.109345 0.01925 -77.2423
0.0801289 0.033948 -53.2035
0.115101 0.099605 -63.2164
0.32486 0.106154 -263.679
0.241632 0.133261 -187.984
0.140089 0.127829 -85.6
0.0350726 0.0999826 27.8113
-0.00631484 0.123531 65.9457
-0.0253445 0.103352 89.9311
0.01651 0.0750834 50.6676
0.0734385 0.00370352 2.68216
0.0508793 0.0690427 14.7705
0.0358481 0.0381255 37.9761
0.0268201 -0.00483651 56.9727
0.0396007 0.0273114 34.8904
0.0341398 0.0563377 35.1693
0.0858514 0.00879431 -52.0767
0.00492334 0.0493629 12.2063
0.00697945 0.0393497 14.6119
-0.014974 0.035959 16.6802
-0.0382672 0.0508854 13.9766
-0.0375642 0.0562184 12.3369
-0.000324734 0.0333701 13.5041
0.0556243 0.0410668 4.33721
0.0943408 0.0266318 3.29467
0.0105058 0.0252536 17.8657
0.0156999 0.00165234 21.9006
-0.0291785 0.00414849 30.8363
-0.0813588 0.00556232 42.6932
-0.110456 0.160423 10.5938
-0.0789047 0.170125 -0.379108
-0.0313454 0.286761 -41.0309
-0.0546792 -0.00728365 37.7648
-0.0912749 0.18995 5.6886
-0.0581489 0.262276 -23.1708
-0.0327096 0.260259 -33.1351
0.00365264 0.288244 -53.9685
0.00179375 0.30016 -55.513
0.012931 0.299933 -60.5807
0.000438004 0.299961 -54.3562
0.00893807 0.299782 -58.2295
0.0187492 0.303699 -63.9481
0.0372048 0.289244 -70.4271
0.190868 -0.00267903 -90.9948
0.0130899 0.00965727 8.51375
-0.0278107 0.0457791 25.1701
-0.0444358 0.245348 -10.0303
-0.0208197 0.29285 -36.0438
0.012505 0.276552 -54.1033
0.0382673 0.0850552 -27.756
0.00957019 0.0598944 -1.83002
-0.0373943 0.171004 7.91382
0.0153809 0.232294 -45.5561
0.0379617 0.245895 -66.3823
0.0525461 0.16337 -59.3011
0.0302629 0.166408 -41.5414
0.0609564 0.0747925 -46.221
0.0573283 0.0606988 -39.534
0.0760284 0.0543715 -54.6197
0.105719 0.0794438 -49.6736
0.110268 0.104067 -59.5144
0.347018 0.107328 -284.774
0.28355 0.119613 -226.435
0.163621 0.148489 -113.535
0.0785047 0.08691 -13.4192
-0.011037 0.113213 73.3867
-0.0465556 0.101404 113.106
-0.10347 -0.390597 281.856
0.0145352 0.0448113 48.8182
0.043441 0.0063961 25.0988
0.435019 -0.0163817 -416.484
0.0545084 0.0085505 21.1453
0.0609913 0.0222739 9.8816
0.057579 0.0356665 11.3449
0.0396388 0.0583304 27.8896
0.00476727 0.0691629 7.13074
0.00412666 0.0598605 9.38618
-0.0137011 0.0406697 14.9065
-0.0192057 0.0966832 0.630424
-0.0445123 0.087534 5.42167
-0.0262781 0.0811832 5.01824
0.0182585 0.151402 -17.7013
0.0813095 0.0394547 2.13136
0 0 -1
-0.0101444 0.0230276 21.4438
-0.0353498 0.0459329 21.9232
-0.113029 0.068142 34.795
-0.0434685 0.247611 -27.7563
-0.0193716 0.286632 -44.122
0.0107665 0.288036 -53.356
-0.0126907 0.251331 -36.4969
-0.0299259 0.246291 -29.3943
-0.0247377 0.289032 -42.354
0.00352718 0.291416 -54.5472
0.0155202 0.322928 -67.0272
0.0204776 0.331953 -71.3092
0.0201171 0.333844 -71.8347
0.0211848 0.350231 -76.1518
0.0221765 0.347705 -76.0401
0.0311956 0.337923 -78.0033
0.015075 0.32989 -67.4151
0.0111471 0.324378 -63.8964
0.00552214 0.339722 -64.4234
-0.000280129 0.330249 -58.4078
0.00869862 0.323682 -62.4873
0.00673573 0.317967 -59.8646
-0.00751497 0.3357 -54.6859
0.00199888 0.342252 -62.8969
0.0145711 0.311587 -63.9319
-0.000524274 0.293377 -48.6997
0.0285477 0.275751 -66.1663
0.0315064 0.268486 -66.4108
0.0317511 0.25796 -64.2359
0.0140054 0.231034 -42.871
-0.0138773 0.193 -10.0357
0.0461171 0.0789004 -33.9465
0.218647 -0.00911938 -131.158
-0.209218 0.0446031 243.149
0.160782 0.0928878 -112.047
0.115345 -0.173595 7.95125
0.39422 0.0746839 -324.194
0.0682609 0.0807265 -2.08043
0.0840866 0.0690674 -14.9828
0.0617519 0.0720865 7.43599
-0.104734 0.138826 166.148
-0.0941419 0.119405 159.72
-0.0659214 0.0949113 134.687
0.0245574 0.022455 51.285
0.0500529 0.0118873 25.1093
0.0785038 0.0760375 -23.8456
0.0465218 0.0577565 18.4518
0.0939421 0.026957 -30.7772
0.070903 0.0437733 -6.83802
0.00249958 0.15149 -14.3215
-0.001769 0.152705 -14.7606
0.0114469 0.232936 -36.678
-0.0137535 0.22849 -33.7439
-0.0159787 0.205404 -27.6122
0.0296722 0.272667 -50.934
0.0408458 0.238151 -43.0284
0.0310477 0.231617 -40.1908
0.0140509 0.0842388 2.0047
0.0125641 0.234715 -37.8692
0.00704837 0.248453 -40.7538
-0.00152115 0.263471 -42.9707
-0.00654569 0.278922 -45.6844
-0.0119071 0.272622 -42.4496
-0.0150929 0.25929 -38.0329
-0.0118364 0.264722 -40.6647
-0.00226768 0.296061 -52.4436
0.000555835 0.309332 -56.9845
0.00356806 0.334538 -65.1769
0.0196581 0.338732 -72.6439
0.0267321 0.358909 -81.0583
0.0291582 0.365931 -83.8691
0.019143 0.359742 -77.3394
0.0246 0.356444 -79.0257
0.0211078 0.344026 -74.0761
0.00787854 0.334414 -64.4495
0.014992 0.331274 -67.6276
0.00716896 0.339087 -65.2659
-0.00211675 0.335282 -58.649
0.00127085 0.335528 -60.7998
0.00260547 0.335316 -61.4299
-0.00421187 0.336849 -57.196
0.00314317 0.338581 -62.6887
-0.00617517 0.331425 -54.1027
-0.0036891 0.334182 -56.9077
0.0150514 0.312595 -65.2767
0.0322554 0.278983 -69.7862
0.0294134 0.285285 -68.9416
0.014617 0.288593 -58.0644
0.218227 -0.0187913 -128.793
0.214081 -0.0395812 -118.805
0.216726 -0.0124454 -128.645
0.245431 -0.0113367 -154.718
0.172378 0.108029 -126.886
-0.429204 0.142561 435.22
0.0718565 0.0284311 -16.0327
0.133144 0.015477 -50.9254
0.109161 0.041548 -33.6408
0.0622302 0.0547916 11.5385
-0.0333367 0.121755 94.5987
-0.0914556 0.151474 148.178
0.00800182 0.0214734 79.2678
-0.00197515 0.0202428 81.9228
0.0718283 0.348411 -86.4775
0.0313471 0.202041 0.186548
-0.0106566 0.112534 73.2126
0.05573 -0.0219828 29.1682
0.0248402 -0.0276202 68.2463
0.0518589 0.247884 -41.9382
0.0296124 0.256516 -44.1104
0.0248724 0.302654 -57.0728
0.0106313 0.330507 -64.3914
0.00494045 0.337735 -66.0886
0.0109207 0.345644 -68.7974
0.00797192 0.329452 -63.767
0.00758771 0.305909 -56.5457
0.00768781 0.325924 -62.3654
-0.00305357 0.277337 -46.0524
-0.00452628 0.262994 -41.8212
-0.00610643 0.265482 -42.1514
-0.00511116 0.286523 -48.8248
-0.000511304 0.288074 -50.6015
-0.00334912 0.28814 -49.7161
0.00683855 0.311096 -59.698
0.00331583 0.316697 -60.1148
0.0207114 0.340259 -73.4395
0.0313841 0.363397 -84.285
0.0339531 0.37225 -87.9254
0.0306667 0.360364 -82.9277
0.0158559 0.358234 -75.3772
0.0154034 0.352325 -73.499
0.0143507 0.342233 -69.9082
0.00789808 0.33119 -63.4833
0.0102092 0.325696 -63.2495
0.0134463 0.327969 -65.713
0.00209371 0.3331 -60.5452
2.25723e-05 0.332192 -59.0036
-0.00386191 0.329945 -55.9634
0.00684204 0.320432 -59.9747
-0.000799741 0.333688 -58.7943
-0.000879466 0.334218 -58.749
0.00080281 0.333727 -59.7485
-0.0106457 0.341589 -53.694
-0.00188955 0.348136 -62.2834
0.0024779 0.32842 -59.7911
0.0161615 0.315296 -67.0009
0.023504 0.30691 -70.5484
0.242978 -0.00498223 -153.581
0.214371 -0.0189959 -124.269
0.183534 -0.00861108 -100.838
0.25038 -0.00510915 -161.465
0.24144 -0.0100815 -151.101
0.243301 -0.0282245 -147.709
0.195496 -0.0366431 -97.7303
0.147074 -0.00322435 -59.763
0.130208 0.0260347 -51.7612
0.099336 0.0182734 -16.9752
0.0320133 0.0612208 41.3968
0.0288535 0.0813882 38.2288
0.0127162 -0.0187707 79.9577
0.0685018 -0.352301 115.654
0.00880652 0.0162943 80.7734
-0.0323129 0.102934 104.221
-0.125463 0.0914207 216.896
-0.0440004 -0.0445939 156.715
-0.00961649 -0.0709069 123.053
0.0551839 0.295912 -56.1643
0.050448 0.309214 -60.1336
0.0403194 0.327558 -64.5875
0.00796302 0.319674 -60.009
0.00794041 0.319254 -59.9671
0.00777688 0.300743 -54.2105
-0.000187593 0.274346 -45.1631
-0.00637255 0.25797 -39.4151
-0.000746368 0.266042 -42.9289
-0.00178239 0.290489 -50.8339
0.00786034 0.295171 -54.6908
-4.6143e-05 0.300275 -54.1601
0.000561188 0.316288 -59.3279
0.00475356 0.308595 -58.1108
0.00543415 0.309696 -58.7687
0.0208975 0.338475 -72.7429
0.0256585 0.354022 -79.2934
0.0293138 0.361112 -82.7275
0.0308179 0.360865 -83.0309
0.0340651 0.353404 -82.0679
0.0205032 0.343667 -73.0029
0.0223842 0.349606 -75.8632
0.0052596 0.338733 -64.3674
0.00139374 0.326525 -58.6479
0.00347821 0.326207 -59.6459
0.0128673 0.326993 -65.2088
0.0128149 0.330839 -66.2753
0.012016 0.328977 -65.2051
0.00521676 0.328929 -61.0951
-0.00428155 0.327308 -54.6203
-0.00422797 0.325628 -54.2876
0.0123416 0.317902 -62.9339
0.00347901 0.326939 -59.5988
0.00761267 0.31743 -59.6513
0.00276081 0.338518 -62.6839
-0.00380929 0.34368 -59.3572
-0.000118745 0.335483 -59.6338
0.0131977 0.328556 -68.1505
0.0923824 0.311148 -128.262
0.254064 0.0133124 -168.874
0.205664 0.00456103 -123.674
0.217502 0.00640895 -135.108
0.244732 -0.00641287 -155.584
0.236474 -0.0231045 -142.309
0.242124 -0.0320634 -145.301
0.205481 -0.0455985 -104.863
0.158655 -0.00992275 -69.2178
0.140504 0.0294604 -62.9817
0.106162 0.0330861 -28.4666
0.0445016 0.0342987 36.1982
0.0364872 0.0324815 45.4762
0.196255 -0.173761 -72.2589
-0.0598814 -0.0199338 160.943
-0.166767 -0.0996738 290.191
-0.416922 0.38646 466.012
-0.0471821 0.556768 -26.8284
0.0674534 0.0212865 0.235318
0.0678535 0.103917 -26.2383
0.0583482 0.300344 -57.3904
0.0479525 0.283356 -51.2403
0.0385213 0.287337 -51.6247
0.00823999 0.262883 -41.7431
-0.0104866 0.26092 -39.5742
-0.00648438 0.260068 -40.1601
0.00111063 0.276683 -46.7743
-0.00383067 0.281209 -47.3583
-0.00175509 0.298616 -53.2135
0.000642539 0.306323 -56.3358
0.00166395 0.302028 -55.0561
0.00630397 0.311638 -59.2207
-0.00440435 0.314926 -57.3646
0.00648666 0.331113 -65.9565
0.0238211 0.35149 -77.9974
0.0315616 0.347736 -79.146
0.0272416 0.350458 -78.5188
0.0274279 0.349226 -78.2089
0.0300151 0.348144 -78.7061
0.0239678 0.334969 -71.7415
0.0103005 0.327394 -63.4515
0.0186895 0.3234 -65.9681
0.00585339 0.32704 -61.0177
0.00195731 0.327256 -59.1625
0.0043804 0.330471 -61.6546
0.010432 0.331517 -65.1501
0.010845 0.33144 -65.275
0.00714885 0.338502 -65.4434
-0.00534247 0.326633 -53.8908
-7.67353e-05 0.327784 -57.5647
0.00200097 0.324696 -57.7939
-0.000745012 0.326517 -56.6399
0.0107198 0.322266 -63.1872
0.00988003 0.329368 -64.9007
0.00603991 0.330469 -62.5937
0.00229443 0.335319 -61.3858
0.00199016 0.329661 -59.4078
0.00317863 0.32884 -60.1063
0.014155 0.32008 -66.1792
0.0765637 0.255673 -96.9276
0.185162 0.0327972 -115.225
0.206771 -0.0165242 -118.156
0.236863 -0.0254323 -142.227
0.23727 -0.0514057 -133.933
0.234504 -0.0337931 -137.153
0.221431 -0.0417736 -121.904
0.20169 -0.0252134 -108.04
0.174775 0.0130348 -92.8531
0.094555 0.0280575 -14.6129
0.0466505 0.0303086 35.0908
0.0276027 0.0217291 58.1414
-0.0219589 0.019359 114.36
-0.014359 -0.0603059 131.685
-0.00256088 -0.0653658 120.014
0.0505623 -0.0453111 51.3672
0.00576847 -0.0631115 110.851
0.0507387 0.113112 -8.0382
0.010539 0.123386 38.0519
0.037401 0.292127 -54.3247
0.0323129 0.269989 -46.286
0.0269642 0.256732 -41.4155
0.0186391 0.262247 -42.9856
0.00408339 0.283911 -49.1464
0.00540993 0.272887 -45.454
0.000313227 0.284336 -48.9105
0.00767213 0.299917 -55.3699
0.0102196 0.296144 -54.5428
0.003432 0.301295 -55.149
0.00688041 0.310408 -59.1539
0.0136066 0.313471 -61.7036
0.0148937 0.32248 -65.3128
0.0215913 0.349847 -76.7107
0.0267138 0.350061 -78.2669
0.0304143 0.342763 -76.9359
0.0279051 0.349989 -78.5584
0.0221821 0.345471 -74.8196
0.0175818 0.341019 -71.3725
0.0225574 0.321502 -66.5603
0.0181122 0.332844 -68.6224
0.00761901 0.320177 -59.3986
0.00497181 0.326498 -60.2898
-0.00110151 0.324336 -56.6085
0.0151324 0.328282 -66.6395
0.0161106 0.330117 -67.6269
0.0122563 0.332028 -66.0983
0.00557748 0.327731 -60.6678
-0.00159806 0.326544 -55.9617
-0.00362321 0.323767 -53.7006
-0.00391614 0.3075 -47.6374
0.00271451 0.325462 -58.4669
-0.000679484 0.317027 -53.239
0.00415305 0.319093 -57.3372
0.00972844 0.332635 -66.098
0.00875219 0.324934 -62.5377
-0.00377093 0.336131 -56.8857
0.0026618 0.336504 -62.3491
0.00179988 0.33457 -61.059
-0.000473328 0.319936 -53.9496
0.0452165 0.220042 -57.4379
0.154108 0.0399494 -90.0062
0.208636 -0.0272732 -115.929
0.21365 -0.0345264 -117.81
0.233758 -0.0618937 -126.953
0.246008 -0.0578713 -140.69
0.234194 -0.0467895 -133.074
0.205087 -0.00932435 -116.279
0.100755 0.00633062 -13.874
0.0699553 0.0156459 15.3387
0.021281 -0.0253104 81.5052
-0.0161587 -0.0259189 122.637
-0.0575114 -0.135791 207.894
0.0303209 -0.0994647 93.5715
0.0534831 -0.0769867 58.9055
0.0303467 -0.0767429 86.3241
0.00454813 0.0775604 62.0075
-0.0109098 0.123553 64.6224
0.0246343 0.285814 -51.9498
0.0235698 0.264944 -44.2249
0.0273135 0.25168 -39.542
0.0258274 0.284796 -51.2655
0.0103855 0.2694 -44.5539
-0.0026491 0.277679 -46.1834
0.00554008 0.25563 -39.4064
0.00814232 0.263721 -42.6323
0.0141385 0.258876 -41.9391
0.0167988 0.292103 -54.3615
0.0130819 0.311922 -60.9354
0.022553 0.315586 -64.575
0.0215409 0.332406 -70.46
0.0235422 0.335573 -72.1557
0.0279349 0.33087 -71.8465
0.0240067 0.343105 -74.7708
0.021674 0.330162 -69.3964
0.0274294 0.318771 -67.264
0.0205436 0.325645 -67.0871
0.0201841 0.321597 -65.583
0.0137595 0.313798 -59.9348
0.0102488 0.30955 -56.7323
0.00643802 0.30659 -53.8825
0.00697144 0.31031 -55.6093
0.00704495 0.327146 -61.8989
0.0153115 0.302137 -57.3047
0.0134444 0.310701 -59.2115
0.000762026 0.298972 -47.5067
-0.00353189 0.300551 -45.4653
-0.00548022 0.287073 -39.4031
0.000675646 0.279965 -40.8561
0.00719891 0.28809 -48.2313
0.00144217 0.298285 -47.9804
0.00610007 0.285498 -46.8449
0.0115745 0.301273 -56.3178
0.00759121 0.285625 -47.6096
0.0059845 0.286502 -46.8275
0.00454986 0.32273 -59.0326
-0.00254382 0.325588 -54.1934
-0.00984109 0.310399 -42.6243
0.00624826 0.271794 -42.2228
0.0556093 0.163249 -46.2611
0.150725 -0.0402509 -58.1809
0.211702 -0.0486663 -111.021
0.227594 -0.0616954 -121.216
0.231969 -0.0631526 -124.903
0.238882 -0.0464037 -137.857
0.256395 -0.035142 -159.745
0.0833548 0.00613222 4.31091
0.07965 0.00780699 7.41838
0.324734 0.068107 -286.826
0.264788 0.166124 -257.21
0.122083 0.0284646 -58.7861
0.0900341 -0.0229665 -3.00274
0.0635062 -0.0317032 31.0975
0.0295395 0.0033356 58.4409
0.0434717 0.0669939 18.3827
0.024068 0.0931381 32.6346
