-0.0244644 0.0342894 14.5351
-0.0151305 -0.00125669 14.2086
0.0150432 -0.00265732 12.565
-0.0180297 -0.00794754 15.2566
-0.0165025 -0.0176213 15.8263
-0.0144053 -0.0389607 16.1808
-0.0455386 -0.0398391 19.3979
-0.00894287 0.0146608 12.2392
0.0289797 -0.0276072 6.38151
0.00961081 -0.0158348 9.74111
0.0279383 0.00819868 5.29294
0.0325867 0.00582875 4.03435
0.00178686 -0.0303244 11.9853
-0.00462064 -0.000241295 12.7844
-0.0175921 -0.0136207 17.0878
0.00429704 0.0234845 9.44206
-0.00448314 0.0105386 12.5727
-0.0110582 -0.0052383 15.3297
-0.0164167 -0.0254478 17.8077
-0.0061092 -0.0672258 14.1016
-0.0137551 -0.0643208 17.3591
-0.0411051 -0.0737354 30.7994
-0.0856576 -0.0753902 51.81
-0.0523715 -0.037041 34.5972
-0.00562614 -0.00913387 10.342
0.0164991 -0.00183459 -1.33673
-0.013528 -0.135006 28.9412
-0.0226923 -0.0947609 33.7882
-0.0359031 -0.0719963 41.1183
-0.0574321 -0.0210714 53.486
-0.0485058 -0.0162899 47.7497
-0.0270593 0.0144035 33.0484
-0.0177303 -0.0121485 26.9829
0.00370473 0.0011164 11.8007
0.00180003 -0.0344559 13.3549
-0.0111549 -0.0328697 23.2388
0.0182695 -0.0656714 1.11303
0.0196586 -0.110514 0.904549
0.0135416 -0.114661 5.66047
0.00572287 -0.134075 11.9731
-0.00545011 -0.132515 21.6787
-0.0159233 -0.0906475 30.0625
-0.00964507 -0.0989884 24.3804
0.00758036 0.0193322 6.08325
0.0541915 -0.00748929 -37.0857
0.0958568 0.00542493 -69.2621
0.0649983 -0.00126708 -38.4078
0.0357132 -0.00110161 -8.90178
0.045844 0.0278892 -20.0864
0.0350204 0.00710663 -8.65256
0.00165333 0.00585591 27.4115
0.0276406 0.173986 -3.64808
0.0380056 -0.00305967 -12.8329
-0.00267365 -0.0367238 33.8905
-0.0621368 -0.0430547 103.3
-0.068648 0.0145202 108.897
-0.00933575 0.0644648 35.9505
0.026386 0.0261579 -6.89105
-0.00170969 0.00391882 15.0874
-0.0101106 0.0101796 14.9993
-0.0200198 -0.00824887 15.3316
-0.0160266 -0.045625 15.6561
-0.00312703 -0.0165251 13.4963
0.00322161 -0.0235414 13.7917
-0.0520229 0.00198885 20.1492
-0.0430383 0.0193359 17.6041
0.0123715 0.0135878 8.15307
0.0281177 0.022002 4.93578
0.0175502 -0.00556169 7.96498
0.00122709 -0.00602741 11.9321
0.00788688 0.00589171 9.03167
5.76789e-05 0.0166699 10.8671
0.00657276 0.010312 9.01113
-0.000943911 0.0251131 11.3047
-0.0208612 -0.000892594 18.8138
-0.0117371 -0.00463281 15.5635
-0.0271605 -0.0163717 21.8236
-0.0333551 -0.0315741 24.4464
-0.0139584 -0.0148069 15.6188
-0.0275054 -0.0559114 23.2048
-0.0522735 -0.0322644 34.2292
-0.025746 -0.00477232 20.2527
-0.00265759 -0.00422787 8.35504
0.0208241 -0.0123899 -3.80005
0.0331957 -0.145799 2.35265
-0.00693274 -0.0980904 23.9208
-0.0296086 -0.0706245 37.3338
-0.0414136 -0.0270063 43.4879
-0.0453942 -0.0268908 45.9424
-0.0331841 -0.0500792 38.4464
-0.0130571 -0.0560316 24.2124
-0.00923402 -0.0924292 22.7519
-0.00281677 -0.0847408 18.3626
-0.00211993 -0.0770557 17.5091
0.0281643 -0.111126 -5.30268
0.0928306 -0.112471 -56.8105
0.0006558 -0.121753 16.9733
-0.00752175 -0.106468 23.0201
-0.0283185 -0.119748 41.4113
-0.00957582 -0.111405 23.7159
0.0262486 -0.0489033 -10.143
0.0896889 -0.00466379 -70.7903
0.0327034 -0.00202585 -16.7892
0.0732876 -0.0241343 -46.2819
0.0739924 -0.0287247 -46.7666
0.0387482 -0.0154281 -11.448
0.0196585 -0.0119822 8.33087
0.0256023 -0.0265829 2.23807
0.0138689 -0.0225744 14.8821
0.0161257 -0.0543503 13.1876
0.0100634 -0.0246026 19.4828
-0.0187882 -0.0534925 53.7
-0.0804409 -0.0186797 124.85
-0.0314939 0.0438496 63.3282
-0.0150253 0.038543 43.587
0.0236076 0.0307285 -3.16262
-0.00699385 -0.0307608 16.393
-0.0209034 -0.0185011 16.2084
-0.0154371 0.0175503 13.7601
-0.00374135 0.0127595 12.0155
0.0160162 0.00646779 10.5437
-0.00791274 -0.0145061 14.4173
-0.013144 -0.000357194 14.8503
-0.00982868 0.0142581 12.5409
0.00824818 0.0400055 8.28564
0.00709216 0.0338099 8.58319
0.00795088 0.00083047 10.126
0.0116385 -0.00927893 9.48431
0.00806696 -0.0101778 10.1748
-0.00120203 -0.00669818 12.8359
0.0157752 0.0236589 5.9971
-0.00960596 -0.0137049 16.2465
-0.0333412 -0.00355682 23.6795
-0.0349837 -0.0030917 24.0299
-0.0216128 -0.00139779 18.5919
-0.0197639 0.000445282 17.7827
-0.0155018 0.0163524 14.9423
-0.0228503 0.0077588 18.9586
-0.0265169 0.0356226 19.1904
-0.0344234 0.037658 22.907
-0.0176842 0.0109416 15.5668
0.00342018 -0.00193157 5.07629
-0.00962136 -0.111496 26.068
-0.00847671 -0.117404 25.6971
-0.022353 -0.135935 34.9225
-0.0302936 -0.0806701 38.3967
-0.0715449 -0.357636 77.9028
-0.0296496 -0.0624885 36.3181
-0.0294589 -0.133784 39.6534
-0.00859427 -0.144796 24.2142
0.0141921 -0.153176 8.03636
-0.00587704 -0.132085 22.2316
-0.0100813 -0.132961 24.9494
-0.0159381 -0.135828 29.9577
-0.00496445 -0.11748 20.1027
0.0169962 -0.0860341 0.700315
-0.0181506 -0.064779 29.8768
-0.0318001 -0.0674613 41.5144
0.0702041 -0.0147525 -53.1365
0.0500254 0.0083762 -33.5476
0.0496584 0.00473786 -33.1795
0.0615667 -0.0213828 -34.8106
0.0649471 -0.0488677 -36.8723
0.0474914 -0.0520102 -18.865
0.0279601 -0.0643589 2.22257
0.0080811 -0.0436416 22.0797
-0.000517472 -0.0566344 32.1537
0.00720201 -0.0847837 24.6434
0.030442 -0.0769289 -1.57739
-0.0184321 -0.0669382 54.0107
-0.056005 -0.0586675 97.5543
-0.00685126 -0.116718 41.3994
0.0137329 -0.0532907 13.2524
0.0201808 -0.00812067 2.40692
-0.00123033 -0.00696379 14.2124
0.0113047 -0.00453179 13.75
-0.0126128 0.0134585 13.7465
-0.014938 0.0241553 12.9051
-0.0135781 0.0152264 13.4611
0.00193217 0.0193019 11.3141
-0.00787415 0.0108233 11.652
0.00312556 -0.00227804 10.7961
0.0238369 0.0154701 7.08049
0.0184353 -0.00306542 9.03459
-0.00999472 -0.0123336 14.5575
-0.00216128 -0.00491642 12.5807
-0.00198859 -0.0262022 13.6428
0.000778212 -0.0393505 14.0363
0.00633026 -0.0457056 12.8493
0.0176428 -0.0370532 8.32937
0.00142917 -0.00304934 11.0501
-0.0193373 -0.000639175 18.3041
-0.0284099 -0.00820938 21.9595
-0.00945815 0.000127493 13.5988
-0.0153511 0.0112687 15.3554
-0.0145131 0.00678745 15.3965
-0.0159144 0.0116158 15.9041
-0.0423857 0.0210532 28.2024
-0.0331455 0.00895991 24.0747
-0.00478616 0.00426082 9.21349
-0.0189906 0.0156499 16.4777
-0.0157975 0.0217202 13.514
-0.00749105 -0.0135729 11.1205
0.00482742 -0.0371309 4.97518
-0.0157678 -0.0516761 19.2843
-0.000195904 -0.0113786 5.8967
0.0413316 -0.094262 -16.0005
-0.0226196 -0.137927 33.593
0.00294861 -0.128029 14.5392
0.000275417 -0.113877 15.8098
0.00384388 -0.096679 11.5714
0.00686087 -0.0931455 9.09389
0.0458794 -0.0637381 -25.4676
0.0261904 -0.0467071 -9.67641
0.00151878 -0.0408552 11.1393
-0.0095557 -0.039305 20.3718
0.302783 -0.019843 -265.376
0.0263952 -0.0173125 -9.44623
0.0284882 -0.024194 -10.9193
0.0112998 -0.0514383 7.57206
0.0574966 -0.0557245 -29.1538
0.0389067 -0.0685742 -9.12521
0.0166914 -0.111551 16.7162
0.0108504 -0.11822 23.1609
0.00012844 -0.0664833 31.3212
0.0122114 -0.0615202 16.6357
0.0255923 -0.0682566 2.35174
-0.0148679 -0.0748629 49.269
0.00798283 0.0298513 -2.66742
0.00273378 -0.131261 30.575
0.0273778 -0.0854151 -2.75179
0.00137528 -0.0726694 28.5407
0.00926223 -0.0107747 14.6032
-0.00271938 -0.0285372 16.9008
-0.00662588 -0.0779192 21.6043
0.0120313 -0.0121523 14.0326
-0.0127923 0.0139667 13.2953
-0.0213945 0.0172886 14.0823
-0.0206699 0.0364962 11.5677
-0.0149359 0.035096 10.7125
-0.00502626 -0.00126818 12.4477
0.0128816 -0.0225077 10.7276
0.0086757 -0.00493145 10.1444
0.00425292 -0.00827727 11.3727
-0.00261747 0.00387294 11.8586
-0.040289 -0.00871004 23.3356
-0.00367492 -0.059486 17
0.00668163 -0.0273282 10.504
0.000260608 -0.0168252 12.5416
-0.0285099 -0.0126486 22.4032
-0.0161825 -0.00407675 16.5175
0.00559852 0.00400848 6.60254
0.00158926 0.00358899 8.52898
-0.0154635 -0.0135955 17.7395
-0.0265352 -0.014599 23.5043
-0.0480443 -0.00553915 33.1685
-0.0184054 -0.000804084 16.9483
-0.00581743 0.0110711 9.0833
-0.0270601 0.00980192 21.328
-0.026704 -0.00239973 21.9167
-0.0119351 -0.00694475 13.4769
-0.0116922 -0.00109674 12.5032
-0.00195774 -0.00516428 6.45184
0.00258475 0.000470235 3.05615
-0.00971659 -0.0189689 13.5428
-0.0151453 -0.0438741 19.8508
-0.00369678 -0.0660935 13.5196
0.0172921 -0.098298 0.629444
0.0226952 -0.0855811 -4.81067
0.0564548 -0.0807925 -32.5899
0.0464133 -0.0600536 -26.8587
0.0488053 -0.0370404 -29.8669
0.00196327 -0.0223891 8.98276
0.0224389 -0.016993 -10.6606
0.125021 -0.1138 -94.5633
0.0483209 -0.0841664 -24.1664
0.0260268 -0.0737832 -3.94295
0.0320051 -0.0618919 -11.4735
0.0186584 -0.0344543 -1.0963
0.0338051 -0.0299329 -17.0988
-0.0162846 -0.0318544 35.4434
-0.044667 -0.0639589 67.6559
-0.0165326 -0.119805 43.2192
0.00786854 -0.0184836 18.7181
0.0132475 -0.022974 13.0525
-0.01767 -0.00675373 30.7005
-0.0125034 -0.0125132 25.3301
0.0552384 -0.0923658 -36.0822
0.0517288 -0.0728764 -33.6071
0.0310456 -0.0783335 -7.75348
-0.0165346 0.00532293 12.5833
-0.0306363 -0.0364959 17.6855
0.0313305 -0.0127558 11.5126
0.0466544 -0.0128936 10.5771
-0.00641018 -0.00510741 14.7599
-0.018105 -0.00246589 15.7586
-0.00650309 0.0242894 11.2856
-0.0175196 0.0248759 12.7771
-0.0238762 0.0231643 13.8102
0.00375896 0.00890999 9.14895
0.00212852 0.0137773 9.23764
0.00959971 -0.00209021 9.29969
-0.000355024 0.00510811 11.3081
-0.0462096 0.0109177 22.7794
-0.0115846 -0.00170934 13.2894
-0.00599089 -0.00646377 12.318
0.0224179 -0.0300349 5.56472
-0.00303367 -0.0275495 15.0258
-0.0218987 -0.0193773 20.8368
-0.0136466 -0.0305502 18.6135
-0.0146196 -0.0457358 21.1167
-0.00950212 -0.0396563 17.8677
-0.022782 -0.0320072 23.4756
-0.0286107 -0.0220789 25.2259
-0.0264538 -0.00827034 22.2549
-0.00861893 -0.0107476 12.9715
-0.0160551 -0.0178016 18.0643
-0.0409652 -0.0024907 30.6396
-0.013914 -0.00374916 14.3432
-0.0111264 0.00144493 12.0422
-0.00323568 0.00578162 6.43828
-0.000790709 0.00409171 5.14007
-0.0136352 -0.00644835 15.2549
-0.0250666 -0.0155271 24.4128
-0.033579 -0.0143773 30.1561
-0.00267782 -0.0217552 7.34445
0 0 -1
0.0222158 -0.0366644 -10.6414
0.102777 -0.00313714 -79.5151
0.0302635 0.038737 -22.5429
-0.0157019 0.0286534 18.3506
-0.0182617 -0.0074838 24.0832
0 0 -1
0.0709198 -0.119849 -43.4123
0.0517759 -0.123881 -24.0719
0.0396589 -0.108688 -13.6749
0.0710711 -0.0714356 -49.5713
0.0371479 -0.0186962 -21.6411
0.00803723 -0.00957935 7.90908
0.006814 -0.107335 15.9856
-0.0249141 -0.0967328 49.1445
0.0184179 -0.010965 6.53673
0.030387 -0.0119272 -6.84288
0.00320621 -0.0081963 6.00009
-0.00430116 -0.011704 15.5748
0.0466574 -0.0355739 -31.5225
0.0474074 -0.0339996 -32.8021
0.011874 -0.0819443 15.9007
-0.0173139 0.0283 9.85813
-0.0235664 0.0026476 13.4842
0.015031 0.0312466 7.95101
0.015604 0.0192247 9.86546
0.00367888 0.000942371 13.0841
-0.000992095 -0.0107183 14.9384
-0.011615 -0.0112539 16.5614
-0.0120729 -0.00303836 15.453
-0.0121062 -0.00780723 16.0211
-0.0141587 0.0148638 13.04
-0.00985081 0.0308527 9.80071
-0.0145301 0.0211489 12.1678
0.0209565 0.0319963 1.50511
-0.0421401 0.0198852 20.2974
-0.030335 0.0208721 16.1462
-0.0189833 0.0127466 14.0605
0.00213426 -0.0136416 10.5952
-0.00992261 -0.0249778 16.5448
-0.0228081 -0.0343196 23.1654
-0.0272837 -0.0399937 25.6896
-0.0182434 -0.042251 21.5478
-0.00621589 -0.0355431 15.5986
-0.00644105 -0.054848 18.51
-0.0228917 -0.0440945 25.0342
-0.0155339 -0.0220634 18.1621
-0.011255 -0.0209718 15.5978
-0.00983533 -0.0269728 15.7182
-0.0180995 -0.0122284 18.2411
-0.0190009 -0.0117994 18.596
-0.00732888 -0.00501807 10.3785
-0.000941686 0.0015066 5.34421
-0.00166902 -0.013704 8.05628
-0.0220971 -0.0159928 22.5013
-0.0314678 -0.0174292 29.2372
-0.0355246 -0.016251 31.8877
-0.00900117 -0.00593763 10.2752
-0.00643085 0.000849412 7.43662
-0.00681899 -0.00810893 9.03175
0.281157 0.170437 -252.457
0.0479462 0.0798127 -41.961
-0.0219196 0.112051 14.4777
-0.00733082 0.0973437 3.79095
0.0513219 -0.0911245 -28.9853
0.0637558 -0.103371 -38.6849
0.0681295 -0.101173 -43.4062
0.0495388 -0.0949627 -25.9471
0.0821669 -0.0735326 -61.7383
0.0854817 -0.024859 -70.2183
0.0451707 0.00331109 -32.0769
0.0118899 -0.0272187 0.0438269
-0.00550628 -0.0451117 21.4478
0.0114305 -0.023464 15.5926
0.00669111 -0.0197955 20.7147
-0.0314536 0.0146629 43.5921
-0.00633437 0.0143257 14.5906
0.0423148 -0.021776 -27.7904
0.0513408 -0.0251253 -38.1829
0.0066223 0.0837315 -10.3293
-0.0204052 0.0159986 12.1789
-0.0212844 0.0102618 12.7424
-0.000679667 -0.00424363 14.146
0.00949515 -0.01138 14.7821
-0.00120682 -0.00514484 14.1178
0.00687695 0.00203709 11.9206
-0.00741846 -0.000368776 14.2984
-0.0102702 -0.0037898 15.2079
-0.0103358 -0.00997484 15.9507
-0.0138525 0.00927459 13.8998
-0.0115711 0.0339497 9.4543
-0.00696372 0.0595 3.78562
-0.0231329 0.0212575 14.7519
-0.0431471 0.0366131 17.7722
-0.0266924 0.0752527 6.21344
-0.0369743 0.0537888 12.9491
-0.0157399 0.0102923 13.2175
-0.0306072 0.00058493 20.4248
-0.0289386 -0.0341073 25.0183
-0.00727313 -0.00381451 11.4023
-0.015513 0.0102118 12.7179
-0.0142706 -0.00131104 13.9501
-0.0239983 -0.0113135 20.4824
-0.0119854 -0.0111924 14.236
-0.00730854 -0.00596905 11.389
-0.0142815 -0.00822828 15.0368
-0.0153008 -0.00390954 15.0427
-0.0150401 0.0083402 12.991
-0.0142311 0.0103404 12.2688
0.00176898 -0.00603378 4.83181
0.00214488 -0.01448 5.48779
-0.00657611 -0.0119296 10.9589
-0.0293991 -0.019068 27.8809
-0.025218 -0.0230743 25.4977
-0.026326 -0.00809978 23.7052
-0.00505901 0.00135918 5.96211
-0.00729701 0.00531392 7.20561
-0.00748642 0.0323335 2.45253
0.130757 0.0510153 -109.158
0.0359324 0.0408039 -25.7673
0.00407286 0.0339217 3.29557
-0.00379581 0.0159854 12.9035
0.0495982 -0.0943354 -27.314
0.094684 -0.0778175 -72.3707
0.104403 -0.0343957 -88.9208
0.0525476 -0.0526395 -35.4161
-0.0739063 -0.164209 107.448
0.142495 -0.00536596 -132.6
0.0589519 0.00546086 -47.0657
-0.0830154 0.0752825 86.6911
-0.0103244 -0.00397066 20.8018
0.0250058 0.0106801 -4.65587
0.0231569 -0.000317731 -0.736293
-0.017589 0.004679 29.2277
-0.00363101 0.0158085 11.0543
0.032677 0.0576522 -38.8329
0.0560252 0.101395 -72.8986
0.0534878 0.0497088 -62.765
-0.0138724 -0.00652729 15.6825
-0.0185727 0.00321233 13.2862
-0.0126122 -0.00498389 14.6831
-0.00819919 0.000885549 13.5691
-0.00364495 -0.00769896 14.8144
-0.0017685 0.00242613 12.7163
-0.00910817 0.00200086 13.8162
-0.00432474 -0.00174976 13.735
-0.000268624 0.0116709 10.1559
0.0247848 0.0319059 2.08212
0.0205368 0.0851384 -6.75388
0.0115882 0.106245 -8.95995
-0.00196954 0.125247 -8.68658
-0.0253379 0.11533 -0.934794
-0.0298067 0.137116 -3.32891
-0.0174067 0.116166 -3.70336
-0.043183 0.0879829 9.49546
-0.0111276 0.0670175 1.12228
-0.0333816 -0.0115898 23.3388
0.0140947 0.0695771 -10.792
-0.00525073 0.0659564 -1.81003
-0.0108894 0.0667277 0.443391
-0.0257286 0.0492179 10.5873
-0.0110552 0.0726405 -1.38998
-0.00934421 0.0435011 3.47506
-0.012517 0.0405029 5.55721
-0.0167552 0.0414584 7.8512
-0.0158644 0.0383072 8.1421
-0.0100543 0.00435941 11.0171
-0.0156334 0.00167915 15.1734
-0.0328096 0.000234788 26.3042
-0.0215822 0.00340043 18.4274
-0.0220893 0.00127188 19.2715
-0.0249888 0.00217902 21.038
-0.0207219 0.0256275 13.5619
-0.0103327 0.0330675 4.48533
-0.0154646 0.0786063 0.455103
-0.0384119 0.19594 -1.82076
0.597341 -0.0743035 -475.94
0.016891 -0.00353547 -1.76407
0.011026 0.0119556 0.503194
0.00512147 0.00773816 6.33051
-0.54705 0.129758 483.644
0.0997232 -0.0372513 -83.7608
0.111341 0.0237539 -105.899
0.0959912 0.00130974 -86.3573
0.0108582 0.123585 -25.2634
0.125639 0.0293083 -120.651
0.0765066 0.0208712 -68.1297
-0.36176 0.0067097 396.734
0.0480687 0.00851324 -45.1063
0.0228226 0.00678552 -1.45878
0.0126664 -0.000641342 11.4034
-0.00286946 0.021736 8.99764
-0.00286709 0.0090049 11.1302
0.0418687 0.00617592 -41.6763
0.0748038 0.0572047 -91.227
0.082126 0.0603227 -100.363
-0.0289539 0.0316658 7.91574
-0.0306735 0.0349139 7.39976
-0.0043363 0.0603649 0.589498
-0.00909327 0.0176121 10.1135
-0.00596044 0.0146267 10.6247
0.00564601 0.0405452 3.8602
-0.00362694 0.0275066 8.04309
-0.00967316 0.0354089 7.30732
0.0111941 0.0309581 4.62305
0.0526039 0.0610005 -9.04259
0.0294699 0.0799162 -7.29279
0.0088881 0.102987 -7.10593
-0.0122368 0.0859984 1.92165
-0.00809563 0.0982827 -2.37493
-0.0179595 0.101584 -0.0715675
-0.0365576 0.0967338 7.16615
-0.0500606 0.120734 6.33628
-0.0490691 0.183238 -8.08882
-0.0122526 0.236969 -33.4287
0.022521 0.137647 -28.3232
-0.010688 0.145119 -15.0396
-0.0151402 0.132331 -11.0996
-0.0211367 0.154199 -12.7465
0.00203375 0.172645 -27.8425
-0.0267155 0.148812 -8.05993
-0.0232121 0.138388 -7.77636
-0.00236215 0.101655 -11.8493
0.0245943 0.124273 -32.2592
0.00350923 0.303558 -56.1506
-0.00506868 0.328704 -56.1176
0.0124851 0.321089 -66.4446
-0.00964363 0.331185 -53.8968
0.00318276 0.373077 -70.9501
0.00200406 0.351504 -65.6908
0.00407561 0.366975 -70.578
0.0258192 0.411039 -95.7859
0.0129764 0.324585 -68.2382
-0.00725502 0.273028 -41.6309
0.0411867 0.2154 -69.2747
0.0645449 -0.0159641 -40.1747
0.00618405 -0.000333335 6.84949
-0.0229537 0.038598 24.8973
-0.14557 0.445874 52.628
-0.000653721 0.354088 -64.255
0.0329882 0.333533 -91.1488
0.0383561 0.244059 -77.265
0.0141132 0.32506 -69.6923
0.0842897 0.100666 -92.8992
-0.00201729 0.0763697 2.26436
-0.00193002 0.250477 -35.2979
0.026244 0.0667517 -31.7046
0.00545038 -0.00108426 19.3715
-0.01902 -0.00865418 48.5534
0.0526162 0.120538 -74.6471
-0.014024 0.0294964 20.4312
0.0671115 0.0381672 -78.6895
0.0390675 0.252261 -87.3904
0.0659274 0.124063 -93.7396
0.00143872 0.0604318 1.34974
-0.0140464 0.0634749 0.932798
-0.0160733 0.0770906 -2.14624
-0.00534825 0.0844163 -4.33973
-0.00460995 0.0935108 -6.38754
0.00561716 0.0976922 -8.55009
0.00134125 0.0682984 -1.58646
0.000251842 0.0778146 -3.32297
0.0419222 0.0631296 -7.91606
0.0505855 0.0516635 -5.86436
0.0180674 0.0572304 -0.0472415
-0.00119312 0.0694215 2.21714
-0.000795499 0.147361 -15.2168
-0.00363522 0.113276 -7.6175
0.00139734 0.16188 -19.4164
-0.00168186 0.166877 -20.8177
-0.00217568 0.225409 -33.883
-0.00637901 0.251604 -38.5137
-0.0129242 0.250579 -35.3337
-0.0139418 0.236287 -31.5469
-0.0229262 0.266526 -34.7081
-0.0141119 0.270772 -39.4512
-0.0080749 0.386579 -69.9411
0.00680118 0.363098 -71.9073
-0.0154277 0.278946 -40.701
-0.00673825 0.303891 -50.8271
0.0157523 0.37968 -80.897
0.022911 0.361878 -81.1832
0.00274054 0.37547 -70.9025
-0.0135574 0.359202 -57.6677
-0.00390122 0.364596 -64.8626
0.0281798 0.376674 -88.5209
-0.0129345 0.316149 -44.9226
-0.0201255 0.330507 -44.5706
-0.00601091 0.320629 -52.4766
-0.00439022 0.306485 -50.8592
0.00171964 0.300166 -54.7048
0.00552255 0.310181 -60.1118
0.0171369 0.275826 -62.4548
-0.014597 0.309654 -43.45
0.00385271 0.317834 -61.039
-0.00077536 0.313832 -56.117
0.00748378 0.327618 -66.9855
0.050712 0.321467 -105.633
0.0347246 0.311614 -88.3201
0.0428662 0.290776 -91.8937
0.0441111 0.26728 -87.8119
0.0519711 0.252549 -92.1773
0.0407576 0.226321 -74.2758
0.0367211 0.305726 -88.3348
0.025426 0.3189 -79.6926
0.0318223 0.0270234 -16.3036
-0.0210362 0.00823203 47.2784
0.0244328 0.212005 -60.3664
0.0348636 0.183845 -65.964
0.0188194 0.239628 -58.9235
0.0184971 0.256721 -63.4091
-0.0217723 0.217001 -5.30198
-0.003285 0.0861629 -4.70569
-0.0147933 0.103739 -8.44865
-0.00724439 0.0824846 -4.16745
-0.0148189 0.117535 -11.2403
-0.0086472 0.113231 -10.6509
0.00480945 0.555959 -118.035
0.0300049 0.109905 -15.348
0.0188336 0.10441 -12.66
0.0255821 0.0746112 -6.7399
-0.0174416 0.215891 -26.1519
-0.0230374 0.229405 -28.575
-0.0224225 0.221857 -26.7167
-0.01568 0.230498 -30.4842
0.00355752 0.22812 -35.3876
-0.0125656 0.213711 -26.8943
-0.00820672 0.233873 -33.5174
0.00256945 0.239516 -38.5572
-0.00709927 0.25427 -38.6122
-0.011192 0.259014 -38.3308
-0.015324 0.250418 -34.606
-0.0141259 0.268673 -39.322
-0.00949461 0.285335 -45.2978
0.000370323 0.293162 -51.748
-0.0107997 0.291203 -45.742
0.000657732 0.300573 -53.8642
0.00837646 0.369975 -74.6264
0.0319437 0.431202 -101.816
0.0173885 0.396697 -84.8714
0.00999834 0.341648 -66.6593
-0.0024695 0.358553 -62.9873
-0.0200562 0.298269 -37.4842
-0.0295759 0.309255 -33.2012
-0.0233164 0.281096 -30.9839
-0.0240167 0.30952 -37.4599
-0.0201703 0.300264 -37.7585
-0.00637824 0.307061 -49.6516
-0.00534219 0.320435 -53.7256
-0.00676425 0.321224 -52.8622
-0.00687618 0.312431 -50.6048
0.000756591 0.330994 -61.7404
-0.00498366 0.324307 -54.877
-0.00885482 0.311301 -48.0303
0.00945851 0.325036 -68.4295
0.0455227 0.311977 -98.6892
0.0368905 0.331176 -94.6517
0.0146925 0.346524 -77.115
0.0307321 0.32486 -88.134
0.0280394 0.324309 -85.157
0.042406 0.275883 -87.6559
0.0368326 0.284747 -83.8786
0.0330684 0.292812 -81.0814
0.0256542 0.213423 -51.5969
0.00418681 0.277377 -45.2479
-0.00406266 0.317959 -47.3375
0.0279799 0.287534 -76.5134
-0.0019534 0.297564 -43.7395
-0.000783374 0.221422 -31.6065
0.00592735 0.219276 -39.6234
0.0177962 0.214431 -28.3692
0.0152281 0.20782 -26.4694
-0.00261432 0.18014 -18.0643
-0.0141583 0.194609 -21.5541
-0.00109694 0.207162 -26.2341
-0.00845501 0.218892 -28.6992
-0.00993717 0.232756 -32.2691
-0.0138405 0.207587 -24.7851
-0.0226097 0.251747 -34.8832
-0.0163506 0.237221 -32.0479
-0.012944 0.232285 -31.5318
-0.0120245 0.249248 -36.2141
-0.00886997 0.270729 -43.215
-0.000979801 0.288655 -50.4001
-0.0113698 0.270517 -42.166
-0.00234419 0.293709 -51.316
-0.0047411 0.260011 -41.1549
0.00577679 0.269018 -47.355
-0.00811763 0.271474 -42.4462
-0.00124524 0.238913 -36.8552
-0.00627544 0.270777 -43.1159
-0.00770123 0.284708 -45.937
-0.00456445 0.285405 -47.5133
-0.0441562 0.140612 21.9431
-0.0575607 0.20957 8.788
-0.0539904 0.278482 -11.9149
-0.0177458 0.308959 -40.6078
-0.0189527 0.274488 -31.31
-0.0280792 0.268419 -24.449
-0.0272935 0.265669 -24.3504
-0.00824396 0.301379 -46.6383
-0.0150415 0.29954 -41.4275
-0.0196469 0.314915 -42.267
-0.00355707 0.322432 -55.5894
-0.0100205 0.318999 -49.7941
0.000785735 0.326005 -59.9355
-0.00736356 0.336937 -56.6687
-0.00361427 0.333098 -58.4234
-8.81168e-05 0.335191 -61.8928
-0.00577992 0.331468 -55.9867
-0.00258134 0.324719 -57.0005
0.00227498 0.318898 -59.8855
-0.00407141 0.330187 -57.274
0.0253849 0.322776 -82.7024
0.0715965 0.309117 -122.416
0.0300403 0.337006 -89.5857
0.0103014 0.343191 -71.8771
0.014958 0.343778 -76.7853
0.0127182 0.337108 -72.6008
0.00828124 0.321371 -63.5585
0.0561692 0.253334 -96.6409
0.0285767 0.263459 -68.8778
0.00653705 0.275422 -46.9915
-0.00875379 0.299819 -36.62
0.0118032 0.316209 -64.7883
0.0135897 0.320041 -67.7307
0.0136948 0.387066 -85.9448
0.0560552 0.308389 -116.44
0.0151388 0.220588 -30.13
0.0138445 0.216634 -29.0384
-0.000683854 0.227441 -31.0919
-0.0088182 0.22784 -30.4832
-0.0165345 0.225903 -30.2395
-0.00319424 0.239975 -34.8965
-0.0186947 0.240411 -33.2807
-0.0256376 0.244023 -32.2756
-0.0200664 0.241105 -32.1357
-0.0173399 0.266642 -40.6842
-0.0029634 0.262823 -42.2849
0.0240528 0.299229 -59.3733
0.0306074 0.35195 -76.8584
0.0054606 0.33025 -63.9767
-0.010693 0.371649 -70.7007
-0.0307471 0.345318 -56.5643
-0.00222334 0.2687 -44.1146
-0.00258254 0.265951 -43.3389
-0.0040813 0.736875 -174.569
-0.0263896 0.262504 -22.2742
-0.000264046 0.388094 -71.7618
-0.00177348 0.362551 -63.7281
-0.0369026 0.184598 5.54799
-0.0482852 0.16555 16.4362
-0.0368743 0.21959 -5.66985
-0.0419643 0.228865 -5.52483
-0.0332766 0.27757 -24.9819
-0.0230488 0.268947 -28.2335
-0.01411 0.29278 -40.4581
-0.0144732 0.296876 -41.3043
-0.00438103 0.312846 -52.2694
-0.00414019 0.315789 -53.3408
-0.00833196 0.320349 -51.8729
0.00389722 0.318447 -59.8808
-0.000343137 0.317674 -56.5651
-0.000604985 0.320268 -57.2897
0.000335505 0.323906 -58.9968
-0.0017721 0.320873 -56.4663
-0.000721575 0.31922 -56.6582
-0.0125523 0.325047 -48.4256
-0.00501458 0.324132 -54.7506
-0.0174456 0.320764 -42.8393
0.00988019 0.32999 -70.1987
0.0368389 0.314701 -91.3385
0.0581682 0.332647 -117.514
0.0609745 0.310495 -112.36
0.0251979 0.3438 -86.7758
0.0124701 0.349025 -75.5295
0.010853 0.340339 -71.1578
0.00565878 0.346199 -67.4276
0.0168505 0.322104 -73.0221
0.0286977 0.292477 -77.5489
0.0309635 0.290232 -79.1152
0.0182457 0.31526 -71.6372
0.024306 0.322799 -81.2162
0.0301594 0.351459 -96.8336
-0.00513981 0.352797 -54.3443
0.0106708 0.33347 -68.2467
0.00889498 0.234907 -34.3293
0.00493474 0.23664 -34.787
0.00749004 0.280306 -48.2815
-0.00199893 0.260344 -41.0671
-0.00743981 0.249527 -37.1455
-0.013723 0.247539 -35.936
-0.0141378 0.248068 -36.0095
0.000409947 0.262474 -42.558
0.0178619 0.276692 -49.9867
-0.0131511 0.276194 -43.8695
0.0150722 0.286309 -53.4845
0.0723292 0.372618 -94.0733
0.0691396 0.53354 -142.402
0.0287732 0.497112 -119.536
0.0523777 0.47862 -119.583
0.125931 0.448891 -132.559
-0.0444281 0.122761 31.127
-0.0616726 0.0985625 44.6527
-0.073586 0.166286 27.2823
-0.0597172 0.201133 10.9029
-0.0427901 0.198112 4.41155
-0.0382051 0.21668 -4.01394
-0.043907 0.21189 0.127817
-0.0325171 0.247003 -16.5069
-0.016246 0.288225 -38.0671
-0.0142283 0.290663 -39.6943
-0.00783646 0.306437 -48.2575
-0.00500724 0.313951 -52.2349
-0.00332699 0.317418 -54.2235
-0.00791601 0.317355 -51.3485
-0.00693146 0.320811 -52.9059
-0.0114655 0.315875 -48.2744
-0.00326106 0.320612 -55.4551
0.00406453 0.315359 -59.082
-0.000135357 0.316699 -56.3256
-0.000302591 0.324057 -58.6885
-0.000716733 0.316866 -56.0621
-0.00508427 0.314762 -51.8787
8.58114e-05 0.316911 -56.7406
-0.000350145 0.320273 -57.5056
-0.00508064 0.32591 -55.2776
-0.00447898 0.32876 -56.5928
-0.00343945 0.323518 -55.8013
0.0101802 0.321281 -67.9015
0.0524046 0.30099 -102.055
0.0853136 0.295545 -131.491
0.055435 0.297289 -102.358
0.0164001 0.351113 -80.0838
0.0101308 0.348388 -72.8907
0.00563956 0.350208 -68.7787
0.00395613 0.349574 -66.8563
0.0261871 0.323648 -83.5883
0.0156287 0.330949 -73.9786
0.0200106 0.318191 -75.048
0.032313 0.311768 -87.5547
0.0290776 0.305416 -81.2474
0.0272685 0.326811 -85.6872
0.0272511 0.353739 -94.2776
0.0229553 0.245339 -37.8134
0.0250135 0.253621 -40.6261
0.0169331 0.257384 -41.3014
0.0315121 0.224915 -30.9703
0.00802161 0.262233 -42.1561
-0.0283055 0.240902 -31.4566
-0.00234419 0.251015 -38.287
0.0170508 0.289392 -53.7849
-0.00953611 0.326025 -60.4967
-0.0542411 0.265152 -15.9699
-0.0544027 0.221472 -1.05002
-0.0449892 0.251755 -13.8417
-0.0956606 0.522837 -92.6724
0.0500855 0.489963 -122.198
0.00317196 0.339799 -57.6966
-0.0150751 0.188623 -1.15813
-0.0442417 0.143556 23.9805
-0.0481293 0.146237 24.2767
-0.0572362 0.168864 20.0104
-0.0472281 0.206222 3.37009
-0.0251632 0.252072 -21.6585
-0.00910736 0.292143 -42.58
-0.0177217 0.288058 -37.1193
-0.0151717 0.282307 -36.4543
-0.00306083 0.319249 -54.9057
-0.00567696 0.31927 -53.4289
-0.00797107 0.314675 -50.5522
-0.00343687 0.318108 -54.2821
-0.00335254 0.31788 -54.279
-0.0050742 0.322863 -54.9319
-0.00062968 0.318817 -56.4362
-0.00447244 0.312297 -51.5791
-0.00866315 0.319889 -51.2301
-0.00363908 0.31205 -52.2973
0.00238594 0.30967 -56.0163
0.00400558 0.312342 -57.9915
-0.000955495 0.32228 -57.6631
-0.00482802 0.324567 -55.278
0.000193657 0.317973 -57.092
-0.0044296 0.317712 -53.2953
-0.000135264 0.316271 -56.4789
-0.00234763 0.309373 -52.04
-0.00905369 0.312534 -47.1197
0.00656228 0.309884 -60.9278
0.0205962 0.308646 -74.1156
0.134117 0.265193 -169.625
0.0509019 0.305719 -99.7592
0.0248953 0.348623 -87.8684
0.0141992 0.346118 -76.0846
0.00903693 0.349464 -71.8944
0.00159879 0.360689 -67.8098
0.00590385 0.357071 -71.3374
0.00784839 0.352675 -72.217
0.0129352 0.350184 -77.2186
0.0198586 0.329212 -78.4555
0.0350969 0.308098 -89.6663
0.0337412 0.300452 -85.3688
0.0467703 0.297066 -99.642
0.028283 0.248889 -39.0586
0.0272002 0.253122 -40.5073
0.0206026 0.25014 -39.109
0.025789 0.244423 -37.6375
0.0300635 0.000484089 69.8098
0.245254 0.399195 -112.245
0.238396 0.179897 -33.1128
0.159614 0.256404 -48.379
-0.0600658 0.246144 -7.32123
-0.0620431 0.251453 -9.8719
-0.0447526 0.257676 -16.0606
-0.0385945 0.240354 -11.3337
-0.0346022 0.272792 -23.487
-0.0704813 0.206184 10.9586
-0.0540015 0.220139 0.838312
-0.0533723 0.150878 24.9067
-0.0477786 0.165655 17.7057
-0.0341904 0.196632 1.58918
-0.0311793 0.21253 -5.07127
-0.0323174 0.249928 -17.7952
-0.0138418 0.282947 -37.165
-0.00582925 0.306808 -49.0601
-0.00346971 0.311018 -51.6234
-0.00635866 0.315302 -51.7712
-0.00457289 0.320427 -54.4434
-0.00553096 0.321868 -54.3201
-0.00418837 0.318717 -53.9634
-0.00575273 0.317397 -52.6134
-0.00293595 0.316579 -53.9654
-0.00488948 0.316004 -52.5552
-0.00678225 0.309536 -49.0762
-0.00294401 0.307204 -50.8426
-0.00649647 0.315662 -51.4169
-0.00245566 0.311147 -52.8216
0.000907786 0.316479 -57.131
0.000925518 0.314769 -56.5644
0.00358836 0.310925 -57.1905
-0.00669057 0.315125 -50.4333
-0.00595494 0.308148 -48.5904
-0.00396724 0.306543 -49.7263
-0.00204765 0.304997 -50.8564
-0.00742376 0.312516 -48.6543
-0.00620381 0.307859 -48.0475
-0.000293179 0.311298 -54.7108
0.0149016 0.296847 -64.2981
0.0877868 0.273879 -127.22
0.114199 0.259736 -147.214
0.0258969 0.337367 -85.0057
0.0126114 0.35248 -76.7348
0.0160313 0.343798 -77.2993
0.00631559 0.354879 -70.8541
0.00612919 0.361062 -72.9353
0.00413876 0.365567 -72.4421
0.00840618 0.359615 -75.1164
-0.000580881 0.352815 -62.2315
-0.000906449 0.339166 -57.1378
0.0279893 0.31874 -84.5802
0.0457268 0.297699 -98.9635
0.063376 -0.0196586 73.6354
0.0634965 -0.019581 73.5975
0.0646322 -0.0194297 73.4824
0.0674376 -0.0180665 72.7801
0.0788638 0.0300038 54.2611
-0.30677 0.0755381 80.9387
0.156789 0.275953 -54.9928
0.0335097 0.259058 -29.0086
-0.0578488 0.239439 -6.04485
-0.0606109 0.244415 -7.62297
-0.0566277 0.258557 -13.5683
-0.039145 0.250335 -14.5579
-0.0476244 0.203409 4.85236
-0.0718659 0.139601 34.9864
-0.0713306 0.149907 31.0912
-0.0463796 0.125466 31.7198
-0.0275625 0.168432 9.72658
-0.0212096 0.198058 -3.5663
-0.0138085 0.266224 -31.0885
-0.00746166 0.285623 -40.6547
-0.00720128 0.299962 -45.9381
-0.000237987 0.300475 -49.3206
0.00291515 0.299404 -50.5305
-0.0018202 0.311839 -52.7469
-0.00500237 0.321644 -54.5408
-0.0129492 0.300657 -42.6314
-0.00605439 0.293546 -43.9192
-0.00551385 0.303703 -47.8489
-0.0104181 0.301989 -44.155
-0.0122394 0.2923 -39.3935
-0.00992887 0.27167 -33.4812
0.00246103 0.288715 -47.9182
0.0020497 0.294337 -49.7069
-0.00520202 0.301094 -46.9989
0.000640754 0.297708 -50.1889
-0.00114484 0.29519 -47.9649
-3.86371e-06 0.294015 -48.3874
0.00236513 0.287059 -47.7342
-0.00326574 0.296629 -46.6051
-0.00455877 0.305809 -48.8887
-0.00730081 0.30038 -44.5211
-0.00447178 0.303455 -48.0357
-0.00597426 0.29472 -43.5743
-0.00455933 0.273154 -37.1346
0.0271615 0.285192 -71.8685
0.0734549 0.217258 -92.5665
0.143953 0.221895 -163.974
0.0945427 0.261817 -128.648
0.0165657 0.329505 -72.3689
0.00454151 0.326703 -58.9141
0.00740847 0.320346 -59.6331
0.00870156 0.328371 -64.0656
0.00762775 0.331599 -64.195
0.00746404 0.33497 -65.1733
-0.00950899 0.330069 -43.5987
0.00514115 0.298937 -49.9859
0.0171238 0.292257 -61.8189
0.00854064 0.272861 -44.5848
