0 1 3
1 2 3
2 3 3
3 4 3
4 5 3
5 6 3
6 7 3
7 8 3
8 9 3
9 10 3
10 11 3
11 12 3
12 13 3
13 14 3
14 15 3
15 16 3
16 17 3
17 18 3
18 19 3
19 20 3
20 21 3
21 22 3
22 23 3
23 25 3
25 27 3
27 28 3
28 29 3
29 31 3
31 32 3
32 33 3
33 34 0
34 35 3
35 36 3
36 37 3
37 38 3
38 39 1
39 40 2
40 41 3
41 42 3
42 43 3
43 44 3
44 45 3
45 47 3
47 48 3
48 49 3
49 50 3
50 51 3
51 52 3
52 53 3
53 54 3
54 55 3
55 56 3
56 57 3
45 104 3
47 104 3
11 69 3
12 69 3
23 82 3
25 82 3
40 97 3
41 99 3
56 114 1
31 90 3
32 90 3
40 99 3
45 103 3
55 114 1
35 94 3
103 104 3
52 110 3
21 79 3
36 94 3
53 110 3
15 73 3
20 79 3
50 109 3
51 109 3
3 62 3
14 73 3
16 74 3
17 74 3
20 78 3
4 62 3
19 78 3
27 143 3
31 88 3
5 62 3
6 64 3
7 64 3
82 83 3
27 85 3
28 85 1
54 112 3
0 58 3
1 58 3
2 60 3
3 61 3
8 67 3
9 67 3
12 70 3
13 70 3
18 77 3
19 77 3
25 83 3
25 143 2
142 143 3
32 91 3
39 97 2
41 100 3
42 100 3
43 100 3
49 108 3
50 108 3
108 109 3
55 112 3
1 60 3
61 62 3
5 63 3
7 65 3
8 66 3
10 68 3
13 71 3
15 74 3
17 75 3
17 76 3
18 76 3
23 81 3
29 87 3
29 88 3
33 91 3
38 96 3
47 105 3
48 106 3
48 107 3
49 107 3
51 110 3
53 111 3
55 113 3
57 114 1
57 115 3
2 61 3
62 63 3
63 64 3
65 66 3
67 68 3
68 69 3
70 71 3
73 74 3
78 79 3
22 81 3
85 143 3
28 87 3
88 90 1
39 96 2
105 106 3
106 107 3
107 108 3
110 111 3
54 111 3
112 113 3
113 114 1
114 115 0
60 61 3
64 65 3
66 67 3
69 70 3
74 75 3
75 76 3
76 77 3
77 78 3
22 138 3
25 142 2
85 87 0
111 112 3
14 72 3
90 91 3
104 105 3
109 110 3
13 72 3
21 138 3
58 60 3
71 72 3
72 73 3
37 94 3
37 96 3
34 91 1
99 100 3
81 138 3
83 142 3
87 88 3
94 153 3
94 96 3
35 151 3
94 151 3
44 103 3
79 138 3
81 82 3
39 154 2
97 154 3
44 160 3
103 160 3
91 150 0
96 153 3
96 154 3
60 117 3
34 150 3
99 157 3
100 157 3
43 159 3
58 117 3
100 159 3
109 168 3
34 151 3
44 159 3
110 168 3
61 119 3
65 123 3
159 160 3
60 119 3
61 120 3
66 123 3
71 129 3
81 139 3
81 140 3
82 140 3
90 148 0
114 172 2
60 118 3
62 120 3
70 129 3
138 139 3
82 141 3
85 145 3
87 145 1
88 145 1
150 151 3
113 172 1
117 118 3
63 121 3
64 121 3
72 129 3
72 130 3
75 134 3
76 134 3
83 141 3
91 148 0
97 155 3
40 155 3
62 121 3
123 124 3
66 124 3
68 126 3
69 126 3
70 128 3
73 130 3
77 135 3
78 136 3
79 136 3
40 156 3
99 156 3
100 216 3
111 169 1
113 171 2
115 172 1
58 116 3
64 122 3
67 125 3
69 128 3
73 131 3
74 132 3
134 135 3
78 135 3
88 146 3
90 146 0
159 216 3
103 161 3
104 162 3
105 163 3
106 164 3
107 165 3
108 165 3
110 169 1
112 170 1
112 171 2
115 173 1
116 117 3
119 120 3
120 121 3
121 122 3
122 123 3
124 125 3
125 126 3
69 127 3
131 132 3
75 132 3
79 137 3
140 141 3
160 161 3
161 162 3
162 163 3
163 164 3
164 165 3
108 167 3
109 167 3
169 170 3
171 172 3
172 173 2
118 119 3
126 127 3
127 128 3
128 129 3
130 131 3
75 133 3
136 137 3
145 146 0
155 156 3
170 171 0
132 133 3
133 134 3
137 138 3
146 148 3
154 155 3
156 157 3
167 168 3
135 136 3
143 145 3
168 169 3
108 224 3
139 140 3
153 154 3
157 216 3
165 224 3
167 224 3
149 150 3
129 130 3
140 198 3
142 200 3
118 176 3
119 176 3
83 200 3
148 150 3
172 230 2
146 267 3
148 267 3
171 230 2
143 200 3
151 153 3
160 218 3
121 180 3
122 180 3
155 214 3
156 214 3
161 218 3
123 180 3
129 187 3
145 203 0
153 212 3
154 212 3
216 217 3
159 217 3
170 229 3
171 229 2
116 174 3
117 174 3
118 175 3
119 177 3
121 179 3
179 180 3
124 182 3
130 187 3
143 202 3
145 202 3
148 149 3
155 212 3
159 218 3
167 225 3
169 227 3
173 230 3
117 175 3
176 177 3
123 181 3
124 181 3
128 186 3
129 186 3
135 194 3
136 194 3
164 223 3
165 223 3
168 227 3
120 178 3
124 183 3
125 183 3
126 184 3
127 185 3
130 188 3
130 189 3
131 189 3
132 190 3
133 191 3
134 192 3
135 193 3
137 195 3
138 196 3
139 197 3
153 211 3
157 215 3
161 219 3
162 219 3
162 220 3
163 220 3
163 222 3
164 222 3
168 225 3
229 230 3
173 231 3
174 175 3
175 176 3
177 178 3
120 179 3
180 181 3
183 184 3
126 185 3
185 186 3
187 188 3
189 190 3
190 191 3
191 192 3
192 193 3
193 194 3
194 195 3
195 196 3
196 197 3
140 197 3
146 203 3
151 211 3
211 212 3
215 216 3
217 218 3
218 219 3
163 221 3
222 223 3
181 182 3
182 183 3
221 222 3
224 225 3
184 185 3
186 187 3
141 200 3
202 203 3
150 210 3
151 210 3
156 215 3
170 227 3
230 231 3
178 179 3
149 210 3
220 221 3
223 224 3
149 267 3
214 215 3
141 198 3
227 229 3
188 189 3
197 198 3
219 220 3
200 202 3
203 267 3
262 267 3
149 266 3
210 211 3
203 262 3
210 266 3
214 272 3
215 272 3
225 227 3
141 257 3
200 258 3
229 285 0
230 289 3
231 289 3
227 285 0
216 274 3
217 274 3
229 287 0
230 288 3
219 278 3
198 257 3
215 274 3
220 278 3
229 286 0
230 287 0
178 236 3
202 261 3
203 261 3
224 282 3
225 284 0
285 286 3
179 236 3
179 237 3
187 245 3
202 260 3
222 280 3
223 282 3
227 284 0
287 288 1
186 245 3
191 250 3
192 250 3
192 251 3
193 251 3
261 262 3
149 265 3
219 277 3
221 280 3
225 283 0
286 287 3
175 234 3
176 234 3
181 240 3
182 240 3
188 246 3
189 246 3
197 255 3
198 255 3
141 258 3
200 260 3
260 261 3
265 267 3
265 266 3
210 268 3
211 268 3
218 277 3
277 278 3
224 283 3
174 232 3
175 233 3
177 236 3
179 238 3
180 238 3
180 239 3
181 239 3
183 241 3
184 242 3
185 243 3
186 243 3
186 244 3
188 245 3
189 247 3
190 247 3
194 252 3
195 253 3
195 254 3
196 254 3
198 256 3
257 258 3
212 270 3
214 271 3
215 273 3
217 275 3
217 276 3
218 276 3
221 278 3
283 284 3
284 285 3
232 233 3
177 235 3
239 240 3
240 241 3
183 242 3
185 242 3
243 244 3
244 245 3
193 252 3
252 253 3
254 255 3
255 256 3
256 257 3
262 263 3
155 270 3
155 271 3
271 272 3
272 273 3
273 274 3
276 277 3
222 281 3
223 281 3
176 235 3
235 236 3
236 237 3
241 242 3
242 243 3
190 248 3
250 251 3
251 252 3
270 271 3
281 282 3
282 283 3
233 234 3
238 239 3
245 246 3
246 247 3
191 248 3
211 270 3
275 276 3
288 289 3
200 317 3
260 317 3
274 275 3
278 280 3
234 235 3
191 249 3
258 317 3
263 267 3
237 238 3
249 250 3
253 254 3
280 281 3
248 249 3
247 248 3
266 268 3
268 270 3
263 265 3
270 328 3
271 328 3
280 337 3
236 295 3
237 295 3
278 337 3
235 293 3
246 304 3
252 310 3
236 293 3
245 304 3
247 305 3
251 310 3
266 270 3
271 329 3
233 291 3
234 291 3
238 295 3
244 302 3
248 306 3
255 313 3
272 329 3
278 336 3
283 341 3
238 296 3
243 301 3
244 301 3
245 302 3
245 303 3
246 305 3
247 306 3
256 313 3
270 327 3
277 336 3
336 337 3
281 340 3
282 340 3
284 341 3
286 344 3
288 347 3
289 347 3
232 290 3
234 292 3
234 293 3
236 294 3
239 296 3
240 298 3
241 298 3
241 299 3
242 300 3
242 301 3
303 304 3
249 307 3
251 309 3
253 311 3
254 312 3
255 312 3
256 314 3
257 315 3
260 376 3
260 319 3
266 327 3
327 328 3
272 330 3
273 331 3
274 332 3
274 333 3
275 333 3
276 334 3
277 335 3
281 397 1
283 340 3
284 342 3
285 343 3
285 344 3
287 344 3
290 291 3
291 292 3
293 294 3
294 295 3
295 296 3
299 300 3
300 301 3
305 306 3
248 307 3
309 310 3
310 311 3
311 312 3
313 314 3
314 315 3
317 376 3
261 319 3
328 329 3
330 331 3
331 332 3
333 334 3
334 335 3
280 338 1
280 397 1
340 341 3
342 343 3
288 346 3
292 293 3
239 297 3
301 302 3
302 303 3
250 307 3
250 308 3
312 313 3
329 330 3
335 336 3
337 338 2
341 342 3
346 347 3
239 298 3
304 305 3
306 307 3
307 308 3
308 309 3
338 397 2
343 344 3
287 403 3
288 403 3
332 333 3
296 297 3
298 299 3
258 315 3
258 316 3
261 378 3
263 380 3
265 380 3
266 384 3
316 317 3
319 376 3
262 378 3
297 298 3
319 378 3
265 323 3
327 384 3
340 397 1
263 379 3
323 380 3
346 403 3
263 378 3
379 380 3
296 354 3
309 367 3
344 403 3
297 354 3
308 367 3
378 379 3
266 323 3
344 402 3
304 362 3
307 366 3
308 366 3
310 367 3
402 403 3
292 350 3
266 382 3
347 405 3
297 355 3
299 357 3
319 377 3
323 382 3
266 383 3
343 402 3
346 405 3
354 355 3
298 357 3
303 362 3
377 378 3
343 401 3
292 351 3
293 351 3
293 352 3
294 352 3
295 353 3
300 358 3
305 363 0
310 368 3
311 368 3
383 384 3
342 400 3
294 353 3
298 356 3
299 358 3
304 363 0
311 370 3
312 370 3
313 371 3
316 375 3
317 375 3
341 399 3
341 400 3
400 401 3
401 402 3
297 356 3
313 370 3
314 371 3
315 316 3
375 376 3
376 377 3
340 399 3
290 348 3
291 349 3
350 351 3
356 357 3
301 359 3
301 360 3
302 360 3
302 361 3
303 361 3
305 364 3
306 364 3
366 367 3
311 369 3
314 372 3
315 373 3
316 373 3
380 381 3
323 381 3
327 385 3
328 386 3
329 387 3
330 388 3
331 389 3
332 390 3
333 391 3
334 392 3
335 393 3
336 394 3
337 395 3
338 396 3
340 398 3
399 400 3
348 349 3
292 349 3
358 359 3
360 361 3
363 364 3
368 369 3
369 370 3
315 372 3
316 374 3
381 382 3
384 385 3
385 386 3
386 387 3
387 388 3
388 389 3
389 390 3
390 391 3
391 392 3
392 393 3
393 394 3
394 395 3
338 395 2
397 398 0
349 350 3
351 352 3
359 360 3
307 364 3
371 372 3
373 374 3
382 383 3
395 396 2
396 397 2
295 354 3
355 356 3
357 358 3
361 362 3
362 363 0
367 368 3
374 375 3
398 399 3
370 371 3
372 373 3
403 404 3
346 404 3
352 353 3
353 354 3
364 366 3
404 405 3
354 412 3
365 366 3
355 413 3
364 365 3
353 411 0
353 412 3
411 412 3
356 413 3
369 427 3
372 489 3
368 427 3
373 489 3
399 457 3
367 426 3
368 426 3
398 457 3
355 412 3
367 425 3
378 436 3
384 443 3
385 443 3
362 420 0
363 480 3
425 426 3
377 436 3
379 436 3
363 420 3
364 480 3
370 427 3
372 430 3
382 440 3
396 454 0
398 456 3
360 418 3
366 482 0
366 425 3
371 430 3
375 434 3
376 434 3
380 438 3
383 440 3
390 448 3
391 448 3
456 457 3
403 462 3
404 462 3
348 407 3
349 407 3
350 409 3
351 409 3
352 409 3
353 410 3
412 413 3
358 417 3
359 417 3
359 418 3
361 418 3
370 428 3
377 435 3
379 438 3
381 439 3
382 439 3
383 441 3
386 444 3
387 444 3
389 447 3
391 450 3
392 450 3
393 450 3
402 460 3
403 460 3
404 463 3
405 463 3
350 408 3
352 410 3
410 411 0
356 414 3
357 415 3
358 416 3
361 419 3
363 421 3
426 427 3
371 428 3
371 429 3
374 432 3
375 433 3
376 435 3
381 438 3
384 441 3
387 445 3
388 446 3
388 447 3
393 451 3
393 452 3
394 452 3
395 452 3
395 453 3
396 453 2
400 458 3
401 459 3
403 461 3
348 406 3
407 408 3
408 409 3
414 415 3
415 416 3
416 417 3
417 418 3
420 421 3
421 480 3
365 480 3
365 482 3
428 429 3
429 430 3
373 432 3
375 432 3
443 444 3
444 445 3
445 446 3
447 448 3
450 451 3
457 458 3
402 459 3
460 461 3
461 462 3
413 414 3
418 419 3
427 428 3
433 434 3
434 435 3
435 436 3
400 459 3
409 410 3
361 420 0
425 482 3
432 433 3
438 439 3
446 447 3
448 450 3
451 452 3
453 454 3
397 454 0
459 460 3
419 420 0
430 489 3
379 437 3
439 440 3
452 453 3
458 459 3
406 407 3
436 437 3
437 438 3
440 441 3
454 455 1
397 455 3
398 455 2
455 456 2
365 481 3
441 443 3
481 482 3
480 481 3
448 449 1
462 463 3
419 478 0
420 478 3
449 450 0
428 430 3
439 497 3
440 497 3
456 514 3
457 514 3
446 503 2
459 517 3
416 474 3
417 474 3
445 503 1
458 517 3
420 479 3
421 479 3
479 480 3
408 466 3
409 466 3
411 469 3
414 472 3
432 491 3
433 491 3
435 492 3
441 499 1
441 500 1
443 500 1
410 469 0
415 474 3
417 476 3
434 492 3
436 494 3
437 494 3
460 518 3
412 470 3
413 470 0
417 475 2
418 476 3
426 485 3
427 485 3
428 485 3
433 492 3
440 499 1
443 501 1
449 507 3
457 515 3
458 515 3
460 517 3
461 519 3
407 465 3
408 465 3
409 467 0
411 470 3
415 473 3
438 497 3
499 500 3
500 501 3
444 501 1
444 502 1
460 519 3
461 520 1
462 520 1
463 520 1
463 521 1
406 465 3
410 467 0
469 470 3
472 473 3
475 476 2
419 476 3
489 547 3
491 492 3
458 516 3
517 518 3
466 467 0
410 468 0
468 469 3
413 472 3
474 475 0
476 478 0
425 483 3
426 484 2
484 485 3
432 489 3
501 502 3
445 502 1
448 505 1
515 516 3
465 466 3
482 483 3
426 483 3
489 490 3
432 490 3
436 493 3
449 505 3
455 514 2
516 517 3
518 519 3
519 520 1
520 521 3
467 468 3
470 472 1
478 479 3
483 484 3
490 547 3
435 493 3
493 494 3
497 498 3
447 503 2
447 505 1
514 515 3
406 464 2
470 529 3
430 488 3
488 489 3
440 498 3
464 465 2
472 529 0
473 474 3
428 488 3
490 491 3
438 554 1
498 499 3
505 507 3
485 486 3
428 486 3
492 493 3
437 495 1
438 555 2
502 503 3
450 507 1
450 509 1
476 534 3
476 477 0
494 495 1
438 495 1
497 555 3
451 509 1
452 509 1
453 509 1
477 534 1
428 546 3
554 555 3
447 562 1
477 478 3
428 545 3
488 546 3
495 554 3
503 562 1
505 562 3
507 509 3
453 511 1
454 511 1
486 545 3
455 511 1
455 513 1
514 572 1
514 573 1
515 573 1
472 531 0
534 535 3
485 543 3
545 546 3
509 511 2
511 513 3
513 514 0
472 530 0
473 531 0
477 535 2
482 539 2
494 553 1
507 564 3
513 572 3
465 523 0
466 525 0
474 531 0
475 532 2
507 566 3
464 523 1
466 523 0
466 524 0
467 525 3
529 530 3
530 531 3
474 532 0
495 553 3
509 566 3
509 567 3
516 573 1
524 525 3
531 532 3
491 549 2
511 568 3
523 524 3
478 536 3
479 536 3
481 539 2
482 541 3
492 549 3
492 551 2
566 567 3
509 568 2
511 570 3
513 570 3
513 571 3
517 575 3
470 528 3
528 529 3
536 537 3
479 537 2
483 541 3
493 551 3
502 560 3
570 571 3
571 572 3
518 575 3
475 533 2
480 539 2
488 547 3
498 555 3
503 560 2
505 564 3
567 568 3
511 569 3
468 526 3
532 533 3
475 534 2
569 570 3
572 573 3
520 579 3
521 579 3
469 527 3
470 527 3
477 536 3
546 547 3
494 610 2
499 557 3
501 559 3
516 575 3
519 577 1
520 578 3
468 525 3
468 527 3
533 534 3
539 541 3
490 549 2
494 551 3
500 559 3
501 560 3
503 561 1
573 574 3
516 574 1
518 577 1
520 577 3
526 527 3
527 528 3
479 539 2
484 541 3
486 543 3
553 554 3
498 556 3
499 556 2
561 562 2
568 569 3
577 578 3
525 526 3
486 544 3
549 551 3
551 610 3
553 610 2
499 558 3
500 558 3
559 560 3
560 561 2
518 576 1
543 544 3
490 606 2
555 556 3
575 576 1
578 579 3
549 606 3
558 559 3
507 565 3
535 536 3
549 608 3
564 565 3
565 566 3
544 545 3
547 606 2
551 608 3
557 558 3
562 563 3
574 575 0
576 577 3
556 557 3
505 563 3
563 564 3
530 532 3
532 590 3
533 590 3
484 600 3
484 543 3
549 607 3
607 608 3
575 633 1
543 600 3
568 626 3
574 633 3
566 625 2
567 625 3
567 626 3
539 598 3
541 600 3
564 622 2
574 632 3
576 633 3
541 598 3
573 632 3
530 588 2
537 539 3
539 597 3
547 605 2
605 606 3
577 635 3
528 586 2
528 587 2
529 587 2
532 588 2
535 537 3
539 596 3
597 598 3
541 599 3
543 602 3
544 602 3
545 602 2
576 635 3
527 586 2
532 589 2
537 596 3
596 597 3
545 603 2
546 603 2
546 604 2
562 621 2
563 621 3
523 582 2
524 582 2
530 587 2
588 589 3
589 590 3
537 595 3
598 599 3
599 600 3
602 603 3
603 604 3
547 604 2
554 612 2
555 612 3
555 613 3
562 620 3
563 622 3
565 625 2
625 626 3
632 633 3
578 637 3
579 637 3
464 580 1
587 588 3
543 601 3
604 605 3
553 611 2
554 611 2
561 620 2
621 622 2
573 630 3
523 580 2
526 585 2
527 585 2
595 596 3
600 601 3
601 602 3
612 613 3
620 621 2
565 622 3
571 629 3
572 629 3
572 630 3
577 636 3
578 636 3
526 584 3
585 586 3
586 587 3
535 593 3
611 612 3
556 613 3
565 623 2
568 627 3
569 627 3
570 627 3
570 629 3
525 582 2
584 585 3
537 593 3
606 607 3
610 611 3
623 625 3
627 628 3
570 628 3
628 629 3
629 630 3
525 584 2
626 627 3
576 691 3
608 667 3
551 667 3
558 560 3
622 623 3
633 691 3
635 691 3
635 636 3
636 637 3
580 582 3
582 584 3
582 641 3
584 641 3
556 558 3
560 619 2
561 619 0
630 632 3
593 595 3
610 667 3
558 616 2
560 616 2
560 618 2
619 620 1
582 640 3
558 615 2
560 617 2
556 615 3
615 616 3
616 617 3
617 618 3
618 619 3
640 641 3
533 649 3
534 649 2
534 650 2
535 650 3
590 649 3
649 650 3
593 650 3
613 615 3
630 690 3
632 690 3
615 672 3
635 692 3
613 672 3
589 649 3
627 686 3
628 686 3
629 686 3
691 692 3
593 652 3
689 690 3
580 639 3
582 639 3
587 646 3
588 646 3
595 652 3
623 681 3
630 688 3
630 689 3
639 640 3
585 643 3
600 658 3
622 681 3
688 689 3
580 638 3
587 645 3
589 646 3
646 649 3
599 658 3
606 665 3
607 665 3
613 671 3
623 682 3
625 682 3
638 639 3
585 641 3
586 643 3
586 645 3
595 653 3
596 653 3
602 661 3
603 661 3
608 666 3
612 671 3
625 683 3
627 685 3
685 686 3
629 687 3
645 646 3
604 662 3
608 665 3
666 667 3
621 679 3
622 679 3
626 683 3
686 687 3
690 691 3
601 659 3
603 662 3
605 662 3
610 668 3
622 680 3
682 683 3
635 693 3
637 695 3
586 644 3
648 649 3
596 654 3
597 655 3
598 656 3
599 657 3
658 659 3
602 659 3
602 660 3
605 663 3
606 664 3
611 668 3
611 669 3
615 673 3
616 674 3
617 675 3
630 687 3
692 693 3
636 695 3
644 645 3
646 648 3
593 651 3
653 654 3
654 655 3
655 656 3
656 657 3
657 658 3
660 661 3
662 663 3
606 663 3
664 665 3
665 666 3
612 669 3
671 672 3
673 674 3
674 675 3
620 678 2
679 680 3
626 684 3
636 693 3
636 694 3
650 651 3
659 660 3
663 664 3
667 668 3
672 673 3
618 675 3
618 676 3
621 678 2
683 684 3
627 684 3
694 695 3
643 644 3
651 652 3
652 653 3
661 662 3
668 669 3
619 676 3
680 681 3
681 682 3
687 688 3
641 643 3
612 670 3
675 676 3
619 678 3
684 685 3
669 670 3
619 677 3
677 678 3
670 671 3
686 744 3
676 677 3
693 694 3
643 700 3
694 751 3
641 700 2
693 751 3
649 707 3
678 679 2
650 707 3
648 707 3
692 749 3
641 699 2
648 705 3
662 720 3
640 699 2
646 705 3
699 700 3
650 708 3
663 720 3
679 737 0
683 741 3
651 708 3
661 720 3
668 726 3
669 726 3
678 737 3
684 741 3
687 744 3
691 749 3
640 698 2
666 725 3
667 725 3
671 729 3
675 732 3
685 743 3
686 743 3
698 699 3
648 706 3
707 708 3
656 714 3
657 714 3
663 721 3
664 721 3
665 723 3
672 729 3
674 732 3
678 736 3
736 737 3
680 737 0
689 747 3
692 751 3
639 697 2
639 698 2
645 703 3
646 704 3
706 707 3
651 709 3
652 710 3
653 711 3
654 712 3
655 713 3
657 715 3
659 717 3
660 717 3
664 722 3
664 723 3
666 723 3
667 726 3
669 728 3
670 728 3
672 730 3
673 731 3
675 733 3
676 734 3
677 735 3
677 736 3
682 740 3
683 740 3
684 742 3
743 744 3
688 746 3
688 747 3
690 748 3
691 748 3
692 750 3
697 698 3
703 704 3
704 705 3
705 706 3
708 709 3
709 710 3
710 711 3
711 712 3
712 713 3
713 714 3
658 715 3
658 716 3
659 716 3
660 718 3
661 718 3
720 721 3
721 722 3
722 723 3
671 728 3
729 730 3
730 731 3
731 732 3
732 733 3
733 734 3
734 735 3
735 736 3
681 740 3
741 742 3
742 743 3
687 746 3
746 747 3
747 748 3
750 751 3
694 753 3
695 753 3
638 697 2
643 759 3
714 715 3
666 724 3
669 727 3
728 729 3
749 750 3
638 696 2
700 759 3
723 724 3
725 726 3
727 728 3
681 739 3
740 741 3
748 749 3
696 697 3
644 760 3
644 703 3
715 716 3
716 717 3
724 725 3
726 727 3
681 737 0
739 740 3
717 718 3
703 760 3
718 720 3
737 739 3
687 745 3
745 746 3
644 759 3
744 745 3
746 804 3
745 804 3
759 760 3
718 777 3
720 777 3
731 789 3
694 810 2
744 802 3
751 810 2
753 810 2
753 811 3
734 793 3
737 795 3
743 801 2
745 802 3
700 758 3
720 778 3
721 778 3
730 789 3
735 793 3
739 795 2
748 807 2
749 807 2
699 758 3
704 763 3
705 763 3
706 763 3
727 786 3
728 786 3
747 805 3
750 808 3
751 808 3
698 756 3
716 774 3
717 774 3
726 785 3
727 785 3
729 787 3
730 788 3
733 792 3
734 792 3
742 800 2
743 802 3
750 807 3
751 809 2
810 811 3
696 754 3
697 754 3
699 756 3
699 757 3
703 761 3
704 762 3
706 764 3
707 765 3
708 766 3
709 767 3
710 768 3
711 769 3
712 770 3
713 771 3
714 771 3
714 772 3
715 773 3
716 773 3
717 775 3
718 776 3
777 778 3
721 780 3
722 780 3
723 781 3
724 782 3
725 782 3
725 783 3
725 784 3
726 784 3
728 787 3
730 787 3
732 790 3
733 791 3
736 794 3
737 794 3
740 797 2
742 801 2
748 805 3
808 809 3
697 756 3
756 757 3
757 758 3
758 759 3
760 761 3
761 762 3
762 763 3
763 764 3
764 765 3
765 766 3
766 767 3
767 768 3
768 769 3
769 770 3
770 771 3
772 773 3
718 775 3
776 777 3
721 779 3
782 783 3
783 784 3
788 789 3
789 790 3
790 791 3
739 797 2
801 802 3
804 805 3
748 806 2
807 808 3
697 755 3
771 772 3
778 779 3
780 781 3
781 782 3
785 786 3
786 787 3
787 788 3
791 792 3
792 793 3
736 793 3
795 796 3
795 797 3
741 799 2
741 800 2
800 801 3
802 804 3
809 810 3
754 755 3
755 756 3
773 774 3
774 775 3
775 776 3
784 785 3
793 794 3
796 797 3
740 799 2
806 807 3
779 780 3
799 800 3
805 806 3
794 795 3
740 798 2
797 798 3
798 799 3
808 866 3
807 866 3
793 851 3
802 860 3
809 866 3
792 851 3
800 858 3
789 847 3
794 851 3
799 858 3
801 860 3
805 863 3
777 836 3
778 836 3
785 843 3
786 844 3
790 847 3
801 858 3
773 831 3
775 833 3
781 839 3
782 839 3
783 841 3
786 843 3
787 844 3
801 859 3
802 861 3
804 863 3
757 816 3
758 816 3
774 831 3
774 833 3
776 834 3
780 838 3
781 838 3
784 841 3
787 845 3
788 845 3
788 847 3
794 852 3
858 859 3
804 861 3
804 862 3
806 865 3
807 865 3
754 812 3
755 813 3
757 815 3
759 816 3
759 817 3
760 818 3
761 819 3
762 820 3
763 821 3
764 822 3
765 823 3
766 824 3
767 825 3
768 826 3
769 827 3
769 828 3
770 828 3
771 829 3
772 830 3
777 834 3
782 840 3
784 842 3
788 846 3
790 848 3
791 849 3
792 849 3
795 852 3
795 853 3
796 854 3
797 855 3
798 856 3
799 857 3
860 861 3
862 863 3
806 864 3
865 866 3
811 869 2
812 813 3
756 814 3
815 816 3
816 817 3
817 818 3
818 819 3
819 820 3
820 821 3
821 822 3
822 823 3
766 823 3
824 825 3
825 826 3
826 827 3
828 829 3
829 830 3
773 830 3
774 832 3
833 834 3
777 835 3
779 836 3
840 841 3
842 843 3
843 844 3
846 847 3
848 849 3
851 852 3
853 854 3
854 855 3
855 856 3
856 857 3
857 858 3
861 862 3
805 864 3
810 867 3
813 814 3
756 815 3
831 832 3
832 833 3
834 835 3
835 836 3
847 848 3
852 853 3
864 865 3
809 867 3
827 828 3
838 839 3
839 840 3
841 842 3
844 845 3
845 846 3
849 851 3
814 815 3
830 831 3
779 838 3
810 868 3
810 869 3
868 869 3
823 824 3
859 860 3
866 867 3
867 868 3
863 864 3
836 894 3
779 894 3
838 894 3
851 908 3
849 908 3
894 895 3
838 895 3
847 905 3
859 918 3
860 918 3
840 899 3
863 921 3
864 921 3
817 876 3
818 876 3
839 897 3
861 919 3
840 897 3
841 899 3
860 919 3
867 925 3
814 872 3
819 877 3
828 886 3
845 903 3
846 904 3
846 905 3
848 906 3
866 925 3
815 872 3
818 877 3
822 880 3
827 886 3
840 898 3
844 903 3
904 905 3
847 906 3
864 922 3
865 922 3
866 924 3
868 926 3
868 927 3
869 927 3
812 870 3
813 871 3
813 872 3
815 873 3
816 874 3
820 878 3
821 879 3
821 880 3
823 881 3
824 882 3
825 883 3
826 884 3
827 885 3
829 887 3
830 887 3
830 888 3
831 889 3
831 890 3
832 890 3
833 891 3
834 892 3
835 893 3
836 893 3
838 896 3
898 899 3
842 900 3
843 901 3
844 902 3
846 903 3
849 907 3
851 909 3
851 910 3
852 910 3
852 911 3
853 911 3
854 912 3
855 913 3
856 914 3
857 915 3
858 916 3
859 917 3
865 923 3
865 924 3
925 926 3
870 871 3
871 872 3
873 874 3
817 874 3
817 875 3
877 878 3
878 879 3
880 881 3
882 883 3
883 884 3
884 885 3
885 886 3
886 887 3
888 889 3
890 891 3
891 892 3
892 893 3
893 894 3
895 896 3
899 900 3
900 901 3
901 902 3
903 904 3
906 907 3
911 912 3
912 913 3
913 914 3
914 915 3
915 916 3
858 917 3
917 918 3
918 919 3
862 919 3
921 922 3
922 923 3
926 927 3
874 875 3
875 876 3
876 877 3
824 881 3
889 890 3
839 896 3
907 908 3
908 909 3
910 911 3
916 917 3
862 920 3
862 921 3
879 880 3
881 882 3
887 888 3
902 903 3
905 906 3
919 920 3
924 925 3
872 873 3
897 898 3
896 897 3
909 910 3
923 924 3
920 921 3
921 979 3
888 946 3
907 966 3
908 966 3
920 979 3
925 983 3
926 983 3
875 933 3
889 946 3
924 983 3
926 985 3
876 933 3
877 935 3
885 943 3
886 943 3
899 957 3
909 968 3
910 968 3
911 970 3
912 970 3
924 982 3
872 930 3
873 930 3
876 935 3
878 935 3
878 936 3
884 943 3
887 946 3
898 957 3
900 957 3
904 962 3
905 963 3
909 966 3
921 980 3
922 980 3
923 982 3
982 983 3
926 984 3
870 928 3
871 929 3
873 932 3
874 932 3
874 933 3
876 934 3
879 936 3
879 937 3
880 939 3
881 939 3
882 940 3
883 941 3
884 942 3
886 944 3
887 945 3
889 947 3
890 947 3
890 948 3
891 949 3
892 950 3
893 951 3
894 952 3
895 953 3
896 954 3
897 955 3
898 956 3
900 958 3
901 959 3
902 960 3
903 961 3
903 962 3
906 963 3
906 964 3
907 964 3
909 967 3
911 969 3
913 971 3
914 972 3
915 973 3
916 974 3
917 974 3
917 975 3
918 976 3
919 977 3
920 978 3
979 980 3
922 981 3
923 981 3
928 929 3
872 929 3
934 935 3
880 937 3
939 940 3
940 941 3
941 942 3
942 943 3
944 945 3
945 946 3
948 949 3
949 950 3
950 951 3
951 952 3
952 953 3
953 954 3
954 955 3
955 956 3
956 957 3
957 958 3
958 959 3
959 960 3
902 961 3
962 963 3
963 964 3
907 965 3
965 966 3
966 967 3
967 968 3
910 969 3
970 971 3
971 972 3
972 973 3
973 974 3
975 976 3
976 977 3
977 978 3
983 984 3
932 933 3
961 962 3
964 965 3
969 970 3
978 979 3
981 982 3
984 985 3
929 930 3
933 934 3
935 936 3
943 944 3
947 948 3
960 961 3
974 975 3
946 947 3
968 969 3
980 981 3
930 932 3
937 939 3
936 937 3
930 989 3
932 989 3
937 996 3
939 996 3
940 999 3
941 999 3
950 1008 3
951 1008 3
953 1011 3
954 1011 3
935 993 3
947 1005 3
951 1009 3
933 991 3
936 993 3
940 998 3
944 1002 3
946 1005 3
952 1009 3
964 1022 3
965 1022 3
971 1029 3
976 1034 3
982 1040 3
932 990 3
934 991 3
939 998 3
998 999 3
942 1001 3
943 1001 3
943 1002 3
948 1007 3
949 1007 3
956 1014 3
967 1025 3
970 1029 3
977 1034 3
977 1035 3
980 1038 3
981 1040 3
983 1041 3
984 1041 3
929 988 3
930 988 3
934 992 3
945 1002 3
950 1007 3
955 1014 3
958 1016 3
963 1021 3
966 1025 3
968 1025 3
972 1029 3
973 1031 3
978 1035 3
979 1038 3
983 1040 3
984 1042 3
985 1043 3
928 986 3
929 987 3
988 989 3
935 992 3
936 994 3
937 995 3
939 997 3
942 999 3
942 1000 3
1001 1002 3
945 1003 3
945 1004 3
946 1004 3
948 1006 3
954 1013 3
955 1013 3
957 1015 3
957 1016 3
959 1017 3
960 1018 3
961 1019 3
962 1020 3
1021 1022 3
965 1023 3
966 1024 3
968 1026 3
969 1027 3
970 1028 3
972 1031 3
974 1032 3
975 1033 3
981 1039 3
1040 1041 3
1041 1042 3
984 1043 3
986 987 3
987 988 3
990 991 3
991 992 3
994 995 3
996 997 3
997 998 3
1000 1001 3
1005 1006 3
1006 1007 3
1008 1009 3
952 1011 3
1014 1015 3
1016 1017 3
1017 1018 3
1018 1019 3
1019 1020 3
1020 1021 3
1023 1024 3
1024 1025 3
1025 1026 3
1026 1027 3
1027 1028 3
1031 1032 3
1032 1033 3
1033 1034 3
1034 1035 3
978 1036 3
979 1036 3
1038 1039 3
1039 1040 3
1042 1043 3
989 990 3
992 993 3
995 996 3
999 1000 3
1002 1003 3
1013 1014 3
1015 1016 3
993 994 3
1003 1004 3
1004 1005 3
1007 1008 3
1022 1023 3
1028 1029 3
1035 1036 3
1036 1038 3
1011 1013 3
1009 1011 3
1029 1031 3
