0 1 3
1 2 0
2 3 3
3 4 1
4 5 3
5 6 1
6 7 3
7 8 3
8 9 3
9 10 3
10 11 3
11 12 3
12 13 3
13 14 3
14 15 3
15 16 3
16 17 2
17 18 2
18 19 1
19 20 0
20 21 1
21 22 0
22 24 2
24 25 3
25 26 3
26 28 3
28 29 3
29 31 3
31 32 3
32 33 3
33 34 3
34 35 3
35 36 3
36 37 3
37 38 3
38 39 0
39 41 3
41 43 3
43 44 3
44 45 3
45 46 3
46 47 1
47 48 3
48 49 3
49 50 3
50 51 3
51 52 3
52 53 3
53 54 3
54 55 3
55 56 1
56 57 3
39 98 2
29 88 3
31 88 3
22 81 3
24 81 3
41 98 3
46 104 3
4 61 3
47 104 0
2 61 1
3 61 1
41 100 3
43 100 3
45 104 3
4 62 3
57 115 3
61 62 3
15 73 3
16 73 3
16 74 3
53 111 3
5 63 2
14 72 0
97 98 3
45 103 3
54 111 3
5 62 2
6 63 0
8 66 3
24 82 3
44 103 3
103 104 3
9 66 3
11 69 3
13 70 3
25 83 3
10 69 3
12 70 3
15 72 3
19 77 0
81 82 3
26 83 3
1 59 3
17 76 0
18 76 0
21 79 0
22 80 3
25 82 3
33 92 3
34 92 3
49 107 3
50 108 3
55 114 1
56 114 3
57 114 3
59 61 3
7 66 3
11 70 3
80 81 3
26 85 3
28 85 3
29 87 3
36 94 3
37 94 3
39 97 0
48 107 3
50 107 3
52 110 3
53 110 3
0 59 3
6 65 3
7 65 3
20 77 3
82 83 3
35 94 3
103 160 3
51 108 3
0 58 3
6 64 3
65 66 3
9 67 3
10 68 3
69 70 3
18 77 2
20 79 2
35 151 3
41 99 3
43 101 3
44 102 3
48 106 3
51 109 3
114 115 3
58 59 3
62 63 3
63 64 1
64 65 3
66 67 3
67 68 3
73 74 3
87 88 3
32 90 3
94 151 3
38 97 0
101 102 3
109 110 3
54 112 3
55 112 3
21 80 0
32 91 3
33 91 3
91 92 3
99 100 3
44 160 3
106 107 3
108 109 3
68 69 3
17 74 2
38 94 3
100 101 3
47 106 3
107 108 3
77 79 0
79 80 1
29 85 3
90 91 3
35 92 3
98 99 3
110 111 3
60 61 3
72 73 3
102 160 3
14 70 3
74 76 3
83 85 3
85 87 3
92 151 3
55 113 1
113 114 3
82 140 3
83 140 3
31 90 3
104 162 3
47 162 0
47 163 3
111 112 3
106 163 3
59 60 3
63 121 1
76 77 3
85 143 3
87 143 3
162 163 3
112 113 1
97 155 3
60 119 3
65 124 3
66 124 3
81 138 3
140 142 3
83 142 3
88 147 3
31 147 3
38 155 0
59 117 3
59 118 3
61 119 3
80 138 3
90 147 3
110 169 3
111 169 3
58 117 3
60 118 3
118 119 3
64 121 3
74 133 3
76 133 3
85 142 3
38 154 2
79 137 1
92 150 3
94 152 3
154 155 3
98 157 3
67 124 3
79 136 1
80 137 3
91 150 3
150 151 3
99 157 3
62 119 3
76 134 3
77 136 3
138 139 3
81 139 3
141 142 3
142 143 3
151 152 3
100 158 3
101 160 3
107 165 3
112 169 3
113 115 3
62 120 3
63 120 3
70 72 0
72 131 3
73 131 3
77 135 3
136 137 3
140 141 3
88 146 3
101 158 3
106 165 3
108 166 3
109 166 3
113 172 1
115 172 1
117 118 3
70 128 3
76 135 3
82 139 3
146 147 3
100 157 3
58 116 3
119 120 3
64 122 3
65 123 3
67 125 3
68 126 3
69 127 3
70 127 3
73 132 3
74 132 3
103 161 3
108 165 3
109 167 3
110 168 3
115 173 1
116 117 3
121 122 3
122 123 3
124 125 3
125 126 3
126 127 3
72 128 1
134 135 3
139 140 3
90 148 3
91 148 3
152 154 0
94 154 3
160 161 3
161 162 3
106 164 3
166 167 3
167 168 3
120 121 1
127 128 3
131 132 3
137 138 3
163 164 3
165 166 3
168 169 3
172 173 3
123 124 3
128 129 0
132 133 3
147 148 3
157 158 3
72 129 3
87 146 3
87 203 3
113 169 0
135 136 3
146 203 3
152 210 3
101 159 3
164 165 3
154 210 3
210 212 3
154 212 3
97 157 3
159 160 3
143 203 3
113 229 1
120 178 3
143 202 3
158 159 3
113 228 1
172 229 3
121 178 3
133 134 3
202 203 3
169 228 1
228 229 3
72 188 3
131 188 3
97 214 3
119 177 3
120 177 3
148 207 3
91 207 3
151 209 3
157 214 3
169 226 1
126 183 3
142 201 3
143 201 3
150 207 3
152 209 3
168 226 1
125 183 3
155 214 3
226 228 3
119 176 3
123 182 3
124 182 3
140 197 3
155 213 3
158 216 3
160 218 3
164 222 3
165 222 3
118 176 3
121 179 3
128 244 3
129 188 3
134 192 3
139 197 3
150 209 3
157 216 3
161 218 3
167 225 1
168 225 1
173 230 3
117 175 3
118 175 3
178 179 3
122 180 3
127 244 3
137 196 3
142 199 3
147 205 3
150 208 3
209 210 3
154 213 3
157 215 3
161 219 3
226 227 3
172 230 3
116 174 3
121 180 3
123 180 3
125 182 3
126 184 3
127 184 3
127 185 3
129 187 3
131 189 3
133 192 3
136 194 3
138 196 3
140 199 3
141 199 3
146 204 3
148 205 3
148 206 3
207 208 3
208 209 3
214 215 3
215 216 3
162 219 3
162 220 3
163 221 3
163 222 3
227 228 3
174 175 3
176 234 3
177 178 3
123 181 3
183 184 3
185 244 3
187 188 3
188 189 3
132 189 3
135 194 3
203 204 3
204 205 3
213 214 3
159 218 3
220 221 3
221 222 3
166 224 1
166 225 1
173 231 3
179 180 3
180 181 3
181 182 3
182 183 3
186 244 1
128 186 0
201 202 3
206 207 3
218 219 3
219 220 3
166 222 3
230 231 3
176 177 3
139 196 3
140 256 3
205 206 3
159 217 3
224 225 3
225 226 3
132 190 3
133 190 3
135 192 3
199 256 3
158 217 3
222 224 1
175 176 3
177 234 3
129 186 1
137 194 3
216 217 3
189 190 3
196 197 3
197 256 3
229 230 3
186 187 2
184 185 3
190 192 3
192 194 3
199 201 3
154 270 3
137 253 3
213 270 3
217 218 3
222 281 1
224 281 0
194 253 3
212 270 3
222 280 1
190 249 3
192 249 3
216 274 3
196 253 3
217 274 3
280 281 3
177 235 3
178 236 3
175 234 3
178 235 3
179 236 3
194 251 3
199 257 3
201 257 3
217 276 3
218 276 3
235 236 3
192 250 3
192 251 3
209 267 3
215 273 3
225 284 2
185 243 3
203 261 3
204 261 3
210 267 3
214 273 3
219 276 3
221 280 1
221 279 1
226 284 2
184 243 3
187 244 1
187 245 1
190 248 3
196 254 3
202 260 3
210 268 3
279 280 3
243 244 3
188 245 1
248 249 3
249 250 3
197 254 3
201 259 3
203 260 3
267 268 3
212 268 3
229 287 3
175 233 3
234 235 3
181 239 3
244 245 3
188 246 3
250 251 3
257 259 3
205 263 3
206 263 3
207 266 3
208 266 3
213 271 3
224 282 3
227 284 3
228 287 3
231 289 3
174 232 3
174 233 3
179 237 3
180 238 3
180 239 3
182 240 3
183 241 3
184 242 3
189 246 3
189 247 3
189 248 3
202 259 3
270 271 3
215 274 3
217 275 3
281 282 1
224 283 2
225 283 2
230 289 3
179 238 3
239 240 3
240 241 3
241 242 3
242 243 3
245 246 0
247 248 3
259 260 3
260 261 3
206 264 3
209 266 3
214 271 3
274 275 3
275 276 3
232 233 3
256 257 3
204 262 3
205 262 3
207 264 3
273 274 3
220 279 1
228 286 3
230 287 3
233 234 3
237 238 3
238 239 3
246 247 3
194 252 3
253 254 3
262 263 3
263 264 3
266 267 3
282 283 3
227 286 3
236 237 3
251 252 3
261 262 3
219 277 3
220 277 3
283 284 3
286 287 3
230 288 3
245 304 0
252 253 3
207 265 3
271 273 3
264 265 3
265 266 3
271 331 3
273 331 3
276 277 3
288 289 3
220 278 3
284 286 3
287 288 3
236 295 3
246 304 3
278 279 1
237 295 3
277 278 3
254 312 3
197 312 3
271 330 3
330 331 3
256 312 3
270 328 3
212 328 3
234 293 3
235 293 3
249 308 3
250 308 3
250 309 3
251 309 3
253 311 3
266 324 3
267 324 3
270 329 3
282 340 0
284 342 3
257 316 3
259 316 3
265 324 3
267 325 3
268 325 3
328 329 3
271 329 3
276 334 3
277 334 3
281 340 3
286 342 3
233 291 3
238 295 3
241 299 3
312 314 3
256 314 3
257 315 3
234 291 3
291 293 3
240 299 3
254 311 3
256 315 3
263 321 3
324 325 3
283 340 2
283 342 3
244 302 3
245 302 3
247 305 3
308 309 3
259 317 3
275 333 3
281 339 3
232 290 3
239 297 3
240 298 3
241 300 3
242 300 3
243 301 3
302 304 0
246 305 3
248 306 3
249 307 3
314 315 3
260 317 3
260 318 3
260 319 3
261 319 3
262 321 3
268 326 3
276 333 3
277 335 3
280 339 3
288 346 0
289 346 0
289 347 0
233 290 3
236 293 3
238 296 3
238 297 3
297 298 3
298 299 3
242 301 3
244 301 3
305 306 3
306 307 3
307 308 3
317 318 3
318 319 3
264 321 3
325 326 3
333 334 3
278 335 3
339 340 3
286 344 0
287 345 0
288 345 0
295 296 3
300 301 3
252 311 3
315 316 3
264 322 3
274 331 3
274 333 3
280 338 0
286 343 0
287 344 0
346 347 3
299 300 3
311 312 3
262 319 3
334 335 3
338 339 1
342 343 0
344 345 3
345 346 3
304 305 3
321 322 3
265 322 3
274 332 3
279 337 0
279 338 0
293 295 3
301 302 3
252 309 3
316 317 3
331 332 3
278 337 1
337 338 3
340 342 3
296 297 3
212 326 3
332 333 3
252 426 3
329 330 3
290 291 3
335 337 1
340 341 0
341 342 1
304 361 1
343 344 3
311 426 3
337 394 3
291 350 3
293 352 3
295 352 0
302 361 3
314 371 3
212 385 3
291 349 3
293 350 3
326 385 3
328 385 3
312 371 3
295 353 3
296 353 3
262 378 3
265 381 3
326 384 3
335 394 1
319 378 3
321 378 3
322 381 3
324 381 3
384 385 3
342 400 0
324 382 3
335 393 3
343 400 2
334 392 3
335 392 3
393 394 1
339 397 0
341 400 2
345 403 3
349 350 3
312 370 3
315 374 3
316 374 3
325 382 3
338 454 0
340 397 0
340 398 3
346 404 3
304 362 3
308 366 3
311 370 3
314 372 3
325 384 3
341 398 1
345 404 3
290 349 3
300 358 3
301 358 3
305 362 3
309 366 3
315 372 3
321 379 3
322 379 3
331 390 3
332 390 3
338 397 0
397 398 1
343 402 3
403 404 3
293 351 3
297 356 3
298 356 3
299 357 3
299 358 3
301 359 3
305 363 3
306 364 3
307 365 3
307 366 3
309 367 3
309 426 3
317 375 3
318 376 3
319 376 3
381 382 3
325 383 3
329 387 3
330 387 3
330 388 3
331 389 3
333 392 3
392 393 3
341 399 3
344 402 3
347 405 3
290 348 3
352 353 1
296 355 3
297 355 3
356 357 3
357 358 3
358 359 3
302 359 3
363 364 3
364 365 3
366 367 3
371 372 3
316 375 3
375 376 3
319 377 3
383 384 3
331 388 3
397 454 2
399 400 2
343 401 3
402 403 3
404 405 3
350 351 3
355 356 3
382 383 3
387 388 3
398 399 0
400 401 2
348 349 3
351 352 3
362 363 3
374 375 3
376 377 3
377 378 3
388 389 3
389 390 3
333 390 3
329 445 3
401 402 3
302 360 3
365 366 3
367 426 3
378 379 3
322 438 3
328 445 3
387 445 3
296 354 3
360 361 3
311 427 3
379 438 3
337 395 3
338 395 3
353 354 3
359 360 3
361 362 0
370 427 3
370 371 3
381 438 3
394 395 3
354 355 3
315 432 3
374 432 3
395 454 2
426 427 3
372 432 3
431 432 3
352 409 3
353 409 0
372 431 3
361 419 3
394 452 0
395 452 0
362 419 1
362 420 3
393 452 3
357 416 3
358 416 3
333 449 3
419 420 0
382 440 3
390 449 3
363 421 3
364 421 3
371 429 3
372 429 3
381 440 3
384 442 3
392 449 3
351 409 3
360 419 3
378 437 3
379 437 3
381 439 3
362 421 3
370 429 3
378 436 3
392 450 3
397 455 3
400 458 0
401 458 0
350 409 3
367 425 3
377 436 3
383 442 3
449 450 3
398 455 0
399 457 3
348 407 3
349 407 3
359 417 3
360 417 3
364 422 3
365 422 3
366 425 3
438 439 3
439 440 3
389 448 3
390 448 3
457 458 3
421 422 3
365 423 3
366 423 3
366 424 3
382 441 3
383 441 3
388 446 3
389 446 3
448 449 3
393 451 3
398 456 3
401 459 3
402 460 3
403 460 3
403 461 3
404 461 3
404 462 3
405 463 3
416 417 3
420 421 2
422 423 3
424 425 3
372 430 3
375 432 3
376 434 3
385 442 3
387 446 3
450 451 3
454 455 1
455 456 1
459 460 1
462 463 3
348 406 3
425 426 3
370 428 3
429 430 3
430 431 3
376 435 3
377 435 3
436 437 3
440 441 3
451 452 3
458 459 1
406 407 3
350 407 3
409 411 1
353 411 1
357 415 1
428 429 3
375 433 3
376 433 3
389 447 3
399 456 1
461 462 3
415 416 0
360 418 3
418 419 3
423 424 3
445 446 3
446 447 3
447 448 3
460 461 3
409 410 1
354 412 1
355 412 1
355 413 1
356 413 1
356 414 1
356 415 1
427 428 3
433 434 3
441 442 3
395 511 3
413 414 3
417 418 3
432 433 3
434 435 3
354 411 1
412 413 3
414 415 3
437 438 3
450 566 1
410 411 3
435 436 3
449 566 1
407 409 3
411 412 3
385 445 3
452 511 3
456 457 0
424 482 3
407 466 1
409 466 1
410 466 3
445 503 3
454 511 2
454 512 3
466 467 3
410 467 3
423 482 3
511 512 3
425 483 3
385 502 3
446 503 3
427 486 3
428 486 3
445 502 3
455 513 3
457 515 3
460 518 0
426 483 2
437 496 3
438 496 3
440 498 3
446 504 3
447 504 3
456 515 0
459 518 3
424 483 3
426 485 3
427 485 3
439 496 3
441 498 3
385 501 3
503 504 3
448 506 3
462 520 0
417 475 3
419 478 3
420 478 1
421 478 1
429 486 3
429 487 3
430 487 3
431 489 3
432 490 3
441 500 3
442 500 3
442 501 3
501 502 3
447 506 3
450 508 3
456 513 0
456 514 3
462 521 3
463 521 3
406 464 1
407 465 1
410 468 3
411 469 3
412 469 3
412 470 3
413 471 3
414 472 3
415 473 3
416 475 3
430 488 3
430 489 3
489 490 3
437 495 3
439 497 3
441 499 3
447 505 3
449 506 3
449 507 3
451 508 3
454 513 1
513 514 1
514 515 0
458 515 3
458 516 3
459 517 3
464 465 3
468 469 3
469 470 3
470 471 3
471 472 3
472 473 3
488 489 3
495 496 3
496 497 3
497 498 3
498 499 3
499 500 3
500 501 3
502 503 3
505 506 3
506 507 3
508 566 1
451 509 3
459 516 0
461 519 0
465 466 3
467 468 3
418 475 3
422 478 1
482 483 3
487 488 3
504 505 3
507 566 1
452 509 3
452 510 3
515 516 3
517 518 3
483 485 3
486 487 3
433 490 3
510 511 3
516 517 1
462 519 2
415 475 0
418 478 2
422 482 3
509 510 3
485 486 3
508 509 3
512 513 3
461 518 0
520 521 1
415 532 3
422 480 3
436 495 3
473 532 3
475 532 1
418 535 3
478 535 3
519 520 1
480 482 3
483 484 3
433 549 3
434 549 3
436 551 3
484 485 3
490 549 3
434 550 3
435 551 3
495 551 3
475 533 1
435 550 3
418 534 1
475 534 1
534 535 3
478 480 0
550 551 3
532 533 3
518 519 3
549 550 3
480 538 3
480 539 3
482 539 3
518 577 3
519 577 2
466 524 3
478 538 0
486 545 3
487 545 3
467 524 3
485 543 2
502 560 3
503 560 3
512 570 3
516 575 1
517 575 3
486 543 2
551 552 3
503 561 3
504 561 3
513 570 3
516 573 3
520 578 0
521 578 0
467 526 3
468 526 3
470 528 3
470 529 3
471 529 3
472 530 3
478 536 3
483 541 3
484 541 3
484 543 3
488 546 3
495 552 3
496 554 3
505 563 3
513 571 3
514 571 0
515 573 3
464 522 3
465 523 3
467 525 3
469 526 3
469 527 3
469 528 3
471 530 3
473 530 3
473 531 3
535 536 3
487 546 3
489 547 3
490 548 3
495 554 3
496 555 3
497 555 3
498 556 3
504 562 3
506 563 3
510 568 3
511 570 3
514 572 3
518 575 3
518 576 3
577 578 2
521 579 1
522 523 3
523 524 3
525 526 3
526 527 3
528 529 3
531 532 3
482 540 3
486 544 2
544 545 3
488 547 3
547 548 3
548 549 3
500 558 3
560 561 3
562 563 3
509 568 3
570 571 3
571 572 1
572 573 0
576 577 3
578 579 1
529 530 3
530 531 3
536 538 3
555 556 3
499 556 3
499 558 3
501 558 3
501 559 3
508 567 3
509 567 3
575 576 3
533 534 3
502 559 3
483 540 3
484 542 3
543 544 3
499 557 3
558 559 3
561 562 3
563 564 1
506 564 1
507 564 1
527 528 3
542 543 3
554 555 3
557 558 3
539 540 3
540 541 3
552 554 3
556 557 3
564 566 3
508 625 3
567 625 3
567 568 3
541 542 3
545 546 3
546 547 3
564 623 3
566 623 3
566 625 0
511 568 3
573 575 1
538 539 3
559 560 3
524 525 3
573 632 1
575 632 3
554 612 3
530 588 3
545 603 2
564 622 3
529 587 3
529 588 3
544 603 3
563 622 1
511 627 3
573 631 1
546 604 3
549 607 2
570 627 3
631 632 3
543 601 3
545 604 3
547 605 2
550 607 2
575 633 2
576 635 1
528 586 3
531 588 3
535 593 3
541 600 3
542 600 3
542 601 3
546 605 3
552 610 3
552 611 3
554 611 3
561 620 3
562 620 3
635 693 3
577 635 1
577 636 1
578 636 1
524 582 3
525 584 3
526 584 3
527 586 3
529 586 3
587 588 3
531 589 3
532 590 3
534 592 3
534 593 3
536 595 2
548 605 2
551 609 2
552 609 3
611 612 3
561 619 3
623 624 3
566 624 3
576 633 1
522 580 3
523 581 3
525 582 3
525 583 3
527 585 3
532 589 3
533 591 3
536 594 3
538 595 3
539 597 3
540 597 3
540 598 3
544 601 3
544 602 3
548 606 2
548 607 2
609 610 3
555 613 3
556 614 3
557 614 3
559 617 3
560 618 3
560 619 3
563 621 3
622 623 3
568 625 3
571 629 3
572 630 3
572 631 0
579 636 0
580 581 3
581 582 3
584 585 3
588 589 3
532 591 3
533 592 3
541 598 3
600 601 3
601 602 3
602 603 3
604 605 3
605 606 3
606 607 3
610 611 3
612 613 3
556 613 3
558 617 2
617 618 3
618 619 3
619 620 3
620 621 3
621 622 1
568 627 3
570 629 3
572 629 0
630 631 0
579 637 0
582 583 3
585 586 3
586 587 3
589 590 3
590 591 3
591 592 3
535 594 3
597 598 3
541 599 3
603 604 3
550 609 2
613 614 3
624 625 0
629 630 1
632 633 2
635 636 3
592 593 3
594 595 3
599 600 3
557 615 3
558 615 3
593 594 3
538 596 3
550 608 2
570 628 3
633 635 2
598 599 3
607 608 3
614 615 3
628 629 3
636 637 3
595 596 3
596 597 3
625 626 3
568 626 3
627 628 3
635 692 3
583 584 3
633 692 2
692 693 3
587 646 3
588 646 3
608 609 3
615 617 3
626 627 3
622 680 3
614 672 3
623 680 3
615 672 3
593 651 3
582 640 3
584 642 3
592 651 3
610 668 3
623 681 3
624 681 3
629 687 1
583 640 3
585 642 3
609 668 3
680 681 3
628 687 1
588 647 3
589 647 3
607 665 3
672 673 3
615 673 3
625 683 1
626 683 1
586 644 3
601 660 3
602 660 3
604 662 3
606 665 3
613 672 3
620 679 2
621 679 3
624 683 3
631 690 3
632 690 3
645 646 3
591 649 3
603 662 3
604 663 3
605 663 3
619 677 3
683 684 3
626 684 1
633 691 0
583 641 3
584 641 3
587 644 3
587 645 3
590 647 3
590 648 3
596 654 3
597 654 3
597 655 3
599 658 3
600 658 3
602 661 3
603 661 3
608 666 3
609 666 3
612 670 2
613 670 3
618 677 3
620 678 3
627 684 1
632 691 3
580 638 3
581 639 3
591 648 3
592 649 3
592 650 3
594 652 3
595 654 3
654 655 3
598 655 3
598 656 3
601 659 3
662 663 3
606 663 3
609 667 3
619 678 3
622 679 0
627 685 1
628 685 1
629 688 1
630 688 3
631 689 3
636 694 1
637 694 1
637 695 1
638 639 3
639 640 3
585 644 3
650 651 3
594 651 3
595 652 3
595 653 3
599 656 3
599 657 3
660 661 3
661 662 3
607 666 3
666 667 3
667 668 3
611 670 3
617 676 3
618 676 3
677 678 3
678 679 3
679 680 1
684 685 3
689 690 3
690 691 3
646 647 3
648 649 3
653 654 3
658 659 3
659 660 3
611 668 3
611 669 3
615 674 3
687 688 1
688 689 0
635 694 1
693 694 1
641 642 3
585 643 3
644 645 3
649 650 3
651 652 3
655 656 3
669 670 3
617 674 3
617 675 3
691 692 1
694 695 3
642 643 3
656 657 3
657 658 3
665 666 3
668 669 3
613 729 2
674 675 3
675 676 3
643 644 3
647 648 3
652 653 3
670 729 3
672 729 3
673 674 3
676 677 3
583 699 3
640 699 3
641 699 3
663 722 3
606 722 3
693 751 3
694 751 0
665 722 3
640 698 3
698 699 3
651 709 3
685 743 3
650 709 3
628 743 1
642 699 3
679 737 3
678 737 3
687 743 3
650 708 3
662 720 3
663 720 3
668 726 3
639 698 3
708 709 3
667 726 3
683 741 3
689 747 3
646 704 3
647 704 3
652 709 3
655 714 3
656 714 3
669 728 3
670 728 3
672 730 3
676 734 3
676 735 3
677 735 3
684 741 3
743 744 3
687 744 0
690 748 3
694 752 3
695 752 3
642 700 3
645 704 3
649 707 3
657 715 3
658 715 3
658 717 3
659 717 3
659 718 3
660 718 3
663 721 3
665 723 3
666 723 3
669 726 3
673 730 3
675 734 3
734 735 3
680 739 3
624 740 3
624 741 3
688 747 0
691 748 3
638 696 3
639 697 3
699 700 3
643 701 3
644 701 3
648 706 3
650 707 3
652 710 3
653 711 3
654 711 3
654 712 3
655 713 3
661 719 3
721 722 3
666 724 3
667 725 3
669 727 3
673 731 3
674 731 3
678 735 3
678 736 3
681 739 3
740 741 3
684 743 3
687 745 1
688 746 3
689 748 3
691 749 3
696 697 3
697 698 3
700 701 3
647 705 3
648 705 3
710 711 3
712 713 3
713 714 3
657 714 3
718 719 3
719 720 3
720 721 3
723 724 3
724 725 3
728 729 3
729 730 3
730 731 3
735 736 3
679 738 2
681 740 3
744 745 2
745 746 2
748 749 3
751 752 1
644 702 3
645 702 3
705 706 3
649 706 3
707 708 3
722 723 3
725 726 3
674 732 3
675 732 3
736 737 3
680 738 3
684 742 3
747 748 3
692 750 3
701 702 3
645 703 3
704 705 3
709 710 3
711 712 3
714 715 3
726 727 3
727 728 3
737 738 3
741 742 3
742 743 3
746 747 0
692 749 0
731 732 3
739 740 3
693 750 3
717 718 3
738 739 3
749 750 1
750 751 3
702 703 3
695 811 3
698 756 3
699 756 3
703 704 3
715 717 3
732 734 3
752 811 3
715 774 3
717 774 3
706 707 3
699 757 3
700 757 3
756 757 3
712 770 3
734 791 3
747 805 2
748 805 2
708 766 3
709 766 3
713 770 3
732 791 3
709 767 3
710 767 3
714 772 3
715 772 3
734 792 3
707 766 3
737 795 3
738 795 2
743 802 2
744 802 3
710 768 3
711 768 3
713 771 3
728 787 3
729 787 3
791 792 3
735 792 3
746 804 3
747 804 1
749 807 2
750 809 1
751 809 1
752 809 3
707 765 3
770 771 3
717 776 3
718 776 3
731 789 3
739 798 2
740 798 2
742 801 2
743 801 2
696 754 0
697 755 0
698 755 0
700 758 3
701 759 3
703 761 3
706 764 3
707 764 3
765 766 3
711 769 3
711 770 3
714 771 3
717 775 3
719 776 3
719 777 3
720 778 3
721 779 3
722 780 3
723 781 3
724 782 3
726 784 3
727 785 3
727 786 3
728 786 3
730 789 3
731 790 3
732 790 3
735 793 3
736 794 3
739 797 2
741 800 2
742 800 2
745 804 2
804 805 0
748 806 2
750 808 1
752 810 3
754 755 3
758 759 3
702 759 3
702 761 3
704 762 3
705 764 3
768 769 3
715 773 3
775 776 3
777 778 3
778 779 3
779 780 3
780 781 3
781 782 3
725 782 3
725 784 3
784 785 3
786 787 3
730 787 3
730 788 3
792 793 3
793 794 3
794 795 3
741 799 2
745 802 2
805 862 1
805 806 3
748 807 2
750 807 0
808 809 3
810 811 3
702 760 3
766 767 3
767 768 3
769 770 3
772 773 3
776 777 3
725 783 3
788 789 3
738 796 2
797 798 3
740 799 2
799 800 3
800 801 3
801 802 3
745 803 0
804 862 3
755 756 1
759 760 3
704 761 3
764 765 3
773 774 3
774 775 3
782 783 3
783 784 3
785 786 3
787 788 3
789 790 3
795 796 3
798 799 3
802 803 3
806 807 3
757 758 3
705 763 3
763 764 3
771 772 3
790 791 3
738 797 3
761 762 3
796 797 3
807 808 1
809 810 3
760 761 3
704 763 3
762 763 3
803 804 1
771 829 3
774 832 3
770 829 3
772 829 3
775 832 3
798 857 3
799 857 3
810 868 3
768 826 3
788 847 3
789 847 3
800 857 3
763 821 3
769 826 3
773 832 3
798 856 3
762 820 3
763 820 3
764 821 3
783 841 3
797 856 3
809 868 3
757 816 3
758 816 3
764 822 3
769 828 3
770 828 3
782 841 3
790 849 3
791 849 3
756 814 2
757 814 3
759 817 3
760 818 3
761 818 3
765 822 3
766 825 3
767 825 3
828 829 3
772 830 3
787 846 3
788 846 3
795 854 3
796 854 3
808 866 3
809 866 2
809 867 3
755 814 3
757 815 3
816 817 3
760 817 3
773 830 3
773 831 3
777 835 3
778 835 3
778 836 3
783 842 3
784 842 3
795 853 3
800 859 3
801 859 3
803 861 3
805 863 2
810 869 3
754 812 3
755 813 3
814 815 3
765 823 3
766 823 3
767 826 3
775 833 3
776 834 3
779 836 3
779 838 3
780 838 3
781 839 3
782 840 3
841 842 3
785 843 3
786 844 3
787 844 3
787 845 3
792 850 3
793 851 3
794 852 3
794 853 3
853 854 3
797 854 3
800 916 3
801 860 3
802 860 3
804 861 0
862 863 3
868 869 3
811 869 3
812 813 3
815 816 3
761 820 3
820 821 3
821 822 3
825 826 3
769 827 3
829 830 3
833 834 3
834 835 3
835 836 3
779 837 3
838 839 3
839 840 3
840 841 3
842 843 3
843 844 3
845 846 3
791 850 3
850 851 3
851 852 3
856 857 3
857 916 3
860 861 3
806 863 2
806 865 2
807 866 1
866 867 3
817 818 3
761 819 3
827 828 3
830 831 3
832 833 3
836 837 3
844 845 3
846 847 3
859 916 3
806 866 2
867 868 3
813 814 3
818 819 3
819 820 3
822 823 3
826 827 3
831 832 3
790 847 3
849 850 3
852 853 3
859 860 3
861 862 1
863 864 3
865 866 2
823 825 3
854 856 3
806 864 2
837 838 3
847 849 3
823 882 3
825 882 3
847 906 3
849 906 3
856 914 3
864 865 3
845 903 3
846 903 3
860 919 3
861 919 3
865 923 3
866 923 2
825 883 3
826 883 3
832 890 3
834 892 3
837 895 3
838 895 3
831 890 3
835 892 3
853 912 3
854 912 3
854 913 3
854 914 3
913 914 3
864 923 3
817 875 3
823 881 3
827 886 3
828 886 3
850 908 3
851 908 3
912 913 3
868 926 3
869 926 3
816 875 3
818 876 3
822 881 3
826 884 3
827 884 3
829 886 3
830 888 3
841 899 3
849 908 3
867 925 3
812 870 3
813 871 3
814 872 3
815 874 3
816 874 3
817 876 3
819 877 3
819 878 3
820 878 3
821 879 3
822 879 3
822 880 3
881 882 3
827 885 3
829 887 3
829 888 3
833 891 3
835 893 3
836 893 3
836 894 3
838 896 3
838 897 3
839 897 3
840 898 3
842 899 3
842 900 3
843 901 3
844 902 3
846 904 3
847 905 3
851 909 3
852 910 3
853 911 3
857 915 3
859 917 3
860 918 3
923 924 3
866 924 3
868 925 3
870 871 3
871 872 3
874 875 3
875 876 3
819 876 3
877 878 3
878 879 3
880 881 3
882 883 3
883 884 3
885 886 3
886 887 3
831 888 3
890 891 3
891 892 3
894 895 3
897 898 3
898 899 3
899 900 3
900 901 3
901 902 3
902 903 3
903 904 3
904 905 3
905 906 3
908 909 3
909 910 3
910 911 3
911 912 3
914 915 3
915 916 3
916 917 3
917 918 3
918 919 3
862 919 2
863 921 3
864 922 3
869 927 3
814 873 3
815 873 3
887 888 3
831 889 3
892 893 3
896 897 3
862 921 2
921 922 3
867 924 3
873 874 3
876 877 3
879 880 3
884 885 3
889 890 3
895 896 3
906 908 3
922 923 3
926 927 3
888 889 3
893 894 3
862 920 2
925 926 3
919 920 3
920 921 3
924 925 3
872 873 3
906 965 3
908 965 3
889 947 3
888 947 3
923 981 3
873 930 3
965 966 3
908 966 3
918 976 3
919 976 3
922 981 3
923 982 3
924 982 3
872 930 3
875 933 3
876 934 3
877 934 3
878 936 3
879 936 3
879 937 3
883 942 3
884 942 3
885 944 3
886 944 3
900 959 3
901 959 3
906 964 3
916 974 3
920 978 3
880 937 3
880 939 3
881 939 3
885 943 3
891 949 3
894 952 3
895 952 3
899 957 3
900 957 3
902 960 3
903 960 3
904 962 3
905 964 3
908 967 3
909 967 3
915 974 3
921 978 3
924 983 3
925 983 3
926 985 3
927 985 3
870 928 3
871 929 3
873 931 3
874 932 3
874 933 3
933 934 3
877 935 3
880 938 3
882 940 3
883 941 3
885 942 3
943 944 3
887 945 3
888 946 3
889 948 3
890 948 3
890 949 3
892 950 3
893 951 3
893 952 3
895 953 3
896 954 3
897 955 3
898 956 3
903 962 3
905 963 3
909 968 3
910 968 3
911 969 3
912 970 3
912 971 3
913 971 3
914 972 3
915 973 3
917 974 3
917 975 3
919 977 3
919 978 3
921 979 3
922 980 3
925 984 3
926 984 3
928 929 3
929 930 3
930 931 3
931 932 3
878 935 3
936 937 3
937 938 3
939 940 3
940 941 3
887 944 3
945 946 3
948 949 3
949 950 3
950 951 3
952 953 3
953 954 3
954 955 3
955 956 3
956 957 3
959 960 3
962 963 3
963 964 3
964 965 3
910 969 3
969 970 3
971 972 3
972 973 3
973 974 3
974 975 3
975 976 3
976 977 3
977 978 3
978 979 3
979 980 3
980 981 3
932 933 3
934 935 3
938 939 3
942 943 3
944 945 3
946 947 3
947 948 3
951 952 3
957 959 3
966 967 3
967 968 3
970 971 3
981 982 3
982 983 3
935 936 3
983 984 3
941 942 3
968 969 3
960 962 3
936 994 3
959 1016 3
984 985 3
957 1016 3
981 1040 3
982 1040 3
985 1043 3
935 994 3
937 994 3
984 1043 3
946 1005 3
960 1019 3
962 1019 3
984 1042 3
939 997 3
940 997 3
941 999 3
947 1005 3
948 1006 3
953 1011 3
965 1023 3
983 1042 3
930 988 3
931 988 3
940 999 3
942 999 3
947 1006 3
952 1011 3
962 1020 3
964 1023 3
967 1024 3
977 1036 3
978 1036 3
983 1041 3
931 989 3
938 996 3
939 996 3
943 1001 3
949 1006 3
955 1014 3
956 1014 3
1019 1020 3
966 1024 3
973 1032 3
974 1032 3
932 989 3
942 1001 3
944 1001 3
1005 1006 3
954 1011 3
966 1023 3
967 1025 3
968 1025 3
970 1028 3
976 1034 3
977 1034 3
977 1035 3
980 1038 3
981 1039 3
982 1041 3
928 986 3
929 987 3
929 988 3
932 990 3
933 991 3
934 992 3
935 993 3
937 995 3
996 997 3
940 998 3
942 1000 3
944 1002 3
945 1003 3
946 1004 3
949 1007 3
950 1008 3
951 1009 3
954 1013 3
955 1013 3
957 1015 3
959 1017 3
960 1018 3
963 1021 3
964 1021 3
964 1022 3
969 1028 3
971 1029 3
972 1029 3
972 1030 3
973 1030 3
975 1033 3
1035 1036 3
979 1038 3
981 1038 3
1039 1040 3
1041 1042 3
986 987 3
987 988 3
932 991 3
934 991 3
992 993 3
993 994 3
995 996 3
998 999 3
999 1000 3
1001 1002 3
1002 1003 3
1003 1004 3
1006 1007 3
1007 1008 3
1008 1009 3
952 1009 3
952 1010 3
1014 1015 3
1017 1018 3
1020 1021 3
1022 1023 3
1023 1024 3
1024 1025 3
969 1027 3
1028 1029 3
974 1033 3
1033 1034 3
979 1036 3
1042 1043 3
990 991 3
991 992 3
994 995 3
997 998 3
1000 1001 3
1004 1005 3
1009 1010 3
1010 1011 3
1015 1016 3
1016 1017 3
968 1027 3
1027 1028 3
1038 1039 3
1040 1041 3
988 989 3
1013 1014 3
1021 1022 3
1029 1030 3
1034 1035 3
1018 1019 3
1030 1032 3
1032 1033 3
989 990 3
1011 1013 3
1036 1038 3
