-0.00813717 0.00302569 8.1333
-0.00713576 -0.00124964 8.23925
-0.0184428 0.00139915 8.59769
-0.0421963 0.0433743 8.67894
-0.0393443 0.0284026 8.72954
-0.0115466 0.0093074 5.76041
0.0435589 -0.129392 12.6572
0.0595203 -0.146761 10.4155
0.0678291 -0.311687 11.2401
0.0485419 -0.154374 13.8949
0.000490469 -0.0683309 22.7332
-0.0534725 0.000900295 34.9371
-0.0951092 0.0122273 45.0461
-0.0574158 -0.0227343 34.7616
-0.0543918 -0.00972528 33.246
-0.0600519 -0.00913566 34.986
-0.0326781 0.0209421 23.8888
0.0069372 0.0118714 9.91966
-0.000851187 -0.058097 15.6115
-0.00299504 0.478539 3.34012
0.241073 0.0689122 -94.9647
0.0505574 -0.093031 -6.99128
0.00107016 -0.54955 6.92716
0.0138818 -0.0092279 0.313059
0.0334532 -0.0169243 -10.222
0.0584246 -0.0305636 -22.7514
0.0517376 -0.069001 -18.5973
0.0168783 -0.0902937 2.00597
-0.000365538 -0.0852901 11.8655
0.0347998 -0.102674 -8.79576
0.009488 -0.177792 9.40584
-0.00806515 -0.0019093 14.3274
0.0264046 -0.0105513 -9.27573
0.0259345 -0.000243856 -9.12607
0.0215788 -0.00492156 -5.81922
0.0131918 -0.0092726 0.486993
-0.00258857 -0.0101096 12.887
-0.0161786 0.0344518 22.7603
0.011085 0.0311046 0.498573
0.0133964 0.0042455 -1.01928
0.00991754 -0.00743154 2.22696
0.0149825 0.00353352 -2.42803
0.0202343 -0.00314102 -0.88694
0.0258767 -0.0175449 -6.01866
0.0183891 -0.00836977 0.946768
0.0428343 -0.0332317 -22.5536
0.0293029 -0.0308997 -8.99288
0.00329211 -0.0215033 17.2695
-0.00230458 0.0282417 21.7272
0.0109434 0.0113276 8.23362
-0.0120387 -0.0185987 33.8505
-0.0944624 -0.0353535 124.408
-0.0939652 -0.0322691 123.278
-0.0250373 -0.0486385 36.623
0.0161361 -0.0675376 -10.4332
-0.00731904 -0.0654101 17.0566
-0.0206802 -0.0703499 33.403
-0.0511232 -0.0648775 70.2273
-0.000401958 -0.000618264 7.82054
-0.0309014 -0.00419488 9.02549
-0.0297854 0.0046207 8.89949
-0.0325913 0.0122248 8.96995
-0.0430079 0.00210099 10.3189
-0.0228991 0.0134388 6.95813
0.000362363 -0.00355247 4.75974
0.0220604 0.0272557 0.0260069
-0.00394766 0.0141574 4.87358
-0.00542718 0.0132409 5.03503
-0.013296 0.0200586 6.50068
-0.0071645 0.0267705 4.78783
-0.00172649 0.0232718 3.58095
0.184312 -0.595535 -23.6909
-0.0670112 -0.000729904 37.2457
-0.0599065 0.0758624 31.7861
-0.00924524 -0.00869802 16.4992
0.0248996 -0.0127049 4.59075
-0.0515436 -0.0294265 33.6958
-0.0171116 -0.0524441 19.6699
0.0138929 -0.10181 7.65937
-0.131622 0.00587679 69.5034
-0.0579888 -0.0417898 37.0196
0.0119655 -0.0113515 1.55598
0.0160605 -0.0261886 -0.814846
0.0507304 -0.0394015 -18.8586
0.0442122 -0.0690277 -14.254
0.030892 -0.0676563 -7.20073
0.0091665 -0.0842054 6.75824
0.0131351 -0.112775 5.07281
-0.0136046 -0.0918686 21.4435
-0.00074094 -0.0123432 9.37149
0.0280147 0.000328237 -10.7354
0.0194751 -0.00151096 -4.43909
0.0273246 0.00206037 -10.4503
0.00891825 0.00283976 3.5118
-0.00380342 -0.0116545 13.6278
0.00740639 -0.00539824 4.33941
0.0126078 0.00996326 -0.297633
-0.0249648 -0.00214866 31.895
0.00724033 -0.00667609 4.37086
0.00453413 -0.0124654 7.17371
-0.00993122 -0.00810068 27.0032
0.0238044 0.0089457 -4.71966
0.0229617 0.00203558 -3.64438
0.0273477 -0.0109862 -7.48871
0.0231974 -0.021844 -2.97648
0.00894897 -0.0221113 11.8295
0.00181332 0.0023134 17.9866
0.00579657 -0.00995077 14.3391
-0.0307362 -0.0263809 54.6086
-0.0762701 -0.0213865 103.901
-0.0595201 -0.153348 82.3116
-0.0736926 -0.0557378 93.7461
-0.00651697 -0.0734138 16.392
-0.00905339 -0.0543884 19.0893
-0.0160883 -0.0736608 28.6475
-0.039466 -0.0666777 56.3329
0.0135283 -0.0107385 8.10026
-0.00743685 -0.00102552 8.10209
-0.0147534 0.00832965 7.80425
-0.0241824 0.0198296 7.37983
-0.0415075 0.00989797 9.26639
-0.0280363 0.00625722 7.77592
0.00312158 0.00335077 4.03558
0.00469803 0.00949911 3.51961
-0.00131689 0.00475989 4.89797
-0.00502417 0.0111088 5.21316
-0.00377595 0.0174591 4.57865
-0.00732523 0.0203888 5.36762
-0.00447914 0.0281786 4.08224
0.0109297 0.0194382 0.141378
0.0278454 -0.0176207 -2.87615
0.034834 -0.0492391 -3.1894
-0.00768511 0.0140849 15.144
-0.025712 -0.0203901 23.6823
-0.0722355 -0.0162096 41.4104
-0.0453017 -0.0337179 30.5651
-0.0224433 -0.0533644 22.7794
-0.0627717 -0.0252537 39.0659
-0.0198281 -0.0225321 17.57
-0.0081011 -0.0130258 12.6331
0.010384 -0.0259059 2.72764
0.037261 -0.0263877 -11.6177
0.02773 -0.042673 -5.8356
0.0252066 -0.0547597 -4.34124
-0.000834652 -0.0644729 11.895
-0.0060201 -0.0787174 15.3274
0.0185511 -0.0628038 -1.22172
0.0366167 -0.027308 -15.2085
0.0212228 -0.0015061 -5.62973
0.0379405 0.00356242 -18.1393
0.0404848 0.0192522 -20.6569
0.013843 0.0105921 -0.280355
-0.0133602 0.0126564 20.4842
0.007323 0.0105146 3.59191
0.0145475 0.0020589 -1.78381
-0.016893 0.00353961 24.7036
0.00793257 -0.0111899 3.91408
-0.0110799 -0.0197393 21.3852
0.0120367 -0.0184714 7.64072
0.0474311 -0.0180934 -25.1694
0.0364899 0.00727262 -16.543
0.00458144 -0.000619758 14.5883
0.017373 0.000307948 1.88511
0.0179352 -0.0289093 3.12934
-0.00363989 -0.0252237 25.1794
-0.00660791 -0.0379255 28.8878
-0.0282371 -0.0264017 51.8765
-0.00940583 -0.132696 24.4882
-0.0593364 -0.106948 79.7867
-0.0253647 -0.0674692 37.3805
-0.00366612 -0.0779423 12.6693
-0.015212 -0.0449379 24.8702
-0.0287029 -0.0490671 41.3433
-0.00550905 -0.000153139 10.5561
0.0121079 0.00183356 7.39151
0.0045148 -0.00486743 8.10693
-0.00373965 0.0132084 7.13466
-0.0259059 0.0232126 7.87056
-0.0470574 0.0297315 9.0763
-0.0240768 0.0236577 6.32285
-0.00729102 0.0185484 4.67818
-0.00324011 0.0226553 3.87849
-0.00398051 0.0113365 4.84798
-0.0050834 0.00628268 5.4573
-0.00722369 0.0120411 5.42149
0.002633 0.00596074 3.6804
0.00196485 0.0226487 2.67508
0.000878476 0.0204975 3.16753
0.00957651 0.00666373 1.42439
0.00589451 0.000687658 2.96858
0.0158969 -0.014559 0.610403
0.0605908 -0.0349219 -14.4569
-0.0703081 -0.0375924 42.134
-0.0427204 -0.0419358 30.7863
-0.0226773 -0.0559295 23.317
-0.0371505 -0.0283699 27.5096
-0.0488275 -0.0216893 31.2139
0.00576074 -0.0372417 5.9313
0.00275558 -0.0342242 7.16756
0.00492837 -0.0698575 8.82447
-0.00470149 -0.0530568 13.339
0.0402887 0.0201783 -18.8942
-0.0102426 -0.066796 18.3422
-0.010157 -0.0769062 18.246
0.0555961 -0.0218669 -29.8289
0.0890415 -0.029842 -51.8685
0.0625715 -0.0203059 -33.4283
0.0363635 -0.0057475 -16.1976
0.0320253 -0.00111986 -13.1147
0.00735424 -0.00881371 5.98578
-0.0136219 -0.0120366 22.4117
-0.00767232 -0.00982283 17.3495
0.0171851 -0.00524721 -3.29018
-0.0223629 -0.0211806 31.2181
0.0197306 -0.0146532 -6.19929
0.00872005 -0.00842112 2.99178
0.08671 -0.0831846 -57.3624
0.0591936 -0.0489793 -34.0979
0.0366821 -0.022413 -15.0725
0.0207461 -0.012749 -0.263474
-0.00571137 -0.016729 26.3141
0.000871686 -0.043809 21.4775
-0.0175577 -0.0462435 40.922
-0.0317507 -0.0481094 55.9283
0.0142259 -0.0922136 -4.58505
-0.000462768 -0.0545373 8.98124
0.00164913 -0.0500526 6.64545
-0.0320829 -0.030953 43.4065
-0.00301407 -0.0217815 8.84147
9.39198e-05 -0.0504874 7.51499
-0.001073 -0.0166543 6.12867
0.109284 0.194679 -144.65
0.0103856 0.0105195 6.53043
0.00435721 0.00514151 7.26105
0.00741352 0.00946833 6.64115
-0.0238861 0.0128265 8.53085
-0.0388073 0.00289572 10.6432
-0.0231948 0.0197411 6.63408
0.00812426 0.0380086 0.906188
-0.0101993 0.0375841 4.11968
-0.0238777 0.027958 7.08298
-0.00544962 0.00864862 5.31786
-0.00372386 0.0174087 4.13311
0.00233155 0.015475 2.90526
0.00466934 0.0106256 2.87628
-0.000467301 0.015172 4.00133
-0.00165869 0.0136238 4.34768
0.00138704 0.0100228 3.61156
0.00490287 0.00854014 2.63033
-0.0047504 -0.00240241 7.21019
0.0980629 -0.124782 -19.4249
-0.00975711 -0.105811 22.4393
-0.0120315 -0.0796062 20.8806
-0.0594446 -0.0399309 39.1719
-0.0400462 -0.0208309 27.4565
0.00402799 -0.0463602 8.18857
-0.027826 -0.0554263 24.8752
-0.0052379 -0.0553075 12.4063
-0.00987066 -0.0793084 18.2247
0.00556964 -0.0817849 9.60026
-0.0225377 -0.0867845 27.9343
-0.0207196 -0.0824106 25.7834
0.0577911 -0.0511139 -28.7104
0.105386 0.0229206 -66.556
0.0535691 0.000441366 -28.5968
0.0280365 -0.00543691 -10.3847
0.0309902 -0.00829147 -11.9956
-0.00957872 -0.0308388 20.8728
-0.0104337 -0.0254352 21.0672
0.0146049 -0.0182116 -0.124199
-0.000456497 -0.0200372 12.9118
-0.0400833 -0.0379962 47.648
0.0205089 -0.0312344 -5.61194
0.0907102 -0.0684938 -64.4406
0.155865 -0.118412 -119.215
0.125111 -0.08548 -92.757
0.0565505 -0.0241197 -33.856
0.0218688 -0.0126637 -1.53416
-0.00173542 -0.035022 24.1751
-0.0119411 -0.0254883 33.3139
-0.0117644 -0.0350153 33.7432
-0.0279202 -0.0302659 50.3044
0.00290749 -0.021715 2.60987
0.00334379 -0.0207211 2.20426
0.00124041 -0.0107145 3.58803
-0.00996669 -0.0136345 16.7357
-0.00867579 -0.01216 15.0438
0.00388912 -0.0304264 1.06582
0.0201853 -0.0167008 -19.7019
0.0203514 0.00231981 -21.4755
0.00869507 0.0124812 6.26234
0.0102572 0.0161989 5.76863
-0.00205463 0.0221594 5.69004
-0.0352809 0.0191836 8.48283
-0.036592 0.0354324 6.01275
-0.0216587 0.0176256 6.50112
0.0127431 0.0236642 2.00125
0.000860327 0.0281976 3.39653
-0.0152149 0.0359591 5.01234
-0.0234693 0.0279273 6.96111
0.00461993 0.0244844 1.48976
-0.00150917 0.0236201 3.04903
-0.00173596 0.0193445 3.52816
0.00583402 0.00813502 2.85364
0.000994033 0.00788867 4.16484
0.000446335 0.0189597 3.03296
0.00821568 0.0189735 0.740442
-0.0602079 -0.0109935 29.0708
0.00505297 -0.0503639 8.66792
0.0492141 -0.0835507 -6.2996
-0.00334026 -0.102233 19.0303
-0.0165079 -0.264836 44.6039
-0.0211069 -0.0625115 22.4248
-0.0197716 -0.0560957 21.5521
-0.0332784 -0.063937 29.0048
-0.0115444 -0.0313549 12.4986
-0.00417981 -0.059835 12.3558
-0.00618149 -0.0758353 15.5875
-0.0121684 -0.06185 17.3487
0.0109785 -0.0451621 0.941545
0.103015 -0.013238 -62.0428
0.0843078 -0.0139937 -47.8749
0.0188159 -0.0275542 -0.867231
0.0304605 -0.0132906 -11.1253
0.0165232 -0.0258047 0.883708
0.002367 -0.0395493 12.6977
-0.00138337 -0.0370794 14.9301
0.0195637 -0.0153783 -4.11001
-0.021911 -0.0365583 32.6896
-0.0342726 -0.042896 43.836
-0.0759254 0.0849745 59.3171
0.00278535 0.0615964 -7.94025
-0.00335443 -0.0672093 13.5468
0.00297254 0.088417 -11.2289
0.017977 -0.00315026 1.26571
0.00806656 -0.00734038 11.4372
-0.00398355 -0.0312368 25.955
-0.0121625 -0.0420253 35.3524
-0.0164338 -0.0236723 37.9552
0.00980502 -0.0138581 8.64944
0.04024 -0.00173969 -25.3845
0.0407434 -0.00355242 -25.7341
0.0437479 -0.00904453 -28.3528
0.0351397 0.00217745 -19.8923
0.0442953 -0.00240957 -29.9857
0.0381377 0.000146041 -23.3138
0.0311272 -0.00923788 -13.3295
0.0239762 0.000131647 -5.78319
0.00662348 0.0320672 3.55874
0.00925688 0.0366216 2.89148
0.00659361 0.032951 3.85185
-0.0264094 0.0423166 4.58193
-0.0253881 0.0400641 4.0365
-0.00187965 0.0286089 3.06383
0.00839897 0.0406618 0.489328
-0.00554014 0.0313574 3.87396
-0.0310558 0.0387914 6.98152
-0.0189881 0.0418761 4.00721
0.0125861 0.0375982 -2.27292
-0.0114464 0.0321757 4.40876
-0.00591179 0.0267327 3.73567
-0.00790804 0.0247863 4.54541
-0.00352785 0.0151951 4.58549
0.00129659 0.0105603 3.8224
-0.0575708 0.0162832 24.5959
-0.0676418 -0.00619396 31.1278
-0.043616 -0.0247571 23.8964
-0.00452827 0.0129979 3.15585
-0.00996881 -0.0234008 9.91051
-0.0107253 -0.00739957 9.25413
-0.0153878 -0.0241339 13.0802
-0.0118292 -0.0598717 17.0372
-0.0171998 -0.0376131 17.097
-0.00148022 -0.0260225 6.23407
0.000947786 -0.0473783 7.72271
-0.00408162 -0.0216687 7.19759
-0.00117993 -0.0232403 5.81363
0.0492613 -0.0188724 -26.0004
0.0787984 -0.0322586 -43.3283
0.098469 -0.0611606 -51.4
0.0462724 -0.0374996 -18.561
0.0174006 -0.0382849 1.36532
0.0209638 -0.0380949 -0.762788
-0.000655552 -0.0357706 14.7466
0.0128133 -0.0244719 2.11818
0.0207463 -0.0193848 -4.48748
-0.0580649 -0.0398758 62.7418
-0.0653253 -0.0533424 70.6747
-0.03028 0.0536255 24.2668
0.0029159 0.144331 -18.041
0.00617364 0.148378 -22.0029
0.00939908 0.121212 -21.1251
0.0271558 0.104905 -35.0303
0.0223567 0.0468597 -22.1517
0.00910909 -0.0331051 12.7965
-0.0156196 -0.0355772 37.8674
-0.00347773 -0.031309 24.7277
0.0234865 -0.0124866 -6.1728
0.0476408 0.0052679 -34.4764
0.0375621 -0.00644203 -21.6986
0.0414254 -0.00303682 -26.4494
0.0360783 -0.00965028 -19.3093
0.0387845 -0.00310986 -23.1922
0.0394226 -0.00109675 -24.1442
0.0258317 -0.0111951 -6.50882
0.0224254 -0.00980399 -2.60862
0.00327962 0.06011 0.160721
-0.00545709 0.0505219 1.6974
0.010578 0.0379572 3.20694
-0.0346056 0.04348 5.45211
-0.0334405 0.0439155 4.61341
0.00101819 0.0664843 -2.65923
-0.00549353 0.0465718 1.99367
-0.0167603 0.0451704 3.9425
-0.03025 0.0527373 5.17655
-0.0243391 0.0494677 4.54562
-0.0152113 0.0541812 1.62811
-0.0081377 0.0330377 3.46213
-0.00790955 0.029056 4.18266
-0.0195976 0.0352455 6.33298
-0.0117291 0.0269975 5.30357
-0.00956343 0.0214126 5.5737
-0.0174899 0.0197331 8.77529
-0.0513732 0.0306446 18.962
-0.0409782 0.0175452 16.6225
-0.0251508 0.0584036 4.19714
0.012932 0.0206333 -6.03836
-0.0328755 0.0191512 14.9851
-0.0310377 -0.0134915 19.4325
-0.00898793 -0.0376718 12.2961
0.0130654 -0.0646063 5.30626
-0.00782712 -0.0304219 10.6226
-0.00185415 -0.0277116 6.59762
-0.0129112 -0.0110696 10.817
0.00609401 -0.023784 1.56762
0.0538707 -0.0390149 -25.7954
0.0325607 -0.0031653 -17.7177
0.0801199 -0.0555345 -40.9132
0.0453312 -0.0706033 -14.1448
0.0217566 -0.0702829 2.76955
0.0356993 -0.0374128 -12.8605
0.0146937 -0.0135397 -1.27602
0.0128567 -0.0135458 0.236749
-0.00707866 -0.0124495 17.0274
-0.027931 0.00212577 31.5541
0.0164663 0.0543891 -15.8441
0.0282169 0.110627 -35.2905
0.0526273 0.0973545 -53.785
0.0415795 0.168144 -55.6769
0.0612799 0.0676316 -56.6302
0.0776608 0.0779336 -74.0589
0.0663725 0.0219826 -53.612
0.0135302 -0.00708382 4.57206
-0.0121747 -0.0156875 31.3554
0.0116246 -0.012169 6.20526
0.0321272 -0.00642457 -16.108
0.0329432 0.00642889 -18.5354
0.0300181 0.0031564 -14.8637
0.0513422 0.0110735 -40.2082
0.0359572 0.00172595 -20.8334
0.0406761 -0.00196565 -26.0807
0.0211076 8.47619e-05 -3.00527
0.0311119 -0.0014354 -14.7788
0.0242559 -0.0117184 -4.77835
0.00601141 0.0553983 0.667021
-0.0167233 0.0527442 1.3285
-0.00389452 0.0675785 -1.70159
-0.0305962 0.0550784 2.33356
-0.0270202 0.0624806 0.502732
0.00381383 0.0597398 -2.03856
-0.00608555 0.0693309 -2.58607
-0.0141595 0.0476251 2.64786
-0.02001 0.0376065 5.56542
-0.00256445 0.0878472 -7.36958
0.0218868 0.09908 -15.0177
-0.0273234 0.0713774 1.27617
-0.00665609 0.0339482 2.80143
-0.00986468 0.0817846 -5.05577
-0.0304355 0.0809013 1.51441
-0.0281847 0.0556164 5.72295
-0.0138259 0.0594113 0.384774
-0.0481767 0.0656155 11.7437
-0.0315932 0.0846841 2.03732
0.00193375 0.205749 -33.4581
0.0181226 0.220795 -43.1367
-0.0198908 0.0735705 1.03039
-0.0318742 0.248028 -25.6649
-0.00901616 0.268505 -40.2972
0.00268726 0.282123 -48.9982
-0.0187815 0.264187 -34.2657
-0.00948326 0.224573 -31.3962
0.00606437 0.0073364 11.7594
0.00647067 0.00440654 12.1787
0.00603362 0.310442 -55.9754
-0.00723539 0.366365 -57.4825
0.0236625 0.295125 -64.6401
0.0189395 0.0506236 -17.2894
0.0313091 0.0162938 -19.8703
0.0404288 0.048767 -31.9772
0.018141 0.0585073 -16.7236
0.00272362 0.0332441 -0.271979
0.0270626 -0.0037954 -12.4681
0.0015906 0.0552765 -2.69086
0.0289362 0.123973 -38.2749
0.0285573 0.0946984 -32.5549
0.0293846 0.0903404 -32.2537
0.0510851 0.0672773 -47.3455
0.0732469 0.0831334 -70.905
0.0696598 0.0833146 -67.2576
0.0390702 0.0643303 -34.0037
0.0300379 0.0340294 -18.9867
-0.0173211 0.0236472 29.8605
0.0306366 0.0207764 -19.1965
0.0211175 0.0196071 -8.40082
0.0367386 0.0127586 -23.989
0.0456877 0.0130355 -34.2782
0.0595781 0.0147079 -49.8236
0.0498673 0.0152306 -38.7923
0.0337405 0.0197858 -21.5615
0.0222973 0.0168656 -7.38277
0.0265012 0.0263162 -14.3379
0.0159119 0.00883544 1.77476
0.0049358 0.102022 -8.64096
-0.00474922 0.128022 -13.8852
-0.0199076 0.147448 -17.0718
-0.00959911 0.180213 -24.3372
0.00736677 0.199069 -29.9639
0.0170955 0.190434 -29.5685
-0.00840707 0.165595 -21.4319
-0.00766809 0.195026 -27.4383
0.0110106 0.276376 -47.4743
0.00761106 0.138054 -19.2089
0.00425768 0.253522 -41.2964
-0.012627 0.212812 -28.893
-0.00730158 0.300233 -48.7434
0.00373066 0.22323 -35.9221
0.00875914 0.323296 -58.3194
0.012131 0.336044 -62.0407
0.00415978 0.341394 -60.505
0.025776 0.310267 -62.5724
0.0115213 0.306046 -56.6573
0.0187771 0.293762 -57.0602
-0.00565701 0.28693 -45.0935
-0.0168699 0.282824 -38.922
-0.02067 0.273414 -35.605
-0.00469931 0.302214 -49.28
0.00782414 0.308193 -56.9835
0.0102465 0.315665 -59.8301
0.0793988 0.0107954 -32.1718
0.0452392 -0.00293434 -9.25294
-0.00538485 -0.00637185 21.5439
0.0226644 0.209849 -46.0255
0.026074 0.276568 -61.4489
0.00650388 0.285123 -50.056
0.0245746 0.332359 -72.8635
0.0101845 0.387345 -74.6117
0.00592322 0.390934 -71.9804
-0.00400484 0.397411 -65.712
0.00513817 0.417539 -77.4101
0.00286643 0.423791 -76.5818
0.00105358 0.405288 -71.021
-0.00258952 0.211299 -28.1179
0.0235299 0.157946 -39.9531
0.0238348 0.164498 -41.5654
0.0332554 0.111409 -40.2462
0.0675506 0.107761 -70.1938
0.0408582 0.0782615 -38.3923
0.018901 0.0646868 -14.515
-0.00432995 0.0530141 11.5453
-0.0162893 0.0417079 24.8173
0.0250123 0.0251248 -13.9515
0.0285578 0.0211415 -16.7794
0.0326378 0.0209875 -21.3554
0.045439 0.0798944 -48.4139
0.0698146 0.0316269 -65.0167
0.0540181 0.0350416 -47.3274
0.0441627 0.0469994 -39.0563
0.0184552 0.0266492 -4.35469
0.00807951 0.019907 9.60309
0.0131031 0.0219666 2.89719
0.0353219 0.221924 -34.69
0.0204219 0.246231 -39.1447
0.0165 0.267688 -44.0632
-0.000672617 0.277164 -44.9939
-0.00922929 0.26912 -42.6574
-0.00375771 0.244403 -37.5644
-0.00521056 0.267503 -42.5976
0.000674187 0.273777 -44.9429
0.00829495 0.334857 -60.1286
-0.00246439 0.329562 -56.8285
6.79223e-06 0.340425 -59.7738
0.00133329 0.296293 -50.2473
-0.00163596 0.338501 -58.834
0.00273684 0.338552 -59.714
0.0113575 0.341055 -62.1908
0.00885786 0.337606 -60.5212
-0.00438367 0.30009 -47.7117
-0.00725261 0.284768 -43.1858
-0.0123086 0.28769 -41.7158
-0.0103336 0.28204 -42.1656
0.00836914 0.300713 -54.648
0.00895644 0.302834 -55.4834
-7.62022e-05 0.321693 -55.3924
-0.000264497 0.323127 -55.7621
0.0142402 0.321752 -63.1637
0.0266131 0.298633 -64.4047
-4.17451e-05 0.281348 -45.6812
0.00807006 0.294722 -53.4689
0.000717559 0.226683 -33.3328
0.00278262 0.283643 -48.229
0.0330543 0.284323 -67.9044
0.0178712 0.295161 -59.8836
0.00672855 0.325868 -58.8844
-0.00158466 0.339056 -55.4166
0.000287185 0.305024 -48.5054
0.0129153 0.31794 -60.8433
0.00798196 0.345293 -63.8286
0.0252999 0.341086 -76.5902
0.021914 0.334886 -72.4326
0.00614488 0.425694 -79.9941
-0.0320603 0.421435 -46.0146
-0.0329885 0.50261 -62.9247
-0.0428526 0.260747 -0.564575
0.00111142 0.132298 -13.1865
0.0282063 0.11242 -33.9661
-0.00198124 0.123893 -7.35212
-0.0215306 0.0814807 21.9746
0.0202063 0.0887018 -22.7576
0.0322453 0.0616027 -29.8572
0.0380106 0.104906 -44.7966
0.0513706 0.138103 -67.6435
0.0675143 0.114778 -80.1099
0.0389419 0.115784 -47.8452
0.0289344 0.0509037 -21.7591
0.0266566 0.0414128 -17.3498
0.00981575 0.0242418 6.44827
0.0040774 0.0208056 14.0412
0.0122989 0.0256209 2.8813
0.048759 0.283792 -49.0096
0.0359975 0.297315 -52.0382
0.0212845 0.31107 -54.9093
0.0208545 0.321623 -57.6886
0.00626766 0.285011 -47.9495
0.007878 0.276629 -46.2981
0.0097634 0.353082 -64.9628
0.0256925 0.356059 -68.3252
0.00906901 0.361723 -66.6536
0.0162242 0.329105 -59.508
0.00039975 0.362762 -64.5718
0.00212709 0.348994 -61.7712
0.00150449 0.32142 -54.5357
0.000332069 0.293914 -47.5116
-0.00995321 0.273812 -39.4951
-0.0163941 0.279631 -38.8632
-0.0125226 0.271014 -38.3046
-0.0173578 0.299939 -43.6499
-0.014451 0.293364 -42.9605
-0.0051198 0.317004 -52.4142
0.00150824 0.327853 -57.9962
0.00535736 0.324911 -58.8614
0.00287506 0.325723 -57.6685
-0.00107035 0.332659 -57.5381
0.00644338 0.319739 -58.2129
-0.00381573 0.304762 -48.8052
-0.000388171 0.313907 -53.2784
0.00367111 0.320124 -57.1833
-0.0027206 0.318879 -52.9452
0.00619238 0.30802 -56.1024
0.015157 0.322853 -65.4009
0.0239341 0.299765 -65.3727
0.0267222 0.289385 -64.3236
0.0164019 0.281556 -54.7707
0.0204835 0.309761 -65.188
0.0149839 0.315039 -62.2754
0.0264238 0.334764 -75.502
0.0128386 0.340265 -65.6696
0.0167556 0.328458 -66.5849
0.0231702 0.338307 -74.1421
0.00984582 0.343105 -62.7149
0.0300605 0.284847 -65.656
0.0280282 0.372374 -86.1415
0.0171088 0.332075 -66.4348
-0.269881 0.366826 197.393
-0.189623 0.686812 45.4184
-0.163613 0.546625 54.4243
-0.108048 0.295895 65.501
-0.0444646 0.749458 -112.778
0.0380996 0.147889 -55.0538
0.0405532 0.174253 -62.7567
0.0415573 0.163785 -61.7243
-0.00512692 0.09114 7.7798
2.50584e-05 0.049895 11.8998
0.00916419 0.0350716 4.62158
0.00866833 0.0333958 5.46101
0.0184301 0.0588363 -12.8714
0.018876 0.068058 -15.5266
0.0543779 0.324032 -59.3062
0.0539177 0.338271 -63.123
0.0452364 0.35711 -68.3081
0.0338089 0.3792 -73.4508
0.00882382 0.367654 -68.3059
0.00922395 0.37104 -69.2283
0.0206981 0.364314 -68.5042
0.00046353 0.325018 -54.8525
-0.00208876 0.31646 -51.9518
-0.0106017 0.255388 -34.2823
-0.00167754 0.312442 -51.2937
-0.00893593 0.275034 -40.3898
-0.0022246 0.277534 -42.9479
0.00402909 0.292126 -48.8504
0.00595907 0.305765 -53.2521
-0.00526827 0.314771 -52.0113
-0.00611176 0.307968 -49.9368
0.00216267 0.320434 -56.2114
0.00413228 0.324779 -58.252
0.00568342 0.321735 -58.0399
0.00308055 0.322342 -57.0258
0.00840924 0.30693 -55.2526
-2.68315e-05 0.319626 -54.7432
-0.00071457 0.32062 -54.5889
0.00575701 0.324294 -59.1652
0.00148794 0.324911 -56.9452
-0.00197655 0.323252 -54.4923
-0.0012641 0.327651 -56.0544
-0.002583 0.329799 -55.7885
0.00621564 0.327729 -60.8172
0.0118572 0.311072 -60.0288
0.0107453 0.302392 -56.9156
0.0181352 0.298773 -61.0759
0.0326754 0.28892 -68.506
0.0251285 0.295038 -64.4107
0.0159823 0.315062 -63.0338
0.0452521 0.280579 -76.8876
0.0636547 0.297033 -95.1187
0.0226997 0.320584 -68.4814
0.00272656 0.339791 -57.5223
0.00276772 0.31049 -49.6527
0.0339475 0.296894 -72.8787
0.0285166 0.310782 -71.4343
0.045421 0.285545 -80.3009
0.0411004 0.284616 -75.9971
0.0931876 -0.0216396 -35.3118
0.116511 -0.0343756 -55.2859
0.156701 0.0400519 -115.357
-0.00113035 0.0239961 47.8679
-0.00500594 0.0824874 36.0573
0.013711 0.066611 19.4128
0.0732985 -0.013907 -23.319
0.0797901 0.00187706 -34.8889
0.154822 0.0239489 -126.939
0.197263 0.0350871 -178.72
0.012926 0.0649771 -7.52551
0.127022 0.00529089 -85.3646
0.0374049 0.0902584 -43.4079
0.0576865 0.339891 -63.5889
0.0680187 0.336381 -62.6854
0.0494135 0.335321 -61.1095
0.0248528 0.343656 -62.2829
0.0128318 0.34127 -60.7091
0.00648713 0.308084 -51.283
-0.0167616 0.274441 -38.4949
-0.0226082 0.263603 -34.8007
-0.0205207 0.247022 -30.4158
-0.00743518 0.271181 -39.5967
-0.0101555 0.285219 -43.1924
-0.00219454 0.312541 -52.9739
0.0036969 0.305219 -52.2662
0.00547127 0.312269 -54.6362
0.00842997 0.319568 -57.9049
0.00550994 0.3185 -56.6329
-0.000888794 0.317151 -54.0105
0.000541323 0.323541 -56.4795
0.00547979 0.324267 -58.4926
0.00261773 0.325395 -57.7602
0.00386221 0.328905 -59.2973
0.0033505 0.327752 -58.7379
0.00242324 0.321354 -56.4729
0.0046027 0.323537 -58.2051
0.00222012 0.326998 -57.996
0.00294682 0.327488 -58.5152
0.00150413 0.324665 -56.9622
-0.000769722 0.330322 -57.0815
0.0043511 0.323736 -58.334
0.00472308 0.324084 -58.7618
0.00816393 0.3204 -60.0043
0.00624523 0.316686 -57.8506
0.00978274 0.316813 -60.3145
0.0286095 0.297552 -68.0971
0.0326673 0.285297 -67.4546
0.039003 0.284483 -71.8147
0.0437224 0.298109 -79.8597
0.0417956 0.284383 -74.3782
0.0212019 0.302487 -62.0167
-0.00321946 0.2813 -35.7032
0.0235127 0.287971 -60.784
0.0414716 0.276959 -72.6059
0.0156801 0.321771 -62.9897
0.0468116 0.293277 -83.5843
0.0586403 0.283612 -91.5502
0.0687467 0.0402653 -29.3862
0.0898055 -0.0163864 -34.0299
0.0662593 0.114618 -48.4398
0.030644 0.0922727 -5.00775
-0.0116699 0.0809218 43.9242
-0.0374578 0.106827 63.5205
0.0364243 0.056111 -3.49527
0.10114 0.0201013 -64.872
0.178957 0.0314522 -156.806
0.191294 0.0243819 -168.839
0.178227 -0.00477758 -144.098
0.148194 0.0241286 -116.738
0.12047 0.0393011 -87.3297
0.042741 0.322886 -58.1028
0.0307625 0.280111 -44.2161
0.00229245 0.260986 -36.6609
-0.00725664 0.24354 -30.6751
-0.00828535 0.257638 -34.9566
-0.00788787 0.267376 -38.5137
-0.00130757 0.274766 -41.5464
-0.0182283 0.291118 -44.2502
0.00107217 0.301008 -50.3598
0.0105677 0.306299 -53.8651
0.00577267 0.317981 -56.3196
0.00124612 0.328184 -58.4392
0.00912339 0.329037 -60.7391
0.00411799 0.322127 -57.1859
0.00212149 0.319744 -55.801
0.00371685 0.324849 -58.0417
0.00189059 0.325335 -57.5236
0.00278563 0.332438 -60.0261
0.00476298 0.328112 -59.5055
0.0074102 0.328349 -60.5913
0.00228662 0.329222 -58.6166
-9.04887e-05 0.329015 -57.5512
-0.00364055 0.323527 -54.1656
0.00605103 0.326549 -59.9485
0.00538412 0.326216 -59.4086
0.000481323 0.323645 -55.9475
0.00538314 0.32375 -58.7709
0.00520921 0.32488 -58.9167
0.00215666 0.3282 -58.2992
0.00312078 0.326158 -58.322
0.00423395 0.316651 -56.0456
-0.000673203 0.329 -56.7507
0.00522781 0.325828 -59.7921
0.00829594 0.316366 -59.1927
0.0205962 0.30278 -63.8673
0.0340177 0.286396 -68.8897
0.0354848 0.287121 -70.0891
0.0301369 0.296257 -68.8607
0.0236297 0.278318 -57.4676
0.0143793 0.284865 -52.2682
0.033864 0.296985 -72.7106
0.057505 0.280255 -88.5799
0.0398424 0.291719 -75.4623
0.0358465 0.2749 -66.6654
0.0510495 0.269353 -80.3198
0.0414897 0.293438 -77.9743
0.0423126 0.279801 -74.976
0.0485382 0.224056 -63.4231
0.0103445 0.194681 -14.8997
0.0277148 0.142084 -17.4197
-0.0159715 0.154418 26.0695
-0.00399668 0.186506 2.67293
0.093391 0.0829742 -74.4676
0.167865 0.0615312 -152.731
0.159237 0.0534017 -139.998
0.175515 0.0285343 -151.429
0.184494 0.0332303 -163.62
0.156352 0.0507854 -134.689
0.0161069 0.304405 -51.8741
0.0109336 0.286172 -45.6518
0.0112744 0.294507 -48.5959
0.00608384 0.291019 -47.3124
0.00404454 0.293667 -47.9203
-0.00118279 0.313607 -53.7898
-0.00174459 0.31671 -54.8515
0.00538708 0.325134 -58.7448
0.0057218 0.329208 -60.0809
0.00551449 0.32272 -57.8803
0.00654047 0.322214 -57.7748
0.00776606 0.333472 -61.7684
0.00352313 0.323375 -57.3424
0.00690318 0.322169 -57.9394
0.0095552 0.323489 -59.2488
0.00441401 0.331631 -60.2707
-0.000351927 0.322905 -55.7608
-0.00203102 0.328337 -56.884
0.00460591 0.321548 -57.3287
-0.000900071 0.327289 -56.8482
0.0024979 0.322327 -56.6059
-0.00174712 0.312436 -51.3646
-0.00119955 0.326397 -56.3061
0.00302968 0.328754 -59.174
0.00118426 0.321914 -55.8474
0.00565891 0.327802 -60.2277
0.00603575 0.319522 -57.6194
0.000180556 0.325817 -56.3584
-0.00102469 0.325344 -55.4695
0.00510066 0.318749 -57.1321
0.0114399 0.319909 -61.6656
-0.00244192 0.334402 -57.2303
-0.00532451 0.327095 -52.7547
-0.00182009 0.329361 -55.9768
0.00871551 0.325742 -62.4732
0.0140807 0.314599 -62.7419
0.0357615 0.285961 -70.0303
0.0475616 0.282884 -78.17
0.0234113 0.302469 -65.3606
0.0218748 0.297879 -62.4973
0.0201955 0.304056 -62.9629
0.0191789 0.297517 -60.0331
0.02541 0.293554 -63.5753
0.0210825 0.286606 -57.0739
0.0611807 0.261755 -88.0014
0.0824281 0.262436 -108.122
0.0401633 0.273214 -70.3278
0.0307754 0.276504 -62.4225
0.0258407 0.273034 -56.5559
-0.00795294 0.280244 -23.0389
-0.031346 0.267331 6.07185
-0.0409578 0.257451 20.2312
0.151093 0.0608768 -133.1
0.155208 0.108831 -153.54
0.145887 0.0993916 -139.904
0.0970173 0.064224 -68.7896
-0.027896 0.124489 60.9298
-0.0799722 0.177657 106.452
0.00709906 0.296836 -49.2208
0.00795678 0.289879 -46.7956
0.0107 0.291489 -47.471
0.00867329 0.30247 -51.1302
0.0166243 0.31328 -55.6554
0.0114361 0.314164 -55.2863
0.00229893 0.327871 -59.0607
0.00344641 0.338132 -62.8861
0.0034729 0.325726 -58.4898
0.00723911 0.314825 -55.3276
0.00591793 0.319515 -56.7256
0.00574682 0.322051 -57.4847
-0.00280569 0.320006 -54.4348
0.0050814 0.320876 -56.9856
0.00636146 0.319512 -56.7839
0.00893774 0.322113 -58.5561
0.000744304 0.319872 -55.0107
0.00252855 0.321993 -56.4284
0.00157893 0.319367 -55.1436
-0.00216023 0.320612 -54.0978
-0.00152146 0.316359 -52.8207
0.00819304 0.311727 -55.6328
0.00308377 0.320514 -56.2783
0.00141749 0.324754 -56.932
0.00582875 0.31832 -56.9509
0.00348377 0.323556 -57.4246
-0.00518733 0.312762 -48.7876
0.00165911 0.312622 -52.7517
0.00338954 0.328035 -59.1699
0.00162781 0.322055 -56.0004
-0.000548965 0.315789 -52.3267
0.00478577 0.313928 -55.1708
-0.00324013 0.312949 -49.229
0.00248518 0.318051 -55.1135
0.00846419 0.320427 -60.368
0.00770279 0.318663 -59.1628
0.013118 0.315496 -62.2736
0.0342197 0.279405 -66.3358
0.0324137 0.284131 -66.3817
0.0337816 0.30935 -76.654
0.0360635 0.298907 -75.2854
0.0378455 0.291559 -74.0343
0.0371239 0.271543 -66.064
0.0217605 0.262238 -48.52
0.0381136 0.281676 -71.5888
0.0716764 0.298994 -110.045
0.0425267 0.301486 -81.8139
0.0248605 0.295996 -62.4822
0.0139904 0.296262 -51.6371
-0.0307732 0.303981 -6.42248
-0.0433578 0.291821 11.0496
-0.0471273 0.252257 28.9009
0.0111514 0.239397 -32.0962
0.0850663 0.196541 -101.568
0.0943117 0.125291 -86.239
0.0492599 0.107208 -26.4632
-0.00678366 0.130604 32.8443
-0.00494435 0.140812 27.1561
0.00354624 0.293213 -47.9009
0.0041496 0.287965 -45.9918
0.00711624 0.27242 -40.407
0.0212733 0.265462 -38.9154
0.01754 0.301066 -51.2426
0.0197551 0.296925 -49.991
0.0080688 0.315677 -55.4655
0.00392393 0.328662 -59.578
-0.00338733 0.300224 -48.0197
0.00348727 0.302729 -50.2584
0.00958807 0.295793 -49.1087
0.00413461 0.298589 -48.7991
0.00769763 0.270763 -39.6018
0.00838567 0.299005 -50.0754
0.00782628 0.292937 -47.7709
0.0109624 0.297482 -50.4402
0.00848107 0.307003 -53.0647
0.000478861 0.309124 -51.0339
-0.00462779 0.305508 -47.7104
-0.00151434 0.305074 -48.7845
0.00730778 0.303074 -51.9502
0.00655415 0.311593 -54.7023
0.0010931 0.305044 -49.7154
-0.00172968 0.30026 -46.5464
0.00642592 0.300879 -50.9814
0.0045017 0.299036 -49.2049
0.00376135 0.303996 -50.7603
0.00213309 0.312346 -52.8726
0.00572577 0.320752 -57.9489
-0.000907439 0.319213 -53.3426
-0.00275583 0.311321 -49.1555
0.00255137 0.299223 -48.3526
-0.000235154 0.303905 -48.1656
0.00180899 0.296249 -46.9062
0.00616395 0.295659 -49.7944
0.0116139 0.305322 -57.4222
0.00981511 0.29624 -52.7626
0.0313575 0.273603 -62.0431
0.0411483 0.299348 -79.186
0.0215944 0.311828 -67.0757
0.0188087 0.313101 -65.1816
0.0389802 0.267535 -66.6375
0.0320278 0.246742 -52.7165
0.0343412 0.256659 -58.6616
0.0376654 0.25606 -61.8544
0.0589809 0.276117 -89.4334
0.0293119 0.269274 -57.3716
0.0412384 0.270236 -70.1366
0.021399 0.291973 -57.2699
-0.021658 0.3031 -16.3667
-0.0492438 0.286651 19.2719
-0.0500597 0.27807 23.1217
-0.014245 0.261535 -11.1018
0.0335864 0.216915 -49.3047
0.0592062 0.112956 -40.4837
0.0469298 0.100135 -21.0526
0.0118223 0.127535 11.2675
0.0116889 0.135784 8.39626
