-0.0219008 0.0507842 25.1158
-0.0180108 0.051652 24.9648
-0.05582 0.0383428 27.2439
-0.0334166 -0.0159042 25.6492
-0.031103 -0.015511 24.571
-0.0157289 -0.04768 23.8219
0.0230054 -0.0443188 17.8911
-0.00497693 -0.0622086 21.5048
0.0174248 -0.161113 20.2324
0.0190993 -0.148813 20.8539
0.00152336 -0.142262 23.484
-0.0239307 -0.0654222 28.3369
-0.0453797 -0.0365584 32.9839
-0.0475555 0.0162689 32.2702
-0.0452664 -0.0135586 31.5892
-0.450724 -0.0810335 164.208
0.0086011 -0.0485575 5.24275
0.0114686 -0.00505142 3.25536
-0.018941 0.00840674 14.3291
-0.0246126 0.00136199 17.2267
0.00443297 0.00451024 4.33721
-0.0114866 -0.0385952 11.5877
0.0208164 -0.0448704 -3.80389
0.0271096 0.00662137 -6.88842
0.0395878 -0.00223533 -13.4798
0.0231654 -0.0394405 -3.66565
0.0488686 0.58346 -31.1985
0.147419 0.233095 -84.9833
0.105977 0.00490393 -56.6824
0.0330355 -0.0987761 -8.33993
-0.0328439 -0.052576 32.8845
-0.0333096 -0.0500365 34.5309
-0.0132631 -0.0305448 18.9898
6.43299e-06 -0.0528781 9.94685
-0.0178644 -0.0679968 23.4535
-0.0283981 -0.0734595 30.7021
-0.0343089 -0.0334165 34.202
0.0134858 0.0406043 -4.39271
0.0486422 0.0466481 -32.0799
0.0212448 0.0206007 -8.66848
0.0136112 0.0280847 -2.2388
0.0151189 0.0147439 -3.59851
0.0284335 0.00745046 -15.5493
0.0413109 0.0284711 -28.0957
0.0915825 0.0212127 -75.3444
0.0561536 0.00517281 -41.0121
0.0945744 0.000195706 -79.1646
0.0341416 -0.0164877 -16.1865
0.0358959 -0.0225813 -17.336
0.0398908 -0.00598506 -21.9103
0.0400733 -0.00233519 -22.3391
0.049653 -0.0279187 -31.8231
-0.0248061 -0.000592212 51.5215
-0.0439446 -0.00160666 73.0961
-0.0166289 -0.0393446 41.3266
-0.296023 -0.166228 373.662
0.0156723 0.0722223 -1.11537
0.110522 0.158708 -118.799
0.0916923 0.0209658 -0.801793
0.0534111 -0.158019 9.18477
0.0655251 -0.193788 10.5679
0.105898 -0.00190493 -0.00954364
-0.0471299 -0.0607639 27.1434
-0.0248101 -0.0477845 24.6784
0.000122002 -0.0581637 21.6657
0.0131789 -0.0592921 18.9956
0.03774 -0.114182 15.232
0.000225341 -0.127906 22.9933
0.019283 -0.174127 19.6293
0.00133582 -0.157882 24.7219
-0.0197146 -0.195679 31.8929
-0.0352882 -0.0910329 31.9665
-0.0451118 -0.0377366 32.8095
-0.0437777 0.00393859 30.5705
0.0299051 -0.0124449 -3.79091
0.0138856 -0.0133269 2.18359
-0.00461596 0.000866647 8.9445
-0.0209347 0.0098909 15.4168
-0.0207349 0.00302414 14.9577
-0.00464048 0.0344758 6.64008
0.116474 -0.519311 -27.9547
0.0206783 0.00822533 -3.29162
0.00600597 -0.018802 5.07179
-0.0230713 -0.0324178 20.8594
-0.0192484 -0.167316 24.0601
0.0161267 -0.0657785 0.616807
0.0288623 -0.0706113 -5.97773
0.00118324 -0.083848 11.2756
0.00308739 -0.0772621 9.87676
-0.0265622 -0.0700879 29.913
-0.02509 -0.0408986 27.4426
-0.00816001 -0.0543541 15.6763
-0.0310144 -0.0566689 32.4778
-0.0106048 -0.0378346 15.9596
-0.00173806 -0.0082906 8.24007
0.0697049 0.0351663 -49.0929
0.0299165 0.0256206 -15.9917
0.0152354 0.0159242 -3.44938
0.0290973 0.0187045 -15.5121
0.0090426 0.0176165 2.03107
0.0269607 0.0214436 -14.5142
0.0682661 0.0278454 -53.2043
0.0602727 0.00604232 -44.6185
0.0434101 -0.000575838 -28.2605
0.0620999 -0.0262132 -46.0036
0.0719797 -0.0623375 -54.5177
0.0769373 -0.0682099 -59.1769
0.0653344 -0.033982 -47.9502
0.0206471 -0.0247072 -0.0277716
0.0174216 -0.0453791 4.36896
-0.0126396 -0.0425687 38.8099
-0.0332045 0.00976789 59.9406
-0.0481125 -0.00395889 78.2211
-0.0319014 0.0298899 57.2822
-0.00671152 0.00897406 28.068
0.000603289 -0.0597482 21.326
0.0332586 -0.182325 12.7968
0.0444038 0.0345539 -0.849664
0.0695307 0.026125 -0.809759
0.0474751 -0.0500538 4.60305
0.091986 -0.277446 14.7729
0.167336 -0.163227 2.12559
-0.201327 -0.623635 78.2501
-0.0182209 -0.460044 42.7457
0.00480664 -0.0877444 20.8807
-0.0237013 -0.116079 27.1187
0.00142137 -0.152563 22.5942
-0.000143962 -0.148299 23.5099
-0.0293925 -0.163243 32.0087
-0.0389019 -0.1605 35.2839
-0.0730338 -0.0405411 42.4061
0.027312 0.0148621 -4.06599
0.0193291 0.01127 -1.2165
0.0169865 -0.00504932 0.620712
0.0186853 -0.0197164 0.966706
-0.0169456 0.0292681 12.63
-0.0320691 0.0563045 17.6018
-0.0180185 0.0335251 13.1576
-0.00352719 -0.00679429 8.00479
0.0112264 -0.00424154 1.74879
-0.00755968 -0.0413429 13.4631
-0.00578295 -0.0222782 10.8919
-0.0198743 0.0438323 14.8401
0.0258245 -0.042582 -7.22031
0.0302423 -0.0523112 -8.52927
0.0163192 -0.0583973 0.208385
0.0838906 -0.0340237 -45.3258
0.00418865 -0.0401823 8.27119
-0.0324718 -0.0204904 32.2887
-0.0241098 -0.0359802 26.4568
-0.0293541 -0.0238769 29.8611
-0.00174931 -0.0102284 8.24533
0.0453077 0.00895905 -29.0844
0.0439411 0.00522692 -26.4518
0.022597 0.00530127 -9.07618
0.0137443 0.0126277 -2.1073
0.0175267 0.00904414 -5.13517
0.00783651 0.00236973 3.79681
0.0268078 0.00364319 -13.6711
0.0490358 0.00760162 -34.3082
0.0586846 -0.00470137 -42.5426
0.0380095 -0.000340313 -22.8194
0.0111979 -0.0351936 5.5859
0.0650828 -0.049573 -48.5846
0.0848178 -0.0660962 -68.0664
0.0647141 -0.0627805 -46.7027
0.0317151 -0.0663596 -10.7347
0.0178467 -0.0674173 4.5939
0.0365874 -0.0477685 -17.2642
-0.0198616 -0.0119982 45.744
-0.051226 0.0104809 81.5171
-0.0526007 -0.0227718 84.4024
-0.0377586 -0.0373195 67.1345
-0.0200046 -0.0548012 46.4168
0.0174005 0.0523742 -1.7131
0.0386276 0.0292097 -0.795441
0.0327839 -0.000331766 1.4158
0.0209051 -0.00642302 2.44323
0.00663107 -0.0117667 4.21721
-0.0135038 -0.0201059 7.35032
-0.019817 0.0343066 3.37413
-0.0013751 0.00604905 2.76684
0.104798 -0.247444 6.24435
0.0350695 -0.311183 27.6049
0.0638235 -0.191522 11.9794
-0.0595078 -0.0973683 36.6017
-0.033301 -0.112583 30.5409
0.0678879 0.024407 -17.168
0.0399885 0.0107376 -7.54785
0.0140056 0.0154295 0.479933
0.0140786 0.00172129 1.38719
-0.0083963 -0.00525659 10.3867
0.0227451 -0.0417002 1.74566
-0.0498009 0.0786772 24.0726
-0.0418902 0.0386259 24.0034
-0.0347825 0.00240989 23.0851
-0.000729769 -0.0279706 8.78719
-0.0134344 -0.054672 18.0999
-0.0150792 -0.0534647 18.8296
0.00208681 -0.0576576 9.70534
0.00658727 -0.0460474 5.60452
0.0367072 -0.0548967 -12.7146
0.0365065 -0.046052 -12.2311
0.0320149 -0.0554535 -9.34485
0.0232326 -0.0401033 -4.69541
-0.00540943 -0.0637542 16.3941
-0.0184694 -0.0397595 23.8359
-0.0184929 -0.0577972 24.5883
-0.0328923 -0.0328424 33.1792
0.0270396 -0.0123223 -13.3195
0.0655812 0.00924585 -43.939
0.040617 -0.00509307 -23.3037
0.0440987 -0.0173467 -25.3769
0.0197288 0.0028153 -6.35456
0.00949875 -0.00431935 2.90024
0.0137702 -0.00166435 -1.22672
0.0199494 0.0151474 -8.19322
0.0426855 -0.00178151 -27.9275
0.046164 0.00287096 -31.3877
0.0234736 -0.0101035 -8.28521
-0.000468405 -0.0185628 15.623
0.0315367 -0.0422093 -15.0681
0.0806257 -0.0131918 -67.6522
0.0527115 -0.0249887 -36.232
0.031569 -0.0363492 -12.8063
0.023304 -0.03671 -3.95315
0.0549536 -0.049259 -38.0225
0.0331806 -0.00533123 -16.0659
-0.0529211 0.0248908 82.0923
-0.0821233 0.0260184 116.145
-0.0501427 -0.00413897 79.5498
-0.0408725 -0.047797 71.5725
0.0274912 0.0279261 0.220662
0.0167097 0.0360215 -0.482651
0.0215912 0.0131234 1.19826
0.00442449 0.0167262 1.94683
0.00838132 0.0261525 0.701357
-0.00580462 0.0338386 1.76078
-0.015189 0.0520166 1.26197
-0.0148495 0.0349566 2.52176
0.0191878 -0.011012 1.13488
0.00502139 -0.0480559 7.47387
0.0101894 -0.179292 20.0922
-0.00451848 -0.0103822 6.37027
0.0202422 0.0127772 -3.04308
0.0506358 0.0180197 -11.2274
0.0225412 0.0118655 -1.95174
0.00598039 0.00357793 4.1292
0.00356264 -0.00688867 6.01358
-0.0308904 -0.000195612 18.2761
-0.0297687 -0.0186528 19.4619
0.0193371 -0.0474698 1.69957
0.0275513 -0.0454374 -0.252203
-0.0247329 -0.0451364 22.6744
-0.0210506 -0.0741005 22.6626
-0.00334226 -0.067778 12.9275
0.00294189 -0.0748647 10.0756
-0.00657025 -0.0698289 14.9073
-0.00734644 -0.0445138 12.7637
0.0156734 -0.031937 -2.29038
0.0434338 -0.0517038 -17.2063
0.00927354 -0.0352942 3.9551
-0.00647738 -0.0687926 17.2415
-0.0228126 -0.0855138 29.6211
-0.00300712 -0.0792944 15.2843
-0.000947599 -0.0319891 9.01815
0.0213482 -0.0211334 -8.5451
0.037212 -0.00418771 -21.8985
0.069229 -0.0294037 -44.0907
0.0351537 -0.0299787 -16.4297
0.0394519 -0.0423477 -19.4889
0.0330863 -0.00277113 -17.3963
0.000807564 -0.0123693 11.2632
0.0200077 -0.0273824 -4.85535
0.0268787 -0.0150277 -12.0226
0.0522508 -0.00134937 -36.6678
0.0477601 0.00142475 -32.247
0.0101889 0.0107683 2.95218
0.0143357 -7.33268e-05 -0.771964
0.0341969 -0.00759847 -19.9805
0.0701037 -0.0148287 -56.7418
0.0554117 -0.0213705 -39.4706
0.0343327 -0.050044 -13.9018
0.0452792 -0.031617 -27.9541
0.0589513 -0.0138299 -45.2446
0.0369573 -0.0271296 -17.5774
-0.0386195 0.014506 66.616
-0.0605802 0.0112608 91.7996
-0.0436596 0.0330066 69.2626
-0.0806085 0.0146589 115.437
0.0503913 0.0360989 -0.925993
0.0187063 0.0314445 0.196559
0.0158949 0.0321734 -0.0637605
0.0142518 0.0306469 0.216099
0.00331712 0.0321166 1.00937
0.000305105 0.0267998 2.04495
-0.00813739 0.0267312 3.16268
-0.0143369 0.0393253 2.57662
-0.0430865 0.0344017 8.11245
-0.00455454 0.0236182 1.58637
0.00549249 0.0221859 -0.395873
0.02853 -0.0038519 -2.89859
0.0244699 0.0188306 -4.31689
0.0414862 0.0319095 -10.3701
0.0218589 0.00687071 -1.31359
-0.00153577 -0.0128082 8.40232
0.0051968 -0.00628673 5.38384
-0.045585 -0.0114482 25.0105
-0.0399341 -0.0369675 25.7469
-0.0164749 -0.0333172 15.4047
0.00389183 -0.0645824 10.3525
-0.0194149 -0.0679876 20.7192
-0.0122664 -0.0616633 16.4624
0.0149889 -0.0429956 -0.22796
0.017806 -0.0688655 1.87454
0.016865 -0.0425737 -0.0229389
-0.00423871 -0.054568 12.3114
0.00437079 -0.0426438 5.87713
0.027548 -0.035015 -8.63333
0.0086655 -0.0561048 5.61817
-0.00750987 -0.0564936 16.3468
-0.0628969 0.0350235 44.1291
-0.00806443 -0.0412208 14.3388
0.0356625 -0.0329327 -17.1168
0.0305457 -0.0132161 -15.5978
0.0294999 -0.000978968 -16.3981
0.0496606 -0.0181809 -29.866
0.0513588 -0.0192979 -31.2204
0.059978 -0.00469048 -40.0909
0.024587 -0.014903 -8.63849
-0.000188768 -0.0221194 13.2718
0.00495486 -0.0324954 9.57534
0.0489884 -0.0262733 -31.2835
0.0546731 -0.0167558 -37.1168
0.0284872 -0.0279717 -10.2876
-0.00324349 -0.0298226 20.7694
0.014812 -0.00847159 0.142891
0.00475616 -0.0192327 11.6775
0.0405657 -0.0284723 -24.506
0.0388342 -0.0509946 -19.4532
0.0302621 -0.0704029 -8.36042
0.0624185 -0.0703041 -43.6433
0.0723579 -0.0672308 -54.0971
0.0286395 -0.0340962 -7.73564
-0.0203713 -0.0250168 48.3483
-0.037878 -0.015042 67.3491
-0.0211624 0.00771202 44.5163
-0.062799 0.0386616 91.4723
0.032596 0.0422111 -1.92337
0.0164207 0.0194601 1.51862
0.0130713 0.0154246 2.22372
0.00523039 0.00401289 4.36033
0.00536331 0.00755898 3.81889
0.00222212 0.00170138 4.94231
0.00328902 0.0107935 3.52817
-0.00981183 0.0164812 4.82553
-0.0344069 0.023061 8.03124
-0.0160365 0.0207828 4.26857
0.0176697 0.0223817 -3.35961
0.0307283 0.0241074 -6.66451
0.0278123 0.0202802 -4.9059
0.0107814 0.00849571 1.7172
-0.000135974 -0.00696828 7.16297
-0.0407576 -0.0266448 23.1862
0.0193338 -0.0185547 2.14135
-0.0653832 -0.00369154 31.5245
0.00230451 0.000672886 16.0572
-0.0481478 -0.0168389 26.0793
-0.0236149 -0.0312799 17.965
-0.00654356 -0.00831356 7.07885
-0.00125755 -0.00302511 3.63134
-0.0177002 -0.0140586 12.82
0.0225592 -0.0221284 -6.76111
0.0180937 0.0114008 -9.28404
-0.0108775 -0.0137215 10.5516
0.00676574 -0.00978069 -0.783029
0.011997 -0.0674817 4.61605
0.00838654 -0.0902437 10.1332
0.000529558 -0.0775857 13.0739
0.0046887 -0.0539197 7.03773
0.0339906 -0.0524671 -13.7525
0.0529511 -0.0459901 -27.3887
0.0497526 -0.0510391 -24.7055
0.0277091 -0.0209378 -12.2487
0.0476576 -0.0168864 -28.0388
0.0486732 -0.0185151 -28.7918
0.0711014 -0.0227667 -46.4462
0.0237435 -0.0437248 -3.74737
-0.00411492 -0.0339089 18.2732
0.00860196 -0.0266317 5.99228
0.0348921 -0.0356655 -16.7712
0.0385673 -0.040723 -19.0792
0.0350294 -0.0379436 -15.9348
0.0150451 -0.037747 3.64972
0.0259104 -0.0388832 -7.27621
0.017017 -0.0176872 -1.07468
0.026978 -0.00596789 -13.0898
0.0187612 -0.0219297 -2.0533
0.0105115 -0.0243727 6.72418
0.0558433 -0.0778008 -35.9745
0.119485 -0.0748587 -106.288
0.0354698 -0.0354219 -15.6118
-0.0102903 -0.0251424 36.1673
-0.0200337 -0.0131649 45.4729
0.00426958 0.00221162 14.2324
-0.00821255 0.0164006 27.6604
0.0238665 0.0762693 -7.50845
0.0113453 0.0406643 -1.70249
0.00167342 0.0292475 0.277559
0.00815178 0.0199071 1.48271
-0.00333751 0.0233056 1.89203
0.0122834 0.0298691 -0.955197
0.00602218 0.0271481 0.412739
-0.00753139 0.0232053 3.28427
-0.0209405 0.0474659 1.50659
-0.0261533 0.0524495 1.38507
-0.00702202 0.0351554 0.0382144
0.021268 0.035654 -6.36411
0.0235724 0.0149855 -3.14817
0.00550892 0.0113139 2.55002
-0.0157168 -0.00362623 11.373
-0.0424603 -0.000765385 19.6279
-0.0159033 -0.00132939 26.225
-0.0569434 0.00169301 27.7754
0.00682974 -0.00279989 15.1025
-0.0212929 0.0144083 10.0088
-0.0193318 0.0140233 9.43893
-0.0178643 0.00723398 10.137
-0.016835 0.0104859 9.34238
-0.014636 -0.00621572 10.2579
0.0372438 0.00713097 -18.9445
-0.0200275 0.111906 -4.32289
-0.00992328 0.0224401 3.82643
-0.00196676 -0.0295817 7.67301
-0.00388106 -0.0330707 8.91067
-0.00502925 -0.0465847 12.1045
0.00124265 -0.0618635 10.2386
0.01923 -0.0624767 -1.70925
0.0382869 -0.0812462 -12.1505
0.0612555 -0.0443749 -34.6275
0.0611248 -0.0754329 -29.5598
0.0547037 -0.0524912 -28.323
0.0442115 -0.0497345 -21.0028
0.0568569 -0.0524269 -30.6648
0.0485554 -0.0543504 -23.5609
-0.00152402 -0.0658573 20.7877
0.0123423 -0.0402427 4.47185
0.0193629 -0.0198626 -4.74137
0.0163127 -0.0316509 0.141768
0.0292656 -0.0168132 -14.1922
0.0390911 -0.0415933 -19.2413
0.0189789 -0.0303606 -1.8372
0.041945 -0.0112868 -27.6696
0.0204972 -0.023551 -3.85904
0.0103198 -0.0278941 7.52982
-0.0153172 -0.0182754 32.6173
0.0356848 -0.0388764 -19.5359
0.0971737 -0.0714578 -82.5941
0.117875 -0.0563011 -107.117
0.035066 -0.0416236 -14.034
0.0016526 -0.019867 21.2438
-0.00294534 -0.0211012 26.6497
0.00598754 -0.0149445 14.9859
-0.0124701 -0.0224253 38.6596
0.0632545 0.107088 -14.1355
0.0312398 0.123602 -17.0991
0.0135125 0.152388 -22.5575
0.0298677 0.116902 -17.3067
0.0255923 0.125725 -19.2673
0.00412597 0.125363 -17.0095
-0.0108999 0.124432 -14.6351
-0.00128282 0.0763869 -7.23886
-0.00953278 0.14 -17.0042
-0.0320622 0.10408 -6.39018
-0.0121682 0.116236 -12.6136
0.0102923 0.166489 -27.8665
0.0105388 0.0974473 -14.5374
-0.000868483 0.0763348 -7.37323
-0.0367845 0.0451802 9.26001
-0.0389713 0.0647681 6.75151
0.0342441 -0.00738045 -5.20269
-0.0400943 0.0202167 17.9485
-0.00574685 0.0566681 -3.8954
0.0110743 0.0627554 -11.7711
0.0713073 -0.0612129 -8.21175
0.0528784 -0.013274 -9.08914
0.0125572 -0.0041605 8.89447
-0.0039673 0.0439874 7.65063
-0.343615 0.106019 173.18
-0.0789678 0.203002 12.8704
-0.0739417 0.0954915 29.5631
0.134234 0.226513 -113.018
0.00344246 0.00366312 10.8085
0.0551837 0.233237 -72.9111
-0.0447365 0.279594 -18.2123
-0.0133895 0.32106 -47.448
0.00504037 0.303155 -56.5444
0.00168136 0.35128 -63.9816
0.0343113 0.250373 -69.5972
0.0446104 0.264111 -80.4539
0.00963318 0.320879 -64.9444
0.063514 -0.00708863 -44.3856
0.0616902 -0.0296624 -38.681
0.0507211 -0.0305091 -29.943
0.0195441 -0.0117671 -6.49973
0.0165095 -0.0175649 -2.73528
0.0379933 -0.00590038 -24.3525
0.0124938 0.0339822 -7.84049
0.0295755 -0.00545045 -16.5623
0.0419417 0.0294346 -35.0239
0.0358662 0.0263167 -28.3491
0.0249824 0.000540131 -12.7528
0.0206928 0.0232248 -12.4382
0.0126731 0.0634759 -11.5791
0.031351 0.0427736 -28.4713
0.0450182 -0.0343052 -30.6231
0.000418054 -0.135887 35.6218
0.0231513 -0.00428704 -6.36699
-0.0246935 -0.0228379 52.388
-0.0214584 -0.0181045 47.6271
0.0262014 -0.00926592 -11.3995
-0.0128866 -0.0193095 38.3198
0.0736277 0.111637 -13.8336
0.00595164 0.176572 -25.1663
-0.00120771 0.212312 -32.4371
0.0040251 0.204195 -31.4803
0.002535 0.181254 -26.5741
0.00685732 0.159288 -23.061
-0.0156653 0.16504 -21.3719
-0.00334076 0.153051 -20.7993
-0.0132567 0.183591 -25.124
-0.00857221 0.185398 -26.3174
-0.000607025 0.189431 -28.8716
0.00199628 0.161463 -24.3185
-0.00617937 0.197023 -29.206
-0.00138743 0.194524 -30.3593
0.0120828 0.242772 -44.4659
-0.0150791 0.290499 -45.5247
0.0331337 0.310802 -67.1158
0.00683921 0.300423 -55.1504
0.0156159 0.31579 -62.3131
0.0343705 0.334225 -73.6449
0.0597026 0.178515 -51.521
0.0502786 0.0106454 -12.639
0.0133421 -0.00310908 8.58809
-0.00966527 0.0301084 13.3976
-0.13602 0.108321 62.5615
-0.060462 0.21133 -0.0334678
-0.0583797 0.252483 -8.93914
0.0316585 0.0285242 -11.1496
-0.0121633 -0.00289835 21.7411
-0.021677 0.287798 -34.1914
-0.00167313 0.315109 -53.0646
-0.00302967 0.368227 -63.3056
-0.000521256 0.349296 -61.1918
-0.0158238 0.370053 -54.5
0.00166762 0.396443 -73.5073
0.0117428 0.337039 -69.1929
0.00913981 0.399391 -80.1659
0.000957289 0.446772 -83.509
-0.000743986 0.394302 -70.6686
0.0086864 0.0294749 -5.15221
0.00961699 -0.00791197 1.54495
0.0135046 -0.0242254 1.35692
0.0554711 -0.0067832 -40.263
0.0284451 0.0525977 -26.4237
0.0329978 0.0668881 -33.8473
0.0323117 0.064686 -32.6002
0.0462526 0.0665141 -46.3655
0.0193009 0.0523025 -16.7708
0.0254053 0.0510209 -22.1951
0.0210857 0.0486249 -17.1162
0.0158019 0.0684598 -15.6229
0.0246682 0.0652579 -24.9092
0.0644301 0.0542141 -67.2105
0.0407592 0.00643027 -28.777
-0.0318532 -0.00100628 56.516
0.00141966 0.0096129 14.4581
0.0482597 0.0258275 -44.9694
0.0247728 0.0693907 -25.1551
0.00907738 0.161773 -22.4437
0.00172408 0.237577 -38.7486
-0.00660687 0.234357 -37.3969
-0.00644782 0.258974 -42.9149
0.00281237 0.233434 -38.0796
-0.00263002 0.231542 -37.1139
-0.00282861 0.228268 -36.0971
-0.00576095 0.244551 -39.3709
0.00216069 0.234216 -38.4752
-0.00704722 0.233203 -36.293
-0.00791586 0.246429 -39.1948
-0.00570503 0.228069 -35.775
-0.00490673 0.253231 -41.5924
-0.0062382 0.27955 -46.9191
0.00903927 0.342432 -64.8028
0.0129468 0.353227 -67.9914
-0.0251437 -0.0107335 30.8941
0.013681 0.334719 -65.1434
0.00236331 0.311873 -55.0441
0.00260842 0.304662 -53.3923
0.0101495 0.283139 -52.0772
0.000587395 0.277844 -46.5672
-0.00102751 0.299435 -50.717
-0.00842354 0.268908 -39.9903
-0.0114859 0.290004 -42.8462
-0.0143885 0.301772 -43.9986
0.00750478 0.317024 -59.3035
0.00198044 0.326884 -58.478
-0.00201239 0.305284 -51.1032
-0.00200742 0.295008 -48.5648
0.0237117 0.302899 -67.1158
0.0308414 0.308748 -72.7788
-0.00299254 0.352421 -59.6542
0.012799 0.38192 -77.5918
0.0269358 0.419553 -96.2558
0.113835 0.00439716 -51.9968
0.0782754 -0.00260635 -23.0949
-0.0260509 0.417567 -54.6584
-0.0155642 0.392374 -58.4778
0.0253791 0.357776 -84.6757
0.0228575 0.302815 -69.8588
-0.0102072 0.270712 -32.4646
-0.00809368 0.24855 -29.4681
0.0164577 0.0862869 -21.8827
0.0274636 0.101452 -35.2303
0.0277498 0.115025 -38.7547
0.0253451 0.081522 -28.7226
0.019663 0.0728324 -21.4989
0.0182682 0.0512953 -15.2221
0.00783537 0.068474 -7.56479
0.0252394 0.117892 -37.0559
-0.00587201 0.0918374 2.98021
0.0479959 0.0973214 -57.9521
0.0196301 0.0598834 -16.5045
-0.031164 0.0306335 48.6049
0.00677642 0.0167589 6.42018
0.064754 0.0213115 -64.306
0.0614642 0.0517957 -66.6189
0.026738 0.253391 -43.2143
0.0112991 0.247172 -41.1105
0.00728192 0.257935 -43.7058
-0.00382875 0.266844 -45.3722
-0.00547882 0.279139 -48.3043
0.00145851 0.301951 -54.4899
-0.00637575 0.298925 -52.653
0.0342642 0.313841 -62.7291
0.0441455 0.351667 -74.1657
0.00333102 0.259751 -44.6079
0.0229156 0.292052 -56.855
0.00170367 0.286977 -50.8125
0.0237508 0.409751 -85.1036
0.00756245 0.381721 -73.4858
-0.00627696 0.310088 -50.9834
0.00836242 0.306963 -54.9221
-0.00956855 0.283946 -43.5557
-0.00980248 0.290543 -45.6331
0.00259901 0.305309 -53.9752
0.000794479 0.308124 -53.7807
0.00201146 0.297259 -51.6832
0.0069188 0.311933 -57.4306
-0.000815459 0.317509 -55.204
0.00280044 0.31478 -56.3562
0.00765499 0.316838 -59.3454
0.00539 0.308999 -56.2165
0.00049235 0.310353 -53.6851
0.0040401 0.316292 -57.3802
0.00411421 0.310856 -56.1393
0.000337336 0.312918 -54.3285
0.00586509 0.30571 -56.1292
0.0220337 0.30306 -66.0928
0.0333753 0.312698 -76.101
0.0526949 0.342005 -97.2162
0.0397385 0.352444 -90.335
0.0845643 0.0219072 -34.3723
0.0450074 -0.0207636 7.67603
-0.0122099 0.375935 -56.9666
-0.0583866 0.373679 -17.395
-0.0321099 0.362397 -36.7787
0.0177389 0.307492 -65.7659
-0.0145933 0.274163 -29.3297
-0.0301336 0.264884 -13.6297
0.00528462 0.290465 -52.2274
0.0459231 0.276919 -88.1322
0.0563338 0.232855 -86.4441
0.0417216 0.156179 -52.2941
-5.13126e-05 0.201822 -22.2802
0.00399078 0.230757 -33.6779
-0.0480274 0.347665 -11.1605
-0.0561794 0.261317 19.9915
-0.0377639 0.252265 1.56291
-0.0161588 0.134759 5.95278
0.0166522 0.127235 -29.4954
0.0466949 0.268026 -100.377
0.0286733 0.322668 -92.6682
-0.0243833 0.270479 -15.222
-0.0047118 0.134771 -5.15908
0.0173428 0.258293 -44.1117
0.0131527 0.257296 -43.588
0.00975536 0.269874 -46.9148
0.0011762 0.284732 -50.3314
0.0243089 0.377983 -76.9184
0.0325981 0.407287 -85.4046
0.0296642 0.386236 -79.9349
0.0407728 0.647809 -151.999
0.0270714 0.418235 -87.4691
0.0291005 0.388348 -79.4201
-0.0154015 0.312481 -49.252
-0.0323133 0.283465 -36.8618
-0.0128759 0.288687 -43.1298
-0.0143363 0.279058 -40.8573
-0.0070041 0.291172 -46.663
-0.0103651 0.287982 -44.5343
-0.00660293 0.304955 -50.4289
0.00831738 0.314098 -58.4511
0.0100238 0.318578 -60.2884
0.00653919 0.319016 -58.9755
0.00442353 0.318088 -57.8911
0.00326065 0.323837 -58.8262
0.00596292 0.317515 -58.4846
0.0124558 0.324065 -63.4589
0.00415019 0.326869 -59.8634
0.00457068 0.316501 -57.6204
0.00278669 0.323618 -58.4882
0.000955951 0.327447 -58.4367
-0.00578463 0.323968 -53.3604
0.00614393 0.322082 -60.5005
0.0114193 0.316295 -62.2667
0.0234129 0.306856 -67.8541
0.0322477 0.301196 -72.608
0.059655 0.271955 -84.2179
0.104369 0.215983 -101.234
0.0691036 0.125895 -50.5971
-0.00487994 0.036126 31.5934
-0.0971971 0.302144 32.1506
-0.0407441 0.296153 -12.1885
-0.0377299 0.265748 -5.9656
-0.0391072 0.301219 -14.8981
0.00412251 0.310645 -54.9373
0.0142829 0.12716 -13.7474
-0.0145069 0.325224 -41.206
0.000519568 0.314421 -52.9732
0.020703 0.274279 -62.7117
0.0183724 0.225823 -47.6654
0.00802798 0.249026 -43.3182
0.00351111 0.265873 -42.6903
-0.0427399 0.319836 -9.01168
-0.033441 0.361645 -30.3844
-0.0438343 0.422571 -35.7187
-0.0216099 0.187452 3.6657
-0.0407679 0.450495 -46.7763
0.0389428 0.374216 -118.252
0.0778621 0.339839 -155.489
-0.180217 0.329177 160.154
-0.069155 0.206674 55.6252
0 0 -1
0.00689535 0.256035 -43.111
0.00673922 0.655527 -155.288
-0.00414486 0.619122 -143.816
0.0107943 0.389737 -76.7389
-0.000819591 0.347584 -62.6503
0.0100187 0.347825 -64.1265
-0.0179867 0.287355 -41.8362
-0.0250718 0.269974 -35.4899
-0.0234143 0.264823 -34.3449
-0.00915583 0.270633 -39.6374
-0.0197055 0.281104 -40.322
-0.0158348 0.279945 -40.7313
-0.00275203 0.310979 -53.5061
-0.00556659 0.315708 -53.7858
0.00130493 0.321214 -57.677
0.00917432 0.321782 -60.4989
0.00279445 0.330394 -60.7488
0.00428543 0.323019 -59.0382
0.00338296 0.323323 -58.9005
0.00537253 0.319583 -58.7201
0.00405303 0.31992 -58.1588
0.00866293 0.322805 -61.3669
0.0100059 0.318955 -60.867
0.00377778 0.326101 -59.7313
0.00567126 0.332937 -62.7738
0.00289053 0.330137 -60.2874
0.00268207 0.327508 -59.4784
0.00267625 0.331572 -60.5319
0.000918525 0.331041 -59.3744
0.00689518 0.326138 -61.8322
0.00901273 0.31911 -61.3423
0.0211677 0.304207 -65.5057
0.0330715 0.286359 -68.9524
0.0408195 0.261077 -67.1861
0.0342355 0.238332 -55.3088
-0.00447845 0.276044 -36.0996
-0.0175594 0.335922 -42.8716
-0.0484792 0.258084 4.29414
-0.0235131 0.284626 -23.4975
-0.0248902 0.341622 -38.1587
-0.0283902 0.337337 -33.8757
-0.00956178 0.3453 -52.3921
0.00945908 0.342939 -69.3017
-0.00979707 0.328377 -46.7105
-0.0189589 0.341469 -41.993
0.0187973 0.307717 -70.7737
0.0110564 0.344482 -73.6495
0.00988016 0.273782 -51.4215
-0.0107684 0.307905 -39.6292
-0.0236304 0.315542 -27.7594
0.0329924 0.324112 -92.853
0.0327661 0.29154 -82.9327
0.0251718 0.224456 -53.641
0.0105501 0.378497 -85.7425
0.0260266 0.328403 -90.5297
-0.0011905 0.371455 -70.267
-0.00455468 0.338287 -56.2872
0 0 -1
0.00683532 0.27108 -39.1841
0.0138877 0.291719 -46.0274
-0.0256342 0.281774 -40.3637
-0.0207557 0.279329 -39.7422
-0.0180716 0.258779 -33.8233
-0.0172457 0.265686 -36.2366
-0.0210855 0.223797 -22.6933
-0.0212335 0.268738 -36.611
-0.0151512 0.283381 -42.2968
-0.000658112 0.312896 -54.6194
0.00350631 0.315708 -56.3557
-0.00168403 0.307785 -52.6392
-0.00101762 0.318564 -56.1689
0.0100782 0.321843 -60.4328
0.00100305 0.323477 -58.1675
0.00416702 0.324039 -59.3647
0.00345645 0.328706 -60.5188
0.00117705 0.323583 -58.0696
0.00576607 0.329293 -61.8645
0.0102878 0.329846 -63.986
0.00694445 0.328859 -62.0539
0.00631178 0.338288 -64.7955
0.00174533 0.328387 -59.3104
0.00212314 0.324441 -58.3595
0.00414383 0.330154 -61.2384
0.00660656 0.327481 -61.7402
0.00548429 0.342095 -65.7253
0.00175539 0.327713 -58.9756
-0.00351698 0.328014 -55.6244
-0.00108698 0.329403 -57.5483
-0.000973157 0.325991 -56.6542
0.00693214 0.318459 -59.6664
0.0181414 0.310745 -65.3424
0.0262612 0.290945 -65.143
0.0277999 0.284754 -64.3543
0.0261536 0.275818 -60.0773
0.0333557 0.283078 -67.6907
0.0319892 0.190663 -35.5452
0.0100355 0.211143 -24.8849
0.0503498 0.164244 -43.8963
0.0774826 0.153271 -64.5797
0.0870502 0.179038 -81.9853
-0.00375639 0.337421 -54.9948
-0.0208197 0.335958 -38.2894
-0.0208963 0.353479 -43.9297
-0.0021253 0.354479 -62.4432
0.0171018 0.37315 -87.7561
0.0343781 0.359467 -101.292
0.266524 0.252001 -312.196
-0.0184124 0.111553 39.3402
-0.0508759 0.110633 74.3841
0.0189326 0.33834 -81.0563
-0.0312117 0.334247 -22.8303
-0.00765531 0.362004 -59.5923
0.00380038 0.366924 -74.6567
0.025515 0.377768 -103.814
-0.0151706 0.394347 -59.9901
0.61844 2.06467 -665.49
-0.0042834 0.260142 -35.2098
-0.0120131 0.245925 -30.131
-0.0212924 0.238633 -27.0771
-0.0239699 0.249048 -30.4684
-0.0142374 0.263399 -36.263
0.000668147 0.28338 -45.0114
-0.00937369 0.289783 -45.4492
0.00422724 0.305555 -53.1362
0.0014751 0.315036 -55.7335
0.00510575 0.323063 -59.1928
0.0076205 0.320812 -59.023
-3.11276e-05 0.317435 -56.0525
-0.00273487 0.31335 -53.842
0.00675415 0.318403 -58.4483
0.00822238 0.319183 -59.1091
0.00692087 0.327935 -61.637
0.00529982 0.328205 -61.1128
0.00507847 0.329005 -61.2414
0.00428316 0.335105 -62.9883
0.00398571 0.333285 -62.1178
0.00469848 0.330671 -61.5459
0.00271834 0.327378 -59.5042
0.00599659 0.320408 -58.9464
0.00389721 0.321608 -58.2355
0.00969941 0.324966 -62.5142
0.00385197 0.332215 -61.6603
0.00439132 0.331796 -61.8689
0.000555726 0.32355 -56.7736
0.00302075 0.328804 -60.0134
-0.00581265 0.328558 -54.21
0.00405536 0.335481 -63.2257
0.00368569 0.325358 -59.4225
0.00766999 0.321726 -61.1759
0.0175281 0.313034 -65.588
0.0123698 0.309608 -60.6694
0.0298934 0.286608 -66.443
0.0241483 0.272792 -57.0495
0.0357925 0.231256 -52.8026
0.0179853 0.220859 -34.173
0.0320147 0.197869 -39.1968
0.0450356 0.186016 -46.977
0.0691355 0.185833 -68.2446
0.112365 0.147603 -95.0137
0.0954188 0.102896 -63.8492
0.0115629 0.372306 -81.6114
0.00197761 0.352955 -65.4513
-0.0130648 0.348564 -48.0762
0.0220461 0.340049 -81.8965
0.0236826 0.243987 -50.7171
0.0261563 0.225951 -48.4679
-0.0152456 0.328422 -38.6383
-0.00376812 0.349043 -57.6946
-0.039283 0.368246 -24.1611
-0.019927 0.371112 -48.2843
0.00802873 0.391156 -87.8751
0.0253089 0.388937 -107.756
0.0054402 0.380157 -80.5457
-0.0171879 0.250086 -31.4048
-0.0192488 0.253411 -32.5291
-0.0203097 0.262342 -35.786
-0.0169017 0.264427 -36.4199
0.000664314 0.283592 -44.694
0.00643359 0.287157 -46.5452
0.00443395 0.290704 -47.7242
0.00851065 0.300515 -51.8602
0.0115206 0.312258 -56.4408
1.96758e-05 0.31182 -54.1707
0.0053917 0.312909 -55.6115
-0.00652077 0.31764 -54.4557
0.000965238 0.319303 -57.1235
0.00116486 0.324218 -58.7522
0.00863801 0.320493 -59.6688
0.016237 0.318782 -61.4968
0.00360654 0.330986 -61.6043
0.0102539 0.32567 -62.129
0.00862084 0.326025 -61.6413
0.00337643 0.326957 -59.7058
0.000156927 0.325251 -57.7132
-0.000918228 0.316536 -54.0715
0.0056808 0.305149 -53.1999
0.00428813 0.322047 -58.552
0.00576038 0.314542 -56.6712
0.00843421 0.32221 -60.8079
0.00843121 0.31996 -59.9743
0.00121391 0.325572 -57.8029
0.00201528 0.322232 -57.1574
0.000893882 0.323294 -56.7729
0.000324845 0.32703 -57.7397
0.00331814 0.330516 -60.9591
-0.00132658 0.321013 -54.3654
0.00672185 0.32333 -61.006
0.00868248 0.321417 -61.6964
0.00392317 0.309289 -53.792
0.0074804 0.300592 -53.596
0.0171678 0.285005 -55.7814
0.0229639 0.259956 -51.6644
0.00877537 0.234858 -30.9887
0.0297036 0.20216 -38.2376
0.0578644 0.229508 -72.7179
0.0603412 0.236867 -77.2365
0.0706067 0.159125 -59.8253
0.00116807 0.130093 15.9448
-0.0253476 0.323994 -28.2627
-0.0221363 0.274174 -14.1897
0.00692953 0.302929 -53.5368
0.01849 0.305945 -66.782
0.00415126 0.280164 -42.2077
-0.00736977 0.256006 -21.8211
-0.00476495 0.306339 -42.2105
0.00811443 0.333647 -65.8118
-0.00512145 0.35374 -58.0758
-0.00841756 0.422403 -78.6386
-0.00107779 0.410225 -83.3419
0.0186499 0.379955 -96.3787
-0.00651784 0.355495 -57.3444
-0.0127693 0.249131 -31.1173
-0.0110355 0.256598 -33.9288
-0.00704011 0.277649 -41.8918
-0.00880674 0.267903 -38.1511
0.000674561 0.269747 -39.6856
0.00749878 0.279184 -43.8259
0.00108345 0.283045 -44.4393
0.00993872 0.275276 -42.9737
0.00854215 0.282777 -45.3406
0.00218696 0.285768 -45.2784
0.0055202 0.275852 -42.3739
0.00220052 0.308637 -53.4642
0.00459148 0.304934 -52.9209
0.00455128 0.301745 -51.7637
0.0110698 0.295873 -51.6375
0.0118419 0.295035 -51.5578
0.00967017 0.309914 -56.2687
0.00941189 0.307128 -55.1644
0.00896696 0.306995 -54.9695
0.0028898 0.302095 -50.7171
3.791e-05 0.304611 -50.3169
-0.00245929 0.284758 -42.0246
0.00444489 0.296141 -49.3567
0.00281313 0.301216 -50.3794
0.00119392 0.300633 -49.2985
0.00524661 0.286569 -46.3899
0.00617707 0.282092 -45.1723
0.00498945 0.296242 -49.5836
-0.00134574 0.306674 -49.566
-0.00540676 0.296336 -43.1573
0.00760713 0.281718 -46.334
0.0027896 0.297328 -48.758
0.00252226 0.300443 -49.7696
0.00832939 0.308704 -56.9401
0.00369372 0.304389 -51.9527
0.000488851 0.290407 -44.4087
0.00689644 0.287869 -48.5856
0.00968926 0.277423 -46.9915
0.0166221 0.262226 -47.1081
0.0152541 0.259629 -45.0755
0.0133655 0.267282 -46.3978
0.0490386 0.251277 -72.4815
0.0519032 0.258 -77.1466
0.021788 0.215018 -33.7769
-0.0108099 0.238429 -11.7096
-0.0367254 0.293903 -6.53086
-0.0210642 0.297594 -23.5428
0.00323038 0.282843 -42.6832
0.0108849 0.281342 -49.9296
0.00503525 0.274667 -41.2463
-0.00310308 0.293146 -39.3159
0.00311695 0.292767 -46.0528
0.0125074 0.3085 -62.2284
0.0267078 0.320271 -82.6221
0.00107468 0.36141 -68.1499
-0.00302417 0.392519 -74.6976
-0.0175057 0.366872 -47.7712
-0.0203427 0.362312 -42.6736
