0.00682885 0.0050336 4.04414
0.0066587 0.00724156 4.038
0.0074917 -0.00130168 3.98763
0.00185007 0.000620351 4.42421
0.00129065 -0.00422962 4.51224
-0.000522562 -0.00271745 4.75267
-0.00516547 0.00648514 5.20582
-0.00199672 0.00834509 4.58283
0.00318864 -0.00255965 3.68382
0.0119584 -0.00887094 1.9329
0.0158881 0.0165517 0.740155
0.0354368 -0.0210101 -3.43225
0.021505 -0.0148871 0.469838
0.00628382 -0.0168723 3.81358
-0.0559641 -0.0304243 22.6915
0.000190264 -0.0395664 6.32931
0.0145066 -0.0328127 1.2314
0.0335031 -0.00872956 -6.22594
0.0409682 -0.00727577 -8.99753
0.0293709 0.00607107 -4.67356
0.0274215 -0.111781 2.99086
-0.00789286 -0.122482 18.5221
-0.0123662 -0.120643 20.0138
0.0134483 -0.144947 8.02595
-0.0107126 -0.136575 20.6469
-0.0362987 -0.0503336 31.8462
0.184991 -0.0936209 -93.4141
0.122871 -0.0881723 -56.0871
0.0584059 -0.0137584 -18.7078
0.0264377 0.0088035 0.53589
0.0208487 0.0314661 3.69592
0.0347063 0.00713818 -5.03456
0.0426425 -0.00744454 -9.99468
0.0119501 -0.0083021 11.5425
0.0107734 -0.0151739 11.9301
0.0411237 0.033422 -11.7871
0.00398883 0.0156936 17.7757
-0.0249829 0.00115378 40.189
-0.0115047 0.0324182 29.1467
-0.0354619 -0.0256482 50.3408
-0.048098 -0.0451562 63.0153
-0.00296274 -0.0751276 24.0743
0.028871 -0.05551 -5.19268
0.0472156 -0.0301375 -23.1296
0.0734968 -0.0210102 -48.7914
0.0545287 -0.0610773 -28.9663
0.0331188 -0.0988701 -6.23408
0.00742871 -0.0991703 15.6008
-0.0150837 -0.0475706 38.0333
-0.0172909 0.0395427 39.0498
-0.0315441 0.00200386 54.2481
-0.00667767 0.0250785 26.3908
0.0526108 0.0666549 -39.923
0.0387246 0.0311066 -21.6326
0.0433139 0.0292457 -26.8087
0.0288514 0.037298 -9.42144
-0.0664936 -0.149602 106.497
-0.0594502 -0.108818 96.2456
0.00275657 0.00773283 4.11709
0.00504679 0.0025862 4.10754
0.00665235 0.000858687 3.92957
0.00692058 0.00503189 3.93473
0.0013926 0.00264784 4.38218
-0.00184903 -0.00470012 4.85267
0.00199529 0.000159257 4.16923
9.54114e-05 0.00910743 4.29025
-0.00491644 0.00663861 5.06519
0.00921457 0.00463591 2.14332
0.0105941 0.00272956 1.95485
0.0242189 -0.0124816 -0.804043
0.00664984 -0.0203823 3.66429
0.00400094 -0.0207165 4.1468
0.00984106 -0.0180312 2.23965
-0.00228481 -0.0258695 6.52386
0.0329268 -0.0188442 -6.1776
0.0364761 -0.0249948 -6.9134
0.0464761 -0.0262508 -10.6416
0.064834 -0.0106202 -18.3246
0.0207703 -0.124286 6.16824
-0.0288783 -0.125551 28.7828
-0.0293899 -0.142593 29.3553
-0.00907029 -0.134645 19.063
0.00641698 -0.138178 11.3622
0.00553056 -0.113994 10.7784
0.0632322 -0.125901 -22.0092
0.170132 -0.0623135 -84.7613
0.0672079 -0.00360762 -24.2143
0.0250223 -0.0092813 2.23451
0.0256773 0.0040053 1.0734
0.0278917 0.0146848 -0.642706
0.024706 0.0255147 1.24407
0.0242786 0.00527484 2.62232
0.0151994 0.0143228 8.82151
0.0261676 0.0225036 0.22688
-0.027923 0.000738795 42.8659
-0.0012465 0.0255318 19.2804
-0.0252165 -0.00813768 41.3257
-0.0635502 -0.0193789 73.7846
-0.0335777 -0.0626362 49.6578
-0.0160027 -0.0857595 35.0349
0.0376919 -0.0775332 -13.5701
0.0505663 -0.087825 -25.1184
0.0490627 -0.0618624 -24.099
0.0130801 -0.0796346 10.9885
-0.0159971 -0.11591 42.122
-0.0329974 -0.0780874 57.7893
-0.0241329 -0.0481899 47.0531
-0.00217147 -0.0301291 23.2156
0.0158564 0.00609605 2.16362
-0.00311627 0.0210233 22.9684
0.0874399 -0.00592421 -77.5127
0.0615455 0.0146057 -47.7622
0.0584105 0.0284203 -44.462
-0.020311 -0.10922 47.9861
0.0280532 -0.0675556 -12.1281
0.0185386 -0.0422912 -1.26312
0.00707765 0.00169377 4.28925
0.0019254 0.0058211 4.01274
0.0066244 0.0108916 3.52512
0.00728145 0.0102337 3.73462
-7.36609e-05 0.00507146 4.47755
-0.00201747 0.00852509 4.49742
-0.0018114 0.00722371 4.54895
0.00154705 0.0158228 3.73597
-0.0101397 0.00834798 5.86679
0.00471192 0.00547669 3.01285
0.0101569 0.00226484 2.1446
0.00521028 -0.00117092 3.42561
-0.000897032 -0.0048391 5.0969
-0.00113297 -0.0032252 4.93372
0.00427869 -0.00159901 3.16759
0.00270609 -0.00367631 3.5649
0.0252024 -0.0118474 -3.8676
0.0273403 -0.0362302 -2.99342
0.0318852 -0.0416433 -4.47202
0.0391932 -0.0854295 -5.06683
0.0141242 -0.110423 7.49386
-0.00489772 -0.124909 17.6047
-0.0228954 -0.110712 24.1609
0.0214949 -0.119075 2.18303
-0.00176162 -0.0989863 12.644
-0.00586233 -0.10885 15.7472
-0.0159737 -0.146137 23.4492
0.0207352 -0.0359145 -3.58229
0.0478741 -0.0178819 -11.8863
0.0402123 -0.0264462 -6.72792
0.0384927 0.0157162 -7.72675
0.044567 0.00391082 -11.0958
0.0214343 0.017926 4.0792
0.0152991 0.00369925 9.12674
0.0274144 0.00499373 0.307224
0.0014393 -0.0214802 21.0589
-0.0149514 0.0127738 31.9525
-0.00061449 0.0279573 19.8839
-0.0239507 0.0313253 38.809
-0.107407 0.0419438 108.222
-0.0523261 -0.0196601 63.8751
-0.0101347 -0.053522 28.5648
0.0236437 -0.0254494 -4.26405
0.0586875 -0.0208658 -36.2134
0.063587 -0.0321111 -39.6815
0.0275673 -0.0477539 -4.33307
0.00289528 -0.00164887 17.3049
-0.00734298 -0.0354394 29.7608
-0.0122634 -0.0193023 33.16
-0.0126348 -0.0117452 33.0943
0.0449271 0.0593375 -33.023
0.0814621 0.0353338 -71.346
0.515179 -0.0465514 -561.998
0.022357 0.010696 -2.18546
0.028978 -0.0234255 -7.82293
0.143551 0.11057 -162.672
0.133921 -0.0249665 -142.961
0.0761214 -0.0259229 -72.3062
0.00629111 0.00298091 4.24474
0.0135066 0.00680724 3.59273
0.0324677 0.0120577 2.2726
0.0242182 -0.0249684 17.3121
0.0113342 0.00376177 3.38354
-0.00778718 0.0131228 4.85393
0.000502124 0.010553 3.97933
0.0125228 0.00913082 2.33771
-0.0195 0.0145648 7.80829
-0.0152912 0.0195049 6.29585
0.00122195 -0.00733197 4.85181
-0.00395827 -0.00667659 6.01795
0.00899785 -0.00150011 2.27484
0.000677272 0.00776886 3.86753
-0.00040995 0.0139326 3.73379
-0.00695728 0.0308411 4.7081
-0.00284983 0.0114124 4.50799
0.0186685 -0.00806385 -1.64773
0.0247196 -0.0253274 -2.65031
0.00885055 -0.036473 4.7366
-0.0111852 -0.0705008 16.8816
-0.0226489 -0.0757011 22.2348
-0.0125499 -0.0909838 17.7345
-0.00676333 -0.0674389 13.6203
0.0116494 -0.0881215 5.33918
-0.0052537 -0.0601777 11.8719
0.00221826 -0.0785701 9.92922
0.022509 -0.0670969 -3.10947
-0.00380924 -0.0628158 12.9154
-0.00906358 -0.0362545 13.6001
-0.00938096 -0.000998971 10.8168
0.0240587 0.00381104 2.8818
0.0239379 0.0031131 3.27652
0.00661894 -0.0267248 17.7612
0.00661187 -0.0262192 17.4788
-0.00530804 -0.0263512 26.6624
0.00220685 -0.0206184 20.674
-0.00147013 0.0226413 20.7382
-0.0100636 0.023154 27.5005
-0.0482675 0.0644568 56.9522
-0.107528 -0.0124306 111.723
-0.0133255 -0.0728433 32.4446
0.0156307 -0.0655418 6.40873
0.0690571 0.0105086 -47.769
0.0492426 -0.00661727 -27.322
0.0185644 -0.0235583 3.45515
0.00509624 -0.00567512 15.7052
-0.0142437 -0.00991629 35.8682
8.55699e-05 0.00638187 18.0014
0.0719069 0.0705053 -63.119
0.0816127 0.0921242 -74.5485
0.0802243 0.0966932 -73.0719
0.0237094 0.074526 -8.11185
0.0129385 0.0364143 7.01387
0.000737502 0.0128965 22.7132
-0.00418033 -0.00982539 30.3026
-0.0106103 0.00249004 26.2517
-0.0148934 -0.000185893 31.7606
0.0138638 0.000282644 4.23228
0.0187641 0.00494909 3.38713
0.0303695 0.00665766 2.66374
0.0611095 0.0325417 -1.62928
0.0129767 -0.0052509 16.5439
0.00283322 0.00715678 4.07126
0.000207761 0.00445352 4.55794
0.0164835 0.00290779 2.28103
0.0236333 0.00514722 1.21412
-0.0338732 0.00954061 10.7664
-0.0117991 -0.00716905 7.67995
0.00173369 -0.00556063 4.43798
0.011993 0.00394694 0.91735
0.00725599 0.00269571 2.34714
0.0187469 0.0258288 -3.41946
0.00313083 0.00467025 4.34586
-0.0208928 0.0208355 10.2333
-0.00379589 -0.01351 7.09433
0.00748839 -0.0220753 3.68626
0.004635 -0.0445195 7.0751
-0.0172598 -0.038061 15.7525
-0.0278369 -0.0386368 20.8791
-0.0131311 -0.0516384 15.0216
-0.00874393 -0.0347574 11.5506
0.00457897 -0.0396465 4.72763
0.005677 -0.0535082 5.70893
-0.00193866 -0.0597374 10.5308
0.0130924 -0.0587344 1.42856
0.010756 -0.0463218 2.04119
0.0133331 -0.0213509 -2.26754
0.0212581 -0.0230654 -7.03186
0.0168969 -0.00680735 8.96962
-0.0102372 -0.0336255 30.3667
0.0152317 -0.0667061 14.445
0.0204349 -0.0388564 8.51501
0.00278703 -0.024538 20.6618
0.00083245 -0.0380754 23.3198
0.0367502 -0.0651217 -13.2444
0.0330281 -0.0391877 -12.8984
0.0563788 0.013451 -37.3859
0.0575212 -0.0295179 -33.423
-0.00284058 -0.0500202 21.7164
-0.0809899 -0.117066 98.535
0.0215215 -0.0151359 0.032782
0.0190082 -0.0530409 5.75093
0.00876696 -0.0703444 17.3258
0.00123814 -0.0577343 24.3196
0.0233539 -0.0195568 -2.51227
0.0872547 0.105146 -81.4946
0.0771301 0.0858572 -68.8687
0.0855679 0.0811174 -77.8496
0.0636755 0.0652022 -52.3234
0.0174111 0.0268393 2.78766
0.0092463 0.0245407 12.169
-0.00482894 0.0144762 29.4338
-0.00453364 -0.00156118 30.4443
-0.00815112 0.00901739 22.5486
-0.00917647 0.00919171 23.7654
0.0175623 -0.000550463 4.41743
0.0149732 0.00541766 3.58076
0.0659067 0.0300143 -1.79952
0.106681 0.0231259 -2.54595
0.0489407 0.0136396 -1.63743
0.00315484 0.00402813 4.29499
0.000946354 0.000323164 4.85874
0.0300575 -0.00175558 0.632109
0.0117436 0.0039075 3.72952
-0.044022 0.00741588 13.2356
-0.0167042 0.00701302 7.32239
0.00981551 0.00811771 1.15721
0.0016515 0.00836221 3.32488
0.0102401 -0.000226889 1.79539
0.0329018 0.00699551 -5.90813
0.000336641 0.0103468 4.9013
-0.046968 0.00649677 21.0338
-0.0180621 -0.00385794 11.4781
-0.000252955 -0.0142999 6.04915
-0.00731336 -0.021155 9.89581
-0.0264566 -0.0310385 19.2186
-0.0431557 -0.0741536 32.0093
-0.0144955 -0.0273098 13.1891
-0.00603663 -0.0383351 10.6836
-0.00922585 -0.0386072 12.3321
-0.00301813 -0.0412761 9.11409
0.00116639 -0.0462336 7.52117
0.0183132 -0.0453175 -2.92434
0.0185798 -0.0439537 -3.0205
0.0233308 -0.0371003 -6.94133
0.0493581 -0.0140394 -26.2907
0.068306 -0.0451097 -35.2944
0.07881 0.0570329 -53.9406
-0.0126755 0.011404 16.4343
0.0297731 -0.0309503 -9.61232
0.0038612 -0.0356184 21.0144
0.0150737 -0.0543302 2.30679
0.0713097 -0.0157377 -47.048
0.0760844 -0.0124203 -51.5055
0.0555461 -0.00998153 -34.2272
0.0353906 0.00121828 -17.3269
-0.0901315 -0.0502843 100.407
-0.161795 -0.109517 171.476
-0.122257 -0.12155 136.376
-0.0827001 -0.0263193 88.0109
0.00255215 -0.076883 23.8259
0.0343625 -0.049302 -11.0386
0.0831902 -0.0257549 -62.9574
0.107076 0.0400902 -94.8245
0.056956 0.0186677 -39.2498
0.0337585 0.0375065 -16.6997
0.0255173 0.0236705 -5.87981
0.000226887 -0.00443974 25.5759
-0.000111237 0.00853523 24.5173
-0.0211469 -0.00399948 50.5598
-0.0177152 -0.00942609 46.882
-0.0188041 0.00131346 46.6856
0.000831865 0.0229757 10.2487
0.033426 -0.0223716 7.15135
0.024751 -0.00268835 4.4938
0.0824933 0.0195058 -1.36096
0.077069 0.0165785 -0.783531
0.0217846 -0.00472013 15.856
-0.000572108 -0.00318253 5.60436
-0.0028033 -0.00401996 5.8897
0.0412389 -0.00445624 -0.98796
0.0238146 -0.00587653 2.43758
-0.0483547 0.00305725 14.7234
-0.016145 -0.00693417 9.02329
0.00833017 -0.0227601 5.61727
0.00320149 -0.0158656 6.11083
0.00446782 -0.0040724 3.91823
0.0566289 0.00448434 -12.7528
0.0354955 -0.0155293 -3.89429
-0.0494331 -0.0130307 24.3581
-0.0319862 -0.00726418 17.0847
-0.0112499 -0.0188408 10.7751
-0.00632078 -0.0186317 8.53715
-0.0292998 -0.0245384 19.7688
-0.0157244 0.00500302 9.54725
-0.0176153 -0.00556308 12.1183
-0.0173224 -0.0214923 14.1827
-0.144873 -0.0741088 88.6957
-0.00366263 -0.023914 6.66009
0.00173888 -0.0316804 4.91563
0.0151431 -0.0240658 -3.98489
0.0230718 -0.0266216 -8.59033
0.0284717 -0.046531 -9.15003
0.0440829 -0.0447976 -19.1466
0.0244139 -0.00769723 -11.7693
-0.017876 -0.00317112 23.3346
-0.0153957 -0.134117 37.8982
-0.0127846 -0.0409473 23.1222
0.0228046 -0.0156299 4.10972
-0.0121109 -0.0301004 21.0339
0.0511543 -0.0309969 -29.2012
0.0896036 0.00157301 -65.1085
0.0616435 -0.00535036 -40.3606
0.0564458 0.0019818 -36.0496
-0.0154547 -0.0186769 30.6814
-0.177855 -0.0834321 183.253
-0.0399235 -0.0294783 46.3383
-0.0190293 0.00363498 22.441
-0.0496345 0.0211686 49.5188
0.585439 -0.0374507 -568.873
0.125 -0.0123931 -107.481
0.119298 0.0272368 -105.827
0.0496347 0.00958534 -30.1981
0.0257526 0.00696849 -4.24514
0.020409 0.00231366 2.29181
-0.0103366 -0.00585432 37.5808
0.000593401 -0.0179356 26.8224
-0.0103099 -0.000793603 37.255
-0.0211416 -0.0158391 51.9676
-0.0139314 -0.0174124 43.4124
-0.00503355 -0.0174231 32.3265
0.0303477 -0.0128839 5.8914
0.0409004 -0.0330269 8.59437
0.105351 -0.00720333 1.18692
0.20141 -0.0174387 -7.19188
0.0629553 -0.00730587 12.2354
-0.000829798 -0.00591985 6.09358
-0.00692766 -0.0156077 8.37176
0.0425727 -0.0104298 -0.217054
0.0441945 0.000395876 -1.6801
-8.10046e-05 -0.000306919 6.7942
-0.0422296 -0.0202623 16.8662
0.000788238 -0.0431847 10.402
0.0271053 -0.035126 2.37801
0.0383653 -0.00418285 -5.97774
0.0678477 0.000909597 -15.6759
-0.00733965 -0.00169825 9.75951
-0.0441107 -0.0355388 25.7646
-0.0114893 -0.00635992 8.6654
-0.020902 0.00889453 10.354
0 0 -1
-0.00457867 0.00515797 4.10978
0.00383637 0.0267021 -2.68522
-0.0263481 0.0199313 12.7657
-0.0278743 0.02038 12.6389
-0.0372699 -0.0142944 23.5219
-0.0143604 -0.0266609 13.0747
0.00907392 -0.0257954 -0.173808
0.0155007 -0.00893698 -6.54284
0.0228889 -0.011774 -10.8922
0.030422 -0.0254479 -13.6016
0.0679002 -0.033404 -36.7603
0.0477366 -0.0758582 -16.9515
0.0336029 0.0582008 -28.6946
0.061063 -0.0324524 -33.2377
0.0317086 -0.0308703 -11.5651
0.0265115 -0.0125386 0.876985
0.0123381 0.0601069 -11.3942
0.0602615 0.0712326 -52.3203
0.0910198 0.0557603 -74.1519
0.0630415 0.0500576 -49.6245
0.0608125 0.0271812 -43.9653
0.0297966 0.0157389 -14.524
-0.0300481 -0.0443478 39.7108
0.00681023 -0.0133281 0.428798
0.0052921 0.0413075 -6.60979
-0.0510337 0.0728057 43.0775
-0.0553632 0.0266786 54.1747
0.16002 0.0449795 -152.306
0.107004 0.037968 -95.2744
0.03429 0.0268761 -16.1799
0.00582001 -0.0025364 19.2382
0.00328548 0.00658451 20.4063
-0.00613432 0.0260032 27.6505
-0.00430003 0.0213293 26.4638
0.0832006 0.0220937 -68.2207
-0.0328024 0.00422089 62.8856
-0.048205 -0.0141187 84.3061
-0.0238947 -0.0174011 55.1611
0.059102 -0.0184004 5.78924
0.0785219 -0.0416543 9.51596
0.0607973 -0.0294956 6.75659
0.112867 0.00998409 -1.97509
0.0632349 0.01211 8.63305
-0.00138961 -0.0166034 8.04726
-0.0126226 -0.0192547 9.86899
0.0195893 -0.0470435 9.44639
0.0150218 0.0149281 0.837439
-0.0627008 0.0453243 10.7602
-0.0462275 -0.00628284 15.6778
-0.0318387 -0.0326238 16.1512
0.0289105 -0.0350705 1.09778
0.0453383 0.0151752 -11.6191
0.0722652 -0.00542899 -16.0291
-0.0101882 0.00309207 11.3176
0.0228961 0.0369521 -11.8228
0.0319399 0.126256 -31.4484
-0.0238917 0.102736 -5.27213
-0.0284094 0.0944132 -0.659019
-0.0380465 0.178171 -9.20527
-0.0282818 0.279457 -32.2224
-0.0150907 0.0932449 -5.8511
-0.0125512 0.058249 -1.21357
-0.0307695 0.13081 -4.04634
-0.0105556 0.276742 -41.7599
-0.015015 0.281924 -39.9581
0.0769607 0.204217 -78.2993
-0.0199971 0.143219 -7.1838
-0.037889 0.260895 -19.7315
0.00902409 0.243075 -46.4928
0.0493085 0.195038 -63.6291
0.0629196 0.226944 -77.5758
0.0346591 0.072451 -31.3626
0.033582 0.0228539 -21.719
0.0406128 -0.0128889 -9.92058
0.0302174 0.073616 -27.6848
0.0824537 0.0669171 -68.2829
0.0668522 0.0572882 -53.7463
0.0502108 0.0623681 -40.9207
0.0547724 0.0840234 -48.7431
0.0338451 0.0509142 -24.0187
0.00971934 0.0350415 0.551074
0.0140299 -0.0228209 -4.59733
0.0621054 0.0624368 -55.2925
0.0760422 0.0231353 -60.3715
0.0625388 0.00947212 -44.7923
0.101655 0.0505612 -92.2052
0.0860317 0.0556861 -76.1389
0.0319229 0.0276929 -14.2986
0.0154015 0.0267464 3.31378
0.0116409 0.0204814 8.5506
0.0447186 0.0184591 -28.2764
0.166202 0.0174629 -164.97
0.0846185 -0.01774 -62.6653
-0.0467511 0.000249925 80.1518
-0.0468511 0.0129671 77.5336
-0.0286006 -0.0205754 61.4322
0.0288716 0.220113 -42.1441
0.018018 0.184739 -33.0741
0.0104915 0.11489 -19.2415
0.116135 0.00628789 -0.458343
-0.0132444 0.0851808 12.2184
-0.0305559 0.092554 12.7279
-0.0108255 0.0998816 8.65727
-0.00593551 0.0741847 14.0219
-0.0636715 0.0192408 35.5392
-0.059117 0.0494873 27.8825
-0.0317376 -0.105097 40.7179
-0.0193032 -0.0193895 19.2331
-0.0123967 0.221302 -33.4986
-0.00338193 0.115259 -12.1749
-0.024023 0.0229363 12.9787
-0.0440671 0.044666 14.9501
0.00812025 0.332983 -62.7497
0.0255173 0.297689 -62.1766
-0.00178996 0.228714 -37.6097
0.0321587 0.286689 -61.4051
-0.0170487 0.224292 -25.7745
-0.0305206 0.224222 -20.107
-0.0342173 0.187486 -10.2242
-0.0414121 0.260132 -22.2264
-0.0116333 0.301013 -45.9462
-0.00594749 0.316595 -52.1928
0.00469998 0.298505 -54.4525
0.026574 0.269125 -61.0929
-0.0227505 0.250188 -27.0258
0.00597616 0.291932 -53.8915
0.0449965 0.287999 -78.2501
0.0471171 0.269877 -75.6666
0.0751314 0.223196 -85.7823
0.08775 0.193892 -88.6425
0.0769797 0.182192 -78.1786
0.0971934 0.0889678 -73.4335
0.0571781 0.158002 -56.4962
0.0102775 0.479317 -85.7292
0.0276283 0.677174 -142.068
-0.00189447 0.632629 -107.725
0.0521483 0.0760485 -44.6601
0.0132102 0.0533378 -6.38584
0.0142065 0.0540202 -7.4978
-0.0184695 0.126373 8.1049
0.00821 0.0669281 -4.36612
0.0657404 0.0545883 -57.0249
0.0698675 0.0964906 -70.3291
0.105915 0.0437736 -95.6432
0.0814625 0.0226817 -65.6428
0.0283507 0.0400339 -13.2879
0.0317512 0.0306318 -15.1825
0.000908152 0.0334936 18.4948
0.0472861 -0.0161612 -24.2151
0.302293 -0.0380521 -311.483
0.0271977 -0.0274956 6.73315
-0.0277346 0.0475447 47.7184
-0.030351 0.0546086 49.2421
0.142863 0.00280669 -142.021
5.1197 -0.0071572 -86.3143
0.164911 0.344449 -62.2055
0.213436 0.527411 -105.687
-0.00140813 0.0827343 11.8454
0.00649995 0.0859294 10.2367
-0.0103431 0.116726 4.72952
0.0259242 0.106833 2.22637
-0.0474672 0.0597764 23.7291
-0.0710426 0.0508053 30.1671
-0.0720881 0.0667557 26.7179
-0.0907785 0.0516198 34.1248
-0.0195856 0.216993 -30.3799
0.0109825 0.236969 -43.0374
0.0150451 0.37892 -76.3574
0.0119358 -0.0425167 32.0019
0.0423786 0.401594 -90.2138
-0.211738 -0.0569185 111.2
0.0334379 0.332963 -71.0439
0.0271805 0.322002 -66.5647
0.00482275 0.27503 -46.6993
0.00483624 0.266751 -45.4108
-0.00592667 0.259599 -39.2476
-0.00956105 0.275356 -41.2503
-0.00717477 0.315008 -51.1476
-0.00218705 0.318631 -54.5608
-0.000637996 0.322714 -56.2732
0.0022332 0.31399 -56.0337
0.00826849 0.308671 -58.1844
-0.00566227 0.313347 -50.7324
0.00521084 0.317978 -58.544
0.0237017 0.294645 -65.2732
0.0371763 0.283014 -71.5171
0.0407502 0.289184 -75.4432
0.0437398 0.256276 -70.5002
0.0302248 0.245404 -57.9302
0.0718313 0.169631 -71.9424
0.112143 0.0833934 -83.6704
0.0842283 0.0833384 -60.9597
0.0396989 0.129912 -34.5293
-0.00514775 0.0984772 9.80336
-0.0337972 0.110549 31.9521
0.00287125 0.380884 -67.9215
0.0106778 0.370267 -72.6047
0.0267067 0.314439 -74.8983
0.0187255 0.330738 -70.9204
0.00358848 0.290212 -46.9564
0.0330591 0.174489 -49.911
0.058354 0.126023 -64.8542
0.0494326 0.0915381 -47.0711
0.0281328 0.0699054 -19.7372
0.0370094 0.0526486 -25.9515
0.0136042 0.0693624 -3.76072
0.0158838 -0.0074305 9.61906
0.0743229 0.0233852 -59.6427
0.0293987 -0.0131676 1.00049
0.00830816 0.141686 -16.5056
-0.02978 0.122937 33.701
0.107208 0.0114999 -99.8605
0.0621002 -0.0307233 36.6834
0.043366 -0.004758 30.7269
0.0289516 0.0503477 17.4684
0.00763814 0.0711302 13.9045
-0.00796186 0.0548404 19.2936
-0.0176168 0.0571759 19.6486
-0.0107602 0.0476787 21.2098
-0.141396 0.0198028 58.3253
-0.229732 0.00267035 77.8647
-0.112832 0.0724838 33.4078
-0.109011 0.0398031 40.5742
0.473109 0.0129623 -94.538
0.0745579 0.454513 -111.497
0.0180791 0.403021 -82.8681
-0.0670466 0.147379 10.8687
0.00204728 0.336273 -59.7054
0.0212485 0.315086 -61.3454
-0.0142704 0.275396 -39.0067
-0.0018875 0.279859 -45.1307
0.00494573 0.289348 -50.573
0.00732902 0.292733 -52.4758
0.00432306 0.307593 -54.4612
-0.0147103 0.31443 -47.2377
-0.0165509 0.327362 -49.2912
0.00054912 0.319093 -56.242
-0.00727456 0.317656 -51.7668
0.00743015 0.313282 -58.8646
0.0118953 0.317442 -62.2976
-0.00231265 0.312809 -52.5173
-0.00412451 0.298554 -48.0197
0.00212642 0.299579 -52.4376
0.0274298 0.28412 -65.368
0.0453253 0.274931 -75.0104
0.0298779 0.290903 -67.8854
0.00552923 0.274634 -46.1911
0.00681823 0.272051 -46.3573
0.0386716 0.24974 -65.2354
0.0624723 0.163582 -62.958
0.0464719 0.14082 -43.8263
0.0153574 0.179834 -27.8608
-0.0202585 0.158125 8.44639
-0.0189551 0.289062 -25.7374
0.0267764 0.333594 -78.3681
0.0138251 0.351555 -70.8798
0.00216232 0.35511 -60.9856
-0.0107815 0.345389 -45.6794
-0.00461008 0.224985 -23.3363
0.0344519 0.163664 -48.4186
0.0373514 0.141377 -45.846
0.0260359 0.0910579 -22.2387
0.0176776 0.116863 -19.4155
0.00993743 0.0685946 0.567958
0.0250397 0.237451 -57.0186
0.050567 0.0461615 -37.6839
-0.00508921 0.0227705 32.3331
-0.102279 0.118483 123.653
-0.0138229 0.202943 -3.59159
0.0704965 0.0194117 -56.4018
0.0472514 -0.0199474 34.5295
0.0852226 -0.0339678 36.8282
0.0351091 -0.00627864 31.855
0.0225719 0.039956 20.4673
0.00309987 0.035136 23.3554
-0.00394249 0.0253156 26.2584
-0.00641204 0.059607 16.7329
0.555784 0.0306205 -62.3702
-0.385355 0.0262409 98.2068
0.000659016 0.308122 -52.0901
0.00435642 0.349322 -64.0189
-0.00966725 0.356696 -62.2401
-0.0211166 0.313038 -47.7118
0.0116685 0.319791 -58.4116
-0.0185286 0.265132 -34.9692
-0.00972074 0.280619 -41.9951
4.83132e-05 0.293296 -48.9763
-0.00534935 0.295138 -47.4863
-0.00149841 0.303848 -51.3255
-5.83677e-05 0.306161 -52.4673
0.00959351 0.305511 -56.5394
0.00629674 0.314993 -57.3914
-0.00530756 0.312835 -51.179
-0.014478 0.317035 -47.5975
-0.00505857 0.313558 -51.8514
-0.00325067 0.3199 -54.1102
-0.0173725 0.351689 -55.6796
0.0252034 0.321144 -71.4473
-0.00292773 0.312869 -52.2103
0.00735654 0.315735 -59.5687
0.00366053 0.329596 -60.861
0.0132896 0.318233 -64.2659
0.0233898 0.302818 -67.3077
0.0302457 0.28282 -66.5731
0.0146628 0.291179 -57.5714
0.00134107 0.300342 -50.4267
0.0150642 0.286918 -56.5386
0.0190455 0.248797 -49.5299
0.0227615 0.23352 -48.1374
0.0179978 0.247072 -47.5292
0.00431038 0.248953 -36.0851
0.0328117 0.31745 -79.8123
0.0381838 0.332228 -88.0539
0.0433135 0.330316 -92.8801
0.0196821 0.357414 -78.018
0.0230909 0.359014 -81.3619
0.0915891 0.0362513 -48.9821
0.0990812 0.0333752 -55.5291
0.103756 0.0539909 -65.574
0.0896543 0.104225 -63.9084
0.0851259 0.232949 -93.8666
0.0516655 0.36736 -92.9956
0.0731691 0.216263 -76.2283
0.0593236 0.369603 -102.47
0.0709237 0.277423 -90.815
0.0555498 0.221472 -56.6497
0.0677558 0.238614 -75.914
0.0510807 0.25085 -58.9389
0.00391211 0.331357 -62.848
0.0223142 0.328283 -62.9387
0.0535419 0.29163 -53.6036
0.0228376 0.114383 -0.865461
0.0385745 0.421749 -91.5493
0.0456697 0.440059 -97.8813
0.0307489 0.380131 -77.8993
0.0575293 0.280506 -52.2289
-0.0345191 0.259612 -30.4664
-0.0154797 0.284627 -41.2182
-0.017127 0.25794 -33.0741
-0.0162068 0.27421 -38.144
-0.00795615 0.285371 -43.7778
-0.000659166 0.294913 -48.9102
-0.00134518 0.292467 -48.1413
0.00408952 0.314746 -56.4014
0.00698825 0.317938 -58.3564
-0.00172862 0.319881 -55.6611
0.00315671 0.32002 -57.6644
0.00155847 0.33138 -60.1218
0.0113168 0.321842 -61.6965
0.00436016 0.316268 -56.6035
-0.00995664 0.30875 -47.5444
-0.0116919 0.315864 -48.8765
-0.00548015 0.315687 -51.9566
0.00367045 0.315113 -56.6513
0.00102114 0.335086 -60.8006
0.00342904 0.34046 -63.8381
-0.00539663 0.325853 -54.2364
0.013427 0.322924 -65.3281
0.0110103 0.32425 -64.0163
0.0106908 0.327494 -64.7582
0.00564043 0.322812 -59.9635
0.00738383 0.313659 -58.6339
0.0214777 0.304255 -66.2659
0.0164465 0.316814 -66.0212
0.020781 0.306059 -66.3264
0.0258292 0.287598 -65.5022
0.0342749 0.292546 -74.1088
0.0371306 0.28339 -73.8543
0.0284016 0.325456 -78.3564
0.0332692 0.331758 -84.4658
0.0320785 0.316749 -78.9364
0.0254588 0.325906 -75.4697
0.0501841 0.322934 -98.199
0.108152 0.350356 -162.192
0.106152 0.0325564 -62.6496
0.11192 0.0412539 -71.3253
0.126625 -0.0022511 -73.977
0.141365 0.0169432 -94.6771
0.130141 0.00808138 -80.1326
0.0993048 0.0605981 -61.1374
0.0886198 0.109522 -63.2674
0.112068 0.0966255 -86.2632
0.070016 0.19415 -65.5749
0.0686971 0.187665 -62.3986
0.098755 0.194099 -100.574
0.0441329 0.275024 -57.3986
0.0140454 0.394548 -82.1831
0.0444374 0.35313 -70.3293
0.0695922 0.409898 -89.4399
0.0431556 0.37329 -76.237
0.0156947 0.359897 -69.5945
-0.00183444 0.343711 -62.5247
-0.0088751 0.312508 -51.7352
0.0120744 0.307011 -53.1205
-0.0171604 0.251535 -31.0487
-0.0188038 0.265536 -35.2821
-0.0162463 0.275749 -39.0641
0.000805388 0.305174 -52.3728
-0.000411688 0.300406 -50.4447
0.00114697 0.318923 -56.4706
-0.00182279 0.318766 -55.5977
0.004896 0.320457 -58.1784
0.00217855 0.325862 -58.9534
-0.000396113 0.327082 -58.4425
0.00811147 0.328568 -62.2594
0.000803743 0.32413 -57.7728
0.00715739 0.32857 -61.808
-0.00651148 0.313909 -50.854
-0.00460692 0.318876 -53.2588
-0.00231821 0.323351 -55.8276
0.00166228 0.330255 -60.0877
0.0129904 0.312727 -60.8752
0.0124045 0.320592 -62.7748
-0.00397957 0.325258 -54.6567
-0.00536101 0.317612 -51.5345
0.00675128 0.324364 -61.3182
0.00727304 0.320623 -60.4983
-0.000735503 0.313865 -53.0282
0.00571316 0.306803 -55.2908
0.0159098 0.320926 -66.9999
0.00585265 0.322235 -60.0112
0.0259194 0.309251 -71.1277
0.0288784 0.302844 -71.2483
0.0238371 0.242717 -47.7995
0.0187537 0.334158 -73.093
0.0307988 0.341836 -85.4081
0.0266714 0.355432 -86.0058
0.0244326 0.344381 -80.6361
0.025795 0.341533 -81.0272
0.0488058 0.341679 -102.882
0.0465199 0.326619 -95.5693
0.0732844 0.307026 -115.457
0.0977595 0.124563 -82.7182
0.107417 0.114921 -89.5394
0.131872 0.0510661 -95.3415
0.139443 0.0358806 -99.2266
0.134664 0.0381564 -94.4689
0.125634 0.0260992 -80.3499
0.124162 0.0405111 -83.0793
0.126004 0.0418919 -86.0041
0.109461 0.0641347 -73.2336
0.0899625 0.132706 -71.3034
0.116164 0.0859125 -88.5345
0.0932833 0.0735286 -56.7207
0.0194573 0.436486 -95.5558
0.0534692 0.426045 -93.9495
0.0534321 0.353846 -70.1391
-0.00849906 0.303387 -48.6651
-0.020774 0.279039 -39.5437
-0.00973444 0.284856 -42.9141
-0.0164899 0.272203 -37.9801
-0.00791293 0.272516 -39.5799
-0.00256484 0.280729 -43.3891
0.00277637 0.308449 -53.5921
0.00306776 0.308438 -53.7916
0.00707155 0.321317 -58.9915
0.00485612 0.315104 -56.3315
0.00672579 0.320791 -58.6723
-0.00035864 0.32924 -59.2917
-0.000888496 0.321945 -56.7542
0.00531659 0.321581 -58.7157
0.00857115 0.323196 -60.5128
0.00658563 0.328634 -61.5927
0.00466465 0.328746 -60.9235
0.0047267 0.323838 -58.9202
-0.00643823 0.312719 -50.2319
-0.00476636 0.330249 -57.0465
0.000776295 0.330024 -59.5883
0.00471331 0.328844 -61.1191
0.00127209 0.316795 -55.4559
0.012122 0.307046 -58.3721
0.0036318 0.323866 -59.1539
-0.00365405 0.318991 -53.4604
0.00826536 0.310553 -57.8941
0.00754049 0.313142 -57.9502
-0.00462637 0.305685 -47.5428
-0.000976784 0.307357 -50.6235
0.0108519 0.309898 -59.8608
0.0113334 0.317749 -62.7593
0.0148993 0.318262 -65.6595
0.0223357 0.310036 -68.7541
0.0369589 0.304597 -78.1326
0.0518692 0.346811 -104.215
0.0359201 0.368579 -98.2286
0.0478481 0.401971 -120.164
0.0332869 0.383326 -100.899
0.0257752 0.379872 -92.8797
0.018662 0.373889 -84.3625
0.0316632 0.359517 -91.7358
0.0352435 0.357863 -94.8353
0.0354108 0.381392 -102.883
0.0308774 0.357365 -90.388
0.0517909 0.267553 -81.5379
0.0528519 0.228313 -68.7384
0.0733751 0.145276 -62.8598
0.100164 0.0767744 -69.01
0.125801 0.030775 -82.3533
0.143125 0.0551733 -110.64
0.127844 0.0461066 -89.3885
0.113006 0.0447894 -71.3376
0.10588 0.0407471 -61.6353
0.106776 0.0334679 -60.5034
0.0461488 0.356987 -71.1697
0.0316637 0.335182 -63.2766
0.00308639 0.279673 -42.3324
-0.0214413 0.227429 -22.1762
-0.017541 0.257712 -33.2971
-0.0119452 0.273403 -39.3071
-0.00895365 0.289097 -45.2089
-0.00511137 0.284968 -44.2115
0.00341543 0.304402 -52.3501
0.00935379 0.311566 -55.9448
0.00247725 0.322678 -58.2167
0.00281582 0.327008 -59.8569
0.00341818 0.314402 -55.6483
0.00829355 0.311911 -55.9872
0.006542 0.316167 -57.0179
0.00100256 0.317752 -55.8205
0.00892253 0.321742 -60.0065
0.00568432 0.320624 -58.413
0.0103943 0.321039 -60.3181
0.0110886 0.318731 -59.7372
0.000511228 0.314662 -53.9746
0.00336895 0.307003 -52.7661
-0.000754061 0.315748 -54.0999
8.37605e-05 0.323711 -57.2364
0.00202385 0.328141 -59.6154
0.00407013 0.321635 -58.5477
0.00806495 0.344235 -69.0374
0.0110423 0.330411 -65.5593
-0.00226224 0.347362 -63.9314
-0.00147966 0.32974 -57.9974
-0.00388828 0.299344 -45.6558
-0.00735375 0.2975 -42.3754
0.0147266 0.310827 -62.7803
0.00977076 0.331922 -66.8108
0.00665834 0.304804 -54.4706
0.0111583 0.308482 -59.343
0.0149744 0.309829 -62.8106
0.0478881 0.292667 -83.4404
0.094122 0.3 -123.317
0.0349746 0.37024 -97.4668
0.0200714 0.390897 -92.062
0.0254775 0.378035 -92.0174
0.0229833 0.367341 -85.829
0.021398 0.359253 -81.5406
0.02889 0.354323 -86.9902
0.0279849 0.356416 -86.8068
0.0141742 0.341253 -67.5856
0.0139006 0.330596 -63.5285
0.029636 0.32532 -77.9906
0.0487317 0.247194 -70.6776
0.0596732 0.177384 -58.2738
0.0496801 0.139158 -33.7882
0.0918023 0.0914145 -64.6712
0.127079 0.0874037 -103.352
0.122913 0.0529608 -85.5669
0.100976 0.0249052 -50.5255
0.10851 0.0108254 -54.9058
0.0842504 0.0134946 -26.1969
0.02347 0.347039 -67.4555
0.00443761 0.303949 -51.2932
-0.0147857 0.247209 -29.7288
-0.0110372 0.269809 -38.2356
-0.00627583 0.268047 -37.9315
-0.00449729 0.281124 -42.8722
0.00170164 0.288363 -46.4142
0.00867891 0.297026 -50.6284
0.0159988 0.29464 -51.0423
0.0108002 0.307702 -54.7412
0.016221 0.293897 -51.0419
0.00569332 0.304702 -52.5406
0.0036452 0.306026 -52.5804
0.00430026 0.302122 -51.2865
0.000492089 0.301719 -49.9486
0.00456489 0.289746 -46.9961
0.00877777 0.296784 -50.9912
0.0027676 0.296802 -48.7984
0.0094128 0.280626 -45.4864
0.00792601 0.289529 -48.0972
0.00946776 0.29654 -51.3998
0.00378187 0.316941 -56.2444
-0.0026598 0.328841 -57.6556
-0.000580528 0.315892 -54.0693
0.00222498 0.315086 -55.0488
-0.00556146 0.312263 -49.9016
0.0105971 0.308039 -57.4726
0.00525086 0.316181 -57.2426
-0.00375772 0.333698 -58.1337
0.003325 0.318002 -56.9723
0.00778712 0.33762 -66.8499
0.00164028 0.338924 -63.1801
0.00206128 0.338766 -63.5461
-0.00785164 0.334503 -54.7528
-0.00591216 0.284015 -37.6573
0.0162905 0.259334 -45.6048
0.0169652 0.290623 -57.5653
0.0421306 0.294266 -79.2121
0.0702587 0.274094 -94.6634
0.089854 0.297573 -118.871
0.0444027 0.363683 -103.619
0.0259424 0.356987 -84.9626
0.0185828 0.346744 -74.5477
0.010856 0.318475 -57.0382
0.0125294 0.322749 -60.1056
0.020918 0.0939067 16.1161
0.025741 0.270696 -53.9892
0.0191537 0.277534 -49.8583
0.0245251 0.293807 -61.3092
0.0277861 0.277266 -58.7826
0.0174658 0.244089 -35.8001
0.0278072 0.193313 -28.7655
0.0446364 0.142937 -29.4277
0.10148 0.0874492 -73.9994
0.103382 0.0561691 -64.4354
0.0855509 -0.00532723 -21.533
0.135429 0.00225121 -84.7504
0.141028 0.0418142 -105.821
