0 1 3
1 2 3
2 3 1
3 4 3
4 5 3
5 6 3
6 7 3
7 8 3
8 9 3
9 10 3
10 11 0
11 12 3
12 13 3
13 14 3
14 15 1
15 16 3
16 17 3
17 18 0
18 77 3
20 77 0
20 21 3
21 141 0
87 141 3
27 87 3
27 30 1
30 32 0
32 33 3
33 34 3
34 92 3
36 92 3
36 152 3
37 152 0
37 96 0
38 96 0
38 39 3
39 40 3
40 99 3
42 99 3
42 43 3
43 44 3
44 45 3
45 46 3
46 47 3
47 48 3
48 49 3
49 50 3
50 51 3
51 52 3
52 53 3
53 54 3
54 55 3
55 56 3
56 57 3
80 141 0
21 80 3
35 92 3
27 86 3
30 86 0
34 35 3
12 70 3
16 190 0
17 190 0
13 70 3
20 78 0
30 89 0
32 89 3
2 60 2
77 78 2
39 96 0
27 85 3
30 88 0
47 105 3
1 60 3
27 142 3
86 88 3
46 105 3
51 109 3
53 112 3
87 142 3
85 142 3
88 89 3
48 106 3
49 106 3
52 109 3
54 112 3
55 112 3
1 59 3
59 60 3
3 61 3
0 59 3
4 61 3
6 65 3
7 65 3
7 66 3
8 66 3
10 69 0
20 79 3
21 79 3
82 141 0
42 100 3
79 80 3
46 103 3
50 109 3
0 58 3
4 62 3
5 63 3
6 64 3
9 67 3
11 69 1
11 70 3
18 76 3
32 90 3
43 101 3
44 102 3
45 103 3
105 106 3
52 112 3
58 59 3
61 62 3
62 63 3
63 64 3
65 66 3
17 76 0
78 79 2
33 90 3
99 100 3
42 101 3
102 103 3
49 108 3
50 108 3
50 167 3
2 61 2
10 67 3
14 72 3
140 141 3
89 90 3
34 149 3
44 101 3
64 65 3
13 72 3
15 72 0
85 86 3
33 149 3
40 155 3
55 57 3
66 67 3
15 73 0
16 73 0
76 77 3
141 142 3
39 155 3
99 155 3
46 104 3
108 167 3
109 112 3
60 61 3
69 70 0
17 133 0
82 140 0
101 102 3
103 104 3
109 167 3
76 133 3
37 153 0
13 129 3
96 153 3
100 101 3
104 105 3
57 112 3
70 129 3
155 156 3
99 156 3
10 126 3
138 141 0
96 155 1
57 115 3
67 126 3
72 129 3
80 138 3
92 152 3
112 169 1
112 114 3
57 114 3
106 108 3
114 115 3
72 73 3
16 132 0
96 154 3
154 155 1
108 165 3
112 168 3
73 132 3
132 190 3
90 149 3
109 168 2
168 169 3
60 118 3
10 127 3
69 127 3
114 172 1
115 172 1
61 118 3
99 157 3
100 157 3
101 159 3
102 159 3
103 161 3
106 164 3
62 120 3
126 127 3
102 161 3
108 164 3
61 119 3
61 120 3
105 163 3
164 165 3
165 167 3
59 117 3
60 117 3
103 162 3
104 162 3
104 163 3
115 173 1
66 124 3
67 124 3
70 128 3
77 135 3
88 146 3
156 157 3
162 163 3
119 120 3
62 121 3
63 121 3
133 190 0
76 134 3
76 135 3
78 135 2
86 146 3
89 146 3
92 149 3
161 162 3
167 168 3
58 116 3
118 119 3
64 122 3
65 123 3
66 123 3
67 125 3
128 129 3
133 134 3
79 137 3
85 143 3
86 144 3
89 147 3
90 148 3
100 158 3
116 117 3
64 121 3
122 123 3
125 126 3
78 137 2
80 137 3
142 143 3
85 144 3
89 148 3
157 158 3
101 158 3
117 118 3
121 122 3
70 127 1
73 129 3
134 135 3
78 136 3
143 144 3
147 148 3
106 163 3
112 170 1
172 173 3
127 128 0
135 136 2
137 138 3
146 147 3
148 149 3
153 154 3
158 159 3
163 164 3
123 124 3
124 125 3
73 189 3
136 137 2
159 161 3
169 170 3
120 121 3
152 153 3
73 131 3
114 170 3
168 225 3
131 132 3
92 208 3
153 211 1
167 225 1
114 229 3
172 229 0
131 189 3
133 191 3
149 208 3
159 218 3
161 218 3
144 146 3
170 229 3
134 191 3
149 207 3
165 224 3
127 185 3
127 186 3
128 186 1
146 204 3
207 208 3
152 210 3
153 210 3
167 224 3
126 184 3
126 185 3
147 204 3
92 210 3
165 222 3
224 225 3
119 177 3
120 177 3
125 184 3
134 192 3
135 192 3
141 311 3
154 212 2
164 222 3
225 226 3
168 226 3
125 183 3
129 187 3
190 191 1
159 217 3
172 230 0
183 184 3
128 187 3
136 194 3
148 206 3
156 214 3
161 219 3
162 219 3
229 230 3
184 185 3
147 206 3
210 211 1
155 212 0
155 214 3
157 214 3
118 176 3
119 176 3
120 178 3
121 178 3
123 181 3
185 186 3
198 311 3
141 198 3
142 200 3
153 212 2
218 219 3
162 221 3
163 221 3
164 221 3
116 174 3
117 175 3
176 177 3
177 178 3
121 180 3
122 180 3
122 181 3
124 182 3
124 183 3
191 192 3
192 193 3
135 193 3
138 311 0
142 198 3
147 205 3
157 215 3
158 216 3
162 220 3
169 227 3
170 228 3
173 230 0
174 175 3
117 176 3
121 179 3
180 181 3
181 182 3
186 187 0
129 246 3
143 200 3
144 203 3
146 203 3
204 205 3
205 206 3
214 215 3
215 216 3
159 216 3
219 220 3
220 221 3
221 222 3
168 227 3
170 227 3
173 231 0
136 193 2
137 195 2
138 195 2
198 200 3
203 204 3
216 217 3
217 218 3
227 228 3
175 176 3
178 179 3
179 180 3
73 246 2
195 311 0
230 231 3
182 183 3
190 306 1
212 270 2
155 270 3
228 229 3
187 246 3
194 195 2
211 212 0
189 246 3
149 206 3
155 271 3
144 202 3
207 265 3
214 271 3
226 227 3
202 203 3
149 265 3
270 271 3
206 265 3
193 194 2
224 282 3
225 282 3
191 306 1
143 202 3
208 267 3
92 267 3
222 280 3
200 259 3
208 265 3
165 281 3
132 189 3
190 248 3
198 259 3
165 280 3
224 281 3
179 238 3
180 238 3
189 248 3
198 255 3
200 202 3
280 281 3
194 252 3
195 252 1
259 316 3
180 239 3
181 239 3
184 242 3
255 311 3
202 259 3
226 284 3
177 235 3
185 242 3
189 247 3
281 282 3
225 284 3
227 284 3
175 233 3
176 235 3
187 245 1
247 248 3
206 264 3
218 276 3
219 276 3
176 233 3
182 240 3
246 247 3
193 252 3
204 262 3
205 262 3
217 275 3
221 279 3
222 279 3
181 240 3
186 245 3
198 256 3
203 262 3
205 264 3
264 265 3
208 266 3
214 272 3
218 275 3
220 278 3
221 278 3
227 285 3
228 285 3
174 232 3
176 234 3
177 236 3
178 236 3
179 237 3
183 241 3
185 243 3
186 244 3
245 246 0
191 249 3
192 250 3
193 250 3
193 251 3
256 259 3
205 263 3
266 267 3
271 272 3
214 273 3
215 273 3
216 274 3
219 277 3
225 283 3
228 286 3
229 287 3
230 288 3
231 289 3
232 233 3
234 235 3
236 237 3
237 238 3
238 239 3
239 240 3
240 241 3
243 244 3
244 245 3
248 306 1
249 250 3
256 316 3
263 264 3
265 266 3
273 274 3
274 275 3
275 276 3
276 277 3
277 278 3
282 283 3
283 284 3
284 285 3
286 287 3
287 288 3
288 289 3
233 234 3
184 241 3
262 263 3
272 273 3
279 280 3
285 286 3
235 236 3
250 251 3
203 261 3
278 279 3
249 306 1
251 252 3
261 262 3
211 326 3
211 270 0
242 243 3
270 326 1
255 256 3
202 261 3
210 326 1
241 242 3
202 318 3
252 311 0
259 318 3
311 369 3
252 310 3
255 369 3
256 314 3
314 316 3
315 316 3
270 328 3
281 339 3
251 310 3
314 315 3
261 318 3
270 327 1
235 294 3
236 294 3
265 323 3
326 327 3
243 301 3
263 321 3
264 323 3
267 325 3
92 326 1
238 297 3
239 297 3
242 301 3
264 321 3
266 325 3
270 329 3
278 336 3
279 336 3
279 395 3
282 339 3
284 342 3
288 346 3
241 299 3
250 308 3
262 321 3
92 325 3
285 342 3
286 344 3
287 344 3
287 346 3
232 290 3
233 291 3
233 292 3
234 292 3
235 293 3
237 295 3
238 296 3
240 298 3
242 299 3
242 300 3
244 302 3
245 303 3
249 307 3
249 308 3
251 309 3
259 317 3
261 319 3
262 320 3
266 323 3
271 329 3
272 331 3
273 331 3
274 332 3
275 333 3
275 334 3
276 334 3
276 335 3
277 335 3
278 335 3
279 338 3
279 339 3
280 339 3
282 340 3
283 341 3
285 343 3
287 345 3
289 347 3
290 291 3
292 293 3
294 295 3
295 296 3
296 297 3
297 298 3
298 299 3
301 302 3
302 303 3
306 307 0
308 309 3
309 310 3
316 317 3
317 318 3
318 319 3
319 320 3
320 321 3
266 324 3
331 332 3
332 333 3
335 336 3
336 395 3
338 395 3
338 339 3
340 341 3
341 342 3
343 344 3
344 345 3
345 346 3
346 347 3
299 300 3
307 308 3
255 313 3
256 313 3
323 324 3
324 325 3
327 328 0
272 329 3
291 292 3
247 305 1
310 311 3
339 340 3
293 294 3
246 303 1
246 305 1
248 305 1
313 314 3
264 380 3
272 388 3
333 334 3
342 343 3
323 380 3
331 388 3
334 335 3
303 305 0
300 301 3
321 380 3
331 389 3
305 362 3
388 389 3
303 362 3
305 306 3
329 388 3
313 369 3
328 329 3
306 365 3
92 442 1
339 398 3
340 398 3
307 365 1
318 376 3
319 376 3
325 442 1
326 442 0
303 361 3
313 371 3
361 362 3
315 373 3
316 373 3
341 398 3
293 352 3
294 352 3
300 359 3
301 359 3
369 370 3
314 371 3
332 390 3
335 394 3
336 394 3
313 370 3
316 432 3
317 375 3
318 375 3
319 377 3
320 377 3
325 383 1
328 387 3
329 387 3
331 390 3
292 351 3
293 351 3
297 355 3
298 355 3
307 366 3
310 367 3
310 368 3
370 371 3
373 432 3
342 401 3
343 401 3
292 350 3
365 366 0
309 367 3
314 372 3
316 375 3
320 378 3
383 442 3
387 388 3
334 393 3
335 393 3
290 348 3
291 349 3
292 349 3
350 351 3
295 353 3
296 354 3
298 357 3
299 357 3
301 360 3
302 360 3
302 361 3
305 363 3
305 364 3
306 364 3
308 366 3
367 368 3
311 368 3
315 372 3
375 432 3
375 376 3
321 379 3
323 381 3
324 381 3
328 386 3
389 390 3
332 391 3
333 391 3
341 399 3
342 400 3
344 402 3
345 403 3
346 404 3
347 405 3
348 349 3
351 352 3
352 353 3
353 354 3
354 355 3
300 357 3
363 364 3
308 367 3
376 377 3
377 378 3
378 379 3
327 386 0
386 387 3
334 391 3
394 395 3
338 398 3
399 400 3
401 402 3
402 403 3
403 404 3
404 405 3
380 381 3
398 399 3
349 350 3
359 360 3
364 365 3
372 373 3
379 380 3
360 361 3
325 381 3
327 442 0
300 416 3
371 372 3
327 444 0
334 392 3
393 394 3
338 455 3
398 455 3
400 401 3
355 357 3
357 416 3
359 416 3
381 383 1
390 391 3
391 392 3
392 393 3
366 367 3
381 440 1
386 444 3
368 369 0
383 440 3
395 454 3
327 443 3
454 455 3
442 443 1
443 444 0
383 441 3
353 410 3
362 363 3
352 410 3
357 414 3
381 439 3
395 453 3
380 439 3
394 453 3
453 454 3
355 414 0
361 420 3
355 413 0
362 420 3
349 408 3
351 409 3
413 414 3
375 433 3
376 434 3
378 437 3
379 437 3
379 438 3
380 438 3
440 441 3
404 462 3
350 408 3
350 409 3
354 413 0
359 417 3
360 417 3
361 419 3
363 421 3
364 423 3
365 423 3
372 430 3
373 430 3
376 433 3
377 434 3
401 459 3
405 462 3
349 407 3
410 411 0
353 411 0
419 420 3
362 421 3
364 421 3
366 423 1
368 427 0
369 427 3
371 429 3
390 448 3
391 448 3
393 451 3
394 451 3
402 459 3
348 406 3
354 411 0
364 422 3
423 481 0
370 427 3
370 428 3
370 429 3
373 431 3
377 435 3
378 436 3
441 442 3
387 444 3
387 445 3
388 446 3
389 447 3
399 455 3
400 458 0
403 462 3
406 407 3
407 408 3
408 409 3
351 410 3
357 415 3
416 417 3
422 423 3
366 481 3
427 428 3
428 429 3
371 430 3
430 431 3
431 432 3
432 433 3
433 434 3
434 435 3
435 436 3
437 438 3
438 439 3
445 446 3
446 447 3
447 448 3
400 459 3
402 461 3
403 461 3
405 463 3
409 410 3
354 412 0
415 416 3
360 476 0
436 437 3
392 451 3
394 452 3
462 463 3
412 413 3
414 415 3
420 421 3
421 422 3
429 430 3
439 440 3
444 445 3
451 452 3
452 453 3
360 419 3
399 457 3
400 457 3
417 476 0
419 476 3
455 457 3
459 461 3
461 462 3
392 448 3
414 472 3
415 472 3
459 516 0
366 424 3
444 502 3
457 458 0
424 481 3
443 502 0
458 459 1
392 508 1
451 508 1
475 476 3
368 484 3
424 483 3
367 483 3
367 484 3
427 485 1
366 483 3
368 485 1
459 518 0
461 518 0
461 519 0
411 412 3
421 480 3
483 484 3
484 485 3
518 519 3
413 471 3
417 475 0
422 480 3
444 503 3
445 503 3
448 507 1
392 507 1
508 625 3
451 625 1
412 471 3
416 475 0
419 477 3
420 477 3
431 489 3
431 490 3
432 490 3
441 500 3
442 500 3
507 508 3
454 513 3
455 513 3
455 514 3
457 514 0
458 516 3
420 478 3
429 487 3
429 488 3
430 488 3
489 490 3
445 504 3
513 514 3
458 514 3
516 517 1
459 517 3
462 519 0
421 478 3
428 487 3
437 495 3
438 495 3
440 498 3
446 504 3
462 520 1
463 520 1
407 465 3
408 465 3
411 469 3
487 488 3
441 498 3
443 500 0
453 512 3
454 512 3
406 464 3
412 469 3
412 470 3
472 473 1
415 473 1
416 474 3
476 477 3
477 478 3
435 493 3
436 494 3
437 494 3
438 497 3
439 497 3
441 499 3
443 501 3
502 503 3
519 520 1
463 521 1
464 465 3
410 469 0
473 474 3
423 480 3
431 488 3
433 491 3
434 492 3
434 493 3
493 494 3
439 498 3
502 618 3
458 515 3
520 521 3
408 466 3
409 466 3
410 468 0
469 470 3
470 471 3
413 472 3
424 482 3
488 489 3
490 491 3
492 493 3
498 499 3
447 504 3
452 511 3
453 511 3
515 516 3
466 525 3
409 468 3
471 472 3
482 483 3
501 618 0
503 504 3
514 515 3
474 475 0
434 491 3
497 498 3
499 500 3
500 501 1
512 513 3
514 572 3
517 518 0
481 482 3
491 492 3
494 495 3
495 497 3
447 505 1
448 505 1
451 567 3
452 567 3
452 568 3
511 512 3
513 572 3
515 572 3
465 466 3
466 468 3
427 487 3
448 564 1
567 568 3
511 568 3
468 525 3
468 469 3
479 480 3
504 505 1
505 564 3
507 564 3
421 479 3
471 530 1
472 530 1
478 479 3
427 544 2
473 530 3
480 481 3
487 544 2
470 528 1
471 529 1
485 544 2
560 618 3
502 560 3
567 625 1
469 527 1
469 528 1
470 529 1
529 530 3
480 538 3
487 545 2
488 545 2
500 558 3
518 576 1
528 529 3
484 542 3
488 546 2
517 576 1
527 528 3
479 538 3
485 542 3
544 545 3
489 546 3
493 551 2
497 555 3
498 556 3
511 569 3
519 577 1
474 532 3
475 532 1
477 535 3
480 482 3
482 598 3
492 551 2
493 552 2
494 552 2
495 553 2
498 555 3
499 556 3
501 558 0
503 560 3
568 569 3
520 577 3
468 527 1
475 533 1
476 535 3
478 536 3
545 546 3
497 553 2
499 558 3
508 566 3
516 574 3
520 579 3
521 579 3
464 522 3
465 523 3
473 531 3
476 533 1
476 534 3
477 536 3
483 541 3
490 548 2
491 549 2
492 550 2
551 552 3
494 553 2
564 565 3
507 565 3
566 625 3
513 571 3
515 573 3
517 574 0
517 575 1
519 576 1
520 578 3
522 523 3
466 523 3
468 526 3
530 531 3
531 532 3
532 533 3
534 535 3
479 536 3
480 598 2
482 541 3
489 547 2
548 549 3
491 550 2
550 551 3
499 557 3
504 562 1
565 566 3
512 570 3
512 571 3
571 572 3
573 574 3
575 576 3
576 577 3
578 579 3
526 527 1
533 534 3
535 536 3
483 542 3
543 544 3
549 550 3
555 556 3
505 562 0
569 570 3
570 571 3
572 573 3
577 578 3
485 543 2
503 619 3
503 562 2
574 575 1
538 598 3
546 547 3
490 547 2
552 553 3
556 557 3
557 558 3
558 617 1
501 617 3
560 619 3
562 619 2
525 526 3
482 540 3
541 542 3
542 543 3
547 548 3
617 618 0
540 598 3
540 541 3
553 555 3
557 616 3
558 616 3
523 582 3
466 582 2
525 582 3
505 621 3
562 621 3
564 621 2
564 622 3
565 622 3
565 623 3
622 623 3
553 611 3
578 637 3
579 637 3
536 595 3
479 595 3
551 609 3
555 613 2
529 587 3
533 591 3
536 594 3
544 602 3
545 602 3
549 607 3
550 607 3
552 609 3
552 611 3
553 612 3
553 613 3
568 626 1
578 636 3
530 587 3
535 594 3
543 601 3
544 601 3
546 604 3
611 612 3
612 613 3
567 626 1
569 626 1
571 630 3
572 630 3
573 632 2
574 632 2
636 637 3
522 580 0
526 584 1
534 592 3
535 592 3
545 604 3
548 607 3
550 609 3
557 615 3
618 619 3
573 630 3
575 633 3
576 633 3
523 580 0
527 585 3
528 586 3
530 588 3
531 589 3
532 590 3
533 590 3
534 591 3
535 593 3
538 596 3
545 603 3
547 605 3
552 610 3
556 613 2
556 614 2
615 616 3
619 620 2
562 620 3
566 624 3
625 626 3
569 628 3
570 628 3
571 628 3
573 631 3
577 635 3
577 636 3
525 584 1
584 585 3
585 586 3
586 587 3
587 588 3
588 589 3
589 590 3
592 593 3
593 594 3
479 596 3
601 602 3
602 603 3
603 604 3
604 605 3
550 608 3
613 614 3
620 621 3
565 624 3
632 633 1
523 581 3
525 583 1
594 595 3
596 598 3
542 600 2
548 605 3
608 609 3
609 610 3
610 611 3
557 614 3
623 624 3
624 625 3
630 631 3
631 632 1
576 692 3
576 635 3
582 583 1
583 584 3
595 596 3
600 601 3
548 606 3
607 608 3
580 581 1
581 582 3
541 600 2
606 607 3
621 622 2
623 681 3
628 630 3
633 692 3
635 636 3
590 591 3
605 606 3
614 615 3
622 681 3
540 657 2
541 657 2
626 628 0
591 592 3
635 692 3
598 657 3
600 657 3
628 686 1
630 686 1
598 656 3
626 686 3
596 656 3
618 676 2
624 681 3
626 685 3
686 688 0
630 688 1
617 676 0
685 686 3
582 641 1
610 669 3
611 669 3
616 617 1
581 641 1
583 641 3
631 688 1
631 689 1
686 687 0
640 641 3
609 667 3
688 689 3
632 689 2
632 690 2
581 640 1
606 665 3
607 665 3
608 665 3
608 667 3
633 690 0
636 694 3
637 694 3
596 654 3
654 656 3
604 662 3
612 670 3
613 670 3
616 674 3
619 677 2
633 691 3
656 657 3
605 662 3
615 674 3
620 677 2
624 682 3
687 688 3
691 692 3
635 693 3
590 649 3
591 649 3
592 649 3
593 650 3
610 667 3
617 674 0
618 677 2
681 682 3
624 683 3
625 683 3
626 684 3
689 690 3
580 638 1
581 639 1
584 642 3
585 643 3
586 644 3
587 645 3
587 646 3
588 646 3
589 647 3
590 648 3
592 650 3
595 654 3
600 658 3
602 660 3
603 660 3
605 663 3
606 663 3
611 670 3
613 671 3
614 672 3
615 673 3
676 677 3
625 684 3
690 691 1
637 695 3
580 639 1
639 640 3
641 642 3
642 643 3
643 644 3
644 645 3
645 646 3
646 647 3
647 648 3
648 649 3
595 653 3
657 658 3
600 659 3
601 659 3
601 660 3
662 663 3
667 668 3
610 668 3
671 672 3
672 673 3
673 674 3
622 680 3
680 681 3
683 684 3
684 685 3
636 693 3
694 695 3
638 639 3
649 650 3
594 652 3
594 653 3
606 664 3
665 666 3
608 666 3
669 670 3
670 671 3
693 694 3
593 651 3
659 660 3
603 662 3
663 664 3
664 665 3
666 667 3
621 737 2
682 683 3
692 693 3
650 651 3
594 651 3
652 653 3
653 654 3
658 659 3
668 669 3
620 737 2
651 652 3
621 680 2
660 662 3
620 736 2
736 737 3
660 719 3
662 719 3
677 736 3
654 712 3
654 713 3
656 713 3
656 714 3
687 745 3
688 745 3
680 737 3
692 750 3
693 750 3
653 712 3
712 713 3
713 714 3
689 747 3
652 710 3
652 711 3
653 711 3
676 734 3
651 710 3
710 711 3
658 716 3
677 734 3
691 750 3
642 700 3
711 712 3
659 716 3
664 722 3
665 722 3
676 733 3
684 742 3
685 742 3
685 744 3
686 744 3
643 700 3
644 702 3
645 704 3
667 725 3
668 726 3
674 733 3
617 733 2
733 734 3
688 747 3
689 748 3
690 748 3
639 697 3
640 697 3
640 698 3
643 702 3
646 704 3
648 706 3
667 726 3
680 738 3
681 738 3
687 744 2
744 745 3
747 748 3
691 749 3
693 751 3
638 696 3
641 699 3
643 701 3
645 703 3
647 705 3
649 706 3
650 708 3
657 714 3
660 718 3
662 720 3
663 721 3
666 725 3
725 726 3
668 727 3
669 727 3
670 728 3
671 729 3
672 730 3
673 731 3
674 732 3
677 735 3
681 739 3
683 742 3
690 749 1
749 750 3
694 751 3
696 697 3
697 698 3
698 699 3
699 700 3
700 701 3
701 702 3
702 703 3
704 705 3
705 706 3
651 708 3
718 719 3
720 721 3
664 721 3
665 723 3
666 723 3
666 724 3
727 728 3
728 729 3
729 730 3
730 731 3
731 732 3
732 733 3
734 735 3
735 736 3
682 739 3
682 740 3
685 743 3
745 747 3
748 749 1
694 752 3
703 704 3
649 707 3
658 714 3
722 723 3
723 724 3
724 725 3
726 727 3
738 739 3
683 741 3
743 744 3
750 751 3
695 753 3
650 707 3
659 718 3
721 722 3
739 740 3
682 741 3
741 742 3
742 743 3
751 752 3
695 752 3
659 775 3
737 738 3
707 708 3
716 775 3
718 775 3
719 720 3
740 741 3
752 753 3
706 707 3
651 767 2
710 767 3
714 716 3
708 767 3
744 803 3
745 803 3
716 773 3
714 773 3
745 804 3
747 804 3
803 804 3
728 787 3
729 787 3
747 805 3
804 805 3
748 806 3
736 794 3
737 794 3
747 806 3
707 765 3
735 794 3
738 796 3
708 765 3
713 771 3
725 783 3
726 783 3
732 791 3
733 791 3
739 797 3
805 806 3
706 765 2
712 771 3
720 778 3
722 780 3
737 796 3
738 797 3
742 800 2
702 760 3
703 760 3
703 761 3
708 766 3
710 768 3
719 778 3
723 780 3
724 782 3
726 784 3
732 790 3
734 791 3
740 797 3
741 800 3
750 809 3
751 809 3
696 754 3
697 754 3
697 755 3
698 756 3
699 757 3
700 757 3
700 758 3
701 759 3
706 764 2
765 766 3
766 767 3
711 768 3
711 769 3
712 769 3
712 770 3
714 771 3
714 772 3
716 774 3
719 777 3
721 779 3
723 781 3
723 782 3
782 783 3
783 784 3
727 784 3
727 785 3
728 786 3
730 788 3
731 788 3
731 790 3
734 792 3
735 793 3
737 795 3
740 798 3
741 799 3
743 801 2
744 802 2
750 808 3
752 810 3
753 811 3
755 756 3
756 757 3
758 759 3
759 760 3
764 765 3
768 769 3
770 771 3
772 773 3
773 774 3
774 775 3
718 777 3
778 779 3
779 780 3
780 781 3
781 782 3
784 785 3
727 786 3
786 787 3
787 788 3
792 793 3
795 796 3
797 798 3
798 799 3
799 800 3
742 801 2
801 802 3
748 807 2
749 807 0
749 808 3
808 809 3
751 810 3
810 811 3
760 761 3
705 763 2
706 763 2
767 768 3
771 772 3
718 776 3
777 778 3
785 786 3
791 792 3
793 794 3
794 795 3
796 797 3
754 755 3
704 761 3
763 764 3
775 776 3
800 801 3
809 810 3
769 770 3
806 807 2
807 808 2
757 758 3
776 777 3
788 790 3
704 763 2
790 791 3
802 803 3
704 820 2
763 820 3
761 820 3
761 819 3
788 847 3
790 847 3
760 819 3
819 820 3
798 856 3
799 856 3
803 861 3
756 814 3
790 848 3
802 861 3
804 861 3
810 869 3
811 869 3
754 813 3
757 814 3
775 833 3
776 833 3
791 848 3
797 855 3
798 855 3
799 857 3
755 813 3
757 816 2
758 816 3
763 822 3
764 822 3
768 827 3
769 827 3
770 827 3
770 828 3
771 828 3
772 830 3
773 832 3
774 832 3
778 836 3
784 842 3
785 842 3
786 844 3
796 855 3
856 857 3
800 857 3
804 862 3
805 864 3
806 864 3
755 814 3
760 818 3
763 821 3
767 825 3
768 825 3
768 826 3
771 829 3
771 830 3
773 830 3
775 832 3
779 836 3
785 844 3
793 851 3
794 852 3
805 862 3
754 812 3
757 815 2
818 819 3
765 823 3
825 826 3
826 827 3
829 830 3
773 831 3
776 834 3
777 835 3
779 837 3
779 838 3
780 838 3
781 839 3
782 840 3
783 841 3
785 843 3
787 845 3
788 846 3
791 849 3
792 850 3
794 851 3
795 852 3
795 854 3
796 854 3
800 858 3
801 859 3
802 860 3
806 865 3
807 866 2
808 866 3
809 866 3
810 868 3
814 815 3
822 823 3
766 823 3
827 828 3
828 829 3
830 831 3
831 832 3
833 834 3
834 835 3
835 836 3
836 837 3
837 838 3
838 839 3
839 840 3
840 841 3
841 842 3
843 844 3
844 845 3
845 846 3
846 847 3
848 849 3
849 850 3
850 851 3
855 856 3
858 859 3
859 860 3
861 862 3
805 863 3
864 865 3
809 868 3
868 869 3
813 814 3
815 816 3
832 833 3
842 843 3
847 848 3
851 852 3
857 858 3
860 861 3
862 863 3
863 864 3
812 813 3
759 817 3
820 821 3
821 822 3
766 825 3
807 865 3
760 817 3
817 818 3
865 866 3
809 867 3
759 816 3
823 825 3
854 855 3
852 854 3
866 867 3
867 868 3
816 817 3
823 882 3
825 882 3
814 872 3
815 872 3
852 911 3
854 911 3
812 870 3
813 870 3
813 872 3
823 881 3
867 926 3
868 926 3
856 914 3
859 917 3
862 920 3
867 925 2
817 875 3
819 878 3
820 878 3
881 882 3
826 885 3
827 885 3
836 894 3
837 894 3
857 914 3
858 917 3
863 920 3
869 927 3
816 874 3
816 875 3
819 877 3
821 878 3
828 885 3
835 894 3
837 896 3
838 896 3
844 902 3
845 902 3
852 910 3
855 913 3
861 919 3
861 920 3
864 923 3
865 923 3
866 924 2
867 924 2
868 927 3
815 874 3
818 876 3
818 877 3
877 878 3
821 879 3
822 880 3
826 884 3
828 886 3
829 887 3
830 888 3
831 889 3
832 890 3
833 891 3
834 892 3
835 893 3
837 895 3
839 897 3
840 898 3
841 899 3
842 900 3
843 901 3
843 902 3
845 903 3
846 904 3
847 905 3
848 906 3
850 908 3
851 908 3
851 910 3
856 913 3
858 916 3
860 918 3
863 922 3
864 922 3
815 873 3
874 875 3
875 876 3
876 877 3
879 880 3
825 884 3
884 885 3
885 886 3
886 887 3
887 888 3
888 889 3
889 890 3
890 891 3
891 892 3
892 893 3
896 897 3
897 898 3
898 899 3
899 900 3
843 900 3
902 903 3
903 904 3
904 905 3
905 906 3
848 907 3
849 907 3
849 908 3
851 909 3
854 913 3
914 915 3
857 915 3
857 916 3
916 917 3
917 918 3
918 919 3
919 920 3
922 923 3
865 924 3
924 925 3
926 927 3
872 873 3
873 874 3
823 880 3
894 895 3
901 902 3
908 909 3
909 910 3
910 911 3
854 912 3
913 914 3
878 879 3
880 881 3
895 896 3
906 907 3
911 912 3
923 924 3
925 926 3
893 894 3
900 901 3
907 908 3
912 913 3
915 916 3
813 871 3
882 884 3
870 871 3
871 872 3
863 979 3
920 979 3
922 979 3
879 937 3
884 942 3
870 928 3
871 928 3
880 937 3
884 941 3
885 942 3
885 943 3
886 943 3
909 968 3
910 968 3
912 971 3
913 971 3
872 930 3
873 930 3
908 966 3
916 974 3
919 977 3
881 939 3
882 939 3
882 941 3
941 942 3
890 948 3
891 948 3
892 950 3
895 954 3
896 954 3
907 966 3
911 969 3
912 969 3
914 972 3
914 973 3
915 973 3
915 974 3
918 977 3
922 981 3
923 981 3
924 982 3
925 982 3
925 983 3
926 985 2
927 985 2
871 929 3
874 932 3
875 933 3
876 934 3
877 935 3
878 936 3
880 938 3
886 944 3
887 945 3
888 946 3
889 947 3
891 949 3
893 950 3
893 951 3
894 952 3
897 954 3
897 955 3
898 956 3
899 957 3
900 958 3
901 959 3
902 960 3
903 961 3
904 962 3
905 963 3
906 964 3
907 965 3
909 967 3
917 975 3
918 976 3
920 977 3
922 980 3
982 983 3
926 984 2
928 929 3
929 930 3
873 931 3
873 932 3
932 933 3
933 934 3
877 934 3
877 936 3
936 937 3
881 938 3
942 943 3
943 944 3
944 945 3
945 946 3
946 947 3
889 948 3
949 950 3
950 951 3
951 952 3
895 952 3
954 955 3
955 956 3
956 957 3
957 958 3
958 959 3
959 960 3
960 961 3
961 962 3
962 963 3
963 964 3
964 965 3
965 966 3
966 967 3
971 972 3
972 973 3
975 976 3
976 977 3
920 978 3
979 980 3
980 981 3
923 982 3
925 984 3
984 985 3
930 931 3
938 939 3
939 940 3
882 940 3
947 948 3
911 968 3
917 974 3
977 978 3
978 979 3
981 982 3
931 932 3
934 935 3
937 938 3
940 941 3
948 949 3
967 968 3
968 969 3
935 936 3
973 974 3
983 984 3
974 975 3
895 1011 3
952 1011 3
954 1011 3
969 971 3
969 1028 3
971 1028 3
932 990 3
933 990 3
982 1040 3
983 1040 3
931 990 3
936 995 3
937 995 3
938 995 3
954 1012 3
955 1012 3
956 1014 3
969 1027 3
973 1032 3
974 1032 3
930 988 3
936 994 3
939 997 3
944 1002 3
957 1014 3
958 1016 3
959 1018 3
960 1018 3
966 1024 3
968 1027 3
975 1033 3
976 1033 3
976 1035 3
977 1035 3
931 988 3
935 994 3
994 995 3
938 997 3
939 998 3
940 998 3
940 999 3
941 999 3
943 1001 3
945 1002 3
957 1016 3
964 1023 3
965 1023 3
967 1024 3
984 1042 3
984 1043 2
985 1043 2
928 986 3
929 987 3
931 989 3
933 991 3
934 992 3
935 992 3
935 993 3
938 996 3
942 1000 3
943 1000 3
943 1002 3
945 1003 3
945 1004 3
946 1004 3
947 1005 3
948 1005 3
948 1006 3
949 1007 3
950 1008 3
951 1009 3
952 1010 3
955 1013 3
958 1017 3
959 1017 3
961 1019 3
962 1020 3
963 1021 3
967 1025 3
968 1025 3
971 1029 3
972 1030 3
973 1031 3
1032 1033 3
978 1035 3
978 1036 3
979 1037 2
980 1038 3
983 1041 3
986 987 3
987 988 3
988 989 3
989 990 3
990 991 3
934 991 3
992 993 3
993 994 3
995 996 3
996 997 3
942 999 3
1002 1003 3
1003 1004 3
1004 1005 3
1006 1007 3
1007 1008 3
1008 1009 3
1009 1010 3
1010 1011 3
1011 1012 3
1013 1014 3
957 1015 3
960 1019 3
1019 1020 3
962 1021 3
964 1021 3
1023 1024 3
1024 1025 3
1027 1028 3
1029 1030 3
1030 1031 3
1036 1037 3
1037 1038 3
1040 1041 3
1041 1042 3
997 998 3
1000 1001 3
1012 1013 3
1014 1015 3
1016 1017 3
1017 1018 3
1028 1029 3
1031 1032 3
981 1038 3
1042 1043 3
1005 1006 3
1018 1019 3
1020 1021 3
1033 1035 3
991 992 3
998 999 3
999 1000 3
1035 1036 3
981 1040 3
1015 1016 3
1001 1002 3
