0 1 3
1 2 1
2 4 0
4 5 3
5 6 0
6 7 1
7 8 3
8 10 3
10 11 3
11 12 3
12 13 3
13 14 3
14 15 3
15 16 3
16 17 3
17 18 3
18 19 3
19 78 3
21 78 3
21 22 3
22 23 3
23 24 3
24 25 3
25 26 3
26 27 3
27 28 3
28 29 3
29 30 3
30 32 3
32 33 3
33 34 3
34 35 3
35 36 3
36 37 3
37 38 3
38 39 3
39 40 3
40 99 3
42 99 3
42 43 3
43 101 0
101 102 3
45 102 3
45 46 0
46 48 3
48 50 1
50 51 3
51 52 3
52 53 3
53 54 3
54 55 3
55 56 1
56 57 3
2 61 0
1 59 3
2 59 0
40 98 3
98 99 3
33 92 3
34 92 3
4 61 0
55 113 3
10 68 3
8 67 3
8 68 3
67 68 3
19 77 3
77 78 3
38 97 3
39 97 3
45 103 3
32 89 3
42 101 3
46 103 1
46 104 3
48 104 3
35 92 3
52 110 3
53 110 3
29 88 3
30 88 3
33 90 3
51 110 3
11 70 3
12 70 3
32 90 3
48 51 1
53 111 3
14 72 3
28 87 3
29 87 3
48 108 1
51 108 3
51 109 3
110 111 3
54 111 3
54 113 3
57 115 3
0 58 3
4 62 3
5 63 3
6 63 1
7 65 3
8 66 3
13 72 3
14 73 3
15 73 3
15 74 3
16 74 3
18 76 3
19 76 3
21 79 3
22 81 3
24 83 3
25 83 3
26 83 3
89 90 3
35 93 3
36 94 3
37 95 3
38 96 3
40 97 3
109 110 3
54 112 3
56 115 3
58 59 3
61 62 1
62 63 3
13 70 3
17 74 3
17 75 3
17 76 3
22 79 3
23 81 3
24 82 3
32 88 3
92 93 3
93 94 3
94 95 3
95 96 3
111 112 3
2 118 3
6 65 1
7 66 3
72 73 3
76 77 3
23 82 3
96 97 3
56 113 2
59 118 1
61 118 1
65 66 3
66 67 3
13 71 3
74 75 3
75 76 3
82 83 3
87 88 3
90 92 3
97 98 3
73 74 3
78 79 3
81 82 3
26 85 3
27 85 3
28 85 3
102 103 3
103 104 0
70 71 3
108 109 3
112 113 3
6 122 3
88 89 3
10 70 3
71 72 3
68 70 3
28 145 3
70 127 3
78 136 3
83 85 3
87 145 3
59 117 3
117 118 1
63 122 0
65 122 0
68 127 3
85 145 3
90 149 3
92 149 3
42 158 3
77 136 3
101 158 3
104 164 1
48 164 1
56 172 3
74 132 3
104 163 1
110 168 3
111 170 3
113 170 3
115 172 3
79 136 3
22 138 3
81 138 3
99 158 3
102 160 3
112 170 3
79 138 3
83 142 3
85 142 3
85 144 3
163 164 3
108 164 0
111 168 3
66 125 3
67 125 3
75 132 3
103 160 3
113 172 3
81 140 3
82 140 3
101 159 3
72 130 3
95 153 3
96 153 3
97 155 3
98 155 3
98 157 3
99 157 3
101 160 3
170 171 3
113 171 3
62 120 3
63 120 3
71 127 3
71 130 3
88 145 3
58 116 3
79 137 3
81 139 3
83 141 3
144 145 3
88 148 3
90 148 3
148 149 3
92 150 3
93 151 3
94 152 3
96 154 3
158 159 3
108 166 3
109 166 3
116 117 3
65 123 0
73 131 3
136 137 3
140 141 3
89 148 3
149 150 3
150 151 3
151 152 3
152 153 3
153 154 3
154 155 3
103 161 3
104 161 1
118 119 0
61 119 3
62 119 0
122 123 3
66 123 0
72 131 3
76 134 3
77 134 3
139 140 3
88 146 3
109 167 3
109 168 3
168 169 3
111 169 3
171 172 3
63 179 0
130 131 3
137 138 3
141 142 3
145 146 3
146 148 3
98 156 3
156 157 3
159 160 3
119 120 1
75 134 3
138 139 3
157 158 3
160 161 3
167 168 3
169 170 3
120 179 0
122 179 3
68 125 3
71 187 3
74 131 3
77 193 3
142 144 3
127 187 3
131 132 3
166 167 3
134 193 3
136 193 3
155 156 3
68 126 3
126 127 3
125 126 3
130 187 3
164 166 1
144 201 3
132 134 3
142 201 3
123 182 3
66 182 0
127 186 3
161 163 0
120 236 3
122 180 3
125 182 0
186 187 3
130 188 3
142 258 3
201 258 3
161 221 0
179 236 1
179 180 3
187 188 3
134 192 3
172 229 3
117 175 3
126 186 3
131 190 3
132 190 3
132 192 3
168 226 3
119 177 3
120 177 0
123 180 3
138 197 3
146 205 3
155 213 3
118 175 0
125 183 0
132 191 3
139 197 3
141 199 3
142 199 3
156 213 3
158 216 3
159 218 3
160 218 3
167 225 3
168 225 3
172 231 3
191 192 3
136 194 3
148 205 3
161 219 3
163 221 3
229 230 3
172 230 3
149 207 3
225 226 3
171 229 3
116 174 3
118 176 3
118 177 0
120 178 3
123 181 3
193 194 3
137 195 3
138 196 3
140 198 3
141 198 3
150 208 3
151 209 3
152 210 3
153 211 3
154 212 3
166 224 3
166 225 3
174 175 3
177 178 1
182 183 3
137 194 3
195 196 3
196 197 3
139 198 3
144 260 3
148 207 3
207 208 3
208 209 3
209 210 3
210 211 3
211 212 3
212 213 3
157 216 3
178 236 3
179 237 3
180 237 3
181 182 3
126 183 0
131 188 3
192 193 3
201 260 3
219 221 0
164 224 1
168 170 3
170 229 3
230 231 3
176 177 0
180 181 3
126 242 0
145 204 3
146 204 3
159 216 3
224 225 3
183 242 3
197 198 3
164 221 3
194 195 3
199 258 3
175 176 1
204 205 3
164 222 3
190 191 3
198 199 3
156 272 3
157 272 3
160 219 1
222 281 1
222 224 1
145 260 3
213 272 3
216 272 3
218 219 1
221 278 3
170 226 3
204 260 3
216 273 3
186 242 3
188 190 3
216 218 3
205 263 3
272 273 3
170 287 1
229 287 3
226 227 3
170 227 3
188 247 3
227 287 3
186 243 3
190 247 3
219 277 3
219 278 0
221 222 3
177 235 2
178 235 0
242 243 3
221 279 3
278 279 3
183 241 3
204 261 3
204 262 3
225 284 3
226 284 3
231 289 3
176 234 3
181 239 3
182 240 3
182 241 3
186 244 3
230 288 3
230 289 3
175 234 1
180 296 3
181 240 3
243 244 3
192 251 2
198 257 3
224 284 3
227 286 3
286 287 3
177 234 1
178 294 3
236 237 0
181 296 1
192 250 3
193 251 3
199 257 3
204 263 3
205 207 3
227 285 3
288 289 3
174 232 3
175 233 0
235 294 1
237 296 2
239 240 3
240 241 3
187 245 3
191 250 3
250 251 3
194 251 1
197 255 3
198 255 3
207 265 3
208 266 3
209 267 3
210 268 3
211 269 3
212 270 3
213 271 3
285 286 3
230 287 3
232 233 0
239 296 1
186 245 3
190 248 3
194 252 3
196 254 3
197 254 3
262 263 3
205 265 3
265 266 3
266 267 3
267 268 3
268 269 3
269 270 3
270 271 3
271 272 3
218 276 1
227 284 3
287 288 3
234 235 0
236 294 3
191 248 3
195 252 3
261 262 3
216 275 1
218 275 1
219 276 3
195 254 3
260 261 3
263 265 1
275 276 3
277 278 0
233 234 1
247 248 3
254 255 3
276 277 3
244 245 3
188 245 3
252 311 3
195 311 3
273 275 1
241 242 3
248 250 3
257 258 3
201 318 3
224 341 3
284 341 3
194 309 2
252 309 3
198 314 3
258 318 3
277 335 3
222 341 1
284 285 3
251 309 0
255 314 3
276 335 3
245 247 3
254 311 3
257 314 3
260 318 3
273 332 1
275 332 3
287 344 3
245 303 3
284 342 3
286 344 3
285 342 3
285 344 3
237 295 0
295 296 3
261 320 3
262 320 3
277 336 3
241 300 3
288 347 0
289 347 0
242 300 3
335 336 3
265 322 3
235 293 1
263 322 1
287 346 0
288 346 0
239 297 3
240 297 3
250 309 3
266 324 3
279 337 3
221 337 3
243 300 3
245 304 3
263 321 1
267 324 3
276 334 3
342 344 3
296 297 0
247 304 3
258 374 3
261 318 3
321 322 3
265 323 3
275 334 3
278 337 3
346 347 3
232 290 3
232 291 3
233 291 1
235 292 1
293 294 1
240 298 3
241 299 3
248 306 3
248 308 3
250 308 3
318 374 3
266 323 3
267 325 3
268 326 3
269 327 3
270 328 3
271 329 3
272 330 3
273 330 3
273 331 1
234 292 3
237 294 1
297 298 3
298 299 3
247 306 3
306 308 3
308 366 3
308 309 3
254 313 3
255 313 3
257 315 3
258 315 3
324 325 3
325 326 3
326 327 3
327 328 3
328 329 3
329 330 3
331 332 2
275 333 3
334 335 3
342 401 3
287 345 3
290 291 3
233 292 1
299 300 3
311 368 3
261 377 3
330 331 2
281 339 3
222 339 1
344 401 3
344 345 3
292 293 0
315 374 3
320 377 3
263 320 3
322 323 3
332 333 3
333 334 3
345 346 0
254 312 3
313 314 3
291 292 1
243 417 2
308 365 3
252 368 3
314 315 3
318 377 3
320 321 3
278 336 1
341 342 3
300 417 3
311 312 3
309 368 3
336 337 0
243 302 3
244 302 3
312 313 3
323 324 3
294 295 0
245 302 2
304 362 3
304 306 3
296 354 3
347 405 2
311 369 3
346 405 2
308 367 3
309 367 2
368 369 3
303 304 3
324 382 3
331 389 2
331 390 2
332 390 3
346 404 2
291 349 3
292 349 0
366 367 3
323 382 3
337 394 1
222 398 1
341 398 0
341 399 0
342 399 0
302 417 3
306 362 3
365 366 3
314 372 3
321 378 3
333 391 3
334 391 3
336 394 3
345 404 0
292 350 3
294 352 3
297 355 3
298 356 3
300 358 3
302 303 3
303 418 3
306 422 2
313 372 3
315 372 3
318 376 3
320 378 3
322 380 3
389 390 3
345 402 3
290 348 3
349 350 1
293 351 2
295 352 1
296 355 0
297 356 3
299 357 3
358 417 3
369 427 3
374 375 3
374 376 3
323 380 3
324 383 3
325 383 3
326 384 3
327 385 3
328 386 3
329 387 3
330 388 3
333 390 3
334 392 3
335 393 3
339 397 3
398 399 3
342 400 0
400 401 0
344 402 3
348 349 3
293 350 1
294 351 0
356 357 3
357 358 3
312 369 3
376 377 3
383 384 3
384 385 3
385 386 3
386 387 3
387 388 3
331 388 2
391 392 3
392 393 3
393 394 3
337 395 1
222 337 3
222 396 1
399 400 2
404 405 3
295 354 3
367 368 3
375 376 3
377 378 3
222 395 1
339 396 3
339 398 3
350 351 0
354 355 0
355 356 3
306 363 3
372 373 3
315 373 3
390 391 3
394 395 3
395 396 3
396 397 3
397 398 3
351 352 1
303 362 3
362 363 3
363 422 3
306 365 3
321 380 3
402 404 0
362 418 3
312 372 3
380 382 3
388 389 1
401 402 3
382 383 3
302 418 3
373 430 3
295 411 3
362 419 3
372 430 3
404 461 3
418 419 3
352 411 0
365 422 3
385 444 3
386 444 3
402 461 3
312 428 3
321 437 3
366 424 3
380 437 3
395 453 3
405 462 3
369 428 3
378 437 3
383 441 3
384 441 3
391 449 3
396 453 3
460 461 3
404 462 3
362 420 3
368 425 3
372 428 3
373 374 3
378 436 3
390 449 3
396 454 3
401 459 3
402 460 3
349 407 3
351 409 2
356 414 3
417 418 3
365 424 3
367 425 3
373 375 3
377 435 3
378 435 3
380 381 3
397 454 3
397 456 3
398 456 3
400 458 0
400 459 0
402 459 3
350 407 0
350 409 0
352 409 0
355 413 3
355 414 3
357 414 3
368 426 3
369 426 3
376 434 3
377 434 3
381 439 3
381 382 3
382 439 3
392 450 3
453 454 3
399 457 3
405 463 3
348 406 3
350 408 3
352 410 3
354 412 3
357 415 3
422 423 3
365 423 3
384 442 3
385 442 3
387 445 3
388 446 3
391 450 3
393 451 3
394 452 3
397 455 3
400 457 2
406 407 3
408 409 0
409 410 1
410 411 0
295 412 3
355 412 1
413 414 3
414 415 3
358 415 3
423 424 3
425 426 3
380 439 3
386 445 3
445 446 3
389 446 0
450 451 3
451 452 3
452 453 3
399 456 3
457 458 1
462 463 3
363 420 3
363 421 3
366 425 3
436 437 3
441 442 3
444 445 3
390 448 3
448 449 3
449 450 3
454 455 3
456 457 3
458 459 3
402 518 3
407 408 1
420 421 3
434 435 3
435 436 3
455 456 3
456 515 3
459 518 3
461 462 3
426 427 3
457 515 3
460 518 3
419 420 3
380 438 3
442 444 3
428 485 3
375 434 3
437 438 3
295 469 1
421 422 3
382 499 3
382 441 3
444 501 3
389 448 3
411 469 3
412 413 2
427 485 3
369 485 3
438 439 3
439 499 3
441 499 3
442 501 3
412 469 1
426 485 3
430 487 3
449 507 3
411 468 1
415 417 3
444 502 3
409 467 3
410 468 3
428 430 3
501 502 3
446 505 3
422 480 3
446 448 3
448 507 3
468 469 0
441 500 3
442 500 3
407 465 3
410 467 0
419 478 3
420 478 3
436 495 3
437 495 2
448 505 3
448 506 3
408 465 0
415 474 3
435 493 2
505 506 3
408 467 0
417 474 3
424 482 3
487 488 3
430 488 2
430 431 3
373 431 3
434 492 2
434 493 2
375 431 3
506 507 3
413 471 3
414 471 3
418 476 3
428 487 3
375 492 2
492 493 3
417 476 3
419 476 3
366 482 3
445 502 3
461 520 3
462 520 3
408 466 3
414 472 3
417 475 3
475 476 3
423 481 3
450 508 3
454 513 3
455 513 3
456 514 3
459 517 3
406 464 3
407 464 3
465 466 1
467 468 1
469 471 0
412 471 2
415 472 3
422 481 3
424 481 3
425 483 3
485 487 3
437 496 2
438 496 2
445 503 3
449 508 3
451 508 3
451 509 3
452 510 3
453 511 3
454 512 3
455 514 3
458 516 3
517 518 3
461 519 3
463 521 3
464 465 3
466 467 0
421 480 3
425 482 3
495 496 3
499 500 3
446 503 3
446 504 3
452 509 3
510 511 3
511 512 3
515 516 1
459 516 3
460 519 3
519 520 3
462 521 3
471 472 3
474 475 3
476 478 3
481 482 3
503 504 3
507 508 3
514 515 3
415 473 3
421 479 3
480 481 3
482 483 3
431 488 2
436 494 2
502 503 3
504 505 3
508 509 3
509 510 3
512 513 3
472 473 3
420 479 3
426 483 3
375 491 1
491 492 0
492 550 1
435 494 2
494 495 3
439 496 2
516 517 3
431 491 1
491 550 3
513 514 3
520 521 3
469 527 3
471 527 2
473 474 3
478 479 3
479 480 3
500 501 3
485 486 3
478 535 3
431 548 1
491 548 3
471 528 3
476 535 2
486 487 3
496 556 3
439 556 2
493 494 3
507 564 3
426 542 1
485 542 1
506 564 3
518 519 3
527 528 3
486 542 3
483 541 1
483 542 1
496 555 3
467 525 3
468 525 0
469 584 1
541 542 3
486 545 3
487 545 2
495 555 3
499 556 2
502 560 3
514 572 3
468 584 3
482 541 1
464 523 0
465 523 0
465 524 1
480 539 3
481 539 3
501 560 3
507 565 3
508 565 3
518 576 3
466 524 3
480 538 2
482 539 3
488 545 3
488 546 3
431 546 1
495 553 3
555 556 3
517 576 3
519 577 3
520 578 3
527 584 1
479 538 2
492 551 3
493 551 3
493 552 3
494 552 3
494 553 3
500 559 2
501 559 2
505 563 3
505 564 3
564 565 3
513 571 3
516 574 3
518 577 3
520 577 3
521 578 3
464 522 0
472 531 2
474 533 2
475 533 2
538 539 3
545 546 3
499 557 2
500 558 2
504 562 3
508 566 3
509 567 3
510 568 3
511 569 3
512 570 3
514 571 3
515 574 1
517 575 3
521 579 3
523 524 1
524 525 0
525 584 1
473 531 2
474 532 2
476 533 2
479 537 3
542 543 3
553 555 3
559 560 3
503 562 3
562 563 3
566 567 3
510 567 3
568 569 3
512 569 3
513 570 3
574 575 3
575 576 3
576 577 3
578 579 3
473 532 2
532 533 3
537 538 3
539 541 1
486 543 3
491 549 3
552 553 3
556 557 3
500 557 2
558 559 3
503 561 3
567 568 3
569 570 3
571 572 3
515 572 3
478 536 2
543 545 3
548 549 3
549 550 3
557 558 3
563 564 3
570 571 3
476 534 2
479 536 3
550 551 0
551 552 3
502 561 3
565 566 3
534 535 3
535 536 3
471 531 2
531 532 3
561 562 3
522 523 3
549 607 3
533 534 3
536 537 3
545 602 3
550 607 3
550 609 0
551 609 3
560 561 3
543 602 3
528 529 3
471 529 3
539 597 3
541 597 3
572 630 3
515 631 3
515 630 3
529 531 3
553 612 3
555 612 3
533 591 3
534 591 3
559 561 3
546 603 3
553 611 3
577 578 3
525 583 3
538 597 3
542 600 2
543 600 3
545 603 3
431 605 1
548 607 3
570 629 3
574 631 3
578 636 3
527 585 3
546 605 3
559 617 3
559 618 3
571 629 3
579 636 3
584 585 0
531 589 3
532 589 3
548 606 3
561 618 2
564 622 2
568 626 3
572 629 3
574 632 3
576 634 3
577 634 3
524 582 3
583 584 1
528 585 3
538 596 3
541 600 2
543 601 3
606 607 3
611 612 3
555 613 3
556 614 3
618 619 3
561 619 2
563 622 2
567 626 3
630 631 3
575 632 3
577 635 3
578 635 3
523 581 3
532 590 3
537 596 3
596 597 3
541 598 2
431 606 1
551 610 3
552 610 3
553 610 3
612 613 3
555 614 3
557 615 3
562 620 2
562 621 2
563 621 2
569 627 3
631 632 3
575 633 3
575 634 3
635 636 3
579 637 3
524 581 0
524 583 0
589 590 3
590 591 3
537 595 3
597 598 3
600 601 3
601 602 3
614 615 3
558 615 3
562 619 2
566 625 3
567 625 3
569 626 3
570 627 3
629 630 3
632 633 3
633 634 3
522 580 3
523 580 3
528 586 3
529 586 3
529 587 3
529 588 3
531 588 3
595 596 3
610 611 3
558 616 3
558 617 3
617 618 3
620 621 3
621 622 3
625 626 3
634 635 3
636 637 3
580 581 3
582 583 0
587 588 3
588 589 3
609 610 3
613 614 3
626 627 3
585 586 3
586 587 3
534 536 3
602 603 3
616 617 3
619 620 3
564 623 3
565 623 3
581 582 1
536 591 3
536 595 3
603 605 3
598 600 3
607 609 2
615 616 3
622 623 2
566 623 3
627 629 3
629 686 3
627 686 3
536 651 3
600 657 3
623 681 2
595 651 3
595 652 3
605 606 3
566 681 2
591 650 3
536 650 3
625 681 2
634 691 3
603 662 3
605 662 3
611 670 3
612 670 3
633 691 3
634 692 3
591 649 3
650 651 3
622 681 3
691 692 3
649 650 3
581 639 3
582 639 0
607 666 2
609 666 3
614 672 3
615 672 3
598 657 3
605 663 3
605 664 3
606 664 2
606 665 2
607 665 2
609 668 3
610 668 3
615 674 3
651 652 3
598 656 3
602 660 3
662 663 3
664 665 3
665 666 3
613 670 3
616 674 3
617 676 3
625 682 1
625 683 1
635 692 3
585 643 3
590 648 3
596 655 3
597 655 3
597 656 3
600 658 3
601 660 3
603 660 3
621 680 3
681 682 3
631 689 3
636 695 3
580 639 3
639 640 1
582 640 3
584 643 2
648 649 3
601 658 3
603 661 3
610 669 3
611 669 3
616 676 3
682 683 3
626 683 1
626 684 1
629 688 3
630 688 3
632 689 3
635 693 3
637 695 3
580 638 3
583 641 3
596 654 3
601 659 3
661 662 3
609 667 3
613 672 3
622 680 3
632 690 3
636 694 3
638 639 3
640 641 0
584 641 2
654 655 3
655 656 3
657 658 3
658 659 3
659 660 3
660 661 3
618 676 3
619 676 3
683 684 3
689 690 3
690 691 3
692 693 3
693 694 3
586 643 3
595 654 3
669 670 3
613 671 3
620 680 3
627 684 1
630 689 3
694 695 3
588 643 3
589 648 3
656 657 3
663 664 3
668 669 3
670 671 3
671 672 3
680 681 3
588 646 3
589 705 3
666 667 3
667 668 3
674 676 3
619 679 2
620 679 2
686 688 3
688 689 3
589 646 3
672 674 3
679 680 3
627 685 1
685 686 0
641 643 3
646 705 3
648 705 3
684 685 3
676 733 3
676 679 3
686 687 1
687 688 0
674 733 3
588 703 3
686 744 1
646 703 3
595 711 3
676 734 3
685 744 3
690 748 1
643 703 3
652 711 3
654 711 3
679 734 3
672 731 3
674 731 3
687 744 3
685 743 3
733 734 3
743 744 3
643 702 3
652 710 3
655 713 3
679 736 3
702 703 3
654 713 3
656 713 3
669 727 3
671 729 3
674 732 3
679 735 3
680 736 3
691 748 1
638 697 0
639 697 0
710 711 3
668 727 3
670 729 3
731 732 3
732 733 3
734 735 3
680 738 3
681 738 3
687 746 3
688 746 1
689 747 1
640 697 0
643 701 3
662 720 3
672 729 3
735 736 3
684 742 3
685 742 3
689 746 1
689 748 1
701 702 3
654 712 3
712 713 3
659 717 3
663 720 3
736 738 3
682 741 3
683 741 3
693 751 3
638 696 1
646 704 3
648 706 3
649 707 3
650 709 3
651 709 3
711 712 3
656 714 3
657 715 3
657 716 3
658 716 3
660 717 3
661 719 3
666 724 3
667 724 3
669 728 3
670 728 3
681 739 3
684 741 3
687 745 3
691 749 2
695 753 3
696 697 0
640 698 3
641 701 3
703 704 3
706 707 3
650 707 3
650 708 3
709 710 3
714 715 3
715 716 3
716 717 3
660 719 3
662 719 3
665 723 3
665 724 3
728 729 3
682 739 3
742 743 3
744 745 3
746 747 3
747 748 3
748 749 0
692 749 2
693 752 3
694 752 3
694 753 3
697 698 1
641 698 1
705 706 3
719 720 3
664 723 3
723 724 3
741 742 3
751 752 3
704 705 3
713 714 3
663 721 3
663 722 3
664 722 3
727 728 3
736 737 3
738 739 3
682 740 3
692 751 3
641 699 3
720 721 3
721 722 3
740 741 3
699 701 3
707 708 3
708 709 3
722 723 3
667 783 3
667 726 3
668 726 3
739 740 3
745 746 3
752 753 3
724 783 3
726 727 3
737 738 3
726 783 3
698 699 0
717 719 3
739 797 3
749 751 3
749 808 3
729 788 3
729 731 3
738 797 3
751 808 1
731 788 3
734 792 3
737 796 3
717 776 3
738 796 3
740 797 3
719 776 3
727 785 3
735 792 3
749 807 3
807 808 3
697 754 1
726 785 3
696 754 3
728 785 3
711 769 3
717 775 3
722 780 3
723 780 3
731 789 3
741 799 1
747 805 3
699 758 3
701 758 3
701 759 3
702 759 3
712 769 3
716 774 3
716 775 3
775 776 3
720 778 3
721 778 3
721 780 3
788 789 3
732 791 3
733 791 3
743 801 1
743 802 3
744 802 3
745 803 3
746 805 3
698 756 3
703 761 3
704 761 3
705 763 3
706 763 3
710 768 3
711 768 3
715 774 3
734 791 3
742 800 1
746 803 3
746 804 3
748 806 3
749 806 2
751 810 1
752 810 1
774 775 3
719 778 3
728 786 3
735 793 3
736 793 3
736 794 3
742 801 1
804 805 3
748 805 3
699 757 3
702 760 3
704 762 3
706 764 3
707 765 3
708 766 3
708 767 3
709 767 3
712 770 3
713 771 3
714 772 3
715 773 3
719 777 3
721 779 3
779 780 3
723 781 3
724 782 3
726 784 3
785 786 3
729 786 3
729 787 3
732 790 3
737 794 3
737 795 3
795 796 3
740 798 3
740 799 1
741 800 1
800 801 3
803 804 3
806 807 3
752 811 1
753 811 1
698 757 0
758 759 3
759 760 3
760 761 3
762 763 3
764 765 3
765 766 3
709 768 3
769 770 3
770 771 3
771 772 3
772 773 3
773 774 3
776 777 3
777 778 3
778 779 3
724 781 3
782 783 3
786 787 3
789 790 3
790 791 3
791 792 3
793 794 3
801 802 3
744 803 3
805 806 3
808 810 3
761 762 3
766 767 3
767 768 3
768 769 3
780 781 3
781 782 3
784 785 3
787 788 3
794 795 3
796 797 3
797 798 3
757 758 3
808 809 3
810 811 3
697 756 1
792 793 3
799 800 3
802 803 3
756 757 0
763 764 3
783 784 3
798 799 1
809 810 3
697 813 1
754 813 3
798 857 1
799 857 3
756 813 2
800 859 2
774 832 3
800 858 3
773 832 3
775 833 3
776 833 3
799 858 3
801 859 2
810 868 3
772 830 3
781 839 3
782 839 3
789 847 3
809 868 3
811 868 3
771 830 3
774 833 3
783 841 3
788 846 3
788 847 3
791 850 3
793 852 2
794 852 2
804 862 3
806 865 3
807 865 3
763 821 3
773 831 3
831 832 3
832 833 3
782 841 3
784 841 3
787 846 3
790 847 3
792 850 3
795 853 1
796 854 1
797 854 1
857 858 3
803 862 3
805 862 3
811 869 3
762 821 3
765 823 3
767 825 3
768 825 3
769 828 3
770 828 3
782 840 3
785 843 3
786 844 3
790 850 3
754 812 3
756 814 2
757 814 3
757 815 3
758 816 3
760 818 3
761 819 3
762 820 3
764 821 3
764 823 3
766 824 3
768 826 3
769 827 3
771 829 3
776 834 3
777 835 3
778 836 3
779 837 3
839 840 3
784 842 3
786 843 3
787 844 3
787 845 3
793 850 3
794 853 1
805 863 1
808 865 3
809 867 3
868 869 3
812 813 3
813 814 3
814 815 3
815 816 3
759 817 3
759 818 3
761 818 3
762 819 3
820 821 3
823 824 3
824 825 3
826 827 3
828 829 3
829 830 3
830 831 3
834 835 3
835 836 3
836 837 3
780 837 3
780 838 3
840 841 3
841 842 3
842 843 3
845 846 3
862 863 1
808 866 3
816 817 3
764 822 3
825 826 3
827 828 3
833 834 3
837 838 3
838 839 3
798 856 1
802 859 2
803 861 3
805 864 1
806 864 1
817 818 3
819 820 3
821 822 3
822 823 3
843 844 3
852 853 1
795 854 1
797 856 1
856 857 2
802 861 3
864 865 0
809 866 3
850 852 3
863 864 0
865 866 3
867 868 3
818 819 3
844 845 3
847 848 3
790 848 3
853 854 3
854 856 0
866 867 3
848 850 3
848 849 3
849 850 3
861 862 3
846 847 3
854 855 3
855 856 0
858 859 3
802 918 3
844 902 3
854 913 3
855 913 3
859 918 2
861 918 3
850 909 3
852 909 2
845 902 3
868 926 3
864 921 1
862 920 1
849 908 3
908 909 3
852 911 2
853 911 3
861 919 1
861 920 1
863 920 3
814 872 3
815 872 3
817 874 3
824 882 3
829 887 3
830 887 3
832 891 3
833 891 3
836 895 3
837 895 3
850 908 3
856 915 1
858 916 1
859 916 3
916 918 0
919 920 3
865 923 2
867 926 3
816 874 3
825 882 3
826 884 3
836 894 3
838 895 3
838 896 3
839 896 3
841 899 3
843 901 3
847 905 3
848 905 3
848 906 3
854 912 3
856 914 1
857 915 1
858 915 1
863 921 3
865 924 3
866 924 3
867 925 3
812 870 3
813 871 3
817 875 3
818 876 3
818 877 3
819 877 3
820 878 3
821 879 3
822 880 3
823 881 3
825 883 3
827 884 3
827 885 3
828 886 3
828 887 3
830 888 3
831 888 3
831 889 3
832 890 3
834 891 3
834 892 3
835 893 3
894 895 3
840 899 3
842 899 3
842 901 3
845 903 3
846 904 3
905 906 3
848 908 3
909 911 3
910 911 3
912 913 3
855 914 3
866 925 3
925 926 3
868 927 3
869 927 3
870 871 3
871 872 3
815 873 3
815 874 3
875 876 3
877 878 3
878 879 3
879 880 3
880 881 3
881 882 3
882 883 3
883 884 3
884 885 3
885 886 3
886 887 3
889 890 3
891 892 3
892 893 3
893 894 3
895 896 3
839 897 3
840 897 3
902 903 3
903 904 3
847 904 3
909 910 3
914 915 3
864 923 3
923 924 3
926 927 3
873 874 3
874 875 3
887 888 3
888 889 3
840 898 3
844 901 3
848 907 3
854 911 3
915 916 3
918 919 2
890 891 3
898 899 3
842 900 3
900 901 3
904 905 3
906 907 3
907 908 3
924 925 3
876 877 3
896 897 3
899 900 3
901 902 3
913 914 3
920 921 3
872 873 3
897 898 3
911 912 3
921 923 0
916 975 2
918 975 1
921 979 3
923 979 1
896 955 3
897 955 3
911 970 3
912 970 3
915 973 3
920 978 3
914 973 3
923 980 1
925 983 1
915 974 3
918 976 1
918 977 1
919 977 1
919 978 3
924 983 1
976 977 2
979 980 3
908 966 3
913 970 3
916 974 2
921 978 3
923 982 1
926 983 1
901 959 3
905 963 3
906 963 3
909 966 3
909 967 3
973 974 3
974 975 3
975 976 3
924 982 1
874 932 3
899 957 3
902 959 3
910 967 3
926 984 3
927 984 3
873 932 3
875 932 3
875 933 3
898 955 3
898 956 3
900 957 3
907 966 3
910 969 3
913 971 3
977 978 0
982 983 3
983 984 0
870 928 3
871 929 3
872 930 3
873 931 3
876 934 3
877 935 3
878 936 3
879 937 3
880 938 3
881 939 3
882 939 3
882 940 3
883 940 3
883 941 3
884 941 3
884 943 3
885 943 3
886 944 3
887 945 3
888 946 3
889 947 3
890 949 3
891 949 3
892 950 3
893 951 3
894 952 3
895 953 3
955 956 3
899 956 3
900 958 3
902 960 3
903 961 3
904 961 3
904 962 3
906 964 3
906 965 3
907 965 3
911 969 3
970 971 3
980 982 3
927 985 3
928 929 3
929 930 3
930 931 3
933 934 3
934 935 3
935 936 3
936 937 3
937 938 3
938 939 3
943 944 3
944 945 3
888 945 3
946 947 3
890 947 3
949 950 3
950 951 3
951 952 3
952 953 3
896 953 3
957 958 3
958 959 3
903 960 3
961 962 3
962 963 3
963 964 3
914 971 3
984 985 3
931 932 3
890 948 3
959 960 3
960 961 3
964 965 3
965 966 3
966 967 3
969 970 3
932 933 3
939 940 3
945 946 3
947 948 3
896 954 3
956 957 3
914 972 3
954 955 3
972 973 3
983 1041 0
884 1000 3
948 949 3
953 954 3
940 941 3
943 1000 3
971 972 3
978 979 3
941 1000 3
967 969 3
972 1031 3
973 1031 3
978 1037 3
979 1037 3
984 1041 3
957 1015 3
958 1015 3
945 1003 3
975 1033 0
976 1033 0
944 1003 3
946 1003 3
954 1012 3
967 1026 3
953 1012 3
956 1015 3
963 1022 3
964 1022 3
969 1026 3
982 1040 3
947 1006 3
963 1020 3
974 1031 3
974 1032 3
977 1035 0
977 1036 0
930 988 3
934 992 3
935 992 3
943 1001 3
944 1001 3
948 1006 3
951 1009 3
955 1013 3
960 1019 3
961 1019 3
962 1020 3
965 1023 3
966 1023 3
972 1030 3
976 1034 0
976 1035 0
978 1036 3
979 1038 3
980 1040 3
983 1040 3
931 988 3
941 999 3
947 1005 3
950 1009 3
952 1009 3
954 1013 3
956 1013 3
958 1016 3
959 1016 3
959 1017 3
967 1025 3
971 1030 3
975 1032 3
1034 1035 3
1035 1036 3
980 1038 3
985 1043 3
935 994 3
936 994 3
999 1000 3
1005 1006 3
949 1007 3
950 1007 3
1015 1016 3
1016 1017 3
960 1018 3
962 1019 3
964 1023 3
966 1025 3
1025 1026 3
971 1029 3
1030 1031 3
1033 1034 3
1036 1037 3
1037 1038 3
984 1043 3
928 986 3
929 987 3
931 989 3
932 990 3
933 991 3
937 995 3
938 996 3
939 997 3
939 998 3
940 998 3
944 1002 3
946 1004 3
946 1005 3
1006 1007 3
950 1008 3
952 1010 3
953 1011 3
959 1018 3
1018 1019 3
1020 1021 3
963 1021 3
966 1024 3
969 1027 3
970 1028 1
984 1042 3
986 987 3
987 988 3
989 990 3
990 991 3
991 992 3
935 993 3
994 995 3
995 996 3
996 997 3
997 998 3
941 998 3
1002 1003 3
1003 1004 3
1004 1005 3
1007 1008 3
1008 1009 3
1009 1010 3
1010 1011 3
1011 1012 3
1017 1018 3
1019 1020 3
1021 1022 3
1022 1023 3
1023 1024 3
1024 1025 3
969 1028 1
971 1028 1
1032 1033 0
988 989 3
992 993 3
993 994 3
1001 1002 3
1012 1013 3
1027 1028 3
1028 1029 0
1029 1030 3
1038 1040 3
1041 1042 3
998 999 3
1000 1001 3
1013 1015 3
1026 1027 3
1042 1043 3
1031 1032 3
1040 1041 2
