-0.0131318 0.00223191 13.9747
-0.0237035 0.0186029 14.1366
-0.0035117 -0.00717655 13.5636
-0.00418309 -0.0417922 14.1349
-0.106614 -0.0562839 23.1018
-0.15888 -0.280324 30.9063
0.0454583 -0.0777523 1.69538
0.0295641 -0.02978 3.25603
0.0146159 -0.0378258 6.46506
-0.0103169 -0.0108004 10.3511
-0.0263476 0.00164983 13.6577
-0.029674 0.0514433 13.6462
0.0201663 0.0263802 1.64002
0.0139917 0.284412 1.10982
0.000912016 0.555761 1.68329
0.0249766 0.622835 -5.45961
-0.00225824 -0.111958 12.5521
-0.0458534 -0.0922237 27.9052
-0.0360521 -0.024988 22.6452
0.0134995 -0.00315668 10.3069
-0.00737972 -0.0166663 19.6357
0.0114006 -0.0727862 11.9993
-0.0158979 -0.0457959 15.0533
0.308352 -0.0523609 -145.706
0.0303834 -0.0412312 -8.55349
-0.00394465 -0.00539628 9.09879
0.0132549 -0.0123161 -1.25791
0.00809463 -0.0429024 9.61653
0.0322139 -0.0479986 -11.688
0.0435395 -0.0501734 -18.1477
0.0712975 -0.0228599 -36.3551
0.0527099 -0.532911 -12.5121
0.154857 -0.0837262 -103.234
0.155358 -0.0756896 -103.808
-0.136863 -0.134274 116.379
-0.0945309 -0.0663982 82.7464
-0.203575 -0.0742443 167.728
-0.0799953 0.384839 74.0502
-0.0257845 0.0287245 34.7055
-0.0225384 0.0376077 32.2168
-0.0260104 -0.063518 36.4291
-0.0451241 -0.020154 51.8402
-0.0268492 -0.000498139 34.5455
-0.0101154 -0.000791445 18.9776
-0.00479946 0.00593463 13.9135
0.00819898 0.00893075 1.36474
0.00707221 -0.00269401 2.61332
-0.000329728 -0.00346062 10.1931
-0.00279521 0.00159534 12.6948
0.0192583 0.0172094 -11.0374
0.0587127 0.0412694 -54.3046
0.0401644 0.0314081 -32.9475
0.0361727 0.0175558 -28.3246
0.0330635 0.0285863 -24.9578
0.065662 0.0492665 -63.6268
0.0904936 0.0192123 -91.7378
0.0464806 0.000484105 -38.6375
0.0272064 0.00238384 -15.3668
-0.00654498 -0.00848504 14.0741
-0.0108394 -0.00637518 14.1184
-0.00656214 0.000271474 13.8242
-0.0184521 -0.0128192 14.9162
-0.13299 -0.0123356 24.9442
-0.100534 0.0132907 19.19
-0.0341103 -0.0288186 12.1633
0.0362106 -0.0126918 1.6716
0.0100398 -0.0113595 6.41886
-0.00117129 -0.000974716 8.1904
-0.020307 0.00448597 12.1867
-0.0178031 -0.0059818 11.6925
-0.0149455 -0.00200582 10.6352
-0.009602 -0.00275919 9.30816
-0.00340249 -0.00765194 7.45719
0.0331846 -0.0793248 -1.3064
0.0190685 -0.0884827 3.78192
-0.0112523 -0.0742802 14.247
0.0143234 -0.0603519 3.67823
0.0142117 -0.000127051 10.022
0.00155416 -0.0689603 9.96826
0.00312616 -0.0747674 16.0378
0.104595 0.0327953 -40.3111
0.268762 -0.0702313 -125.17
0.0445224 -0.104548 -13.734
-0.00162642 -0.0506679 8.45636
-0.00485331 -0.0848409 11.4847
-0.00743731 -0.0817216 12.7402
0.0541899 0.0131405 -25.9658
-0.0775505 -0.011382 58.423
0.112438 -0.219447 -59.3954
0.0577844 -0.0292029 -27.535
0.0145215 -0.00775452 -6.3189
0.0490168 -0.00145559 -29.981
-0.0261356 -0.135699 33.3719
-0.0429824 -0.0745205 42.9987
-0.072369 -0.0707758 64.6873
-0.0567843 -0.0386508 52.5495
-0.206903 -0.171101 187.321
-0.00248619 -0.00600066 6.93289
0.111532 -0.0513983 -88.2159
0.0137975 -0.0882901 0.517748
-0.025066 -0.029117 33.1948
-0.00107357 -0.0114277 10.7799
0.0125712 0.000121686 -2.5588
0.00167873 0.00782225 7.80567
-0.00561265 0.00996582 14.989
0.00614281 -0.00438578 3.50324
0.0117121 0.00873193 -2.87444
0.0270468 0.00687531 -19.3357
0.0519893 0.016956 -46.221
0.0566663 0.019846 -51.1989
0.0374591 0.0165532 -29.8151
0.0627018 0.0391342 -59.3905
0.0695708 0.014466 -65.9178
0.0633138 0.0225393 -59.077
0.0376423 0.00150731 -27.7807
0.0224593 0.00658614 -9.47543
-0.00594998 -0.00968655 14.0312
-0.00038357 -0.00342205 13.5468
-0.00765135 -0.00645604 14.1247
-0.0328715 -0.0195035 16.5193
-0.135969 -0.00671665 25.2555
-0.0617592 -0.0410742 16.7027
0.0192461 -0.0231162 4.08616
0.0634408 -0.00101159 -3.77966
0.033066 0.000647146 1.66233
0.00720216 0.00361557 6.34705
-0.0159499 0.0092931 11.0956
-0.0343306 0.0147508 14.9318
-0.0182005 0.0137944 10.8632
-0.0077465 0.0100753 8.2537
-0.00665414 0.00744469 8.10498
-0.00729022 -0.0166413 9.60861
-0.00571619 -0.0563757 11.2109
0.0017174 -0.0667078 8.77405
0.0102895 -0.059865 5.1571
0.0203953 0.0266802 5.88103
-0.0279649 -0.067646 23.2326
-0.0529351 -0.0593981 33.8802
-0.0459244 -0.0482075 29.4574
0.0132216 -0.0554406 0.496202
-0.0252813 -0.0628919 21.8404
0.00179481 -0.0376436 5.08843
0.0185371 -0.0425773 -4.00436
-0.0296658 -0.0351136 24.0665
-0.00546955 -0.0242331 7.79879
-0.368861 -0.206731 251.374
0.0190782 -0.0159083 -8.35606
0.0125439 -0.0213376 -3.84177
1.8291 -0.0190613 -1271.68
0.0362693 -0.0501332 -17.2194
-0.298533 -0.101234 236.647
-0.00846034 -0.0363375 13.5335
-0.0164741 -0.0448394 20.4277
-0.026214 -0.0168875 27.8875
-0.0402924 -0.0359561 40.5653
-0.0253002 -0.015321 27.128
0.248892 -0.0573214 -208.43
0.0575603 -0.0812252 -38.9161
0.0175565 -0.0192826 -5.76055
0.0079121 -0.00082839 2.13431
0.00626316 0.00589723 3.17613
0.00788303 -0.00243239 2.18228
-0.00468356 0.00875174 14.2454
-0.000347212 0.0135301 9.56205
0.00496478 0.0115218 4.13303
0.00584696 0.0137375 2.97128
0.0421637 -0.00476206 -35.1922
0.065735 0.01317 -60.9773
0.054674 0.0146706 -48.9705
0.06144 0.0138875 -56.8909
0.0510508 0.00444623 -43.9169
0.0352469 -0.0156946 -24.168
0.0407973 0.00120433 -31.6705
0.0225333 0.0107322 -9.76522
-0.00268385 -0.00645966 13.8143
-0.00762636 -0.00446972 13.8223
-0.0137969 -0.00598061 14.2834
-0.00631921 0.0012178 13.3055
-1.34093 0.0141685 143.443
-0.0923305 -0.0615648 21.2998
0.0244959 -0.0155792 3.44953
0.0558645 0.0287404 -4.20301
0.0349772 0.00283066 1.39933
0.0047718 0.00219131 7.01301
-0.00722114 0.00850517 9.08889
-0.0211044 0.0112273 12.2085
-0.0171028 0.0117422 10.5731
-0.0052422 0.0123156 7.34456
-0.0129179 0.00588524 10.104
-0.0146247 0.00199095 11.0769
-0.0387771 -0.0161637 20.4425
-0.00975582 -0.0451243 11.5236
0.00488775 -0.0371193 5.21086
0.00129383 -0.0600541 8.63114
-0.00939268 -0.0563398 13.0466
-0.0178749 -0.0414237 15.4366
-0.00686088 -0.0328112 9.20959
-0.0054611 -0.0445844 9.65073
-0.00683419 -0.0363895 9.83173
-0.00229157 -0.0220246 5.94947
0.0364637 -0.0180226 -15.6963
0.618641 0.0020078 -356.893
0.00725219 -0.0112422 -1.11618
0.026931 -0.0144573 -13.4943
0.0281173 -0.00882979 -14.6953
0.412934 0.20169 -291.427
0.683488 -0.339094 -448.259
0.0098832 -0.0646579 2.36034
0.0115388 -0.0138732 -2.35178
-0.00686713 -0.0201841 11.2165
-0.00662118 -0.00457518 9.61157
-0.00903965 -0.0104599 12.2014
-0.0156191 -0.0197611 18.4343
-0.00708436 -0.0180152 11.46
0.0435118 -0.0262033 -31.663
0.0699443 -0.0597136 -52.5188
0.0709928 -0.0510093 -52.8247
0.0267699 -0.0125031 -14.5738
0.00696383 0.0166961 1.74992
0.010303 0.00418716 -0.311524
0.00178886 0.0115 7.53218
-0.000873882 0.00133766 11.0456
0.00328834 0.006307 6.15468
0.0193074 0.00995417 -11.2895
0.0546896 0.0213063 -50.2981
0.0458721 0.00517651 -38.3855
0.0415164 -0.00464719 -33.0167
0.0720285 -0.0222362 -66.6034
0.0492619 0.0117681 -41.9921
0.0374033 0.0129869 -28.4729
0.0278986 0.00191696 -16.1031
0.0287913 -0.0110406 -16.1825
-0.00638742 -0.00121485 13.3162
-0.00983673 4.66488e-06 13.3365
-0.010572 -0.00206485 13.7575
-0.0584465 -0.0109445 18.1097
-0.130249 -0.0239233 24.9168
-0.00783612 -0.0193506 7.41439
0.0363929 -0.00433037 0.712287
0.0583353 -0.00454242 -2.11415
0.028287 -0.00838639 3.53226
0.00964734 -0.00304773 6.354
-0.00661778 0.0085922 8.85988
-0.0182099 0.00969269 11.4888
-0.0217326 0.0156091 11.8475
-0.0204019 0.0139999 11.5981
-0.0183218 0.00545655 11.8881
-0.0286733 -0.000761978 15.9313
-0.0461502 -0.0282137 23.6803
-0.00579122 -0.00873532 6.89715
0.00617092 -0.00690062 2.17599
0.00786719 -0.0203524 2.65568
-0.0227729 -0.0182291 15.7722
-0.0188431 -0.00249342 12.6173
-0.00808438 -0.0106148 8.27586
-0.00754009 -0.0044258 7.45632
-0.000714106 -0.0076389 4.01604
0.000818043 -0.0141126 3.72515
0.0163358 -0.0282269 -3.47041
0.0252321 -0.0169913 -8.19084
-0.0115551 -0.0143786 11.191
0.0144525 -0.0441389 -1.96834
0.0060161 -0.0117215 0.203628
0.0304547 0.00487223 -17.7084
-0.0173482 -0.0204732 19.4712
0.0346006 -0.00977041 -18.7483
0.00536855 0.000263062 0.981078
-0.000560477 1.31339e-05 4.66198
-0.00159891 -0.000514032 5.4139
-0.00436609 0.0033151 7.35377
-0.00893075 -0.00429859 11.7181
0.00389471 -0.0142078 1.48146
0.0131511 -0.0108968 -6.95876
0.0735857 -0.0550093 -56.1788
0.0862844 -0.0421528 -68.4486
0.064171 -0.0289738 -48.021
0.0274805 -0.0110165 -15.3357
0.0197941 -0.00721251 -8.51102
-0.00376762 0.00114536 13.9815
0.0110283 -0.0058347 -0.668499
0.00869283 0.00169221 1.00394
0.0333769 0.0060945 -25.6466
0.0493145 -0.00761638 -40.7773
0.0489787 -0.0192764 -39.2692
0.031231 -0.0131697 -20.6252
0.084051 -0.0156419 -81.2555
0.0661729 -0.00606946 -60.7446
0.0365852 0.00896816 -27.3077
0.0326596 0.000112984 -21.7773
0.0181138 -0.00196312 -3.99679
0.00180907 0.00655583 12.3969
-0.00578599 0.00728391 12.5423
-0.0170039 0.00233963 13.5512
-0.0234142 -0.00722714 15.3007
-0.432833 -0.0176092 52.7387
0.0350774 0.00420175 -0.201185
0.0447808 -0.00698306 -0.00538008
0.0455132 -0.0210643 1.48039
0.0366446 -0.0110889 2.29944
0.0294972 -0.00242156 2.37983
-0.010296 0.00871654 10.3583
-0.0223952 0.00190105 13.2948
-0.0214953 -0.00636246 13.9643
-0.0127059 -0.00776052 11.4613
-0.0160794 -0.00604669 12.3668
-0.0368574 -0.0103118 19.7663
-0.0366534 0.00351037 17.0505
-0.00381668 0.00130175 5.2382
0.00213053 -0.0103169 4.38644
-0.00256063 0.000496446 5.02164
-0.0120398 -0.00155871 9.52045
-0.0129113 0.00217712 9.52799
-0.0111221 -0.00164975 9.00447
-0.0116773 -0.000577951 9.21554
-0.00981742 0.00171654 7.95615
-0.00363198 -0.000518595 4.83351
0.00255243 -0.00665149 2.04965
-0.00620234 -0.0302523 10.0731
0.274497 0.00416531 -166.359
-0.00118467 -0.00296609 4.65229
-0.0156286 -0.0396181 18.074
0.00657838 -0.00681084 0.120821
0.0360907 -0.0253637 -18.5036
0.0149936 -0.0251997 -2.57075
-0.00633653 -0.00757496 10.2198
-0.00942323 -0.0127996 12.8134
0.00667253 0.00733046 -1.74357
0.00135676 0.0168836 1.48378
-0.0108762 0.0312837 9.69003
0.0105275 0.0106129 -6.42668
0.0131365 0.0258254 -10.6842
0.0455597 0.00879099 -37.3012
0.0738442 -0.0298521 -58.3069
0.0691259 -0.045529 -51.2245
0.0450333 -0.0203585 -31.2869
0.0210992 -0.0224364 -7.84422
0.00136924 -0.00653438 9.66128
0.00210774 -0.0125212 9.41945
0.0192877 -0.0149568 -8.2834
0.0301528 -0.0234549 -18.933
0.0450786 -0.0449352 -31.8282
0.0434694 -0.0220291 -33.2208
0.0606341 0.00021137 -55.5013
0.0940059 0.0112425 -95.4689
0.0710651 -0.010781 -65.5533
0.0465736 -0.00449196 -37.6454
0.0381572 0.00225209 -28.5832
0.0249643 0.0195019 -14.5816
0.00326799 0.00777606 12.4136
-0.0231767 0.00834831 13.1411
-0.0427431 -0.037735 20.5058
-0.039283 -0.0280668 19.3179
0.0185948 0.0136457 0.567852
0.0193073 0.015676 0.234419
0.0173987 0.0104804 1.15105
0.0326428 -0.0189913 2.98544
0.0487422 -0.0297301 2.11583
0.0485489 -0.0100483 -0.705237
0.00374644 -0.013431 9.28668
-0.026663 -0.0162307 16.7451
-0.0217266 -0.012234 14.9149
-0.016862 -0.00973675 13.1148
-0.0153862 -0.003587 11.8982
-0.0385545 0.00292214 18.7446
-0.0578429 0.000886084 25.2957
-0.0111674 0.0125893 6.43776
-0.00171841 0.00475186 4.08528
0.614167 -0.0372133 -242.771
0.010213 -0.00447665 -0.0331493
-0.00674613 0.000351344 7.00002
-0.0175194 0.00643076 11.0888
-0.0083075 0.00674635 6.44597
-0.00693879 0.0180634 4.08057
-0.0146332 0.0236855 7.3585
-0.000809535 0.00359228 2.60203
-0.00429826 0.00175468 4.9283
0.0026319 -0.00184857 0.993273
-0.0141706 0.0107882 10.5407
-0.0164319 0.0103396 11.6751
1.43584e-05 -0.0284881 6.31752
0.0475287 -0.0354906 -25.9467
0.0418916 -0.0289447 -22.1032
-0.000565347 -0.0332654 8.83692
0.0170515 -0.0041249 -8.46416
0.0191656 0.00671707 -11.5191
0.0107753 0.0104517 -5.31839
-0.000123044 0.0159601 2.79743
-0.00215806 0.0237456 3.33108
0.0146525 0.0241038 -11.3775
0.0259567 0.0174812 -20.4873
0.0414088 -0.0163488 -30.0672
0.0345458 -0.0688239 -14.8784
0.049583 -0.0558078 -31.7414
0.048417 -0.0583457 -29.9095
-0.0177056 -0.0205518 30.5499
0.00268127 -0.0312756 11.1054
0.0201224 0.00710616 -12.169
0.0042197 -0.00441978 6.21457
0.0671605 -0.0531488 -55.5834
0.0590577 0.00698557 -54.4456
0.0626465 -0.00512971 -57.2058
0.0559158 -0.0226266 -46.3146
0.0376889 -0.0358832 -23.2927
0.0563827 -0.0267528 -46.754
0.0656862 -0.0191409 -59.3014
0.0735262 0.000359369 -71.7101
0 0 -1
0.00218136 0.0075248 12.6381
-0.0314023 -0.120849 30.9674
-0.0576857 -0.250327 53.5382
0.0150825 0.0585148 -6.18904
0.00294789 0.0521004 -3.42026
-0.0202913 0.09336 -7.05787
-0.00187068 0.0289795 1.01058
0.0291536 0.0187396 -3.05665
0.0576696 0.00424811 -5.44693
-0.0252883 0.0040825 13.3485
-0.0368675 0.0252189 12.1252
-0.0174735 -0.044335 18.3526
-0.0135863 -0.0317937 15.3898
-0.00546231 -0.0314839 12.9692
-0.0434088 -0.00727079 21.8342
-0.0350265 0.0111427 15.3017
-0.00799209 0.0174466 4.4165
-0.0253562 0.0248894 10.5184
0.552502 -0.0183985 -218.223
0.00412127 -0.00371773 2.45861
-0.00308853 0.00403451 4.55811
-0.0090096 0.00906532 6.56694
-0.00255901 0.0249154 0.635593
-0.012917 0.038417 3.60093
-0.011172 0.0503728 0.956553
4.89138e-05 0.0191852 -0.484162
0.00671103 0.0336299 -6.76235
0.0172913 0.0279975 -12.5895
-0.0148621 0.0186176 9.65241
-0.0342098 0.0415188 18.672
-0.0488501 0.000147859 35.2634
0.0290164 -0.0356612 -12.7688
0.0948329 -0.0223118 -61.2423
0.00908902 -0.0562121 5.53984
0.0420413 -0.0500595 -20.5633
0.0280955 0.0145204 -19.6658
0.0103196 0.020747 -6.72119
0.012336 0.0347753 -10.7621
0.00392051 0.037486 -4.30956
0.0180914 0.0323821 -15.8173
0.0125591 0.0319743 -10.8358
0.0211891 0.035052 -19.3076
0.0296941 0.0119377 -23.8661
0.0251602 -0.013306 -15.0372
0.0235537 -0.0369422 -10.0012
0.0193916 -0.0365674 -4.92805
-0.0114646 -0.0839328 33.2924
-0.0355666 -0.179594 74.4622
-0.00829165 -0.210658 51.0972
-0.013567 -0.240649 61.4269
0.0304016 -0.341236 30.4318
0.0460131 -0.0201993 -35.2338
0.0375583 -0.0556745 -20.5571
0.0513442 -0.0510551 -37.431
0.0550481 -0.0816088 -36.574
0.0862974 -0.0578177 -78.21
0.0750493 -0.00426359 -73.0063
0.00828331 0.000275863 13.4533
0.00813524 0.0756589 -7.19223
0.0140037 0.0452005 -2.00972
0.00941723 0.148184 -19.9745
0.00862049 0.152319 -20.86
-0.00518878 0.126822 -14.9129
-0.0320703 0.135809 -12.9893
0.00321293 0.126867 -16.701
0.0402983 0.112889 -20.5781
0.0109221 0.119187 -16.761
0.0652304 0.0156479 -7.87539
-0.0270926 -0.00172952 13.0163
-0.0311727 0.0120519 12.2573
-0.0293974 0.0239394 9.76866
-0.0170767 -0.0571115 20.7308
-0.00605232 -0.054816 17.3975
-0.0301522 0.0116541 13.5734
-0.000921093 0.0243329 0.652337
-0.0257867 0.0589279 4.412
-0.0381306 0.0506253 11.5039
0.00736468 0.0498585 -8.66513
0.0055668 0.0479365 -7.32499
0.00366771 0.0245076 -2.43132
0.0187091 0.180696 -37.93
0.0214046 0.112065 -27.0487
-0.0117696 0.108537 -9.01176
-0.035919 0.221991 -16.0607
-0.00656275 0.079501 -6.87199
0.019962 0.235163 -51.4219
0.00517256 0.0702792 -11.3619
-0.0284043 0.0823977 8.24503
-0.0233481 0.226918 -22.1228
0.0394917 0.246857 -69.232
0.0376178 0.248754 -67.9531
-0.00203812 0.240983 -37.6383
0.0168009 0.27428 -58.2912
0.00323233 0.0540842 -6.72484
0.063971 0.251037 -92.869
-0.000263418 0.103448 -12.373
0.000837057 0.11107 -14.5339
0.00222121 0.0739446 -9.22307
0.00382234 0.0724434 -9.90103
0.00223936 0.104637 -14.2927
0.0149813 0.108166 -26.6597
0.00603376 0.0353581 -4.93447
0.00205582 -0.0392837 11.7064
0.023274 -0.00432642 -14.5687
-0.0295713 0.144595 11.576
-0.00371504 0.234547 -32.1763
-0.00311762 0.238696 -33.4662
0.00812364 0.261332 -49.9054
0.0163049 0.196471 -46.5454
-0.00429625 0.25454 -34.8355
0.0161725 0.268713 -60.9606
0.0138615 -0.106306 15.9441
-0.00218251 -0.150115 43.6118
-0.0840658 -0.365917 183.333
0.0840401 0.00322979 -85.2967
-0.00814329 0.0315659 7.26942
-0.0257926 0.0445174 5.10835
-0.0117488 0.0815087 -3.08167
0.000539517 0.157079 -20.6777
-0.00543478 0.14176 -16.8621
-0.0164343 0.144259 -15.8419
-0.0150996 0.130719 -13.7697
0.0127024 0.227016 -39.073
-0.00132542 0.163304 -22.8821
0.00246993 0.0938169 -9.71539
-0.009197 0.205268 -29.2354
-0.0369675 0.0630376 5.29923
-0.0437582 0.232424 -26.2972
-0.00136089 0.360413 -65.6643
0.0358015 0.372132 -79.5967
0.00442808 0.320546 -58.3383
0.0120491 0.310159 -59.1218
0.0257434 0.332414 -68.6571
0.00933775 0.335127 -62.7471
0.0185567 0.456444 -91.0565
-0.0334409 0.317513 -40.3638
0.00119592 0.341023 -60.8718
-3.41818e-06 0.306208 -53.1031
0.0178115 0.251359 -50.6844
0.0119297 0.238881 -44.9365
-0.0162692 0.218034 -25.541
-0.0192727 0.238395 -28.1916
-0.00489102 0.255423 -40.387
-0.00237303 0.261449 -43.0116
-0.00369992 0.281847 -46.319
0.00213431 0.27783 -49.16
-0.00191836 0.281391 -47.2377
0.0413445 0.2839 -77.6626
0.0406855 0.280548 -76.1935
0.0238929 0.305218 -68.3953
-0.00524819 0.326545 -51.2086
-0.0104556 0.350732 -52.2433
0.00526922 0.33018 -60.5953
0.0207405 0.275662 -62.299
0.0136554 0.319115 -65.0093
-0.0079431 0.349785 -52.773
-0.00911441 0.354948 -52.8478
0.00249522 0.362442 -64.8587
-0.0034778 0.365953 -60.1239
-0.0189998 0.314941 -34.5006
0.0133243 0.31124 -64.8084
0.019038 0.267877 -61.9077
-0.00615478 0.292852 -41.6241
-0.00680322 0.210291 -24.4767
-0.000885257 0.296507 -47.4889
0.0100081 0.318442 -63.3899
-0.0270228 0.0638712 33.9607
-0.0649813 0.295174 26.9416
-0.00910053 0.281849 -34.8157
0.0111421 0.276995 -56.2873
-0.0135251 0.280117 -27.675
-0.0501216 0.210596 31.0846
-0.0655646 0.292216 33.5135
0.031758 0.129721 -14.4999
0.0129651 0.111865 -11.0501
0.0205893 0.161695 -23.0563
0.00435658 0.199085 -30.7453
-0.017381 0.192602 -26.9958
0.00501757 0.198148 -30.8041
0.0133105 0.227088 -38.9629
0.00805129 0.243879 -41.1956
-3.69816e-05 0.237485 -38.3254
0.00458155 0.227295 -36.9347
-0.000473453 0.237439 -38.089
0.0038954 0.284822 -49.8783
-0.00202656 0.299 -51.6524
0.0145816 0.338787 -65.4538
0.0116878 0.332253 -63.0756
0.00674571 0.276647 -48.8587
0.00939102 0.275959 -50.1879
0.0191574 0.266488 -51.3301
0.0198088 0.253727 -48.8409
0.029298 0.21988 -45.0531
-0.00828926 0.080553 2.46977
-0.0355982 0.272478 -28.9893
-0.00855644 0.271326 -41.5038
0.0032305 0.25975 -44.9453
-0.000154408 0.253357 -41.8413
-0.00995436 0.26574 -39.4543
-0.00386052 0.27807 -45.7382
0.00677435 0.292098 -54.7604
0.00760398 0.280084 -52.7811
0.00589867 0.298833 -55.9301
-0.00119968 0.297881 -51.0031
0.00466946 0.296377 -54.4871
0.0227577 0.294709 -66.7347
0.0608871 0.281923 -90.7527
0.0267724 0.300255 -69.2691
0.0102615 0.303324 -57.4193
-0.00818106 0.331844 -49.618
-0.0123093 0.355152 -51.873
0.00339582 0.337958 -60.8268
0.0142601 0.341212 -70.5816
0.00319974 0.346188 -62.1337
-0.000138184 0.329397 -55.564
0.0105292 0.309142 -60.7046
-0.00933528 0.00517805 82.2755
0.00160403 0.340698 -58.8072
-0.00163267 0.336858 -55.0197
-0.00799397 0.346221 -50.8179
0.000285737 0.345349 -59.0565
5.04005e-05 0.348902 -59.6708
0.0062148 0.340433 -64.0383
0.00369472 0.33388 -59.576
0.000356275 0.332652 -55.5768
-0.00943736 0.345766 -47.878
-0.00384955 0.310668 -46.2406
0.00534546 0.339715 -63.2776
-0.0115818 0.324425 -39.5237
-0.0178679 0.317257 -30.1588
-0.0424258 0.321648 -0.883891
0.0331032 0.187321 -27.8788
0.0170697 0.201302 -30.8447
0.0115607 0.210478 -33.0889
0.00135643 0.218052 -34.2957
-0.00806919 0.230081 -36.1252
0.00736033 0.232873 -38.6557
-0.0038964 0.240697 -39.2827
0.00806499 0.229834 -38.0039
0.00882864 0.216528 -34.6852
0.0052683 0.224543 -36.303
0.00239431 0.231496 -37.2789
0.0105193 0.25363 -44.6102
0.00423874 0.264576 -45.6979
0.00202742 0.255393 -42.7499
0.00615416 0.267181 -46.821
0.00276537 0.243012 -40.3713
0.00576048 0.251772 -43.7916
0.0150539 0.247779 -46.1908
0.0169599 0.244866 -46.4267
-0.00911681 0.242623 -35.3805
0.0139251 0.298784 -59.3449
0.00904655 0.290426 -54.7996
-0.00764908 0.275517 -43.2448
0.00280723 0.292252 -52.5095
0.00734263 0.302623 -57.3786
0.00367385 0.303789 -55.6982
-0.000932604 0.316145 -56.31
0.0135816 0.310817 -63.4493
0.00503893 0.306287 -57.1265
0.010072 0.301421 -59.2514
0.00235973 0.301549 -54.1932
0.00674307 0.294579 -55.2997
0.00748082 0.302959 -57.9778
0.0427025 0.279575 -77.427
0.0519257 0.279593 -83.5705
0.0368133 0.301258 -76.9117
0.0116228 0.317918 -61.7724
0.00947062 0.338452 -65.2534
0.0234658 0.332355 -75.5449
0.0218097 0.333787 -74.6439
-0.00356921 0.358964 -59.1628
-0.00998716 0.34711 -50.702
0.0324011 -0.00481784 46.075
0.0122345 -0.0048747 64.5409
0.00234333 0.328391 -56.9016
0.0801073 0.29235 -124.602
-0.007209 0.344824 -51.4667
-0.0146118 0.316501 -37.0139
-0.00148311 0.31304 -49.7763
0.0183445 0.303925 -68.227
0.000635063 0.300145 -48.1254
0.00625043 0.299676 -54.2798
0.00179022 0.292458 -47.4566
0.0059957 0.319288 -58.8076
0.00383118 0.327679 -58.0776
-0.00858222 0.318714 -41.0106
-0.0109346 0.328015 -40.5505
-0.0386759 0.326152 -6.23649
0.0354587 0.21613 -35.26
0.0317931 0.247736 -43.8359
0.0151279 0.237615 -40.7296
-0.00300112 0.236908 -39.2452
-0.00814896 0.245786 -40.9151
0.00422711 0.260343 -45.5697
-0.020069 0.274086 -46.3573
-0.011841 0.262803 -44.1643
0.0158936 0.276482 -52.2364
0.0162325 0.275966 -51.9188
0.0156179 0.266343 -49.6207
0.0214392 0.284887 -55.7294
0 0 -1
0.00744335 -0.0248295 71.8694
0.00242066 -0.0206963 72.3123
0.00685495 0.290611 -54.1853
0.00776538 0.276272 -50.6912
0.00452743 0.299497 -55.5656
0.0119909 0.29532 -57.4133
0.0167796 0.28943 -58.0189
0.0115144 0.309214 -61.0173
0.010724 0.311942 -61.2078
0.0118886 0.300212 -58.6577
0.00528732 0.310163 -58.2382
0.0074137 0.296075 -55.4343
0.00722023 0.314882 -60.3982
0.000171186 0.317673 -57.2648
0.0135787 0.31278 -64.0391
0.0244667 0.30082 -67.0038
-0.000673255 0.311696 -54.6425
0.000835525 0.304705 -53.7453
0.00198274 0.305713 -54.7908
0.00691731 0.291545 -54.3651
0.0115339 0.298117 -59.5739
0.0472874 0.270259 -78.2635
0.0663995 0.250595 -86.9481
0.0321964 0.289071 -70.4955
0.0160531 0.322544 -66.6685
0.0273137 0.33175 -78.183
0.0274523 0.342038 -81.7565
0.0301658 0.354169 -87.0512
0.0262889 0.00544385 48.9993
0.0174063 0.00390517 57.6016
-0.0171474 0.00617289 89.2839
0.0411885 0.309408 -88.3285
0.0453807 0.0885728 -33.0791
-0.0516896 0.349502 -7.14227
-0.0336517 0.387695 -35.6666
-0.014487 0.362017 -49.4937
0.00681319 0.310286 -57.8419
-0.00499993 0.320966 -48.094
0.00337176 0.293622 -49.7534
0.00603619 0.292533 -52.6916
-0.0101859 0.299297 -35.4197
0.0223179 0.282143 -68.3357
0.00348743 0.283677 -46.6887
-0.00330658 0.291931 -40.9016
-0.0213467 0.299176 -20.9174
0.0421639 0.234697 -40.4854
0.0382429 0.293475 -57.512
0.036211 0.342352 -71.7502
0.0252268 0.363866 -76.9439
0.0221757 0.337451 -69.9594
0.00139493 0.358694 -73.4186
0.0090782 0.348135 -71.5247
-5.53047e-05 0.337546 -66.9032
0.00356071 0.397655 -84.5828
-0.00238599 0.391047 -81.3508
0.00876088 0.324929 -64.3315
0.0134189 0.298896 -57.886
0.153089 0.0906349 -19.258
0.00652216 -0.0130983 68.8342
-0.00373519 -0.0147186 72.475
0.0182798 0.303531 -61.51
0.0127048 0.304074 -59.7204
0.0110883 0.305414 -59.4597
0.00569463 0.307072 -57.9576
0.0110102 0.31129 -61.3322
0.0107137 0.308023 -60.0171
0.0110003 0.31001 -60.7728
0.00499223 0.31171 -58.4426
0.00820636 0.309775 -59.5997
0.00814438 0.307836 -58.9171
0.00370676 0.311338 -57.5084
0.00498602 0.309468 -57.7353
0.00936244 0.307458 -59.6309
0.00155984 0.292491 -50.641
-0.000222435 0.297502 -50.7119
-0.00274518 0.30944 -52.7657
-0.00059429 0.306696 -53.1875
0.00760496 0.291375 -54.6428
0.00335309 0.299345 -54.0064
0.0120105 0.291889 -58.2058
0.0500488 0.256009 -76.4005
0.069815 0.254981 -90.9686
0.0463897 0.296317 -83.7822
0.0392867 0.299618 -78.8716
0.0258412 0.329715 -76.3308
0.0531058 0.327937 -99.1834
0.0113576 0.0139761 60.2163
0.0142161 0.0112887 58.5991
-0.0015056 0.00223468 75.743
0.012095 0.353827 -72.9024
0.00454904 0.354779 -65.7831
0.00151441 0.360796 -64.2971
-0.0113061 0.357252 -49.6846
-0.0178046 0.343262 -39.6431
-0.0142186 0.357207 -47.4993
-0.033293 0.355327 -26.8434
-0.00586438 0.331505 -50.5904
-0.00393657 0.30638 -45.4562
0.0139877 0.282891 -59.2145
0.021458 0.28859 -69.6494
0.0190795 0.307134 -72.3836
-0.00719764 0.316154 -43.3055
-0.00134166 0.345075 -58.5876
0 0 -1
0.0649753 0.388421 -86.4202
0.0635692 0.39293 -87.4314
0.0249168 0.399539 -87.1844
0.0129595 0.410638 -89.2171
0.0103731 0.405742 -87.8297
-0.00489023 0.42137 -90.4897
0.0149747 0.417694 -92.1788
0.0265707 0.426603 -96.539
0.0184444 0.430774 -96.8468
0.0235503 0.418986 -93.9231
0.201236 0.287071 -94.2637
0.155766 0.0908527 -20.0266
-0.0130317 0.00574929 68.6461
0.0236421 -0.0131993 63.5809
0.0181655 0.306304 -62.1682
0.0150113 0.311136 -62.692
0.00168548 0.312784 -58.2775
-0.00220033 0.312042 -56.569
0.0136263 0.298152 -58.388
0.0108214 0.291898 -55.0682
0.0140309 0.29184 -56.6142
0.00756572 0.289787 -52.8553
0.0140033 0.307473 -61.7536
0.00962454 0.29813 -56.4702
-0.000560291 0.301807 -52.1794
0.00376087 0.297186 -53.1684
0.00136878 0.296613 -51.6236
0.0029962 0.291084 -50.9114
0.00582727 0.29494 -53.7849
0.00136269 0.299728 -52.4544
-0.00714528 0.288368 -43.3177
0.00642499 0.297553 -55.8037
0.00223717 0.298263 -52.8467
0.00683459 0.305963 -58.7399
0.0366648 0.288761 -76.1035
0.0612361 0.270847 -89.6218
0.0672421 0.243657 -85.2969
0.0651086 0.261355 -88.7701
0.0340727 0.269786 -64.9274
0.0575319 0.280212 -88.5116
0.0735269 0.262448 -96.8968
0.00636747 -0.00539414 70.8638
-0.00489528 -0.0052961 81.3063
0.00799228 0.386438 -78.4078
-0.00390937 0.38573 -66.317
-0.0235967 0.354527 -37.2682
-0.0249441 0.332649 -29.2231
-0.00181598 0.336692 -54.5644
-0.0213366 0.355998 -39.7147
-0.0296902 0.366632 -33.8459
-0.0403598 0.359549 -20.4163
-0.0278084 0.331453 -25.7403
0.00200715 0.295888 -49.2087
0.0405289 0.29425 -93.7864
0.0401807 0.296599 -93.9868
0.0298086 0.306369 -84.2379
0.0260937 0.350749 -93.5635
0 0 -1
0.0787487 0.366466 -79.6237
0.0670146 0.378158 -82.6515
0.0350455 0.361116 -75.0166
0.0246433 0.363589 -74.9733
0.00244778 0.392619 -82.1452
0.0204657 0.403753 -88.438
0.0187608 0.398441 -86.1417
0.0150224 0.400968 -86.3979
-0.0179574 0.0217224 51.6244
-0.0872493 0.0346052 62.3984
0.0483496 0.297124 -59.3362
0.0954558 0.104055 -8.25335
-0.0586512 0.0938761 53.6358
-0.0287366 0.0110732 71.4404
-0.0882871 0.39854 -52.4322
-0.0403547 0.409609 -73.8971
-0.0352822 0.382099 -66.9176
-0.0398165 0.345485 -52.9957
0.00125834 0.303216 -54.958
0.00712903 0.277774 -48.8423
0.014257 0.291491 -56.4947
0.0135587 0.284806 -54.2204
0.0115227 0.295087 -56.4016
0.00352 0.293734 -51.7859
0.000821949 0.279291 -45.589
0.00139543 0.280052 -46.2349
0.00679305 0.291583 -53.1878
-0.0048487 0.286453 -44.2604
0.0114365 0.287594 -55.1173
0.00291134 0.270477 -43.8564
-0.0056529 0.270935 -38.4199
0.00774594 0.253778 -42.1407
0.0174619 0.307953 -67.0232
0.0121361 0.314872 -65.5029
0.0140669 0.313426 -66.6626
0.0268655 0.289187 -68.5571
0.0327684 0.266419 -65.7041
0.0648229 0.219366 -75.4123
0.0615312 0.213025 -70.2902
0.0717406 0.22254 -82.344
0.0780324 0.237379 -92.8869
0.0382918 -0.00288379 40.4853
0.0104098 -0.00586979 67.4396
0.00533597 0.35458 -64.9867
-0.019907 0.369111 -45.0495
-0.0324928 0.431336 -53.4356
-0.0365547 0.420917 -46.4387
-0.0168971 0.349705 -43.3204
-0.0207351 0.348139 -38.4088
-0.0259984 0.327254 -25.8333
-0.0286087 0.333889 -24.9116
-0.0436818 0.353656 -14.9395
-0.0385252 0.329538 -12.7464
0.0157281 0.298691 -65.9829
0.0356017 0.276499 -81.8787
0.0302861 0.256791 -68.746
0.047134 0.269573 -93.6822
0.560319 2.46943 -850.275
0.0571195 0.346655 -72.2551
0.0578342 0.330067 -66.4809
0.0477497 0.34699 -71.3608
0.0306533 0.371511 -78.4565
0.0191396 0.370663 -76.9595
0.0239506 0.352518 -70.8987
0.0126415 0.378369 -78.4143
0.0371918 0.369808 -79.6809
0.0504029 0.493533 -125.965
0.0562554 0.554139 -148.93
0.0873016 -0.0445027 63.5702
0.043746 0.0281172 48.9238
-0.021596 0.112741 36.9161
-0.104255 0.102459 65.16
-0.469796 0.0950473 185.96
-0.0786527 0.347573 -37.923
-0.0823978 0.369869 -44.2748
-0.0649022 0.329216 -37.4999
-0.0228387 0.307983 -46.6972
-0.000477127 0.268009 -41.7378
0.0115419 0.263111 -45.3626
0.00401385 0.271347 -44.4643
-0.00544455 0.261823 -36.3793
0.00583547 0.260505 -41.5426
0.00816121 0.264042 -44.0992
-0.000900319 0.256249 -36.5129
0.00779308 0.244788 -37.2731
-0.0213245 0.25837 -24.2153
-0.00611011 0.24185 -27.8057
0.0226682 0.253807 -51.4204
0.00199061 0.271808 -43.816
0.00714518 0.271726 -47.1168
0.0118033 0.277175 -52.2641
0.0261372 0.289945 -67.512
0.032063 0.272151 -65.7106
0.00969868 0.28274 -52.5597
0.0197278 0.289747 -63.1665
0.0377841 0.265842 -69.5025
0.0590734 0.197871 -63.396
0.0796137 0.228365 -91.2184
0.0696647 0.219726 -79.5169
0.0322667 -0.00215976 45.5714
0.0293151 -0.000498081 47.9936
0.00626347 0.00735003 66.2205
0.225682 0.00985069 -147.178
0.00475842 0.480651 -107.801
-0.0479292 0.455466 -45.9554
-0.0207709 0.410606 -58.8384
-0.0551527 0.389786 -14.8863
-0.0652626 0.366344 3.36085
-0.0300561 0.318305 -18.0447
-0.0413261 0.30638 -0.644898
-0.0576949 0.299682 19.9353
-0.0147128 0.299847 -30.3715
0.00475403 0.283963 -47.6504
0.0330354 0.226965 -61.4411
0.0279076 0.138006 -23.0873
0.0505592 0.33607 -68.2868
0.0507134 0.336034 -68.2834
0.0540051 0.320288 -62.6789
0.0628178 0.31268 -60.4984
0.0320698 0.33565 -65.7278
0.0176297 0.33178 -63.0275
0.0124897 0.265169 -38.1725
0.0266571 0.316332 -58.6827
0.0121394 -0.0198933 80.9562
0.0107954 -0.0111324 77.9414
0.0949258 -0.0504154 63.6757
0.0923639 -0.00565881 48.2237
0.0659542 0.0214214 45.4151
0.0369493 0.0874459 28.9178
-0.21971 0.0933187 104.324
-0.244778 0.12794 99.6572
-0.0466196 0.322626 -40.6784
-0.0766426 0.344428 -37.5182
-0.0695139 0.288091 -20.4452
-0.0452324 0.30392 -35.9375
-0.0154229 0.261574 -33.4524
-0.00336332 0.0375951 43.9491
0.00479972 -0.0192046 61.3465
0.00813434 0.211933 -25.5923
0.0123645 0.221928 -31.4084
0.00325212 0.238585 -32.5488
-0.0133519 0.235191 -22.1656
0.00112724 0.192118 -14.9289
0.00260719 0.198071 -17.8555
-1.55624e-05 0.22007 -24.323
-0.0526448 0.0693812 56.8851
0.00911977 0.262757 -45.6233
0.0147232 0.253793 -46.196
0.0135756 0.265221 -49.5048
0.0267372 0.280039 -64.4037
0.0170703 0.2741 -54.9269
0.00781203 0.287791 -52.8948
0.0145969 0.27929 -55.1391
0.0372703 0.261618 -67.4219
0.0710127 0.257258 -94.3378
0.095097 0.273072 -120.556
0.446128 0.0604337 -352.664
0.0308733 0.0151389 40.6995
0.0241519 -0.00542969 54.3669
0.0417731 0.0209368 27.6874
0.103443 -0.0401446 -9.28813
0.371997 0.375166 -443.384
-0.0339263 0.419695 -48.0081
-0.0357497 0.41821 -45.6752
-0.0571061 0.434764 -28.9898
-0.0838541 0.391694 15.0559
-0.0723556 0.363353 12.6248
-0.0414906 0.261643 14.838
-0.0465401 0.230711 31.7006
-0.0396726 0.229305 24.3806
-0.0007016 0.220301 -18.4714
0.0168844 0.189866 -28.6296
0.0211638 0.155612 -21.341
