0 1 3
1 2 3
2 3 3
3 4 3
4 5 3
5 7 1
7 8 3
8 10 3
10 11 3
11 13 3
13 14 3
14 15 3
15 73 3
15 17 3
17 18 3
18 19 0
19 21 1
21 22 0
22 23 1
23 25 3
25 26 3
26 27 3
27 28 3
28 29 3
29 30 3
30 89 0
32 89 3
32 33 3
33 34 3
34 35 3
35 36 3
36 37 3
37 38 3
38 39 3
39 40 3
40 41 3
41 42 1
42 43 3
43 44 3
44 45 3
45 46 3
46 47 3
47 48 3
48 49 3
49 50 3
50 51 3
51 52 3
52 53 0
53 54 3
54 55 3
55 56 3
56 57 3
15 132 3
51 110 0
3 62 3
4 62 3
4 63 3
5 63 3
18 76 3
23 82 3
25 82 3
30 88 3
7 64 0
5 64 3
52 110 0
2 60 3
13 70 0
19 76 2
21 79 0
22 79 1
88 89 3
45 103 3
3 60 3
11 70 0
13 71 2
40 98 3
44 103 3
48 106 3
49 107 3
50 107 3
62 63 3
70 71 1
14 72 3
15 72 3
17 132 3
19 78 2
22 81 1
25 83 3
26 83 3
26 84 3
27 84 3
27 86 3
28 86 3
29 88 3
39 98 3
41 99 3
42 100 3
44 102 3
46 104 3
47 104 3
47 106 3
49 106 3
0 58 3
0 59 3
1 59 3
2 59 3
11 69 0
21 78 3
23 81 3
38 96 3
40 99 3
43 102 3
10 69 0
69 70 3
13 72 3
76 78 3
33 91 3
34 92 3
35 93 3
36 94 3
37 95 3
39 96 3
39 97 3
97 98 3
42 99 0
43 101 3
46 103 3
47 105 3
50 108 3
53 111 3
54 112 3
56 114 3
57 114 3
8 66 0
71 72 1
73 132 3
17 75 3
18 75 3
91 92 3
92 93 3
93 94 3
94 95 3
37 96 3
99 100 1
100 101 3
101 102 3
103 104 3
105 106 3
106 107 3
107 108 3
51 108 3
52 111 0
111 112 3
55 112 3
58 59 3
59 60 3
7 66 0
8 67 0
10 67 0
72 73 3
83 84 3
27 143 3
96 97 3
98 99 3
102 103 3
104 105 3
110 111 3
55 114 3
60 62 3
63 64 3
64 66 3
75 76 3
78 79 2
79 81 2
82 83 3
84 143 3
29 86 3
32 91 3
95 96 3
81 82 3
67 69 3
66 67 3
86 143 3
112 114 3
75 132 3
64 123 3
66 123 3
76 135 3
60 119 3
62 119 3
108 166 3
51 166 3
64 122 3
66 125 3
67 125 3
69 128 3
70 128 3
78 135 3
86 145 3
89 147 3
32 147 3
32 148 3
91 148 3
63 122 3
29 145 3
110 168 3
67 126 3
111 169 3
59 117 3
69 126 3
79 137 3
81 139 3
147 148 3
95 153 3
96 153 3
106 164 3
79 138 3
82 139 3
94 153 3
105 164 3
110 167 3
114 171 3
114 172 3
57 172 3
60 117 3
118 119 3
123 124 3
66 124 3
124 125 3
70 129 3
71 129 2
81 138 3
88 145 3
88 147 3
101 159 3
103 162 3
104 162 3
105 162 3
51 167 0
111 168 3
58 117 3
60 118 3
125 126 3
69 127 3
128 129 3
137 138 3
83 141 3
84 142 3
93 152 3
94 152 3
96 154 3
100 158 3
103 161 3
105 163 3
107 165 3
112 169 3
58 116 3
63 120 3
63 121 3
122 123 3
126 127 3
78 136 3
82 141 3
142 143 3
88 146 3
91 149 3
92 150 3
93 151 3
153 154 3
97 155 3
98 156 3
99 157 3
101 158 3
101 160 3
102 160 3
163 164 3
107 164 3
108 165 3
168 169 3
116 117 3
120 121 3
121 122 3
72 130 0
135 136 3
79 136 2
138 139 3
86 144 3
146 147 3
148 149 3
149 150 3
151 152 3
154 155 3
155 156 3
156 157 3
100 157 0
160 161 3
161 162 3
166 167 0
167 168 3
171 172 3
117 118 3
62 120 3
127 128 3
72 129 0
73 130 0
84 141 3
143 144 3
144 145 3
92 151 3
159 160 3
75 133 3
145 146 3
150 151 3
152 153 3
157 158 1
162 163 3
165 166 3
112 171 3
158 159 3
119 120 3
132 133 3
129 130 3
130 132 1
141 142 3
76 133 3
136 137 3
164 165 3
129 187 3
143 202 3
128 187 3
76 192 3
144 202 3
169 171 3
133 192 3
135 192 3
146 204 3
147 204 3
166 223 3
167 223 1
169 227 3
168 227 3
119 177 3
153 211 3
169 228 3
118 177 3
130 188 3
130 189 3
130 190 3
132 190 0
135 193 3
154 211 3
171 228 3
120 178 3
120 179 3
121 179 3
192 193 3
138 197 3
119 178 3
139 197 3
82 198 3
142 200 3
148 206 3
165 223 3
118 176 3
129 188 3
133 190 0
139 198 3
141 198 3
143 200 3
147 206 3
152 211 3
158 215 0
176 177 3
187 188 3
188 189 3
141 199 3
200 202 3
150 208 3
157 215 3
172 173 3
116 174 3
117 175 3
117 176 3
177 178 3
122 180 3
123 181 3
124 182 3
125 183 3
126 183 3
126 184 3
126 185 3
127 185 3
128 186 3
137 195 3
142 199 3
149 207 3
149 208 3
151 208 3
151 209 3
152 210 3
154 212 3
155 213 3
156 214 3
162 220 3
163 221 3
164 222 3
223 224 0
167 224 3
167 225 3
168 225 3
168 226 3
174 175 3
179 180 3
180 181 3
181 182 3
182 183 3
185 186 3
186 187 3
189 190 3
136 195 3
137 196 3
138 196 3
198 199 3
145 203 3
148 207 3
207 208 3
209 210 3
210 211 3
212 213 3
213 214 3
214 215 3
158 216 3
160 218 3
161 218 3
161 220 3
220 221 3
164 221 3
225 226 3
226 227 3
175 176 3
178 179 3
135 195 3
196 197 3
146 203 3
208 209 3
161 219 3
165 222 3
171 173 3
183 184 3
184 185 3
195 196 3
197 198 3
199 200 3
159 218 3
218 219 3
227 228 3
145 202 3
215 216 1
159 216 3
224 225 3
202 259 3
206 207 3
211 212 3
221 222 3
133 191 0
191 192 1
200 259 3
222 223 3
219 220 3
190 191 3
202 203 3
204 206 3
193 195 3
216 218 3
216 276 3
218 276 3
193 252 3
195 252 3
203 204 3
216 275 3
173 289 3
275 276 3
171 287 3
178 237 3
287 289 3
227 285 3
211 269 3
220 278 3
228 285 3
179 237 3
210 269 3
219 278 3
228 287 3
228 286 3
288 289 3
172 289 3
193 251 3
197 255 3
198 255 3
198 256 3
199 256 3
199 257 3
200 258 3
207 265 3
208 265 3
224 282 3
286 287 3
184 242 3
190 248 3
199 258 3
204 264 3
206 264 3
208 266 3
209 266 3
213 271 3
287 288 3
183 242 3
189 248 3
191 249 3
251 252 3
195 253 3
256 257 3
258 259 3
206 265 3
214 271 3
216 273 3
222 280 3
223 280 3
285 286 3
174 232 3
175 233 3
176 234 3
177 235 3
178 236 3
180 238 3
181 239 3
182 240 3
183 241 3
185 243 3
186 244 3
187 245 3
188 246 3
189 247 3
190 249 3
196 253 3
259 260 3
202 260 3
209 267 3
210 268 3
212 270 3
215 273 3
218 277 3
219 277 3
221 279 3
222 279 3
174 233 3
233 234 3
234 235 3
178 235 3
236 237 3
237 238 3
181 238 3
239 240 3
240 241 3
241 242 3
242 243 3
243 244 3
244 245 3
245 246 3
246 247 3
247 248 3
248 249 3
267 268 3
212 269 3
213 270 3
214 272 3
214 273 3
279 280 3
225 282 3
225 284 3
232 233 3
252 253 3
203 260 3
264 265 3
265 266 3
268 269 3
271 272 3
272 273 3
277 278 3
223 282 0
225 283 3
226 284 3
226 285 3
192 251 3
266 267 3
220 279 3
282 283 3
238 239 3
257 258 3
269 270 3
284 285 3
255 256 3
278 279 3
235 236 3
204 262 3
273 275 3
276 277 3
203 262 3
264 321 3
283 284 3
196 255 3
204 321 3
270 271 3
223 339 3
259 316 3
280 339 3
196 312 3
253 312 3
258 316 3
255 312 3
260 319 3
204 320 3
275 333 0
287 346 1
249 308 3
191 308 3
315 316 3
260 318 3
203 319 3
262 320 3
320 321 3
223 283 0
289 346 1
289 347 1
262 319 3
277 335 3
346 347 3
273 332 0
278 335 3
252 310 3
253 310 3
264 322 3
275 332 0
278 336 3
286 344 1
287 344 1
318 319 3
321 322 3
270 329 3
271 329 3
332 333 3
279 336 3
283 339 1
257 316 3
273 331 0
276 333 0
285 344 1
344 346 3
237 295 3
245 303 3
191 251 2
251 310 3
268 326 3
269 327 3
345 346 3
236 295 3
240 298 3
242 300 3
243 300 3
244 303 3
245 304 3
246 304 3
267 325 3
267 326 3
269 326 3
270 327 3
272 388 0
272 331 0
276 335 3
280 338 3
344 345 3
232 290 3
233 291 3
234 292 3
235 293 3
236 294 3
238 297 3
239 297 3
239 298 3
241 299 3
243 301 3
243 302 3
244 302 3
247 305 3
251 308 3
255 313 3
256 313 3
265 323 3
266 324 3
270 328 3
331 388 3
331 332 3
279 337 3
338 339 3
283 341 1
285 343 1
290 291 3
291 292 3
292 293 3
236 293 3
238 296 3
240 299 3
299 300 3
302 303 3
303 304 3
304 305 3
248 305 3
248 306 3
249 306 3
319 320 3
264 323 3
266 323 3
324 325 3
325 326 3
336 337 3
280 337 3
284 341 1
284 342 1
285 342 1
343 344 3
237 296 3
296 297 3
297 298 3
301 302 3
249 307 3
333 335 1
335 336 3
342 343 3
295 296 3
300 301 3
306 307 3
322 323 3
323 324 3
271 387 3
272 387 3
293 294 3
298 299 3
257 315 3
259 318 3
327 328 3
328 329 3
312 313 3
326 327 3
283 340 1
307 308 3
316 318 3
387 388 3
341 342 3
305 306 3
256 372 3
257 372 3
329 387 3
340 341 3
294 295 3
337 338 3
313 372 3
339 340 3
308 310 3
316 376 3
310 368 3
315 372 3
318 376 3
308 368 3
310 312 3
312 370 3
312 371 3
370 371 3
313 371 3
308 424 3
368 424 3
375 376 3
346 404 3
298 356 3
310 369 3
312 369 3
316 375 3
331 390 3
332 390 2
338 396 3
346 403 3
347 404 3
297 355 3
298 355 3
369 370 3
320 378 3
321 378 3
322 381 3
323 381 3
326 384 3
333 390 3
333 392 3
339 396 3
345 403 3
368 369 3
318 377 3
319 377 3
325 384 3
336 393 0
336 394 3
294 352 3
355 356 3
299 356 3
301 359 3
327 385 3
328 385 3
335 393 0
393 394 1
293 351 3
295 352 3
295 353 3
296 354 3
297 354 3
300 359 3
301 360 3
302 360 3
305 363 3
322 380 3
327 384 3
335 392 0
337 396 3
343 402 3
344 402 3
344 403 3
403 404 3
290 348 3
291 349 3
292 350 3
292 351 3
294 351 3
296 353 3
299 357 3
300 357 3
300 358 3
303 361 3
304 362 3
306 363 3
307 424 3
378 379 3
321 379 3
321 380 3
325 383 3
339 397 3
340 398 3
341 399 3
341 400 3
342 400 3
343 401 3
347 405 3
348 349 3
349 350 3
352 353 3
353 354 3
354 355 3
357 358 3
358 359 3
302 361 3
361 362 3
362 363 3
306 364 3
307 364 3
319 378 3
379 380 3
324 381 3
324 382 3
328 387 3
392 393 3
337 395 3
396 397 3
397 398 3
398 399 3
400 401 3
402 403 3
404 405 3
350 351 3
359 360 3
360 361 3
364 424 3
380 381 3
325 382 3
337 394 3
395 396 3
401 402 3
351 352 3
381 382 3
384 385 3
333 391 3
391 392 3
399 400 3
356 357 3
383 384 3
393 451 1
394 451 3
394 395 3
376 377 3
363 364 3
371 372 3
315 373 3
316 373 3
364 423 3
367 368 3
390 391 3
423 424 3
372 373 3
369 427 3
377 378 3
382 383 3
385 443 3
328 443 3
370 427 3
373 375 3
387 443 3
367 424 3
331 389 3
388 389 3
389 390 3
376 434 3
377 434 3
387 445 3
388 445 3
397 455 3
372 431 3
384 443 3
372 429 3
379 437 3
370 428 3
371 428 3
429 431 3
378 437 3
371 429 3
399 458 3
400 458 3
363 421 3
377 435 3
388 446 3
392 450 1
351 409 3
359 417 3
362 421 3
363 422 3
368 426 3
369 426 3
378 435 3
445 446 3
403 461 3
350 409 3
351 410 3
352 410 3
360 417 3
364 422 3
367 426 3
378 436 3
380 437 3
401 458 3
404 461 3
353 410 3
358 416 3
359 416 3
360 418 3
373 431 3
436 437 3
381 439 3
390 449 1
391 449 1
396 454 3
397 454 3
401 459 3
402 459 3
402 460 3
402 461 3
404 462 3
404 463 3
405 463 3
354 413 3
355 413 3
356 414 3
357 414 3
427 428 3
428 429 3
435 436 3
382 439 3
384 442 3
389 446 3
391 450 1
394 453 3
395 453 3
398 455 3
398 456 3
399 457 3
458 459 3
459 460 3
460 461 3
461 462 3
350 408 3
353 411 3
354 412 3
416 417 3
434 435 3
383 442 3
442 443 3
394 452 3
453 454 3
455 456 3
456 457 3
457 458 3
348 406 3
408 409 3
410 411 3
354 411 3
412 413 3
356 413 3
357 415 3
421 422 3
424 425 3
367 425 3
369 485 3
429 430 3
430 431 3
443 445 3
389 448 3
390 448 3
451 452 3
452 453 3
454 455 3
409 410 3
414 415 3
417 418 3
361 418 3
426 485 3
427 485 3
382 440 3
383 440 3
462 463 3
349 406 3
411 412 3
413 414 3
361 419 3
383 441 3
446 448 3
448 449 3
349 408 3
357 416 3
418 419 3
361 420 3
362 420 3
425 426 3
440 441 3
441 442 3
393 450 1
380 439 3
439 440 3
419 420 3
375 433 3
376 433 3
449 450 3
450 451 3
415 416 3
420 421 3
373 433 3
433 434 3
439 497 3
446 447 3
447 448 3
440 497 3
380 496 0
424 482 3
446 505 3
423 482 3
439 496 3
431 433 3
447 505 3
406 465 3
349 465 3
437 496 3
452 510 3
408 465 3
408 466 3
422 423 3
429 487 2
496 497 3
445 505 3
451 510 3
406 464 3
465 466 3
425 483 3
434 493 2
435 493 2
437 495 2
458 516 3
421 480 3
422 480 3
431 489 2
442 501 3
443 501 3
459 517 3
416 475 3
417 475 3
423 480 3
423 481 3
481 482 3
425 482 3
425 484 2
426 484 2
428 487 2
441 499 3
445 504 3
450 508 3
455 513 3
460 518 3
442 499 3
443 502 3
504 505 3
449 507 3
450 507 3
451 508 3
456 514 3
460 519 3
461 519 3
464 465 3
410 468 3
411 469 3
414 472 3
418 476 3
419 477 3
420 478 3
421 479 3
428 486 2
429 488 2
430 488 2
431 488 2
433 489 2
442 500 3
445 502 3
445 503 3
448 506 3
449 506 3
507 508 3
451 509 3
453 511 3
454 512 3
457 514 3
457 515 3
458 515 3
458 517 3
459 518 3
468 469 3
412 469 3
413 471 3
413 472 3
475 476 3
476 477 3
477 478 3
478 479 3
479 480 3
482 483 3
427 486 2
440 499 3
500 501 3
503 504 3
509 510 3
452 511 3
511 512 3
455 512 3
516 517 3
518 519 3
462 519 3
462 520 3
462 521 3
463 521 3
408 467 3
409 467 3
412 471 3
415 473 3
416 473 3
480 481 3
483 484 3
484 485 3
488 489 3
433 491 1
434 492 1
493 550 1
436 493 2
440 498 3
499 500 3
501 502 3
510 511 3
455 514 3
515 516 3
517 518 3
519 520 3
466 467 3
409 468 3
415 472 3
486 487 3
487 488 3
433 492 1
492 493 0
497 498 3
512 513 3
471 472 3
491 492 3
492 550 3
495 496 3
498 499 3
447 506 3
506 507 3
508 509 3
520 521 3
416 474 3
474 475 3
485 486 3
467 468 3
505 506 3
473 474 3
513 514 3
514 515 3
502 503 3
472 473 3
436 495 2
493 495 3
506 564 3
507 564 3
493 552 3
515 573 3
467 525 3
468 525 3
469 471 3
495 552 3
482 540 2
489 547 3
483 540 3
433 547 1
491 549 3
495 553 3
505 564 3
486 544 3
552 553 3
496 554 2
496 555 2
509 568 3
510 568 3
466 524 3
467 524 3
481 539 2
487 544 3
495 554 3
497 555 2
507 566 3
508 566 3
520 579 3
521 579 3
468 526 3
479 538 2
480 538 2
550 552 0
554 555 3
525 526 3
469 528 3
474 533 3
475 533 3
475 534 2
482 539 3
485 543 2
487 545 3
488 546 3
433 549 1
512 570 3
516 574 3
471 528 3
476 534 2
479 537 2
480 539 2
484 543 3
486 543 3
488 545 3
489 546 3
498 555 2
511 568 3
513 570 3
514 572 3
515 574 3
517 574 3
464 522 3
469 527 3
472 530 2
473 530 3
478 536 2
537 538 3
545 546 3
553 554 3
498 556 2
500 559 2
501 559 2
509 566 3
511 569 3
511 570 3
513 571 3
513 572 3
517 575 3
518 576 3
519 577 3
520 578 3
465 522 3
526 527 3
471 529 3
472 529 3
479 536 2
539 540 3
543 544 3
546 547 3
491 550 3
555 556 3
568 569 3
569 570 3
570 571 3
515 572 3
575 576 3
518 577 3
520 577 3
578 579 3
465 523 3
466 523 3
527 528 3
477 534 2
483 542 3
484 542 3
504 562 3
505 562 3
564 565 3
507 565 3
571 572 3
574 575 3
522 523 3
523 524 3
528 529 3
477 535 3
478 535 3
535 536 3
536 537 3
549 550 3
499 556 2
499 557 2
502 559 2
505 563 3
565 566 3
509 567 3
577 578 3
524 525 3
533 534 3
542 543 3
544 545 3
556 557 3
566 567 3
572 573 3
573 574 3
529 530 3
534 535 3
503 562 3
562 563 3
563 564 3
576 577 3
532 533 3
538 539 3
499 559 2
567 568 3
474 532 3
540 542 3
557 559 3
552 609 3
473 532 3
550 609 0
550 608 2
608 609 3
502 618 1
503 619 2
538 597 3
539 597 3
559 618 3
503 618 1
571 630 3
530 532 3
540 598 3
547 605 3
618 619 3
539 598 3
542 598 3
433 605 1
562 619 2
528 586 3
549 605 2
527 586 3
529 586 3
529 587 3
532 591 3
533 591 3
534 591 3
562 620 2
530 587 3
535 593 3
597 598 3
559 617 3
570 628 3
571 628 3
572 630 3
522 580 3
586 587 3
534 593 3
617 618 3
523 580 3
527 585 3
530 589 3
532 589 3
544 602 3
552 611 3
553 611 3
554 612 3
555 612 3
556 614 3
619 620 3
562 621 2
567 625 3
578 636 3
526 584 3
526 585 3
585 586 3
538 596 3
543 602 3
545 602 3
546 604 3
555 613 3
556 613 3
563 621 2
563 622 3
564 622 3
566 624 3
567 624 3
569 627 3
570 627 3
577 636 3
530 588 3
532 590 3
534 592 3
543 601 3
545 603 3
547 604 3
549 606 2
557 615 3
559 616 3
620 621 3
575 633 3
576 634 3
577 635 3
579 637 3
588 589 3
589 590 3
590 591 3
592 593 3
537 596 3
596 597 3
603 604 3
605 606 3
557 616 3
621 622 3
565 622 2
567 626 3
568 626 3
627 628 3
628 630 3
574 632 3
574 633 3
576 633 3
634 635 3
635 636 3
636 637 3
524 582 3
525 582 3
525 583 3
525 584 3
584 585 3
591 592 3
598 599 3
542 599 3
601 602 3
609 610 3
552 610 3
554 611 3
565 623 3
565 624 3
633 634 3
523 581 3
524 581 3
583 584 3
542 601 3
602 603 3
549 608 2
611 612 3
612 613 3
613 614 3
615 616 3
616 617 3
625 626 3
573 630 3
582 583 3
587 588 3
536 593 3
604 605 3
614 615 3
622 623 3
623 624 3
624 625 3
581 582 3
537 595 3
569 626 3
580 581 3
626 627 3
595 596 3
599 601 3
536 595 3
549 607 2
536 594 3
607 608 3
610 611 3
632 633 3
593 594 3
573 632 3
594 595 3
606 607 3
624 682 1
625 682 2
573 689 3
601 658 3
630 689 3
598 656 3
599 658 3
628 687 3
597 656 3
613 672 3
625 683 2
630 687 3
582 641 3
583 641 3
593 651 3
594 651 3
599 656 3
612 670 3
612 672 3
614 673 3
615 673 3
682 683 1
584 641 3
611 670 3
627 685 1
630 688 3
585 643 3
601 659 3
627 687 3
687 688 3
632 689 3
586 643 3
658 659 3
616 673 3
619 678 3
620 678 3
626 683 2
626 685 1
581 639 3
592 650 3
593 650 3
597 655 3
605 664 3
606 664 3
614 672 3
622 680 1
622 681 1
623 681 1
633 692 3
634 692 3
582 639 3
584 643 3
587 645 3
588 645 3
591 649 3
650 651 3
655 656 3
599 657 3
604 662 3
611 669 3
618 677 3
619 677 3
680 681 3
626 684 2
636 694 3
580 638 3
581 638 3
584 642 3
586 644 3
594 652 3
596 655 3
657 658 3
602 659 3
602 660 3
602 661 3
603 661 3
603 662 3
605 662 3
607 664 3
607 665 3
608 666 3
609 667 3
610 668 3
610 669 3
677 678 3
621 680 3
623 682 1
627 686 2
686 687 0
688 689 3
632 690 3
633 691 3
635 692 3
635 693 3
636 693 3
637 695 3
641 642 3
642 643 3
643 644 3
644 645 3
592 649 3
651 652 3
661 662 3
664 665 3
665 666 3
666 667 3
667 668 3
672 673 3
621 678 2
690 691 3
691 692 3
694 695 3
638 639 3
582 640 3
649 650 3
656 657 3
660 661 3
616 674 3
617 675 3
618 675 3
678 679 3
621 679 2
681 682 2
683 684 3
684 685 1
693 694 3
639 640 3
640 641 3
595 652 3
596 652 3
669 670 3
670 672 3
671 672 3
673 674 3
689 690 3
692 693 3
590 649 3
596 712 3
655 712 3
659 660 3
670 671 3
618 676 3
685 686 2
662 664 3
668 669 3
617 674 3
676 677 3
679 680 3
662 721 3
674 675 3
675 676 3
652 712 3
664 721 3
589 706 3
590 706 3
588 704 3
589 704 3
649 706 3
645 704 3
704 706 3
672 730 3
652 711 3
673 730 3
711 712 3
690 748 1
689 748 1
680 682 2
687 745 1
688 745 1
691 749 1
686 745 1
688 746 1
689 746 1
690 749 1
689 747 1
748 749 3
669 728 3
670 728 3
686 743 1
645 703 3
657 715 3
658 716 3
667 725 3
677 735 3
685 743 1
746 747 3
638 696 3
651 709 3
652 709 3
652 710 3
656 714 3
658 715 3
659 716 3
666 725 3
668 725 3
671 729 3
672 729 3
674 732 3
674 733 3
675 733 3
678 736 3
679 737 3
747 748 3
639 696 3
644 703 3
650 708 3
651 708 3
710 711 3
657 714 3
659 718 3
660 718 3
661 719 3
662 719 3
665 723 3
666 723 3
673 732 3
676 735 3
678 737 3
745 746 3
640 698 3
708 709 3
655 713 3
715 716 3
662 720 3
664 722 3
666 724 3
668 726 3
670 729 3
676 734 3
736 737 3
682 741 1
683 741 1
683 742 1
684 742 1
684 743 1
691 750 1
692 750 1
692 751 3
693 751 3
694 753 3
695 753 3
639 697 3
640 697 3
641 698 3
709 710 3
713 714 3
718 719 3
719 720 3
721 722 3
665 722 3
723 724 3
669 726 3
729 730 3
730 731 3
673 731 3
680 737 3
682 740 1
741 742 3
742 743 3
686 744 1
694 751 3
697 698 3
703 704 3
714 715 3
720 721 3
722 723 3
724 725 3
725 726 3
732 733 3
675 734 3
734 735 3
677 736 3
740 741 1
744 745 3
696 697 3
650 707 3
731 732 3
735 736 3
680 739 3
680 740 3
743 744 0
750 751 0
649 707 3
707 708 3
739 740 3
749 750 3
644 760 3
712 713 3
642 644 3
703 760 3
716 718 3
728 729 3
733 734 3
706 707 3
641 644 3
644 758 3
751 752 1
694 752 1
641 758 3
726 728 3
752 753 0
747 805 3
758 760 3
718 775 3
641 757 3
716 775 3
726 785 3
728 785 3
737 739 3
698 757 3
753 811 1
706 764 3
707 764 3
736 794 3
748 806 3
749 806 3
704 763 3
706 763 3
737 794 3
743 801 0
763 764 3
707 765 3
721 779 3
739 797 3
740 797 3
704 762 3
764 765 3
711 770 3
712 770 3
715 774 3
716 774 3
722 779 3
726 784 3
737 797 3
749 807 3
762 763 3
708 766 3
714 772 3
725 784 3
728 787 3
729 787 3
730 788 3
737 795 3
745 803 3
746 805 3
747 806 3
750 807 3
752 809 3
752 811 3
757 758 3
707 766 3
713 772 3
720 779 3
729 788 3
731 790 3
732 790 3
744 801 3
746 803 3
805 806 3
750 808 3
751 808 1
751 809 1
709 766 3
715 772 3
724 782 3
725 782 3
730 789 3
731 789 3
733 790 3
733 791 3
734 792 3
794 795 3
795 797 3
696 754 3
697 754 3
697 756 3
698 756 3
709 767 3
710 768 3
711 769 3
769 770 3
713 771 3
718 776 3
719 777 3
720 777 3
720 778 3
722 780 3
723 781 3
725 783 3
734 791 3
741 799 3
742 800 3
744 802 3
752 810 3
703 762 3
765 766 3
767 768 3
768 769 3
712 771 3
771 772 3
775 776 3
776 777 3
779 780 3
780 781 3
781 782 3
782 783 3
783 784 3
728 786 3
788 789 3
789 790 3
790 791 3
735 792 3
740 798 3
740 799 1
799 800 3
800 801 3
745 802 3
806 807 3
810 811 3
778 779 3
736 792 3
797 798 3
803 805 3
766 767 3
770 771 3
772 774 3
777 778 3
784 785 3
785 786 3
786 787 3
791 792 3
801 802 3
802 803 3
807 808 3
808 809 3
756 757 3
774 775 3
792 794 3
798 799 3
809 810 3
787 788 3
697 755 3
755 756 3
754 755 3
760 762 3
762 819 3
760 819 3
760 818 3
772 830 3
795 853 3
758 816 3
760 817 3
774 830 3
794 853 3
760 816 3
817 818 3
818 819 3
795 854 3
797 854 3
797 855 3
798 855 3
764 822 3
769 827 3
770 827 3
774 832 3
800 858 2
816 817 3
765 822 3
771 830 3
774 831 3
775 832 3
787 846 3
788 846 3
799 858 2
801 859 3
830 831 3
779 838 3
780 838 3
800 859 2
802 861 3
803 861 3
819 820 3
762 820 3
775 833 3
789 848 3
790 848 3
794 852 3
799 857 2
801 860 3
802 860 3
806 865 3
807 865 3
808 867 3
809 867 3
810 869 3
811 869 3
763 820 3
763 821 3
767 826 3
768 826 3
769 826 3
776 833 3
782 840 3
784 842 3
791 848 3
791 850 3
792 850 3
852 853 3
854 855 3
798 857 3
808 865 3
754 812 3
755 813 3
756 813 3
820 821 3
764 821 3
765 823 3
766 824 3
767 825 3
770 828 3
771 829 3
831 832 3
776 834 3
777 835 3
778 836 3
779 837 3
781 839 3
781 840 3
783 841 3
785 843 3
786 844 3
787 845 3
788 847 3
789 847 3
791 849 3
794 850 3
794 851 3
853 854 3
858 859 3
805 863 3
808 866 3
812 813 3
757 816 3
821 822 3
822 823 3
823 824 3
824 825 3
826 827 3
828 829 3
829 830 3
832 833 3
834 835 3
835 836 3
836 837 3
780 839 3
840 841 3
841 842 3
842 843 3
843 844 3
844 845 3
850 851 3
798 856 3
857 858 3
859 860 3
805 864 3
806 864 3
865 866 3
810 867 3
825 826 3
827 828 3
833 834 3
837 838 3
839 840 3
847 848 3
848 849 3
849 850 3
856 857 3
803 862 3
866 867 3
845 846 3
851 852 3
805 862 3
863 864 3
756 814 3
757 814 3
846 847 3
855 856 3
810 868 3
868 869 3
813 814 3
814 816 3
838 839 3
860 861 3
861 862 3
867 868 3
864 865 3
814 873 3
816 873 3
862 863 3
817 874 3
816 874 3
855 914 3
856 914 3
865 923 3
814 872 3
847 905 3
864 923 3
872 873 3
828 886 3
829 886 3
846 905 3
852 911 3
853 911 3
854 912 3
855 913 3
858 916 3
859 916 3
866 924 3
813 872 3
873 874 3
817 875 3
819 877 3
820 877 3
837 895 3
839 897 3
840 897 3
853 912 3
913 914 3
856 915 3
857 915 3
861 919 3
861 920 3
862 920 3
867 924 3
874 875 3
818 876 3
838 895 3
841 900 3
842 900 3
849 908 3
850 908 3
911 912 3
857 916 3
919 920 3
866 923 3
812 870 3
813 871 3
819 876 3
820 878 3
821 879 3
822 880 3
823 881 3
824 882 3
825 882 3
825 883 3
826 884 3
827 885 3
829 887 3
830 888 3
831 889 3
832 890 3
833 891 3
834 892 3
835 893 3
835 894 3
836 894 3
838 896 3
840 898 3
841 899 3
843 901 3
843 902 3
844 902 3
845 903 3
846 904 3
848 907 3
849 907 3
852 910 3
854 913 3
914 915 3
859 917 3
860 917 3
863 921 3
864 922 3
868 927 0
869 927 0
870 871 3
871 872 3
875 876 3
876 877 3
877 878 3
878 879 3
879 880 3
880 881 3
881 882 3
883 884 3
884 885 3
828 885 3
886 887 3
887 888 3
888 889 3
889 890 3
890 891 3
891 892 3
892 893 3
894 895 3
896 897 3
897 898 3
898 899 3
900 901 3
902 903 3
903 904 3
847 906 3
848 906 3
907 908 3
851 910 3
916 917 3
864 921 2
867 925 3
868 926 0
893 894 3
901 902 3
851 908 3
910 911 3
921 922 0
922 923 3
924 925 3
868 925 3
882 883 3
885 886 3
899 900 3
912 913 3
915 916 3
917 918 3
860 918 3
923 924 3
895 896 3
904 905 3
860 919 3
926 927 3
905 906 3
851 967 3
862 921 3
918 919 3
925 926 3
906 907 3
908 967 3
910 967 3
920 921 3
919 976 3
905 964 3
906 964 3
918 976 3
925 984 3
926 984 3
919 977 3
920 977 3
873 931 3
874 932 3
875 932 3
881 939 3
895 952 3
908 966 3
910 969 3
911 969 3
912 969 3
913 971 3
872 931 3
874 931 3
879 937 3
880 939 3
886 945 3
887 945 3
888 946 3
894 952 3
897 956 3
898 956 3
907 966 3
967 968 3
910 968 3
912 970 3
913 970 3
914 972 3
916 974 3
917 974 3
917 976 3
880 937 3
898 957 3
899 957 3
901 959 3
913 972 3
920 978 3
921 978 3
924 982 3
870 928 3
871 929 3
872 930 3
875 933 3
876 934 3
877 935 3
878 936 3
880 938 3
882 939 3
882 940 3
883 941 3
884 941 3
884 942 3
885 943 3
886 944 3
887 946 3
889 947 3
890 948 3
891 948 3
891 950 3
892 950 3
893 951 3
895 953 3
896 954 3
897 955 3
900 958 3
900 959 3
902 960 3
903 961 3
904 962 3
905 963 3
969 970 3
970 971 3
914 973 3
915 973 3
917 975 3
921 979 3
922 980 1
923 981 3
925 982 3
927 985 3
928 929 3
929 930 3
932 933 3
933 934 3
934 935 3
935 936 3
936 937 3
938 939 3
940 941 3
942 943 3
943 944 3
946 947 3
947 948 3
891 949 3
950 951 3
951 952 3
952 953 3
953 954 3
954 955 3
955 956 3
956 957 3
957 958 3
958 959 3
959 960 3
960 961 3
961 962 3
962 963 3
906 1023 3
907 1023 3
966 967 3
972 973 3
916 973 3
975 976 3
976 977 3
978 979 3
979 980 3
980 981 3
981 982 3
926 985 3
930 931 3
931 932 3
937 938 3
945 946 3
949 950 3
968 969 3
971 972 3
974 975 3
977 978 3
925 1041 3
939 940 3
944 945 3
948 949 3
963 964 3
973 974 3
982 1041 3
984 1041 3
984 985 3
941 942 3
964 1023 3
966 1023 3
973 1030 3
972 1029 3
972 1030 3
976 1034 3
971 1029 3
973 1031 3
975 1034 3
963 1021 3
962 1021 3
967 1026 3
968 1026 3
968 1027 3
969 1027 3
1030 1031 3
931 990 3
932 990 3
935 993 3
940 999 3
941 999 3
961 1018 3
976 1035 3
977 1035 3
978 1037 3
979 1037 3
934 992 3
936 993 3
942 999 3
945 1003 3
946 1003 3
946 1004 3
955 1013 3
957 1015 3
958 1015 3
958 1016 3
960 1018 3
966 1024 3
970 1027 3
970 1028 3
971 1028 3
1029 1030 3
974 1031 3
974 1032 3
933 990 3
933 991 3
933 992 3
934 993 3
937 996 3
938 996 3
943 1000 3
947 1004 3
954 1013 3
956 1013 3
959 1016 3
962 1020 3
967 1024 3
975 1032 3
984 1042 3
928 986 3
929 987 3
930 988 3
936 994 3
937 995 3
938 997 3
939 997 3
940 998 3
942 1000 3
943 1002 3
944 1002 3
1003 1004 3
947 1005 3
948 1006 3
949 1007 3
950 1008 3
951 1009 3
952 1009 3
952 1010 3
953 1011 3
954 1012 3
956 1014 3
956 1015 3
1015 1016 3
959 1017 3
959 1018 3
961 1020 3
964 1022 3
1023 1024 3
967 1025 3
1027 1028 3
1028 1029 3
975 1033 3
978 1035 3
978 1036 3
980 1038 3
981 1039 3
982 1040 3
1041 1042 3
985 1042 3
985 1043 3
986 987 3
987 988 3
931 988 3
991 992 3
992 993 3
993 994 3
994 995 3
995 996 3
997 998 3
1002 1003 3
1005 1006 3
1006 1007 3
1007 1008 3
1008 1009 3
1010 1011 3
1011 1012 3
1012 1013 3
1013 1014 3
1014 1015 3
1016 1017 3
1020 1021 3
1021 1022 3
1024 1025 3
1026 1027 3
1032 1033 3
1033 1034 3
1035 1036 3
1036 1037 3
1037 1038 3
1038 1039 3
1039 1040 3
1040 1041 3
1042 1043 3
990 991 3
998 999 3
1004 1005 3
1009 1010 3
1025 1026 3
1031 1032 3
1034 1035 3
988 990 3
1017 1018 3
996 997 3
999 1000 3
1018 1020 3
1022 1023 3
1000 1002 3
